$EXEC
$COMT
------------------------------------------------------------------------
-                                                                      -
-                       CESAR-LCPC Version 4.1.x                       -
-                                                                      -
-                                                                      -
-                                                                      -
-  Nom du MAILLAGE : carre                                             -
-  Nom du CALCUL   : calcu                                             -
-                                                                      -
-  Familles        : 1                                                 -
-                                                                      -
-  Module          : MCNL                                              -
-                                                                      -
-   .   113 noeuds                                                  -
-   .   1 groupe                                                  -
-   .   266 elements                                                -
-   .   266 elements tedraedres                         -
-   .   0 elements d'interface 3D                          -
-                                                                      -
------------------------------------------------------------------------
COOR
  2 0
113 3
           0            1            1          0.2            1            1            0          0.8            1            0            1          0.8 
     0.21795            1      0.78205            0      0.78205      0.78205      0.21795      0.78205            1          0.4            1            1 
           0          0.6            1            0            1          0.6          0.5            1      0.79229      0.20771            1          0.5 
           0          0.5      0.79229          0.5      0.79229            1            0      0.79229          0.5      0.20771          0.5            1 
         0.6            1            1            0          0.4            1            0            1          0.4       0.4905      0.87243      0.53162 
     0.12616      0.49348        0.517      0.60619       0.6058       0.6871          0.8            1            1            0          0.2            1 
           0            1          0.2      0.33743      0.66312      0.34778      0.78205            1      0.78205      0.21795            1      0.21795 
           0      0.21795      0.78205            0      0.78205      0.21795      0.78205      0.78205            1      0.21795      0.21795            1 
     0.46711      0.25211      0.68789          0.5            1      0.20771            0          0.5      0.20771            0      0.20771          0.5 
         0.5      0.20771            1      0.79229          0.5            1      0.79229            1          0.5            0            1            0 
           0            0            1            1            1            1          0.2            1            0            0          0.8            0 
         0.2            0            1            1          0.8            1            0            0          0.8            1            1          0.8 
     0.62874       0.4065      0.41141      0.21795      0.78205            0      0.21795            0      0.78205            1      0.78205      0.78205 
         0.4            1            0            0          0.6            0          0.4            0            1            1          0.6            1 
           0            0          0.6            1            1          0.6            0      0.21795      0.21795      0.78205      0.21795            1 
     0.78205            1      0.21795          0.5      0.79229            0      0.20771          0.5            0          0.5            0      0.79229 
     0.20771            0          0.5            1          0.5      0.79229            1      0.79229          0.5          0.6            1            0 
           0          0.4            0          0.6            0            1            1          0.4            1            0            0          0.4 
           1            1          0.4      0.53981      0.44505      0.11727      0.56853      0.11128      0.43147      0.88872      0.43147      0.43147 
         0.8            1            0            0          0.2            0          0.8            0            1            1          0.2            1 
           0            0          0.2            1            1          0.2      0.78205      0.78205            0      0.21795      0.21795            0 
     0.78205            0      0.78205      0.21795            0      0.21795            1      0.21795      0.78205            1      0.78205      0.21795 
         0.5      0.20771            0      0.79229          0.5            0          0.5            0      0.20771      0.79229            0          0.5 
           1          0.5      0.20771            1      0.20771          0.5            0            0            0            1            1            0 
           1            0            1          0.2            0            0            1          0.8            0            1            0          0.8 
         0.4            0            0            1          0.6            0            1            0          0.6      0.78205      0.21795            0 
     0.78205            0      0.21795            1      0.21795      0.21795          0.6            0            0            1          0.4            0 
           1            0          0.4          0.8            0            0            1          0.2            0            1            0          0.2 
           1            0            0 
ELEM
 2 0
266 1
1 5 9 13 17 21 25 29 33 37 41 45 49 53 57 61 65 69 73 77 81 85 89 93 97 
101 105 109 113 117 121 125 129 133 137 141 145 149 153 157 161 165 169 173 177 181 185 189 193 
197 201 205 209 213 217 221 225 229 233 237 241 245 249 253 257 261 265 269 273 277 281 285 289 
293 297 301 305 309 313 317 321 325 329 333 337 341 345 349 353 357 361 365 369 373 377 381 385 
389 393 397 401 405 409 413 417 421 425 429 433 437 441 445 449 453 457 461 465 469 473 477 481 
485 489 493 497 501 505 509 513 517 521 525 529 533 537 541 545 549 553 557 561 565 569 573 577 
581 585 589 593 597 601 605 609 613 617 621 625 629 633 637 641 645 649 653 657 661 665 669 673 
677 681 685 689 693 697 701 705 709 713 717 721 725 729 733 737 741 745 749 753 757 761 765 769 
773 777 781 785 789 793 797 801 805 809 813 817 821 825 829 833 837 841 845 849 853 857 861 865 
869 873 877 881 885 889 893 897 901 905 909 913 917 921 925 929 933 937 941 945 949 953 957 961 
965 969 973 977 981 985 989 993 997 1001 1005 1009 1013 1017 1021 1025 1029 1033 1037 1041 1045 1049 1053 1057 
1061 1065 
 68 53 62 34  71 56 66 38  9 18 13 16  55 70 64 37  17 8 11 14 
 58 73 67 39  54 69 63 35  57 72 36 65  103 109 92 94  10 19 12 15 
 101 107 89 91  102 108 93 90  95 98 78 81  96 99 82 77  113 110 112 111 
 40 43 25 44  97 79 80 100  1 3 4 2  42 23 48 46  41 45 47 24 
 102 99 83 88  103 100 87 85  10 4 6 5  57 47 51 29  58 48 27 52 
 9 3 7 6  98 101 84 86  78 69 59 84  110 107 105 104  43 53 28 50 
 79 70 60 85  73 82 88 61  72 81 59 86  109 112 105 106  19 25 28 30 
 71 80 60 87  108 111 106 104  54 44 30 50  55 45 32 51  68 77 61 83 
 46 56 31 52  18 24 29 32  8 2 5 7  17 23 31 27  83 99 77 61 
 88 82 99 61  59 81 78 84  105 112 110 106  28 25 43 50  60 80 79 87 
 111 104 110 106  112 106 111 110  25 30 44 50  24 32 45 29  81 86 98 84 
 82 61 77 99  6 4 3 7  84 78 98 81  87 100 80 79  27 48 23 31 
 7 3 2 4  51 47 45 29  44 50 43 25  48 52 46 31  47 29 24 45 
 100 85 79 87  4 5 2 7  46 31 23 48  105 110 104 106  99 83 88 61 
 81 59 86 84  48 27 52 31  45 32 51 29  60 79 85 87  4 6 5 7 
 25 28 30 50  8 11 14 7  109 92 94 105  53 62 34 50  18 13 16 29 
 69 63 35 59  107 89 91 105  56 66 38 52  73 67 39 88  19 12 15 28 
 70 64 37 85  72 36 65 59  108 93 90 106  11 17 14 31  92 103 94 87 
 62 68 34 83  13 9 16 7  63 54 35 30  89 101 91 86  66 71 38 87 
 67 58 39 27  12 10 15 6  64 55 37 51  36 57 65 51  93 102 90 83 
 11 8 5 7  89 107 104 105  34 68 61 83  31 56 38 52  9 13 6 7 
 17 11 27 31  63 69 84 59  38 71 60 87  50 54 63 30  52 58 67 27 
 29 57 36 51  32 18 16 29  85 103 92 87  5 10 12 6  104 108 90 106 
 106 109 94 105  30 19 15 28  86 72 65 59  61 73 39 88  37 55 32 51 
 101 89 84 86  102 93 88 83  53 34 28 50  70 37 60 85  32 51 29 33 
 104 105 106 49  59 86 84 49  6 5 7 33  27 52 31 22  28 30 50 26 
 83 88 61 26  85 60 87 33  63 84 89 49  36 59 35 26  67 88 93 49 
 12 28 34 26  92 105 91 49  38 60 37 33  104 90 89 49  106 94 93 49 
 30 15 35 26  86 65 91 49  61 39 34 26  31 38 14 22  90 83 62 26 
 94 87 66 22  15 6 13 33  65 51 64 33  39 27 11 22  16 7 14 33 
 50 63 62 26  52 67 66 22  29 36 13 33  32 16 37 33  85 92 64 33 
 5 12 11 22  11 14 7 22  12 15 28 26  35 63 30 26  14 11 31 22 
 63 35 59 26  15 12 6 33  38 66 87 22  62 34 50 26  36 65 59 26 
 66 38 52 22  34 62 83 26  65 36 51 33  92 94 105 49  64 37 85 33 
 91 89 86 49  89 91 105 49  37 64 51 33  94 92 87 22  13 16 29 33 
 93 90 106 49  39 67 27 22  67 39 88 49  16 13 7 33  90 93 83 49 
 5 11 7 22  15 30 28 26  63 50 30 26  13 6 7 33  89 84 86 49 
 92 85 87 33  61 34 83 26  39 61 88 26  36 29 51 33  90 104 106 49 
 84 63 59 49  34 28 50 26  65 86 59 49  104 89 105 49  67 52 27 22 
 11 27 31 22  12 5 6 33  93 88 83 49  16 32 29 33  32 37 51 33 
 38 31 52 22  60 38 87 33  94 106 105 49  37 60 85 33  12 15 26 33 
 92 94 49 22  65 36 33 26  39 67 22 49  34 12 26 20  34 12 20 11 
 12 20 11 22  20 11 22 39  20 11 39 34  22 20 39 26  22 20 26 12 
 39 20 34 26  15 35 26 21  15 35 21 13  21 15 13 33  13 21 33 36 
 13 21 36 35  21 33 36 26  21 33 26 15  21 36 35 26  63 62 26 74 
 63 62 74 89  74 63 89 49  89 74 49 90  89 74 90 62  74 49 90 26 
 74 49 26 63  74 90 62 26  64 65 33 75  64 65 75 91  65 75 91 49 
 75 91 49 92  75 91 92 64  49 75 92 33  49 75 33 65  92 75 64 33 
 38 14 22 33  67 66 22 76  67 66 76 93  76 67 93 49  93 76 49 94 
 93 76 94 66  76 49 94 22  76 49 22 67  76 94 66 22  16 37 33 14 
 14 7 22 33  83 90 49 26  49 26 63 59  39 22 26 49  22 26 49 33 
 22 26 33 12  26 49 33 65  49 22 33 92  22 38 33 87  37 38 33 14 
 5 12 22 33  7 5 22 33  88 83 49 26  33 22 87 92  49 26 59 65 
 49 88 26 39 
  MTT4   MTT4   MTT4   MTT4   MTT4   MTT4   MTT4   MTT4   MTT4   MTT4   MTT4   MTT4   MTT4   MTT4   MTT4   MTT4   MTT4   MTT4   MTT4   MTT4   MTT4   MTT4   MTT4   MTT4 
  MTT4   MTT4   MTT4   MTT4   MTT4   MTT4   MTT4   MTT4   MTT4   MTT4   MTT4   MTT4   MTT4   MTT4   MTT4   MTT4   MTT4   MTT4   MTT4   MTT4   MTT4   MTT4   MTT4   MTT4 
  MTT4   MTT4   MTT4   MTT4   MTT4   MTT4   MTT4   MTT4   MTT4   MTT4   MTT4   MTT4   MTT4   MTT4   MTT4   MTT4   MTT4   MTT4   MTT4   MTT4   MTT4   MTT4   MTT4   MTT4 
  MTT4   MTT4   MTT4   MTT4   MTT4   MTT4   MTT4   MTT4   MTT4   MTT4   MTT4   MTT4   MTT4   MTT4   MTT4   MTT4   MTT4   MTT4   MTT4   MTT4   MTT4   MTT4   MTT4   MTT4 
  MTT4   MTT4   MTT4   MTT4   MTT4   MTT4   MTT4   MTT4   MTT4   MTT4   MTT4   MTT4   MTT4   MTT4   MTT4   MTT4   MTT4   MTT4   MTT4   MTT4   MTT4   MTT4   MTT4   MTT4 
  MTT4   MTT4   MTT4   MTT4   MTT4   MTT4   MTT4   MTT4   MTT4   MTT4   MTT4   MTT4   MTT4   MTT4   MTT4   MTT4   MTT4   MTT4   MTT4   MTT4   MTT4   MTT4   MTT4   MTT4 
  MTT4   MTT4   MTT4   MTT4   MTT4   MTT4   MTT4   MTT4   MTT4   MTT4   MTT4   MTT4   MTT4   MTT4   MTT4   MTT4   MTT4   MTT4   MTT4   MTT4   MTT4   MTT4   MTT4   MTT4 
  MTT4   MTT4   MTT4   MTT4   MTT4   MTT4   MTT4   MTT4   MTT4   MTT4   MTT4   MTT4   MTT4   MTT4   MTT4   MTT4   MTT4   MTT4   MTT4   MTT4   MTT4   MTT4   MTT4   MTT4 
  MTT4   MTT4   MTT4   MTT4   MTT4   MTT4   MTT4   MTT4   MTT4   MTT4   MTT4   MTT4   MTT4   MTT4   MTT4   MTT4   MTT4   MTT4   MTT4   MTT4   MTT4   MTT4   MTT4   MTT4 
  MTT4   MTT4   MTT4   MTT4   MTT4   MTT4   MTT4   MTT4   MTT4   MTT4   MTT4   MTT4   MTT4   MTT4   MTT4   MTT4   MTT4   MTT4   MTT4   MTT4   MTT4   MTT4   MTT4   MTT4 
  MTT4   MTT4   MTT4   MTT4   MTT4   MTT4   MTT4   MTT4   MTT4   MTT4   MTT4   MTT4   MTT4   MTT4   MTT4   MTT4   MTT4   MTT4   MTT4   MTT4   MTT4   MTT4   MTT4   MTT4 
  MTT4   MTT4 
 1  1  1  1  1  1  1  1  1  1  1  1  1  1  1  1  1  1  1  1  1  1  1  1  1  1  1  1  1  1  1  1  1  1  1  1  1  1  1  1  1  1  1  1  1  1  1  1  1  1  1  1  1  1 
 1  1  1  1  1  1  1  1  1  1  1  1  1  1  1  1  1  1  1  1  1  1  1  1  1  1  1  1  1  1  1  1  1  1  1  1  1  1  1  1  1  1  1  1  1  1  1  1  1  1  1  1  1  1 
 1  1  1  1  1  1  1  1  1  1  1  1  1  1  1  1  1  1  1  1  1  1  1  1  1  1  1  1  1  1  1  1  1  1  1  1  1  1  1  1  1  1  1  1  1  1  1  1  1  1  1  1  1  1 
 1  1  1  1  1  1  1  1  1  1  1  1  1  1  1  1  1  1  1  1  1  1  1  1  1  1  1  1  1  1  1  1  1  1  1  1  1  1  1  1  1  1  1  1  1  1  1  1  1  1  1  1  1  1 
 1  1  1  1  1  1  1  1  1  1  1  1  1  1  1  1  1  1  1  1  1  1  1  1  1  1  1  1  1  1  1  1  1  1  1  1  1  1  1  1  1  1  1  1  1  1  1  1  1  1 
Beton Fiss
12     0.     35000.    0.2
4.     0.
COND
2
NUL
2
28
1 3 4 6 9 10 13 15 18 19 24 25 29 30 35 36 40 41 44 47 54 57 59 69 72 78 81 95 
1
2
28
41 45 47 51 55 57 64 65 70 72 79 81 85 86 91 92 95 97 98 100 101 103 105 107 109 110 112 113 
2
2
28
40 43 44 50 53 54 62 63 68 69 77 78 83 84 89 90 95 96 98 99 101 102 104 107 108 110 111 113 
3
0
IMP
2 
28
42 46 48 52 56 58 66 67 71 73 80 82 87 88 93 94 96 97 99 100 102 103 106 108 109 111 112 113 
1
       7.e-7        7.e-7        7.e-7        7.e-7        7.e-7        7.e-7        7.e-7        7.e-7        7.e-7        7.e-7        7.e-7        7.e-7        7.e-7        7.e-7        7.e-7        7.e-7        7.e-7        7.e-7        7.e-7        7.e-7        7.e-7        7.e-7        7.e-7        7.e-7        7.e-7        7.e-7        7.e-7        7.e-7 
0
MCNL
2
568 500 0.0001
1
0  
  1   2   3   4   5   6   7   8   9  10  11  12  13  14  15  16  17 
  18  19  20 21  22  23  24  25  26  27  28  29  30  31  32  33  34 
  35  36  37  38  39  40 41  42  43  44  45  46  47  48  49  50  51 
  52  53  54  55  56  57  58  59  60 61  62  63  64  65  66  67  68 
  69  70  71  72  73  74  75  76  77  78  79  80 81  82  83  84  85 
  86  87  88  89  90  91  92  93  94  95  96  97  98  99 100 101 102 
  103 104 105 106 107 108 109 110 111 112 113 114 115 116 117 118 
  119 120 121 122 123 124 125 126 127 128 129 130 131 132 133 134 
  135 136 137 138 139 140 141 142 143 144 145 146 147 148 149 150 
  151 152 153 154 155 156 157 158 159 160 161 162 163 164 165 166 
  167 168 169 170 171 172 173 174 175 176 177 178 179 180 181 182 
  183 184 185 186 187 188 189 190 191 192 193 194 195 196 197 198 
  199 200 201 202 203 204 205 206 207 208 209 210 211 212 213 214 
  215 216 217 218 219 220 221 222 223 224 225 226 227 228 229 230 
  231 232 233 234 235 236 237 238 239 240 241 242 243 244 245 246 
  247 248 249 250 251 252 253 254 255 256 257 258 259 260 261 262 
  263 264 265 266 267 268 269 270 271 272 273 274 275 276 277 278 
  279 280 281 282 283 284 285 286 287 288 289 290 291 292 293 294 
  295 296 297 298 299 300 301 302 303 304 305 306 307 308 309 310 
  311 312 313 314 315 316 317 318 319 320 321 322 323 324 325 326 
  327 328 329 330 331 332 333 334 335 336 337 338 339 340 341 342 
  343 344 345 346 347 348 349 350 351 352 353 354 355 356 357 358 
  359 360 361 362 363 364 365 366 367 368 369 370 371 372 373 374 
  375 376 377 378 379 380 381 382 383 384 385 386 387 388 389 390 
  391 392 393 394 395 396 397 398 399 400 402 404 406 408 410 412 
  414 416 418 420 422 424 426 428 430 432 434 436 438 440 442 444 
  446 448 450 452 454 456 458 460 462 464 466 468 470 472 474 476 
  478 480 482 484 486 488 490 492 494 496 498 500 502 504 506 508 
  510 512 514 516 518 520 522 524 526 528 530 532 534 536 538 540 
  542 544 546 548 550 552 554 556 558 560 565 570 575 580 585 590 
  595 600 605 610 615 620 625 630 635 640 645 650 655 660 665 670 
  675 680 685 690 695 700 705 710 715 720 725 730 735 740 745 750 
  755 760 765 770 775 780 785 790 795 800 805 810 815 820 825 830 
  835 840 845 850 855 860 865 870 875 880 885 890 895 900 905 910 
  915 920 925 930 935 940 945 950 955 960 965 970 975 980 985 990 
  995 1000 
PROB
55.  0.016
2
module
1
1   1   2
35000.  0.
resistance
1
1  2  0
