$EXEC
$COMT
------------------------------------------------------------------------
-                                                                      -
-                       CESAR-LCPC Version 4.1.x                       -
-                                                                      -
-                                                                      -
-                                                                      -
-  Nom du MAILLAGE : carre                                             -
-  Nom du CALCUL   : calcu                                             -
-                                                                      -
-  Familles        : 1                                                 -
-                                                                      -
-  Module          : MCNL                                              -
-                                                                      -
-   .   270 noeuds                                                  -
-   .   2 groupe                                                  -
-   .   341 elements                                                -
-   .   0 elements tedraedres                         -
-   .   340 elements d'interface 3D                          -
-                                                                      -
------------------------------------------------------------------------
COOR
  2 0
270 3
           1            1            3            1            1            2            1            0            3            0            1            3 
           1            0            2            0            1            2            0            0            3            1            1          1.5 
           1          0.5       1.5176            0            0            2            1       0.7125       1.2337            0            1          1.5 
           1            0          1.5            1        0.875       1.1769            0          0.5       1.5176            1          0.5       1.2077 
           1       0.2875       1.2337            1            1            1            1          0.8            1            1        0.125       1.1769 
           1          0.6            1            0       0.7125       1.2337            0            0          1.5            0        0.875       1.1769 
           1          0.4            1            0          0.5       1.2077            0       0.2875       1.2337            1          0.2            1 
           1            0            1            0            1            1      0.52787            1      0.81381            0          0.8            1 
     0.52787          0.8      0.81381      0.80771            1      0.75491            0        0.125       1.1769      0.80771          0.8      0.75491 
           0          0.6            1      0.52787          0.6      0.81381      0.80771          0.6      0.75491            0          0.4            1 
     0.52787          0.4      0.81381      0.80771          0.4      0.75491      0.63722            1      0.67488      0.26043            1      0.76159 
     0.63722          0.8      0.67488      0.26043          0.8      0.76159      0.46186            1      0.69146            0          0.2            1 
     0.52787          0.2      0.81381      0.46186          0.8      0.69146            1            1      0.61611      0.63722          0.6      0.67488 
     0.80771          0.2      0.75491      0.26043          0.6      0.76159      0.79941            1      0.61669            1          0.8      0.61611 
     0.79941          0.8      0.61669      0.46186          0.6      0.69146      0.10251            1      0.75947            1          0.6      0.61611 
     0.10251          0.8      0.75947      0.79941          0.6      0.61669      0.63722          0.4      0.67488      0.26043          0.4      0.76159 
     0.46186          0.4      0.69146      0.10251          0.6      0.75947            0            0            1      0.52787            0      0.81381 
           1          0.4      0.61611      0.51915            1      0.58633      0.68099            1      0.55851      0.80771            0      0.75491 
     0.79941          0.4      0.61669      0.51915          0.8      0.58633      0.68099          0.8      0.55851      0.63722          0.2      0.67488 
     0.10251          0.4      0.75947      0.26043          0.2      0.76159      0.51915          0.6      0.58633      0.68099          0.6      0.55851 
     0.46186          0.2      0.69146      0.16737            1      0.63167            1          0.2      0.61611      0.16737          0.8      0.63167 
     0.79941          0.2      0.61669      0.51915          0.4      0.58633      0.68099          0.4      0.55851      0.31901            1      0.55851 
     0.84511            1      0.46268      0.16737          0.6      0.63167      0.31901          0.8      0.55851      0.10251          0.2      0.75947 
     0.84511          0.8      0.46268      0.63722            0      0.67488      0.26043            0      0.76159      0.31901          0.6      0.55851 
     0.46186            0      0.69146      0.84511          0.6      0.46268      0.16737          0.4      0.63167            1            0      0.61611 
           0            1      0.61611      0.51915          0.2      0.58633      0.68099          0.2      0.55851      0.79941            0      0.61669 
           0          0.8      0.61611      0.31901          0.4      0.55851      0.84511          0.4      0.46268      0.10251            0      0.75947 
           0          0.6      0.61611      0.47066            1       0.4319      0.47066          0.8       0.4319      0.16737          0.2      0.63167 
           1            1      0.36019            1          0.8      0.36019      0.47066          0.6       0.4319            0          0.4      0.61611 
     0.51915            0      0.58633      0.68099            0      0.55851      0.31901          0.2      0.55851      0.68813            1      0.35571 
     0.84511          0.2      0.46268      0.15028            1      0.47014            1          0.6      0.36019      0.68813          0.8      0.35571 
     0.15028          0.8      0.47014      0.47066          0.4       0.4319      0.68813          0.6      0.35571      0.15028          0.6      0.47014 
     0.16737            0      0.63167            0          0.2      0.61611            1          0.4      0.36019       0.8622            1      0.27963 
     0.28239            1      0.37203      0.31901            0      0.55851      0.68813          0.4      0.35571       0.8622          0.8      0.27963 
     0.28239          0.8      0.37203      0.84511            0      0.46268      0.15028          0.4      0.47014      0.47066          0.2       0.4319 
      0.8622          0.6      0.27963      0.28239          0.6      0.37203            1          0.2      0.36019            0            0      0.61611 
     0.68813          0.2      0.35571      0.15028          0.2      0.47014       0.8622          0.4      0.27963      0.28239          0.4      0.37203 
     0.47066            0       0.4319            1            1      0.18957            1          0.8      0.18957            1            0      0.36019 
           0            1      0.36019      0.49581            1      0.21923            0          0.8      0.36019      0.74563            1      0.17932 
     0.49581          0.8      0.21923            1          0.6      0.18957       0.8622          0.2      0.27963      0.74563          0.8      0.17932 
     0.28239          0.2      0.37203      0.68813            0      0.35571      0.15028            0      0.47014            0          0.6      0.36019 
     0.13288            1      0.28235      0.49581          0.6      0.21923      0.13288          0.8      0.28235      0.74563          0.6      0.17932 
     0.88962            1       0.1298            1          0.4      0.18957      0.88962          0.8       0.1298      0.13288          0.6      0.28235 
           0          0.4      0.36019      0.49581          0.4      0.21923      0.74563          0.4      0.17932      0.88962          0.6       0.1298 
      0.8622            0      0.27963      0.28239            0      0.37203      0.13288          0.4      0.28235      0.25437            1      0.17932 
           1          0.2      0.18957            1            1     0.075829      0.25437          0.8      0.17932            1          0.8     0.075829 
           0          0.2      0.36019      0.88962          0.4       0.1298      0.49581          0.2      0.21923      0.74563          0.2      0.17932 
     0.25437          0.6      0.17932      0.92241            1     0.051407            1          0.6     0.075829      0.92241          0.8     0.051407 
     0.13288          0.2      0.28235      0.92241          0.6     0.051407      0.25437          0.4      0.17932      0.88962          0.2       0.1298 
           1            0      0.18957            0            1      0.18957            1          0.4     0.075829            0          0.8      0.18957 
           0            0      0.36019      0.49581            0      0.21923            1            1            0      0.74563            0      0.17932 
     0.10956            1      0.13025            1          0.8            0          0.8            1            0            0          0.6      0.18957 
     0.92241          0.4     0.051407      0.10956          0.8      0.13025          0.8          0.8            0      0.13288            0      0.28235 
     0.25437          0.2      0.17932            1          0.6            0          0.6            1            0      0.10956          0.6      0.13025 
           1          0.2     0.075829          0.8          0.6            0          0.6          0.8            0      0.88962            0       0.1298 
           0          0.4      0.18957          0.6          0.6            0      0.92241          0.2     0.051407            1          0.4            0 
         0.4            1            0      0.10956          0.4      0.13025          0.4          0.8            0          0.8          0.4            0 
     0.25437            0      0.17932          0.4          0.6            0          0.6          0.4            0            0          0.2      0.18957 
    0.077389            1     0.051521            1            0     0.075829            0            1     0.075829     0.077389          0.8     0.051521 
           0          0.8     0.075829          0.2            1            0            1          0.2            0      0.10956          0.2      0.13025 
         0.2          0.8            0          0.8          0.2            0      0.92241            0     0.051407     0.077389          0.6     0.051521 
           0          0.6     0.075829          0.4          0.4            0          0.2          0.6            0          0.6          0.2            0 
           0            0      0.18957     0.077389          0.4     0.051521            0          0.4     0.075829            1            0            0 
           0            1            0          0.2          0.4            0          0.4          0.2            0      0.10956            0      0.13025 
           0          0.8            0          0.8            0            0            0          0.6            0          0.6            0            0 
    0.077389          0.2     0.051521            0          0.2     0.075829          0.2          0.2            0            0          0.4            0 
         0.4            0            0     0.077389            0     0.051521            0            0     0.075829          0.2            0            0 
           0          0.2            0            0            0            0 
ELEM
 2 0
341 2
1 7 13 19 25 31 37 43 49 55 61 67 73 79 85 91 97 103 109 115 121 127 133 139 145 
151 157 163 169 175 181 187 193 199 205 211 217 223 229 235 241 247 253 259 265 271 277 283 289 
295 301 307 313 319 325 331 337 343 349 355 361 367 373 379 385 391 397 403 409 415 421 427 433 
439 445 451 457 463 469 475 481 487 493 499 505 511 517 523 529 535 541 547 553 559 565 571 577 
583 589 595 601 607 613 619 625 631 637 643 649 655 661 667 673 679 685 691 697 703 709 715 721 
727 733 739 745 751 757 763 769 775 781 787 793 799 805 811 817 823 829 835 841 847 853 859 865 
871 877 883 889 895 901 907 913 919 925 931 937 943 949 955 961 967 973 979 985 991 997 1003 1009 
1015 1021 1027 1033 1039 1045 1051 1057 1063 1069 1075 1081 1087 1093 1099 1105 1111 1117 1123 1129 1135 1141 1147 1153 
1159 1165 1171 1177 1183 1189 1195 1201 1207 1213 1219 1225 1231 1237 1243 1249 1255 1261 1267 1273 1279 1285 1291 1297 
1303 1309 1315 1321 1327 1333 1339 1345 1351 1357 1363 1369 1375 1381 1387 1393 1399 1405 1411 1417 1423 1429 1435 1441 
1447 1453 1459 1465 1471 1477 1483 1489 1495 1501 1507 1513 1519 1525 1531 1537 1543 1549 1555 1561 1567 1573 1579 1585 
1591 1597 1603 1609 1615 1621 1627 1633 1639 1645 1651 1657 1663 1669 1675 1681 1687 1693 1699 1705 1711 1717 1723 1729 
1735 1741 1747 1753 1759 1765 1771 1777 1783 1789 1795 1801 1807 1813 1819 1825 1831 1837 1843 1849 1855 1861 1867 1873 
1879 1885 1891 1897 1903 1909 1915 1921 1927 1933 1939 1945 1951 1957 1963 1969 1975 1981 1987 1993 1999 2005 2011 2017 
2023 2029 2035 2041 2049 
 270 267 266 269 262 261  269 262 261 264 251 250  264 251 250 259 245 244  259 245 244 257 237 236  257 237 236 253 235 233 
 234 252 243 217 239 223  217 239 223 199 224 209  199 224 209 191 214 194  191 214 194 184 206 192  184 206 192 182 203 190 
 266 267 256 261 262 240  261 262 240 250 251 226  250 251 226 244 245 216  244 245 216 236 237 210  236 237 210 233 235 205 
 270 266 268 269 261 263  269 261 263 264 250 254  264 250 254 259 244 247  259 244 247 257 236 241  257 236 241 253 233 238 
 243 252 258 223 239 242  223 239 242 209 224 228  209 224 228 194 214 218  194 214 218 192 206 211  192 206 211 190 203 207 
 234 243 220 217 223 196  217 223 196 199 209 186  199 209 186 191 194 176  191 194 176 184 192 171  184 192 171 182 190 169 
 256 267 249 240 262 232  240 262 232 226 251 221  226 251 221 216 245 208  216 245 208 210 237 200  210 237 200 205 235 198 
 256 249 212 240 232 193  240 232 193 226 221 179  226 221 179 216 208 172  216 208 172 210 200 167  210 200 167 205 198 165 
 266 256 268 261 240 263  261 240 263 250 226 254  250 226 254 244 216 247  244 216 247 236 210 241  236 210 241 233 205 238 
 220 243 258 196 223 242  196 223 242 186 209 228  186 209 228 176 194 218  176 194 218 171 192 211  171 192 211 169 190 207 
 234 220 197 217 196 181  217 196 181 199 186 170  199 186 170 191 176 158  191 176 158 184 171 151  184 171 151 182 169 150 
 197 220 177 181 196 159  181 196 159 170 186 147  170 186 147 158 176 141  158 176 141 151 171 136  151 171 136 150 169 132 
 212 249 201 193 232 185  193 232 185 179 221 173  179 221 173 172 208 164  172 208 164 167 200 155  167 200 155 165 198 153 
 256 212 229 240 193 213  240 193 213 226 179 195  226 179 195 216 172 189  216 172 189 210 167 183  210 167 183 205 165 180 
 177 220 204 159 196 188  159 196 188 147 186 175  147 186 175 141 176 168  141 176 168 136 171 160  136 171 160 132 169 156 
 197 177 152 181 159 143  181 159 143 170 147 131  170 147 131 158 141 123  158 141 123 151 136 114  151 136 114 150 132 113 
 212 201 163 193 185 146  193 185 146 179 173 139  179 173 139 172 164 128  172 164 128 167 155 125  167 155 125 165 153 122 
 152 177 138 143 159 121  143 159 121 131 147 107  131 147 107 123 141 98  123 141 98 114 136 93  114 136 93 113 132 89 
 229 212 178 213 193 161  213 193 161 195 179 148  195 179 148 189 172 142  189 172 142 183 167 137  183 167 137 180 165 133 
 256 229 268 240 213 263  240 213 263 226 195 254  226 195 254 216 189 247  216 189 247 210 183 241  210 183 241 205 180 238 
 204 220 258 188 196 242  188 196 242 175 186 228  175 186 228 168 176 218  168 176 218 160 171 211  160 171 211 156 169 207 
 177 204 162 159 188 145  159 188 145 147 175 135  147 175 135 141 168 127  141 168 127 136 160 124  136 160 124 132 156 120 
 163 201 144 146 185 130  146 185 130 139 173 116  139 173 116 128 164 109  128 164 109 125 155 105  125 155 105 122 153 101 
 212 163 178 193 146 161  193 146 161 179 139 148  179 139 148 172 128 142  172 128 142 167 125 137  167 125 137 165 122 133 
 178 163 134 161 146 119  161 146 119 148 139 106  148 139 106 142 128 96  142 128 96 137 125 91  137 125 91 133 122 88 
 138 177 162 121 159 145  121 159 145 107 147 135  107 147 135 98 141 127  98 141 127 93 136 124  93 136 124 89 132 120 
 138 162 118 121 145 103  121 145 103 107 135 87  107 135 87 98 127 80  98 127 80 93 124 75  93 124 75 89 120 71 
 152 138 100 143 121 83  143 121 83 131 107 69  131 107 69 123 98 60  123 98 60 114 93 56  114 93 56 113 89 51 
 268 229 265 263 213 255  263 213 255 254 195 246  254 195 246 247 189 230  247 189 230 241 183 227  241 183 227 238 180 225 
 204 258 260 188 242 248  188 242 248 175 228 231  175 228 231 168 218 222  168 218 222 160 211 219  160 211 219 156 207 215 
 134 163 129 119 146 112  119 146 112 106 139 99  106 139 99 96 128 90  96 128 90 91 125 84  91 125 84 88 122 82 
 178 134 149 161 119 140  161 119 140 148 106 126  148 106 126 142 96 115  142 96 115 137 91 111  137 91 111 133 88 110 
 118 162 149 103 145 140  103 145 140 87 135 126  87 135 126 80 127 115  80 127 115 75 124 111  75 124 111 71 120 110 
 138 118 104 121 103 85  121 103 85 107 87 73  107 87 73 98 80 62  98 80 62 93 75 57  93 75 57 89 71 55 
 229 178 202 213 161 187  213 161 187 195 148 174  195 148 174 189 142 166  189 142 166 183 137 157  183 137 157 180 133 154 
 162 204 202 145 188 187  145 188 187 135 175 174  135 175 174 127 168 166  127 168 166 124 160 157  124 160 157 120 156 154 
 129 163 144 112 146 130  112 146 130 99 139 116  99 139 116 90 128 109  90 128 109 84 125 105  84 125 105 82 122 101 
 129 144 108 112 130 92  112 130 92 99 116 77  99 116 77 90 109 66  90 109 66 84 105 61  84 105 61 82 101 59 
 108 144 67 92 130 48  92 130 48 77 116 40  77 116 40 66 109 37  66 109 37 61 105 32  61 105 32 59 101 30 
 129 108 95 112 92 78  112 92 78 99 77 64  99 77 64 90 66 54  90 66 54 84 61 46  84 61 46 82 59 44 
 108 67 95 92 48 78  92 48 78 77 40 64  77 40 64 66 37 54  66 37 54 61 32 46  61 32 46 59 30 44 
 95 97 134 78 81 119  78 81 119 64 65 106  64 65 106 54 58 96  54 58 96 46 50 91  46 50 91 44 47 88 
 149 134 117 140 119 102  140 119 102 126 106 86  126 106 86 115 96 79  115 96 79 111 91 74  111 91 74 110 88 70 
 104 118 94 85 103 76  85 103 76 73 87 63  73 87 63 62 80 52  62 80 52 57 75 45  57 75 45 55 71 43 
 178 149 202 161 140 187  161 140 187 148 126 174  148 126 174 142 115 166  142 115 166 137 111 157  137 111 157 133 110 154 
 202 149 162 187 140 145  187 140 145 174 126 135  174 126 135 166 115 127  166 115 127 157 111 124  157 111 124 154 110 120 
 138 104 100 121 85 83  121 85 83 107 73 69  107 73 69 98 62 60  98 62 60 93 57 56  93 57 56 89 55 51 
 100 104 72 83 85 53  83 85 53 69 73 42  69 73 42 60 62 39  60 62 39 56 57 36  56 57 36 51 55 34 
 72 94 68 53 76 49  53 76 49 42 63 41  42 63 41 39 52 38  39 52 38 36 45 33  36 45 33 34 43 31 
 100 72 29 83 53 28  83 53 28 69 42 25  69 42 25 60 39 21  60 39 21 56 36 19  56 36 19 51 34 18 
 29 72 68 28 53 49  28 53 49 25 42 41  25 42 41 21 39 38  21 39 38 19 36 33  19 36 33 18 34 31 
 229 202 265 213 187 255  213 187 255 195 174 246  195 174 246 189 166 230  189 166 230 183 157 227  183 157 227 180 154 225 
 72 104 94 53 85 76  53 85 76 42 73 63  42 73 63 39 62 52  39 62 52 36 57 45  36 57 45 34 55 43 
 29 68 67 28 49 48  28 49 48 25 41 40  25 41 40 21 38 37  21 38 37 19 33 32  19 33 32 18 31 30 
 117 134 97 102 119 81  102 119 81 86 106 65  86 106 65 79 96 58  79 96 58 74 91 50  74 91 50 70 88 47 
 149 117 118 140 102 103  140 102 103 126 86 87  126 86 87 115 79 80  115 79 80 111 74 75  111 74 75 110 70 71 
 118 117 94 103 102 76  103 102 76 87 86 63  87 86 63 80 79 52  80 79 52 75 74 45  75 74 45 71 70 43 
 134 129 95 119 112 78  119 112 78 106 99 64  106 99 64 96 90 54  96 90 54 91 84 46  91 84 46 88 82 44 
 97 68 94 81 49 76  81 49 76 65 41 63  65 41 63 58 38 52  58 38 52 50 33 45  50 33 45 47 31 43 
 117 97 94 102 81 76  102 81 76 86 65 63  86 65 63 79 58 52  79 58 52 74 50 45  74 50 45 70 47 43 
 260 265 202 248 255 187  248 255 187 231 246 174  231 246 174 222 230 166  222 230 166 219 227 157  219 227 157 215 225 154 
 68 97 95 49 81 78  49 81 78 41 65 64  41 65 64 38 58 54  38 58 54 33 50 46  33 50 46 31 47 44 
 204 260 202 188 248 187  188 248 187 175 231 174  175 231 174 168 222 166  168 222 166 160 219 157  160 219 157 156 215 154 
 95 67 68 78 48 49  78 48 49 64 40 41  64 40 41 54 37 38  54 37 38 46 32 33  46 32 33 44 30 31 
 30 24 32 18 14 19  37 26 40 21 16 25  48 35 67 28 20 29  32 22 37 19 11 21  40 27 48 25 17 28 
 24 22 32 14 11 19  24 12 22 14 8 11  35 23 67 20 13 29  27 35 48 17 20 28  27 23 35 17 13 20 
 26 27 40 16 17 25  26 15 27 16 9 17  22 26 37 11 16 21  22 15 26 11 9 16  30 12 24 18 8 14 
 15 23 27 9 13 17  12 15 22 8 9 11  15 10 23 9 5 13  6 15 12 2 9 8  10 15 6 5 9 2 
 1 4 6 2 3 7 10 5 
  MTP6   MTP6   MTP6   MTP6   MTP6   MTP6   MTP6   MTP6   MTP6   MTP6   MTP6   MTP6   MTP6   MTP6   MTP6   MTP6   MTP6   MTP6   MTP6   MTP6   MTP6   MTP6   MTP6   MTP6 
  MTP6   MTP6   MTP6   MTP6   MTP6   MTP6   MTP6   MTP6   MTP6   MTP6   MTP6   MTP6   MTP6   MTP6   MTP6   MTP6   MTP6   MTP6   MTP6   MTP6   MTP6   MTP6   MTP6   MTP6 
  MTP6   MTP6   MTP6   MTP6   MTP6   MTP6   MTP6   MTP6   MTP6   MTP6   MTP6   MTP6   MTP6   MTP6   MTP6   MTP6   MTP6   MTP6   MTP6   MTP6   MTP6   MTP6   MTP6   MTP6 
  MTP6   MTP6   MTP6   MTP6   MTP6   MTP6   MTP6   MTP6   MTP6   MTP6   MTP6   MTP6   MTP6   MTP6   MTP6   MTP6   MTP6   MTP6   MTP6   MTP6   MTP6   MTP6   MTP6   MTP6 
  MTP6   MTP6   MTP6   MTP6   MTP6   MTP6   MTP6   MTP6   MTP6   MTP6   MTP6   MTP6   MTP6   MTP6   MTP6   MTP6   MTP6   MTP6   MTP6   MTP6   MTP6   MTP6   MTP6   MTP6 
  MTP6   MTP6   MTP6   MTP6   MTP6   MTP6   MTP6   MTP6   MTP6   MTP6   MTP6   MTP6   MTP6   MTP6   MTP6   MTP6   MTP6   MTP6   MTP6   MTP6   MTP6   MTP6   MTP6   MTP6 
  MTP6   MTP6   MTP6   MTP6   MTP6   MTP6   MTP6   MTP6   MTP6   MTP6   MTP6   MTP6   MTP6   MTP6   MTP6   MTP6   MTP6   MTP6   MTP6   MTP6   MTP6   MTP6   MTP6   MTP6 
  MTP6   MTP6   MTP6   MTP6   MTP6   MTP6   MTP6   MTP6   MTP6   MTP6   MTP6   MTP6   MTP6   MTP6   MTP6   MTP6   MTP6   MTP6   MTP6   MTP6   MTP6   MTP6   MTP6   MTP6 
  MTP6   MTP6   MTP6   MTP6   MTP6   MTP6   MTP6   MTP6   MTP6   MTP6   MTP6   MTP6   MTP6   MTP6   MTP6   MTP6   MTP6   MTP6   MTP6   MTP6   MTP6   MTP6   MTP6   MTP6 
  MTP6   MTP6   MTP6   MTP6   MTP6   MTP6   MTP6   MTP6   MTP6   MTP6   MTP6   MTP6   MTP6   MTP6   MTP6   MTP6   MTP6   MTP6   MTP6   MTP6   MTP6   MTP6   MTP6   MTP6 
  MTP6   MTP6   MTP6   MTP6   MTP6   MTP6   MTP6   MTP6   MTP6   MTP6   MTP6   MTP6   MTP6   MTP6   MTP6   MTP6   MTP6   MTP6   MTP6   MTP6   MTP6   MTP6   MTP6   MTP6 
  MTP6   MTP6   MTP6   MTP6   MTP6   MTP6   MTP6   MTP6   MTP6   MTP6   MTP6   MTP6   MTP6   MTP6   MTP6   MTP6   MTP6   MTP6   MTP6   MTP6   MTP6   MTP6   MTP6   MTP6 
  MTP6   MTP6   MTP6   MTP6   MTP6   MTP6   MTP6   MTP6   MTP6   MTP6   MTP6   MTP6   MTP6   MTP6   MTP6   MTP6   MTP6   MTP6   MTP6   MTP6   MTP6   MTP6   MTP6   MTP6 
  MTP6   MTP6   MTP6   MTP6   MTP6   MTP6   MTP6   MTP6   MTP6   MTP6   MTP6   MTP6   MTP6   MTP6   MTP6   MTP6   MTP6   MTP6   MTP6   MTP6   MTP6   MTP6   MTP6   MTP6 
  MTP6   MTP6   MTP6   MTP6   MTH8 
 1  1  1  1  1  1  1  1  1  1  1  1  1  1  1  1  1  1  1  1  1  1  1  1  1  1  1  1  1  1  1  1  1  1  1  1  1  1  1  1  1  1  1  1  1  1  1  1  1  1  1  1  1  1 
 1  1  1  1  1  1  1  1  1  1  1  1  1  1  1  1  1  1  1  1  1  1  1  1  1  1  1  1  1  1  1  1  1  1  1  1  1  1  1  1  1  1  1  1  1  1  1  1  1  1  1  1  1  1 
 1  1  1  1  1  1  1  1  1  1  1  1  1  1  1  1  1  1  1  1  1  1  1  1  1  1  1  1  1  1  1  1  1  1  1  1  1  1  1  1  1  1  1  1  1  1  1  1  1  1  1  1  1  1 
 1  1  1  1  1  1  1  1  1  1  1  1  1  1  1  1  1  1  1  1  1  1  1  1  1  1  1  1  1  1  1  1  1  1  1  1  1  1  1  1  1  1  1  1  1  1  1  1  1  1  1  1  1  1 
 1  1  1  1  1  1  1  1  1  1  1  1  1  1  1  1  1  1  1  1  1  1  1  1  1  1  1  1  1  1  1  1  1  1  1  1  1  1  1  1  1  1  1  1  1  1  1  1  1  1  1  1  1  1 
 1  1  1  1  1  1  1  1  1  1  1  1  1  1  1  1  1  1  1  1  1  1  1  1  1  1  1  1  1  1  1  1  1  1  1  1  1  1  1  1  1  1  1  1  1  1  1  1  1  1  1  1  1  1 
 1  1  1  1  1  1  1  1  1  1  1  1  1  1  1  1  2 
Beton Fiss
	12 0. 35000. 0.2
	4. 0.
BA
	27 0. 33644. 35000. 33022.5 14020. 14580. 13760. 0.2 0.2 0.2
	4. 0. 2.e-03
COND
2
NUL
2
48
4 6 7 10 12 15 22 23 24 26 27 30 32 35 37 40 48 67 101 105 109 116 130 144 153 155 164 173 185 198 200 201 208 221 232 235 237 245 249 251 253 257 259 262 264 267 269 270 
1
2
47
3 5 7 10 13 23 29 67 68 72 94 95 97 100 104 108 117 118 129 134 138 144 149 152 162 163 177 178 197 201 202 204 212 220 229 234 243 249 252 256 258 260 265 266 267 268 270 
2
2
36
203 206 207 211 214 215 218 219 222 224 225 227 228 230 231 238 239 241 242 246 247 248 252 253 254 255 257 258 259 260 263 264 265 268 269 270 
3
0
IMP
2 
48
1 2 3 5 8 9 11 13 14 16 17 18 19 20 21 25 28 29 51 56 60 69 83 100 113 114 123 131 143 150 151 152 158 170 181 182 184 191 197 199 203 206 214 217 224 234 239 252 
1
       1.e-06        1.e-06        1.e-06        1.e-06        1.e-06        1.e-06        1.e-06        1.e-06        1.e-06        1.e-06        1.e-06        1.e-06        1.e-06        1.e-06        1.e-06        1.e-06        1.e-06        1.e-06        1.e-06        1.e-06        1.e-06        1.e-06        1.e-06        1.e-06        1.e-06        1.e-06        1.e-06        1.e-06        1.e-06        1.e-06        1.e-06        1.e-06        1.e-06        1.e-06        1.e-06        1.e-06        1.e-06        1.e-06        1.e-06        1.e-06        1.e-06        1.e-06        1.e-06        1.e-06        1.e-06        1.e-06        1.e-06        1.e-06 
0
MCNL
2
501 500 0.0001
1
0 1 2 3 4 5 6 7 8 9 10 11 12 13 14 15 16 17 18 19 20 21 22 23 24 
  25 26 27 28 29 30 31 32 33 34 35 36 37 38 39 40 41 42 43 44 45 46 
  47 48 49 50 51 52 53 54 55 56 57 58 59 60 61 62 63 64 65 66 67 68 
  69 70 71 72 73 74 75 76 77 78 79 80 81 82 83 84 85 86 87 88 89 90 
  91 92 93 94 95 96 97 98 99 100 101 102 103 104 105 106 107 108 109 
  110 111 112 113 114 115 116 117 118 119 120 121 122 123 124 125 
  126 127 128 129 130 131 132 133 134 135 136 137 138 139 140 141 
  142 143 144 145 146 147 148 149 150 151 152 153 154 155 156 157 
  158 159 160 161 162 163 164 165 166 167 168 169 170 171 172 173 
  174 175 176 177 178 179 180 181 182 183 184 185 186 187 188 189 
  190 191 192 193 194 195 196 197 198 199 200 201 202 203 204 205 
  206 207 208 209 210 211 212 213 214 215 216 217 218 219 220 221 
  222 223 224 225 226 227 228 229 230 231 232 233 234 235 236 237 
  238 239 240 241 242 243 244 245 246 247 248 249 250 251 252 253 
  254 255 256 257 258 259 260 261 262 263 264 265 266 267 268 269 
  270 271 272 273 274 275 276 277 278 279 280 281 282 283 284 285 
  286 287 288 289 290 291 292 293 294 295 296 297 298 299 300 301 
  302 303 304 305 306 307 308 309 310 311 312 313 314 315 316 317 
  318 319 320 321 322 323 324 325 326 327 328 329 330 331 332 333 
  334 335 336 337 338 339 340 341 342 343 344 345 346 347 348 349 
  350 351 352 353 354 355 356 357 358 359 360 361 362 363 364 365 
  366 367 368 369 370 371 372 373 374 375 376 377 378 379 380 381 
  382 383 384 385 386 387 388 389 390 391 392 393 394 395 396 397 
  398 399 400 401 402 403 404 405 406 407 408 409 410 411 412 413 
  414 415 416 417 418 419 420 421 422 423 424 425 426 427 428 429 
  430 431 432 433 434 435 436 437 438 439 440 441 442 443 444 445 
  446 447 448 449 450 451 452 453 454 455 456 457 458 459 460 461 
  462 463 464 465 466 467 468 469 470 471 472 473 474 475 476 477 
  478 479 480 481 482 483 484 485 486 487 488 489 490 491 492 493 
  494 495 496 497 498 499 500
PROB
55. 0.016
4
pba1
1
2  3  2
3.3 0.6
pba2
1
2  3  2
5000.   200.
module
1
1   1   2
35000.  0.
resistance
1
1  2  0
