$EXEC
$COMT
------------------------------------------------------------------------
-                                                                      -
-                       CESAR-LCPC Version 4.1.x                       -
-                                                                      -
-                                                                      -
-                                                                      -
-  Nom du MAILLAGE : mail                                              -
-  Nom du CALCUL   : calcu                                             -
-                                                                      -
-  Familles        : 1                                                 -
-                                                                      -
-  Module          : MCNL                                              -
-                                                                      -
-   .   47 noeuds                                                  -
-   .   1 groupe                                                  -
-   .   68 elements                                                -
-   .   68 elements triangulaires                        -
-   .   0 elements quadrilateres                   -
-                                                                      -
------------------------------------------------------------------------
COOR
  2 0
47 2
             6            6              6            5              5            6              5            5              4            6              6            4 
             5            4              4            5              6            3              3            6         3.6045       4.0768              5            3 
             3            5         4.1268       3.3268            2.5        4.134              2            6              6            2         4.0756       2.3667 
             5            2              2            5              3            3          1.866          3.5         3.3268       1.8732              1            6 
             6            1              5            1              1            5         1.8732       2.6732              1            4              4            1 
        2.3667       1.9244              1            3              3            1              5            0              0            5              4            0 
             0            4              1            2              2            1              3            0              0            3              1            1 
             2            0              0            2              0            1              1            0              0            0 
ELEM
 2 0
68 1
1 4 7 10 13 16 19 22 25 28 31 34 37 40 43 46 49 52 55 58 61 64 67 70 73 
76 79 82 85 88 91 94 97 100 103 106 109 112 115 118 121 124 127 130 133 136 139 142 145 
148 151 154 157 160 163 166 169 172 175 178 181 184 187 190 193 196 199 202 205 
 36 34 26  47 46 45  33 39 43  43 39 46  26 30 36  36 30 40 
 42 45 46  42 46 39  43 40 33  33 40 30  44 45 42  42 38 44 
 27 35 29  44 38 32  32 29 37  37 29 35  37 41 32  32 41 44 
 4 8 7  42 39 38  26 19 30  27 29 20  13 20 15  15 20 29 
 33 30 23  12 7 14  32 38 28  39 33 31  19 12 18  8 13 11 
 29 32 22  29 22 15  15 22 21  21 22 28  15 21 11  28 22 32 
 15 11 13  12 14 18  18 14 21  39 31 38  8 11 7  33 23 31 
 31 23 21  19 18 30  23 30 18  23 18 21  28 38 31  28 31 21 
 14 7 11  14 11 21  4 2 1  5 10 13  27 20 16  13 10 20 
 16 20 10  13 8 5  5 8 3  1 3 4  4 3 8  16 24 27 
 19 26 25  25 17 19  2 4 6  19 17 9  9 6 7  7 6 4 
 7 12 9  9 12 19 
  MBT3   MBT3   MBT3   MBT3   MBT3   MBT3   MBT3   MBT3   MBT3   MBT3   MBT3   MBT3   MBT3   MBT3   MBT3   MBT3   MBT3   MBT3   MBT3   MBT3   MBT3   MBT3   MBT3   MBT3 
  MBT3   MBT3   MBT3   MBT3   MBT3   MBT3   MBT3   MBT3   MBT3   MBT3   MBT3   MBT3   MBT3   MBT3   MBT3   MBT3   MBT3   MBT3   MBT3   MBT3   MBT3   MBT3   MBT3   MBT3 
  MBT3   MBT3   MBT3   MBT3   MBT3   MBT3   MBT3   MBT3   MBT3   MBT3   MBT3   MBT3   MBT3   MBT3   MBT3   MBT3   MBT3   MBT3   MBT3   MBT3 
 1  1  1  1  1  1  1  1  1  1  1  1  1  1  1  1  1  1  1  1  1  1  1  1  1  1  1  1  1  1  1  1  1  1  1  1  1  1  1  1  1  1  1  1  1  1  1  1  1  1  1  1  1  1 
 1  1  1  1  1  1  1  1  1  1  1  1  1  1 
Beton Fiss
5 3 .23 35000. 0.2
4. 55.
1.
COND
2
NUL
2
18
1 2 6 9 17 24 25 34 35 36 37 40 41 43 44 45 46 47 
1
2
6
34 36 40 43 46 47 
2
0
IMP
2 
6
1 3 5 10 16 24 
2
      -1.5e-05       -1.5e-05       -1.5e-05       -1.5e-05       -1.5e-05       -1.5e-05 
0
MCNL
2
551 500 0.0001
  1 
  0 1 2 3 4 5 6 7 8 9 10 11 12 13 14 15 16 17 18 19 20 21 22 23 24 
  25 26 27 28 29 30 31 32 33 34 35 36 37 38 39 40 41 42 43 44 45 46 
  47 48 49 50 51 52 53 54 55 56 57 58 59 60 61 62 63 64 65 66 67 68 
  69 70 71 72 73 74 75 76 77 78 79 80 81 82 83 84 85 86 87 88 89 90 
  91 92 93 94 95 96 97 98 99 100 101 102 103 104 105 106 107 108 109 
  110 111 112 113 114 115 116 117 118 119 120 121 122 123 124 125 
  126 127 128 129 130 131 132 133 134 135 136 137 138 139 140 141 
  142 143 144 145 146 147 148 149 150 151 152 153 154 155 156 157 
  158 159 160 161 162 163 164 165 166 167 168 169 170 171 172 173 
  174 175 176 177 178 179 180 181 182 183 184 185 186 187 188 189 
  190 191 192 193 194 195 196 197 198 199 200 201 202 203 204 205 
  206 207 208 209 210 211 212 213 214 215 216 217 218 219 220 221 
  222 223 224 225 226 227 228 229 230 231 232 233 234 235 236 237 
  238 239 240 241 242 243 244 245 246 247 248 249 250 251 252 253 
  254 255 256 257 258 259 260 261 262 263 264 265 266 267 268 269 
  270 271 272 273 274 275 276 277 278 279 280 281 282 283 284 285 
  286 287 288 289 290 291 292 293 294 295 296 297 298 299 300 301 
  302 303 304 305 306 307 308 309 310 311 312 313 314 315 316 317 
  318 319 320 321 322 323 324 325 326 327 328 329 330 331 332 333 
  334 335 336 337 338 339 340 341 342 343 344 345 346 347 348 349 
  350 351 352 353 354 355 356 357 358 359 360 361 362 363 364 365 
  366 367 368 369 370 371 372 373 374 375 376 377 378 379 380 381 
  382 383 384 385 386 387 388 389 390 391 392 393 394 395 396 397 
  398 399 400 404 408 412 416 420 424 428 432 436 440 444 448 452 
  456 460 464 468 472 476 480 484 488 492 496 500 504 508 512 516 
  520 524 528 532 536 540 544 548 552 556 560 564 568 572 576 580 
  584 588 592 596 600 604 608 612 616 620 624 628 632 636 640 644 
  648 652 656 660 664 668 672 676 680 684 688 692 696 700 704 708 
  712 716 720 724 728 732 736 740 744 748 752 756 760 764 768 772 
  776 780 784 788 792 796 800 804 808 812 816 820 824 828 832 836 
  840 844 848 852 856 860 864 868 872 876 880 884 888 892 896 900 
  904 908 912 916 920 924 928 932 936 940 944 948 952 956 960 964 
  968 972 976 980 984 988 992 996 1000
PROB
55. 0.016
2
module
1
1  1  2
35000.  0.
resistance
1
1  2  0
