$EXEC
$COMT
------------------------------------------------------------------------
-                                                                      -
-                       CESAR-LCPC Version 4.1.x                       -
-                                                                      -
-                                                                      -
-                                                                      -
-  Nom du MAILLAGE : mail                                              -
-  Nom du CALCUL   : calcu                                             -
-                                                                      -
-  Familles        : 1                                                 -
-                                                                      -
-  Module          : MCNL                                              -
-                                                                      -
-   .   1232 noeuds                                                  -
-   .   2 groupe                                                  -
-   .   2130 elements                                                -
-   .   1976 elements triangulaires                        -
-   .   154 elements quadrilateres                   -
-                                                                      -
------------------------------------------------------------------------
COOR
  2 0
1232 2
             0            0       0.015469    0.0092269              0         0.02       0.030937            0       0.015469     0.027681       0.030937     0.016907 
             0         0.04       0.030937     0.033815       0.046406    0.0076806       0.046406     0.023042       0.015469     0.049658              0         0.06 
      0.061875            0       0.061875     0.013815       0.046406     0.048972       0.061875      0.02763       0.030937     0.064815       0.015469     0.071204 
             0         0.08         0.0825    0.0069075         0.0825     0.020722       0.030937         0.08       0.046406     0.073611       0.015469     0.088796 
      0.061875      0.06963       0.046406     0.086389              0          0.1       0.030937     0.095185       0.061875         0.08        0.10312            0 
       0.10313     0.013815        0.10313      0.02763       0.061875      0.09037         0.0825     0.074815       0.015469      0.11034         0.0825     0.085185 
             0         0.12       0.046406      0.11103        0.12375    0.0069075        0.10313      0.06963        0.12375     0.020722       0.030937      0.12619 
       0.10313         0.08       0.015469      0.13232        0.10313      0.09037              0         0.14        0.14438            0       0.046406      0.13696 
       0.12375     0.074815        0.14438     0.013815       0.061875      0.13237       0.030937      0.14309        0.14438      0.02763        0.12375     0.085185 
      0.015469      0.15077       0.061875      0.14619       0.046406      0.15232              0         0.16        0.14438      0.06963         0.0825      0.13928 
      0.030937         0.16        0.14438         0.08          0.165    0.0069075          0.165     0.020722        0.10313      0.13237        0.14438      0.09037 
      0.061875         0.16         0.0825      0.15309        0.10313      0.14619          0.165     0.074815        0.18562            0          0.165     0.085185 
       0.18563     0.013815        0.12375      0.13928        0.18563      0.02763        0.10313         0.16        0.14438      0.13237        0.12375      0.15309 
       0.18563      0.06963        0.18563         0.08        0.14437      0.14619        0.20625    0.0069075        0.18563      0.09037        0.20625     0.020722 
       0.14438         0.16          0.165      0.13928        0.20625     0.074815        0.20625     0.085185          0.165      0.15309        0.22687            0 
       0.22688     0.013815        0.18563      0.13237        0.22688      0.02763        0.18562      0.14619        0.22688      0.06963        0.22688         0.08 
       0.22688      0.09037        0.18563         0.16         0.2475    0.0069075         0.2475     0.020722        0.20625      0.13928        0.20625      0.15309 
        0.2475     0.074815         0.2475     0.085185        0.22688      0.13237        0.26813            0        0.26813     0.013815        0.26813      0.02763 
       0.22687      0.14619        0.26813      0.06963        0.22688         0.16        0.26813         0.08        0.26813      0.09037         0.2475      0.13928 
       0.28875    0.0069075        0.28875     0.020722         0.2475      0.15309        0.28875     0.074815        0.26813      0.13237        0.28875     0.085185 
       0.26812      0.14619        0.30938            0        0.30938     0.013815        0.30938      0.02763        0.26813         0.16        0.30938      0.06963 
       0.30938         0.08        0.28875      0.13928        0.30938      0.09037        0.28875      0.15309           0.33    0.0069075           0.33     0.020722 
       0.30938      0.13237           0.33     0.074815           0.33     0.085185        0.30937      0.14619        0.30938         0.16        0.35063            0 
       0.35063     0.013815        0.35063      0.02763        0.35063      0.06963           0.33      0.13928        0.35063         0.08        0.35063      0.09037 
          0.33      0.15309        0.37125    0.0069075        0.37125     0.020722        0.35063      0.13237        0.37125     0.074815        0.35062      0.14619 
       0.37125     0.085185        0.35063         0.16        0.39188            0        0.39188     0.013815        0.39188      0.02763        0.37125      0.13928 
       0.39188      0.06963        0.39188         0.08        0.37125      0.15309        0.39188      0.09037         0.4125    0.0069075         0.4125     0.020722 
       0.39188      0.13237        0.39187      0.14619         0.4125     0.074815         0.4125     0.085185        0.39188         0.16        0.43312            0 
       0.43313     0.013815        0.43313      0.02763         0.4125      0.13928        0.43313      0.06963         0.4125      0.15309        0.43313         0.08 
       0.43313      0.09037        0.43313      0.13237        0.45375    0.0069075        0.45375     0.020722        0.43312      0.14619        0.45375     0.074815 
       0.45375     0.085185        0.43313         0.16        0.47437            0        0.47438     0.013815        0.45375      0.13928        0.47438      0.02763 
       0.45375      0.15309        0.47438      0.06963        0.47438         0.08        0.47438      0.09037        0.47438      0.13237          0.495    0.0069075 
         0.495     0.020722        0.47437      0.14619          0.495     0.074815        0.47438         0.16          0.495     0.085185          0.495      0.13928 
       0.51562            0        0.51563     0.013815        0.51563      0.02763          0.495      0.15309        0.51563      0.06963        0.51563         0.08 
       0.51563      0.09037        0.51563      0.13237        0.51563      0.14619        0.53625    0.0069075        0.53625     0.020722        0.51563         0.16 
       0.53625     0.074815        0.53625     0.085185        0.53625      0.13928        0.55688            0        0.55688     0.013815        0.55688      0.02763 
       0.53625      0.15309        0.55688      0.06963        0.55688         0.08        0.55688      0.09037        0.55688      0.13237        0.55687      0.14619 
        0.5775    0.0069075         0.5775     0.020722        0.55688         0.16         0.5775     0.074815         0.5775     0.085185         0.5775      0.13928 
        0.5775      0.15309        0.59813            0        0.59813     0.013815        0.59813      0.02763        0.59813      0.06963        0.59813         0.08 
       0.59813      0.09037        0.59813      0.13237        0.59812      0.14619        0.61875    0.0069075        0.61875     0.020722        0.59813         0.16 
       0.61875     0.074815        0.61875     0.085185        0.61875      0.13928        0.61875      0.15309        0.63938            0        0.63937     0.013815 
       0.63937      0.02763        0.63937      0.06963        0.63937         0.08        0.63937      0.09037        0.63937      0.13237        0.63937      0.14618 
       0.63937         0.16           0.66    0.0069075           0.66     0.020722           0.66     0.074815           0.66     0.085185           0.66      0.13928 
          0.66      0.15309        0.68063            0        0.68063     0.013815        0.68063      0.02763        0.68063      0.06963        0.68063         0.08 
       0.68063      0.09037        0.68063      0.13237        0.68062      0.14618        0.68063         0.16        0.70125    0.0069075        0.70125     0.020722 
       0.70125     0.074815        0.70125     0.085185        0.70125      0.13928        0.70125      0.15309        0.72188            0        0.72187     0.013815 
       0.72187      0.02763        0.72187      0.06963        0.72187         0.08        0.72187      0.09037        0.72187      0.13237        0.72187      0.14619 
       0.72187         0.16         0.7425    0.0069075         0.7425     0.020723         0.7425     0.074815         0.7425     0.085185         0.7425      0.13928 
        0.7425      0.15309        0.76312            0        0.76312     0.013815        0.76313      0.02763        0.76313      0.06963        0.76313         0.08 
       0.76313      0.09037        0.76313      0.13237        0.76312      0.14619        0.76313         0.16        0.78375    0.0069075        0.78375     0.020722 
       0.78375     0.074815        0.78375     0.085185        0.78375      0.13928        0.78375      0.15309        0.80437            0        0.80437     0.013815 
       0.80437      0.02763        0.80437      0.06963        0.80437         0.08        0.80437      0.09037        0.80437      0.13237        0.80437      0.14619 
       0.80437         0.16          0.825    0.0069075          0.825     0.020723          0.825     0.074815          0.825     0.085185          0.825      0.13928 
         0.825      0.15309        0.84562            0        0.84562     0.013815        0.84563      0.02763        0.84563      0.06963        0.84563         0.08 
       0.84563      0.09037        0.84563      0.13237        0.84562      0.14619        0.84563         0.16        0.86625    0.0069075        0.86625     0.020722 
       0.86625     0.074815        0.86625     0.085185        0.86625      0.13928        0.86625      0.15309        0.88687            0        0.88687     0.013815 
       0.88687      0.02763        0.88687      0.06963        0.88687         0.08        0.88687      0.09037        0.88687      0.13237        0.88687      0.14619 
       0.88687         0.16         0.9075    0.0069075         0.9075     0.020722         0.9075     0.074815         0.9075     0.085185         0.9075      0.13928 
        0.9075      0.15309        0.92812            0        0.92812     0.013815        0.92813      0.02763        0.92813      0.06963        0.92813         0.08 
       0.92813      0.09037        0.92813      0.13237        0.92812      0.14619        0.92813         0.16        0.94875    0.0069075        0.94875     0.020722 
       0.94875     0.074815        0.94875     0.085185        0.94875      0.13928        0.94875      0.15309        0.96937            0        0.96937     0.013815 
       0.96937      0.02763        0.96937      0.06963        0.96937         0.08        0.96937      0.09037        0.96937      0.13237        0.96937      0.14619 
       0.96937         0.16           0.99    0.0069075           0.99     0.020722           0.99     0.074815           0.99     0.085185           0.99      0.13928 
          0.99      0.15309         1.0106            0         1.0106     0.013815         1.0106      0.02763         1.0106      0.06963         1.0106         0.08 
        1.0106      0.09037         1.0106      0.13237         1.0106      0.14619         1.0106         0.16         1.0312    0.0069075         1.0312     0.020723 
        1.0312     0.074815         1.0312     0.085185         1.0312      0.13928         1.0312      0.15309         1.0519            0         1.0519     0.013815 
        1.0519      0.02763         1.0519      0.06963         1.0519         0.08         1.0519      0.09037         1.0519      0.13237         1.0519      0.14619 
        1.0519         0.16         1.0725    0.0069075         1.0725     0.020722         1.0725     0.074815         1.0725     0.085185         1.0725      0.13928 
        1.0725      0.15309         1.0931            0         1.0931     0.013815         1.0931      0.02763         1.0931      0.06963         1.0931         0.08 
        1.0931      0.09037         1.0931      0.13237         1.0931      0.14619         1.0931         0.16         1.1137    0.0069075         1.1138     0.020722 
        1.1138     0.074815         1.1138     0.085185         1.1138      0.13928         1.1138      0.15309         1.1344            0         1.1344     0.013815 
        1.1344      0.02763         1.1344      0.06963         1.1344         0.08         1.1344      0.09037         1.1344      0.13237         1.1344      0.14618 
        1.1344         0.16          1.155    0.0069075          1.155     0.020722          1.155     0.074815          1.155     0.085185          1.155      0.13928 
         1.155      0.15309         1.1756            0         1.1756     0.013815         1.1756      0.02763         1.1756      0.06963         1.1756         0.08 
        1.1756      0.09037         1.1756      0.13237         1.1756      0.14619         1.1756         0.16         1.1963    0.0069075         1.1963     0.020722 
        1.1963     0.074815         1.1963     0.085185         1.1963      0.13928         1.1963      0.15309         1.2169            0         1.2169     0.013815 
        1.2169      0.02763         1.2169      0.06963         1.2169         0.08         1.2169      0.09037         1.2169      0.13237         1.2169      0.14619 
        1.2169         0.16         1.2375    0.0069075         1.2375     0.020723         1.2375     0.074815         1.2375     0.085185         1.2375      0.13928 
        1.2375      0.15309         1.2581            0         1.2581     0.013815         1.2581      0.02763         1.2581      0.06963         1.2581         0.08 
        1.2581      0.09037         1.2581      0.13237         1.2581      0.14619         1.2581         0.16         1.2788    0.0069075         1.2788     0.020722 
        1.2788     0.074815         1.2788     0.085185         1.2788      0.13928         1.2788      0.15309         1.2994            0         1.2994     0.013815 
        1.2994      0.02763         1.2994      0.06963         1.2994         0.08         1.2994      0.09037         1.2994      0.13237         1.2994      0.14619 
        1.2994         0.16           1.32    0.0069075           1.32     0.020723           1.32     0.074815           1.32     0.085185           1.32      0.13928 
          1.32      0.15309         1.3406            0         1.3406     0.013815         1.3406      0.02763         1.3406      0.06963         1.3406         0.08 
        1.3406      0.09037         1.3406      0.13237         1.3406      0.14619         1.3406         0.16         1.3613    0.0069075         1.3613     0.020722 
        1.3613     0.074815         1.3613     0.085185         1.3613      0.13928         1.3613      0.15309         1.3819            0         1.3819     0.013815 
        1.3819      0.02763         1.3819      0.06963         1.3819         0.08         1.3819      0.09037         1.3819      0.13237         1.3819      0.14619 
        1.3819         0.16         1.4025    0.0069075         1.4025     0.020723         1.4025     0.074815         1.4025     0.085185         1.4025      0.13928 
        1.4025      0.15309         1.4231            0         1.4231     0.013815         1.4231      0.02763         1.4231      0.06963         1.4231         0.08 
        1.4231      0.09037         1.4231      0.13237         1.4231      0.14619         1.4231         0.16         1.4437    0.0069075         1.4438     0.020722 
        1.4438     0.074815         1.4438     0.085185         1.4438      0.13928         1.4438      0.15309         1.4644            0         1.4644     0.013815 
        1.4644      0.02763         1.4644      0.06963         1.4644         0.08         1.4644      0.09037         1.4644      0.13237         1.4644      0.14619 
        1.4644         0.16          1.485    0.0069075          1.485     0.020722          1.485     0.074815          1.485     0.085185          1.485      0.13928 
         1.485      0.15309         1.5056            0         1.5056     0.013815         1.5056      0.02763         1.5056      0.06963         1.5056         0.08 
        1.5056      0.09037         1.5056      0.13237         1.5056      0.14619         1.5056         0.16         1.5262    0.0069075         1.5262     0.020722 
        1.5263     0.074815         1.5263     0.085185         1.5263      0.13928         1.5263      0.15309         1.5469            0         1.5469     0.013815 
        1.5469      0.02763         1.5469      0.06963         1.5469         0.08         1.5469      0.09037         1.5469      0.13237         1.5469      0.14619 
        1.5469         0.16         1.5675    0.0069075         1.5675     0.020722         1.5675     0.074815         1.5675     0.085185         1.5675      0.13928 
        1.5675      0.15309         1.5881            0         1.5881     0.013815         1.5881      0.02763         1.5881      0.06963         1.5881         0.08 
        1.5881      0.09037         1.5881      0.13237         1.5881      0.14619         1.5881         0.16         1.6087    0.0069075         1.6088     0.020722 
        1.6088     0.074815         1.6088     0.085185         1.6088      0.13928         1.6088      0.15309         1.6294            0         1.6294     0.013815 
        1.6294      0.02763         1.6294      0.06963         1.6294         0.08         1.6294      0.09037         1.6294      0.13237         1.6294      0.14619 
        1.6294         0.16           1.65    0.0069075           1.65     0.020722           1.65     0.074815           1.65     0.085185           1.65      0.13928 
          1.65      0.15309         1.6706            0         1.6706     0.013815         1.6706      0.02763         1.6706      0.06963         1.6706         0.08 
        1.6706      0.09037         1.6706      0.13237         1.6706      0.14619         1.6706         0.16         1.6912    0.0069075         1.6912     0.020722 
        1.6913     0.074815         1.6913     0.085185         1.6913      0.13928         1.6913      0.15309         1.7119            0         1.7119     0.013815 
        1.7119      0.02763         1.7119      0.06963         1.7119         0.08         1.7119      0.09037         1.7119      0.13237         1.7119      0.14619 
        1.7119         0.16         1.7325    0.0069075         1.7325     0.020722         1.7325     0.074815         1.7325     0.085185         1.7325      0.13928 
        1.7325      0.15309         1.7531            0         1.7531     0.013815         1.7531      0.02763         1.7531      0.06963         1.7531         0.08 
        1.7531      0.09037         1.7531      0.13237         1.7531      0.14619         1.7531         0.16         1.7737    0.0069075         1.7737     0.020722 
        1.7738     0.074815         1.7738     0.085185         1.7738      0.13928         1.7738      0.15309         1.7944            0         1.7944     0.013815 
        1.7944      0.02763         1.7944      0.06963         1.7944         0.08         1.7944      0.09037         1.7944      0.13237         1.7944      0.14619 
        1.7944         0.16          1.815    0.0069075          1.815     0.020722          1.815     0.074815          1.815     0.085185          1.815      0.13928 
         1.815      0.15309         1.8356            0         1.8356     0.013815         1.8356      0.02763         1.8356      0.06963         1.8356         0.08 
        1.8356      0.09037         1.8356      0.13237         1.8356      0.14619         1.8356         0.16         1.8562    0.0069075         1.8563     0.020722 
        1.8563     0.074815         1.8563     0.085185         1.8563      0.13928         1.8563      0.15309         1.8769            0         1.8769     0.013815 
        1.8769      0.02763         1.8769      0.06963         1.8769         0.08         1.8769      0.09037         1.8769      0.13237         1.8769      0.14619 
        1.8769         0.16         1.8975    0.0069075         1.8975     0.020723         1.8975     0.074815         1.8975     0.085185         1.8975      0.13928 
        1.8975      0.15309         1.9181            0         1.9181     0.013815         1.9181      0.02763         1.9181      0.06963         1.9181         0.08 
        1.9181      0.09037         1.9181      0.13237         1.9181      0.14619         1.9181         0.16         1.9387    0.0069075         1.9388     0.020722 
        1.9387     0.074815         1.9388     0.085185         1.9387      0.13928         1.9388      0.15309         1.9594            0         1.9594     0.013815 
        1.9594      0.02763         1.9594      0.06963         1.9594         0.08         1.9594      0.09037         1.9594      0.13237         1.9594      0.14619 
        1.9594         0.16           1.98    0.0069075           1.98     0.020722           1.98     0.074815           1.98     0.085185           1.98      0.13928 
          1.98      0.15309         2.0006            0         2.0006     0.013815         2.0006      0.02763         2.0006      0.06963         2.0006         0.08 
        2.0006      0.09037         2.0006      0.13237         2.0006      0.14619         2.0006         0.16         2.0212    0.0069075         2.0212     0.020722 
        2.0213     0.074815         2.0213     0.085185         2.0213      0.13928         2.0213      0.15309         2.0419            0         2.0419     0.013815 
        2.0419      0.02763         2.0419      0.06963         2.0419         0.08         2.0419      0.09037         2.0419      0.13237         2.0419      0.14619 
        2.0419         0.16         2.0625    0.0069075         2.0625     0.020723         2.0625     0.074815         2.0625     0.085185         2.0625      0.13928 
        2.0625      0.15309         2.0831            0         2.0831     0.013815         2.0831      0.02763         2.0831      0.06963         2.0831         0.08 
        2.0831      0.09037         2.0831      0.13237         2.0831      0.14619         2.0831         0.16         2.1037    0.0069075         2.1038     0.020723 
        2.1037     0.074815         2.1037     0.085185         2.1038      0.13928         2.1037      0.15309         2.1244            0         2.1244     0.013815 
        2.1244      0.02763         2.1244      0.06963         2.1244         0.08         2.1244      0.09037         2.1244      0.13237         2.1244      0.14619 
        2.1244         0.16          2.145    0.0069075          2.145     0.020723          2.145     0.074815          2.145     0.085185          2.145      0.13928 
         2.145      0.15309         2.1656            0         2.1656     0.013815         2.1656      0.02763         2.1656      0.06963         2.1656         0.08 
        2.1656      0.09037         2.1656      0.13237         2.1656      0.14619         2.1656         0.16         2.1863    0.0069075         2.1863     0.020722 
        2.1863     0.074815         2.1863     0.085185         2.1863      0.13928         2.1863      0.15309         2.2069            0         2.2069     0.013815 
        2.2069      0.02763         2.2069      0.06963         2.2069         0.08         2.2069      0.09037         2.2069      0.13237         2.2069      0.14619 
        2.2069         0.16         2.2275    0.0069075         2.2275     0.020722         2.2275     0.074815         2.2275     0.085185         2.2275      0.13928 
        2.2275      0.15309         2.2481            0         2.2481     0.013815         2.2481      0.02763         2.2481      0.06963         2.2481         0.08 
        2.2481      0.09037         2.2481      0.13237         2.2481      0.14619         2.2481         0.16         2.2687    0.0069075         2.2687     0.020723 
        2.2687     0.074815         2.2687     0.085185         2.2688      0.13928         2.2687      0.15309         2.2894            0         2.2894     0.013815 
        2.2894      0.02763         2.2894      0.06963         2.2894         0.08         2.2894      0.09037         2.2894      0.13237         2.2894      0.14619 
        2.2894         0.16           2.31    0.0069075           2.31     0.020722           2.31     0.074815           2.31     0.085185           2.31      0.13928 
          2.31      0.15309         2.3306            0         2.3306     0.013815         2.3306      0.02763         2.3306      0.06963         2.3306         0.08 
        2.3306      0.09037         2.3306      0.13237         2.3306      0.14619         2.3306         0.16         2.3513    0.0069075         2.3513     0.020722 
        2.3513     0.074815         2.3513     0.085185         2.3513      0.13928         2.3513      0.15309         2.3719            0         2.3719     0.013815 
        2.3719      0.02763         2.3719      0.06963         2.3719         0.08         2.3719      0.09037         2.3719      0.13237         2.3719      0.14619 
        2.3719         0.16         2.3925    0.0069075         2.3925     0.020722         2.3925     0.074815         2.3925     0.085185         2.3925      0.13928 
        2.3925      0.15309         2.4131            0         2.4131     0.013815         2.4131      0.02763         2.4131      0.06963         2.4131         0.08 
        2.4131      0.09037         2.4131      0.13237         2.4131      0.14619         2.4131         0.16         2.4338    0.0069075         2.4338     0.020722 
        2.4338     0.074815         2.4338     0.085185         2.4338      0.13928         2.4338      0.15309         2.4544            0         2.4544     0.013815 
        2.4544      0.02763         2.4544      0.06963         2.4544         0.08         2.4544      0.09037         2.4544      0.13237         2.4544      0.14619 
        2.4544         0.16          2.475    0.0069075          2.475     0.020723          2.475     0.074815          2.475     0.085185          2.475      0.13928 
         2.475      0.15309         2.4956            0         2.4956     0.013815         2.4956      0.02763         2.4956      0.06963         2.4956         0.08 
        2.4956      0.09037         2.4956      0.13237         2.4956      0.14619         2.4956         0.16         2.5163    0.0069075         2.5163     0.020722 
        2.5163     0.074815         2.5163     0.085185         2.5163      0.13928         2.5163      0.15309         2.5369            0         2.5369     0.013815 
        2.5369      0.02763         2.5369      0.06963         2.5369         0.08         2.5369      0.09037         2.5369      0.13237         2.5369      0.14618 
        2.5369         0.16         2.5575    0.0069075         2.5575     0.020722         2.5575     0.074815         2.5575     0.085185         2.5575      0.13928 
        2.5575      0.15309         2.5781            0         2.5781     0.013815         2.5781      0.02763         2.5781      0.06963         2.5781         0.08 
        2.5781      0.09037         2.5781      0.13237         2.5781      0.14619         2.5781         0.16         2.5988    0.0069075         2.5987     0.020722 
        2.5987     0.074815         2.5987     0.085185         2.5988      0.13928         2.5988      0.15309         2.6194            0         2.6194     0.013815 
        2.6194      0.02763         2.6194      0.06963         2.6194         0.08         2.6194      0.09037         2.6194      0.13237         2.6194      0.14619 
        2.6194         0.16           2.64    0.0069075           2.64     0.020722           2.64     0.074815           2.64     0.085185           2.64      0.13928 
          2.64      0.15309         2.6606            0         2.6606     0.013815         2.6606      0.02763         2.6606      0.06963         2.6606         0.08 
        2.6606      0.09037         2.6606      0.13237         2.6606      0.14619         2.6606         0.16         2.6813    0.0069075         2.6812     0.020722 
        2.6812     0.074815         2.6812     0.085185         2.6813      0.13928         2.6813      0.15309         2.7019            0         2.7019     0.013815 
        2.7019      0.02763         2.7019      0.06963         2.7019         0.08         2.7019      0.09037         2.7019      0.13237         2.7019      0.14619 
        2.7019         0.16         2.7225    0.0069075         2.7225     0.020722         2.7225     0.074815         2.7225     0.085185         2.7225      0.13928 
        2.7225      0.15309         2.7431            0         2.7431     0.013815         2.7431      0.02763         2.7431      0.06963         2.7431         0.08 
        2.7431      0.09037         2.7431      0.13237         2.7431      0.14619         2.7431         0.16         2.7637    0.0069075         2.7637     0.020722 
        2.7637     0.074815         2.7637     0.085185         2.7638      0.13928         2.7638      0.15309         2.7844            0         2.7844     0.013815 
        2.7844      0.02763         2.7844      0.06963         2.7844         0.08         2.7844      0.09037         2.7844      0.13237         2.7844      0.14619 
        2.7844         0.16          2.805    0.0069075          2.805     0.020722          2.805     0.074815          2.805     0.085185          2.805      0.13928 
         2.805      0.15309         2.8256            0         2.8256     0.013815         2.8256      0.02763         2.8256      0.06963         2.8256         0.08 
        2.8256      0.09037         2.8256      0.13237         2.8256      0.14619         2.8256         0.16         2.8462    0.0069075         2.8462     0.020723 
        2.8462     0.074815         2.8462     0.085185         2.8463      0.13928         2.8463      0.15309         2.8669            0         2.8669     0.013815 
        2.8669      0.02763         2.8669      0.06963         2.8669         0.08         2.8669      0.09037         2.8669      0.13237         2.8669      0.14619 
        2.8669         0.16         2.8875    0.0069075         2.8875     0.020722         2.8875     0.074815         2.8875     0.085185         2.8875      0.13928 
        2.8875      0.15309         2.9081            0         2.9081     0.013815         2.9081      0.02763         2.9081      0.06963         2.9081         0.08 
        2.9081      0.09037         2.9081      0.13237         2.9081      0.14619         2.9081         0.16         2.9287    0.0069075         2.9287     0.020722 
        2.9287     0.074815         2.9287     0.085185         2.9288      0.13928         2.9287      0.15309         2.9494            0         2.9494     0.013815 
        2.9494      0.02763         2.9494      0.06963         2.9494         0.08         2.9494      0.09037         2.9494      0.13237         2.9494      0.14619 
        2.9494         0.16           2.97    0.0069075           2.97     0.020722           2.97     0.074815           2.97     0.085185           2.97      0.13928 
          2.97      0.15309         2.9906            0         2.9906     0.013815         2.9906      0.02763         2.9906      0.06963         2.9906         0.08 
        2.9906      0.09037         2.9906      0.13237         2.9906      0.14619         2.9906         0.16         3.0112    0.0069075         3.0112     0.020722 
        3.0113     0.074815         3.0113     0.085185         3.0113      0.13928         3.0113      0.15309         3.0319            0         3.0319     0.013815 
        3.0319      0.02763         3.0319      0.06963         3.0319         0.08         3.0319      0.09037         3.0319      0.13237         3.0319      0.14619 
        3.0319         0.16         3.0525    0.0069075         3.0525     0.020722         3.0525     0.074815         3.0525     0.085185         3.0525      0.13928 
        3.0525      0.15309         3.0731            0         3.0731     0.013815         3.0731      0.02763         3.0731      0.06963         3.0731         0.08 
        3.0731      0.09037         3.0731      0.13237         3.0731      0.14619         3.0731         0.16         3.0937    0.0069075         3.0938     0.020722 
        3.0938     0.074815         3.0938     0.085185         3.0938      0.13928         3.0938      0.15309         3.1144            0         3.1144     0.013815 
        3.1144      0.02763         3.1144      0.06963         3.1144         0.08         3.1144      0.09037         3.1144      0.13237         3.1144      0.14619 
        3.1144         0.16          3.135    0.0069075          3.135     0.020722          3.135     0.074815          3.135     0.085185          3.135      0.13928 
         3.135      0.15309         3.1556            0         3.1556     0.013815         3.1556      0.02763         3.1556      0.06963         3.1556         0.08 
        3.1556      0.09037         3.1556      0.13237         3.1556      0.14619         3.1556         0.16         3.1763    0.0069075         3.1763     0.020722 
        3.1763     0.074815         3.1763     0.085185         3.1763      0.13928         3.1763      0.15309         3.1969            0         3.1969     0.013815 
        3.1969      0.02763         3.1969      0.06963         3.1969         0.08         3.1969      0.09037         3.1969      0.13237         3.1969      0.14619 
        3.1969         0.16         3.2175    0.0069075         3.2175     0.020722         3.2175     0.074815         3.2175     0.085185         3.2175      0.13928 
        3.2175      0.15309         3.2381            0         3.2381     0.013815         3.2381      0.02763         3.2381      0.06963         3.2381         0.08 
        3.2381      0.09037         3.2381      0.13237         3.2381      0.14619         3.2381         0.16         3.2536    0.0076806         3.2536     0.023042 
        3.2536     0.048973         3.2536     0.073611         3.2536     0.086389         3.2536      0.11103         3.2536      0.13696         3.2536      0.15232 
        3.2691            0         3.2691     0.016908         3.2691     0.033815         3.2691     0.064815         3.2691         0.08         3.2691     0.095185 
        3.2691      0.12618         3.2691      0.14309         3.2691         0.16         3.2845    0.0092269         3.2845     0.027681         3.2845     0.049658 
        3.2845     0.071204         3.2845     0.088796         3.2845      0.11034         3.2845      0.13232         3.2845      0.15077            3.3            0 
           3.3         0.02            3.3         0.04            3.3         0.06            3.3         0.08            3.3          0.1            3.3         0.12 
           3.3         0.14            3.3         0.16 
ELEM
 2 0
2130 2
1 4 7 10 13 16 19 22 25 28 31 34 37 40 43 46 49 52 55 58 61 64 67 70 73 
76 79 82 85 88 91 94 97 100 103 106 109 112 115 118 121 124 127 130 133 136 139 142 145 
148 151 154 157 160 163 166 169 172 175 178 181 184 187 190 193 196 199 202 205 208 211 214 217 
220 223 226 229 232 235 238 241 244 247 250 253 256 259 262 265 268 271 274 277 280 283 286 289 
292 295 298 301 304 307 310 313 316 319 322 325 328 331 334 337 340 343 346 349 352 355 358 361 
364 367 370 373 376 379 382 385 388 391 394 397 400 403 406 409 412 415 418 421 424 427 430 433 
436 439 442 445 448 451 454 457 460 463 466 469 472 475 478 481 484 487 490 493 496 499 502 505 
508 511 514 517 520 523 526 529 532 535 538 541 544 547 550 553 556 559 562 565 568 571 574 577 
580 583 586 589 592 595 598 601 604 607 610 613 616 619 622 625 628 631 634 637 640 643 646 649 
652 655 658 661 664 667 670 673 676 679 682 685 688 691 694 697 700 703 706 709 712 715 718 721 
724 727 730 733 736 739 742 745 748 751 754 757 760 763 766 769 772 775 778 781 784 787 790 793 
796 799 802 805 808 811 814 817 820 823 826 829 832 835 838 841 844 847 850 853 856 859 862 865 
868 871 874 877 880 883 886 889 892 895 898 901 904 907 910 913 916 919 922 925 928 931 934 937 
940 943 946 949 952 955 958 961 964 967 970 973 976 979 982 985 988 991 994 997 1000 1003 1006 1009 
1012 1015 1018 1021 1024 1027 1030 1033 1036 1039 1042 1045 1048 1051 1054 1057 1060 1063 1066 1069 1072 1075 1078 1081 
1084 1087 1090 1093 1096 1099 1102 1105 1108 1111 1114 1117 1120 1123 1126 1129 1132 1135 1138 1141 1144 1147 1150 1153 
1156 1159 1162 1165 1168 1171 1174 1177 1180 1183 1186 1189 1192 1195 1198 1201 1204 1207 1210 1213 1216 1219 1222 1225 
1228 1231 1234 1237 1240 1243 1246 1249 1252 1255 1258 1261 1264 1267 1270 1273 1276 1279 1282 1285 1288 1291 1294 1297 
1300 1303 1306 1309 1312 1315 1318 1321 1324 1327 1330 1333 1336 1339 1342 1345 1348 1351 1354 1357 1360 1363 1366 1369 
1372 1375 1378 1381 1384 1387 1390 1393 1396 1399 1402 1405 1408 1411 1414 1417 1420 1423 1426 1429 1432 1435 1438 1441 
1444 1447 1450 1453 1456 1459 1462 1465 1468 1471 1474 1477 1480 1483 1486 1489 1492 1495 1498 1501 1504 1507 1510 1513 
1516 1519 1522 1525 1528 1531 1534 1537 1540 1543 1546 1549 1552 1555 1558 1561 1564 1567 1570 1573 1576 1579 1582 1585 
1588 1591 1594 1597 1600 1603 1606 1609 1612 1615 1618 1621 1624 1627 1630 1633 1636 1639 1642 1645 1648 1651 1654 1657 
1660 1663 1666 1669 1672 1675 1678 1681 1684 1687 1690 1693 1696 1699 1702 1705 1708 1711 1714 1717 1720 1723 1726 1729 
1732 1735 1738 1741 1744 1747 1750 1753 1756 1759 1762 1765 1768 1771 1774 1777 1780 1783 1786 1789 1792 1795 1798 1801 
1804 1807 1810 1813 1816 1819 1822 1825 1828 1831 1834 1837 1840 1843 1846 1849 1852 1855 1858 1861 1864 1867 1870 1873 
1876 1879 1882 1885 1888 1891 1894 1897 1900 1903 1906 1909 1912 1915 1918 1921 1924 1927 1930 1933 1936 1939 1942 1945 
1948 1951 1954 1957 1960 1963 1966 1969 1972 1975 1978 1981 1984 1987 1990 1993 1996 1999 2002 2005 2008 2011 2014 2017 
2020 2023 2026 2029 2032 2035 2038 2041 2045 2049 2053 2057 2061 2065 2069 2073 2077 2081 2085 2089 2093 2097 2101 2105 
2109 2113 2117 2121 2125 2129 2133 2137 2141 2145 2149 2153 2157 2161 2165 2169 2173 2177 2181 2185 2189 2193 2197 2201 
2205 2209 2213 2217 2221 2225 2229 2233 2237 2241 2245 2249 2253 2257 2261 2265 2269 2273 2277 2281 2285 2289 2293 2297 
2301 2305 2309 2313 2317 2321 2325 2329 2333 2337 2341 2345 2349 2352 2355 2358 2361 2364 2367 2370 2373 2376 2379 2382 
2385 2388 2391 2394 2397 2400 2403 2406 2409 2412 2415 2418 2421 2424 2427 2430 2433 2436 2439 2442 2445 2448 2451 2454 
2457 2460 2463 2466 2469 2472 2475 2478 2481 2484 2487 2490 2493 2496 2499 2502 2505 2508 2511 2514 2517 2520 2523 2526 
2529 2532 2535 2538 2541 2544 2547 2550 2553 2556 2559 2562 2565 2568 2571 2574 2577 2580 2583 2586 2589 2592 2595 2598 
2601 2604 2607 2610 2613 2616 2619 2622 2625 2628 2631 2634 2637 2640 2643 2646 2649 2652 2655 2658 2661 2664 2667 2670 
2673 2676 2679 2682 2685 2688 2691 2694 2697 2700 2703 2706 2709 2712 2715 2718 2721 2724 2727 2730 2733 2736 2739 2742 
2745 2748 2751 2754 2757 2760 2763 2766 2769 2772 2775 2778 2781 2784 2787 2790 2793 2796 2799 2802 2805 2808 2811 2814 
2817 2820 2823 2826 2829 2832 2835 2838 2841 2844 2847 2850 2853 2856 2859 2862 2865 2868 2871 2874 2877 2880 2883 2886 
2889 2892 2895 2898 2901 2904 2907 2910 2913 2916 2919 2922 2925 2928 2931 2934 2937 2940 2943 2946 2949 2952 2955 2958 
2961 2964 2967 2970 2973 2976 2979 2982 2985 2988 2991 2994 2997 3000 3003 3006 3009 3012 3015 3018 3021 3024 3027 3030 
3033 3036 3039 3042 3045 3048 3051 3054 3057 3060 3063 3066 3069 3072 3075 3078 3081 3084 3087 3090 3093 3096 3099 3102 
3105 3108 3111 3114 3117 3120 3123 3126 3129 3132 3135 3138 3141 3144 3147 3150 3153 3156 3159 3162 3165 3168 3171 3174 
3177 3180 3183 3186 3189 3192 3195 3198 3201 3204 3207 3210 3213 3216 3219 3222 3225 3228 3231 3234 3237 3240 3243 3246 
3249 3252 3255 3258 3261 3264 3267 3270 3273 3276 3279 3282 3285 3288 3291 3294 3297 3300 3303 3306 3309 3312 3315 3318 
3321 3324 3327 3330 3333 3336 3339 3342 3345 3348 3351 3354 3357 3360 3363 3366 3369 3372 3375 3378 3381 3384 3387 3390 
3393 3396 3399 3402 3405 3408 3411 3414 3417 3420 3423 3426 3429 3432 3435 3438 3441 3444 3447 3450 3453 3456 3459 3462 
3465 3468 3471 3474 3477 3480 3483 3486 3489 3492 3495 3498 3501 3504 3507 3510 3513 3516 3519 3522 3525 3528 3531 3534 
3537 3540 3543 3546 3549 3552 3555 3558 3561 3564 3567 3570 3573 3576 3579 3582 3585 3588 3591 3594 3597 3600 3603 3606 
3609 3612 3615 3618 3621 3624 3627 3630 3633 3636 3639 3642 3645 3648 3651 3654 3657 3660 3663 3666 3669 3672 3675 3678 
3681 3684 3687 3690 3693 3696 3699 3702 3705 3708 3711 3714 3717 3720 3723 3726 3729 3732 3735 3738 3741 3744 3747 3750 
3753 3756 3759 3762 3765 3768 3771 3774 3777 3780 3783 3786 3789 3792 3795 3798 3801 3804 3807 3810 3813 3816 3819 3822 
3825 3828 3831 3834 3837 3840 3843 3846 3849 3852 3855 3858 3861 3864 3867 3870 3873 3876 3879 3882 3885 3888 3891 3894 
3897 3900 3903 3906 3909 3912 3915 3918 3921 3924 3927 3930 3933 3936 3939 3942 3945 3948 3951 3954 3957 3960 3963 3966 
3969 3972 3975 3978 3981 3984 3987 3990 3993 3996 3999 4002 4005 4008 4011 4014 4017 4020 4023 4026 4029 4032 4035 4038 
4041 4044 4047 4050 4053 4056 4059 4062 4065 4068 4071 4074 4077 4080 4083 4086 4089 4092 4095 4098 4101 4104 4107 4110 
4113 4116 4119 4122 4125 4128 4131 4134 4137 4140 4143 4146 4149 4152 4155 4158 4161 4164 4167 4170 4173 4176 4179 4182 
4185 4188 4191 4194 4197 4201 4205 4209 4213 4217 4221 4225 4229 4233 4237 4241 4245 4249 4253 4257 4261 4265 4269 4273 
4277 4281 4285 4289 4293 4297 4301 4305 4309 4313 4317 4321 4325 4329 4333 4337 4341 4345 4349 4353 4357 4361 4365 4369 
4373 4377 4381 4385 4389 4393 4397 4401 4405 4409 4413 4417 4421 4425 4429 4433 4437 4441 4445 4449 4453 4457 4461 4465 
4469 4473 4477 4481 4485 4489 4493 4497 4501 4505 4508 4511 4514 4517 4520 4523 4526 4529 4532 4535 4538 4541 4544 4547 
4550 4553 4556 4559 4562 4565 4568 4571 4574 4577 4580 4583 4586 4589 4592 4595 4598 4601 4604 4607 4610 4613 4616 4619 
4622 4625 4628 4631 4634 4637 4640 4643 4646 4649 4652 4655 4658 4661 4664 4667 4670 4673 4676 4679 4682 4685 4688 4691 
4694 4697 4700 4703 4706 4709 4712 4715 4718 4721 4724 4727 4730 4733 4736 4739 4742 4745 4748 4751 4754 4757 4760 4763 
4766 4769 4772 4775 4778 4781 4784 4787 4790 4793 4796 4799 4802 4805 4808 4811 4814 4817 4820 4823 4826 4829 4832 4835 
4838 4841 4844 4847 4850 4853 4856 4859 4862 4865 4868 4871 4874 4877 4880 4883 4886 4889 4892 4895 4898 4901 4904 4907 
4910 4913 4916 4919 4922 4925 4928 4931 4934 4937 4940 4943 4946 4949 4952 4955 4958 4961 4964 4967 4970 4973 4976 4979 
4982 4985 4988 4991 4994 4997 5000 5003 5006 5009 5012 5015 5018 5021 5024 5027 5030 5033 5036 5039 5042 5045 5048 5051 
5054 5057 5060 5063 5066 5069 5072 5075 5078 5081 5084 5087 5090 5093 5096 5099 5102 5105 5108 5111 5114 5117 5120 5123 
5126 5129 5132 5135 5138 5141 5144 5147 5150 5153 5156 5159 5162 5165 5168 5171 5174 5177 5180 5183 5186 5189 5192 5195 
5198 5201 5204 5207 5210 5213 5216 5219 5222 5225 5228 5231 5234 5237 5240 5243 5246 5249 5252 5255 5258 5261 5264 5267 
5270 5273 5276 5279 5282 5285 5288 5291 5294 5297 5300 5303 5306 5309 5312 5315 5318 5321 5324 5327 5330 5333 5336 5339 
5342 5345 5348 5351 5354 5357 5360 5363 5366 5369 5372 5375 5378 5381 5384 5387 5390 5393 5396 5399 5402 5405 5408 5411 
5414 5417 5420 5423 5426 5429 5432 5435 5438 5441 5444 5447 5450 5453 5456 5459 5462 5465 5468 5471 5474 5477 5480 5483 
5486 5489 5492 5495 5498 5501 5504 5507 5510 5513 5516 5519 5522 5525 5528 5531 5534 5537 5540 5543 5546 5549 5552 5555 
5558 5561 5564 5567 5570 5573 5576 5579 5582 5585 5588 5591 5594 5597 5600 5603 5606 5609 5612 5615 5618 5621 5624 5627 
5630 5633 5636 5639 5642 5645 5648 5651 5654 5657 5660 5663 5666 5669 5672 5675 5678 5681 5684 5687 5690 5693 5696 5699 
5702 5705 5708 5711 5714 5717 5720 5723 5726 5729 5732 5735 5738 5741 5744 5747 5750 5753 5756 5759 5762 5765 5768 5771 
5774 5777 5780 5783 5786 5789 5792 5795 5798 5801 5804 5807 5810 5813 5816 5819 5822 5825 5828 5831 5834 5837 5840 5843 
5846 5849 5852 5855 5858 5861 5864 5867 5870 5873 5876 5879 5882 5885 5888 5891 5894 5897 5900 5903 5906 5909 5912 5915 
5918 5921 5924 5927 5930 5933 5936 5939 5942 5945 5948 5951 5954 5957 5960 5963 5966 5969 5972 5975 5978 5981 5984 5987 
5990 5993 5996 5999 6002 6005 6008 6011 6014 6017 6020 6023 6026 6029 6032 6035 6038 6041 6044 6047 6050 6053 6056 6059 
6062 6065 6068 6071 6074 6077 6080 6083 6086 6089 6092 6095 6098 6101 6104 6107 6110 6113 6116 6119 6122 6125 6128 6131 
6134 6137 6140 6143 6146 6149 6152 6155 6158 6161 6164 6167 6170 6173 6176 6179 6182 6185 6188 6191 6194 6197 6200 6203 
6206 6209 6212 6215 6218 6221 6224 6227 6230 6233 6236 6239 6242 6245 6248 6251 6254 6257 6260 6263 6266 6269 6272 6275 
6278 6281 6284 6287 6290 6293 6296 6299 6302 6305 6308 6311 6314 6317 6320 6323 6326 6329 6332 6335 6338 6341 6344 6347 
6350 6353 6356 6359 6362 6365 6368 6371 6374 6377 6380 6383 6386 6389 6392 6395 6398 6401 6404 6407 6410 6413 6416 6419 
6422 6425 6428 6431 6434 6437 6440 6443 6446 6449 6452 6455 6458 6461 6464 6467 6470 6473 6476 6479 6482 6485 6488 6491 
6494 6497 6500 6503 6506 6509 6512 6515 6518 6521 6524 6527 6530 6533 6536 6539 6542 6545 
 14 9 13  6 9 14  4 9 6  13 9 4  16 10 14  8 10 16 
 6 10 8  14 10 6  25 15 16  17 15 25  8 15 17  16 15 8 
 29 23 25  22 23 29  17 23 22  25 23 17  33 26 29  28 26 33 
 22 26 28  29 26 22  51 38 33  42 38 51  28 38 42  33 38 28 
 56 48 51  52 48 56  42 48 52  51 48 42  67 57 56  61 57 67 
 52 57 61  56 57 52  6 2 4  3 2 6  1 2 3  4 2 1 
 8 5 6  7 5 8  3 5 7  6 5 3  17 11 8  12 11 17 
 7 11 12  8 11 7  22 18 17  19 18 22  12 18 19  17 18 12 
 28 24 22  27 24 28  19 24 27  22 24 19  42 35 28  37 35 42 
 27 35 37  28 35 27  52 44 42  46 44 52  37 44 46  42 44 37 
 61 55 52  58 55 61  46 55 58  52 55 46  30 20 13  31 20 30 
 14 20 31  13 20 14  47 39 30  50 39 47  31 39 50  30 39 31 
 71 63 47  73 63 71  50 63 73  47 63 50  90 82 71  91 82 90 
 73 82 91  71 82 73  106 99 90  107 99 106  91 99 107  90 99 91 
 122 115 106  123 115 122  107 115 123  106 115 107  138 131 122  139 131 138 
 123 131 139  122 131 123  153 146 138  154 146 153  139 146 154  138 146 139 
 168 161 153  169 161 168  154 161 169  153 161 154  183 177 168  184 177 183 
 169 177 184  168 177 169  199 192 183  200 192 199  184 192 200  183 192 184 
 214 208 199  215 208 214  200 208 215  199 208 200  230 223 214  231 223 230 
 215 223 231  214 223 215  245 238 230  246 238 245  231 238 246  230 238 231 
 260 254 245  261 254 260  246 254 261  245 254 246  275 269 260  276 269 275 
 261 269 276  260 269 261  290 284 275  291 284 290  276 284 291  275 284 276 
 305 299 290  306 299 305  291 299 306  290 299 291  320 314 305  321 314 320 
 306 314 321  305 314 306  335 329 320  336 329 335  321 329 336  320 329 321 
 350 344 335  351 344 350  336 344 351  335 344 336  365 359 350  366 359 365 
 351 359 366  350 359 351  380 374 365  381 374 380  366 374 381  365 374 366 
 395 389 380  396 389 395  381 389 396  380 389 381  410 404 395  411 404 410 
 396 404 411  395 404 396  425 419 410  426 419 425  411 419 426  410 419 411 
 440 434 425  441 434 440  426 434 441  425 434 426  455 449 440  456 449 455 
 441 449 456  440 449 441  470 464 455  471 464 470  456 464 471  455 464 456 
 485 479 470  486 479 485  471 479 486  470 479 471  500 494 485  501 494 500 
 486 494 501  485 494 486  515 509 500  516 509 515  501 509 516  500 509 501 
 530 524 515  531 524 530  516 524 531  515 524 516  545 539 530  546 539 545 
 531 539 546  530 539 531  560 554 545  561 554 560  546 554 561  545 554 546 
 575 569 560  576 569 575  561 569 576  560 569 561  590 584 575  591 584 590 
 576 584 591  575 584 576  605 599 590  606 599 605  591 599 606  590 599 591 
 620 614 605  621 614 620  606 614 621  605 614 606  635 629 620  636 629 635 
 621 629 636  620 629 621  650 644 635  651 644 650  636 644 651  635 644 636 
 665 659 650  666 659 665  651 659 666  650 659 651  680 674 665  681 674 680 
 666 674 681  665 674 666  695 689 680  696 689 695  681 689 696  680 689 681 
 710 704 695  711 704 710  696 704 711  695 704 696  725 719 710  726 719 725 
 711 719 726  710 719 711  740 734 725  741 734 740  726 734 741  725 734 726 
 755 749 740  756 749 755  741 749 756  740 749 741  770 764 755  771 764 770 
 756 764 771  755 764 756  785 779 770  786 779 785  771 779 786  770 779 771 
 800 794 785  801 794 800  786 794 801  785 794 786  815 809 800  816 809 815 
 801 809 816  800 809 801  830 824 815  831 824 830  816 824 831  815 824 816 
 845 839 830  846 839 845  831 839 846  830 839 831  860 854 845  861 854 860 
 846 854 861  845 854 846  875 869 860  876 869 875  861 869 876  860 869 861 
 890 884 875  891 884 890  876 884 891  875 884 876  905 899 890  906 899 905 
 891 899 906  890 899 891  920 914 905  921 914 920  906 914 921  905 914 906 
 935 929 920  936 929 935  921 929 936  920 929 921  950 944 935  951 944 950 
 936 944 951  935 944 936  965 959 950  966 959 965  951 959 966  950 959 951 
 980 974 965  981 974 980  966 974 981  965 974 966  995 989 980  996 989 995 
 981 989 996  980 989 981  1010 1004 995  1011 1004 1010  996 1004 1011  995 1004 996 
 1025 1019 1010  1026 1019 1025  1011 1019 1026  1010 1019 1011  1040 1034 1025  1041 1034 1040 
 1026 1034 1041  1025 1034 1026  1055 1049 1040  1056 1049 1055  1041 1049 1056  1040 1049 1041 
 1070 1064 1055  1071 1064 1070  1056 1064 1071  1055 1064 1056  1085 1079 1070  1086 1079 1085 
 1071 1079 1086  1070 1079 1071  1100 1094 1085  1101 1094 1100  1086 1094 1101  1085 1094 1086 
 1115 1109 1100  1116 1109 1115  1101 1109 1116  1100 1109 1101  1130 1124 1115  1131 1124 1130 
 1116 1124 1131  1115 1124 1116  1145 1139 1130  1146 1139 1145  1131 1139 1146  1130 1139 1131 
 1160 1154 1145  1161 1154 1160  1146 1154 1161  1145 1154 1146  1175 1169 1160  1176 1169 1175 
 1161 1169 1176  1160 1169 1161  1190 1184 1175  1191 1184 1190  1176 1184 1191  1175 1184 1176 
 31 21 14  32 21 31  16 21 32  14 21 16  50 41 31  53 41 50 
 32 41 53  31 41 32  73 64 50  75 64 73  53 64 75  50 64 53 
 91 84 73  93 84 91  75 84 93  73 84 75  107 100 91  108 100 107 
 93 100 108  91 100 93  123 116 107  124 116 123  108 116 124  107 116 108 
 139 132 123  140 132 139  124 132 140  123 132 124  154 147 139  155 147 154 
 140 147 155  139 147 140  169 162 154  170 162 169  155 162 170  154 162 155 
 184 178 169  186 178 184  170 178 186  169 178 170  200 193 184  201 193 200 
 186 193 201  184 193 186  215 209 200  216 209 215  201 209 216  200 209 201 
 231 224 215  232 224 231  216 224 232  215 224 216  246 239 231  247 239 246 
 232 239 247  231 239 232  261 255 246  262 255 261  247 255 262  246 255 247 
 276 270 261  277 270 276  262 270 277  261 270 262  291 285 276  292 285 291 
 277 285 292  276 285 277  306 300 291  307 300 306  292 300 307  291 300 292 
 321 315 306  322 315 321  307 315 322  306 315 307  336 330 321  337 330 336 
 322 330 337  321 330 322  351 345 336  352 345 351  337 345 352  336 345 337 
 366 360 351  367 360 366  352 360 367  351 360 352  381 375 366  382 375 381 
 367 375 382  366 375 367  396 390 381  397 390 396  382 390 397  381 390 382 
 411 405 396  412 405 411  397 405 412  396 405 397  426 420 411  427 420 426 
 412 420 427  411 420 412  441 435 426  442 435 441  427 435 442  426 435 427 
 456 450 441  457 450 456  442 450 457  441 450 442  471 465 456  472 465 471 
 457 465 472  456 465 457  486 480 471  487 480 486  472 480 487  471 480 472 
 501 495 486  502 495 501  487 495 502  486 495 487  516 510 501  517 510 516 
 502 510 517  501 510 502  531 525 516  532 525 531  517 525 532  516 525 517 
 546 540 531  547 540 546  532 540 547  531 540 532  561 555 546  562 555 561 
 547 555 562  546 555 547  576 570 561  577 570 576  562 570 577  561 570 562 
 591 585 576  592 585 591  577 585 592  576 585 577  606 600 591  607 600 606 
 592 600 607  591 600 592  621 615 606  622 615 621  607 615 622  606 615 607 
 636 630 621  637 630 636  622 630 637  621 630 622  651 645 636  652 645 651 
 637 645 652  636 645 637  666 660 651  667 660 666  652 660 667  651 660 652 
 681 675 666  682 675 681  667 675 682  666 675 667  696 690 681  697 690 696 
 682 690 697  681 690 682  711 705 696  712 705 711  697 705 712  696 705 697 
 726 720 711  727 720 726  712 720 727  711 720 712  741 735 726  742 735 741 
 727 735 742  726 735 727  756 750 741  757 750 756  742 750 757  741 750 742 
 771 765 756  772 765 771  757 765 772  756 765 757  786 780 771  787 780 786 
 772 780 787  771 780 772  801 795 786  802 795 801  787 795 802  786 795 787 
 816 810 801  817 810 816  802 810 817  801 810 802  831 825 816  832 825 831 
 817 825 832  816 825 817  846 840 831  847 840 846  832 840 847  831 840 832 
 861 855 846  862 855 861  847 855 862  846 855 847  876 870 861  877 870 876 
 862 870 877  861 870 862  891 885 876  892 885 891  877 885 892  876 885 877 
 906 900 891  907 900 906  892 900 907  891 900 892  921 915 906  922 915 921 
 907 915 922  906 915 907  936 930 921  937 930 936  922 930 937  921 930 922 
 951 945 936  952 945 951  937 945 952  936 945 937  966 960 951  967 960 966 
 952 960 967  951 960 952  981 975 966  982 975 981  967 975 982  966 975 967 
 996 990 981  997 990 996  982 990 997  981 990 982  1011 1005 996  1012 1005 1011 
 997 1005 1012  996 1005 997  1026 1020 1011  1027 1020 1026  1012 1020 1027  1011 1020 1012 
 1041 1035 1026  1042 1035 1041  1027 1035 1042  1026 1035 1027  1056 1050 1041  1057 1050 1056 
 1042 1050 1057  1041 1050 1042  1071 1065 1056  1072 1065 1071  1057 1065 1072  1056 1065 1057 
 1086 1080 1071  1087 1080 1086  1072 1080 1087  1071 1080 1072  1101 1095 1086  1102 1095 1101 
 1087 1095 1102  1086 1095 1087  1116 1110 1101  1117 1110 1116  1102 1110 1117  1101 1110 1102 
 1131 1125 1116  1132 1125 1131  1117 1125 1132  1116 1125 1117  1146 1140 1131  1147 1140 1146 
 1132 1140 1147  1131 1140 1132  1161 1155 1146  1162 1155 1161  1147 1155 1162  1146 1155 1147 
 1176 1170 1161  1177 1170 1176  1162 1170 1177  1161 1170 1162  1191 1185 1176  1192 1185 1191 
 1177 1185 1192  1176 1185 1177  32 40 25 16  53 59 40 32  75 79 59 53  93 95 79 75 
 108 110 95 93  124 126 110 108  140 141 126 124  155 157 141 140  170 172 157 155  186 188 172 170 
 201 203 188 186  216 218 203 201  232 233 218 216  247 248 233 232  262 263 248 247  277 278 263 262 
 292 293 278 277  307 308 293 292  322 323 308 307  337 338 323 322  352 353 338 337  367 368 353 352 
 382 383 368 367  397 398 383 382  412 413 398 397  427 428 413 412  442 443 428 427  457 458 443 442 
 472 473 458 457  487 488 473 472  502 503 488 487  517 518 503 502  532 533 518 517  547 548 533 532 
 562 563 548 547  577 578 563 562  592 593 578 577  607 608 593 592  622 623 608 607  637 638 623 622 
 652 653 638 637  667 668 653 652  682 683 668 667  697 698 683 682  712 713 698 697  727 728 713 712 
 742 743 728 727  757 758 743 742  772 773 758 757  787 788 773 772  802 803 788 787  817 818 803 802 
 832 833 818 817  847 848 833 832  862 863 848 847  877 878 863 862  892 893 878 877  907 908 893 892 
 922 923 908 907  937 938 923 922  952 953 938 937  967 968 953 952  982 983 968 967  997 998 983 982 
 1012 1013 998 997  1027 1028 1013 1012  1042 1043 1028 1027  1057 1058 1043 1042  1072 1073 1058 1057  1087 1088 1073 1072 
 1102 1103 1088 1087  1117 1118 1103 1102  1132 1133 1118 1117  1147 1148 1133 1132  1162 1163 1148 1147  1177 1178 1163 1162 
 1192 1193 1178 1177  40 34 25  43 34 40  29 34 43  25 34 29  59 49 40 
 62 49 59  43 49 62  40 49 43  79 70 59  80 70 79  62 70 80 
 59 70 62  95 87 79  96 87 95  80 87 96  79 87 80  110 103 95 
 112 103 110  96 103 112  95 103 96  126 118 110  127 118 126  112 118 127 
 110 118 112  141 134 126  143 134 141  127 134 143  126 134 127  157 149 141 
 158 149 157  143 149 158  141 149 143  172 165 157  174 165 172  158 165 174 
 157 165 158  188 180 172  189 180 188  174 180 189  172 180 174  203 195 188 
 204 195 203  189 195 204  188 195 189  218 211 203  219 211 218  204 211 219 
 203 211 204  233 226 218  234 226 233  219 226 234  218 226 219  248 241 233 
 249 241 248  234 241 249  233 241 234  263 256 248  264 256 263  249 256 264 
 248 256 249  278 271 263  279 271 278  264 271 279  263 271 264  293 286 278 
 294 286 293  279 286 294  278 286 279  308 301 293  309 301 308  294 301 309 
 293 301 294  323 316 308  324 316 323  309 316 324  308 316 309  338 331 323 
 339 331 338  324 331 339  323 331 324  353 346 338  354 346 353  339 346 354 
 338 346 339  368 361 353  369 361 368  354 361 369  353 361 354  383 376 368 
 384 376 383  369 376 384  368 376 369  398 391 383  399 391 398  384 391 399 
 383 391 384  413 406 398  414 406 413  399 406 414  398 406 399  428 421 413 
 429 421 428  414 421 429  413 421 414  443 436 428  444 436 443  429 436 444 
 428 436 429  458 451 443  459 451 458  444 451 459  443 451 444  473 466 458 
 474 466 473  459 466 474  458 466 459  488 481 473  489 481 488  474 481 489 
 473 481 474  503 496 488  504 496 503  489 496 504  488 496 489  518 511 503 
 519 511 518  504 511 519  503 511 504  533 526 518  534 526 533  519 526 534 
 518 526 519  548 541 533  549 541 548  534 541 549  533 541 534  563 556 548 
 564 556 563  549 556 564  548 556 549  578 571 563  579 571 578  564 571 579 
 563 571 564  593 586 578  594 586 593  579 586 594  578 586 579  608 601 593 
 609 601 608  594 601 609  593 601 594  623 616 608  624 616 623  609 616 624 
 608 616 609  638 631 623  639 631 638  624 631 639  623 631 624  653 646 638 
 654 646 653  639 646 654  638 646 639  668 661 653  669 661 668  654 661 669 
 653 661 654  683 676 668  684 676 683  669 676 684  668 676 669  698 691 683 
 699 691 698  684 691 699  683 691 684  713 706 698  714 706 713  699 706 714 
 698 706 699  728 721 713  729 721 728  714 721 729  713 721 714  743 736 728 
 744 736 743  729 736 744  728 736 729  758 751 743  759 751 758  744 751 759 
 743 751 744  773 766 758  774 766 773  759 766 774  758 766 759  788 781 773 
 789 781 788  774 781 789  773 781 774  803 796 788  804 796 803  789 796 804 
 788 796 789  818 811 803  819 811 818  804 811 819  803 811 804  833 826 818 
 834 826 833  819 826 834  818 826 819  848 841 833  849 841 848  834 841 849 
 833 841 834  863 856 848  864 856 863  849 856 864  848 856 849  878 871 863 
 879 871 878  864 871 879  863 871 864  893 886 878  894 886 893  879 886 894 
 878 886 879  908 901 893  909 901 908  894 901 909  893 901 894  923 916 908 
 924 916 923  909 916 924  908 916 909  938 931 923  939 931 938  924 931 939 
 923 931 924  953 946 938  954 946 953  939 946 954  938 946 939  968 961 953 
 969 961 968  954 961 969  953 961 954  983 976 968  984 976 983  969 976 984 
 968 976 969  998 991 983  999 991 998  984 991 999  983 991 984  1013 1006 998 
 1014 1006 1013  999 1006 1014  998 1006 999  1028 1021 1013  1029 1021 1028  1014 1021 1029 
 1013 1021 1014  1043 1036 1028  1044 1036 1043  1029 1036 1044  1028 1036 1029  1058 1051 1043 
 1059 1051 1058  1044 1051 1059  1043 1051 1044  1073 1066 1058  1074 1066 1073  1059 1066 1074 
 1058 1066 1059  1088 1081 1073  1089 1081 1088  1074 1081 1089  1073 1081 1074  1103 1096 1088 
 1104 1096 1103  1089 1096 1104  1088 1096 1089  1118 1111 1103  1119 1111 1118  1104 1111 1119 
 1103 1111 1104  1133 1126 1118  1134 1126 1133  1119 1126 1134  1118 1126 1119  1148 1141 1133 
 1149 1141 1148  1134 1141 1149  1133 1141 1134  1163 1156 1148  1164 1156 1163  1149 1156 1164 
 1148 1156 1149  1178 1171 1163  1179 1171 1178  1164 1171 1179  1163 1171 1164  1193 1186 1178 
 1194 1186 1193  1179 1186 1194  1178 1186 1179  43 36 29  45 36 43  33 36 45 
 29 36 33  62 54 43  66 54 62  45 54 66  43 54 45  80 72 62 
 83 72 80  66 72 83  62 72 66  96 88 80  97 88 96  83 88 97 
 80 88 83  112 104 96  113 104 112  97 104 113  96 104 97  127 120 112 
 129 120 127  113 120 129  112 120 113  143 135 127  144 135 143  129 135 144 
 127 135 129  158 151 143  160 151 158  144 151 160  143 151 144  174 166 158 
 175 166 174  160 166 175  158 166 160  189 181 174  190 181 189  175 181 190 
 174 181 175  204 197 189  205 197 204  190 197 205  189 197 190  219 212 204 
 220 212 219  205 212 220  204 212 205  234 227 219  235 227 234  220 227 235 
 219 227 220  249 242 234  250 242 249  235 242 250  234 242 235  264 257 249 
 265 257 264  250 257 265  249 257 250  279 272 264  280 272 279  265 272 280 
 264 272 265  294 287 279  295 287 294  280 287 295  279 287 280  309 302 294 
 310 302 309  295 302 310  294 302 295  324 317 309  325 317 324  310 317 325 
 309 317 310  339 332 324  340 332 339  325 332 340  324 332 325  354 347 339 
 355 347 354  340 347 355  339 347 340  369 362 354  370 362 369  355 362 370 
 354 362 355  384 377 369  385 377 384  370 377 385  369 377 370  399 392 384 
 400 392 399  385 392 400  384 392 385  414 407 399  415 407 414  400 407 415 
 399 407 400  429 422 414  430 422 429  415 422 430  414 422 415  444 437 429 
 445 437 444  430 437 445  429 437 430  459 452 444  460 452 459  445 452 460 
 444 452 445  474 467 459  475 467 474  460 467 475  459 467 460  489 482 474 
 490 482 489  475 482 490  474 482 475  504 497 489  505 497 504  490 497 505 
 489 497 490  519 512 504  520 512 519  505 512 520  504 512 505  534 527 519 
 535 527 534  520 527 535  519 527 520  549 542 534  550 542 549  535 542 550 
 534 542 535  564 557 549  565 557 564  550 557 565  549 557 550  579 572 564 
 580 572 579  565 572 580  564 572 565  594 587 579  595 587 594  580 587 595 
 579 587 580  609 602 594  610 602 609  595 602 610  594 602 595  624 617 609 
 625 617 624  610 617 625  609 617 610  639 632 624  640 632 639  625 632 640 
 624 632 625  654 647 639  655 647 654  640 647 655  639 647 640  669 662 654 
 670 662 669  655 662 670  654 662 655  684 677 669  685 677 684  670 677 685 
 669 677 670  699 692 684  700 692 699  685 692 700  684 692 685  714 707 699 
 715 707 714  700 707 715  699 707 700  729 722 714  730 722 729  715 722 730 
 714 722 715  744 737 729  745 737 744  730 737 745  729 737 730  759 752 744 
 760 752 759  745 752 760  744 752 745  774 767 759  775 767 774  760 767 775 
 759 767 760  789 782 774  790 782 789  775 782 790  774 782 775  804 797 789 
 805 797 804  790 797 805  789 797 790  819 812 804  820 812 819  805 812 820 
 804 812 805  834 827 819  835 827 834  820 827 835  819 827 820  849 842 834 
 850 842 849  835 842 850  834 842 835  864 857 849  865 857 864  850 857 865 
 849 857 850  879 872 864  880 872 879  865 872 880  864 872 865  894 887 879 
 895 887 894  880 887 895  879 887 880  909 902 894  910 902 909  895 902 910 
 894 902 895  924 917 909  925 917 924  910 917 925  909 917 910  939 932 924 
 940 932 939  925 932 940  924 932 925  954 947 939  955 947 954  940 947 955 
 939 947 940  969 962 954  970 962 969  955 962 970  954 962 955  984 977 969 
 985 977 984  970 977 985  969 977 970  999 992 984  1000 992 999  985 992 1000 
 984 992 985  1014 1007 999  1015 1007 1014  1000 1007 1015  999 1007 1000  1029 1022 1014 
 1030 1022 1029  1015 1022 1030  1014 1022 1015  1044 1037 1029  1045 1037 1044  1030 1037 1045 
 1029 1037 1030  1059 1052 1044  1060 1052 1059  1045 1052 1060  1044 1052 1045  1074 1067 1059 
 1075 1067 1074  1060 1067 1075  1059 1067 1060  1089 1082 1074  1090 1082 1089  1075 1082 1090 
 1074 1082 1075  1104 1097 1089  1105 1097 1104  1090 1097 1105  1089 1097 1090  1119 1112 1104 
 1120 1112 1119  1105 1112 1120  1104 1112 1105  1134 1127 1119  1135 1127 1134  1120 1127 1135 
 1119 1127 1120  1149 1142 1134  1150 1142 1149  1135 1142 1150  1134 1142 1135  1164 1157 1149 
 1165 1157 1164  1150 1157 1165  1149 1157 1150  1179 1172 1164  1180 1172 1179  1165 1172 1180 
 1164 1172 1165  1194 1187 1179  1195 1187 1194  1180 1187 1195  1179 1187 1180  45 65 51 33 
 66 77 65 45  83 92 77 66  97 105 92 83  113 119 105 97  129 133 119 113  144 148 133 129 
 160 163 148 144  175 176 163 160  190 191 176 175  205 206 191 190  220 221 206 205  235 236 221 220 
 250 251 236 235  265 266 251 250  280 281 266 265  295 296 281 280  310 311 296 295  325 326 311 310 
 340 341 326 325  355 356 341 340  370 371 356 355  385 386 371 370  400 401 386 385  415 416 401 400 
 430 431 416 415  445 446 431 430  460 461 446 445  475 476 461 460  490 491 476 475  505 506 491 490 
 520 521 506 505  535 536 521 520  550 551 536 535  565 566 551 550  580 581 566 565  595 596 581 580 
 610 611 596 595  625 626 611 610  640 641 626 625  655 656 641 640  670 671 656 655  685 686 671 670 
 700 701 686 685  715 716 701 700  730 731 716 715  745 746 731 730  760 761 746 745  775 776 761 760 
 790 791 776 775  805 806 791 790  820 821 806 805  835 836 821 820  850 851 836 835  865 866 851 850 
 880 881 866 865  895 896 881 880  910 911 896 895  925 926 911 910  940 941 926 925  955 956 941 940 
 970 971 956 955  985 986 971 970  1000 1001 986 985  1015 1016 1001 1000  1030 1031 1016 1015  1045 1046 1031 1030 
 1060 1061 1046 1045  1075 1076 1061 1060  1090 1091 1076 1075  1105 1106 1091 1090  1120 1121 1106 1105  1135 1136 1121 1120 
 1150 1151 1136 1135  1165 1166 1151 1150  1180 1181 1166 1165  1195 1196 1181 1180  65 60 51  69 60 65 
 56 60 69  51 60 56  77 74 65  81 74 77  69 74 81  65 74 69 
 92 86 77  94 86 92  81 86 94  77 86 81  105 101 92  109 101 105 
 94 101 109  92 101 94  119 114 105  121 114 119  109 114 121  105 114 109 
 133 128 119  136 128 133  121 128 136  119 128 121  148 142 133  150 142 148 
 136 142 150  133 142 136  163 156 148  164 156 163  150 156 164  148 156 150 
 176 171 163  179 171 176  164 171 179  163 171 164  191 185 176  194 185 191 
 179 185 194  176 185 179  206 198 191  207 198 206  194 198 207  191 198 194 
 221 213 206  222 213 221  207 213 222  206 213 207  236 228 221  237 228 236 
 222 228 237  221 228 222  251 243 236  252 243 251  237 243 252  236 243 237 
 266 258 251  267 258 266  252 258 267  251 258 252  281 273 266  282 273 281 
 267 273 282  266 273 267  296 288 281  297 288 296  282 288 297  281 288 282 
 311 303 296  312 303 311  297 303 312  296 303 297  326 318 311  327 318 326 
 312 318 327  311 318 312  341 333 326  342 333 341  327 333 342  326 333 327 
 356 348 341  357 348 356  342 348 357  341 348 342  371 363 356  372 363 371 
 357 363 372  356 363 357  386 378 371  387 378 386  372 378 387  371 378 372 
 401 393 386  402 393 401  387 393 402  386 393 387  416 408 401  417 408 416 
 402 408 417  401 408 402  431 423 416  432 423 431  417 423 432  416 423 417 
 446 438 431  447 438 446  432 438 447  431 438 432  461 453 446  462 453 461 
 447 453 462  446 453 447  476 468 461  477 468 476  462 468 477  461 468 462 
 491 483 476  492 483 491  477 483 492  476 483 477  506 498 491  507 498 506 
 492 498 507  491 498 492  521 513 506  522 513 521  507 513 522  506 513 507 
 536 528 521  537 528 536  522 528 537  521 528 522  551 543 536  552 543 551 
 537 543 552  536 543 537  566 558 551  567 558 566  552 558 567  551 558 552 
 581 573 566  582 573 581  567 573 582  566 573 567  596 588 581  597 588 596 
 582 588 597  581 588 582  611 603 596  612 603 611  597 603 612  596 603 597 
 626 618 611  627 618 626  612 618 627  611 618 612  641 633 626  642 633 641 
 627 633 642  626 633 627  656 648 641  657 648 656  642 648 657  641 648 642 
 671 663 656  672 663 671  657 663 672  656 663 657  686 678 671  687 678 686 
 672 678 687  671 678 672  701 693 686  702 693 701  687 693 702  686 693 687 
 716 708 701  717 708 716  702 708 717  701 708 702  731 723 716  732 723 731 
 717 723 732  716 723 717  746 738 731  747 738 746  732 738 747  731 738 732 
 761 753 746  762 753 761  747 753 762  746 753 747  776 768 761  777 768 776 
 762 768 777  761 768 762  791 783 776  792 783 791  777 783 792  776 783 777 
 806 798 791  807 798 806  792 798 807  791 798 792  821 813 806  822 813 821 
 807 813 822  806 813 807  836 828 821  837 828 836  822 828 837  821 828 822 
 851 843 836  852 843 851  837 843 852  836 843 837  866 858 851  867 858 866 
 852 858 867  851 858 852  881 873 866  882 873 881  867 873 882  866 873 867 
 896 888 881  897 888 896  882 888 897  881 888 882  911 903 896  912 903 911 
 897 903 912  896 903 897  926 918 911  927 918 926  912 918 927  911 918 912 
 941 933 926  942 933 941  927 933 942  926 933 927  956 948 941  957 948 956 
 942 948 957  941 948 942  971 963 956  972 963 971  957 963 972  956 963 957 
 986 978 971  987 978 986  972 978 987  971 978 972  1001 993 986  1002 993 1001 
 987 993 1002  986 993 987  1016 1008 1001  1017 1008 1016  1002 1008 1017  1001 1008 1002 
 1031 1023 1016  1032 1023 1031  1017 1023 1032  1016 1023 1017  1046 1038 1031  1047 1038 1046 
 1032 1038 1047  1031 1038 1032  1061 1053 1046  1062 1053 1061  1047 1053 1062  1046 1053 1047 
 1076 1068 1061  1077 1068 1076  1062 1068 1077  1061 1068 1062  1091 1083 1076  1092 1083 1091 
 1077 1083 1092  1076 1083 1077  1106 1098 1091  1107 1098 1106  1092 1098 1107  1091 1098 1092 
 1121 1113 1106  1122 1113 1121  1107 1113 1122  1106 1113 1107  1136 1128 1121  1137 1128 1136 
 1122 1128 1137  1121 1128 1122  1151 1143 1136  1152 1143 1151  1137 1143 1152  1136 1143 1137 
 1166 1158 1151  1167 1158 1166  1152 1158 1167  1151 1158 1152  1181 1173 1166  1182 1173 1181 
 1167 1173 1182  1166 1173 1167  1196 1188 1181  1197 1188 1196  1182 1188 1197  1181 1188 1182 
 69 68 56  76 68 69  67 68 76  56 68 67  81 78 69  85 78 81 
 76 78 85  69 78 76  94 89 81  98 89 94  85 89 98  81 89 85 
 109 102 94  111 102 109  98 102 111  94 102 98  121 117 109  125 117 121 
 111 117 125  109 117 111  136 130 121  137 130 136  125 130 137  121 130 125 
 150 145 136  152 145 150  137 145 152  136 145 137  164 159 150  167 159 164 
 152 159 167  150 159 152  179 173 164  182 173 179  167 173 182  164 173 167 
 194 187 179  196 187 194  182 187 196  179 187 182  207 202 194  210 202 207 
 196 202 210  194 202 196  222 217 207  225 217 222  210 217 225  207 217 210 
 237 229 222  240 229 237  225 229 240  222 229 225  252 244 237  253 244 252 
 240 244 253  237 244 240  267 259 252  268 259 267  253 259 268  252 259 253 
 282 274 267  283 274 282  268 274 283  267 274 268  297 289 282  298 289 297 
 283 289 298  282 289 283  312 304 297  313 304 312  298 304 313  297 304 298 
 327 319 312  328 319 327  313 319 328  312 319 313  342 334 327  343 334 342 
 328 334 343  327 334 328  357 349 342  358 349 357  343 349 358  342 349 343 
 372 364 357  373 364 372  358 364 373  357 364 358  387 379 372  388 379 387 
 373 379 388  372 379 373  402 394 387  403 394 402  388 394 403  387 394 388 
 417 409 402  418 409 417  403 409 418  402 409 403  432 424 417  433 424 432 
 418 424 433  417 424 418  447 439 432  448 439 447  433 439 448  432 439 433 
 462 454 447  463 454 462  448 454 463  447 454 448  477 469 462  478 469 477 
 463 469 478  462 469 463  492 484 477  493 484 492  478 484 493  477 484 478 
 507 499 492  508 499 507  493 499 508  492 499 493  522 514 507  523 514 522 
 508 514 523  507 514 508  537 529 522  538 529 537  523 529 538  522 529 523 
 552 544 537  553 544 552  538 544 553  537 544 538  567 559 552  568 559 567 
 553 559 568  552 559 553  582 574 567  583 574 582  568 574 583  567 574 568 
 597 589 582  598 589 597  583 589 598  582 589 583  612 604 597  613 604 612 
 598 604 613  597 604 598  627 619 612  628 619 627  613 619 628  612 619 613 
 642 634 627  643 634 642  628 634 643  627 634 628  657 649 642  658 649 657 
 643 649 658  642 649 643  672 664 657  673 664 672  658 664 673  657 664 658 
 687 679 672  688 679 687  673 679 688  672 679 673  702 694 687  703 694 702 
 688 694 703  687 694 688  717 709 702  718 709 717  703 709 718  702 709 703 
 732 724 717  733 724 732  718 724 733  717 724 718  747 739 732  748 739 747 
 733 739 748  732 739 733  762 754 747  763 754 762  748 754 763  747 754 748 
 777 769 762  778 769 777  763 769 778  762 769 763  792 784 777  793 784 792 
 778 784 793  777 784 778  807 799 792  808 799 807  793 799 808  792 799 793 
 822 814 807  823 814 822  808 814 823  807 814 808  837 829 822  838 829 837 
 823 829 838  822 829 823  852 844 837  853 844 852  838 844 853  837 844 838 
 867 859 852  868 859 867  853 859 868  852 859 853  882 874 867  883 874 882 
 868 874 883  867 874 868  897 889 882  898 889 897  883 889 898  882 889 883 
 912 904 897  913 904 912  898 904 913  897 904 898  927 919 912  928 919 927 
 913 919 928  912 919 913  942 934 927  943 934 942  928 934 943  927 934 928 
 957 949 942  958 949 957  943 949 958  942 949 943  972 964 957  973 964 972 
 958 964 973  957 964 958  987 979 972  988 979 987  973 979 988  972 979 973 
 1002 994 987  1003 994 1002  988 994 1003  987 994 988  1017 1009 1002  1018 1009 1017 
 1003 1009 1018  1002 1009 1003  1032 1024 1017  1033 1024 1032  1018 1024 1033  1017 1024 1018 
 1047 1039 1032  1048 1039 1047  1033 1039 1048  1032 1039 1033  1062 1054 1047  1063 1054 1062 
 1048 1054 1063  1047 1054 1048  1077 1069 1062  1078 1069 1077  1063 1069 1078  1062 1069 1063 
 1092 1084 1077  1093 1084 1092  1078 1084 1093  1077 1084 1078  1107 1099 1092  1108 1099 1107 
 1093 1099 1108  1092 1099 1093  1122 1114 1107  1123 1114 1122  1108 1114 1123  1107 1114 1108 
 1137 1129 1122  1138 1129 1137  1123 1129 1138  1122 1129 1123  1152 1144 1137  1153 1144 1152 
 1138 1144 1153  1137 1144 1138  1167 1159 1152  1168 1159 1167  1153 1159 1168  1152 1159 1153 
 1182 1174 1167  1183 1174 1182  1168 1174 1183  1167 1174 1168  1197 1189 1182  1198 1189 1197 
 1183 1189 1198  1182 1189 1183  1225 1216 1224  1208 1216 1225  1207 1216 1208  1224 1216 1207 
 1226 1217 1225  1209 1217 1226  1208 1217 1209  1225 1217 1208  1227 1218 1226  1210 1218 1227 
 1209 1218 1210  1226 1218 1209  1228 1219 1227  1211 1219 1228  1210 1219 1211  1227 1219 1210 
 1229 1220 1228  1212 1220 1229  1211 1220 1212  1228 1220 1211  1230 1221 1229  1213 1221 1230 
 1212 1221 1213  1229 1221 1212  1231 1222 1230  1214 1222 1231  1213 1222 1214  1230 1222 1213 
 1232 1223 1231  1215 1223 1232  1214 1223 1215  1231 1223 1214  1208 1199 1207  1191 1199 1208 
 1190 1199 1191  1207 1199 1190  1209 1200 1208  1192 1200 1209  1191 1200 1192  1208 1200 1191 
 1210 1201 1209  1193 1201 1210  1192 1201 1193  1209 1201 1192  1211 1202 1210  1194 1202 1211 
 1193 1202 1194  1210 1202 1193  1212 1203 1211  1195 1203 1212  1194 1203 1195  1211 1203 1194 
 1213 1204 1212  1196 1204 1213  1195 1204 1196  1212 1204 1195  1214 1205 1213  1197 1205 1214 
 1196 1205 1197  1213 1205 1196  1215 1206 1214  1198 1206 1215  1197 1206 1198  1214 1206 1197 
  MBT3   MBT3   MBT3   MBT3   MBT3   MBT3   MBT3   MBT3   MBT3   MBT3   MBT3   MBT3   MBT3   MBT3   MBT3   MBT3   MBT3   MBT3   MBT3   MBT3   MBT3   MBT3   MBT3   MBT3 
  MBT3   MBT3   MBT3   MBT3   MBT3   MBT3   MBT3   MBT3   MBT3   MBT3   MBT3   MBT3   MBT3   MBT3   MBT3   MBT3   MBT3   MBT3   MBT3   MBT3   MBT3   MBT3   MBT3   MBT3 
  MBT3   MBT3   MBT3   MBT3   MBT3   MBT3   MBT3   MBT3   MBT3   MBT3   MBT3   MBT3   MBT3   MBT3   MBT3   MBT3   MBT3   MBT3   MBT3   MBT3   MBT3   MBT3   MBT3   MBT3 
  MBT3   MBT3   MBT3   MBT3   MBT3   MBT3   MBT3   MBT3   MBT3   MBT3   MBT3   MBT3   MBT3   MBT3   MBT3   MBT3   MBT3   MBT3   MBT3   MBT3   MBT3   MBT3   MBT3   MBT3 
  MBT3   MBT3   MBT3   MBT3   MBT3   MBT3   MBT3   MBT3   MBT3   MBT3   MBT3   MBT3   MBT3   MBT3   MBT3   MBT3   MBT3   MBT3   MBT3   MBT3   MBT3   MBT3   MBT3   MBT3 
  MBT3   MBT3   MBT3   MBT3   MBT3   MBT3   MBT3   MBT3   MBT3   MBT3   MBT3   MBT3   MBT3   MBT3   MBT3   MBT3   MBT3   MBT3   MBT3   MBT3   MBT3   MBT3   MBT3   MBT3 
  MBT3   MBT3   MBT3   MBT3   MBT3   MBT3   MBT3   MBT3   MBT3   MBT3   MBT3   MBT3   MBT3   MBT3   MBT3   MBT3   MBT3   MBT3   MBT3   MBT3   MBT3   MBT3   MBT3   MBT3 
  MBT3   MBT3   MBT3   MBT3   MBT3   MBT3   MBT3   MBT3   MBT3   MBT3   MBT3   MBT3   MBT3   MBT3   MBT3   MBT3   MBT3   MBT3   MBT3   MBT3   MBT3   MBT3   MBT3   MBT3 
  MBT3   MBT3   MBT3   MBT3   MBT3   MBT3   MBT3   MBT3   MBT3   MBT3   MBT3   MBT3   MBT3   MBT3   MBT3   MBT3   MBT3   MBT3   MBT3   MBT3   MBT3   MBT3   MBT3   MBT3 
  MBT3   MBT3   MBT3   MBT3   MBT3   MBT3   MBT3   MBT3   MBT3   MBT3   MBT3   MBT3   MBT3   MBT3   MBT3   MBT3   MBT3   MBT3   MBT3   MBT3   MBT3   MBT3   MBT3   MBT3 
  MBT3   MBT3   MBT3   MBT3   MBT3   MBT3   MBT3   MBT3   MBT3   MBT3   MBT3   MBT3   MBT3   MBT3   MBT3   MBT3   MBT3   MBT3   MBT3   MBT3   MBT3   MBT3   MBT3   MBT3 
  MBT3   MBT3   MBT3   MBT3   MBT3   MBT3   MBT3   MBT3   MBT3   MBT3   MBT3   MBT3   MBT3   MBT3   MBT3   MBT3   MBT3   MBT3   MBT3   MBT3   MBT3   MBT3   MBT3   MBT3 
  MBT3   MBT3   MBT3   MBT3   MBT3   MBT3   MBT3   MBT3   MBT3   MBT3   MBT3   MBT3   MBT3   MBT3   MBT3   MBT3   MBT3   MBT3   MBT3   MBT3   MBT3   MBT3   MBT3   MBT3 
  MBT3   MBT3   MBT3   MBT3   MBT3   MBT3   MBT3   MBT3   MBT3   MBT3   MBT3   MBT3   MBT3   MBT3   MBT3   MBT3   MBT3   MBT3   MBT3   MBT3   MBT3   MBT3   MBT3   MBT3 
  MBT3   MBT3   MBT3   MBT3   MBT3   MBT3   MBT3   MBT3   MBT3   MBT3   MBT3   MBT3   MBT3   MBT3   MBT3   MBT3   MBT3   MBT3   MBT3   MBT3   MBT3   MBT3   MBT3   MBT3 
  MBT3   MBT3   MBT3   MBT3   MBT3   MBT3   MBT3   MBT3   MBT3   MBT3   MBT3   MBT3   MBT3   MBT3   MBT3   MBT3   MBT3   MBT3   MBT3   MBT3   MBT3   MBT3   MBT3   MBT3 
  MBT3   MBT3   MBT3   MBT3   MBT3   MBT3   MBT3   MBT3   MBT3   MBT3   MBT3   MBT3   MBT3   MBT3   MBT3   MBT3   MBT3   MBT3   MBT3   MBT3   MBT3   MBT3   MBT3   MBT3 
  MBT3   MBT3   MBT3   MBT3   MBT3   MBT3   MBT3   MBT3   MBT3   MBT3   MBT3   MBT3   MBT3   MBT3   MBT3   MBT3   MBT3   MBT3   MBT3   MBT3   MBT3   MBT3   MBT3   MBT3 
  MBT3   MBT3   MBT3   MBT3   MBT3   MBT3   MBT3   MBT3   MBT3   MBT3   MBT3   MBT3   MBT3   MBT3   MBT3   MBT3   MBT3   MBT3   MBT3   MBT3   MBT3   MBT3   MBT3   MBT3 
  MBT3   MBT3   MBT3   MBT3   MBT3   MBT3   MBT3   MBT3   MBT3   MBT3   MBT3   MBT3   MBT3   MBT3   MBT3   MBT3   MBT3   MBT3   MBT3   MBT3   MBT3   MBT3   MBT3   MBT3 
  MBT3   MBT3   MBT3   MBT3   MBT3   MBT3   MBT3   MBT3   MBT3   MBT3   MBT3   MBT3   MBT3   MBT3   MBT3   MBT3   MBT3   MBT3   MBT3   MBT3   MBT3   MBT3   MBT3   MBT3 
  MBT3   MBT3   MBT3   MBT3   MBT3   MBT3   MBT3   MBT3   MBT3   MBT3   MBT3   MBT3   MBT3   MBT3   MBT3   MBT3   MBT3   MBT3   MBT3   MBT3   MBT3   MBT3   MBT3   MBT3 
  MBT3   MBT3   MBT3   MBT3   MBT3   MBT3   MBT3   MBT3   MBT3   MBT3   MBT3   MBT3   MBT3   MBT3   MBT3   MBT3   MBT3   MBT3   MBT3   MBT3   MBT3   MBT3   MBT3   MBT3 
  MBT3   MBT3   MBT3   MBT3   MBT3   MBT3   MBT3   MBT3   MBT3   MBT3   MBT3   MBT3   MBT3   MBT3   MBT3   MBT3   MBT3   MBT3   MBT3   MBT3   MBT3   MBT3   MBT3   MBT3 
  MBT3   MBT3   MBT3   MBT3   MBT3   MBT3   MBT3   MBT3   MBT3   MBT3   MBT3   MBT3   MBT3   MBT3   MBT3   MBT3   MBT3   MBT3   MBT3   MBT3   MBT3   MBT3   MBT3   MBT3 
  MBT3   MBT3   MBT3   MBT3   MBT3   MBT3   MBT3   MBT3   MBT3   MBT3   MBT3   MBT3   MBT3   MBT3   MBT3   MBT3   MBT3   MBT3   MBT3   MBT3   MBT3   MBT3   MBT3   MBT3 
  MBT3   MBT3   MBT3   MBT3   MBT3   MBT3   MBT3   MBT3   MBT3   MBT3   MBT3   MBT3   MBT3   MBT3   MBT3   MBT3   MBT3   MBT3   MBT3   MBT3   MBT3   MBT3   MBT3   MBT3 
  MBT3   MBT3   MBT3   MBT3   MBT3   MBT3   MBT3   MBT3   MBT3   MBT3   MBT3   MBT3   MBT3   MBT3   MBT3   MBT3   MBT3   MBT3   MBT3   MBT3   MBT3   MBT3   MBT3   MBT3 
  MBT3   MBT3   MBT3   MBT3   MBT3   MBT3   MBT3   MBT3   MBQ4   MBQ4   MBQ4   MBQ4   MBQ4   MBQ4   MBQ4   MBQ4   MBQ4   MBQ4   MBQ4   MBQ4   MBQ4   MBQ4   MBQ4   MBQ4 
  MBQ4   MBQ4   MBQ4   MBQ4   MBQ4   MBQ4   MBQ4   MBQ4   MBQ4   MBQ4   MBQ4   MBQ4   MBQ4   MBQ4   MBQ4   MBQ4   MBQ4   MBQ4   MBQ4   MBQ4   MBQ4   MBQ4   MBQ4   MBQ4 
  MBQ4   MBQ4   MBQ4   MBQ4   MBQ4   MBQ4   MBQ4   MBQ4   MBQ4   MBQ4   MBQ4   MBQ4   MBQ4   MBQ4   MBQ4   MBQ4   MBQ4   MBQ4   MBQ4   MBQ4   MBQ4   MBQ4   MBQ4   MBQ4 
  MBQ4   MBQ4   MBQ4   MBQ4   MBQ4   MBQ4   MBQ4   MBQ4   MBQ4   MBQ4   MBQ4   MBQ4   MBQ4   MBT3   MBT3   MBT3   MBT3   MBT3   MBT3   MBT3   MBT3   MBT3   MBT3   MBT3 
  MBT3   MBT3   MBT3   MBT3   MBT3   MBT3   MBT3   MBT3   MBT3   MBT3   MBT3   MBT3   MBT3   MBT3   MBT3   MBT3   MBT3   MBT3   MBT3   MBT3   MBT3   MBT3   MBT3   MBT3 
  MBT3   MBT3   MBT3   MBT3   MBT3   MBT3   MBT3   MBT3   MBT3   MBT3   MBT3   MBT3   MBT3   MBT3   MBT3   MBT3   MBT3   MBT3   MBT3   MBT3   MBT3   MBT3   MBT3   MBT3 
  MBT3   MBT3   MBT3   MBT3   MBT3   MBT3   MBT3   MBT3   MBT3   MBT3   MBT3   MBT3   MBT3   MBT3   MBT3   MBT3   MBT3   MBT3   MBT3   MBT3   MBT3   MBT3   MBT3   MBT3 
  MBT3   MBT3   MBT3   MBT3   MBT3   MBT3   MBT3   MBT3   MBT3   MBT3   MBT3   MBT3   MBT3   MBT3   MBT3   MBT3   MBT3   MBT3   MBT3   MBT3   MBT3   MBT3   MBT3   MBT3 
  MBT3   MBT3   MBT3   MBT3   MBT3   MBT3   MBT3   MBT3   MBT3   MBT3   MBT3   MBT3   MBT3   MBT3   MBT3   MBT3   MBT3   MBT3   MBT3   MBT3   MBT3   MBT3   MBT3   MBT3 
  MBT3   MBT3   MBT3   MBT3   MBT3   MBT3   MBT3   MBT3   MBT3   MBT3   MBT3   MBT3   MBT3   MBT3   MBT3   MBT3   MBT3   MBT3   MBT3   MBT3   MBT3   MBT3   MBT3   MBT3 
  MBT3   MBT3   MBT3   MBT3   MBT3   MBT3   MBT3   MBT3   MBT3   MBT3   MBT3   MBT3   MBT3   MBT3   MBT3   MBT3   MBT3   MBT3   MBT3   MBT3   MBT3   MBT3   MBT3   MBT3 
  MBT3   MBT3   MBT3   MBT3   MBT3   MBT3   MBT3   MBT3   MBT3   MBT3   MBT3   MBT3   MBT3   MBT3   MBT3   MBT3   MBT3   MBT3   MBT3   MBT3   MBT3   MBT3   MBT3   MBT3 
  MBT3   MBT3   MBT3   MBT3   MBT3   MBT3   MBT3   MBT3   MBT3   MBT3   MBT3   MBT3   MBT3   MBT3   MBT3   MBT3   MBT3   MBT3   MBT3   MBT3   MBT3   MBT3   MBT3   MBT3 
  MBT3   MBT3   MBT3   MBT3   MBT3   MBT3   MBT3   MBT3   MBT3   MBT3   MBT3   MBT3   MBT3   MBT3   MBT3   MBT3   MBT3   MBT3   MBT3   MBT3   MBT3   MBT3   MBT3   MBT3 
  MBT3   MBT3   MBT3   MBT3   MBT3   MBT3   MBT3   MBT3   MBT3   MBT3   MBT3   MBT3   MBT3   MBT3   MBT3   MBT3   MBT3   MBT3   MBT3   MBT3   MBT3   MBT3   MBT3   MBT3 
  MBT3   MBT3   MBT3   MBT3   MBT3   MBT3   MBT3   MBT3   MBT3   MBT3   MBT3   MBT3   MBT3   MBT3   MBT3   MBT3   MBT3   MBT3   MBT3   MBT3   MBT3   MBT3   MBT3   MBT3 
  MBT3   MBT3   MBT3   MBT3   MBT3   MBT3   MBT3   MBT3   MBT3   MBT3   MBT3   MBT3   MBT3   MBT3   MBT3   MBT3   MBT3   MBT3   MBT3   MBT3   MBT3   MBT3   MBT3   MBT3 
  MBT3   MBT3   MBT3   MBT3   MBT3   MBT3   MBT3   MBT3   MBT3   MBT3   MBT3   MBT3   MBT3   MBT3   MBT3   MBT3   MBT3   MBT3   MBT3   MBT3   MBT3   MBT3   MBT3   MBT3 
  MBT3   MBT3   MBT3   MBT3   MBT3   MBT3   MBT3   MBT3   MBT3   MBT3   MBT3   MBT3   MBT3   MBT3   MBT3   MBT3   MBT3   MBT3   MBT3   MBT3   MBT3   MBT3   MBT3   MBT3 
  MBT3   MBT3   MBT3   MBT3   MBT3   MBT3   MBT3   MBT3   MBT3   MBT3   MBT3   MBT3   MBT3   MBT3   MBT3   MBT3   MBT3   MBT3   MBT3   MBT3   MBT3   MBT3   MBT3   MBT3 
  MBT3   MBT3   MBT3   MBT3   MBT3   MBT3   MBT3   MBT3   MBT3   MBT3   MBT3   MBT3   MBT3   MBT3   MBT3   MBT3   MBT3   MBT3   MBT3   MBT3   MBT3   MBT3   MBT3   MBT3 
  MBT3   MBT3   MBT3   MBT3   MBT3   MBT3   MBT3   MBT3   MBT3   MBT3   MBT3   MBT3   MBT3   MBT3   MBT3   MBT3   MBT3   MBT3   MBT3   MBT3   MBT3   MBT3   MBT3   MBT3 
  MBT3   MBT3   MBT3   MBT3   MBT3   MBT3   MBT3   MBT3   MBT3   MBT3   MBT3   MBT3   MBT3   MBT3   MBT3   MBT3   MBT3   MBT3   MBT3   MBT3   MBT3   MBT3   MBT3   MBT3 
  MBT3   MBT3   MBT3   MBT3   MBT3   MBT3   MBT3   MBT3   MBT3   MBT3   MBT3   MBT3   MBT3   MBT3   MBT3   MBT3   MBT3   MBT3   MBT3   MBT3   MBT3   MBT3   MBT3   MBT3 
  MBT3   MBT3   MBT3   MBT3   MBT3   MBT3   MBT3   MBT3   MBT3   MBT3   MBT3   MBT3   MBT3   MBT3   MBT3   MBT3   MBT3   MBT3   MBT3   MBT3   MBT3   MBT3   MBT3   MBT3 
  MBT3   MBT3   MBT3   MBT3   MBT3   MBT3   MBT3   MBT3   MBT3   MBT3   MBT3   MBT3   MBT3   MBT3   MBT3   MBT3   MBT3   MBT3   MBT3   MBT3   MBT3   MBT3   MBT3   MBT3 
  MBT3   MBT3   MBT3   MBT3   MBT3   MBT3   MBT3   MBT3   MBT3   MBT3   MBT3   MBT3   MBT3   MBT3   MBT3   MBT3   MBT3   MBT3   MBT3   MBT3   MBT3   MBT3   MBT3   MBT3 
  MBT3   MBT3   MBT3   MBT3   MBT3   MBT3   MBT3   MBT3   MBT3   MBT3   MBT3   MBT3   MBT3   MBT3   MBT3   MBT3   MBT3   MBT3   MBT3   MBT3   MBT3   MBT3   MBT3   MBT3 
  MBT3   MBT3   MBT3   MBT3   MBT3   MBT3   MBT3   MBT3   MBT3   MBT3   MBT3   MBT3   MBT3   MBT3   MBT3   MBT3   MBT3   MBT3   MBT3   MBT3   MBT3   MBT3   MBT3   MBT3 
  MBT3   MBT3   MBT3   MBT3   MBT3   MBQ4   MBQ4   MBQ4   MBQ4   MBQ4   MBQ4   MBQ4   MBQ4   MBQ4   MBQ4   MBQ4   MBQ4   MBQ4   MBQ4   MBQ4   MBQ4   MBQ4   MBQ4   MBQ4 
  MBQ4   MBQ4   MBQ4   MBQ4   MBQ4   MBQ4   MBQ4   MBQ4   MBQ4   MBQ4   MBQ4   MBQ4   MBQ4   MBQ4   MBQ4   MBQ4   MBQ4   MBQ4   MBQ4   MBQ4   MBQ4   MBQ4   MBQ4   MBQ4 
  MBQ4   MBQ4   MBQ4   MBQ4   MBQ4   MBQ4   MBQ4   MBQ4   MBQ4   MBQ4   MBQ4   MBQ4   MBQ4   MBQ4   MBQ4   MBQ4   MBQ4   MBQ4   MBQ4   MBQ4   MBQ4   MBQ4   MBQ4   MBQ4 
  MBQ4   MBQ4   MBQ4   MBQ4   MBQ4   MBQ4   MBQ4   MBQ4   MBQ4   MBQ4   MBT3   MBT3   MBT3   MBT3   MBT3   MBT3   MBT3   MBT3   MBT3   MBT3   MBT3   MBT3   MBT3   MBT3 
  MBT3   MBT3   MBT3   MBT3   MBT3   MBT3   MBT3   MBT3   MBT3   MBT3   MBT3   MBT3   MBT3   MBT3   MBT3   MBT3   MBT3   MBT3   MBT3   MBT3   MBT3   MBT3   MBT3   MBT3 
  MBT3   MBT3   MBT3   MBT3   MBT3   MBT3   MBT3   MBT3   MBT3   MBT3   MBT3   MBT3   MBT3   MBT3   MBT3   MBT3   MBT3   MBT3   MBT3   MBT3   MBT3   MBT3   MBT3   MBT3 
  MBT3   MBT3   MBT3   MBT3   MBT3   MBT3   MBT3   MBT3   MBT3   MBT3   MBT3   MBT3   MBT3   MBT3   MBT3   MBT3   MBT3   MBT3   MBT3   MBT3   MBT3   MBT3   MBT3   MBT3 
  MBT3   MBT3   MBT3   MBT3   MBT3   MBT3   MBT3   MBT3   MBT3   MBT3   MBT3   MBT3   MBT3   MBT3   MBT3   MBT3   MBT3   MBT3   MBT3   MBT3   MBT3   MBT3   MBT3   MBT3 
  MBT3   MBT3   MBT3   MBT3   MBT3   MBT3   MBT3   MBT3   MBT3   MBT3   MBT3   MBT3   MBT3   MBT3   MBT3   MBT3   MBT3   MBT3   MBT3   MBT3   MBT3   MBT3   MBT3   MBT3 
  MBT3   MBT3   MBT3   MBT3   MBT3   MBT3   MBT3   MBT3   MBT3   MBT3   MBT3   MBT3   MBT3   MBT3   MBT3   MBT3   MBT3   MBT3   MBT3   MBT3   MBT3   MBT3   MBT3   MBT3 
  MBT3   MBT3   MBT3   MBT3   MBT3   MBT3   MBT3   MBT3   MBT3   MBT3   MBT3   MBT3   MBT3   MBT3   MBT3   MBT3   MBT3   MBT3   MBT3   MBT3   MBT3   MBT3   MBT3   MBT3 
  MBT3   MBT3   MBT3   MBT3   MBT3   MBT3   MBT3   MBT3   MBT3   MBT3   MBT3   MBT3   MBT3   MBT3   MBT3   MBT3   MBT3   MBT3   MBT3   MBT3   MBT3   MBT3   MBT3   MBT3 
  MBT3   MBT3   MBT3   MBT3   MBT3   MBT3   MBT3   MBT3   MBT3   MBT3   MBT3   MBT3   MBT3   MBT3   MBT3   MBT3   MBT3   MBT3   MBT3   MBT3   MBT3   MBT3   MBT3   MBT3 
  MBT3   MBT3   MBT3   MBT3   MBT3   MBT3   MBT3   MBT3   MBT3   MBT3   MBT3   MBT3   MBT3   MBT3   MBT3   MBT3   MBT3   MBT3   MBT3   MBT3   MBT3   MBT3   MBT3   MBT3 
  MBT3   MBT3   MBT3   MBT3   MBT3   MBT3   MBT3   MBT3   MBT3   MBT3   MBT3   MBT3   MBT3   MBT3   MBT3   MBT3   MBT3   MBT3   MBT3   MBT3   MBT3   MBT3   MBT3   MBT3 
  MBT3   MBT3   MBT3   MBT3   MBT3   MBT3   MBT3   MBT3   MBT3   MBT3   MBT3   MBT3   MBT3   MBT3   MBT3   MBT3   MBT3   MBT3   MBT3   MBT3   MBT3   MBT3   MBT3   MBT3 
  MBT3   MBT3   MBT3   MBT3   MBT3   MBT3   MBT3   MBT3   MBT3   MBT3   MBT3   MBT3   MBT3   MBT3   MBT3   MBT3   MBT3   MBT3   MBT3   MBT3   MBT3   MBT3   MBT3   MBT3 
  MBT3   MBT3   MBT3   MBT3   MBT3   MBT3   MBT3   MBT3   MBT3   MBT3   MBT3   MBT3   MBT3   MBT3   MBT3   MBT3   MBT3   MBT3   MBT3   MBT3   MBT3   MBT3   MBT3   MBT3 
  MBT3   MBT3   MBT3   MBT3   MBT3   MBT3   MBT3   MBT3   MBT3   MBT3   MBT3   MBT3   MBT3   MBT3   MBT3   MBT3   MBT3   MBT3   MBT3   MBT3   MBT3   MBT3   MBT3   MBT3 
  MBT3   MBT3   MBT3   MBT3   MBT3   MBT3   MBT3   MBT3   MBT3   MBT3   MBT3   MBT3   MBT3   MBT3   MBT3   MBT3   MBT3   MBT3   MBT3   MBT3   MBT3   MBT3   MBT3   MBT3 
  MBT3   MBT3   MBT3   MBT3   MBT3   MBT3   MBT3   MBT3   MBT3   MBT3   MBT3   MBT3   MBT3   MBT3   MBT3   MBT3   MBT3   MBT3   MBT3   MBT3   MBT3   MBT3   MBT3   MBT3 
  MBT3   MBT3   MBT3   MBT3   MBT3   MBT3   MBT3   MBT3   MBT3   MBT3   MBT3   MBT3   MBT3   MBT3   MBT3   MBT3   MBT3   MBT3   MBT3   MBT3   MBT3   MBT3   MBT3   MBT3 
  MBT3   MBT3   MBT3   MBT3   MBT3   MBT3   MBT3   MBT3   MBT3   MBT3   MBT3   MBT3   MBT3   MBT3   MBT3   MBT3   MBT3   MBT3   MBT3   MBT3   MBT3   MBT3   MBT3   MBT3 
  MBT3   MBT3   MBT3   MBT3   MBT3   MBT3   MBT3   MBT3   MBT3   MBT3   MBT3   MBT3   MBT3   MBT3   MBT3   MBT3   MBT3   MBT3   MBT3   MBT3   MBT3   MBT3   MBT3   MBT3 
  MBT3   MBT3   MBT3   MBT3   MBT3   MBT3   MBT3   MBT3   MBT3   MBT3   MBT3   MBT3   MBT3   MBT3   MBT3   MBT3   MBT3   MBT3   MBT3   MBT3   MBT3   MBT3   MBT3   MBT3 
  MBT3   MBT3   MBT3   MBT3   MBT3   MBT3   MBT3   MBT3   MBT3   MBT3   MBT3   MBT3   MBT3   MBT3   MBT3   MBT3   MBT3   MBT3   MBT3   MBT3   MBT3   MBT3   MBT3   MBT3 
  MBT3   MBT3   MBT3   MBT3   MBT3   MBT3   MBT3   MBT3   MBT3   MBT3   MBT3   MBT3   MBT3   MBT3   MBT3   MBT3   MBT3   MBT3   MBT3   MBT3   MBT3   MBT3   MBT3   MBT3 
  MBT3   MBT3   MBT3   MBT3   MBT3   MBT3   MBT3   MBT3   MBT3   MBT3   MBT3   MBT3   MBT3   MBT3   MBT3   MBT3   MBT3   MBT3   MBT3   MBT3   MBT3   MBT3   MBT3   MBT3 
  MBT3   MBT3   MBT3   MBT3   MBT3   MBT3   MBT3   MBT3   MBT3   MBT3   MBT3   MBT3   MBT3   MBT3   MBT3   MBT3   MBT3   MBT3   MBT3   MBT3   MBT3   MBT3   MBT3   MBT3 
  MBT3   MBT3   MBT3   MBT3   MBT3   MBT3   MBT3   MBT3   MBT3   MBT3   MBT3   MBT3   MBT3   MBT3   MBT3   MBT3   MBT3   MBT3   MBT3   MBT3   MBT3   MBT3   MBT3   MBT3 
  MBT3   MBT3   MBT3   MBT3   MBT3   MBT3   MBT3   MBT3   MBT3   MBT3   MBT3   MBT3   MBT3   MBT3   MBT3   MBT3   MBT3   MBT3   MBT3   MBT3   MBT3   MBT3   MBT3   MBT3 
  MBT3   MBT3   MBT3   MBT3   MBT3   MBT3   MBT3   MBT3   MBT3   MBT3   MBT3   MBT3   MBT3   MBT3   MBT3   MBT3   MBT3   MBT3 
 1  1  1  1  1  1  1  1  1  1  1  1  1  1  1  1  1  1  1  1  1  1  1  1  1  1  1  1  1  1  1  1  1  1  1  1  1  1  1  1  1  1  1  1  1  1  1  1  1  1  1  1  1  1 
 1  1  1  1  1  1  1  1  1  1  1  1  1  1  1  1  1  1  1  1  1  1  1  1  1  1  1  1  1  1  1  1  1  1  1  1  1  1  1  1  1  1  1  1  1  1  1  1  1  1  1  1  1  1 
 1  1  1  1  1  1  1  1  1  1  1  1  1  1  1  1  1  1  1  1  1  1  1  1  1  1  1  1  1  1  1  1  1  1  1  1  1  1  1  1  1  1  1  1  1  1  1  1  1  1  1  1  1  1 
 1  1  1  1  1  1  1  1  1  1  1  1  1  1  1  1  1  1  1  1  1  1  1  1  1  1  1  1  1  1  1  1  1  1  1  1  1  1  1  1  1  1  1  1  1  1  1  1  1  1  1  1  1  1 
 1  1  1  1  1  1  1  1  1  1  1  1  1  1  1  1  1  1  1  1  1  1  1  1  1  1  1  1  1  1  1  1  1  1  1  1  1  1  1  1  1  1  1  1  1  1  1  1  1  1  1  1  1  1 
 1  1  1  1  1  1  1  1  1  1  1  1  1  1  1  1  1  1  1  1  1  1  1  1  1  1  1  1  1  1  1  1  1  1  1  1  1  1  1  1  1  1  1  1  1  1  1  1  1  1  1  1  1  1 
 1  1  1  1  1  1  1  1  1  1  1  1  1  1  1  1  1  1  1  1  1  1  1  1  1  1  1  1  1  1  1  1  1  1  1  1  1  1  1  1  1  1  1  1  1  1  1  1  1  1  1  1  1  1 
 1  1  1  1  1  1  1  1  1  1  1  1  1  1  1  1  1  1  1  1  1  1  1  1  1  1  1  1  1  1  1  1  1  1  1  1  1  1  1  1  1  1  1  1  1  1  1  1  1  1  1  1  1  1 
 1  1  1  1  1  1  1  1  1  1  1  1  1  1  1  1  1  1  1  1  1  1  1  1  1  1  1  1  1  1  1  1  1  1  1  1  1  1  1  1  1  1  1  1  1  1  1  1  1  1  1  1  1  1 
 1  1  1  1  1  1  1  1  1  1  1  1  1  1  1  1  1  1  1  1  1  1  1  1  1  1  1  1  1  1  1  1  1  1  1  1  1  1  1  1  1  1  1  1  1  1  1  1  1  1  1  1  1  1 
 1  1  1  1  1  1  1  1  1  1  1  1  1  1  1  1  1  1  1  1  1  1  1  1  1  1  1  1  1  1  1  1  1  1  1  1  1  1  1  1  1  1  1  1  1  1  1  1  1  1  1  1  1  1 
 1  1  1  1  1  1  1  1  1  1  1  1  1  1  1  1  1  1  1  1  1  1  1  1  1  1  1  1  1  1  1  1  1  1  1  1  1  1  1  1  1  1  1  1  1  1  1  1  1  1  1  1  1  1 
 1  1  1  1  1  1  1  1  1  1  1  1  1  1  1  1  1  1  1  1  1  1  1  1  1  1  1  1  1  1  1  1  2  2  2  2  2  2  2  2  2  2  2  2  2  2  2  2  2  2  2  2  2  2 
 2  2  2  2  2  2  2  2  2  2  2  2  2  2  2  2  2  2  2  2  2  2  2  2  2  2  2  2  2  2  2  2  2  2  2  2  2  2  2  2  2  2  2  2  2  2  2  2  2  2  2  2  2  2 
 2  1  1  1  1  1  1  1  1  1  1  1  1  1  1  1  1  1  1  1  1  1  1  1  1  1  1  1  1  1  1  1  1  1  1  1  1  1  1  1  1  1  1  1  1  1  1  1  1  1  1  1  1  1 
 1  1  1  1  1  1  1  1  1  1  1  1  1  1  1  1  1  1  1  1  1  1  1  1  1  1  1  1  1  1  1  1  1  1  1  1  1  1  1  1  1  1  1  1  1  1  1  1  1  1  1  1  1  1 
 1  1  1  1  1  1  1  1  1  1  1  1  1  1  1  1  1  1  1  1  1  1  1  1  1  1  1  1  1  1  1  1  1  1  1  1  1  1  1  1  1  1  1  1  1  1  1  1  1  1  1  1  1  1 
 1  1  1  1  1  1  1  1  1  1  1  1  1  1  1  1  1  1  1  1  1  1  1  1  1  1  1  1  1  1  1  1  1  1  1  1  1  1  1  1  1  1  1  1  1  1  1  1  1  1  1  1  1  1 
 1  1  1  1  1  1  1  1  1  1  1  1  1  1  1  1  1  1  1  1  1  1  1  1  1  1  1  1  1  1  1  1  1  1  1  1  1  1  1  1  1  1  1  1  1  1  1  1  1  1  1  1  1  1 
 1  1  1  1  1  1  1  1  1  1  1  1  1  1  1  1  1  1  1  1  1  1  1  1  1  1  1  1  1  1  1  1  1  1  1  1  1  1  1  1  1  1  1  1  1  1  1  1  1  1  1  1  1  1 
 1  1  1  1  1  1  1  1  1  1  1  1  1  1  1  1  1  1  1  1  1  1  1  1  1  1  1  1  1  1  1  1  1  1  1  1  1  1  1  1  1  1  1  1  1  1  1  1  1  1  1  1  1  1 
 1  1  1  1  1  1  1  1  1  1  1  1  1  1  1  1  1  1  1  1  1  1  1  1  1  1  1  1  1  1  1  1  1  1  1  1  1  1  1  1  1  1  1  1  1  1  1  1  1  1  1  1  1  1 
 1  1  1  1  1  1  1  1  1  1  1  1  1  1  1  1  1  1  1  1  1  1  1  1  1  1  1  1  1  1  1  1  1  1  1  1  1  1  1  1  1  1  1  1  1  1  1  1  1  1  1  1  1  1 
 1  1  1  1  1  1  1  1  1  1  1  1  1  1  1  1  1  1  1  1  1  1  1  1  1  1  1  1  1  1  1  1  1  1  1  1  1  1  1  1  1  1  1  1  1  1  1  1  1  1  1  1  1  1 
 1  1  1  1  1  1  1  1  1  1  1  1  1  1  1  1  1  1  1  1  1  1  1  1  1  1  1  1  1  1  1  1  1  1  1  1  1  1  1  1  1  1  1  1  1  1  1  1  1  1  1  1  1  1 
 1  1  1  1  1  1  1  1  1  1  1  1  1  1  1  1  1  1  1  1  1  1  1  2  2  2  2  2  2  2  2  2  2  2  2  2  2  2  2  2  2  2  2  2  2  2  2  2  2  2  2  2  2  2 
 2  2  2  2  2  2  2  2  2  2  2  2  2  2  2  2  2  2  2  2  2  2  2  2  2  2  2  2  2  2  2  2  2  2  2  2  2  2  2  2  2  2  2  2  2  2  1  1  1  1  1  1  1  1 
 1  1  1  1  1  1  1  1  1  1  1  1  1  1  1  1  1  1  1  1  1  1  1  1  1  1  1  1  1  1  1  1  1  1  1  1  1  1  1  1  1  1  1  1  1  1  1  1  1  1  1  1  1  1 
 1  1  1  1  1  1  1  1  1  1  1  1  1  1  1  1  1  1  1  1  1  1  1  1  1  1  1  1  1  1  1  1  1  1  1  1  1  1  1  1  1  1  1  1  1  1  1  1  1  1  1  1  1  1 
 1  1  1  1  1  1  1  1  1  1  1  1  1  1  1  1  1  1  1  1  1  1  1  1  1  1  1  1  1  1  1  1  1  1  1  1  1  1  1  1  1  1  1  1  1  1  1  1  1  1  1  1  1  1 
 1  1  1  1  1  1  1  1  1  1  1  1  1  1  1  1  1  1  1  1  1  1  1  1  1  1  1  1  1  1  1  1  1  1  1  1  1  1  1  1  1  1  1  1  1  1  1  1  1  1  1  1  1  1 
 1  1  1  1  1  1  1  1  1  1  1  1  1  1  1  1  1  1  1  1  1  1  1  1  1  1  1  1  1  1  1  1  1  1  1  1  1  1  1  1  1  1  1  1  1  1  1  1  1  1  1  1  1  1 
 1  1  1  1  1  1  1  1  1  1  1  1  1  1  1  1  1  1  1  1  1  1  1  1  1  1  1  1  1  1  1  1  1  1  1  1  1  1  1  1  1  1  1  1  1  1  1  1  1  1  1  1  1  1 
 1  1  1  1  1  1  1  1  1  1  1  1  1  1  1  1  1  1  1  1  1  1  1  1  1  1  1  1  1  1  1  1  1  1  1  1  1  1  1  1  1  1  1  1  1  1  1  1  1  1  1  1  1  1 
 1  1  1  1  1  1  1  1  1  1  1  1  1  1  1  1  1  1  1  1  1  1  1  1  1  1  1  1  1  1  1  1  1  1  1  1  1  1  1  1  1  1  1  1  1  1  1  1  1  1  1  1  1  1 
 1  1  1  1  1  1  1  1  1  1  1  1  1  1  1  1  1  1  1  1  1  1  1  1  1  1  1  1  1  1  1  1  1  1  1  1  1  1  1  1  1  1  1  1  1  1  1  1  1  1  1  1  1  1 
 1  1  1  1  1  1  1  1  1  1  1  1  1  1  1  1  1  1  1  1  1  1  1  1  1  1  1  1  1  1  1  1  1  1  1  1  1  1  1  1  1  1  1  1  1  1  1  1  1  1  1  1  1  1 
 1  1  1  1  1  1  1  1  1  1  1  1  1  1  1  1  1  1  1  1  1  1  1  1  1  1  1  1  1  1  1  1  1  1  1  1  1  1  1  1  1  1  1  1  1  1  1  1  1  1  1  1  1  1 
 1  1  1  1  1  1  1  1  1  1  1  1  1  1  1  1  1  1  1  1  1  1  1  1  1  1  1  1  1  1  1  1  1  1  1  1  1  1  1  1  1  1  1  1  1  1  1  1  1  1  1  1  1  1 
 1  1  1  1  1  1  1  1  1  1  1  1  1  1  1  1  1  1  1  1  1  1  1  1 
Beton Fiss
27 3 .23 35000. 35000. 15700. 0.2
4.  0.  1.
 .8
BA
27 3 .23 29508. 35000. 15700. 0.2
4.  0.  0.0021
 .8
COND
2
NUL
2
1
47 
1
2
2
47 1160 
2
0
IMP
2 
1
568 
2
-4.e-5  
0
MCNL
2  
568 500 0.0001
3
0  
  1   2   3   4   5   6   7   8   9  10  11  12  13  14  15  16  17 
  18  19  20 21  22  23  24  25  26  27  28  29  30  31  32  33  34 
  35  36  37  38  39  40 41  42  43  44  45  46  47  48  49  50  51 
  52  53  54  55  56  57  58  59  60 61  62  63  64  65  66  67  68 
  69  70  71  72  73  74  75  76  77  78  79  80 81  82  83  84  85 
  86  87  88  89  90  91  92  93  94  95  96  97  98  99 100 101 102 
  103 104 105 106 107 108 109 110 111 112 113 114 115 116 117 118 
  119 120 121 122 123 124 125 126 127 128 129 130 131 132 133 134 
  135 136 137 138 139 140 141 142 143 144 145 146 147 148 149 150 
  151 152 153 154 155 156 157 158 159 160 161 162 163 164 165 166 
  167 168 169 170 171 172 173 174 175 176 177 178 179 180 181 182 
  183 184 185 186 187 188 189 190 191 192 193 194 195 196 197 198 
  199 200 201 202 203 204 205 206 207 208 209 210 211 212 213 214 
  215 216 217 218 219 220 221 222 223 224 225 226 227 228 229 230 
  231 232 233 234 235 236 237 238 239 240 241 242 243 244 245 246 
  247 248 249 250 251 252 253 254 255 256 257 258 259 260 261 262 
  263 264 265 266 267 268 269 270 271 272 273 274 275 276 277 278 
  279 280 281 282 283 284 285 286 287 288 289 290 291 292 293 294 
  295 296 297 298 299 300 301 302 303 304 305 306 307 308 309 310 
  311 312 313 314 315 316 317 318 319 320 321 322 323 324 325 326 
  327 328 329 330 331 332 333 334 335 336 337 338 339 340 341 342 
  343 344 345 346 347 348 349 350 351 352 353 354 355 356 357 358 
  359 360 361 362 363 364 365 366 367 368 369 370 371 372 373 374 
  375 376 377 378 379 380 381 382 383 384 385 386 387 388 389 390 
  391 392 393 394 395 396 397 398 399 400 402 404 406 408 410 412 
  414 416 418 420 422 424 426 428 430 432 434 436 438 440 442 444 
  446 448 450 452 454 456 458 460 462 464 466 468 470 472 474 476 
  478 480 482 484 486 488 490 492 494 496 498 500 502 504 506 508 
  510 512 514 516 518 520 522 524 526 528 530 532 534 536 538 540 
  542 544 546 548 550 552 554 556 558 560 565 570 575 580 585 590 
  595 600 605 610 615 620 625 630 635 640 645 650 655 660 665 670 
  675 680 685 690 695 700 705 710 715 720 725 730 735 740 745 750 
  755 760 765 770 775 780 785 790 795 800 805 810 815 820 825 830 
  835 840 845 850 855 860 865 870 875 880 885 890 895 900 905 910 
  915 920 925 930 935 940 945 950 955 960 965 970 975 980 985 990 
  995 1000
PROB
55. 0.016
2
pba1
2
1  3  2
4.0 0.3
2  3  2
3.4 0.5
pba2
2
1  3  2
0.001      0.
2  3  2
5300.   200.
