$EXEC
$COMT
------------------------------------------------------------------------
-                                                                      -
-                       CESAR-LCPC Version 4.1.x                       -
-                                                                      -
-                                                                      -
-                                                                      -
-  Nom du MAILLAGE : mail                                              -
-  Nom du CALCUL   : calcu                                             -
-                                                                      -
-  Familles        : 1                                                 -
-                                                                      -
-  Module          : MCNL                                              -
-                                                                      -
-   .   1360 noeuds                                                  -
-   .   6 groupe                                                  -
-   .   1096 elements                                                -
-   .   400 elements triangulaires                        -
-   .   696 elements quadrilateres                   -
-                                                                      -
------------------------------------------------------------------------
COOR
  2 0
1360 2
      0.004125            0      0.0020625       0.0015              0            0       0.004125        0.003      0.0020625       0.0015       0.004125            0 
             0        0.003      0.0020625       0.0015       0.004125        0.003              0            0      0.0020625       0.0015              0        0.003 
       0.00825            0      0.0061875       0.0015       0.004125            0        0.00825        0.003      0.0061875       0.0015        0.00825            0 
      0.004125        0.003      0.0061875       0.0015        0.00825        0.003       0.004125            0      0.0061875       0.0015       0.004125        0.003 
      0.012375            0       0.010313       0.0015        0.00825            0       0.012375        0.003       0.010313       0.0015       0.012375            0 
       0.00825        0.003       0.010313       0.0015       0.012375        0.003        0.00825            0       0.010313       0.0015        0.00825        0.003 
        0.0165            0       0.014437       0.0015       0.012375            0         0.0165        0.003       0.014437       0.0015         0.0165            0 
      0.012375        0.003       0.014437       0.0015         0.0165        0.003       0.012375            0       0.014437       0.0015       0.012375        0.003 
      0.020625            0       0.018562       0.0015         0.0165            0       0.020625        0.003       0.018562       0.0015       0.020625            0 
        0.0165        0.003       0.018562       0.0015       0.020625        0.003         0.0165            0       0.018562       0.0015         0.0165        0.003 
       0.02475            0       0.022688       0.0015       0.020625            0        0.02475        0.003       0.022688       0.0015        0.02475            0 
      0.020625        0.003       0.022688       0.0015        0.02475        0.003       0.020625            0       0.022688       0.0015       0.020625        0.003 
      0.028875            0       0.026812       0.0015        0.02475            0       0.028875        0.003       0.026812       0.0015       0.028875            0 
       0.02475        0.003       0.026812       0.0015       0.028875        0.003        0.02475            0       0.026812       0.0015        0.02475        0.003 
         0.033            0       0.030937       0.0015       0.028875            0          0.033        0.003       0.030937       0.0015          0.033            0 
      0.028875        0.003       0.030937       0.0015          0.033        0.003       0.028875            0       0.030937       0.0015       0.028875        0.003 
      0.037125            0       0.035063       0.0015          0.033            0       0.037125        0.003       0.035063       0.0015       0.037125            0 
         0.033        0.003       0.035063       0.0015       0.037125        0.003          0.033            0       0.035063       0.0015          0.033        0.003 
       0.04125            0       0.039188       0.0015       0.037125            0        0.04125        0.003       0.039188       0.0015        0.04125            0 
      0.037125        0.003       0.039188       0.0015        0.04125        0.003       0.037125            0       0.039188       0.0015       0.037125        0.003 
      0.004125        0.003      0.0020625       0.0045              0        0.003       0.004125        0.006      0.0020625       0.0045       0.004125        0.003 
             0        0.006      0.0020625       0.0045       0.004125        0.006              0        0.003      0.0020625       0.0045              0        0.006 
       0.00825        0.003      0.0061875       0.0045       0.004125        0.003        0.00825        0.006      0.0061875       0.0045        0.00825        0.003 
      0.004125        0.006      0.0061875       0.0045        0.00825        0.006       0.004125        0.003      0.0061875       0.0045       0.004125        0.006 
      0.012375        0.003       0.010312       0.0045        0.00825        0.003       0.012375        0.006       0.010312       0.0045       0.012375        0.003 
       0.00825        0.006       0.010312       0.0045       0.012375        0.006        0.00825        0.003       0.010312       0.0045        0.00825        0.006 
        0.0165        0.003       0.014437       0.0045       0.012375        0.003         0.0165        0.006       0.014437       0.0045         0.0165        0.003 
      0.012375        0.006       0.014437       0.0045         0.0165        0.006       0.012375        0.003       0.014437       0.0045       0.012375        0.006 
      0.020625        0.003       0.018562       0.0045         0.0165        0.003       0.020625        0.006       0.018562       0.0045       0.020625        0.003 
        0.0165        0.006       0.018562       0.0045       0.020625        0.006         0.0165        0.003       0.018562       0.0045         0.0165        0.006 
       0.02475        0.003       0.022687       0.0045       0.020625        0.003        0.02475        0.006       0.022687       0.0045        0.02475        0.003 
      0.020625        0.006       0.022687       0.0045        0.02475        0.006       0.020625        0.003       0.022687       0.0045       0.020625        0.006 
      0.028875        0.003       0.026812       0.0045        0.02475        0.003       0.028875        0.006       0.026812       0.0045       0.028875        0.003 
       0.02475        0.006       0.026812       0.0045       0.028875        0.006        0.02475        0.003       0.026812       0.0045        0.02475        0.006 
         0.033        0.003       0.030937       0.0045       0.028875        0.003          0.033        0.006       0.030937       0.0045          0.033        0.003 
      0.028875        0.006       0.030937       0.0045          0.033        0.006       0.028875        0.003       0.030937       0.0045       0.028875        0.006 
      0.037125        0.003       0.035063       0.0045          0.033        0.003       0.037125        0.006       0.035063       0.0045       0.037125        0.003 
         0.033        0.006       0.035063       0.0045       0.037125        0.006          0.033        0.003       0.035063       0.0045          0.033        0.006 
       0.04125        0.003       0.039188       0.0045       0.037125        0.003        0.04125        0.006       0.039188       0.0045        0.04125        0.003 
      0.037125        0.006       0.039188       0.0045        0.04125        0.006       0.037125        0.003       0.039188       0.0045       0.037125        0.006 
      0.004125        0.006      0.0020625       0.0075              0        0.006       0.004125        0.009      0.0020625       0.0075       0.004125        0.006 
             0        0.009      0.0020625       0.0075       0.004125        0.009              0        0.006      0.0020625       0.0075              0        0.009 
       0.00825        0.006      0.0061875       0.0075       0.004125        0.006        0.00825        0.009      0.0061875       0.0075        0.00825        0.006 
      0.004125        0.009      0.0061875       0.0075        0.00825        0.009       0.004125        0.006      0.0061875       0.0075       0.004125        0.009 
      0.012375        0.006       0.010312       0.0075        0.00825        0.006       0.012375        0.009       0.010312       0.0075       0.012375        0.006 
       0.00825        0.009       0.010312       0.0075       0.012375        0.009        0.00825        0.006       0.010312       0.0075        0.00825        0.009 
        0.0165        0.006       0.014437       0.0075       0.012375        0.006         0.0165        0.009       0.014437       0.0075         0.0165        0.006 
      0.012375        0.009       0.014437       0.0075         0.0165        0.009       0.012375        0.006       0.014437       0.0075       0.012375        0.009 
      0.020625        0.006       0.018562       0.0075         0.0165        0.006       0.020625        0.009       0.018562       0.0075       0.020625        0.006 
        0.0165        0.009       0.018562       0.0075       0.020625        0.009         0.0165        0.006       0.018562       0.0075         0.0165        0.009 
       0.02475        0.006       0.022688       0.0075       0.020625        0.006        0.02475        0.009       0.022688       0.0075        0.02475        0.006 
      0.020625        0.009       0.022688       0.0075        0.02475        0.009       0.020625        0.006       0.022688       0.0075       0.020625        0.009 
      0.028875        0.006       0.026812       0.0075        0.02475        0.006       0.028875        0.009       0.026812       0.0075       0.028875        0.006 
       0.02475        0.009       0.026812       0.0075       0.028875        0.009        0.02475        0.006       0.026812       0.0075        0.02475        0.009 
         0.033        0.006       0.030937       0.0075       0.028875        0.006          0.033        0.009       0.030937       0.0075          0.033        0.006 
      0.028875        0.009       0.030937       0.0075          0.033        0.009       0.028875        0.006       0.030937       0.0075       0.028875        0.009 
      0.037125        0.006       0.035062       0.0075          0.033        0.006       0.037125        0.009       0.035062       0.0075       0.037125        0.006 
         0.033        0.009       0.035062       0.0075       0.037125        0.009          0.033        0.006       0.035062       0.0075          0.033        0.009 
       0.04125        0.006       0.039188       0.0075       0.037125        0.006        0.04125        0.009       0.039188       0.0075        0.04125        0.006 
      0.037125        0.009       0.039188       0.0075        0.04125        0.009       0.037125        0.006       0.039188       0.0075       0.037125        0.009 
      0.004125        0.009      0.0020625       0.0105              0        0.009       0.004125        0.012      0.0020625       0.0105       0.004125        0.009 
             0        0.012      0.0020625       0.0105       0.004125        0.012              0        0.009      0.0020625       0.0105              0        0.012 
       0.00825        0.009      0.0061875       0.0105       0.004125        0.009        0.00825        0.012      0.0061875       0.0105        0.00825        0.009 
      0.004125        0.012      0.0061875       0.0105        0.00825        0.012       0.004125        0.009      0.0061875       0.0105       0.004125        0.012 
      0.012375        0.009       0.010313       0.0105        0.00825        0.009       0.012375        0.012       0.010313       0.0105       0.012375        0.009 
       0.00825        0.012       0.010313       0.0105       0.012375        0.012        0.00825        0.009       0.010313       0.0105        0.00825        0.012 
        0.0165        0.009       0.014438       0.0105       0.012375        0.009         0.0165        0.012       0.014438       0.0105         0.0165        0.009 
      0.012375        0.012       0.014438       0.0105         0.0165        0.012       0.012375        0.009       0.014438       0.0105       0.012375        0.012 
      0.020625        0.009       0.018563       0.0105         0.0165        0.009       0.020625        0.012       0.018563       0.0105       0.020625        0.009 
        0.0165        0.012       0.018563       0.0105       0.020625        0.012         0.0165        0.009       0.018563       0.0105         0.0165        0.012 
       0.02475        0.009       0.022688       0.0105       0.020625        0.009        0.02475        0.012       0.022688       0.0105        0.02475        0.009 
      0.020625        0.012       0.022688       0.0105        0.02475        0.012       0.020625        0.009       0.022688       0.0105       0.020625        0.012 
      0.028875        0.009       0.026813       0.0105        0.02475        0.009       0.028875        0.012       0.026813       0.0105       0.028875        0.009 
       0.02475        0.012       0.026813       0.0105       0.028875        0.012        0.02475        0.009       0.026813       0.0105        0.02475        0.012 
         0.033        0.009       0.030938       0.0105       0.028875        0.009          0.033        0.012       0.030938       0.0105          0.033        0.009 
      0.028875        0.012       0.030938       0.0105          0.033        0.012       0.028875        0.009       0.030938       0.0105       0.028875        0.012 
      0.037125        0.009       0.035063       0.0105          0.033        0.009       0.037125        0.012       0.035063       0.0105       0.037125        0.009 
         0.033        0.012       0.035063       0.0105       0.037125        0.012          0.033        0.009       0.035063       0.0105          0.033        0.012 
       0.04125        0.009       0.039188       0.0105       0.037125        0.009        0.04125        0.012       0.039188       0.0105        0.04125        0.009 
      0.037125        0.012       0.039188       0.0105        0.04125        0.012       0.037125        0.009       0.039188       0.0105       0.037125        0.012 
      0.004125        0.012      0.0020625       0.0135              0        0.012       0.004125        0.015      0.0020625       0.0135       0.004125        0.012 
             0        0.015      0.0020625       0.0135       0.004125        0.015              0        0.012      0.0020625       0.0135              0        0.015 
       0.00825        0.012      0.0061875       0.0135       0.004125        0.012        0.00825        0.015      0.0061875       0.0135        0.00825        0.012 
      0.004125        0.015      0.0061875       0.0135        0.00825        0.015       0.004125        0.012      0.0061875       0.0135       0.004125        0.015 
      0.012375        0.012       0.010313       0.0135        0.00825        0.012       0.012375        0.015       0.010313       0.0135       0.012375        0.012 
       0.00825        0.015       0.010313       0.0135       0.012375        0.015        0.00825        0.012       0.010313       0.0135        0.00825        0.015 
        0.0165        0.012       0.014438       0.0135       0.012375        0.012         0.0165        0.015       0.014438       0.0135         0.0165        0.012 
      0.012375        0.015       0.014438       0.0135         0.0165        0.015       0.012375        0.012       0.014438       0.0135       0.012375        0.015 
      0.020625        0.012       0.018563       0.0135         0.0165        0.012       0.020625        0.015       0.018563       0.0135       0.020625        0.012 
        0.0165        0.015       0.018563       0.0135       0.020625        0.015         0.0165        0.012       0.018563       0.0135         0.0165        0.015 
       0.02475        0.012       0.022688       0.0135       0.020625        0.012        0.02475        0.015       0.022688       0.0135        0.02475        0.012 
      0.020625        0.015       0.022688       0.0135        0.02475        0.015       0.020625        0.012       0.022688       0.0135       0.020625        0.015 
      0.028875        0.012       0.026813       0.0135        0.02475        0.012       0.028875        0.015       0.026813       0.0135       0.028875        0.012 
       0.02475        0.015       0.026813       0.0135       0.028875        0.015        0.02475        0.012       0.026813       0.0135        0.02475        0.015 
         0.033        0.012       0.030938       0.0135       0.028875        0.012          0.033        0.015       0.030938       0.0135          0.033        0.012 
      0.028875        0.015       0.030938       0.0135          0.033        0.015       0.028875        0.012       0.030938       0.0135       0.028875        0.015 
      0.037125        0.012       0.035063       0.0135          0.033        0.012       0.037125        0.015       0.035063       0.0135       0.037125        0.012 
         0.033        0.015       0.035063       0.0135       0.037125        0.015          0.033        0.012       0.035063       0.0135          0.033        0.015 
       0.04125        0.012       0.039188       0.0135       0.037125        0.012        0.04125        0.015       0.039188       0.0135        0.04125        0.012 
      0.037125        0.015       0.039188       0.0135        0.04125        0.015       0.037125        0.012       0.039188       0.0135       0.037125        0.015 
      0.004125        0.015       0.004125        0.018              0        0.018              0        0.015        0.00825        0.015        0.00825        0.018 
      0.004125        0.018       0.004125        0.015       0.012375        0.015       0.012375        0.018        0.00825        0.018        0.00825        0.015 
        0.0165        0.015         0.0165        0.018       0.012375        0.018       0.012375        0.015       0.020625        0.015       0.020625        0.018 
        0.0165        0.018         0.0165        0.015        0.02475        0.015        0.02475        0.018       0.020625        0.018       0.020625        0.015 
      0.028875        0.015       0.028875        0.018        0.02475        0.018        0.02475        0.015          0.033        0.015          0.033        0.018 
      0.028875        0.018       0.028875        0.015       0.037125        0.015       0.037125        0.018          0.033        0.018          0.033        0.015 
       0.04125        0.015        0.04125        0.018       0.037125        0.018       0.037125        0.015       0.004125        0.018       0.004125        0.021 
             0        0.021              0        0.018        0.00825        0.018        0.00825        0.021       0.004125        0.021       0.004125        0.018 
      0.012375        0.018       0.012375        0.021        0.00825        0.021        0.00825        0.018         0.0165        0.018         0.0165        0.021 
      0.012375        0.021       0.012375        0.018       0.020625        0.018       0.020625        0.021         0.0165        0.021         0.0165        0.018 
       0.02475        0.018        0.02475        0.021       0.020625        0.021       0.020625        0.018       0.028875        0.018       0.028875        0.021 
       0.02475        0.021        0.02475        0.018          0.033        0.018          0.033        0.021       0.028875        0.021       0.028875        0.018 
      0.037125        0.018       0.037125        0.021          0.033        0.021          0.033        0.018        0.04125        0.018        0.04125        0.021 
      0.037125        0.021       0.037125        0.018       0.004125        0.021       0.004125        0.024              0        0.024              0        0.021 
       0.00825        0.021        0.00825        0.024       0.004125        0.024       0.004125        0.021       0.012375        0.021       0.012375        0.024 
       0.00825        0.024        0.00825        0.021         0.0165        0.021         0.0165        0.024       0.012375        0.024       0.012375        0.021 
      0.020625        0.021       0.020625        0.024         0.0165        0.024         0.0165        0.021        0.02475        0.021        0.02475        0.024 
      0.020625        0.024       0.020625        0.021       0.028875        0.021       0.028875        0.024        0.02475        0.024        0.02475        0.021 
         0.033        0.021          0.033        0.024       0.028875        0.024       0.028875        0.021       0.037125        0.021       0.037125        0.024 
         0.033        0.024          0.033        0.021        0.04125        0.021        0.04125        0.024       0.037125        0.024       0.037125        0.021 
      0.004125        0.024       0.004125        0.027              0        0.027              0        0.024        0.00825        0.024        0.00825        0.027 
      0.004125        0.027       0.004125        0.024       0.012375        0.024       0.012375        0.027        0.00825        0.027        0.00825        0.024 
        0.0165        0.024         0.0165        0.027       0.012375        0.027       0.012375        0.024       0.020625        0.024       0.020625        0.027 
        0.0165        0.027         0.0165        0.024        0.02475        0.024        0.02475        0.027       0.020625        0.027       0.020625        0.024 
      0.028875        0.024       0.028875        0.027        0.02475        0.027        0.02475        0.024          0.033        0.024          0.033        0.027 
      0.028875        0.027       0.028875        0.024       0.037125        0.024       0.037125        0.027          0.033        0.027          0.033        0.024 
       0.04125        0.024        0.04125        0.027       0.037125        0.027       0.037125        0.024       0.004125        0.027      0.0020625       0.0285 
             0        0.027       0.004125         0.03      0.0020625       0.0285       0.004125        0.027              0         0.03      0.0020625       0.0285 
      0.004125         0.03              0        0.027      0.0020625       0.0285              0         0.03        0.00825        0.027      0.0061875       0.0285 
      0.004125        0.027        0.00825         0.03      0.0061875       0.0285        0.00825        0.027       0.004125         0.03      0.0061875       0.0285 
       0.00825         0.03       0.004125        0.027      0.0061875       0.0285       0.004125         0.03       0.012375        0.027       0.010313       0.0285 
       0.00825        0.027       0.012375         0.03       0.010313       0.0285       0.012375        0.027        0.00825         0.03       0.010313       0.0285 
      0.012375         0.03        0.00825        0.027       0.010313       0.0285        0.00825         0.03         0.0165        0.027       0.014438       0.0285 
      0.012375        0.027         0.0165         0.03       0.014438       0.0285         0.0165        0.027       0.012375         0.03       0.014438       0.0285 
        0.0165         0.03       0.012375        0.027       0.014438       0.0285       0.012375         0.03       0.020625        0.027       0.018563       0.0285 
        0.0165        0.027       0.020625         0.03       0.018563       0.0285       0.020625        0.027         0.0165         0.03       0.018563       0.0285 
      0.020625         0.03         0.0165        0.027       0.018563       0.0285         0.0165         0.03        0.02475        0.027       0.022688       0.0285 
      0.020625        0.027        0.02475         0.03       0.022688       0.0285        0.02475        0.027       0.020625         0.03       0.022688       0.0285 
       0.02475         0.03       0.020625        0.027       0.022688       0.0285       0.020625         0.03       0.028875        0.027       0.026812       0.0285 
       0.02475        0.027       0.028875         0.03       0.026812       0.0285       0.028875        0.027        0.02475         0.03       0.026812       0.0285 
      0.028875         0.03        0.02475        0.027       0.026812       0.0285        0.02475         0.03          0.033        0.027       0.030937       0.0285 
      0.028875        0.027          0.033         0.03       0.030937       0.0285          0.033        0.027       0.028875         0.03       0.030937       0.0285 
         0.033         0.03       0.028875        0.027       0.030937       0.0285       0.028875         0.03       0.037125        0.027       0.035063       0.0285 
         0.033        0.027       0.037125         0.03       0.035063       0.0285       0.037125        0.027          0.033         0.03       0.035063       0.0285 
      0.037125         0.03          0.033        0.027       0.035063       0.0285          0.033         0.03        0.04125        0.027       0.039188       0.0285 
      0.037125        0.027        0.04125         0.03       0.039188       0.0285        0.04125        0.027       0.037125         0.03       0.039188       0.0285 
       0.04125         0.03       0.037125        0.027       0.039188       0.0285       0.037125         0.03       0.004125         0.03      0.0020625       0.0315 
             0         0.03       0.004125        0.033      0.0020625       0.0315       0.004125         0.03              0        0.033      0.0020625       0.0315 
      0.004125        0.033              0         0.03      0.0020625       0.0315              0        0.033        0.00825         0.03      0.0061875       0.0315 
      0.004125         0.03        0.00825        0.033      0.0061875       0.0315        0.00825         0.03       0.004125        0.033      0.0061875       0.0315 
       0.00825        0.033       0.004125         0.03      0.0061875       0.0315       0.004125        0.033       0.012375         0.03       0.010312       0.0315 
       0.00825         0.03       0.012375        0.033       0.010312       0.0315       0.012375         0.03        0.00825        0.033       0.010312       0.0315 
      0.012375        0.033        0.00825         0.03       0.010312       0.0315        0.00825        0.033         0.0165         0.03       0.014437       0.0315 
      0.012375         0.03         0.0165        0.033       0.014437       0.0315         0.0165         0.03       0.012375        0.033       0.014437       0.0315 
        0.0165        0.033       0.012375         0.03       0.014437       0.0315       0.012375        0.033       0.020625         0.03       0.018562       0.0315 
        0.0165         0.03       0.020625        0.033       0.018562       0.0315       0.020625         0.03         0.0165        0.033       0.018562       0.0315 
      0.020625        0.033         0.0165         0.03       0.018562       0.0315         0.0165        0.033        0.02475         0.03       0.022688       0.0315 
      0.020625         0.03        0.02475        0.033       0.022688       0.0315        0.02475         0.03       0.020625        0.033       0.022688       0.0315 
       0.02475        0.033       0.020625         0.03       0.022688       0.0315       0.020625        0.033       0.028875         0.03       0.026812       0.0315 
       0.02475         0.03       0.028875        0.033       0.026812       0.0315       0.028875         0.03        0.02475        0.033       0.026812       0.0315 
      0.028875        0.033        0.02475         0.03       0.026812       0.0315        0.02475        0.033          0.033         0.03       0.030937       0.0315 
      0.028875         0.03          0.033        0.033       0.030937       0.0315          0.033         0.03       0.028875        0.033       0.030937       0.0315 
         0.033        0.033       0.028875         0.03       0.030937       0.0315       0.028875        0.033       0.037125         0.03       0.035063       0.0315 
         0.033         0.03       0.037125        0.033       0.035063       0.0315       0.037125         0.03          0.033        0.033       0.035063       0.0315 
      0.037125        0.033          0.033         0.03       0.035063       0.0315          0.033        0.033        0.04125         0.03       0.039188       0.0315 
      0.037125         0.03        0.04125        0.033       0.039188       0.0315        0.04125         0.03       0.037125        0.033       0.039188       0.0315 
       0.04125        0.033       0.037125         0.03       0.039188       0.0315       0.037125        0.033       0.004125        0.033      0.0020625       0.0345 
             0        0.033       0.004125        0.036      0.0020625       0.0345       0.004125        0.033              0        0.036      0.0020625       0.0345 
      0.004125        0.036              0        0.033      0.0020625       0.0345              0        0.036        0.00825        0.033      0.0061875       0.0345 
      0.004125        0.033        0.00825        0.036      0.0061875       0.0345        0.00825        0.033       0.004125        0.036      0.0061875       0.0345 
       0.00825        0.036       0.004125        0.033      0.0061875       0.0345       0.004125        0.036       0.012375        0.033       0.010313       0.0345 
       0.00825        0.033       0.012375        0.036       0.010313       0.0345       0.012375        0.033        0.00825        0.036       0.010313       0.0345 
      0.012375        0.036        0.00825        0.033       0.010313       0.0345        0.00825        0.036         0.0165        0.033       0.014437       0.0345 
      0.012375        0.033         0.0165        0.036       0.014437       0.0345         0.0165        0.033       0.012375        0.036       0.014437       0.0345 
        0.0165        0.036       0.012375        0.033       0.014437       0.0345       0.012375        0.036       0.020625        0.033       0.018562       0.0345 
        0.0165        0.033       0.020625        0.036       0.018562       0.0345       0.020625        0.033         0.0165        0.036       0.018562       0.0345 
      0.020625        0.036         0.0165        0.033       0.018562       0.0345         0.0165        0.036        0.02475        0.033       0.022687       0.0345 
      0.020625        0.033        0.02475        0.036       0.022687       0.0345        0.02475        0.033       0.020625        0.036       0.022687       0.0345 
       0.02475        0.036       0.020625        0.033       0.022687       0.0345       0.020625        0.036       0.028875        0.033       0.026812       0.0345 
       0.02475        0.033       0.028875        0.036       0.026812       0.0345       0.028875        0.033        0.02475        0.036       0.026812       0.0345 
      0.028875        0.036        0.02475        0.033       0.026812       0.0345        0.02475        0.036          0.033        0.033       0.030937       0.0345 
      0.028875        0.033          0.033        0.036       0.030937       0.0345          0.033        0.033       0.028875        0.036       0.030937       0.0345 
         0.033        0.036       0.028875        0.033       0.030937       0.0345       0.028875        0.036       0.037125        0.033       0.035063       0.0345 
         0.033        0.033       0.037125        0.036       0.035063       0.0345       0.037125        0.033          0.033        0.036       0.035063       0.0345 
      0.037125        0.036          0.033        0.033       0.035063       0.0345          0.033        0.036        0.04125        0.033       0.039188       0.0345 
      0.037125        0.033        0.04125        0.036       0.039188       0.0345        0.04125        0.033       0.037125        0.036       0.039188       0.0345 
       0.04125        0.036       0.037125        0.033       0.039188       0.0345       0.037125        0.036       0.004125        0.036      0.0020625       0.0375 
             0        0.036       0.004125        0.039      0.0020625       0.0375       0.004125        0.036              0        0.039      0.0020625       0.0375 
      0.004125        0.039              0        0.036      0.0020625       0.0375              0        0.039        0.00825        0.036      0.0061875       0.0375 
      0.004125        0.036        0.00825        0.039      0.0061875       0.0375        0.00825        0.036       0.004125        0.039      0.0061875       0.0375 
       0.00825        0.039       0.004125        0.036      0.0061875       0.0375       0.004125        0.039       0.012375        0.036       0.010313       0.0375 
       0.00825        0.036       0.012375        0.039       0.010313       0.0375       0.012375        0.036        0.00825        0.039       0.010313       0.0375 
      0.012375        0.039        0.00825        0.036       0.010313       0.0375        0.00825        0.039         0.0165        0.036       0.014438       0.0375 
      0.012375        0.036         0.0165        0.039       0.014438       0.0375         0.0165        0.036       0.012375        0.039       0.014438       0.0375 
        0.0165        0.039       0.012375        0.036       0.014438       0.0375       0.012375        0.039       0.020625        0.036       0.018563       0.0375 
        0.0165        0.036       0.020625        0.039       0.018563       0.0375       0.020625        0.036         0.0165        0.039       0.018563       0.0375 
      0.020625        0.039         0.0165        0.036       0.018563       0.0375         0.0165        0.039        0.02475        0.036       0.022687       0.0375 
      0.020625        0.036        0.02475        0.039       0.022687       0.0375        0.02475        0.036       0.020625        0.039       0.022687       0.0375 
       0.02475        0.039       0.020625        0.036       0.022687       0.0375       0.020625        0.039       0.028875        0.036       0.026812       0.0375 
       0.02475        0.036       0.028875        0.039       0.026812       0.0375       0.028875        0.036        0.02475        0.039       0.026812       0.0375 
      0.028875        0.039        0.02475        0.036       0.026812       0.0375        0.02475        0.039          0.033        0.036       0.030937       0.0375 
      0.028875        0.036          0.033        0.039       0.030937       0.0375          0.033        0.036       0.028875        0.039       0.030937       0.0375 
         0.033        0.039       0.028875        0.036       0.030937       0.0375       0.028875        0.039       0.037125        0.036       0.035063       0.0375 
         0.033        0.036       0.037125        0.039       0.035063       0.0375       0.037125        0.036          0.033        0.039       0.035063       0.0375 
      0.037125        0.039          0.033        0.036       0.035063       0.0375          0.033        0.039        0.04125        0.036       0.039188       0.0375 
      0.037125        0.036        0.04125        0.039       0.039188       0.0375        0.04125        0.036       0.037125        0.039       0.039188       0.0375 
       0.04125        0.039       0.037125        0.036       0.039188       0.0375       0.037125        0.039       0.004125        0.039      0.0020625       0.0405 
             0        0.039       0.004125        0.042      0.0020625       0.0405       0.004125        0.039              0        0.042      0.0020625       0.0405 
      0.004125        0.042              0        0.039      0.0020625       0.0405              0        0.042        0.00825        0.039      0.0061875       0.0405 
      0.004125        0.039        0.00825        0.042      0.0061875       0.0405        0.00825        0.039       0.004125        0.042      0.0061875       0.0405 
       0.00825        0.042       0.004125        0.039      0.0061875       0.0405       0.004125        0.042       0.012375        0.039       0.010313       0.0405 
       0.00825        0.039       0.012375        0.042       0.010313       0.0405       0.012375        0.039        0.00825        0.042       0.010313       0.0405 
      0.012375        0.042        0.00825        0.039       0.010313       0.0405        0.00825        0.042         0.0165        0.039       0.014438       0.0405 
      0.012375        0.039         0.0165        0.042       0.014438       0.0405         0.0165        0.039       0.012375        0.042       0.014438       0.0405 
        0.0165        0.042       0.012375        0.039       0.014438       0.0405       0.012375        0.042       0.020625        0.039       0.018563       0.0405 
        0.0165        0.039       0.020625        0.042       0.018563       0.0405       0.020625        0.039         0.0165        0.042       0.018563       0.0405 
      0.020625        0.042         0.0165        0.039       0.018563       0.0405         0.0165        0.042        0.02475        0.039       0.022688       0.0405 
      0.020625        0.039        0.02475        0.042       0.022688       0.0405        0.02475        0.039       0.020625        0.042       0.022688       0.0405 
       0.02475        0.042       0.020625        0.039       0.022688       0.0405       0.020625        0.042       0.028875        0.039       0.026813       0.0405 
       0.02475        0.039       0.028875        0.042       0.026813       0.0405       0.028875        0.039        0.02475        0.042       0.026813       0.0405 
      0.028875        0.042        0.02475        0.039       0.026813       0.0405        0.02475        0.042          0.033        0.039       0.030938       0.0405 
      0.028875        0.039          0.033        0.042       0.030938       0.0405          0.033        0.039       0.028875        0.042       0.030938       0.0405 
         0.033        0.042       0.028875        0.039       0.030938       0.0405       0.028875        0.042       0.037125        0.039       0.035063       0.0405 
         0.033        0.039       0.037125        0.042       0.035063       0.0405       0.037125        0.039          0.033        0.042       0.035063       0.0405 
      0.037125        0.042          0.033        0.039       0.035063       0.0405          0.033        0.042        0.04125        0.039       0.039188       0.0405 
      0.037125        0.039        0.04125        0.042       0.039188       0.0405        0.04125        0.039       0.037125        0.042       0.039188       0.0405 
       0.04125        0.042       0.037125        0.039       0.039188       0.0405       0.037125        0.042 
ELEM
 2 0
1096 6
1 4 7 10 13 16 19 22 25 28 31 34 37 40 43 46 49 52 55 58 61 64 67 70 73 
76 79 82 85 88 91 94 97 100 103 106 109 112 115 118 121 124 127 130 133 136 139 142 145 
148 151 154 157 160 163 166 169 172 175 178 181 184 187 190 193 196 199 202 205 208 211 214 217 
220 223 226 229 232 235 238 241 244 247 250 253 256 259 262 265 268 271 274 277 280 283 286 289 
292 295 298 301 304 307 310 313 316 319 322 325 328 331 334 337 340 343 346 349 352 355 358 361 
364 367 370 373 376 379 382 385 388 391 394 397 400 403 406 409 412 415 418 421 424 427 430 433 
436 439 442 445 448 451 454 457 460 463 466 469 472 475 478 481 484 487 490 493 496 499 502 505 
508 511 514 517 520 523 526 529 532 535 538 541 544 547 550 553 556 559 562 565 568 571 574 577 
580 583 586 589 592 595 598 601 605 609 613 617 621 625 629 633 637 641 645 649 653 657 661 665 
669 673 677 681 685 689 693 697 701 705 709 713 717 721 725 729 733 737 741 745 749 753 757 761 
764 767 770 773 776 779 782 785 788 791 794 797 800 803 806 809 812 815 818 821 824 827 830 833 
836 839 842 845 848 851 854 857 860 863 866 869 872 875 878 881 884 887 890 893 896 899 902 905 
908 911 914 917 920 923 926 929 932 935 938 941 944 947 950 953 956 959 962 965 968 971 974 977 
980 983 986 989 992 995 998 1001 1004 1007 1010 1013 1016 1019 1022 1025 1028 1031 1034 1037 1040 1043 1046 1049 
1052 1055 1058 1061 1064 1067 1070 1073 1076 1079 1082 1085 1088 1091 1094 1097 1100 1103 1106 1109 1112 1115 1118 1121 
1124 1127 1130 1133 1136 1139 1142 1145 1148 1151 1154 1157 1160 1163 1166 1169 1172 1175 1178 1181 1184 1187 1190 1193 
1196 1199 1202 1205 1208 1211 1214 1217 1220 1223 1226 1229 1232 1235 1238 1241 1244 1247 1250 1253 1256 1259 1262 1265 
1268 1271 1274 1277 1280 1283 1286 1289 1292 1295 1298 1301 1304 1307 1310 1313 1316 1319 1322 1325 1328 1331 1334 1337 
1340 1343 1346 1349 1352 1355 1358 1361 1365 1369 1373 1377 1381 1385 1389 1393 1397 1401 1405 1409 1413 1417 1421 1425 
1429 1433 1437 1441 1445 1449 1453 1457 1461 1465 1469 1473 1477 1481 1485 1489 1493 1497 1501 1505 1509 1513 1517 1521 
1525 1529 1533 1537 1541 1545 1549 1553 1557 1561 1565 1569 1573 1577 1581 1585 1589 1593 1597 1601 1605 1609 1613 1617 
1621 1625 1629 1633 1637 1641 1645 1649 1653 1657 1661 1665 1669 1673 1677 1681 1685 1689 1693 1697 1701 1705 1709 1713 
1717 1721 1725 1729 1733 1737 1741 1745 1749 1753 1757 1761 1765 1769 1773 1777 1781 1785 1789 1793 1797 1801 1805 1809 
1813 1817 1821 1825 1829 1833 1837 1841 1845 1849 1853 1857 1861 1865 1869 1873 1877 1881 1885 1889 1893 1897 1901 1905 
1909 1913 1917 1921 1925 1929 1933 1937 1941 1945 1949 1953 1957 1961 1965 1969 1973 1977 1981 1985 1989 1993 1997 2001 
2005 2009 2013 2017 2021 2025 2029 2033 2037 2041 2045 2049 2053 2057 2061 2065 2069 2073 2077 2081 2085 2089 2093 2097 
2101 2105 2109 2113 2117 2121 2125 2129 2133 2137 2141 2145 2149 2153 2157 2161 2165 2169 2173 2177 2181 2185 2189 2193 
2197 2201 2205 2209 2213 2217 2221 2225 2229 2233 2237 2241 2245 2249 2253 2257 2261 2265 2269 2273 2277 2281 2285 2289 
2293 2297 2301 2305 2309 2313 2317 2321 2325 2329 2333 2337 2341 2345 2349 2353 2357 2361 2365 2369 2373 2377 2381 2385 
2389 2393 2397 2401 2405 2409 2413 2417 2421 2425 2429 2433 2437 2441 2445 2449 2453 2457 2461 2465 2469 2473 2477 2481 
2485 2489 2493 2497 2501 2505 2509 2513 2517 2521 2525 2529 2533 2537 2541 2545 2549 2553 2557 2561 2565 2569 2573 2577 
2581 2585 2589 2593 2597 2601 2605 2609 2613 2617 2621 2625 2629 2633 2637 2641 2645 2649 2653 2657 2661 2665 2669 2673 
2677 2681 2685 2689 2693 2697 2701 2705 2709 2713 2717 2721 2725 2729 2733 2737 2741 2745 2749 2753 2757 2761 2765 2769 
2773 2777 2781 2785 2789 2793 2797 2801 2805 2809 2813 2817 2821 2825 2829 2833 2837 2841 2845 2849 2853 2857 2861 2865 
2869 2873 2877 2881 2885 2889 2893 2897 2901 2905 2909 2913 2917 2921 2925 2929 2933 2937 2941 2945 2949 2953 2957 2961 
2965 2969 2973 2977 2981 2985 2989 2993 2997 3001 3005 3009 3013 3017 3021 3025 3029 3033 3037 3041 3045 3049 3053 3057 
3061 3065 3069 3073 3077 3081 3085 3089 3093 3097 3101 3105 3109 3113 3117 3121 3125 3129 3133 3137 3141 3145 3149 3153 
3157 3161 3165 3169 3173 3177 3181 3185 3189 3193 3197 3201 3205 3209 3213 3217 3221 3225 3229 3233 3237 3241 3245 3249 
3253 3257 3261 3265 3269 3273 3277 3281 3285 3289 3293 3297 3301 3305 3309 3313 3317 3321 3325 3329 3333 3337 3341 3345 
3349 3353 3357 3361 3365 3369 3373 3377 3381 3385 3389 3393 3397 3401 3405 3409 3413 3417 3421 3425 3429 3433 3437 3441 
3445 3449 3453 3457 3461 3465 3469 3473 3477 3481 3485 3489 3493 3497 3501 3505 3509 3513 3517 3521 3525 3529 3533 3537 
3541 3545 3549 3553 3557 3561 3565 3569 3573 3577 3581 3585 3589 3593 3597 3601 3605 3609 3613 3617 3621 3625 3629 3633 
3637 3641 3645 3649 3653 3657 3661 3665 3669 3673 3677 3681 3685 3689 3693 3697 3701 3705 3709 3713 3717 3721 3725 3729 
3733 3737 3741 3745 3749 3753 3757 3761 3765 3769 3773 3777 3781 3785 3789 3793 3797 3801 3805 3809 3813 3817 3821 3825 
3829 3833 3837 3841 3845 3849 3853 3857 3861 3865 3869 3873 3877 3881 3885 3889 3893 3897 3901 3905 3909 3913 3917 3921 
3925 3929 3933 3937 3941 3945 3949 3953 3957 3961 3965 3969 3973 3977 3981 3985 
 1 2 3  4 5 6  7 8 9  10 11 12  13 14 15  16 17 18 
 19 20 21  22 23 24  25 26 27  28 29 30  31 32 33  34 35 36 
 37 38 39  40 41 42  43 44 45  46 47 48  49 50 51  52 53 54 
 55 56 57  58 59 60  61 62 63  64 65 66  67 68 69  70 71 72 
 73 74 75  76 77 78  79 80 81  82 83 84  85 86 87  88 89 90 
 91 92 93  94 95 96  97 98 99  100 101 102  103 104 105  106 107 108 
 109 110 111  112 113 114  115 116 117  118 119 120  121 122 123  124 125 126 
 127 128 129  130 131 132  133 134 135  136 137 138  139 140 141  142 143 144 
 145 146 147  148 149 150  151 152 153  154 155 156  157 158 159  160 161 162 
 163 164 165  166 167 168  169 170 171  172 173 174  175 176 177  178 179 180 
 181 182 183  184 185 186  187 188 189  190 191 192  193 194 195  196 197 198 
 199 200 201  202 203 204  205 206 207  208 209 210  211 212 213  214 215 216 
 217 218 219  220 221 222  223 224 225  226 227 228  229 230 231  232 233 234 
 235 236 237  238 239 240  241 242 243  244 245 246  247 248 249  250 251 252 
 253 254 255  256 257 258  259 260 261  262 263 264  265 266 267  268 269 270 
 271 272 273  274 275 276  277 278 279  280 281 282  283 284 285  286 287 288 
 289 290 291  292 293 294  295 296 297  298 299 300  301 302 303  304 305 306 
 307 308 309  310 311 312  313 314 315  316 317 318  319 320 321  322 323 324 
 325 326 327  328 329 330  331 332 333  334 335 336  337 338 339  340 341 342 
 343 344 345  346 347 348  349 350 351  352 353 354  355 356 357  358 359 360 
 361 362 363  364 365 366  367 368 369  370 371 372  373 374 375  376 377 378 
 379 380 381  382 383 384  385 386 387  388 389 390  391 392 393  394 395 396 
 397 398 399  400 401 402  403 404 405  406 407 408  409 410 411  412 413 414 
 415 416 417  418 419 420  421 422 423  424 425 426  427 428 429  430 431 432 
 433 434 435  436 437 438  439 440 441  442 443 444  445 446 447  448 449 450 
 451 452 453  454 455 456  457 458 459  460 461 462  463 464 465  466 467 468 
 469 470 471  472 473 474  475 476 477  478 479 480  481 482 483  484 485 486 
 487 488 489  490 491 492  493 494 495  496 497 498  499 500 501  502 503 504 
 505 506 507  508 509 510  511 512 513  514 515 516  517 518 519  520 521 522 
 523 524 525  526 527 528  529 530 531  532 533 534  535 536 537  538 539 540 
 541 542 543  544 545 546  547 548 549  550 551 552  553 554 555  556 557 558 
 559 560 561  562 563 564  565 566 567  568 569 570  571 572 573  574 575 576 
 577 578 579  580 581 582  583 584 585  586 587 588  589 590 591  592 593 594 
 595 596 597  598 599 600  601 602 603 604  605 606 607 608  609 610 611 612  613 614 615 616 
 617 618 619 620  621 622 623 624  625 626 627 628  629 630 631 632  633 634 635 636  637 638 639 640 
 641 642 643 644  645 646 647 648  649 650 651 652  653 654 655 656  657 658 659 660  661 662 663 664 
 665 666 667 668  669 670 671 672  673 674 675 676  677 678 679 680  681 682 683 684  685 686 687 688 
 689 690 691 692  693 694 695 696  697 698 699 700  701 702 703 704  705 706 707 708  709 710 711 712 
 713 714 715 716  717 718 719 720  721 722 723 724  725 726 727 728  729 730 731 732  733 734 735 736 
 737 738 739 740  741 742 743 744  745 746 747 748  749 750 751 752  753 754 755 756  757 758 759 760 
 761 762 763  764 765 766  767 768 769  770 771 772  773 774 775  776 777 778 
 779 780 781  782 783 784  785 786 787  788 789 790  791 792 793  794 795 796 
 797 798 799  800 801 802  803 804 805  806 807 808  809 810 811  812 813 814 
 815 816 817  818 819 820  821 822 823  824 825 826  827 828 829  830 831 832 
 833 834 835  836 837 838  839 840 841  842 843 844  845 846 847  848 849 850 
 851 852 853  854 855 856  857 858 859  860 861 862  863 864 865  866 867 868 
 869 870 871  872 873 874  875 876 877  878 879 880  881 882 883  884 885 886 
 887 888 889  890 891 892  893 894 895  896 897 898  899 900 901  902 903 904 
 905 906 907  908 909 910  911 912 913  914 915 916  917 918 919  920 921 922 
 923 924 925  926 927 928  929 930 931  932 933 934  935 936 937  938 939 940 
 941 942 943  944 945 946  947 948 949  950 951 952  953 954 955  956 957 958 
 959 960 961  962 963 964  965 966 967  968 969 970  971 972 973  974 975 976 
 977 978 979  980 981 982  983 984 985  986 987 988  989 990 991  992 993 994 
 995 996 997  998 999 1000  1001 1002 1003  1004 1005 1006  1007 1008 1009  1010 1011 1012 
 1013 1014 1015  1016 1017 1018  1019 1020 1021  1022 1023 1024  1025 1026 1027  1028 1029 1030 
 1031 1032 1033  1034 1035 1036  1037 1038 1039  1040 1041 1042  1043 1044 1045  1046 1047 1048 
 1049 1050 1051  1052 1053 1054  1055 1056 1057  1058 1059 1060  1061 1062 1063  1064 1065 1066 
 1067 1068 1069  1070 1071 1072  1073 1074 1075  1076 1077 1078  1079 1080 1081  1082 1083 1084 
 1085 1086 1087  1088 1089 1090  1091 1092 1093  1094 1095 1096  1097 1098 1099  1100 1101 1102 
 1103 1104 1105  1106 1107 1108  1109 1110 1111  1112 1113 1114  1115 1116 1117  1118 1119 1120 
 1121 1122 1123  1124 1125 1126  1127 1128 1129  1130 1131 1132  1133 1134 1135  1136 1137 1138 
 1139 1140 1141  1142 1143 1144  1145 1146 1147  1148 1149 1150  1151 1152 1153  1154 1155 1156 
 1157 1158 1159  1160 1161 1162  1163 1164 1165  1166 1167 1168  1169 1170 1171  1172 1173 1174 
 1175 1176 1177  1178 1179 1180  1181 1182 1183  1184 1185 1186  1187 1188 1189  1190 1191 1192 
 1193 1194 1195  1196 1197 1198  1199 1200 1201  1202 1203 1204  1205 1206 1207  1208 1209 1210 
 1211 1212 1213  1214 1215 1216  1217 1218 1219  1220 1221 1222  1223 1224 1225  1226 1227 1228 
 1229 1230 1231  1232 1233 1234  1235 1236 1237  1238 1239 1240  1241 1242 1243  1244 1245 1246 
 1247 1248 1249  1250 1251 1252  1253 1254 1255  1256 1257 1258  1259 1260 1261  1262 1263 1264 
 1265 1266 1267  1268 1269 1270  1271 1272 1273  1274 1275 1276  1277 1278 1279  1280 1281 1282 
 1283 1284 1285  1286 1287 1288  1289 1290 1291  1292 1293 1294  1295 1296 1297  1298 1299 1300 
 1301 1302 1303  1304 1305 1306  1307 1308 1309  1310 1311 1312  1313 1314 1315  1316 1317 1318 
 1319 1320 1321  1322 1323 1324  1325 1326 1327  1328 1329 1330  1331 1332 1333  1334 1335 1336 
 1337 1338 1339  1340 1341 1342  1343 1344 1345  1346 1347 1348  1349 1350 1351  1352 1353 1354 
 1355 1356 1357  1358 1359 1360  6 5 2 1  11 10 3 2  9 8 5 4  22 24 4 6 
 12 11 8 7  121 123 7 9  18 17 14 13  23 22 15 14  21 20 17 16  34 36 16 18 
 24 23 20 19  133 135 19 21  30 29 26 25  35 34 27 26  33 32 29 28  46 48 28 30 
 36 35 32 31  145 147 31 33  42 41 38 37  47 46 39 38  45 44 41 40  58 60 40 42 
 48 47 44 43  157 159 43 45  54 53 50 49  59 58 51 50  57 56 53 52  70 72 52 54 
 60 59 56 55  169 171 55 57  66 65 62 61  71 70 63 62  69 68 65 64  82 84 64 66 
 72 71 68 67  181 183 67 69  78 77 74 73  83 82 75 74  81 80 77 76  94 96 76 78 
 84 83 80 79  193 195 79 81  90 89 86 85  95 94 87 86  93 92 89 88  106 108 88 90 
 96 95 92 91  205 207 91 93  102 101 98 97  107 106 99 98  105 104 101 100  118 120 100 102 
 108 107 104 103  217 219 103 105  114 113 110 109  119 118 111 110  117 116 113 112  120 119 116 115 
 229 231 115 117  126 125 122 121  131 130 123 122  129 128 125 124  142 144 124 126  132 131 128 127 
 241 243 127 129  138 137 134 133  143 142 135 134  141 140 137 136  154 156 136 138  144 143 140 139 
 253 255 139 141  150 149 146 145  155 154 147 146  153 152 149 148  166 168 148 150  156 155 152 151 
 265 267 151 153  162 161 158 157  167 166 159 158  165 164 161 160  178 180 160 162  168 167 164 163 
 277 279 163 165  174 173 170 169  179 178 171 170  177 176 173 172  190 192 172 174  180 179 176 175 
 289 291 175 177  186 185 182 181  191 190 183 182  189 188 185 184  202 204 184 186  192 191 188 187 
 301 303 187 189  198 197 194 193  203 202 195 194  201 200 197 196  214 216 196 198  204 203 200 199 
 313 315 199 201  210 209 206 205  215 214 207 206  213 212 209 208  226 228 208 210  216 215 212 211 
 325 327 211 213  222 221 218 217  227 226 219 218  225 224 221 220  238 240 220 222  228 227 224 223 
 337 339 223 225  234 233 230 229  239 238 231 230  237 236 233 232  240 239 236 235  349 351 235 237 
 246 245 242 241  251 250 243 242  249 248 245 244  262 264 244 246  252 251 248 247  361 363 247 249 
 258 257 254 253  263 262 255 254  261 260 257 256  274 276 256 258  264 263 260 259  373 375 259 261 
 270 269 266 265  275 274 267 266  273 272 269 268  286 288 268 270  276 275 272 271  385 387 271 273 
 282 281 278 277  287 286 279 278  285 284 281 280  298 300 280 282  288 287 284 283  397 399 283 285 
 294 293 290 289  299 298 291 290  297 296 293 292  310 312 292 294  300 299 296 295  409 411 295 297 
 306 305 302 301  311 310 303 302  309 308 305 304  322 324 304 306  312 311 308 307  421 423 307 309 
 318 317 314 313  323 322 315 314  321 320 317 316  334 336 316 318  324 323 320 319  433 435 319 321 
 330 329 326 325  335 334 327 326  333 332 329 328  346 348 328 330  336 335 332 331  445 447 331 333 
 342 341 338 337  347 346 339 338  345 344 341 340  358 360 340 342  348 347 344 343  457 459 343 345 
 354 353 350 349  359 358 351 350  357 356 353 352  360 359 356 355  469 471 355 357  366 365 362 361 
 371 370 363 362  369 368 365 364  382 384 364 366  372 371 368 367  481 483 367 369  378 377 374 373 
 383 382 375 374  381 380 377 376  394 396 376 378  384 383 380 379  493 495 379 381  390 389 386 385 
 395 394 387 386  393 392 389 388  406 408 388 390  396 395 392 391  505 507 391 393  402 401 398 397 
 407 406 399 398  405 404 401 400  418 420 400 402  408 407 404 403  517 519 403 405  414 413 410 409 
 419 418 411 410  417 416 413 412  430 432 412 414  420 419 416 415  529 531 415 417  426 425 422 421 
 431 430 423 422  429 428 425 424  442 444 424 426  432 431 428 427  541 543 427 429  438 437 434 433 
 443 442 435 434  441 440 437 436  454 456 436 438  444 443 440 439  553 555 439 441  450 449 446 445 
 455 454 447 446  453 452 449 448  466 468 448 450  456 455 452 451  565 567 451 453  462 461 458 457 
 467 466 459 458  465 464 461 460  478 480 460 462  468 467 464 463  577 579 463 465  474 473 470 469 
 479 478 471 470  477 476 473 472  480 479 476 475  589 591 475 477  486 485 482 481  491 490 483 482 
 489 488 485 484  502 504 484 486  492 491 488 487  601 604 487 489  498 497 494 493  503 502 495 494 
 501 500 497 496  514 516 496 498  504 503 500 499  605 608 499 501  510 509 506 505  515 514 507 506 
 513 512 509 508  526 528 508 510  516 515 512 511  609 612 511 513  522 521 518 517  527 526 519 518 
 525 524 521 520  538 540 520 522  528 527 524 523  613 616 523 525  534 533 530 529  539 538 531 530 
 537 536 533 532  550 552 532 534  540 539 536 535  617 620 535 537  546 545 542 541  551 550 543 542 
 549 548 545 544  562 564 544 546  552 551 548 547  621 624 547 549  558 557 554 553  563 562 555 554 
 561 560 557 556  574 576 556 558  564 563 560 559  625 628 559 561  570 569 566 565  575 574 567 566 
 573 572 569 568  586 588 568 570  576 575 572 571  629 632 571 573  582 581 578 577  587 586 579 578 
 585 584 581 580  598 600 580 582  588 587 584 583  633 636 583 585  594 593 590 589  599 598 591 590 
 597 596 593 592  600 599 596 595  637 640 595 597  608 607 602 601  641 644 603 602  612 611 606 605 
 645 648 607 606  616 615 610 609  649 652 611 610  620 619 614 613  653 656 615 614  624 623 618 617 
 657 660 619 618  628 627 622 621  661 664 623 622  632 631 626 625  665 668 627 626  636 635 630 629 
 669 672 631 630  640 639 634 633  673 676 635 634  677 680 639 638  648 647 642 641  681 684 643 642 
 652 651 646 645  685 688 647 646  656 655 650 649  689 692 651 650  660 659 654 653  693 696 655 654 
 664 663 658 657  697 700 659 658  668 667 662 661  701 704 663 662  672 671 666 665  705 708 667 666 
 676 675 670 669  709 712 671 670  680 679 674 673  713 716 675 674  717 720 679 678  688 687 682 681 
 721 724 683 682  692 691 686 685  725 728 687 686  696 695 690 689  729 732 691 690  700 699 694 693 
 733 736 695 694  704 703 698 697  737 740 699 698  708 707 702 701  741 744 703 702  712 711 706 705 
 745 748 707 706  716 715 710 709  749 752 711 710  720 719 714 713  753 756 715 714  757 760 719 718 
 728 727 722 721  761 763 723 722  732 731 726 725  773 775 727 726  736 735 730 729  785 787 731 730 
 740 739 734 733  797 799 735 734  744 743 738 737  809 811 739 738  748 747 742 741  821 823 743 742 
 752 751 746 745  833 835 747 746  756 755 750 749  845 847 751 750  760 759 754 753  857 859 755 754 
 869 871 759 758  766 765 762 761  771 770 763 762  769 768 765 764  782 784 764 766  772 771 768 767 
 881 883 767 769  778 777 774 773  783 782 775 774  781 780 777 776  794 796 776 778  784 783 780 779 
 893 895 779 781  790 789 786 785  795 794 787 786  793 792 789 788  806 808 788 790  796 795 792 791 
 905 907 791 793  802 801 798 797  807 806 799 798  805 804 801 800  818 820 800 802  808 807 804 803 
 917 919 803 805  814 813 810 809  819 818 811 810  817 816 813 812  830 832 812 814  820 819 816 815 
 929 931 815 817  826 825 822 821  831 830 823 822  829 828 825 824  842 844 824 826  832 831 828 827 
 941 943 827 829  838 837 834 833  843 842 835 834  841 840 837 836  854 856 836 838  844 843 840 839 
 953 955 839 841  850 849 846 845  855 854 847 846  853 852 849 848  866 868 848 850  856 855 852 851 
 965 967 851 853  862 861 858 857  867 866 859 858  865 864 861 860  878 880 860 862  868 867 864 863 
 977 979 863 865  874 873 870 869  879 878 871 870  877 876 873 872  880 879 876 875  989 991 875 877 
 886 885 882 881  891 890 883 882  889 888 885 884  902 904 884 886  892 891 888 887  1001 1003 887 889 
 898 897 894 893  903 902 895 894  901 900 897 896  914 916 896 898  904 903 900 899  1013 1015 899 901 
 910 909 906 905  915 914 907 906  913 912 909 908  926 928 908 910  916 915 912 911  1025 1027 911 913 
 922 921 918 917  927 926 919 918  925 924 921 920  938 940 920 922  928 927 924 923  1037 1039 923 925 
 934 933 930 929  939 938 931 930  937 936 933 932  950 952 932 934  940 939 936 935  1049 1051 935 937 
 946 945 942 941  951 950 943 942  949 948 945 944  962 964 944 946  952 951 948 947  1061 1063 947 949 
 958 957 954 953  963 962 955 954  961 960 957 956  974 976 956 958  964 963 960 959  1073 1075 959 961 
 970 969 966 965  975 974 967 966  973 972 969 968  986 988 968 970  976 975 972 971  1085 1087 971 973 
 982 981 978 977  987 986 979 978  985 984 981 980  998 1000 980 982  988 987 984 983  1097 1099 983 985 
 994 993 990 989  999 998 991 990  997 996 993 992  1000 999 996 995  1109 1111 995 997  1006 1005 1002 1001 
 1011 1010 1003 1002  1009 1008 1005 1004  1022 1024 1004 1006  1012 1011 1008 1007  1121 1123 1007 1009  1018 1017 1014 1013 
 1023 1022 1015 1014  1021 1020 1017 1016  1034 1036 1016 1018  1024 1023 1020 1019  1133 1135 1019 1021  1030 1029 1026 1025 
 1035 1034 1027 1026  1033 1032 1029 1028  1046 1048 1028 1030  1036 1035 1032 1031  1145 1147 1031 1033  1042 1041 1038 1037 
 1047 1046 1039 1038  1045 1044 1041 1040  1058 1060 1040 1042  1048 1047 1044 1043  1157 1159 1043 1045  1054 1053 1050 1049 
 1059 1058 1051 1050  1057 1056 1053 1052  1070 1072 1052 1054  1060 1059 1056 1055  1169 1171 1055 1057  1066 1065 1062 1061 
 1071 1070 1063 1062  1069 1068 1065 1064  1082 1084 1064 1066  1072 1071 1068 1067  1181 1183 1067 1069  1078 1077 1074 1073 
 1083 1082 1075 1074  1081 1080 1077 1076  1094 1096 1076 1078  1084 1083 1080 1079  1193 1195 1079 1081  1090 1089 1086 1085 
 1095 1094 1087 1086  1093 1092 1089 1088  1106 1108 1088 1090  1096 1095 1092 1091  1205 1207 1091 1093  1102 1101 1098 1097 
 1107 1106 1099 1098  1105 1104 1101 1100  1118 1120 1100 1102  1108 1107 1104 1103  1217 1219 1103 1105  1114 1113 1110 1109 
 1119 1118 1111 1110  1117 1116 1113 1112  1120 1119 1116 1115  1229 1231 1115 1117  1126 1125 1122 1121  1131 1130 1123 1122 
 1129 1128 1125 1124  1142 1144 1124 1126  1132 1131 1128 1127  1241 1243 1127 1129  1138 1137 1134 1133  1143 1142 1135 1134 
 1141 1140 1137 1136  1154 1156 1136 1138  1144 1143 1140 1139  1253 1255 1139 1141  1150 1149 1146 1145  1155 1154 1147 1146 
 1153 1152 1149 1148  1166 1168 1148 1150  1156 1155 1152 1151  1265 1267 1151 1153  1162 1161 1158 1157  1167 1166 1159 1158 
 1165 1164 1161 1160  1178 1180 1160 1162  1168 1167 1164 1163  1277 1279 1163 1165  1174 1173 1170 1169  1179 1178 1171 1170 
 1177 1176 1173 1172  1190 1192 1172 1174  1180 1179 1176 1175  1289 1291 1175 1177  1186 1185 1182 1181  1191 1190 1183 1182 
 1189 1188 1185 1184  1202 1204 1184 1186  1192 1191 1188 1187  1301 1303 1187 1189  1198 1197 1194 1193  1203 1202 1195 1194 
 1201 1200 1197 1196  1214 1216 1196 1198  1204 1203 1200 1199  1313 1315 1199 1201  1210 1209 1206 1205  1215 1214 1207 1206 
 1213 1212 1209 1208  1226 1228 1208 1210  1216 1215 1212 1211  1325 1327 1211 1213  1222 1221 1218 1217  1227 1226 1219 1218 
 1225 1224 1221 1220  1238 1240 1220 1222  1228 1227 1224 1223  1337 1339 1223 1225  1234 1233 1230 1229  1239 1238 1231 1230 
 1237 1236 1233 1232  1240 1239 1236 1235  1349 1351 1235 1237  1246 1245 1242 1241  1251 1250 1243 1242  1249 1248 1245 1244 
 1262 1264 1244 1246  1252 1251 1248 1247  1258 1257 1254 1253  1263 1262 1255 1254  1261 1260 1257 1256  1274 1276 1256 1258 
 1264 1263 1260 1259  1270 1269 1266 1265  1275 1274 1267 1266  1273 1272 1269 1268  1286 1288 1268 1270  1276 1275 1272 1271 
 1282 1281 1278 1277  1287 1286 1279 1278  1285 1284 1281 1280  1298 1300 1280 1282  1288 1287 1284 1283  1294 1293 1290 1289 
 1299 1298 1291 1290  1297 1296 1293 1292  1310 1312 1292 1294  1300 1299 1296 1295  1306 1305 1302 1301  1311 1310 1303 1302 
 1309 1308 1305 1304  1322 1324 1304 1306  1312 1311 1308 1307  1318 1317 1314 1313  1323 1322 1315 1314  1321 1320 1317 1316 
 1334 1336 1316 1318  1324 1323 1320 1319  1330 1329 1326 1325  1335 1334 1327 1326  1333 1332 1329 1328  1346 1348 1328 1330 
 1336 1335 1332 1331  1342 1341 1338 1337  1347 1346 1339 1338  1345 1344 1341 1340  1358 1360 1340 1342  1348 1347 1344 1343 
 1354 1353 1350 1349  1359 1358 1351 1350  1357 1356 1353 1352  1360 1359 1356 1355 
  MBT3   MBT3   MBT3   MBT3   MBT3   MBT3   MBT3   MBT3   MBT3   MBT3   MBT3   MBT3   MBT3   MBT3   MBT3   MBT3   MBT3   MBT3   MBT3   MBT3   MBT3   MBT3   MBT3   MBT3 
  MBT3   MBT3   MBT3   MBT3   MBT3   MBT3   MBT3   MBT3   MBT3   MBT3   MBT3   MBT3   MBT3   MBT3   MBT3   MBT3   MBT3   MBT3   MBT3   MBT3   MBT3   MBT3   MBT3   MBT3 
  MBT3   MBT3   MBT3   MBT3   MBT3   MBT3   MBT3   MBT3   MBT3   MBT3   MBT3   MBT3   MBT3   MBT3   MBT3   MBT3   MBT3   MBT3   MBT3   MBT3   MBT3   MBT3   MBT3   MBT3 
  MBT3   MBT3   MBT3   MBT3   MBT3   MBT3   MBT3   MBT3   MBT3   MBT3   MBT3   MBT3   MBT3   MBT3   MBT3   MBT3   MBT3   MBT3   MBT3   MBT3   MBT3   MBT3   MBT3   MBT3 
  MBT3   MBT3   MBT3   MBT3   MBT3   MBT3   MBT3   MBT3   MBT3   MBT3   MBT3   MBT3   MBT3   MBT3   MBT3   MBT3   MBT3   MBT3   MBT3   MBT3   MBT3   MBT3   MBT3   MBT3 
  MBT3   MBT3   MBT3   MBT3   MBT3   MBT3   MBT3   MBT3   MBT3   MBT3   MBT3   MBT3   MBT3   MBT3   MBT3   MBT3   MBT3   MBT3   MBT3   MBT3   MBT3   MBT3   MBT3   MBT3 
  MBT3   MBT3   MBT3   MBT3   MBT3   MBT3   MBT3   MBT3   MBT3   MBT3   MBT3   MBT3   MBT3   MBT3   MBT3   MBT3   MBT3   MBT3   MBT3   MBT3   MBT3   MBT3   MBT3   MBT3 
  MBT3   MBT3   MBT3   MBT3   MBT3   MBT3   MBT3   MBT3   MBT3   MBT3   MBT3   MBT3   MBT3   MBT3   MBT3   MBT3   MBT3   MBT3   MBT3   MBT3   MBT3   MBT3   MBT3   MBT3 
  MBT3   MBT3   MBT3   MBT3   MBT3   MBT3   MBT3   MBT3   MBQ4   MBQ4   MBQ4   MBQ4   MBQ4   MBQ4   MBQ4   MBQ4   MBQ4   MBQ4   MBQ4   MBQ4   MBQ4   MBQ4   MBQ4   MBQ4 
  MBQ4   MBQ4   MBQ4   MBQ4   MBQ4   MBQ4   MBQ4   MBQ4   MBQ4   MBQ4   MBQ4   MBQ4   MBQ4   MBQ4   MBQ4   MBQ4   MBQ4   MBQ4   MBQ4   MBQ4   MBQ4   MBQ4   MBQ4   MBQ4 
  MBT3   MBT3   MBT3   MBT3   MBT3   MBT3   MBT3   MBT3   MBT3   MBT3   MBT3   MBT3   MBT3   MBT3   MBT3   MBT3   MBT3   MBT3   MBT3   MBT3   MBT3   MBT3   MBT3   MBT3 
  MBT3   MBT3   MBT3   MBT3   MBT3   MBT3   MBT3   MBT3   MBT3   MBT3   MBT3   MBT3   MBT3   MBT3   MBT3   MBT3   MBT3   MBT3   MBT3   MBT3   MBT3   MBT3   MBT3   MBT3 
  MBT3   MBT3   MBT3   MBT3   MBT3   MBT3   MBT3   MBT3   MBT3   MBT3   MBT3   MBT3   MBT3   MBT3   MBT3   MBT3   MBT3   MBT3   MBT3   MBT3   MBT3   MBT3   MBT3   MBT3 
  MBT3   MBT3   MBT3   MBT3   MBT3   MBT3   MBT3   MBT3   MBT3   MBT3   MBT3   MBT3   MBT3   MBT3   MBT3   MBT3   MBT3   MBT3   MBT3   MBT3   MBT3   MBT3   MBT3   MBT3 
  MBT3   MBT3   MBT3   MBT3   MBT3   MBT3   MBT3   MBT3   MBT3   MBT3   MBT3   MBT3   MBT3   MBT3   MBT3   MBT3   MBT3   MBT3   MBT3   MBT3   MBT3   MBT3   MBT3   MBT3 
  MBT3   MBT3   MBT3   MBT3   MBT3   MBT3   MBT3   MBT3   MBT3   MBT3   MBT3   MBT3   MBT3   MBT3   MBT3   MBT3   MBT3   MBT3   MBT3   MBT3   MBT3   MBT3   MBT3   MBT3 
  MBT3   MBT3   MBT3   MBT3   MBT3   MBT3   MBT3   MBT3   MBT3   MBT3   MBT3   MBT3   MBT3   MBT3   MBT3   MBT3   MBT3   MBT3   MBT3   MBT3   MBT3   MBT3   MBT3   MBT3 
  MBT3   MBT3   MBT3   MBT3   MBT3   MBT3   MBT3   MBT3   MBT3   MBT3   MBT3   MBT3   MBT3   MBT3   MBT3   MBT3   MBT3   MBT3   MBT3   MBT3   MBT3   MBT3   MBT3   MBT3 
  MBT3   MBT3   MBT3   MBT3   MBT3   MBT3   MBT3   MBT3   EJQ4   EJQ4   EJQ4   EJQ4   EJQ4   EJQ4   EJQ4   EJQ4   EJQ4   EJQ4   EJQ4   EJQ4   EJQ4   EJQ4   EJQ4   EJQ4 
  EJQ4   EJQ4   EJQ4   EJQ4   EJQ4   EJQ4   EJQ4   EJQ4   EJQ4   EJQ4   EJQ4   EJQ4   EJQ4   EJQ4   EJQ4   EJQ4   EJQ4   EJQ4   EJQ4   EJQ4   EJQ4   EJQ4   EJQ4   EJQ4 
  EJQ4   EJQ4   EJQ4   EJQ4   EJQ4   EJQ4   EJQ4   EJQ4   EJQ4   EJQ4   EJQ4   EJQ4   EJQ4   EJQ4   EJQ4   EJQ4   EJQ4   EJQ4   EJQ4   EJQ4   EJQ4   EJQ4   EJQ4   EJQ4 
  EJQ4   EJQ4   EJQ4   EJQ4   EJQ4   EJQ4   EJQ4   EJQ4   EJQ4   EJQ4   EJQ4   EJQ4   EJQ4   EJQ4   EJQ4   EJQ4   EJQ4   EJQ4   EJQ4   EJQ4   EJQ4   EJQ4   EJQ4   EJQ4 
  EJQ4   EJQ4   EJQ4   EJQ4   EJQ4   EJQ4   EJQ4   EJQ4   EJQ4   EJQ4   EJQ4   EJQ4   EJQ4   EJQ4   EJQ4   EJQ4   EJQ4   EJQ4   EJQ4   EJQ4   EJQ4   EJQ4   EJQ4   EJQ4 
  EJQ4   EJQ4   EJQ4   EJQ4   EJQ4   EJQ4   EJQ4   EJQ4   EJQ4   EJQ4   EJQ4   EJQ4   EJQ4   EJQ4   EJQ4   EJQ4   EJQ4   EJQ4   EJQ4   EJQ4   EJQ4   EJQ4   EJQ4   EJQ4 
  EJQ4   EJQ4   EJQ4   EJQ4   EJQ4   EJQ4   EJQ4   EJQ4   EJQ4   EJQ4   EJQ4   EJQ4   EJQ4   EJQ4   EJQ4   EJQ4   EJQ4   EJQ4   EJQ4   EJQ4   EJQ4   EJQ4   EJQ4   EJQ4 
  EJQ4   EJQ4   EJQ4   EJQ4   EJQ4   EJQ4   EJQ4   EJQ4   EJQ4   EJQ4   EJQ4   EJQ4   EJQ4   EJQ4   EJQ4   EJQ4   EJQ4   EJQ4   EJQ4   EJQ4   EJQ4   EJQ4   EJQ4   EJQ4 
  EJQ4   EJQ4   EJQ4   EJQ4   EJQ4   EJQ4   EJQ4   EJQ4   EJQ4   EJQ4   EJQ4   EJQ4   EJQ4   EJQ4   EJQ4   EJQ4   EJQ4   EJQ4   EJQ4   EJQ4   EJQ4   EJQ4   EJQ4   EJQ4 
  EJQ4   EJQ4   EJQ4   EJQ4   EJQ4   EJQ4   EJQ4   EJQ4   EJQ4   EJQ4   EJQ4   EJQ4   EJQ4   EJQ4   EJQ4   EJQ4   EJQ4   EJQ4   EJQ4   EJQ4   EJQ4   EJQ4   EJQ4   EJQ4 
  EJQ4   EJQ4   EJQ4   EJQ4   EJQ4   EJQ4   EJQ4   EJQ4   EJQ4   EJQ4   EJQ4   EJQ4   EJQ4   EJQ4   EJQ4   EJQ4   EJQ4   EJQ4   EJQ4   EJQ4   EJQ4   EJQ4   EJQ4   EJQ4 
  EJQ4   EJQ4   EJQ4   EJQ4   EJQ4   EJQ4   EJQ4   EJQ4   EJQ4   EJQ4   EJQ4   EJQ4   EJQ4   EJQ4   EJQ4   EJQ4   EJQ4   EJQ4   EJQ4   EJQ4   EJQ4   EJQ4   EJQ4   EJQ4 
  EJQ4   EJQ4   EJQ4   EJQ4   EJQ4   EJQ4   EJQ4   EJQ4   EJQ4   EJQ4   EJQ4   EJQ4   EJQ4   EJQ4   EJQ4   EJQ4   EJQ4   EJQ4   EJQ4   EJQ4   EJQ4   EJQ4   EJQ4   EJQ4 
  EJQ4   EJQ4   EJQ4   EJQ4   EJQ4   EJQ4   EJQ4   EJQ4   EJQ4   EJQ4   EJQ4   EJQ4   EJQ4   EJQ4   EJQ4   EJQ4   EJQ4   EJQ4   EJQ4   EJQ4   EJQ4   EJQ4   EJQ4   EJQ4 
  EJQ4   EJQ4   EJQ4   EJQ4   EJQ4   EJQ4   EJQ4   EJQ4   EJQ4   EJQ4   EJQ4   EJQ4   EJQ4   EJQ4   EJQ4   EJQ4   EJQ4   EJQ4   EJQ4   EJQ4   EJQ4   EJQ4   EJQ4   EJQ4 
  EJQ4   EJQ4   EJQ4   EJQ4   EJQ4   EJQ4   EJQ4   EJQ4   EJQ4   EJQ4   EJQ4   EJQ4   EJQ4   EJQ4   EJQ4   EJQ4   EJQ4   EJQ4   EJQ4   EJQ4   EJQ4   EJQ4   EJQ4   EJQ4 
  EJQ4   EJQ4   EJQ4   EJQ4   EJQ4   EJQ4   EJQ4   EJQ4   EJQ4   EJQ4   EJQ4   EJQ4   EJQ4   EJQ4   EJQ4   EJQ4   EJQ4   EJQ4   EJQ4   EJQ4   EJQ4   EJQ4   EJQ4   EJQ4 
  EJQ4   EJQ4   EJQ4   EJQ4   EJQ4   EJQ4   EJQ4   EJQ4   EJQ4   EJQ4   EJQ4   EJQ4   EJQ4   EJQ4   EJQ4   EJQ4   EJQ4   EJQ4   EJQ4   EJQ4   EJQ4   EJQ4   EJQ4   EJQ4 
  EJQ4   EJQ4   EJQ4   EJQ4   EJQ4   EJQ4   EJQ4   EJQ4   EJQ4   EJQ4   EJQ4   EJQ4   EJQ4   EJQ4   EJQ4   EJQ4   EJQ4   EJQ4   EJQ4   EJQ4   EJQ4   EJQ4   EJQ4   EJQ4 
  EJQ4   EJQ4   EJQ4   EJQ4   EJQ4   EJQ4   EJQ4   EJQ4   EJQ4   EJQ4   EJQ4   EJQ4   EJQ4   EJQ4   EJQ4   EJQ4   EJQ4   EJQ4   EJQ4   EJQ4   EJQ4   EJQ4   EJQ4   EJQ4 
  EJQ4   EJQ4   EJQ4   EJQ4   EJQ4   EJQ4   EJQ4   EJQ4   EJQ4   EJQ4   EJQ4   EJQ4   EJQ4   EJQ4   EJQ4   EJQ4   EJQ4   EJQ4   EJQ4   EJQ4   EJQ4   EJQ4   EJQ4   EJQ4 
  EJQ4   EJQ4   EJQ4   EJQ4   EJQ4   EJQ4   EJQ4   EJQ4   EJQ4   EJQ4   EJQ4   EJQ4   EJQ4   EJQ4   EJQ4   EJQ4   EJQ4   EJQ4   EJQ4   EJQ4   EJQ4   EJQ4   EJQ4   EJQ4 
  EJQ4   EJQ4   EJQ4   EJQ4   EJQ4   EJQ4   EJQ4   EJQ4   EJQ4   EJQ4   EJQ4   EJQ4   EJQ4   EJQ4   EJQ4   EJQ4   EJQ4   EJQ4   EJQ4   EJQ4   EJQ4   EJQ4   EJQ4   EJQ4 
  EJQ4   EJQ4   EJQ4   EJQ4   EJQ4   EJQ4   EJQ4   EJQ4   EJQ4   EJQ4   EJQ4   EJQ4   EJQ4   EJQ4   EJQ4   EJQ4   EJQ4   EJQ4   EJQ4   EJQ4   EJQ4   EJQ4   EJQ4   EJQ4 
  EJQ4   EJQ4   EJQ4   EJQ4   EJQ4   EJQ4   EJQ4   EJQ4   EJQ4   EJQ4   EJQ4   EJQ4   EJQ4   EJQ4   EJQ4   EJQ4   EJQ4   EJQ4   EJQ4   EJQ4   EJQ4   EJQ4   EJQ4   EJQ4 
  EJQ4   EJQ4   EJQ4   EJQ4   EJQ4   EJQ4   EJQ4   EJQ4   EJQ4   EJQ4   EJQ4   EJQ4   EJQ4   EJQ4   EJQ4   EJQ4   EJQ4   EJQ4   EJQ4   EJQ4   EJQ4   EJQ4   EJQ4   EJQ4 
  EJQ4   EJQ4   EJQ4   EJQ4   EJQ4   EJQ4   EJQ4   EJQ4   EJQ4   EJQ4   EJQ4   EJQ4   EJQ4   EJQ4   EJQ4   EJQ4   EJQ4   EJQ4   EJQ4   EJQ4   EJQ4   EJQ4   EJQ4   EJQ4 
  EJQ4   EJQ4   EJQ4   EJQ4   EJQ4   EJQ4   EJQ4   EJQ4   EJQ4   EJQ4   EJQ4   EJQ4   EJQ4   EJQ4   EJQ4   EJQ4 
 1  1  1  1  1  1  1  1  1  1  1  1  1  1  1  1  1  1  1  1  1  1  1  1  1  1  1  1  1  1  1  1  1  1  1  1  1  1  1  1  1  1  1  1  1  1  1  1  1  1  1  1  1  1 
 1  1  1  1  1  1  1  1  1  1  1  1  1  1  1  1  1  1  1  1  1  1  1  1  1  1  1  1  1  1  1  1  1  1  1  1  1  1  1  1  1  1  1  1  1  1  1  1  1  1  1  1  1  1 
 1  1  1  1  1  1  1  1  1  1  1  1  1  1  1  1  1  1  1  1  1  1  1  1  1  1  1  1  1  1  1  1  1  1  1  1  1  1  1  1  1  1  1  1  1  1  1  1  1  1  1  1  1  1 
 1  1  1  1  1  1  1  1  1  1  1  1  1  1  1  1  1  1  1  1  1  1  1  1  1  1  1  1  1  1  1  1  1  1  1  1  1  1  2  2  2  2  2  2  2  2  2  2  2  2  2  2  2  2 
 2  2  2  2  2  2  2  2  2  2  2  2  2  2  2  2  2  2  2  2  2  2  2  2  1  1  1  1  1  1  1  1  1  1  1  1  1  1  1  1  1  1  1  1  1  1  1  1  1  1  1  1  1  1 
 1  1  1  1  1  1  1  1  1  1  1  1  1  1  1  1  1  1  1  1  1  1  1  1  1  1  1  1  1  1  1  1  1  1  1  1  1  1  1  1  1  1  1  1  1  1  1  1  1  1  1  1  1  1 
 1  1  1  1  1  1  1  1  1  1  1  1  1  1  1  1  1  1  1  1  1  1  1  1  1  1  1  1  1  1  1  1  1  1  1  1  1  1  1  1  1  1  1  1  1  1  1  1  1  1  1  1  1  1 
 1  1  1  1  1  1  1  1  1  1  1  1  1  1  1  1  1  1  1  1  1  1  1  1  1  1  1  1  1  1  1  1  1  1  1  1  1  1  1  1  1  1  1  1  1  1  1  1  1  1  1  1  1  1 
 1  1  1  1  1  1  1  1  3  3  3  3  3  3  3  3  3  3  3  3  3  3  3  3  3  3  3  3  3  3  3  3  3  3  3  3  3  3  3  3  3  3  3  3  3  3  3  3  3  3  3  3  3  3 
 3  3  3  3  3  3  3  3  3  3  3  3  3  3  3  3  3  3  3  3  3  3  3  3  3  3  3  3  3  3  3  3  3  3  3  3  3  3  3  3  3  3  3  3  3  3  3  3  3  3  3  3  3  3 
 3  3  3  3  3  3  3  3  3  3  3  3  3  3  3  3  3  3  3  3  3  3  3  3  3  3  3  3  3  3  3  3  3  3  3  3  3  3  3  3  3  3  3  3  3  3  3  3  3  3  3  3  3  3 
 3  3  3  3  3  3  3  3  3  3  3  3  3  3  3  3  3  3  3  3  3  3  3  3  3  3  3  3  3  3  3  3  3  3  3  3  3  3  3  3  3  3  3  3  3  3  3  3  3  3  3  3  3  3 
 3  3  3  3  3  3  3  3  3  3  3  3  3  3  3  3  3  3  3  3  3  3  3  3  3  3  3  3  3  3  3  3  3  4  3  3  3  3  3  4  3  3  3  3  3  4  3  3  3  3  3  4  3  3 
 3  3  3  4  3  3  3  3  3  4  3  3  3  3  3  4  3  3  3  3  3  4  3  3  3  3  3  4  3  3  3  3  4  6  5  6  5  6  5  6  5  6  5  6  5  6  5  6  5  6  5  5  6  5 
 6  5  6  5  6  5  6  5  6  5  6  5  6  5  6  5  5  6  5  6  5  6  5  6  5  6  5  6  5  6  5  6  5  6  5  5  6  4  6  4  6  4  6  4  6  4  6  4  6  4  6  4  6  4 
 4  3  3  3  3  3  3  3  3  3  3  3  3  3  3  3  3  3  3  3  3  3  3  3  3  3  3  3  3  3  3  3  3  3  3  3  3  3  3  3  3  3  3  3  3  3  3  3  3  3  3  3  3  3 
 3  3  3  3  3  3  3  3  3  3  3  3  3  3  3  3  3  3  3  3  3  3  3  3  3  3  3  3  3  3  3  3  3  3  3  3  3  3  3  3  3  3  3  3  3  3  3  3  3  3  3  3  3  3 
 3  3  3  3  3  3  3  3  3  3  3  3  3  3  3  3  3  3  3  3  3  3  3  3  3  3  3  3  3  3  3  3  3  3  3  3  3  3  3  3  3  3  3  3  3  3  3  3  3  3  3  3  3  3 
 3  3  3  3  3  3  3  3  3  3  3  3  3  3  3  3  3  3  3  3  3  3  3  3  3  3  3  3  3  3  3  3  3  3  3  3  3  3  3  3  3  3  3  3  3  3  3  3  3  3  3  3  3  3 
 3  3  3  3  3  3  3  3  3  3  3  3  3  3  3  3  3  3  3  3  3  3  3  3  3  3  3  3  3  3  3  3  3  3  3  3  3  3  3  3  3  3  3  3  3  3  3  3  3  3  3  3  3  3 
 3  3  3  3  3  3  3  3  3  3  3  3  3  3  3  3 
Beton
   1 3 0. 35000. 0.2
   0.8
Acier_eq
   1 3 0. 44719.3 0.2
   0.8
Int_B/B
   101 3 0. 35000. 	0.2
   4. 27.5 	30.		30.
   0.8
Int_A-B
   102 3 0. 35000.  0.2  
   1.e10 25.   30.  30.	1.	15.e-6
   0.09425
Int_A-A_rig
   101 3 0. 44719.3 0.2
   1.e11 1.e11 30. 30.
   0.8
Int_A|A
   107 3 0. 44719.3 0.2
   4. 25. 30. 30.  2.e-6
   0.8
COND
2
NUL
2
48
3 7 10 12 123 127 130 132 243 247 250 252 363 367 370 372 483 487 490 492 603 604 643 644 683 684 723 724 763 767 770 772 883 887 890 892 1003 1007 1010 1012 1123 1127 1130 1132 1243 1247 1250 1252 
1
2
2
3 109 
2
0
IMP
2 
48
109 112 114 117 229 232 234 237 349 352 354 357 469 472 474 477 589 592 594 597 637 638 677 678 717 718 757 758 869 872 874 877 989 992 994 997 1109 1112 1114 1117 1229 1232 1234 1237 1349 1352 1354 1357 
1
       2.5e-8        2.5e-8        2.5e-8        2.5e-8        2.5e-8        2.5e-8        2.5e-8        2.5e-8        2.5e-8        2.5e-8        2.5e-8        2.5e-8        2.5e-8        2.5e-8        2.5e-8        2.5e-8        2.5e-8        2.5e-8        2.5e-8        2.5e-8        2.5e-8        2.5e-8        2.5e-8        2.5e-8        2.5e-8        2.5e-8        2.5e-8        2.5e-8        2.5e-8        2.5e-8        2.5e-8        2.5e-8        2.5e-8        2.5e-8        2.5e-8        2.5e-8        2.5e-8        2.5e-8        2.5e-8        2.5e-8        2.5e-8        2.5e-8        2.5e-8        2.5e-8        2.5e-8        2.5e-8        2.5e-8        2.5e-8 
0
MCNL
2
  740 500 0.0001
  1
  0 122 124 126 128 130 132 134 136 138 140 142 144 146 148 150 152 
  154 156 158 160 162 164 166 168 170 172 174 176 178 180 182 184 
  186 188 190 192 194 196 198 200 202 204 206 208 210 212 214 216 
  218 220 222 224 226 228 230 232 234 236 238 240 242 244 246 248 
  250 252 254 256 258 260 262 264 266 268 270 272 274 276 278 280 
  282 284 286 288 290 292 294 296 298 300 302 304 306 308 310 312 
  314 316 318 320 322 324 326 328 330 332 334 336 338 340 342 344 
  346 348 350 352 354 356 358 360 362 364 366 368 370 372 374 376 
  378 380 382 384 386 388 390 392 394 396 398 400 402 404 406 408 
  410 412 414 416 418 420 422 424 426 428 430 432 434 436 438 440 
  442 444 446 448 450 452 454 456 458 460 462 464 466 468 470 472 
  474 476 478 480 482 484 486 488 490 492 494 496 498 500 502 504 
  506 508 510 512 514 516 518 520 522 524 526 528 530 532 534 536 
  538 540 542 544 546 548 550 552 554 556 558 560 562 564 566 568 
  570 572 574 576 578 580 582 584 586 588 590 592 594 596 598 600 
  602 604 606 608 610 612 614 616 618 620 622 624 626 628 630 632 
  634 636 638 640 642 644 646 648 650 652 654 656 658 660 662 664 
  666 668 670 672 674 676 678 680 682 684 686 688 690 692 694 696 
  698 700 702 704 706 708 710 712 714 716 718 720 722 724 726 728 
  730 732 734 736 738 740 742 744 746 748 750 752 754 756 758 760 
  762 764 766 768 770 772 774 776 778 780 782 784 786 788 790 792 
  794 796 798 800 802 804 806 808 810 812 814 816 818 820 822 824 
  826 828 830 832 834 836 838 840 842 844 846 848 850 852 854 856 
  858 860 862 864 866 868 870 872 874 876 878 880 882 884 886 888 
  890 892 894 896 898 900 902 904 906 908 910 912 914 916 918 920 
  922 924 926 928 930 932 934 936 938 940 942 944 946 948 950 952 
  954 956 958 960 962 964 966 968 970 972 974 976 978 980 982 984 
  986 988 990 992 994 996 998 1000 1002 1004 1006 1008 1010 1012 
  1014 1016 1018 1020 1022 1024 1026 1028 1030 1032 1034 1036 1038 
  1040 1042 1044 1046 1048 1050 1052 1054 1056 1058 1060 1062 1064 
  1066 1068 1070 1072 1074 1076 1078 1080 1082 1084 1086 1088 1090 
  1092 1094 1096 1098 1100 1102 1104 1106 1108 1110 1112 1114 1116 
  1118 1120 1122 1124 1126 1128 1130 1132 1134 1136 1138 1140 1142 
  1144 1146 1148 1150 1152 1154 1156 1158 1160 1162 1164 1166 1168 
  1170 1172 1174 1176 1178 1180 1182 1184 1186 1188 1190 1192 1194 
  1196 1198 1200 1202 1204 1206 1208 1210 1212 1214 1216 1218 1220 
  1222 1224 1226 1228 1230 1232 1234 1236 1238 1240 1242 1244 1246 
  1248 1250 1252 1254 1256 1258 1260 1262 1264 1266 1268 1270 1272 
  1274 1276 1278 1280 1282 1284 1286 1288 1290 1292 1294 1296 1298 
  1300 1302 1304 1306 1308 1310 1312 1314 1316 1318 1320 1322 1324 
  1326 1328 1330 1332 1334 1336 1338 1340 1342 1344 1346 1348 1350 
  1352 1354 1356 1358 1360 1362 1364 1366 1368 1370 1372 1374 1376 
  1378 1380 1382 1384 1386 1388 1390 1392 1394 1396 1398 1400 1402 
  1404 1406 1408 1410 1412 1414 1416 1418 1420 1422 1424 1426 1428 
  1430 1432 1434 1436 1438 1440 1442 1444 1446 1448 1450 1452 1454 
  1456 1458 1460 1462 1464 1466 1468 1470 1472 1474 1476 1478 1480 
  1482 1484 1486 1488 1490 1492 1494 1496 1498 1500 1502 1504 1506 
  1508 1510 1512 1514 1516 1518 1520 1522 1524 1526 1528 1530 1532 
  1534 1536 1538 1540 1542 1544 1546 1548 1550 1552 1554 1556 1558 
  1560 1562 1564 1566 1568 1570 1572 1574 1576 1578 1580 1582 1584 
  1586 1588 1590 1592 1594 1596 1598
PROB
55.  0.016
2
module
2
1  1  2
35000.  0.
2  1  2
44719.3  0.
resistance
2
3  2  0
6  2  0
