0.00000000000000000E+00  0.00000000000000000E+00  0.00000000000000000E+00  0.00000000000000000E+00  0.00000000000000000E+00  0.00000000000000000E+00  0.00000000000000000E+00  0.00000000000000000E+00
8.00000000000000201E-05  0.00000000000000000E+00  0.00000000000000000E+00  6.46221023095073233E-02  0.00000000000000000E+00  0.00000000000000000E+00  0.00000000000000000E+00  0.00000000000000000E+00
1.20000000000000003E-04  0.00000000000000000E+00  0.00000000000000000E+00  8.62662602525519351E-02  0.00000000000000000E+00  0.00000000000000000E+00  0.00000000000000000E+00  0.00000000000000000E+00
1.60000000000000040E-04  0.00000000000000000E+00  0.00000000000000000E+00  9.90709190518619387E-02  0.00000000000000000E+00  0.00000000000000000E+00  0.00000000000000000E+00  0.00000000000000000E+00
2.00000000000000254E-04  0.00000000000000000E+00  0.00000000000000000E+00  1.06103441061205422E-01  0.00000000000000000E+00  0.00000000000000000E+00  0.00000000000000000E+00  0.00000000000000000E+00
2.40000000000000006E-04  0.00000000000000000E+00  0.00000000000000000E+00  1.08425539577537478E-01  0.00000000000000000E+00  0.00000000000000000E+00  0.00000000000000000E+00  0.00000000000000000E+00
2.80000000000000572E-04  0.00000000000000000E+00  0.00000000000000000E+00  1.02577615925888016E-01  0.00000000000000000E+00  0.00000000000000000E+00  0.00000000000000000E+00  0.00000000000000000E+00
3.20000000000000297E-04  0.00000000000000000E+00  0.00000000000000000E+00  1.10987647021249136E-01  0.00000000000000000E+00  0.00000000000000000E+00  0.00000000000000000E+00  0.00000000000000000E+00
3.60000000000000402E-04  0.00000000000000000E+00  0.00000000000000000E+00  1.13225148111273169E-01  0.00000000000000000E+00  0.00000000000000000E+00  0.00000000000000000E+00  0.00000000000000000E+00
4.00000000000000453E-04  0.00000000000000000E+00  0.00000000000000000E+00  1.13204284014188930E-01  0.00000000000000000E+00  0.00000000000000000E+00  0.00000000000000000E+00  0.00000000000000000E+00
4.39999999999999907E-04  0.00000000000000000E+00  0.00000000000000000E+00  1.17006472345186061E-01  0.00000000000000000E+00  0.00000000000000000E+00  0.00000000000000000E+00  0.00000000000000000E+00
4.79999999999999633E-04  0.00000000000000000E+00  0.00000000000000000E+00  1.17696117561607291E-01  0.00000000000000000E+00  0.00000000000000000E+00  0.00000000000000000E+00  0.00000000000000000E+00
5.20000000000000063E-04  0.00000000000000000E+00  0.00000000000000000E+00  1.23297382975188149E-01  0.00000000000000000E+00  0.00000000000000000E+00  0.00000000000000000E+00  0.00000000000000000E+00
5.59999999999999734E-04  0.00000000000000000E+00  0.00000000000000000E+00  1.22599128993431991E-01  0.00000000000000000E+00  0.00000000000000000E+00  0.00000000000000000E+00  0.00000000000000000E+00
5.99999999999999947E-04  0.00000000000000000E+00  0.00000000000000000E+00  1.28408030069441015E-01  0.00000000000000000E+00  0.00000000000000000E+00  0.00000000000000000E+00  0.00000000000000000E+00
6.40000000000000161E-04  0.00000000000000000E+00  0.00000000000000000E+00  1.15741089865762675E-01  0.00000000000000000E+00  0.00000000000000000E+00  0.00000000000000000E+00  0.00000000000000000E+00
6.80000000000000049E-04  0.00000000000000000E+00  0.00000000000000000E+00  1.22766796102555809E-01  0.00000000000000000E+00  0.00000000000000000E+00  0.00000000000000000E+00  0.00000000000000000E+00
7.19999999999999612E-04  0.00000000000000000E+00  0.00000000000000000E+00  1.16536441009481462E-01  0.00000000000000000E+00  0.00000000000000000E+00  0.00000000000000000E+00  0.00000000000000000E+00
7.60000000000000150E-04  0.00000000000000000E+00  0.00000000000000000E+00  1.21909050385635001E-01  0.00000000000000000E+00  0.00000000000000000E+00  0.00000000000000000E+00  0.00000000000000000E+00
7.99999999999999605E-04  0.00000000000000000E+00  0.00000000000000000E+00  1.21900317863406410E-01  0.00000000000000000E+00  0.00000000000000000E+00  0.00000000000000000E+00  0.00000000000000000E+00
8.40000000000000143E-04  0.00000000000000000E+00  0.00000000000000000E+00  1.27420836261467052E-01  0.00000000000000000E+00  0.00000000000000000E+00  0.00000000000000000E+00  0.00000000000000000E+00
8.79999999999999706E-04  0.00000000000000000E+00  0.00000000000000000E+00  1.28488562141681806E-01  0.00000000000000000E+00  0.00000000000000000E+00  0.00000000000000000E+00  0.00000000000000000E+00
9.19999999999999919E-04  0.00000000000000000E+00  0.00000000000000000E+00  1.22909624253302693E-01  0.00000000000000000E+00  0.00000000000000000E+00  0.00000000000000000E+00  0.00000000000000000E+00
9.59999999999999265E-04  0.00000000000000000E+00  0.00000000000000000E+00  1.26228108279043100E-01  0.00000000000000000E+00  0.00000000000000000E+00  0.00000000000000000E+00  0.00000000000000000E+00
1.00000000000000024E-03  0.00000000000000000E+00  0.00000000000000000E+00  1.30630374936369670E-01  0.00000000000000000E+00  0.00000000000000000E+00  0.00000000000000000E+00  0.00000000000000000E+00
1.03999999999999601E-03  0.00000000000000000E+00  0.00000000000000000E+00  1.28938862969798007E-01  0.00000000000000000E+00  0.00000000000000000E+00  0.00000000000000000E+00  0.00000000000000000E+00
1.07999999999999741E-03  0.00000000000000000E+00  0.00000000000000000E+00  1.30970911099137693E-01  0.00000000000000000E+00  0.00000000000000000E+00  0.00000000000000000E+00  0.00000000000000000E+00
1.11999999999999622E-03  0.00000000000000000E+00  0.00000000000000000E+00  1.35399315631072492E-01  0.00000000000000000E+00  0.00000000000000000E+00  0.00000000000000000E+00  0.00000000000000000E+00
1.15999999999999675E-03  0.00000000000000000E+00  0.00000000000000000E+00  1.33196444161132771E-01  0.00000000000000000E+00  0.00000000000000000E+00  0.00000000000000000E+00  0.00000000000000000E+00
1.19999999999999643E-03  0.00000000000000000E+00  0.00000000000000000E+00  1.36764259632262908E-01  0.00000000000000000E+00  0.00000000000000000E+00  0.00000000000000000E+00  0.00000000000000000E+00
1.23999999999999740E-03  0.00000000000000000E+00  0.00000000000000000E+00  1.36923944116121354E-01  0.00000000000000000E+00  0.00000000000000000E+00  0.00000000000000000E+00  0.00000000000000000E+00
1.27999999999999664E-03  0.00000000000000000E+00  0.00000000000000000E+00  1.40920136242360328E-01  0.00000000000000000E+00  0.00000000000000000E+00  0.00000000000000000E+00  0.00000000000000000E+00
1.31999999999999891E-03  0.00000000000000000E+00  0.00000000000000000E+00  1.37927590714989778E-01  0.00000000000000000E+00  0.00000000000000000E+00  0.00000000000000000E+00  0.00000000000000000E+00
1.35999999999999945E-03  0.00000000000000000E+00  0.00000000000000000E+00  1.41642650454707836E-01  0.00000000000000000E+00  0.00000000000000000E+00  0.00000000000000000E+00  0.00000000000000000E+00
1.39999999999999630E-03  0.00000000000000000E+00  0.00000000000000000E+00  1.40406851655692472E-01  0.00000000000000000E+00  0.00000000000000000E+00  0.00000000000000000E+00  0.00000000000000000E+00
1.43999999999999662E-03  0.00000000000000000E+00  0.00000000000000000E+00  1.42850221135473993E-01  0.00000000000000000E+00  0.00000000000000000E+00  0.00000000000000000E+00  0.00000000000000000E+00
1.47999999999999564E-03  0.00000000000000000E+00  0.00000000000000000E+00  1.46408587143786184E-01  0.00000000000000000E+00  0.00000000000000000E+00  0.00000000000000000E+00  0.00000000000000000E+00
1.51999999999999596E-03  0.00000000000000000E+00  0.00000000000000000E+00  1.49464185904108010E-01  0.00000000000000000E+00  0.00000000000000000E+00  0.00000000000000000E+00  0.00000000000000000E+00
1.55999999999999650E-03  0.00000000000000000E+00  0.00000000000000000E+00  1.52044522291608142E-01  0.00000000000000000E+00  0.00000000000000000E+00  0.00000000000000000E+00  0.00000000000000000E+00
1.59999999999999682E-03  0.00000000000000000E+00  0.00000000000000000E+00  1.54946843120528949E-01  0.00000000000000000E+00  0.00000000000000000E+00  0.00000000000000000E+00  0.00000000000000000E+00
1.63999999999999584E-03  0.00000000000000000E+00  0.00000000000000000E+00  1.56687446505810318E-01  0.00000000000000000E+00  0.00000000000000000E+00  0.00000000000000000E+00  0.00000000000000000E+00
1.67999999999999617E-03  0.00000000000000000E+00  0.00000000000000000E+00  1.57782483321154965E-01  0.00000000000000000E+00  0.00000000000000000E+00  0.00000000000000000E+00  0.00000000000000000E+00
1.71999999999999757E-03  0.00000000000000000E+00  0.00000000000000000E+00  1.60813227550983984E-01  0.00000000000000000E+00  0.00000000000000000E+00  0.00000000000000000E+00  0.00000000000000000E+00
1.75999999999999746E-03  0.00000000000000000E+00  0.00000000000000000E+00  1.62932582807920695E-01  0.00000000000000000E+00  0.00000000000000000E+00  0.00000000000000000E+00  0.00000000000000000E+00
1.79999999999999626E-03  0.00000000000000000E+00  0.00000000000000000E+00  1.66050580707613221E-01  0.00000000000000000E+00  0.00000000000000000E+00  0.00000000000000000E+00  0.00000000000000000E+00
1.83999999999999615E-03  0.00000000000000000E+00  0.00000000000000000E+00  1.68467951481583805E-01  0.00000000000000000E+00  0.00000000000000000E+00  0.00000000000000000E+00  0.00000000000000000E+00
1.87999999999999778E-03  0.00000000000000000E+00  0.00000000000000000E+00  1.70897375872676061E-01  0.00000000000000000E+00  0.00000000000000000E+00  0.00000000000000000E+00  0.00000000000000000E+00
1.91999999999999766E-03  0.00000000000000000E+00  0.00000000000000000E+00  1.73135501047826351E-01  0.00000000000000000E+00  0.00000000000000000E+00  0.00000000000000000E+00  0.00000000000000000E+00
1.95999999999999647E-03  0.00000000000000000E+00  0.00000000000000000E+00  1.76303715587648707E-01  0.00000000000000000E+00  0.00000000000000000E+00  0.00000000000000000E+00  0.00000000000000000E+00
1.99999999999999527E-03  0.00000000000000000E+00  0.00000000000000000E+00  1.78927742245839849E-01  0.00000000000000000E+00  0.00000000000000000E+00  0.00000000000000000E+00  0.00000000000000000E+00
2.03999999999999841E-03  0.00000000000000000E+00  0.00000000000000000E+00  1.81637214660450963E-01  0.00000000000000000E+00  0.00000000000000000E+00  0.00000000000000000E+00  0.00000000000000000E+00
2.07999999999999808E-03  0.00000000000000000E+00  0.00000000000000000E+00  1.84194144211113409E-01  0.00000000000000000E+00  0.00000000000000000E+00  0.00000000000000000E+00  0.00000000000000000E+00
2.11999999999999732E-03  0.00000000000000000E+00  0.00000000000000000E+00  1.85961801210240862E-01  0.00000000000000000E+00  0.00000000000000000E+00  0.00000000000000000E+00  0.00000000000000000E+00
2.15999999999999699E-03  0.00000000000000000E+00  0.00000000000000000E+00  1.88190581309785859E-01  0.00000000000000000E+00  0.00000000000000000E+00  0.00000000000000000E+00  0.00000000000000000E+00
2.19999999999999927E-03  0.00000000000000000E+00  0.00000000000000000E+00  1.91073505229658630E-01  0.00000000000000000E+00  0.00000000000000000E+00  0.00000000000000000E+00  0.00000000000000000E+00
2.23999999999999850E-03  0.00000000000000000E+00  0.00000000000000000E+00  1.94153082367651497E-01  0.00000000000000000E+00  0.00000000000000000E+00  0.00000000000000000E+00  0.00000000000000000E+00
2.27999999999999774E-03  0.00000000000000000E+00  0.00000000000000000E+00  1.95895358685932469E-01  0.00000000000000000E+00  0.00000000000000000E+00  0.00000000000000000E+00  0.00000000000000000E+00
2.31999999999999785E-03  0.00000000000000000E+00  0.00000000000000000E+00  1.98811298492730187E-01  0.00000000000000000E+00  0.00000000000000000E+00  0.00000000000000000E+00  0.00000000000000000E+00
2.35999999999999622E-03  0.00000000000000000E+00  0.00000000000000000E+00  2.00841662827361295E-01  0.00000000000000000E+00  0.00000000000000000E+00  0.00000000000000000E+00  0.00000000000000000E+00
2.39999999999999806E-03  0.00000000000000000E+00  0.00000000000000000E+00  2.02410777450266227E-01  0.00000000000000000E+00  0.00000000000000000E+00  0.00000000000000000E+00  0.00000000000000000E+00
2.43999999999999729E-03  0.00000000000000000E+00  0.00000000000000000E+00  2.05496756144701753E-01  0.00000000000000000E+00  0.00000000000000000E+00  0.00000000000000000E+00  0.00000000000000000E+00
2.47999999999999653E-03  0.00000000000000000E+00  0.00000000000000000E+00  2.08467555905225532E-01  0.00000000000000000E+00  0.00000000000000000E+00  0.00000000000000000E+00  0.00000000000000000E+00
2.51999999999999577E-03  0.00000000000000000E+00  0.00000000000000000E+00  2.10199665501130090E-01  0.00000000000000000E+00  0.00000000000000000E+00  0.00000000000000000E+00  0.00000000000000000E+00
2.55999999999999717E-03  0.00000000000000000E+00  0.00000000000000000E+00  2.12799190531880705E-01  0.00000000000000000E+00  0.00000000000000000E+00  0.00000000000000000E+00  0.00000000000000000E+00
2.59999999999999728E-03  0.00000000000000000E+00  0.00000000000000000E+00  2.15391499004446652E-01  0.00000000000000000E+00  0.00000000000000000E+00  0.00000000000000000E+00  0.00000000000000000E+00
2.63999999999999782E-03  0.00000000000000000E+00  0.00000000000000000E+00  2.16891434517564707E-01  0.00000000000000000E+00  0.00000000000000000E+00  0.00000000000000000E+00  0.00000000000000000E+00
2.67999999999999749E-03  0.00000000000000000E+00  0.00000000000000000E+00  2.19986368148134909E-01  0.00000000000000000E+00  0.00000000000000000E+00  0.00000000000000000E+00  0.00000000000000000E+00
2.71999999999999889E-03  0.00000000000000000E+00  0.00000000000000000E+00  2.21943075668478790E-01  0.00000000000000000E+00  0.00000000000000000E+00  0.00000000000000000E+00  0.00000000000000000E+00
2.75999999999999857E-03  0.00000000000000000E+00  0.00000000000000000E+00  2.24748207895722030E-01  0.00000000000000000E+00  0.00000000000000000E+00  0.00000000000000000E+00  0.00000000000000000E+00
2.79999999999999737E-03  0.00000000000000000E+00  0.00000000000000000E+00  2.27838634744540108E-01  0.00000000000000000E+00  0.00000000000000000E+00  0.00000000000000000E+00  0.00000000000000000E+00
2.83999999999999661E-03  0.00000000000000000E+00  0.00000000000000000E+00  2.30837766210644890E-01  0.00000000000000000E+00  0.00000000000000000E+00  0.00000000000000000E+00  0.00000000000000000E+00
2.87999999999999801E-03  0.00000000000000000E+00  0.00000000000000000E+00  2.32919862345130541E-01  0.00000000000000000E+00  0.00000000000000000E+00  0.00000000000000000E+00  0.00000000000000000E+00
2.91999999999999682E-03  0.00000000000000000E+00  0.00000000000000000E+00  2.35967190394370724E-01  0.00000000000000000E+00  0.00000000000000000E+00  0.00000000000000000E+00  0.00000000000000000E+00
2.95999999999999952E-03  0.00000000000000000E+00  0.00000000000000000E+00  2.38719928161511830E-01  0.00000000000000000E+00  0.00000000000000000E+00  0.00000000000000000E+00  0.00000000000000000E+00
2.99999999999999833E-03  0.00000000000000000E+00  0.00000000000000000E+00  2.41258794483749983E-01  0.00000000000000000E+00  0.00000000000000000E+00  0.00000000000000000E+00  0.00000000000000000E+00
3.03999999999999973E-03  0.00000000000000000E+00  0.00000000000000000E+00  2.44357022900668325E-01  0.00000000000000000E+00  0.00000000000000000E+00  0.00000000000000000E+00  0.00000000000000000E+00
3.07999999999999854E-03  0.00000000000000000E+00  0.00000000000000000E+00  2.47205415214225621E-01  0.00000000000000000E+00  0.00000000000000000E+00  0.00000000000000000E+00  0.00000000000000000E+00
3.11999999999999734E-03  0.00000000000000000E+00  0.00000000000000000E+00  2.49983691922252782E-01  0.00000000000000000E+00  0.00000000000000000E+00  0.00000000000000000E+00  0.00000000000000000E+00
3.15999999999999658E-03  0.00000000000000000E+00  0.00000000000000000E+00  2.52743447229179963E-01  0.00000000000000000E+00  0.00000000000000000E+00  0.00000000000000000E+00  0.00000000000000000E+00
3.19999999999999538E-03  0.00000000000000000E+00  0.00000000000000000E+00  2.55805826874197395E-01  0.00000000000000000E+00  0.00000000000000000E+00  0.00000000000000000E+00  0.00000000000000000E+00
3.23999999999999679E-03  0.00000000000000000E+00  0.00000000000000000E+00  2.58028711596845206E-01  0.00000000000000000E+00  0.00000000000000000E+00  0.00000000000000000E+00  0.00000000000000000E+00
3.27999999999999559E-03  0.00000000000000000E+00  0.00000000000000000E+00  2.60004008354223992E-01  0.00000000000000000E+00  0.00000000000000000E+00  0.00000000000000000E+00  0.00000000000000000E+00
3.31999999999999440E-03  0.00000000000000000E+00  0.00000000000000000E+00  2.62881502924313171E-01  0.00000000000000000E+00  0.00000000000000000E+00  0.00000000000000000E+00  0.00000000000000000E+00
3.35999999999999754E-03  0.00000000000000000E+00  0.00000000000000000E+00  2.65606395708328391E-01  0.00000000000000000E+00  0.00000000000000000E+00  0.00000000000000000E+00  0.00000000000000000E+00
3.39999999999999677E-03  0.00000000000000000E+00  0.00000000000000000E+00  2.68319204956147861E-01  0.00000000000000000E+00  0.00000000000000000E+00  0.00000000000000000E+00  0.00000000000000000E+00
3.43999999999999775E-03  0.00000000000000000E+00  0.00000000000000000E+00  2.71169079059562279E-01  0.00000000000000000E+00  0.00000000000000000E+00  0.00000000000000000E+00  0.00000000000000000E+00
3.47999999999999655E-03  0.00000000000000000E+00  0.00000000000000000E+00  2.73999573073249292E-01  0.00000000000000000E+00  0.00000000000000000E+00  0.00000000000000000E+00  0.00000000000000000E+00
3.51999999999999492E-03  0.00000000000000000E+00  0.00000000000000000E+00  2.76575389978852504E-01  0.00000000000000000E+00  0.00000000000000000E+00  0.00000000000000000E+00  0.00000000000000000E+00
3.55999999999999416E-03  0.00000000000000000E+00  0.00000000000000000E+00  2.79453390371271038E-01  0.00000000000000000E+00  0.00000000000000000E+00  0.00000000000000000E+00  0.00000000000000000E+00
3.59999999999999296E-03  0.00000000000000000E+00  0.00000000000000000E+00  2.81627008739272156E-01  0.00000000000000000E+00  0.00000000000000000E+00  0.00000000000000000E+00  0.00000000000000000E+00
3.63999999999999393E-03  0.00000000000000000E+00  0.00000000000000000E+00  2.84224721244934198E-01  0.00000000000000000E+00  0.00000000000000000E+00  0.00000000000000000E+00  0.00000000000000000E+00
3.67999999999999231E-03  0.00000000000000000E+00  0.00000000000000000E+00  2.87273650473184705E-01  0.00000000000000000E+00  0.00000000000000000E+00  0.00000000000000000E+00  0.00000000000000000E+00
3.71999999999999111E-03  0.00000000000000000E+00  0.00000000000000000E+00  2.89953582107395469E-01  0.00000000000000000E+00  0.00000000000000000E+00  0.00000000000000000E+00  0.00000000000000000E+00
3.75999999999999555E-03  0.00000000000000000E+00  0.00000000000000000E+00  2.92968040262009954E-01  0.00000000000000000E+00  0.00000000000000000E+00  0.00000000000000000E+00  0.00000000000000000E+00
3.79999999999999435E-03  0.00000000000000000E+00  0.00000000000000000E+00  2.95892444016480238E-01  0.00000000000000000E+00  0.00000000000000000E+00  0.00000000000000000E+00  0.00000000000000000E+00
3.83999999999999316E-03  0.00000000000000000E+00  0.00000000000000000E+00  2.98388831549741829E-01  0.00000000000000000E+00  0.00000000000000000E+00  0.00000000000000000E+00  0.00000000000000000E+00
3.87999999999999370E-03  0.00000000000000000E+00  0.00000000000000000E+00  3.01343379277185630E-01  0.00000000000000000E+00  0.00000000000000000E+00  0.00000000000000000E+00  0.00000000000000000E+00
3.91999999999999207E-03  0.00000000000000000E+00  0.00000000000000000E+00  3.04244130488926567E-01  0.00000000000000000E+00  0.00000000000000000E+00  0.00000000000000000E+00  0.00000000000000000E+00
3.95999999999999130E-03  0.00000000000000000E+00  0.00000000000000000E+00  3.07287911692084970E-01  0.00000000000000000E+00  0.00000000000000000E+00  0.00000000000000000E+00  0.00000000000000000E+00
3.99999999999999054E-03  0.00000000000000000E+00  0.00000000000000000E+00  3.10194718776125533E-01  0.00000000000000000E+00  0.00000000000000000E+00  0.00000000000000000E+00  0.00000000000000000E+00
4.03999999999998891E-03  0.00000000000000000E+00  0.00000000000000000E+00  3.12438169979810776E-01  0.00000000000000000E+00  0.00000000000000000E+00  0.00000000000000000E+00  0.00000000000000000E+00
4.07999999999998988E-03  0.00000000000000000E+00  0.00000000000000000E+00  3.15349085077136104E-01  0.00000000000000000E+00  0.00000000000000000E+00  0.00000000000000000E+00  0.00000000000000000E+00
4.11999999999999519E-03  0.00000000000000000E+00  0.00000000000000000E+00  3.17817245990168640E-01  0.00000000000000000E+00  0.00000000000000000E+00  0.00000000000000000E+00  0.00000000000000000E+00
4.15999999999999356E-03  0.00000000000000000E+00  0.00000000000000000E+00  3.20073233172182448E-01  0.00000000000000000E+00  0.00000000000000000E+00  0.00000000000000000E+00  0.00000000000000000E+00
4.19999999999999280E-03  0.00000000000000000E+00  0.00000000000000000E+00  3.22481417160416950E-01  0.00000000000000000E+00  0.00000000000000000E+00  0.00000000000000000E+00  0.00000000000000000E+00
4.23999999999999291E-03  0.00000000000000000E+00  0.00000000000000000E+00  3.25489772380729625E-01  0.00000000000000000E+00  0.00000000000000000E+00  0.00000000000000000E+00  0.00000000000000000E+00
4.27999999999999128E-03  0.00000000000000000E+00  0.00000000000000000E+00  3.28525989048347733E-01  0.00000000000000000E+00  0.00000000000000000E+00  0.00000000000000000E+00  0.00000000000000000E+00
4.31999999999998965E-03  0.00000000000000000E+00  0.00000000000000000E+00  3.31219325714620261E-01  0.00000000000000000E+00  0.00000000000000000E+00  0.00000000000000000E+00  1.50667592432285032E-04
4.35999999999998888E-03  0.00000000000000000E+00  0.00000000000000000E+00  3.33489761685145603E-01  0.00000000000000000E+00  0.00000000000000000E+00  0.00000000000000000E+00  1.51793097682408876E-04
4.39999999999998725E-03  0.00000000000000000E+00  0.00000000000000000E+00  3.35892225196030070E-01  0.00000000000000000E+00  0.00000000000000000E+00  0.00000000000000000E+00  1.52994678080780591E-04
4.43999999999998562E-03  0.00000000000000000E+00  0.00000000000000000E+00  3.38271630409854418E-01  0.00000000000000000E+00  0.00000000000000000E+00  0.00000000000000000E+00  1.54716224244446201E-04
4.47999999999998486E-03  0.00000000000000000E+00  0.00000000000000000E+00  3.40981673340607860E-01  0.00000000000000000E+00  0.00000000000000000E+00  0.00000000000000000E+00  1.55652164207856751E-04
4.51999999999998323E-03  0.00000000000000000E+00  0.00000000000000000E+00  3.43682860327782058E-01  0.00000000000000000E+00  0.00000000000000000E+00  0.00000000000000000E+00  1.56826485820830714E-04
4.55999999999998160E-03  0.00000000000000000E+00  0.00000000000000000E+00  3.46392907023318819E-01  0.00000000000000000E+00  0.00000000000000000E+00  0.00000000000000000E+00  1.58006332918005858E-04
4.59999999999998171E-03  0.00000000000000000E+00  0.00000000000000000E+00  3.48665117192036911E-01  0.00000000000000000E+00  0.00000000000000000E+00  0.00000000000000000E+00  1.59789205790370988E-04
4.63999999999998008E-03  0.00000000000000000E+00  0.00000000000000000E+00  3.51293441879313273E-01  0.00000000000000000E+00  0.00000000000000000E+00  0.00000000000000000E+00  1.61217759999966075E-04
4.67999999999998712E-03  0.00000000000000000E+00  0.00000000000000000E+00  3.54262653494527624E-01  0.00000000000000000E+00  0.00000000000000000E+00  0.00000000000000000E+00  1.62570748304625902E-04
4.71999999999998376E-03  0.00000000000000000E+00  0.00000000000000000E+00  3.56962085702416998E-01  0.00000000000000000E+00  0.00000000000000000E+00  0.00000000000000000E+00  1.63695033304968860E-04
4.75999999999998560E-03  0.00000000000000000E+00  0.00000000000000000E+00  3.59068144180570759E-01  0.00000000000000000E+00  0.00000000000000000E+00  0.00000000000000000E+00  1.50467354810831020E-04
4.79999999999998310E-03  0.00000000000000000E+00  0.00000000000000000E+00  3.61842112208743238E-01  0.00000000000000000E+00  0.00000000000000000E+00  0.00000000000000000E+00  1.51498273811380272E-04
4.83999999999998234E-03  0.00000000000000000E+00  0.00000000000000000E+00  3.64756094159860600E-01  0.00000000000000000E+00  0.00000000000000000E+00  0.00000000000000000E+00  1.52747844542130273E-04
4.87999999999997984E-03  0.00000000000000000E+00  0.00000000000000000E+00  3.67666841779247078E-01  0.00000000000000000E+00  0.00000000000000000E+00  0.00000000000000000E+00  1.53416705852645941E-04
4.91999999999998081E-03  0.00000000000000000E+00  0.00000000000000000E+00  3.69619129906090360E-01  0.00000000000000000E+00  0.00000000000000000E+00  0.00000000000000000E+00  1.54181780597889150E-04
4.95999999999998005E-03  0.00000000000000000E+00  0.00000000000000000E+00  3.72614379670871243E-01  0.00000000000000000E+00  0.00000000000000000E+00  0.00000000000000000E+00  3.03235763064871929E-04
4.99999999999997755E-03  0.00000000000000000E+00  0.00000000000000000E+00  3.75600283543097657E-01  0.00000000000000000E+00  0.00000000000000000E+00  0.00000000000000000E+00  3.05649935857852436E-04
5.03999999999997766E-03  0.00000000000000000E+00  0.00000000000000000E+00  3.78274012091821710E-01  0.00000000000000000E+00  0.00000000000000000E+00  0.00000000000000000E+00  3.08157243707015923E-04
5.07999999999997603E-03  0.00000000000000000E+00  0.00000000000000000E+00  3.81044134788119160E-01  0.00000000000000000E+00  0.00000000000000000E+00  0.00000000000000000E+00  3.08937507876274470E-04
5.11999999999998307E-03  0.00000000000000000E+00  0.00000000000000000E+00  3.83592518145577710E-01  0.00000000000000000E+00  0.00000000000000000E+00  0.00000000000000000E+00  3.10505830696221916E-04
5.15999999999998144E-03  0.00000000000000000E+00  0.00000000000000000E+00  3.85477951371497818E-01  0.00000000000000000E+00  0.00000000000000000E+00  0.00000000000000000E+00  3.12134771196052646E-04
5.19999999999998155E-03  0.00000000000000000E+00  0.00000000000000000E+00  3.88374826520189342E-01  0.00000000000000000E+00  0.00000000000000000E+00  0.00000000000000000E+00  3.14345324667982223E-04
5.23999999999997905E-03  0.00000000000000000E+00  0.00000000000000000E+00  3.90250414876270157E-01  0.00000000000000000E+00  0.00000000000000000E+00  0.00000000000000000E+00  3.16544817683347122E-04
5.27999999999998002E-03  0.00000000000000000E+00  0.00000000000000000E+00  3.92905102689285302E-01  0.00000000000000000E+00  0.00000000000000000E+00  0.00000000000000000E+00  3.32481174415155418E-04
5.31999999999998013E-03  0.00000000000000000E+00  0.00000000000000000E+00  3.95270344575496368E-01  0.00000000000000000E+00  0.00000000000000000E+00  0.00000000000000000E+00  3.34267512111533535E-04
5.35999999999997850E-03  0.00000000000000000E+00  0.00000000000000000E+00  3.98065290187150145E-01  0.00000000000000000E+00  0.00000000000000000E+00  0.00000000000000000E+00  3.36734771104806843E-04
5.39999999999998554E-03  0.00000000000000000E+00  0.00000000000000000E+00  4.00752642015637983E-01  0.00000000000000000E+00  0.00000000000000000E+00  0.00000000000000000E+00  3.38264914523518992E-04
5.43999999999998131E-03  0.00000000000000000E+00  0.00000000000000000E+00  4.03532701013042228E-01  0.00000000000000000E+00  0.00000000000000000E+00  0.00000000000000000E+00  3.40637020352494834E-04
5.47999999999998228E-03  0.00000000000000000E+00  0.00000000000000000E+00  4.05585728701119419E-01  0.00000000000000000E+00  0.00000000000000000E+00  0.00000000000000000E+00  3.43068374412910482E-04
5.51999999999998065E-03  0.00000000000000000E+00  0.00000000000000000E+00  4.08362816643600024E-01  0.00000000000000000E+00  0.00000000000000000E+00  0.00000000000000000E+00  3.45408837451945745E-04
5.55999999999998076E-03  0.00000000000000000E+00  0.00000000000000000E+00  4.11116182387558649E-01  0.00000000000000000E+00  0.00000000000000000E+00  0.00000000000000000E+00  3.47661988703876885E-04
5.59999999999998173E-03  0.00000000000000000E+00  0.00000000000000000E+00  4.13704499066935627E-01  0.00000000000000000E+00  0.00000000000000000E+00  0.00000000000000000E+00  3.43126577669121652E-04
5.63999999999997923E-03  0.00000000000000000E+00  0.00000000000000000E+00  4.16625208457742202E-01  0.00000000000000000E+00  0.00000000000000000E+00  0.00000000000000000E+00  3.45554139546715199E-04
5.67999999999997934E-03  0.00000000000000000E+00  0.00000000000000000E+00  4.19340469960062467E-01  0.00000000000000000E+00  0.00000000000000000E+00  0.00000000000000000E+00  3.48113526179604437E-04
5.71999999999997597E-03  0.00000000000000000E+00  0.00000000000000000E+00  4.22145883621021956E-01  0.00000000000000000E+00  0.00000000000000000E+00  0.00000000000000000E+00  3.49634650620406760E-04
5.75999999999997868E-03  0.00000000000000000E+00  0.00000000000000000E+00  4.24537549391099833E-01  0.00000000000000000E+00  0.00000000000000000E+00  0.00000000000000000E+00  3.50350185431336442E-04
5.79999999999997445E-03  0.00000000000000000E+00  0.00000000000000000E+00  4.27003575188998452E-01  0.00000000000000000E+00  0.00000000000000000E+00  0.00000000000000000E+00  3.46029619713021219E-04
5.83999999999998149E-03  0.00000000000000000E+00  0.00000000000000000E+00  4.29581027009736660E-01  0.00000000000000000E+00  0.00000000000000000E+00  0.00000000000000000E+00  3.48245450610553439E-04
5.87999999999997726E-03  0.00000000000000000E+00  0.00000000000000000E+00  4.32208557373722657E-01  0.00000000000000000E+00  0.00000000000000000E+00  0.00000000000000000E+00  3.50325593038681331E-04
5.91999999999997997E-03  0.00000000000000000E+00  0.00000000000000000E+00  4.34617556572525154E-01  0.00000000000000000E+00  0.00000000000000000E+00  0.00000000000000000E+00  3.52145173182929691E-04
5.95999999999997487E-03  0.00000000000000000E+00  0.00000000000000000E+00  4.37326810197709026E-01  0.00000000000000000E+00  0.00000000000000000E+00  0.00000000000000000E+00  3.54576167453344812E-04
5.99999999999997844E-03  0.00000000000000000E+00  0.00000000000000000E+00  4.40102153399904716E-01  0.00000000000000000E+00  0.00000000000000000E+00  0.00000000000000000E+00  3.56890861076892901E-04
6.03999999999998202E-03  0.00000000000000000E+00  0.00000000000000000E+00  4.43033317585429409E-01  0.00000000000000000E+00  0.00000000000000000E+00  0.00000000000000000E+00  3.59269835906207377E-04
6.07999999999998212E-03  0.00000000000000000E+00  0.00000000000000000E+00  4.44224361636965936E-01  0.00000000000000000E+00  0.00000000000000000E+00  0.00000000000000000E+00  1.94856763154327580E-03
6.11999999999998396E-03  0.00000000000000000E+00  0.00000000000000000E+00  4.46984446572161520E-01  0.00000000000000000E+00  0.00000000000000000E+00  0.00000000000000000E+00  1.95468361078432159E-03
6.15999999999997973E-03  0.00000000000000000E+00  0.00000000000000000E+00  4.48993878120186818E-01  0.00000000000000000E+00  0.00000000000000000E+00  0.00000000000000000E+00  1.98485502459292557E-03
6.19999999999998243E-03  0.00000000000000000E+00  0.00000000000000000E+00  4.51729180653953788E-01  0.00000000000000000E+00  0.00000000000000000E+00  0.00000000000000000E+00  2.00929197549315746E-03
6.23999999999997734E-03  0.00000000000000000E+00  0.00000000000000000E+00  4.53980363607013437E-01  0.00000000000000000E+00  0.00000000000000000E+00  0.00000000000000000E+00  2.14603916730867232E-03
6.27999999999998091E-03  0.00000000000000000E+00  0.00000000000000000E+00  4.56548718199184966E-01  0.00000000000000000E+00  0.00000000000000000E+00  0.00000000000000000E+00  2.06818364396554790E-03
6.31999999999998448E-03  0.00000000000000000E+00  0.00000000000000000E+00  4.58969172782991819E-01  0.00000000000000000E+00  0.00000000000000000E+00  0.00000000000000000E+00  2.07668397938773732E-03
6.35999999999997939E-03  0.00000000000000000E+00  0.00000000000000000E+00  4.61565471260564963E-01  0.00000000000000000E+00  0.00000000000000000E+00  0.00000000000000000E+00  2.21510252682040375E-03
6.39999999999998730E-03  0.00000000000000000E+00  0.00000000000000000E+00  4.64001342447208975E-01  0.00000000000000000E+00  0.00000000000000000E+00  0.00000000000000000E+00  2.11826595748501037E-03
6.43999999999998133E-03  0.00000000000000000E+00  0.00000000000000000E+00  4.66601849172918470E-01  0.00000000000000000E+00  0.00000000000000000E+00  0.00000000000000000E+00  2.08749679899256947E-03
6.47999999999998577E-03  0.00000000000000000E+00  0.00000000000000000E+00  4.68817221798463080E-01  0.00000000000000000E+00  0.00000000000000000E+00  0.00000000000000000E+00  2.30443424791844723E-03
6.51999999999998935E-03  0.00000000000000000E+00  0.00000000000000000E+00  4.71276131868374359E-01  0.00000000000000000E+00  0.00000000000000000E+00  0.00000000000000000E+00  2.31784531156082252E-03
6.55999999999998338E-03  0.00000000000000000E+00  0.00000000000000000E+00  4.73958570733354234E-01  0.00000000000000000E+00  0.00000000000000000E+00  0.00000000000000000E+00  2.32371663231150131E-03
6.59999999999998782E-03  0.00000000000000000E+00  0.00000000000000000E+00  4.76102566705610408E-01  0.00000000000000000E+00  0.00000000000000000E+00  0.00000000000000000E+00  2.28994218898819716E-03
6.63999999999998185E-03  0.00000000000000000E+00  0.00000000000000000E+00  4.78826716504917982E-01  0.00000000000000000E+00  0.00000000000000000E+00  0.00000000000000000E+00  2.15272824268283999E-03
6.67999999999998977E-03  0.00000000000000000E+00  0.00000000000000000E+00  4.81428368375879323E-01  0.00000000000000000E+00  0.00000000000000000E+00  0.00000000000000000E+00  2.18560809132027504E-03
6.71999999999998467E-03  0.00000000000000000E+00  0.00000000000000000E+00  4.83692755304044375E-01  0.00000000000000000E+00  0.00000000000000000E+00  0.00000000000000000E+00  2.06713181658197851E-03
6.75999999999998737E-03  0.00000000000000000E+00  0.00000000000000000E+00  4.86470846268858614E-01  0.00000000000000000E+00  0.00000000000000000E+00  0.00000000000000000E+00  2.04257203759896679E-03
6.79999999999999181E-03  0.00000000000000000E+00  0.00000000000000000E+00  4.88808892793272276E-01  0.00000000000000000E+00  0.00000000000000000E+00  0.00000000000000000E+00  2.27067779262388712E-03
6.83999999999998585E-03  0.00000000000000000E+00  0.00000000000000000E+00  4.91681368657639672E-01  0.00000000000000000E+00  0.00000000000000000E+00  0.00000000000000000E+00  2.28388842735160547E-03
6.87999999999999029E-03  0.00000000000000000E+00  0.00000000000000000E+00  4.93671919089553657E-01  0.00000000000000000E+00  0.00000000000000000E+00  0.00000000000000000E+00  2.08983254476536890E-03
6.91999999999998432E-03  0.00000000000000000E+00  0.00000000000000000E+00  4.96482549791618766E-01  0.00000000000000000E+00  0.00000000000000000E+00  0.00000000000000000E+00  2.10266680135507474E-03
6.95999999999999223E-03  0.00000000000000000E+00  0.00000000000000000E+00  4.98642544362989881E-01  0.00000000000000000E+00  0.00000000000000000E+00  0.00000000000000000E+00  1.79643976060858972E-03
6.99999999999998540E-03  0.00000000000000000E+00  0.00000000000000000E+00  5.01506200336243713E-01  0.00000000000000000E+00  0.00000000000000000E+00  0.00000000000000000E+00  1.80674932084863809E-03
7.03999999999998984E-03  0.00000000000000000E+00  0.00000000000000000E+00  5.04009611360635712E-01  0.00000000000000000E+00  0.00000000000000000E+00  0.00000000000000000E+00  1.30962189495878911E-03
7.07999999999999515E-03  0.00000000000000000E+00  0.00000000000000000E+00  5.05987742994169931E-01  0.00000000000000000E+00  0.00000000000000000E+00  0.00000000000000000E+00  1.03294452127150604E-03
7.11999999999998832E-03  0.00000000000000000E+00  0.00000000000000000E+00  5.08448292929702839E-01  0.00000000000000000E+00  0.00000000000000000E+00  0.00000000000000000E+00  1.01943081318978416E-03
7.15999999999999276E-03  0.00000000000000000E+00  0.00000000000000000E+00  5.10943958014591471E-01  0.00000000000000000E+00  0.00000000000000000E+00  0.00000000000000000E+00  9.14530625665704020E-04
7.19999999999999113E-03  0.00000000000000000E+00  0.00000000000000000E+00  5.13301888760822278E-01  0.00000000000000000E+00  0.00000000000000000E+00  0.00000000000000000E+00  1.02194469715338352E-03
7.23999999999999557E-03  0.00000000000000000E+00  0.00000000000000000E+00  5.16078121478576346E-01  0.00000000000000000E+00  0.00000000000000000E+00  0.00000000000000000E+00  1.01046039716804078E-03
7.27999999999998874E-03  0.00000000000000000E+00  0.00000000000000000E+00  5.18236635630231035E-01  0.00000000000000000E+00  0.00000000000000000E+00  0.00000000000000000E+00  9.44461411891389007E-04
7.31999999999999231E-03  0.00000000000000000E+00  0.00000000000000000E+00  5.20911994327519556E-01  0.00000000000000000E+00  0.00000000000000000E+00  0.00000000000000000E+00  1.00568134629362227E-03
7.35999999999999762E-03  0.00000000000000000E+00  0.00000000000000000E+00  5.23755162507020811E-01  0.00000000000000000E+00  0.00000000000000000E+00  0.00000000000000000E+00  1.01126601072521892E-03
7.39999999999999079E-03  0.00000000000000000E+00  0.00000000000000000E+00  5.25892444005236936E-01  0.00000000000000000E+00  0.00000000000000000E+00  0.00000000000000000E+00  8.90009870572714161E-04
7.43999999999999610E-03  0.00000000000000000E+00  0.00000000000000000E+00  5.27530248648626077E-01  0.00000000000000000E+00  0.00000000000000000E+00  0.00000000000000000E+00  1.15553617097761919E-03
7.47999999999998839E-03  0.00000000000000000E+00  0.00000000000000000E+00  5.30078101703455373E-01  0.00000000000000000E+00  0.00000000000000000E+00  0.00000000000000000E+00  1.29657900048248836E-03
7.51999999999999717E-03  0.00000000000000000E+00  0.00000000000000000E+00  5.32734929794288936E-01  0.00000000000000000E+00  0.00000000000000000E+00  0.00000000000000000E+00  1.42929763063033306E-03
7.55999999999999121E-03  0.00000000000000000E+00  0.00000000000000000E+00  5.35226149398771667E-01  0.00000000000000000E+00  0.00000000000000000E+00  0.00000000000000000E+00  1.44807907534474727E-03
7.59999999999999478E-03  0.00000000000000000E+00  0.00000000000000000E+00  5.37646914345676241E-01  0.00000000000000000E+00  0.00000000000000000E+00  0.00000000000000000E+00  1.42173148559622564E-03
7.64000000000000009E-03  0.00000000000000000E+00  0.00000000000000000E+00  5.40319140199704395E-01  0.00000000000000000E+00  0.00000000000000000E+00  0.00000000000000000E+00  1.53854844711659531E-03
7.67999999999999412E-03  0.00000000000000000E+00  0.00000000000000000E+00  5.42846894398976931E-01  0.00000000000000000E+00  0.00000000000000000E+00  0.00000000000000000E+00  1.54503451720849352E-03
7.71999999999999856E-03  0.00000000000000000E+00  0.00000000000000000E+00  5.44994017641804107E-01  0.00000000000000000E+00  0.00000000000000000E+00  0.00000000000000000E+00  1.27820039405105086E-03
7.75999999999999520E-03  0.00000000000000000E+00  0.00000000000000000E+00  5.47574762433015838E-01  0.00000000000000000E+00  0.00000000000000000E+00  0.00000000000000000E+00  1.32943424044123810E-03
7.80000000000000051E-03  0.00000000000000000E+00  0.00000000000000000E+00  5.50257584594712412E-01  0.00000000000000000E+00  0.00000000000000000E+00  0.00000000000000000E+00  1.37835995236467715E-03
7.83999999999999281E-03  0.00000000000000000E+00  0.00000000000000000E+00  5.52928388737487841E-01  0.00000000000000000E+00  0.00000000000000000E+00  0.00000000000000000E+00  1.46704891102864433E-03
7.87999999999999812E-03  0.00000000000000000E+00  0.00000000000000000E+00  5.55743326597898268E-01  0.00000000000000000E+00  0.00000000000000000E+00  0.00000000000000000E+00  1.47447020846644037E-03
7.92000000000000343E-03  0.00000000000000000E+00  0.00000000000000000E+00  5.58307493446334901E-01  0.00000000000000000E+00  0.00000000000000000E+00  0.00000000000000000E+00  1.53317062329976286E-03
7.95999999999999659E-03  0.00000000000000000E+00  0.00000000000000000E+00  5.60976720346081481E-01  0.00000000000000000E+00  0.00000000000000000E+00  0.00000000000000000E+00  1.58888668881550948E-03
8.00000000000000537E-03  0.00000000000000000E+00  0.00000000000000000E+00  5.63671424335085214E-01  0.00000000000000000E+00  0.00000000000000000E+00  0.00000000000000000E+00  1.59700661070698172E-03
8.00000000000000537E-03  0.00000000000000000E+00  0.00000000000000000E+00  5.63671423857712961E-01  0.00000000000000000E+00  0.00000000000000000E+00  0.00000000000000000E+00  1.59700659735104210E-03
8.03999999999999333E-03  0.00000000000000000E+00  0.00000000000000000E+00  5.65937115400055202E-01  0.00000000000000000E+00  0.00000000000000000E+00  0.00000000000000000E+00  1.63107686944967932E-03
8.08000000000000211E-03  0.00000000000000000E+00  0.00000000000000000E+00  5.68630131345299050E-01  0.00000000000000000E+00  0.00000000000000000E+00  0.00000000000000000E+00  1.58017402599361996E-03
8.11999999999999528E-03  0.00000000000000000E+00  0.00000000000000000E+00  5.71331125420219910E-01  0.00000000000000000E+00  0.00000000000000000E+00  0.00000000000000000E+00  1.61933392878250699E-03
8.16000000000000059E-03  0.00000000000000000E+00  0.00000000000000000E+00  5.73671442533052245E-01  0.00000000000000000E+00  0.00000000000000000E+00  0.00000000000000000E+00  1.58479992783103641E-03
8.20000000000000590E-03  0.00000000000000000E+00  0.00000000000000000E+00  5.75961963915527009E-01  0.00000000000000000E+00  0.00000000000000000E+00  0.00000000000000000E+00  1.62190740857548455E-03
8.23999999999999906E-03  0.00000000000000000E+00  0.00000000000000000E+00  5.78577069763666740E-01  0.00000000000000000E+00  0.00000000000000000E+00  0.00000000000000000E+00  1.66288058893001851E-03
8.28000000000000437E-03  0.00000000000000000E+00  0.00000000000000000E+00  5.80997195797756993E-01  0.00000000000000000E+00  0.00000000000000000E+00  0.00000000000000000E+00  1.69313939799585868E-03
8.31999999999999580E-03  0.00000000000000000E+00  0.00000000000000000E+00  5.83800897074817526E-01  0.00000000000000000E+00  0.00000000000000000E+00  0.00000000000000000E+00  1.70127205773834924E-03
8.36000000000000458E-03  0.00000000000000000E+00  0.00000000000000000E+00  5.86604652915212688E-01  0.00000000000000000E+00  0.00000000000000000E+00  0.00000000000000000E+00  1.70947842771992085E-03
8.39999999999999775E-03  0.00000000000000000E+00  0.00000000000000000E+00  5.89377314497199212E-01  0.00000000000000000E+00  0.00000000000000000E+00  0.00000000000000000E+00  1.70540434705112589E-03
8.44000000000000132E-03  0.00000000000000000E+00  0.00000000000000000E+00  5.92077002042280198E-01  0.00000000000000000E+00  0.00000000000000000E+00  0.00000000000000000E+00  1.43972002692938257E-03
8.47999999999999449E-03  0.00000000000000000E+00  0.00000000000000000E+00  5.94875840772136733E-01  0.00000000000000000E+00  0.00000000000000000E+00  0.00000000000000000E+00  1.44595962229150774E-03
8.51999999999999980E-03  0.00000000000000000E+00  0.00000000000000000E+00  5.97581795107248515E-01  0.00000000000000000E+00  0.00000000000000000E+00  0.00000000000000000E+00  1.44336467241290632E-03
8.56000000000000510E-03  0.00000000000000000E+00  0.00000000000000000E+00  5.99815415034146371E-01  0.00000000000000000E+00  0.00000000000000000E+00  0.00000000000000000E+00  1.38584788786732627E-03
8.59999999999999827E-03  0.00000000000000000E+00  0.00000000000000000E+00  6.02505110858536086E-01  0.00000000000000000E+00  0.00000000000000000E+00  0.00000000000000000E+00  1.37934421581240854E-03
8.64000000000000185E-03  0.00000000000000000E+00  0.00000000000000000E+00  6.04648092280795413E-01  0.00000000000000000E+00  0.00000000000000000E+00  0.00000000000000000E+00  1.40187565502886179E-03
8.67999999999999848E-03  0.00000000000000000E+00  0.00000000000000000E+00  6.06748137290140988E-01  0.00000000000000000E+00  0.00000000000000000E+00  0.00000000000000000E+00  8.94151914880292223E-04
8.72000000000000379E-03  0.00000000000000000E+00  0.00000000000000000E+00  6.09446957523707256E-01  0.00000000000000000E+00  0.00000000000000000E+00  0.00000000000000000E+00  8.93321615512145464E-04
8.75999999999999869E-03  0.00000000000000000E+00  0.00000000000000000E+00  6.12240003306264380E-01  0.00000000000000000E+00  0.00000000000000000E+00  0.00000000000000000E+00  8.97545051199064980E-04
8.80000000000000400E-03  0.00000000000000000E+00  0.00000000000000000E+00  6.15032572421343793E-01  0.00000000000000000E+00  0.00000000000000000E+00  0.00000000000000000E+00  8.90139003919290317E-04
8.84000000000000757E-03  0.00000000000000000E+00  0.00000000000000000E+00  6.17626458410064250E-01  0.00000000000000000E+00  0.00000000000000000E+00  0.00000000000000000E+00  8.91411119547582927E-04
8.88000000000000074E-03  0.00000000000000000E+00  0.00000000000000000E+00  6.20320649165097993E-01  0.00000000000000000E+00  0.00000000000000000E+00  0.00000000000000000E+00  7.96814225512430850E-04
8.92000000000000952E-03  0.00000000000000000E+00  0.00000000000000000E+00  6.22885946751898012E-01  0.00000000000000000E+00  0.00000000000000000E+00  0.00000000000000000E+00  8.08051889330181714E-04
8.96000000000000095E-03  0.00000000000000000E+00  0.00000000000000000E+00  6.25676398195943229E-01  0.00000000000000000E+00  0.00000000000000000E+00  0.00000000000000000E+00  8.11595163165971210E-04
9.00000000000000799E-03  0.00000000000000000E+00  0.00000000000000000E+00  6.28073800730669873E-01  0.00000000000000000E+00  0.00000000000000000E+00  0.00000000000000000E+00  8.18336177126690288E-04
9.04000000000001504E-03  0.00000000000000000E+00  0.00000000000000000E+00  6.30862900597819909E-01  0.00000000000000000E+00  0.00000000000000000E+00  0.00000000000000000E+00  8.15514370402585596E-04
9.08000000000000647E-03  0.00000000000000000E+00  0.00000000000000000E+00  6.33602376936880818E-01  0.00000000000000000E+00  0.00000000000000000E+00  0.00000000000000000E+00  8.21140717032405498E-04
9.12000000000001178E-03  0.00000000000000000E+00  0.00000000000000000E+00  6.36292255122536732E-01  0.00000000000000000E+00  0.00000000000000000E+00  0.00000000000000000E+00  8.27033322421477451E-04
9.16000000000000321E-03  0.00000000000000000E+00  0.00000000000000000E+00  6.39080641683782980E-01  0.00000000000000000E+00  0.00000000000000000E+00  0.00000000000000000E+00  8.26437016050316636E-04
9.20000000000001199E-03  0.00000000000000000E+00  0.00000000000000000E+00  6.41869307018712587E-01  0.00000000000000000E+00  0.00000000000000000E+00  0.00000000000000000E+00  8.29967895475720299E-04
9.24000000000000342E-03  0.00000000000000000E+00  0.00000000000000000E+00  6.44657972963813997E-01  0.00000000000000000E+00  0.00000000000000000E+00  0.00000000000000000E+00  8.33498821825490264E-04
9.28000000000000873E-03  0.00000000000000000E+00  0.00000000000000000E+00  6.47446639396387913E-01  0.00000000000000000E+00  0.00000000000000000E+00  0.00000000000000000E+00  8.37034534386774803E-04
9.32000000000001404E-03  0.00000000000000000E+00  0.00000000000000000E+00  6.50235288757147645E-01  0.00000000000000000E+00  0.00000000000000000E+00  0.00000000000000000E+00  8.36950169639450641E-04
9.36000000000000894E-03  0.00000000000000000E+00  0.00000000000000000E+00  6.52899720464450217E-01  0.00000000000000000E+00  0.00000000000000000E+00  0.00000000000000000E+00  8.80946971456765364E-04
9.40000000000001425E-03  0.00000000000000000E+00  0.00000000000000000E+00  6.55593863620975936E-01  0.00000000000000000E+00  0.00000000000000000E+00  0.00000000000000000E+00  8.84332681902562454E-04
9.44000000000000568E-03  0.00000000000000000E+00  0.00000000000000000E+00  6.58135088536403234E-01  0.00000000000000000E+00  0.00000000000000000E+00  0.00000000000000000E+00  7.19944388536873279E-04
9.48000000000001446E-03  0.00000000000000000E+00  0.00000000000000000E+00  6.60895064882004113E-01  0.00000000000000000E+00  0.00000000000000000E+00  0.00000000000000000E+00  7.20303705677633344E-04
9.52000000000000936E-03  0.00000000000000000E+00  0.00000000000000000E+00  6.63681594785081153E-01  0.00000000000000000E+00  0.00000000000000000E+00  0.00000000000000000E+00  7.23259872195592627E-04
9.56000000000001293E-03  0.00000000000000000E+00  0.00000000000000000E+00  6.66467906796555210E-01  0.00000000000000000E+00  0.00000000000000000E+00  0.00000000000000000E+00  7.26287720437064329E-04
9.60000000000001651E-03  0.00000000000000000E+00  0.00000000000000000E+00  6.69233568674658108E-01  0.00000000000000000E+00  0.00000000000000000E+00  0.00000000000000000E+00  6.84441909737349514E-04
9.64000000000001314E-03  0.00000000000000000E+00  0.00000000000000000E+00  6.71815368504871557E-01  0.00000000000000000E+00  0.00000000000000000E+00  0.00000000000000000E+00  7.12773753010012621E-04
9.68000000000002019E-03  0.00000000000000000E+00  0.00000000000000000E+00  6.74600877021293122E-01  0.00000000000000000E+00  0.00000000000000000E+00  0.00000000000000000E+00  7.15732976483648997E-04
9.72000000000001162E-03  0.00000000000000000E+00  0.00000000000000000E+00  6.77386386089602777E-01  0.00000000000000000E+00  0.00000000000000000E+00  0.00000000000000000E+00  6.34014599894975510E-04
9.76000000000001519E-03  0.00000000000000000E+00  0.00000000000000000E+00  6.79946788304446437E-01  0.00000000000000000E+00  0.00000000000000000E+00  0.00000000000000000E+00  6.33773639544243212E-04
9.80000000000002570E-03  0.00000000000000000E+00  0.00000000000000000E+00  6.82731989856084187E-01  0.00000000000000000E+00  0.00000000000000000E+00  0.00000000000000000E+00  6.36362642579710270E-04
9.84000000000001714E-03  0.00000000000000000E+00  0.00000000000000000E+00  6.85516908242561396E-01  0.00000000000000000E+00  0.00000000000000000E+00  0.00000000000000000E+00  6.38966507171841343E-04
9.88000000000001898E-03  0.00000000000000000E+00  0.00000000000000000E+00  6.88301827610936834E-01  0.00000000000000000E+00  0.00000000000000000E+00  0.00000000000000000E+00  6.41572084747270158E-04
9.92000000000001561E-03  0.00000000000000000E+00  0.00000000000000000E+00  6.91022595060468148E-01  0.00000000000000000E+00  0.00000000000000000E+00  0.00000000000000000E+00  6.55525264249317424E-04
9.96000000000002265E-03  0.00000000000000000E+00  0.00000000000000000E+00  6.93491920489289648E-01  0.00000000000000000E+00  0.00000000000000000E+00  0.00000000000000000E+00  6.74490946744301799E-04
