$EXEC
$COMT
------------------------------------------------------------------------
-                                                                      -
-                       CESAR-LCPC Version 4.1.x                       -
-                                                                      -
-                                                                      -
-                                                                      -
-  Nom du MAILLAGE : mail                                              -
-  Nom du CALCUL   : calcu                                             -
-                                                                      -
-  Familles        : 1                                                 -
-                                                                      -
-  Module          : MCNL                                              -
-                                                                      -
-   .   188 noeuds                                                  -
-   .   1 groupe                                                  -
-   .   46 elements                                                -
-   .   0 elements triangulaires                        -
-   .   0 elements quadrilateres                   -
-                                                                      -
------------------------------------------------------------------------
COOR
  2 0
188 2
             0       0.0425          0.8        0.03587       0.0425          0.8              0            0          0.8        0.03587            0          0.8       0.071739       0.0425          0.8       0.071739            0          0.8 
       0.10761       0.0425          0.8        0.10761            0          0.8        0.14348       0.0425          0.8        0.14348            0          0.8        0.17935       0.0425          0.8        0.17935            0          0.8 
       0.21522       0.0425          0.8        0.21522            0          0.8        0.25109       0.0425          0.8        0.25109            0          0.8        0.28696       0.0425          0.8        0.28696            0          0.8 
       0.32283       0.0425          0.8        0.32283            0          0.8         0.3587       0.0425          0.8         0.3587            0          0.8        0.39457       0.0425          0.8        0.39457            0          0.8 
       0.43043       0.0425          0.8        0.43043            0          0.8         0.4663       0.0425          0.8         0.4663            0          0.8        0.50217       0.0425          0.8        0.50217            0          0.8 
       0.53804       0.0425          0.8        0.53804            0          0.8        0.57391       0.0425          0.8        0.57391            0          0.8        0.60978       0.0425          0.8        0.60978            0          0.8 
       0.64565       0.0425          0.8        0.64565            0          0.8        0.68152       0.0425          0.8        0.68152            0          0.8        0.71739       0.0425          0.8        0.71739            0          0.8 
       0.75326       0.0425          0.8        0.75326            0          0.8        0.78913       0.0425          0.8        0.78913            0          0.8              0       0.0425            0        0.03587       0.0425            0 
             0            0            0        0.03587            0            0       0.071739       0.0425            0       0.071739            0            0        0.10761       0.0425            0        0.10761            0            0 
       0.14348       0.0425            0        0.14348            0            0        0.17935       0.0425            0        0.17935            0            0          0.825       0.0425          0.8          0.825            0          0.8 
       0.21522       0.0425            0        0.21522            0            0        0.25109       0.0425            0        0.25109            0            0        0.28696       0.0425            0        0.28696            0            0 
       0.86087       0.0425          0.8        0.86087            0          0.8        0.32283       0.0425            0        0.32283            0            0         0.3587       0.0425            0         0.3587            0            0 
       0.39457       0.0425            0        0.39457            0            0        0.89674       0.0425          0.8        0.89674            0          0.8        0.43043       0.0425            0        0.43043            0            0 
        0.4663       0.0425            0         0.4663            0            0        0.93261       0.0425          0.8        0.93261            0          0.8        0.50217       0.0425            0        0.50217            0            0 
       0.53804       0.0425            0        0.53804            0            0        0.96848       0.0425          0.8        0.96848            0          0.8        0.57391       0.0425            0        0.57391            0            0 
        1.0043       0.0425          0.8         1.0043            0          0.8        0.60978       0.0425            0        0.60978            0            0        0.64565       0.0425            0        0.64565            0            0 
        1.0402       0.0425          0.8         1.0402            0          0.8        0.68152       0.0425            0        0.68152            0            0        0.71739       0.0425            0        0.71739            0            0 
        1.0761       0.0425          0.8         1.0761            0          0.8        0.75326       0.0425            0        0.75326            0            0          1.112       0.0425          0.8          1.112            0          0.8 
       0.78913       0.0425            0        0.78913            0            0         1.1478       0.0425          0.8         1.1478            0          0.8          0.825       0.0425            0          0.825            0            0 
       0.86087       0.0425            0        0.86087            0            0         1.1837       0.0425          0.8         1.1837            0          0.8        0.89674       0.0425            0        0.89674            0            0 
        1.2196       0.0425          0.8         1.2196            0          0.8        0.93261       0.0425            0        0.93261            0            0         1.2554       0.0425          0.8         1.2554            0          0.8 
       0.96848       0.0425            0        0.96848            0            0         1.0043       0.0425            0         1.0043            0            0         1.2913       0.0425          0.8         1.2913            0          0.8 
        1.0402       0.0425            0         1.0402            0            0         1.3272       0.0425          0.8         1.3272            0          0.8         1.0761       0.0425            0         1.0761            0            0 
         1.363       0.0425          0.8          1.363            0          0.8          1.112       0.0425            0          1.112            0            0         1.3989       0.0425          0.8         1.1478       0.0425            0 
        1.3989            0          0.8         1.1478            0            0         1.1837       0.0425            0         1.1837            0            0         1.4348       0.0425          0.8         1.4348            0          0.8 
        1.2196       0.0425            0         1.2196            0            0         1.4707       0.0425          0.8         1.4707            0          0.8         1.2554       0.0425            0         1.2554            0            0 
        1.5065       0.0425          0.8         1.5065            0          0.8         1.2913       0.0425            0         1.2913            0            0         1.5424       0.0425          0.8         1.5424            0          0.8 
        1.3272       0.0425            0         1.3272            0            0         1.5783       0.0425          0.8         1.5783            0          0.8          1.363       0.0425            0          1.363            0            0 
        1.3989       0.0425            0         1.3989            0            0         1.6141       0.0425          0.8         1.6141            0          0.8         1.4348       0.0425            0         1.4348            0            0 
          1.65       0.0425          0.8           1.65            0          0.8         1.4707       0.0425            0         1.4707            0            0         1.5065       0.0425            0         1.5065            0            0 
        1.5424       0.0425            0         1.5424            0            0         1.5783       0.0425            0         1.5783            0            0         1.6141       0.0425            0         1.6141            0            0 
          1.65       0.0425            0           1.65            0            0 
ELEM
 2 0
46 1
1 9 17 25 33 41 49 57 65 73 81 89 97 105 113 121 129 137 145 153 161 169 177 185 193 
201 209 217 225 233 241 249 257 265 273 281 289 297 305 313 321 329 337 345 353 361 369 
 2 1 47 48 4 3 49 50  5 2 48 51 6 4 50 52  7 5 51 53 8 6 52 54  9 7 53 55 10 8 54 56  11 9 55 57 12 10 56 58  13 11 57 61 14 12 58 62 
 15 13 61 63 16 14 62 64  17 15 63 65 18 16 64 66  19 17 65 69 20 18 66 70  21 19 69 71 22 20 70 72  23 21 71 73 24 22 72 74  25 23 73 77 26 24 74 78 
 27 25 77 79 28 26 78 80  29 27 79 83 30 28 80 84  31 29 83 85 32 30 84 86  33 31 85 89 34 32 86 90  35 33 89 93 36 34 90 94  37 35 93 95 38 36 94 96 
 39 37 95 99 40 38 96 100  41 39 99 101 42 40 100 102  43 41 101 105 44 42 102 106  45 43 105 109 46 44 106 110  59 45 109 113 60 46 110 114  67 59 113 115 68 60 114 116 
 75 67 115 119 76 68 116 120  81 75 119 123 82 76 120 124  87 81 123 127 88 82 124 128  91 87 127 129 92 88 128 130  97 91 129 133 98 92 130 134  103 97 133 137 104 98 134 138 
 107 103 137 141 108 104 138 142  111 107 141 144 112 108 142 146  117 111 144 147 118 112 146 148  121 117 147 151 122 118 148 152  125 121 151 155 126 122 152 156  131 125 155 159 132 126 156 160 
 135 131 159 163 136 132 160 164  139 135 163 167 140 136 164 168  143 139 167 169 145 140 168 170  149 143 169 173 150 145 170 174  153 149 173 177 154 150 174 178  157 153 177 179 158 154 178 180 
 161 157 179 181 162 158 180 182  165 161 181 183 166 162 182 184  171 165 183 185 172 166 184 186  175 171 185 187 176 172 186 188 
  MBQ8   MBQ8   MBQ8   MBQ8   MBQ8   MBQ8   MBQ8   MBQ8   MBQ8   MBQ8   MBQ8   MBQ8   MBQ8   MBQ8   MBQ8   MBQ8   MBQ8   MBQ8   MBQ8   MBQ8   MBQ8   MBQ8   MBQ8   MBQ8 
  MBQ8   MBQ8   MBQ8   MBQ8   MBQ8   MBQ8   MBQ8   MBQ8   MBQ8   MBQ8   MBQ8   MBQ8   MBQ8   MBQ8   MBQ8   MBQ8   MBQ8   MBQ8   MBQ8   MBQ8   MBQ8   MBQ8 
 1  1  1  1  1  1  1  1  1  1  1  1  1  1  1  1  1  1  1  1  1  1  1  1  1  1  1  1  1  1  1  1  1  1  1  1  1  1  1  1  1  1  1  1  1  1 
BA
27 3 .23 29508. 35000. 15700. 0.2
4.  0.  0.0021
COND
2
NUL
2
4
1 3 47 49 
1
2
4
3 49 176 188 
2
0
IMP
2 
4
175 176 187 188 
1
      1.e-05       1.e-05       1.e-05       1.e-05 
0
MCNL
2
601 500 0.0001
  1 
  0 1 2 3 4 5 6 7 8 9 10 11 12 13 14 15 16 17 18 19 20 21 22 23 24 
  25 26 27 28 29 30 31 32 33 34 35 36 37 38 39 40 41 42 43 44 45 46 
  47 48 49 50 51 52 53 54 55 56 57 58 59 60 61 62 63 64 65 66 67 68 
  69 70 71 72 73 74 75 76 77 78 79 80 81 82 83 84 85 86 87 88 89 90 
  91 92 93 94 95 96 97 98 99 100 101 102 103 104 105 106 107 108 109 
  110 111 112 113 114 115 116 117 118 119 120 121 122 123 124 125 
  126 127 128 129 130 131 132 133 134 135 136 137 138 139 140 141 
  142 143 144 145 146 147 148 149 150 151 152 153 154 155 156 157 
  158 159 160 161 162 163 164 165 166 167 168 169 170 171 172 173 
  174 175 176 177 178 179 180 181 182 183 184 185 186 187 188 189 
  190 191 192 193 194 195 196 197 198 199 200 201 202 203 204 205 
  206 207 208 209 210 211 212 213 214 215 216 217 218 219 220 221 
  222 223 224 225 226 227 228 229 230 231 232 233 234 235 236 237 
  238 239 240 241 242 243 244 245 246 247 248 249 250 251 252 253 
  254 255 256 257 258 259 260 261 262 263 264 265 266 267 268 269 
  270 271 272 273 274 275 276 277 278 279 280 281 282 283 284 285 
  286 287 288 289 290 291 292 293 294 295 296 297 298 299 300 301 
  302 303 304 305 306 307 308 309 310 311 312 313 314 315 316 317 
  318 319 320 321 322 323 324 325 326 327 328 329 330 331 332 333 
  334 335 336 337 338 339 340 341 342 343 344 345 346 347 348 349 
  350 351 352 353 354 355 356 357 358 359 360 361 362 363 364 365 
  366 367 368 369 370 371 372 373 374 375 376 377 378 379 380 381 
  382 383 384 385 386 387 388 389 390 391 392 393 394 395 396 397 
  398 399 400 401 402 403 404 405 406 407 408 409 410 411 412 413 
  414 415 416 417 418 419 420 421 422 423 424 425 426 427 428 429 
  430 431 432 433 434 435 436 437 438 439 440 441 442 443 444 445 
  446 447 448 449 450 451 452 453 454 455 456 457 458 459 460 461 
  462 463 464 465 466 467 468 469 470 471 472 473 474 475 476 477 
  478 479 480 481 482 483 484 485 486 487 488 489 490 491 492 493 
  494 495 496 497 498 499 500 501 502 503 504 505 506 507 508 509 
  510 511 512 513 514 515 516 517 518 519 520 521 522 523 524 525 
  526 527 528 529 530 531 532 533 534 535 536 537 538 539 540 541 
  542 543 544 545 546 547 548 549 550 551 552 553 554 555 556 557 
  558 559 560 561 562 563 564 565 566 567 568 569 570 571 572 573 
  574 575 576 577 578 579 580 581 582 583 584 585 586 587 588 589 
  590 591 592 593 594 595 596 597 598 599 600
PROB
55. 0.016
2
pba1
1
1  3  2
3.4 0.5
pba2
1
1  3  2
5300.   200.
