$EXEC
$COMT
------------------------------------------------------------------------
-                                                                      -
-                       CESAR-LCPC Version 4.1.x                       -
-                                                                      -
-                                                                      -
-                                                                      -
-  Nom du MAILLAGE : mail                                              -
-  Nom du CALCUL   : calcu                                             -
-                                                                      -
-  Familles        : 1                                                 -
-                                                                      -
-  Module          : MCNL                                              -
-                                                                      -
-   .   82 noeuds                                                  -
-   .   1 groupe                                                  -
-   .   40 elements                                                -
-   .   0 elements triangulaires                        -
-   .   40 elements quadrilateres                   -
-                                                                      -
------------------------------------------------------------------------
COOR
  2 0
82 2
             0        0.042        0.04125        0.042              0            0        0.04125            0         0.0825        0.042         0.0825            0 
       0.12375        0.042        0.12375            0          0.165        0.042          0.165            0        0.20625        0.042        0.20625            0 
        0.2475        0.042         0.2475            0        0.28875        0.042        0.28875            0           0.33        0.042           0.33            0 
       0.37125        0.042        0.37125            0         0.4125        0.042         0.4125            0        0.45375        0.042        0.45375            0 
         0.495        0.042          0.495            0        0.53625        0.042        0.53625            0         0.5775        0.042         0.5775            0 
       0.61875        0.042        0.61875            0           0.66        0.042           0.66            0        0.70125        0.042        0.70125            0 
        0.7425        0.042         0.7425            0        0.78375        0.042        0.78375            0          0.825        0.042          0.825            0 
       0.86625        0.042        0.86625            0         0.9075        0.042         0.9075            0        0.94875        0.042        0.94875            0 
          0.99        0.042           0.99            0         1.0312        0.042         1.0312            0         1.0725        0.042         1.0725            0 
        1.1138        0.042         1.1138            0          1.155        0.042          1.155            0         1.1963        0.042         1.1962            0 
        1.2375        0.042         1.2375            0         1.2788        0.042         1.2788            0           1.32        0.042           1.32            0 
        1.3613        0.042         1.3612            0         1.4025        0.042         1.4025            0         1.4437        0.042         1.4437            0 
         1.485        0.042          1.485            0         1.5262        0.042         1.5262            0         1.5675        0.042         1.5675            0 
        1.6087        0.042         1.6087            0           1.65        0.042           1.65            0 
ELEM
 2 0
40 1
1 5 9 13 17 21 25 29 33 37 41 45 49 53 57 61 65 69 73 77 81 85 89 93 97 
101 105 109 113 117 121 125 129 133 137 141 145 149 153 157 161 
 4 2 1 3  6 5 2 4  8 7 5 6  10 9 7 8  12 11 9 10  14 13 11 12 
 16 15 13 14  18 17 15 16  20 19 17 18  22 21 19 20  24 23 21 22  26 25 23 24 
 28 27 25 26  30 29 27 28  32 31 29 30  34 33 31 32  36 35 33 34  38 37 35 36 
 40 39 37 38  42 41 39 40  44 43 41 42  46 45 43 44  48 47 45 46  50 49 47 48 
 52 51 49 50  54 53 51 52  56 55 53 54  58 57 55 56  60 59 57 58  62 61 59 60 
 64 63 61 62  66 65 63 64  68 67 65 66  70 69 67 68  72 71 69 70  74 73 71 72 
 76 75 73 74  78 77 75 76  80 79 77 78  82 81 79 80 
  MBQ4   MBQ4   MBQ4   MBQ4   MBQ4   MBQ4   MBQ4   MBQ4   MBQ4   MBQ4   MBQ4   MBQ4   MBQ4   MBQ4   MBQ4   MBQ4   MBQ4   MBQ4   MBQ4   MBQ4   MBQ4   MBQ4   MBQ4   MBQ4 
  MBQ4   MBQ4   MBQ4   MBQ4   MBQ4   MBQ4   MBQ4   MBQ4   MBQ4   MBQ4   MBQ4   MBQ4   MBQ4   MBQ4   MBQ4   MBQ4 
 1  1  1  1  1  1  1  1  1  1  1  1  1  1  1  1  1  1  1  1  1  1  1  1  1  1  1  1  1  1  1  1  1  1  1  1  1  1  1  1 
BA
27 3 .23 28400. 35000. 15700. 0.2
4.  0.  1.e+20
 .8
COND
2
NUL
2
2
1 3 
1
2
41
3 4 6 8 10 12 14 16 18 20 22 24 26 28 30 32 34 36 38 40 42 44 46 48 50 52 54 56 58 60 62 64 66 68 70 72 74 76 78 80 82
2
0
IMP
2 
2
81 82 
1
       1.e-05        1.e-05 
0
MCNL
2
301 500 0.0001
  1
  0 1 2 3 4 5 6 7 8 9 10 11 12 13 14 15 16 17 18 19 20 21 22 23 24 
  25 26 27 28 29 30 31 32 33 34 35 36 37 38 39 40 41 42 43 44 45 46 
  47 48 49 50 51 52 53 54 55 56 57 58 59 60 61 62 63 64 65 66 67 68 
  69 70 71 72 73 74 75 76 77 78 79 80 81 82 83 84 85 86 87 88 89 90 
  91 92 93 94 95 96 97 98 99 100 101 102 103 104 105 106 107 108 109 
  110 111 112 113 114 115 116 117 118 119 120 121 122 123 124 125 
  126 127 128 129 130 131 132 133 134 135 136 137 138 139 140 141 
  142 143 144 145 146 147 148 149 150 151 152 153 154 155 156 157 
  158 159 160 161 162 163 164 165 166 167 168 169 170 171 172 173 
  174 175 176 177 178 179 180 181 182 183 184 185 186 187 188 189 
  190 191 192 193 194 195 196 197 198 199 200 201 202 203 204 205 
  206 207 208 209 210 211 212 213 214 215 216 217 218 219 220 221 
  222 223 224 225 226 227 228 229 230 231 232 233 234 235 236 237 
  238 239 240 241 242 243 244 245 246 247 248 249 250 251 252 253 
  254 255 256 257 258 259 260 261 262 263 264 265 266 267 268 269 
  270 271 272 273 274 275 276 277 278 279 280 281 282 283 284 285 
  286 287 288 289 290 291 292 293 294 295 296 297 298 299 300
PROB
55. 0.016
2
pba1
1
1  3  2
4. 1.
pba2
1
1  3  2
5000.   200.
