0.00000000000000000E+00  0.00000000000000000E+00  0.00000000000000000E+00  0.00000000000000000E+00  0.00000000000000000E+00  0.00000000000000000E+00  0.00000000000000000E+00  0.00000000000000000E+00
9.99999999999999641E-05  0.00000000000000000E+00  0.00000000000000000E+00  5.59433611886527501E-02  0.00000000000000000E+00  0.00000000000000000E+00  0.00000000000000000E+00  0.00000000000000000E+00
1.39999999999999961E-04  0.00000000000000000E+00  0.00000000000000000E+00  7.00420090488251545E-02  0.00000000000000000E+00  0.00000000000000000E+00  0.00000000000000000E+00  0.00000000000000000E+00
1.80000000000000174E-04  0.00000000000000000E+00  0.00000000000000000E+00  7.62610715816726126E-02  0.00000000000000000E+00  0.00000000000000000E+00  0.00000000000000000E+00  0.00000000000000000E+00
2.20000000000000333E-04  0.00000000000000000E+00  0.00000000000000000E+00  7.83010581576411707E-02  0.00000000000000000E+00  0.00000000000000000E+00  0.00000000000000000E+00  0.00000000000000000E+00
2.60000000000000086E-04  0.00000000000000000E+00  0.00000000000000000E+00  8.27197486109058078E-02  0.00000000000000000E+00  0.00000000000000000E+00  0.00000000000000000E+00  0.00000000000000000E+00
2.99999999999999865E-04  0.00000000000000000E+00  0.00000000000000000E+00  8.59215961359629798E-02  0.00000000000000000E+00  0.00000000000000000E+00  0.00000000000000000E+00  0.00000000000000000E+00
3.40000000000000079E-04  0.00000000000000000E+00  0.00000000000000000E+00  8.72128956493334606E-02  0.00000000000000000E+00  0.00000000000000000E+00  0.00000000000000000E+00  0.00000000000000000E+00
3.80000000000000184E-04  0.00000000000000000E+00  0.00000000000000000E+00  8.92191224246985937E-02  0.00000000000000000E+00  0.00000000000000000E+00  0.00000000000000000E+00  0.00000000000000000E+00
4.20000000000000288E-04  0.00000000000000000E+00  0.00000000000000000E+00  9.12898734986509197E-02  0.00000000000000000E+00  0.00000000000000000E+00  0.00000000000000000E+00  0.00000000000000000E+00
4.60000000000000231E-04  0.00000000000000000E+00  0.00000000000000000E+00  9.25079038907421491E-02  0.00000000000000000E+00  0.00000000000000000E+00  0.00000000000000000E+00  0.00000000000000000E+00
4.99999999999999143E-04  0.00000000000000000E+00  0.00000000000000000E+00  9.19404063668849136E-02  0.00000000000000000E+00  0.00000000000000000E+00  0.00000000000000000E+00  0.00000000000000000E+00
5.39999999999999248E-04  0.00000000000000000E+00  0.00000000000000000E+00  9.51975358177887115E-02  0.00000000000000000E+00  0.00000000000000000E+00  0.00000000000000000E+00  0.00000000000000000E+00
5.80000000000000546E-04  0.00000000000000000E+00  0.00000000000000000E+00  9.71154396437632489E-02  0.00000000000000000E+00  0.00000000000000000E+00  0.00000000000000000E+00  0.00000000000000000E+00
6.20000000000000976E-04  0.00000000000000000E+00  0.00000000000000000E+00  9.85589136693340861E-02  0.00000000000000000E+00  0.00000000000000000E+00  0.00000000000000000E+00  0.00000000000000000E+00
6.60000000000000755E-04  0.00000000000000000E+00  0.00000000000000000E+00  1.00850206109806176E-01  0.00000000000000000E+00  0.00000000000000000E+00  0.00000000000000000E+00  0.00000000000000000E+00
7.00000000000000427E-04  0.00000000000000000E+00  0.00000000000000000E+00  1.03808119543897320E-01  0.00000000000000000E+00  0.00000000000000000E+00  0.00000000000000000E+00  0.00000000000000000E+00
7.40000000000000965E-04  0.00000000000000000E+00  0.00000000000000000E+00  1.02061652221909327E-01  0.00000000000000000E+00  0.00000000000000000E+00  0.00000000000000000E+00  0.00000000000000000E+00
7.80000000000001721E-04  0.00000000000000000E+00  0.00000000000000000E+00  1.05583188645217263E-01  0.00000000000000000E+00  0.00000000000000000E+00  0.00000000000000000E+00  0.00000000000000000E+00
8.20000000000001392E-04  0.00000000000000000E+00  0.00000000000000000E+00  1.08084758784554494E-01  0.00000000000000000E+00  0.00000000000000000E+00  0.00000000000000000E+00  0.00000000000000000E+00
8.60000000000002906E-04  0.00000000000000000E+00  0.00000000000000000E+00  1.11010074792072061E-01  0.00000000000000000E+00  0.00000000000000000E+00  0.00000000000000000E+00  0.00000000000000000E+00
9.00000000000002469E-04  0.00000000000000000E+00  0.00000000000000000E+00  1.14739984926527844E-01  0.00000000000000000E+00  0.00000000000000000E+00  0.00000000000000000E+00  0.00000000000000000E+00
9.40000000000003116E-04  0.00000000000000000E+00  0.00000000000000000E+00  1.16073595828243128E-01  0.00000000000000000E+00  0.00000000000000000E+00  0.00000000000000000E+00  0.00000000000000000E+00
9.80000000000001920E-04  0.00000000000000000E+00  0.00000000000000000E+00  1.19308905024431630E-01  0.00000000000000000E+00  0.00000000000000000E+00  0.00000000000000000E+00  0.00000000000000000E+00
1.02000000000000333E-03  0.00000000000000000E+00  0.00000000000000000E+00  1.21955066927128944E-01  0.00000000000000000E+00  0.00000000000000000E+00  0.00000000000000000E+00  0.00000000000000000E+00
1.06000000000000278E-03  0.00000000000000000E+00  0.00000000000000000E+00  1.25604259733222923E-01  0.00000000000000000E+00  0.00000000000000000E+00  0.00000000000000000E+00  0.00000000000000000E+00
1.10000000000000354E-03  0.00000000000000000E+00  0.00000000000000000E+00  1.29260749052079987E-01  0.00000000000000000E+00  0.00000000000000000E+00  0.00000000000000000E+00  0.00000000000000000E+00
1.14000000000000277E-03  0.00000000000000000E+00  0.00000000000000000E+00  1.32213468336450507E-01  0.00000000000000000E+00  0.00000000000000000E+00  0.00000000000000000E+00  0.00000000000000000E+00
1.18000000000000396E-03  0.00000000000000000E+00  0.00000000000000000E+00  1.34753659269951059E-01  0.00000000000000000E+00  0.00000000000000000E+00  0.00000000000000000E+00  0.00000000000000000E+00
1.22000000000000515E-03  0.00000000000000000E+00  0.00000000000000000E+00  1.38323656552957835E-01  0.00000000000000000E+00  0.00000000000000000E+00  0.00000000000000000E+00  0.00000000000000000E+00
1.26000000000000417E-03  0.00000000000000000E+00  0.00000000000000000E+00  1.40834475471116438E-01  0.00000000000000000E+00  0.00000000000000000E+00  0.00000000000000000E+00  0.00000000000000000E+00
1.30000000000000319E-03  0.00000000000000000E+00  0.00000000000000000E+00  1.42982767406115846E-01  0.00000000000000000E+00  0.00000000000000000E+00  0.00000000000000000E+00  0.00000000000000000E+00
1.34000000000000373E-03  0.00000000000000000E+00  0.00000000000000000E+00  1.46609522482555543E-01  0.00000000000000000E+00  0.00000000000000000E+00  0.00000000000000000E+00  0.00000000000000000E+00
1.38000000000000405E-03  0.00000000000000000E+00  0.00000000000000000E+00  1.49640948667866924E-01  0.00000000000000000E+00  0.00000000000000000E+00  0.00000000000000000E+00  0.00000000000000000E+00
1.42000000000000438E-03  0.00000000000000000E+00  0.00000000000000000E+00  1.53200217078176187E-01  0.00000000000000000E+00  0.00000000000000000E+00  0.00000000000000000E+00  0.00000000000000000E+00
1.46000000000000318E-03  0.00000000000000000E+00  0.00000000000000000E+00  1.56328205321948133E-01  0.00000000000000000E+00  0.00000000000000000E+00  0.00000000000000000E+00  0.00000000000000000E+00
1.50000000000000328E-03  0.00000000000000000E+00  0.00000000000000000E+00  1.59722277008129104E-01  0.00000000000000000E+00  0.00000000000000000E+00  0.00000000000000000E+00  0.00000000000000000E+00
1.54000000000000209E-03  0.00000000000000000E+00  0.00000000000000000E+00  1.63424506740031256E-01  0.00000000000000000E+00  0.00000000000000000E+00  0.00000000000000000E+00  0.00000000000000000E+00
1.58000000000000284E-03  0.00000000000000000E+00  0.00000000000000000E+00  1.66408901591142439E-01  0.00000000000000000E+00  0.00000000000000000E+00  0.00000000000000000E+00  0.00000000000000000E+00
1.62000000000000295E-03  0.00000000000000000E+00  0.00000000000000000E+00  1.70279464831447097E-01  0.00000000000000000E+00  0.00000000000000000E+00  0.00000000000000000E+00  0.00000000000000000E+00
1.66000000000000175E-03  0.00000000000000000E+00  0.00000000000000000E+00  1.74012338484496237E-01  0.00000000000000000E+00  0.00000000000000000E+00  0.00000000000000000E+00  0.00000000000000000E+00
1.70000000000000056E-03  0.00000000000000000E+00  0.00000000000000000E+00  1.77220913521061896E-01  0.00000000000000000E+00  0.00000000000000000E+00  0.00000000000000000E+00  0.00000000000000000E+00
1.74000000000000044E-03  0.00000000000000000E+00  0.00000000000000000E+00  1.81033320755618093E-01  0.00000000000000000E+00  0.00000000000000000E+00  0.00000000000000000E+00  0.00000000000000000E+00
1.78000000000000185E-03  0.00000000000000000E+00  0.00000000000000000E+00  1.84782508515018706E-01  0.00000000000000000E+00  0.00000000000000000E+00  0.00000000000000000E+00  0.00000000000000000E+00
1.82000000000000174E-03  0.00000000000000000E+00  0.00000000000000000E+00  1.88126946011894641E-01  0.00000000000000000E+00  0.00000000000000000E+00  0.00000000000000000E+00  0.00000000000000000E+00
1.86000000000000076E-03  0.00000000000000000E+00  0.00000000000000000E+00  1.91743588413102128E-01  0.00000000000000000E+00  0.00000000000000000E+00  0.00000000000000000E+00  0.00000000000000000E+00
1.89999999999999935E-03  0.00000000000000000E+00  0.00000000000000000E+00  1.95295630669901382E-01  0.00000000000000000E+00  0.00000000000000000E+00  0.00000000000000000E+00  0.00000000000000000E+00
1.93999999999999923E-03  0.00000000000000000E+00  0.00000000000000000E+00  1.99176061309046054E-01  0.00000000000000000E+00  0.00000000000000000E+00  0.00000000000000000E+00  0.00000000000000000E+00
1.98000000000000086E-03  0.00000000000000000E+00  0.00000000000000000E+00  2.03209405100014145E-01  0.00000000000000000E+00  0.00000000000000000E+00  0.00000000000000000E+00  0.00000000000000000E+00
2.02000000000000053E-03  0.00000000000000000E+00  0.00000000000000000E+00  2.06147973592098105E-01  0.00000000000000000E+00  0.00000000000000000E+00  0.00000000000000000E+00  0.00000000000000000E+00
2.05999999999999890E-03  0.00000000000000000E+00  0.00000000000000000E+00  2.08842033713273784E-01  0.00000000000000000E+00  0.00000000000000000E+00  0.00000000000000000E+00  0.00000000000000000E+00
2.09999999999999814E-03  0.00000000000000000E+00  0.00000000000000000E+00  2.12840663770580613E-01  0.00000000000000000E+00  0.00000000000000000E+00  0.00000000000000000E+00  0.00000000000000000E+00
2.13999999999999737E-03  0.00000000000000000E+00  0.00000000000000000E+00  2.16073323445531734E-01  0.00000000000000000E+00  0.00000000000000000E+00  0.00000000000000000E+00  0.00000000000000000E+00
2.17999999999999921E-03  0.00000000000000000E+00  0.00000000000000000E+00  2.19352040740998400E-01  0.00000000000000000E+00  0.00000000000000000E+00  0.00000000000000000E+00  0.00000000000000000E+00
2.21999999999999802E-03  0.00000000000000000E+00  0.00000000000000000E+00  2.23261590823366385E-01  0.00000000000000000E+00  0.00000000000000000E+00  0.00000000000000000E+00  0.00000000000000000E+00
2.25999999999999769E-03  0.00000000000000000E+00  0.00000000000000000E+00  2.27012838226532399E-01  0.00000000000000000E+00  0.00000000000000000E+00  0.00000000000000000E+00  0.00000000000000000E+00
2.29999999999999693E-03  0.00000000000000000E+00  0.00000000000000000E+00  2.30649161572332534E-01  0.00000000000000000E+00  0.00000000000000000E+00  0.00000000000000000E+00  0.00000000000000000E+00
2.33999999999999530E-03  0.00000000000000000E+00  0.00000000000000000E+00  2.34353854714940052E-01  0.00000000000000000E+00  0.00000000000000000E+00  0.00000000000000000E+00  0.00000000000000000E+00
2.37999999999999453E-03  0.00000000000000000E+00  0.00000000000000000E+00  2.38068521200611199E-01  0.00000000000000000E+00  0.00000000000000000E+00  0.00000000000000000E+00  0.00000000000000000E+00
2.41999999999999290E-03  0.00000000000000000E+00  0.00000000000000000E+00  2.39383985915033154E-01  0.00000000000000000E+00  0.00000000000000000E+00  0.00000000000000000E+00  0.00000000000000000E+00
2.45999999999999604E-03  0.00000000000000000E+00  0.00000000000000000E+00  2.42602578609316277E-01  0.00000000000000000E+00  0.00000000000000000E+00  0.00000000000000000E+00  0.00000000000000000E+00
2.49999999999999528E-03  0.00000000000000000E+00  0.00000000000000000E+00  2.45637579722281785E-01  0.00000000000000000E+00  0.00000000000000000E+00  0.00000000000000000E+00  0.00000000000000000E+00
2.53999999999999495E-03  0.00000000000000000E+00  0.00000000000000000E+00  2.49355843826555124E-01  0.00000000000000000E+00  0.00000000000000000E+00  0.00000000000000000E+00  5.02982445946935103E-05
2.57999999999999766E-03  0.00000000000000000E+00  0.00000000000000000E+00  2.52733157466975999E-01  0.00000000000000000E+00  0.00000000000000000E+00  0.00000000000000000E+00  5.11516263322746244E-05
2.61999999999999603E-03  0.00000000000000000E+00  0.00000000000000000E+00  2.55915128084371335E-01  0.00000000000000000E+00  0.00000000000000000E+00  0.00000000000000000E+00  5.17349934256205028E-05
2.65999999999999527E-03  0.00000000000000000E+00  0.00000000000000000E+00  2.59457835897783540E-01  0.00000000000000000E+00  0.00000000000000000E+00  0.00000000000000000E+00  5.23561822284421594E-05
2.69999999999999451E-03  0.00000000000000000E+00  0.00000000000000000E+00  2.62464070427813334E-01  0.00000000000000000E+00  0.00000000000000000E+00  0.00000000000000000E+00  5.29139534258932413E-05
2.73999999999999288E-03  0.00000000000000000E+00  0.00000000000000000E+00  2.66075340758845036E-01  0.00000000000000000E+00  0.00000000000000000E+00  0.00000000000000000E+00  5.20312375062768022E-05
2.77999999999999211E-03  0.00000000000000000E+00  0.00000000000000000E+00  2.69547172062619078E-01  0.00000000000000000E+00  0.00000000000000000E+00  0.00000000000000000E+00  5.25369026730967379E-05
2.81999999999999352E-03  0.00000000000000000E+00  0.00000000000000000E+00  2.73022238150858909E-01  0.00000000000000000E+00  0.00000000000000000E+00  0.00000000000000000E+00  5.24762225579215925E-05
2.85999999999999189E-03  0.00000000000000000E+00  0.00000000000000000E+00  2.76462594426191588E-01  0.00000000000000000E+00  0.00000000000000000E+00  0.00000000000000000E+00  1.04297037781103977E-04
2.89999999999999069E-03  0.00000000000000000E+00  0.00000000000000000E+00  2.79138414752380104E-01  0.00000000000000000E+00  0.00000000000000000E+00  0.00000000000000000E+00  1.01095960236758604E-04
2.93999999999999340E-03  0.00000000000000000E+00  0.00000000000000000E+00  2.81257340063935712E-01  0.00000000000000000E+00  0.00000000000000000E+00  0.00000000000000000E+00  1.01018821987537661E-04
2.97999999999999264E-03  0.00000000000000000E+00  0.00000000000000000E+00  2.84926365612254040E-01  0.00000000000000000E+00  0.00000000000000000E+00  0.00000000000000000E+00  1.01919477967389989E-04
3.01999999999999448E-03  0.00000000000000000E+00  0.00000000000000000E+00  2.87573035264595656E-01  0.00000000000000000E+00  0.00000000000000000E+00  0.00000000000000000E+00  1.01598504233032361E-04
3.05999999999999328E-03  0.00000000000000000E+00  0.00000000000000000E+00  2.91360860625718698E-01  0.00000000000000000E+00  0.00000000000000000E+00  0.00000000000000000E+00  1.02579601235428111E-04
3.09999999999999208E-03  0.00000000000000000E+00  0.00000000000000000E+00  2.94184399754458759E-01  0.00000000000000000E+00  0.00000000000000000E+00  0.00000000000000000E+00  1.02889731849866405E-04
3.13999999999999089E-03  0.00000000000000000E+00  0.00000000000000000E+00  2.97928201416389926E-01  0.00000000000000000E+00  0.00000000000000000E+00  0.00000000000000000E+00  1.03816684387923662E-04
3.17999999999999273E-03  0.00000000000000000E+00  0.00000000000000000E+00  3.01083779186205158E-01  0.00000000000000000E+00  0.00000000000000000E+00  0.00000000000000000E+00  1.05341491164512443E-04
3.21999999999999630E-03  0.00000000000000000E+00  0.00000000000000000E+00  3.04785146765006343E-01  0.00000000000000000E+00  0.00000000000000000E+00  0.00000000000000000E+00  1.05211744088615884E-04
3.25999999999999771E-03  0.00000000000000000E+00  0.00000000000000000E+00  3.08204185603296155E-01  0.00000000000000000E+00  0.00000000000000000E+00  0.00000000000000000E+00  1.05409634081454978E-04
3.29999999999999695E-03  0.00000000000000000E+00  0.00000000000000000E+00  3.11615443029099826E-01  0.00000000000000000E+00  0.00000000000000000E+00  0.00000000000000000E+00  1.05854771800007252E-04
3.33999999999999618E-03  0.00000000000000000E+00  0.00000000000000000E+00  3.14876152086670358E-01  0.00000000000000000E+00  0.00000000000000000E+00  0.00000000000000000E+00  1.06071760182133233E-04
3.37999999999999542E-03  0.00000000000000000E+00  0.00000000000000000E+00  3.18577425221453714E-01  0.00000000000000000E+00  0.00000000000000000E+00  0.00000000000000000E+00  1.06688892086402056E-04
3.41999999999999683E-03  0.00000000000000000E+00  0.00000000000000000E+00  3.21585139034839429E-01  0.00000000000000000E+00  0.00000000000000000E+00  0.00000000000000000E+00  1.06929048121386913E-04
3.46000000000000040E-03  0.00000000000000000E+00  0.00000000000000000E+00  3.24013461633994748E-01  0.00000000000000000E+00  0.00000000000000000E+00  0.00000000000000000E+00  1.09698056324204489E-04
3.50000000000000224E-03  0.00000000000000000E+00  0.00000000000000000E+00  3.27344234616272267E-01  0.00000000000000000E+00  0.00000000000000000E+00  0.00000000000000000E+00  1.09412499543580331E-04
3.54000000000000105E-03  0.00000000000000000E+00  0.00000000000000000E+00  3.30697476642381860E-01  0.00000000000000000E+00  0.00000000000000000E+00  0.00000000000000000E+00  1.10846701195419954E-04
3.57999999999999985E-03  0.00000000000000000E+00  0.00000000000000000E+00  3.33312935948288980E-01  0.00000000000000000E+00  0.00000000000000000E+00  0.00000000000000000E+00  1.10407125219414158E-04
3.61999999999999909E-03  0.00000000000000000E+00  0.00000000000000000E+00  3.36049921218625536E-01  0.00000000000000000E+00  0.00000000000000000E+00  0.00000000000000000E+00  1.13923015953412704E-04
3.66000000000000006E-03  0.00000000000000000E+00  0.00000000000000000E+00  3.39629229549849088E-01  0.00000000000000000E+00  0.00000000000000000E+00  0.00000000000000000E+00  1.14151882728581445E-04
3.69999999999999886E-03  0.00000000000000000E+00  0.00000000000000000E+00  3.42806899284381017E-01  0.00000000000000000E+00  0.00000000000000000E+00  0.00000000000000000E+00  1.12697862012486655E-04
3.74000000000000330E-03  0.00000000000000000E+00  0.00000000000000000E+00  3.46111358359727006E-01  0.00000000000000000E+00  0.00000000000000000E+00  0.00000000000000000E+00  1.12763113129142858E-04
3.78000000000000254E-03  0.00000000000000000E+00  0.00000000000000000E+00  3.49470133120707183E-01  0.00000000000000000E+00  0.00000000000000000E+00  0.00000000000000000E+00  1.13113497375477284E-04
3.82000000000000308E-03  0.00000000000000000E+00  0.00000000000000000E+00  3.52544818532422810E-01  0.00000000000000000E+00  0.00000000000000000E+00  0.00000000000000000E+00  1.14530427412092091E-04
3.86000000000000188E-03  0.00000000000000000E+00  0.00000000000000000E+00  3.55115674856845309E-01  0.00000000000000000E+00  0.00000000000000000E+00  0.00000000000000000E+00  1.16726966189377467E-04
3.90000000000000156E-03  0.00000000000000000E+00  0.00000000000000000E+00  3.57779803969113464E-01  0.00000000000000000E+00  0.00000000000000000E+00  0.00000000000000000E+00  1.16522613856899469E-04
3.93999999999999993E-03  0.00000000000000000E+00  0.00000000000000000E+00  3.60559520887090645E-01  0.00000000000000000E+00  0.00000000000000000E+00  0.00000000000000000E+00  1.16209742235264609E-04
3.98000000000000697E-03  0.00000000000000000E+00  0.00000000000000000E+00  3.63422819712373057E-01  0.00000000000000000E+00  0.00000000000000000E+00  0.00000000000000000E+00  1.18291961813611201E-04
4.02000000000000707E-03  0.00000000000000000E+00  0.00000000000000000E+00  3.66160809196245274E-01  0.00000000000000000E+00  0.00000000000000000E+00  0.00000000000000000E+00  1.20596232794418476E-04
4.06000000000000718E-03  0.00000000000000000E+00  0.00000000000000000E+00  3.69380519318426026E-01  0.00000000000000000E+00  0.00000000000000000E+00  0.00000000000000000E+00  1.22032429144921557E-04
4.10000000000000555E-03  0.00000000000000000E+00  0.00000000000000000E+00  3.72816575768643854E-01  0.00000000000000000E+00  0.00000000000000000E+00  0.00000000000000000E+00  1.23118682179871534E-04
4.14000000000000565E-03  0.00000000000000000E+00  0.00000000000000000E+00  3.75068302910902041E-01  0.00000000000000000E+00  0.00000000000000000E+00  0.00000000000000000E+00  1.25145321062227323E-04
4.18000000000000402E-03  0.00000000000000000E+00  0.00000000000000000E+00  3.77862412019203120E-01  0.00000000000000000E+00  0.00000000000000000E+00  0.00000000000000000E+00  1.25493606101176612E-04
4.22000000000000413E-03  0.00000000000000000E+00  0.00000000000000000E+00  3.80560736059817828E-01  0.00000000000000000E+00  0.00000000000000000E+00  0.00000000000000000E+00  1.28529912372404463E-04
4.26000000000000337E-03  0.00000000000000000E+00  0.00000000000000000E+00  3.82566172884876488E-01  0.00000000000000000E+00  0.00000000000000000E+00  0.00000000000000000E+00  1.26468008921503912E-04
4.30000000000001128E-03  0.00000000000000000E+00  0.00000000000000000E+00  3.85515273588293406E-01  0.00000000000000000E+00  0.00000000000000000E+00  0.00000000000000000E+00  1.25999402195682667E-04
4.34000000000000965E-03  0.00000000000000000E+00  0.00000000000000000E+00  3.87798653956628769E-01  0.00000000000000000E+00  0.00000000000000000E+00  0.00000000000000000E+00  1.28118926376515220E-04
4.38000000000000889E-03  0.00000000000000000E+00  0.00000000000000000E+00  3.90389860090336771E-01  0.00000000000000000E+00  0.00000000000000000E+00  0.00000000000000000E+00  1.31539307807960126E-04
4.42000000000000812E-03  0.00000000000000000E+00  0.00000000000000000E+00  3.93305250664948036E-01  0.00000000000000000E+00  0.00000000000000000E+00  0.00000000000000000E+00  1.32250799750496123E-04
4.46000000000000649E-03  0.00000000000000000E+00  0.00000000000000000E+00  3.95761642033435612E-01  0.00000000000000000E+00  0.00000000000000000E+00  0.00000000000000000E+00  1.34480354515856368E-04
4.50000000000000660E-03  0.00000000000000000E+00  0.00000000000000000E+00  3.98048020002828795E-01  0.00000000000000000E+00  0.00000000000000000E+00  0.00000000000000000E+00  1.77989930595014764E-04
4.54000000000001364E-03  0.00000000000000000E+00  0.00000000000000000E+00  4.01400100562126272E-01  0.00000000000000000E+00  0.00000000000000000E+00  0.00000000000000000E+00  1.81398666265068656E-04
4.58000000000001375E-03  0.00000000000000000E+00  0.00000000000000000E+00  4.04326986539771893E-01  0.00000000000000000E+00  0.00000000000000000E+00  0.00000000000000000E+00  1.74278690915465208E-04
4.62000000000001212E-03  0.00000000000000000E+00  0.00000000000000000E+00  4.06865924215620234E-01  0.00000000000000000E+00  0.00000000000000000E+00  0.00000000000000000E+00  1.85628216260004986E-04
4.66000000000001136E-03  0.00000000000000000E+00  0.00000000000000000E+00  4.10357835539190641E-01  0.00000000000000000E+00  0.00000000000000000E+00  0.00000000000000000E+00  1.87461026912168498E-04
4.70000000000001059E-03  0.00000000000000000E+00  0.00000000000000000E+00  4.13560106334369793E-01  0.00000000000000000E+00  0.00000000000000000E+00  0.00000000000000000E+00  1.84856649247676380E-04
4.74000000000001243E-03  0.00000000000000000E+00  0.00000000000000000E+00  4.16030637417534210E-01  0.00000000000000000E+00  0.00000000000000000E+00  0.00000000000000000E+00  1.64870879992449175E-04
4.78000000000000907E-03  0.00000000000000000E+00  0.00000000000000000E+00  4.16520898258834094E-01  0.00000000000000000E+00  0.00000000000000000E+00  0.00000000000000000E+00  1.68997648959475237E-04
4.82000000000001611E-03  0.00000000000000000E+00  0.00000000000000000E+00  4.19761873512887240E-01  0.00000000000000000E+00  0.00000000000000000E+00  0.00000000000000000E+00  1.84215529562708948E-04
4.86000000000001535E-03  0.00000000000000000E+00  0.00000000000000000E+00  4.22856030632106417E-01  0.00000000000000000E+00  0.00000000000000000E+00  0.00000000000000000E+00  1.78877541223423556E-04
4.90000000000001459E-03  0.00000000000000000E+00  0.00000000000000000E+00  4.25910452558773911E-01  0.00000000000000000E+00  0.00000000000000000E+00  0.00000000000000000E+00  1.80359398601279396E-04
4.94000000000001382E-03  0.00000000000000000E+00  0.00000000000000000E+00  4.28893561891145247E-01  0.00000000000000000E+00  0.00000000000000000E+00  0.00000000000000000E+00  1.56590256104947975E-04
4.98000000000001306E-03  0.00000000000000000E+00  0.00000000000000000E+00  4.31777812700040509E-01  0.00000000000000000E+00  0.00000000000000000E+00  0.00000000000000000E+00  1.48692485163040865E-04
5.02000000000001317E-03  0.00000000000000000E+00  0.00000000000000000E+00  4.34128395145892965E-01  0.00000000000000000E+00  0.00000000000000000E+00  0.00000000000000000E+00  1.45654586723364390E-04
5.06000000000001154E-03  0.00000000000000000E+00  0.00000000000000000E+00  4.36852895107794514E-01  0.00000000000000000E+00  0.00000000000000000E+00  0.00000000000000000E+00  1.56282583592637342E-04
5.10000000000001858E-03  0.00000000000000000E+00  0.00000000000000000E+00  4.40066745621148225E-01  0.00000000000000000E+00  0.00000000000000000E+00  0.00000000000000000E+00  1.58604469407285463E-04
5.14000000000001695E-03  0.00000000000000000E+00  0.00000000000000000E+00  4.43176066684692005E-01  0.00000000000000000E+00  0.00000000000000000E+00  0.00000000000000000E+00  1.82174308416777097E-04
5.18000000000001792E-03  0.00000000000000000E+00  0.00000000000000000E+00  4.46375105482971046E-01  0.00000000000000000E+00  0.00000000000000000E+00  0.00000000000000000E+00  1.88807978234875140E-04
5.22000000000001890E-03  0.00000000000000000E+00  0.00000000000000000E+00  4.49535136132345914E-01  0.00000000000000000E+00  0.00000000000000000E+00  0.00000000000000000E+00  1.90692321844437016E-04
5.26000000000001727E-03  0.00000000000000000E+00  0.00000000000000000E+00  4.52427298843246783E-01  0.00000000000000000E+00  0.00000000000000000E+00  0.00000000000000000E+00  1.98286635824323007E-04
5.30000000000001824E-03  0.00000000000000000E+00  0.00000000000000000E+00  4.55858363283534518E-01  0.00000000000000000E+00  0.00000000000000000E+00  0.00000000000000000E+00  1.98990448042161115E-04
5.34000000000002008E-03  0.00000000000000000E+00  0.00000000000000000E+00  4.59282988992552266E-01  0.00000000000000000E+00  0.00000000000000000E+00  0.00000000000000000E+00  1.97240301292538934E-04
5.38000000000002278E-03  0.00000000000000000E+00  0.00000000000000000E+00  4.62223890378616442E-01  0.00000000000000000E+00  0.00000000000000000E+00  0.00000000000000000E+00  2.12313738674844109E-04
5.42000000000002376E-03  0.00000000000000000E+00  0.00000000000000000E+00  4.65629875937593252E-01  0.00000000000000000E+00  0.00000000000000000E+00  0.00000000000000000E+00  2.13969982532206417E-04
5.46000000000002126E-03  0.00000000000000000E+00  0.00000000000000000E+00  4.69001978475731163E-01  0.00000000000000000E+00  0.00000000000000000E+00  0.00000000000000000E+00  2.11639063765388109E-04
5.50000000000002397E-03  0.00000000000000000E+00  0.00000000000000000E+00  4.72424379322653742E-01  0.00000000000000000E+00  0.00000000000000000E+00  0.00000000000000000E+00  2.13153693934902728E-04
5.54000000000001974E-03  0.00000000000000000E+00  0.00000000000000000E+00  4.75849762872437410E-01  0.00000000000000000E+00  0.00000000000000000E+00  0.00000000000000000E+00  2.11828757920029152E-04
5.58000000000002678E-03  0.00000000000000000E+00  0.00000000000000000E+00  4.78505525437386392E-01  0.00000000000000000E+00  0.00000000000000000E+00  0.00000000000000000E+00  2.07845422563133640E-04
5.62000000000002515E-03  0.00000000000000000E+00  0.00000000000000000E+00  4.81726976251315109E-01  0.00000000000000000E+00  0.00000000000000000E+00  0.00000000000000000E+00  2.08096876747582149E-04
5.66000000000002612E-03  0.00000000000000000E+00  0.00000000000000000E+00  4.84841039916654337E-01  0.00000000000000000E+00  0.00000000000000000E+00  0.00000000000000000E+00  2.09185689849460430E-04
5.70000000000002623E-03  0.00000000000000000E+00  0.00000000000000000E+00  4.88064427527363121E-01  0.00000000000000000E+00  0.00000000000000000E+00  0.00000000000000000E+00  2.10235262944793349E-04
5.74000000000002373E-03  0.00000000000000000E+00  0.00000000000000000E+00  4.90782528857623801E-01  0.00000000000000000E+00  0.00000000000000000E+00  0.00000000000000000E+00  2.24159640661106475E-04
5.78000000000002644E-03  0.00000000000000000E+00  0.00000000000000000E+00  4.94189659633033518E-01  0.00000000000000000E+00  0.00000000000000000E+00  0.00000000000000000E+00  2.25788720918040963E-04
5.82000000000002220E-03  0.00000000000000000E+00  0.00000000000000000E+00  4.97602507756177537E-01  0.00000000000000000E+00  0.00000000000000000E+00  0.00000000000000000E+00  2.27372872511464924E-04
5.86000000000002925E-03  0.00000000000000000E+00  0.00000000000000000E+00  5.00941274808343606E-01  0.00000000000000000E+00  0.00000000000000000E+00  0.00000000000000000E+00  2.30788923347144837E-04
5.90000000000002588E-03  0.00000000000000000E+00  0.00000000000000000E+00  5.04150651562205621E-01  0.00000000000000000E+00  0.00000000000000000E+00  0.00000000000000000E+00  2.38221479862833979E-04
5.94000000000002859E-03  0.00000000000000000E+00  0.00000000000000000E+00  5.07510388915274557E-01  0.00000000000000000E+00  0.00000000000000000E+00  0.00000000000000000E+00  2.39785003248233261E-04
5.98000000000003130E-03  0.00000000000000000E+00  0.00000000000000000E+00  5.10542181135068107E-01  0.00000000000000000E+00  0.00000000000000000E+00  0.00000000000000000E+00  2.58930672315636095E-04
6.02000000000002620E-03  0.00000000000000000E+00  0.00000000000000000E+00  5.13673521240135544E-01  0.00000000000000000E+00  0.00000000000000000E+00  0.00000000000000000E+00  2.64510750706099633E-04
6.06000000000002804E-03  0.00000000000000000E+00  0.00000000000000000E+00  5.16982343405749778E-01  0.00000000000000000E+00  0.00000000000000000E+00  0.00000000000000000E+00  2.64742697629593465E-04
6.10000000000002034E-03  0.00000000000000000E+00  0.00000000000000000E+00  5.17262333979459088E-01  0.00000000000000000E+00  0.00000000000000000E+00  0.00000000000000000E+00  2.63673117664940204E-04
6.14000000000001437E-03  0.00000000000000000E+00  0.00000000000000000E+00  5.19981158056967208E-01  0.00000000000000000E+00  0.00000000000000000E+00  0.00000000000000000E+00  2.63741092524333255E-04
6.18000000000001794E-03  0.00000000000000000E+00  0.00000000000000000E+00  5.23111412558239786E-01  0.00000000000000000E+00  0.00000000000000000E+00  0.00000000000000000E+00  2.71499726496517483E-04
6.22000000000001285E-03  0.00000000000000000E+00  0.00000000000000000E+00  5.26374733888756108E-01  0.00000000000000000E+00  0.00000000000000000E+00  0.00000000000000000E+00  2.76081152907840647E-04
6.26000000000001468E-03  0.00000000000000000E+00  0.00000000000000000E+00  5.29566709042024075E-01  0.00000000000000000E+00  0.00000000000000000E+00  0.00000000000000000E+00  2.77335442657879346E-04
6.30000000000001826E-03  0.00000000000000000E+00  0.00000000000000000E+00  5.32908951808885867E-01  0.00000000000000000E+00  0.00000000000000000E+00  0.00000000000000000E+00  2.79061921175922803E-04
6.34000000000001229E-03  0.00000000000000000E+00  0.00000000000000000E+00  5.36288346158410811E-01  0.00000000000000000E+00  0.00000000000000000E+00  0.00000000000000000E+00  2.80859511259625621E-04
6.38000000000001587E-03  0.00000000000000000E+00  0.00000000000000000E+00  5.39389955499227636E-01  0.00000000000000000E+00  0.00000000000000000E+00  0.00000000000000000E+00  2.90467500357969503E-04
6.42000000000000990E-03  0.00000000000000000E+00  0.00000000000000000E+00  5.42768074516543519E-01  0.00000000000000000E+00  0.00000000000000000E+00  0.00000000000000000E+00  2.91385449988838525E-04
6.46000000000001261E-03  0.00000000000000000E+00  0.00000000000000000E+00  5.46076011548603302E-01  0.00000000000000000E+00  0.00000000000000000E+00  0.00000000000000000E+00  2.93516408113889214E-04
6.50000000000000751E-03  0.00000000000000000E+00  0.00000000000000000E+00  5.48175558439622401E-01  0.00000000000000000E+00  0.00000000000000000E+00  0.00000000000000000E+00  2.94787484643528673E-04
6.54000000000001021E-03  0.00000000000000000E+00  0.00000000000000000E+00  5.51546342427188474E-01  0.00000000000000000E+00  0.00000000000000000E+00  0.00000000000000000E+00  2.96606552361937100E-04
6.58000000000000425E-03  0.00000000000000000E+00  0.00000000000000000E+00  5.50359202201794129E-01  0.00000000000000000E+00  0.00000000000000000E+00  0.00000000000000000E+00  3.30192523993059811E-04
6.62000000000001216E-03  0.00000000000000000E+00  0.00000000000000000E+00  5.53093274581096472E-01  0.00000000000000000E+00  0.00000000000000000E+00  0.00000000000000000E+00  3.45472784475552377E-04
6.66000000000000099E-03  0.00000000000000000E+00  0.00000000000000000E+00  5.56428045709253527E-01  0.00000000000000000E+00  0.00000000000000000E+00  0.00000000000000000E+00  3.46652704737822163E-04
6.70000000000000456E-03  0.00000000000000000E+00  0.00000000000000000E+00  5.59482841440141931E-01  0.00000000000000000E+00  0.00000000000000000E+00  0.00000000000000000E+00  3.38765518019044801E-04
6.73999999999999773E-03  0.00000000000000000E+00  0.00000000000000000E+00  5.62360141715545936E-01  0.00000000000000000E+00  0.00000000000000000E+00  0.00000000000000000E+00  3.47374879514676866E-04
6.78000000000000130E-03  0.00000000000000000E+00  0.00000000000000000E+00  5.65000170034455462E-01  0.00000000000000000E+00  0.00000000000000000E+00  0.00000000000000000E+00  3.42531732616528292E-04
6.81999999999999447E-03  0.00000000000000000E+00  0.00000000000000000E+00  5.68169403447641330E-01  0.00000000000000000E+00  0.00000000000000000E+00  0.00000000000000000E+00  3.44558258975700494E-04
6.85999999999999804E-03  0.00000000000000000E+00  0.00000000000000000E+00  5.71388051895196036E-01  0.00000000000000000E+00  0.00000000000000000E+00  0.00000000000000000E+00  3.48209631322724553E-04
6.89999999999999641E-03  0.00000000000000000E+00  0.00000000000000000E+00  5.74703088145523511E-01  0.00000000000000000E+00  0.00000000000000000E+00  0.00000000000000000E+00  3.50191198726675925E-04
6.93999999999999999E-03  0.00000000000000000E+00  0.00000000000000000E+00  5.77795681598297528E-01  0.00000000000000000E+00  0.00000000000000000E+00  0.00000000000000000E+00  3.58373047729636371E-04
6.97999999999999315E-03  0.00000000000000000E+00  0.00000000000000000E+00  5.81065837806672536E-01  0.00000000000000000E+00  0.00000000000000000E+00  0.00000000000000000E+00  3.61212236930574576E-04
7.01999999999999673E-03  0.00000000000000000E+00  0.00000000000000000E+00  5.84306334923661685E-01  0.00000000000000000E+00  0.00000000000000000E+00  0.00000000000000000E+00  3.63135316038845483E-04
7.05999999999999076E-03  0.00000000000000000E+00  0.00000000000000000E+00  5.87631889383696482E-01  0.00000000000000000E+00  0.00000000000000000E+00  0.00000000000000000E+00  3.65273416455410139E-04
7.09999999999999434E-03  0.00000000000000000E+00  0.00000000000000000E+00  5.90856867334256797E-01  0.00000000000000000E+00  0.00000000000000000E+00  0.00000000000000000E+00  3.65977668822535301E-04
7.13999999999998750E-03  0.00000000000000000E+00  0.00000000000000000E+00  5.94184713972820910E-01  0.00000000000000000E+00  0.00000000000000000E+00  0.00000000000000000E+00  3.68046353010957291E-04
7.17999999999999194E-03  0.00000000000000000E+00  0.00000000000000000E+00  5.97424822728607530E-01  0.00000000000000000E+00  0.00000000000000000E+00  0.00000000000000000E+00  3.70654309524735912E-04
7.21999999999999465E-03  0.00000000000000000E+00  0.00000000000000000E+00  6.00752107224196585E-01  0.00000000000000000E+00  0.00000000000000000E+00  0.00000000000000000E+00  3.72724001088042692E-04
7.25999999999998868E-03  0.00000000000000000E+00  0.00000000000000000E+00  6.04079147735667843E-01  0.00000000000000000E+00  0.00000000000000000E+00  0.00000000000000000E+00  3.74805913612630726E-04
7.29999999999998272E-03  0.00000000000000000E+00  0.00000000000000000E+00  6.07406306818392583E-01  0.00000000000000000E+00  0.00000000000000000E+00  0.00000000000000000E+00  3.76885316083703245E-04
7.33999999999998629E-03  0.00000000000000000E+00  0.00000000000000000E+00  6.10729423790565940E-01  0.00000000000000000E+00  0.00000000000000000E+00  0.00000000000000000E+00  3.79028795460669072E-04
7.37999999999998987E-03  0.00000000000000000E+00  0.00000000000000000E+00  6.13152786903133018E-01  0.00000000000000000E+00  0.00000000000000000E+00  0.00000000000000000E+00  3.84745410116169354E-04
7.41999999999998303E-03  0.00000000000000000E+00  0.00000000000000000E+00  6.16474963643460772E-01  0.00000000000000000E+00  0.00000000000000000E+00  0.00000000000000000E+00  3.77630334244405050E-04
7.45999999999998661E-03  0.00000000000000000E+00  0.00000000000000000E+00  6.19681612291815731E-01  0.00000000000000000E+00  0.00000000000000000E+00  0.00000000000000000E+00  3.83693381042897756E-04
7.49999999999997977E-03  0.00000000000000000E+00  0.00000000000000000E+00  6.23002904795086354E-01  0.00000000000000000E+00  0.00000000000000000E+00  0.00000000000000000E+00  3.83401163322404223E-04
7.53999999999998335E-03  0.00000000000000000E+00  0.00000000000000000E+00  6.26279420314761914E-01  0.00000000000000000E+00  0.00000000000000000E+00  0.00000000000000000E+00  3.86107202523495974E-04
7.57999999999997651E-03  0.00000000000000000E+00  0.00000000000000000E+00  6.29600681175482180E-01  0.00000000000000000E+00  0.00000000000000000E+00  0.00000000000000000E+00  3.85855352319569946E-04
7.61999999999998009E-03  0.00000000000000000E+00  0.00000000000000000E+00  6.32910421444736970E-01  0.00000000000000000E+00  0.00000000000000000E+00  0.00000000000000000E+00  3.84015845452175258E-04
7.65999999999997412E-03  0.00000000000000000E+00  0.00000000000000000E+00  6.36231616413943102E-01  0.00000000000000000E+00  0.00000000000000000E+00  0.00000000000000000E+00  3.83834556803181468E-04
7.69999999999997770E-03  0.00000000000000000E+00  0.00000000000000000E+00  6.39549824837258307E-01  0.00000000000000000E+00  0.00000000000000000E+00  0.00000000000000000E+00  3.83802026124460108E-04
7.73999999999997086E-03  0.00000000000000000E+00  0.00000000000000000E+00  6.42857956268376718E-01  0.00000000000000000E+00  0.00000000000000000E+00  0.00000000000000000E+00  3.83828098075940556E-04
7.77999999999997964E-03  0.00000000000000000E+00  0.00000000000000000E+00  6.46158734667674373E-01  0.00000000000000000E+00  0.00000000000000000E+00  0.00000000000000000E+00  3.82996752937523883E-04
7.81999999999996760E-03  0.00000000000000000E+00  0.00000000000000000E+00  6.49470667318767902E-01  0.00000000000000000E+00  0.00000000000000000E+00  0.00000000000000000E+00  3.82905291500578457E-04
7.85999999999997638E-03  0.00000000000000000E+00  0.00000000000000000E+00  6.52761632573119144E-01  0.00000000000000000E+00  0.00000000000000000E+00  0.00000000000000000E+00  3.77090161036277801E-04
7.89999999999996781E-03  0.00000000000000000E+00  0.00000000000000000E+00  6.56082399184433451E-01  0.00000000000000000E+00  0.00000000000000000E+00  0.00000000000000000E+00  3.77063435648778247E-04
7.93999999999997312E-03  0.00000000000000000E+00  0.00000000000000000E+00  6.59215295977219840E-01  0.00000000000000000E+00  0.00000000000000000E+00  0.00000000000000000E+00  3.76199471506742254E-04
7.97999999999996108E-03  0.00000000000000000E+00  0.00000000000000000E+00  6.62532417682947572E-01  0.00000000000000000E+00  0.00000000000000000E+00  0.00000000000000000E+00  3.77305046306176267E-04
8.01999999999996986E-03  0.00000000000000000E+00  0.00000000000000000E+00  6.65331294596153033E-01  0.00000000000000000E+00  0.00000000000000000E+00  0.00000000000000000E+00  3.76441633266809145E-04
8.05999999999996129E-03  0.00000000000000000E+00  0.00000000000000000E+00  6.67337264293898169E-01  0.00000000000000000E+00  0.00000000000000000E+00  0.00000000000000000E+00  3.68439761494364772E-04
8.09999999999996660E-03  0.00000000000000000E+00  0.00000000000000000E+00  6.70648530839386914E-01  0.00000000000000000E+00  0.00000000000000000E+00  0.00000000000000000E+00  3.69451179080206255E-04
8.13999999999995803E-03  0.00000000000000000E+00  0.00000000000000000E+00  6.73959648820023238E-01  0.00000000000000000E+00  0.00000000000000000E+00  0.00000000000000000E+00  3.70462860672661183E-04
8.17999999999996334E-03  0.00000000000000000E+00  0.00000000000000000E+00  6.77270053549622997E-01  0.00000000000000000E+00  0.00000000000000000E+00  0.00000000000000000E+00  3.71476004828825361E-04
8.21999999999995477E-03  0.00000000000000000E+00  0.00000000000000000E+00  6.80576103194782789E-01  0.00000000000000000E+00  0.00000000000000000E+00  0.00000000000000000E+00  3.72490401474988189E-04
8.25999999999996008E-03  0.00000000000000000E+00  0.00000000000000000E+00  6.83887102494960541E-01  0.00000000000000000E+00  0.00000000000000000E+00  0.00000000000000000E+00  3.68307849830640656E-04
8.29999999999995151E-03  0.00000000000000000E+00  0.00000000000000000E+00  6.87198097047070466E-01  0.00000000000000000E+00  0.00000000000000000E+00  0.00000000000000000E+00  3.69294452278828855E-04
8.33999999999995682E-03  0.00000000000000000E+00  0.00000000000000000E+00  6.90507124581129728E-01  0.00000000000000000E+00  0.00000000000000000E+00  0.00000000000000000E+00  3.70281950603532062E-04
8.37999999999994999E-03  0.00000000000000000E+00  0.00000000000000000E+00  6.93809924543394296E-01  0.00000000000000000E+00  0.00000000000000000E+00  0.00000000000000000E+00  3.71256739413073885E-04
8.41999999999995356E-03  0.00000000000000000E+00  0.00000000000000000E+00  6.97094746003922627E-01  0.00000000000000000E+00  0.00000000000000000E+00  0.00000000000000000E+00  3.72279615264845193E-04
8.45999999999994673E-03  0.00000000000000000E+00  0.00000000000000000E+00  7.00405566731094664E-01  0.00000000000000000E+00  0.00000000000000000E+00  0.00000000000000000E+00  3.73265048615317567E-04
8.49999999999995030E-03  0.00000000000000000E+00  0.00000000000000000E+00  7.03715880373264269E-01  0.00000000000000000E+00  0.00000000000000000E+00  0.00000000000000000E+00  3.74253213930156314E-04
8.53999999999994520E-03  0.00000000000000000E+00  0.00000000000000000E+00  7.06998633926926523E-01  0.00000000000000000E+00  0.00000000000000000E+00  0.00000000000000000E+00  3.75234399368951598E-04
8.57999999999994878E-03  0.00000000000000000E+00  0.00000000000000000E+00  7.10275995992307396E-01  0.00000000000000000E+00  0.00000000000000000E+00  0.00000000000000000E+00  3.76178819264456909E-04
8.61999999999995235E-03  0.00000000000000000E+00  0.00000000000000000E+00  7.13452476452011153E-01  0.00000000000000000E+00  0.00000000000000000E+00  0.00000000000000000E+00  3.76344950418428447E-04
8.65999999999994552E-03  0.00000000000000000E+00  0.00000000000000000E+00  7.16762999294123238E-01  0.00000000000000000E+00  0.00000000000000000E+00  0.00000000000000000E+00  3.77327549790448845E-04
8.69999999999993869E-03  0.00000000000000000E+00  0.00000000000000000E+00  7.20058054732998887E-01  0.00000000000000000E+00  0.00000000000000000E+00  0.00000000000000000E+00  3.78307670944517103E-04
8.73999999999994226E-03  0.00000000000000000E+00  0.00000000000000000E+00  7.23368506446013471E-01  0.00000000000000000E+00  0.00000000000000000E+00  0.00000000000000000E+00  3.79289890327687436E-04
8.77999999999994583E-03  0.00000000000000000E+00  0.00000000000000000E+00  7.26498270902624976E-01  0.00000000000000000E+00  0.00000000000000000E+00  0.00000000000000000E+00  3.80094792976232404E-04
8.81999999999993900E-03  0.00000000000000000E+00  0.00000000000000000E+00  7.29808057976286895E-01  0.00000000000000000E+00  0.00000000000000000E+00  0.00000000000000000E+00  3.75622359939986605E-04
8.85999999999993217E-03  0.00000000000000000E+00  0.00000000000000000E+00  7.33117845087031039E-01  0.00000000000000000E+00  0.00000000000000000E+00  0.00000000000000000E+00  3.71380994795389983E-04
8.89999999999993574E-03  0.00000000000000000E+00  0.00000000000000000E+00  7.36422807163021997E-01  0.00000000000000000E+00  0.00000000000000000E+00  0.00000000000000000E+00  3.70311440353506872E-04
8.93999999999993931E-03  0.00000000000000000E+00  0.00000000000000000E+00  7.39732572580885095E-01  0.00000000000000000E+00  0.00000000000000000E+00  0.00000000000000000E+00  3.69335067702890210E-04
8.97999999999993248E-03  0.00000000000000000E+00  0.00000000000000000E+00  7.43042337997991353E-01  0.00000000000000000E+00  0.00000000000000000E+00  0.00000000000000000E+00  3.70284735403420906E-04
9.01999999999992565E-03  0.00000000000000000E+00  0.00000000000000000E+00  7.46352103405241607E-01  0.00000000000000000E+00  0.00000000000000000E+00  0.00000000000000000E+00  3.71238925906303098E-04
9.05999999999992922E-03  0.00000000000000000E+00  0.00000000000000000E+00  7.49661868857945057E-01  0.00000000000000000E+00  0.00000000000000000E+00  0.00000000000000000E+00  3.72189314949757338E-04
9.09999999999993280E-03  0.00000000000000000E+00  0.00000000000000000E+00  7.52891943531021512E-01  0.00000000000000000E+00  0.00000000000000000E+00  0.00000000000000000E+00  3.73075211982345904E-04
9.13999999999992596E-03  0.00000000000000000E+00  0.00000000000000000E+00  7.56201358672121460E-01  0.00000000000000000E+00  0.00000000000000000E+00  0.00000000000000000E+00  3.74022792411243777E-04
9.17999999999991913E-03  0.00000000000000000E+00  0.00000000000000000E+00  7.59510773808133255E-01  0.00000000000000000E+00  0.00000000000000000E+00  0.00000000000000000E+00  3.74974899401009213E-04
9.21999999999992270E-03  0.00000000000000000E+00  0.00000000000000000E+00  7.62779439773901058E-01  0.00000000000000000E+00  0.00000000000000000E+00  0.00000000000000000E+00  3.70690194336117961E-04
9.25999999999992628E-03  0.00000000000000000E+00  0.00000000000000000E+00  7.66088678124458244E-01  0.00000000000000000E+00  0.00000000000000000E+00  0.00000000000000000E+00  3.71619623087369414E-04
9.29999999999991944E-03  0.00000000000000000E+00  0.00000000000000000E+00  7.69397916474614529E-01  0.00000000000000000E+00  0.00000000000000000E+00  0.00000000000000000E+00  3.72548966334225310E-04
9.33999999999990914E-03  0.00000000000000000E+00  0.00000000000000000E+00  7.71347204490976934E-01  0.00000000000000000E+00  0.00000000000000000E+00  0.00000000000000000E+00  3.71908069724773919E-04
9.37999999999991965E-03  0.00000000000000000E+00  0.00000000000000000E+00  7.67285838625129446E-01  0.00000000000000000E+00  0.00000000000000000E+00  0.00000000000000000E+00  4.67081454586211497E-04
9.41999999999992670E-03  0.00000000000000000E+00  0.00000000000000000E+00  7.70557846470960484E-01  0.00000000000000000E+00  0.00000000000000000E+00  0.00000000000000000E+00  4.67288861777069792E-04
9.45999999999991466E-03  0.00000000000000000E+00  0.00000000000000000E+00  7.73829854303383469E-01  0.00000000000000000E+00  0.00000000000000000E+00  0.00000000000000000E+00  4.63963219242565525E-04
9.49999999999992170E-03  0.00000000000000000E+00  0.00000000000000000E+00  7.77101862144229494E-01  0.00000000000000000E+00  0.00000000000000000E+00  0.00000000000000000E+00  4.64266447657782442E-04
9.53999999999991313E-03  0.00000000000000000E+00  0.00000000000000000E+00  7.80373869984256952E-01  0.00000000000000000E+00  0.00000000000000000E+00  0.00000000000000000E+00  4.64652420314287358E-04
9.57999999999992018E-03  0.00000000000000000E+00  0.00000000000000000E+00  7.83624024020743049E-01  0.00000000000000000E+00  0.00000000000000000E+00  0.00000000000000000E+00  4.65304535794183586E-04
9.61999999999990814E-03  0.00000000000000000E+00  0.00000000000000000E+00  7.86834505800064754E-01  0.00000000000000000E+00  0.00000000000000000E+00  0.00000000000000000E+00  4.63933096438190473E-04
9.65999999999991518E-03  0.00000000000000000E+00  0.00000000000000000E+00  7.89695737135537867E-01  0.00000000000000000E+00  0.00000000000000000E+00  0.00000000000000000E+00  4.43405773337416634E-04
9.69999999999991182E-03  0.00000000000000000E+00  0.00000000000000000E+00  7.92965698780569217E-01  0.00000000000000000E+00  0.00000000000000000E+00  0.00000000000000000E+00  4.43494121390335724E-04
9.73999999999991366E-03  0.00000000000000000E+00  0.00000000000000000E+00  7.96196889679910536E-01  0.00000000000000000E+00  0.00000000000000000E+00  0.00000000000000000E+00  4.40900241376989235E-04
9.77999999999990509E-03  0.00000000000000000E+00  0.00000000000000000E+00  7.99352372523552068E-01  0.00000000000000000E+00  0.00000000000000000E+00  0.00000000000000000E+00  4.32881099991903081E-04
9.81999999999990866E-03  0.00000000000000000E+00  0.00000000000000000E+00  8.02621707374241433E-01  0.00000000000000000E+00  0.00000000000000000E+00  0.00000000000000000E+00  4.33057324925587668E-04
9.85999999999991918E-03  0.00000000000000000E+00  0.00000000000000000E+00  8.03183546137024806E-01  0.00000000000000000E+00  0.00000000000000000E+00  0.00000000000000000E+00  5.02017836911864464E-04
9.89999999999990887E-03  0.00000000000000000E+00  0.00000000000000000E+00  8.06441897236651939E-01  0.00000000000000000E+00  0.00000000000000000E+00  0.00000000000000000E+00  5.02486192582817870E-04
9.93999999999989857E-03  0.00000000000000000E+00  0.00000000000000000E+00  8.09700248336788220E-01  0.00000000000000000E+00  0.00000000000000000E+00  0.00000000000000000E+00  5.03052376887144900E-04
9.97999999999990561E-03  0.00000000000000000E+00  0.00000000000000000E+00  8.12934568185300632E-01  0.00000000000000000E+00  0.00000000000000000E+00  0.00000000000000000E+00  5.03432882423054929E-04
