0.00000000000000000E+00  0.00000000000000000E+00  0.00000000000000000E+00  0.00000000000000000E+00  0.00000000000000000E+00  0.00000000000000000E+00  0.00000000000000000E+00  0.00000000000000000E+00
9.99999999999999641E-05  0.00000000000000000E+00  0.00000000000000000E+00  5.60729797354973664E-02  0.00000000000000000E+00  0.00000000000000000E+00  0.00000000000000000E+00  0.00000000000000000E+00
1.39999999999999961E-04  0.00000000000000000E+00  0.00000000000000000E+00  7.00285824569305965E-02  0.00000000000000000E+00  0.00000000000000000E+00  0.00000000000000000E+00  0.00000000000000000E+00
1.79999999999999903E-04  0.00000000000000000E+00  0.00000000000000000E+00  8.05310276261675673E-02  0.00000000000000000E+00  0.00000000000000000E+00  0.00000000000000000E+00  0.00000000000000000E+00
2.20000000000000008E-04  0.00000000000000000E+00  0.00000000000000000E+00  8.07443945353936016E-02  0.00000000000000000E+00  0.00000000000000000E+00  0.00000000000000000E+00  0.00000000000000000E+00
2.60000000000000465E-04  0.00000000000000000E+00  0.00000000000000000E+00  8.47486838812234050E-02  0.00000000000000000E+00  0.00000000000000000E+00  0.00000000000000000E+00  0.00000000000000000E+00
3.00000000000000191E-04  0.00000000000000000E+00  0.00000000000000000E+00  8.78196529870064607E-02  0.00000000000000000E+00  0.00000000000000000E+00  0.00000000000000000E+00  0.00000000000000000E+00
3.40000000000000567E-04  0.00000000000000000E+00  0.00000000000000000E+00  8.92428819712781929E-02  0.00000000000000000E+00  0.00000000000000000E+00  0.00000000000000000E+00  0.00000000000000000E+00
3.80000000000000184E-04  0.00000000000000000E+00  0.00000000000000000E+00  9.32525088441395200E-02  0.00000000000000000E+00  0.00000000000000000E+00  0.00000000000000000E+00  0.00000000000000000E+00
4.20000000000000288E-04  0.00000000000000000E+00  0.00000000000000000E+00  9.25145350392794497E-02  0.00000000000000000E+00  0.00000000000000000E+00  0.00000000000000000E+00  0.00000000000000000E+00
4.60000000000000393E-04  0.00000000000000000E+00  0.00000000000000000E+00  9.36561010821821138E-02  0.00000000000000000E+00  0.00000000000000000E+00  0.00000000000000000E+00  0.00000000000000000E+00
5.00000000000000336E-04  0.00000000000000000E+00  0.00000000000000000E+00  9.49969549862739043E-02  0.00000000000000000E+00  0.00000000000000000E+00  0.00000000000000000E+00  0.00000000000000000E+00
5.39999999999999248E-04  0.00000000000000000E+00  0.00000000000000000E+00  9.74316169921298353E-02  0.00000000000000000E+00  0.00000000000000000E+00  0.00000000000000000E+00  0.00000000000000000E+00
5.79999999999999461E-04  0.00000000000000000E+00  0.00000000000000000E+00  1.01826431000409487E-01  0.00000000000000000E+00  0.00000000000000000E+00  0.00000000000000000E+00  0.00000000000000000E+00
6.19999999999999133E-04  0.00000000000000000E+00  0.00000000000000000E+00  9.96574778527440780E-02  0.00000000000000000E+00  0.00000000000000000E+00  0.00000000000000000E+00  0.00000000000000000E+00
6.59999999999998804E-04  0.00000000000000000E+00  0.00000000000000000E+00  1.01296083284651853E-01  0.00000000000000000E+00  0.00000000000000000E+00  0.00000000000000000E+00  0.00000000000000000E+00
6.99999999999998909E-04  0.00000000000000000E+00  0.00000000000000000E+00  1.02043381124914539E-01  0.00000000000000000E+00  0.00000000000000000E+00  0.00000000000000000E+00  0.00000000000000000E+00
7.39999999999998580E-04  0.00000000000000000E+00  0.00000000000000000E+00  1.04508171234940619E-01  0.00000000000000000E+00  0.00000000000000000E+00  0.00000000000000000E+00  0.00000000000000000E+00
7.79999999999999552E-04  0.00000000000000000E+00  0.00000000000000000E+00  1.05856297411612191E-01  0.00000000000000000E+00  0.00000000000000000E+00  0.00000000000000000E+00  0.00000000000000000E+00
8.20000000000000199E-04  0.00000000000000000E+00  0.00000000000000000E+00  1.09526327708678567E-01  0.00000000000000000E+00  0.00000000000000000E+00  0.00000000000000000E+00  0.00000000000000000E+00
8.59999999999999762E-04  0.00000000000000000E+00  0.00000000000000000E+00  1.13310888250552647E-01  0.00000000000000000E+00  0.00000000000000000E+00  0.00000000000000000E+00  0.00000000000000000E+00
8.99999999999999000E-04  0.00000000000000000E+00  0.00000000000000000E+00  1.14800118342183718E-01  0.00000000000000000E+00  0.00000000000000000E+00  0.00000000000000000E+00  0.00000000000000000E+00
9.39999999999999755E-04  0.00000000000000000E+00  0.00000000000000000E+00  1.17819652966565283E-01  0.00000000000000000E+00  0.00000000000000000E+00  0.00000000000000000E+00  0.00000000000000000E+00
9.79999999999999101E-04  0.00000000000000000E+00  0.00000000000000000E+00  1.20506242927385432E-01  0.00000000000000000E+00  0.00000000000000000E+00  0.00000000000000000E+00  0.00000000000000000E+00
1.01999999999999986E-03  0.00000000000000000E+00  0.00000000000000000E+00  1.23730947630020377E-01  0.00000000000000000E+00  0.00000000000000000E+00  0.00000000000000000E+00  0.00000000000000000E+00
1.05999999999999866E-03  0.00000000000000000E+00  0.00000000000000000E+00  1.27139160713454491E-01  0.00000000000000000E+00  0.00000000000000000E+00  0.00000000000000000E+00  0.00000000000000000E+00
1.10000000000000007E-03  0.00000000000000000E+00  0.00000000000000000E+00  1.29929794204154125E-01  0.00000000000000000E+00  0.00000000000000000E+00  0.00000000000000000E+00  0.00000000000000000E+00
1.13999999999999887E-03  0.00000000000000000E+00  0.00000000000000000E+00  1.32898052729782279E-01  0.00000000000000000E+00  0.00000000000000000E+00  0.00000000000000000E+00  0.00000000000000000E+00
1.17999999999999984E-03  0.00000000000000000E+00  0.00000000000000000E+00  1.35578092568837794E-01  0.00000000000000000E+00  0.00000000000000000E+00  0.00000000000000000E+00  0.00000000000000000E+00
1.21999999999999908E-03  0.00000000000000000E+00  0.00000000000000000E+00  1.39259129441256513E-01  0.00000000000000000E+00  0.00000000000000000E+00  0.00000000000000000E+00  0.00000000000000000E+00
1.25999999999999940E-03  0.00000000000000000E+00  0.00000000000000000E+00  1.43003297168210169E-01  0.00000000000000000E+00  0.00000000000000000E+00  0.00000000000000000E+00  0.00000000000000000E+00
1.29999999999999951E-03  0.00000000000000000E+00  0.00000000000000000E+00  1.46512451963930118E-01  0.00000000000000000E+00  0.00000000000000000E+00  0.00000000000000000E+00  0.00000000000000000E+00
1.34000000000000026E-03  0.00000000000000000E+00  0.00000000000000000E+00  1.49578491360016413E-01  0.00000000000000000E+00  0.00000000000000000E+00  0.00000000000000000E+00  0.00000000000000000E+00
1.37999999999999928E-03  0.00000000000000000E+00  0.00000000000000000E+00  1.52972042632081556E-01  0.00000000000000000E+00  0.00000000000000000E+00  0.00000000000000000E+00  0.00000000000000000E+00
1.41999999999999830E-03  0.00000000000000000E+00  0.00000000000000000E+00  1.56171545958127683E-01  0.00000000000000000E+00  0.00000000000000000E+00  0.00000000000000000E+00  0.00000000000000000E+00
1.45999999999999841E-03  0.00000000000000000E+00  0.00000000000000000E+00  1.59544325036145518E-01  0.00000000000000000E+00  0.00000000000000000E+00  0.00000000000000000E+00  0.00000000000000000E+00
1.49999999999999916E-03  0.00000000000000000E+00  0.00000000000000000E+00  1.63500428089032646E-01  0.00000000000000000E+00  0.00000000000000000E+00  0.00000000000000000E+00  0.00000000000000000E+00
1.53999999999999905E-03  0.00000000000000000E+00  0.00000000000000000E+00  1.66314575590730651E-01  0.00000000000000000E+00  0.00000000000000000E+00  0.00000000000000000E+00  0.00000000000000000E+00
1.57999999999999829E-03  0.00000000000000000E+00  0.00000000000000000E+00  1.69076759089253570E-01  0.00000000000000000E+00  0.00000000000000000E+00  0.00000000000000000E+00  0.00000000000000000E+00
1.61999999999999688E-03  0.00000000000000000E+00  0.00000000000000000E+00  1.73193523794336807E-01  0.00000000000000000E+00  0.00000000000000000E+00  0.00000000000000000E+00  0.00000000000000000E+00
1.65999999999999720E-03  0.00000000000000000E+00  0.00000000000000000E+00  1.77169297315370039E-01  0.00000000000000000E+00  0.00000000000000000E+00  0.00000000000000000E+00  0.00000000000000000E+00
1.69999999999999969E-03  0.00000000000000000E+00  0.00000000000000000E+00  1.79432559745348913E-01  0.00000000000000000E+00  0.00000000000000000E+00  0.00000000000000000E+00  0.00000000000000000E+00
1.73999999999999828E-03  0.00000000000000000E+00  0.00000000000000000E+00  1.82968045438283988E-01  0.00000000000000000E+00  0.00000000000000000E+00  0.00000000000000000E+00  0.00000000000000000E+00
1.77999999999999730E-03  0.00000000000000000E+00  0.00000000000000000E+00  1.86828309440203150E-01  0.00000000000000000E+00  0.00000000000000000E+00  0.00000000000000000E+00  0.00000000000000000E+00
1.81999999999999697E-03  0.00000000000000000E+00  0.00000000000000000E+00  1.90011515268222714E-01  0.00000000000000000E+00  0.00000000000000000E+00  0.00000000000000000E+00  0.00000000000000000E+00
1.85999999999999555E-03  0.00000000000000000E+00  0.00000000000000000E+00  1.93871192740434323E-01  0.00000000000000000E+00  0.00000000000000000E+00  0.00000000000000000E+00  0.00000000000000000E+00
1.89999999999999739E-03  0.00000000000000000E+00  0.00000000000000000E+00  1.96700290106445574E-01  0.00000000000000000E+00  0.00000000000000000E+00  0.00000000000000000E+00  0.00000000000000000E+00
1.93999999999999707E-03  0.00000000000000000E+00  0.00000000000000000E+00  2.00485751565758347E-01  0.00000000000000000E+00  0.00000000000000000E+00  0.00000000000000000E+00  0.00000000000000000E+00
1.97999999999999565E-03  0.00000000000000000E+00  0.00000000000000000E+00  2.01666760567077469E-01  0.00000000000000000E+00  0.00000000000000000E+00  0.00000000000000000E+00  0.00000000000000000E+00
2.01999999999999446E-03  0.00000000000000000E+00  0.00000000000000000E+00  2.05688541696772836E-01  0.00000000000000000E+00  0.00000000000000000E+00  0.00000000000000000E+00  0.00000000000000000E+00
2.05999999999999413E-03  0.00000000000000000E+00  0.00000000000000000E+00  2.09691963432375283E-01  0.00000000000000000E+00  0.00000000000000000E+00  0.00000000000000000E+00  0.00000000000000000E+00
2.09999999999999250E-03  0.00000000000000000E+00  0.00000000000000000E+00  2.11729237621303995E-01  0.00000000000000000E+00  0.00000000000000000E+00  0.00000000000000000E+00  0.00000000000000000E+00
2.13999999999999434E-03  0.00000000000000000E+00  0.00000000000000000E+00  2.15329305447009400E-01  0.00000000000000000E+00  0.00000000000000000E+00  0.00000000000000000E+00  0.00000000000000000E+00
2.17999999999999401E-03  0.00000000000000000E+00  0.00000000000000000E+00  2.18590464701041071E-01  0.00000000000000000E+00  0.00000000000000000E+00  0.00000000000000000E+00  0.00000000000000000E+00
2.21999999999999281E-03  0.00000000000000000E+00  0.00000000000000000E+00  2.22350970106563767E-01  0.00000000000000000E+00  0.00000000000000000E+00  0.00000000000000000E+00  0.00000000000000000E+00
2.25999999999999162E-03  0.00000000000000000E+00  0.00000000000000000E+00  2.26306449451110642E-01  0.00000000000000000E+00  0.00000000000000000E+00  0.00000000000000000E+00  0.00000000000000000E+00
2.29999999999999085E-03  0.00000000000000000E+00  0.00000000000000000E+00  2.30255533797372403E-01  0.00000000000000000E+00  0.00000000000000000E+00  0.00000000000000000E+00  0.00000000000000000E+00
2.33999999999999356E-03  0.00000000000000000E+00  0.00000000000000000E+00  2.32187933805385854E-01  0.00000000000000000E+00  0.00000000000000000E+00  0.00000000000000000E+00  0.00000000000000000E+00
2.37999999999999280E-03  0.00000000000000000E+00  0.00000000000000000E+00  2.35244139039192501E-01  0.00000000000000000E+00  0.00000000000000000E+00  0.00000000000000000E+00  0.00000000000000000E+00
2.41999999999999117E-03  0.00000000000000000E+00  0.00000000000000000E+00  2.39150782557676578E-01  0.00000000000000000E+00  0.00000000000000000E+00  0.00000000000000000E+00  0.00000000000000000E+00
2.45999999999999041E-03  0.00000000000000000E+00  0.00000000000000000E+00  2.42256712137685709E-01  0.00000000000000000E+00  0.00000000000000000E+00  0.00000000000000000E+00  5.89343496727240190E-05
2.49999999999998964E-03  0.00000000000000000E+00  0.00000000000000000E+00  2.45772865290409787E-01  0.00000000000000000E+00  0.00000000000000000E+00  0.00000000000000000E+00  5.98104818931700127E-05
2.53999999999999105E-03  0.00000000000000000E+00  0.00000000000000000E+00  2.49468479853996894E-01  0.00000000000000000E+00  0.00000000000000000E+00  0.00000000000000000E+00  6.07178043544986105E-05
2.57999999999999072E-03  0.00000000000000000E+00  0.00000000000000000E+00  2.52869147204153544E-01  0.00000000000000000E+00  0.00000000000000000E+00  0.00000000000000000E+00  6.15303943836670563E-05
2.61999999999999169E-03  0.00000000000000000E+00  0.00000000000000000E+00  2.56176463234536689E-01  0.00000000000000000E+00  0.00000000000000000E+00  0.00000000000000000E+00  6.30414266311993168E-05
2.65999999999999006E-03  0.00000000000000000E+00  0.00000000000000000E+00  2.60046228593444839E-01  0.00000000000000000E+00  0.00000000000000000E+00  0.00000000000000000E+00  5.73598018451873052E-05
2.69999999999999277E-03  0.00000000000000000E+00  0.00000000000000000E+00  2.63276802694032031E-01  0.00000000000000000E+00  0.00000000000000000E+00  0.00000000000000000E+00  5.81351428937872686E-05
2.73999999999999114E-03  0.00000000000000000E+00  0.00000000000000000E+00  2.66585643720891718E-01  0.00000000000000000E+00  0.00000000000000000E+00  0.00000000000000000E+00  5.89557561174260429E-05
2.77999999999999038E-03  0.00000000000000000E+00  0.00000000000000000E+00  2.70304082420514680E-01  0.00000000000000000E+00  0.00000000000000000E+00  0.00000000000000000E+00  1.09653720852393417E-04
2.81999999999998918E-03  0.00000000000000000E+00  0.00000000000000000E+00  2.73647507800678313E-01  0.00000000000000000E+00  0.00000000000000000E+00  0.00000000000000000E+00  1.11066125624724622E-04
2.85999999999998799E-03  0.00000000000000000E+00  0.00000000000000000E+00  2.77449223905647635E-01  0.00000000000000000E+00  0.00000000000000000E+00  0.00000000000000000E+00  1.10715783097958115E-04
2.89999999999998722E-03  0.00000000000000000E+00  0.00000000000000000E+00  2.81092028453085119E-01  0.00000000000000000E+00  0.00000000000000000E+00  0.00000000000000000E+00  1.09778668203150667E-04
2.93999999999998863E-03  0.00000000000000000E+00  0.00000000000000000E+00  2.84205145214428634E-01  0.00000000000000000E+00  0.00000000000000000E+00  0.00000000000000000E+00  1.08623516361779201E-04
2.97999999999998743E-03  0.00000000000000000E+00  0.00000000000000000E+00  2.87453338387444302E-01  0.00000000000000000E+00  0.00000000000000000E+00  0.00000000000000000E+00  1.10331395551234749E-04
3.01999999999999057E-03  0.00000000000000000E+00  0.00000000000000000E+00  2.90420194602805437E-01  0.00000000000000000E+00  0.00000000000000000E+00  0.00000000000000000E+00  1.08285744377492396E-04
3.05999999999998938E-03  0.00000000000000000E+00  0.00000000000000000E+00  2.93365470055058253E-01  0.00000000000000000E+00  0.00000000000000000E+00  0.00000000000000000E+00  1.10873646973366977E-04
3.09999999999999078E-03  0.00000000000000000E+00  0.00000000000000000E+00  2.97151435752752435E-01  0.00000000000000000E+00  0.00000000000000000E+00  0.00000000000000000E+00  1.12379075387015033E-04
3.13999999999998959E-03  0.00000000000000000E+00  0.00000000000000000E+00  3.00852268089430275E-01  0.00000000000000000E+00  0.00000000000000000E+00  0.00000000000000000E+00  1.12073505990298905E-04
3.17999999999998926E-03  0.00000000000000000E+00  0.00000000000000000E+00  3.04341068918975111E-01  0.00000000000000000E+00  0.00000000000000000E+00  0.00000000000000000E+00  1.11055929291617900E-04
3.21999999999999066E-03  0.00000000000000000E+00  0.00000000000000000E+00  3.07913020195878073E-01  0.00000000000000000E+00  0.00000000000000000E+00  0.00000000000000000E+00  1.12456556859060635E-04
3.25999999999998947E-03  0.00000000000000000E+00  0.00000000000000000E+00  3.11529063384391347E-01  0.00000000000000000E+00  0.00000000000000000E+00  0.00000000000000000E+00  1.13760815163432559E-04
3.29999999999999304E-03  0.00000000000000000E+00  0.00000000000000000E+00  3.14578767077359600E-01  0.00000000000000000E+00  0.00000000000000000E+00  0.00000000000000000E+00  1.13207490015653232E-04
3.33999999999999228E-03  0.00000000000000000E+00  0.00000000000000000E+00  3.17687607946471162E-01  0.00000000000000000E+00  0.00000000000000000E+00  0.00000000000000000E+00  1.13028961458546610E-04
3.37999999999999325E-03  0.00000000000000000E+00  0.00000000000000000E+00  3.20773914061162291E-01  0.00000000000000000E+00  0.00000000000000000E+00  0.00000000000000000E+00  1.13600826742566967E-04
3.41999999999999206E-03  0.00000000000000000E+00  0.00000000000000000E+00  3.23997981812381375E-01  0.00000000000000000E+00  0.00000000000000000E+00  0.00000000000000000E+00  1.13336418602791333E-04
3.45999999999999129E-03  0.00000000000000000E+00  0.00000000000000000E+00  3.26786114614741163E-01  0.00000000000000000E+00  0.00000000000000000E+00  0.00000000000000000E+00  1.12849725413812667E-04
3.49999999999999010E-03  0.00000000000000000E+00  0.00000000000000000E+00  3.30213074610037183E-01  0.00000000000000000E+00  0.00000000000000000E+00  0.00000000000000000E+00  1.12878307432190639E-04
3.53999999999999107E-03  0.00000000000000000E+00  0.00000000000000000E+00  3.33423915402642657E-01  0.00000000000000000E+00  0.00000000000000000E+00  0.00000000000000000E+00  1.13577695949609086E-04
3.57999999999998987E-03  0.00000000000000000E+00  0.00000000000000000E+00  3.35924120933410120E-01  0.00000000000000000E+00  0.00000000000000000E+00  0.00000000000000000E+00  1.14042634712249071E-04
3.61999999999999475E-03  0.00000000000000000E+00  0.00000000000000000E+00  3.38853561146966686E-01  0.00000000000000000E+00  0.00000000000000000E+00  0.00000000000000000E+00  1.14636401019303612E-04
3.65999999999999572E-03  0.00000000000000000E+00  0.00000000000000000E+00  3.42182929026310811E-01  0.00000000000000000E+00  0.00000000000000000E+00  0.00000000000000000E+00  1.14829280573956071E-04
3.69999999999999453E-03  0.00000000000000000E+00  0.00000000000000000E+00  3.45893323592280810E-01  0.00000000000000000E+00  0.00000000000000000E+00  0.00000000000000000E+00  1.14789528909865925E-04
3.73999999999999376E-03  0.00000000000000000E+00  0.00000000000000000E+00  3.48688027332116290E-01  0.00000000000000000E+00  0.00000000000000000E+00  0.00000000000000000E+00  1.16682849884733463E-04
3.77999999999999474E-03  0.00000000000000000E+00  0.00000000000000000E+00  3.52151341378237503E-01  0.00000000000000000E+00  0.00000000000000000E+00  0.00000000000000000E+00  1.17294078444716657E-04
3.81999999999999397E-03  0.00000000000000000E+00  0.00000000000000000E+00  3.55765212845590539E-01  0.00000000000000000E+00  0.00000000000000000E+00  0.00000000000000000E+00  1.16268512921557026E-04
3.85999999999999842E-03  0.00000000000000000E+00  0.00000000000000000E+00  3.57585155326338722E-01  0.00000000000000000E+00  0.00000000000000000E+00  0.00000000000000000E+00  1.15694033569664539E-04
3.89999999999999765E-03  0.00000000000000000E+00  0.00000000000000000E+00  3.61015228566886948E-01  0.00000000000000000E+00  0.00000000000000000E+00  0.00000000000000000E+00  1.16091229472870011E-04
3.93999999999999819E-03  0.00000000000000000E+00  0.00000000000000000E+00  3.64046499702339599E-01  0.00000000000000000E+00  0.00000000000000000E+00  0.00000000000000000E+00  1.16677892119568995E-04
3.97999999999999656E-03  0.00000000000000000E+00  0.00000000000000000E+00  3.66098460541762594E-01  0.00000000000000000E+00  0.00000000000000000E+00  0.00000000000000000E+00  1.18756903587584502E-04
4.01999999999999667E-03  0.00000000000000000E+00  0.00000000000000000E+00  3.69105781806576161E-01  0.00000000000000000E+00  0.00000000000000000E+00  0.00000000000000000E+00  1.18398468837150188E-04
4.05999999999999504E-03  0.00000000000000000E+00  0.00000000000000000E+00  3.71888438111067643E-01  0.00000000000000000E+00  0.00000000000000000E+00  0.00000000000000000E+00  1.19022356627684198E-04
4.09999999999999514E-03  0.00000000000000000E+00  0.00000000000000000E+00  3.75115388761259771E-01  0.00000000000000000E+00  0.00000000000000000E+00  0.00000000000000000E+00  1.19856336902525137E-04
4.14000000000000045E-03  0.00000000000000000E+00  0.00000000000000000E+00  3.78672132622423163E-01  0.00000000000000000E+00  0.00000000000000000E+00  0.00000000000000000E+00  1.20548986219548598E-04
4.17999999999999969E-03  0.00000000000000000E+00  0.00000000000000000E+00  3.81594042928388222E-01  0.00000000000000000E+00  0.00000000000000000E+00  0.00000000000000000E+00  1.22037792235597651E-04
4.22000000000000066E-03  0.00000000000000000E+00  0.00000000000000000E+00  3.84274669644939781E-01  0.00000000000000000E+00  0.00000000000000000E+00  0.00000000000000000E+00  1.21761363617948660E-04
4.25999999999999990E-03  0.00000000000000000E+00  0.00000000000000000E+00  3.85861651974090780E-01  0.00000000000000000E+00  0.00000000000000000E+00  0.00000000000000000E+00  1.24193397672309316E-04
4.29999999999999914E-03  0.00000000000000000E+00  0.00000000000000000E+00  3.88614830813608148E-01  0.00000000000000000E+00  0.00000000000000000E+00  0.00000000000000000E+00  1.24996394890772799E-04
4.33999999999999751E-03  0.00000000000000000E+00  0.00000000000000000E+00  3.90599579414510734E-01  0.00000000000000000E+00  0.00000000000000000E+00  0.00000000000000000E+00  1.27600473330854043E-04
4.37999999999999848E-03  0.00000000000000000E+00  0.00000000000000000E+00  3.93557553837189211E-01  0.00000000000000000E+00  0.00000000000000000E+00  0.00000000000000000E+00  1.29814716429752696E-04
4.42000000000000379E-03  0.00000000000000000E+00  0.00000000000000000E+00  3.95880181585681945E-01  0.00000000000000000E+00  0.00000000000000000E+00  0.00000000000000000E+00  1.30916208192933750E-04
4.46000000000000302E-03  0.00000000000000000E+00  0.00000000000000000E+00  3.98350677426953903E-01  0.00000000000000000E+00  0.00000000000000000E+00  0.00000000000000000E+00  1.31590638463374135E-04
4.50000000000000313E-03  0.00000000000000000E+00  0.00000000000000000E+00  4.01214272124305660E-01  0.00000000000000000E+00  0.00000000000000000E+00  0.00000000000000000E+00  1.33364276607926362E-04
4.54000000000000237E-03  0.00000000000000000E+00  0.00000000000000000E+00  4.04291181155894963E-01  0.00000000000000000E+00  0.00000000000000000E+00  0.00000000000000000E+00  1.32996937915443470E-04
4.58000000000000160E-03  0.00000000000000000E+00  0.00000000000000000E+00  4.06434708448264570E-01  0.00000000000000000E+00  0.00000000000000000E+00  0.00000000000000000E+00  2.71219290286007261E-04
4.62000000000000171E-03  0.00000000000000000E+00  0.00000000000000000E+00  4.09861651074282685E-01  0.00000000000000000E+00  0.00000000000000000E+00  0.00000000000000000E+00  2.69794263435569974E-04
4.66000000000000181E-03  0.00000000000000000E+00  0.00000000000000000E+00  4.12950413157701590E-01  0.00000000000000000E+00  0.00000000000000000E+00  0.00000000000000000E+00  2.78647321802652536E-04
4.70000000000000712E-03  0.00000000000000000E+00  0.00000000000000000E+00  4.15959730846407527E-01  0.00000000000000000E+00  0.00000000000000000E+00  0.00000000000000000E+00  2.96035110076640180E-04
4.74000000000000636E-03  0.00000000000000000E+00  0.00000000000000000E+00  4.19132435388093361E-01  0.00000000000000000E+00  0.00000000000000000E+00  0.00000000000000000E+00  3.05567098872757499E-04
4.78000000000000560E-03  0.00000000000000000E+00  0.00000000000000000E+00  4.22079464750373667E-01  0.00000000000000000E+00  0.00000000000000000E+00  0.00000000000000000E+00  3.22791836014033019E-04
4.82000000000000657E-03  0.00000000000000000E+00  0.00000000000000000E+00  4.25574793488453840E-01  0.00000000000000000E+00  0.00000000000000000E+00  0.00000000000000000E+00  3.18079385980037728E-04
4.86000000000000407E-03  0.00000000000000000E+00  0.00000000000000000E+00  4.28625449372711520E-01  0.00000000000000000E+00  0.00000000000000000E+00  0.00000000000000000E+00  3.32583185398952928E-04
4.90000000000000591E-03  0.00000000000000000E+00  0.00000000000000000E+00  4.31575515105701302E-01  0.00000000000000000E+00  0.00000000000000000E+00  0.00000000000000000E+00  3.10281314995403709E-04
4.94000000000000255E-03  0.00000000000000000E+00  0.00000000000000000E+00  4.34982186864381060E-01  0.00000000000000000E+00  0.00000000000000000E+00  0.00000000000000000E+00  3.12367488876145539E-04
4.98000000000000959E-03  0.00000000000000000E+00  0.00000000000000000E+00  4.37862326403388125E-01  0.00000000000000000E+00  0.00000000000000000E+00  0.00000000000000000E+00  3.12939234245992049E-04
5.02000000000000796E-03  0.00000000000000000E+00  0.00000000000000000E+00  4.41366362639357412E-01  0.00000000000000000E+00  0.00000000000000000E+00  0.00000000000000000E+00  3.13814649150522332E-04
5.06000000000000807E-03  0.00000000000000000E+00  0.00000000000000000E+00  4.44683773240446611E-01  0.00000000000000000E+00  0.00000000000000000E+00  0.00000000000000000E+00  3.18768173329033616E-04
5.10000000000000904E-03  0.00000000000000000E+00  0.00000000000000000E+00  4.47911244698949718E-01  0.00000000000000000E+00  0.00000000000000000E+00  0.00000000000000000E+00  3.28696525391001713E-04
5.14000000000000654E-03  0.00000000000000000E+00  0.00000000000000000E+00  4.51379076759794384E-01  0.00000000000000000E+00  0.00000000000000000E+00  0.00000000000000000E+00  3.30742197443299312E-04
5.18000000000000925E-03  0.00000000000000000E+00  0.00000000000000000E+00  4.54881812413194087E-01  0.00000000000000000E+00  0.00000000000000000E+00  0.00000000000000000E+00  3.33339467220265069E-04
5.22000000000000502E-03  0.00000000000000000E+00  0.00000000000000000E+00  4.58170477294716716E-01  0.00000000000000000E+00  0.00000000000000000E+00  0.00000000000000000E+00  3.19634856947804285E-04
5.26000000000001380E-03  0.00000000000000000E+00  0.00000000000000000E+00  4.60360249920223064E-01  0.00000000000000000E+00  0.00000000000000000E+00  0.00000000000000000E+00  3.59499319201088353E-04
5.30000000000001043E-03  0.00000000000000000E+00  0.00000000000000000E+00  4.63062240778433887E-01  0.00000000000000000E+00  0.00000000000000000E+00  0.00000000000000000E+00  3.68990438491523937E-04
5.34000000000001227E-03  0.00000000000000000E+00  0.00000000000000000E+00  4.66307926541421058E-01  0.00000000000000000E+00  0.00000000000000000E+00  0.00000000000000000E+00  3.84555419729910571E-04
5.38000000000001238E-03  0.00000000000000000E+00  0.00000000000000000E+00  4.69759198655342769E-01  0.00000000000000000E+00  0.00000000000000000E+00  0.00000000000000000E+00  3.87392602951367186E-04
5.42000000000001075E-03  0.00000000000000000E+00  0.00000000000000000E+00  4.73171731631048309E-01  0.00000000000000000E+00  0.00000000000000000E+00  0.00000000000000000E+00  3.90321212653532050E-04
5.46000000000001779E-03  0.00000000000000000E+00  0.00000000000000000E+00  4.76337714233488141E-01  0.00000000000000000E+00  0.00000000000000000E+00  0.00000000000000000E+00  4.01540244068407989E-04
5.50000000000001616E-03  0.00000000000000000E+00  0.00000000000000000E+00  4.79819793843387299E-01  0.00000000000000000E+00  0.00000000000000000E+00  0.00000000000000000E+00  4.04492334239946920E-04
5.54000000000001713E-03  0.00000000000000000E+00  0.00000000000000000E+00  4.82920504897394576E-01  0.00000000000000000E+00  0.00000000000000000E+00  0.00000000000000000E+00  4.26524567653492528E-04
5.58000000000001811E-03  0.00000000000000000E+00  0.00000000000000000E+00  4.86102864334894191E-01  0.00000000000000000E+00  0.00000000000000000E+00  0.00000000000000000E+00  4.27281972270126501E-04
5.62000000000001474E-03  0.00000000000000000E+00  0.00000000000000000E+00  4.88750854417797864E-01  0.00000000000000000E+00  0.00000000000000000E+00  0.00000000000000000E+00  4.17553051229441023E-04
5.66000000000001745E-03  0.00000000000000000E+00  0.00000000000000000E+00  4.92218680125075081E-01  0.00000000000000000E+00  0.00000000000000000E+00  0.00000000000000000E+00  4.18628200632342436E-04
5.70000000000001322E-03  0.00000000000000000E+00  0.00000000000000000E+00  4.95341026648947358E-01  0.00000000000000000E+00  0.00000000000000000E+00  0.00000000000000000E+00  4.02674436050114474E-04
5.74000000000002113E-03  0.00000000000000000E+00  0.00000000000000000E+00  4.98455638157976610E-01  0.00000000000000000E+00  0.00000000000000000E+00  0.00000000000000000E+00  4.03512468894236774E-04
5.78000000000001690E-03  0.00000000000000000E+00  0.00000000000000000E+00  5.01653155012989238E-01  0.00000000000000000E+00  0.00000000000000000E+00  0.00000000000000000E+00  4.04525034792954522E-04
5.82000000000002047E-03  0.00000000000000000E+00  0.00000000000000000E+00  5.04619701479752991E-01  0.00000000000000000E+00  0.00000000000000000E+00  0.00000000000000000E+00  3.91327422644005476E-04
5.86000000000002404E-03  0.00000000000000000E+00  0.00000000000000000E+00  5.04180312219170701E-01  0.00000000000000000E+00  0.00000000000000000E+00  0.00000000000000000E+00  4.28324117584220464E-04
5.90000000000001894E-03  0.00000000000000000E+00  0.00000000000000000E+00  5.07619602017789662E-01  0.00000000000000000E+00  0.00000000000000000E+00  0.00000000000000000E+00  4.28655619675786820E-04
5.94000000000002599E-03  0.00000000000000000E+00  0.00000000000000000E+00  5.10996406240411427E-01  0.00000000000000000E+00  0.00000000000000000E+00  0.00000000000000000E+00  4.32692243690373907E-04
5.98000000000002089E-03  0.00000000000000000E+00  0.00000000000000000E+00  5.13102289358460362E-01  0.00000000000000000E+00  0.00000000000000000E+00  0.00000000000000000E+00  4.34083087641700142E-04
6.02000000000002446E-03  0.00000000000000000E+00  0.00000000000000000E+00  5.14934083769302720E-01  0.00000000000000000E+00  0.00000000000000000E+00  0.00000000000000000E+00  4.36963560684199709E-04
6.06000000000001936E-03  0.00000000000000000E+00  0.00000000000000000E+00  5.18062615334272891E-01  0.00000000000000000E+00  0.00000000000000000E+00  0.00000000000000000E+00  4.36486053210628213E-04
6.10000000000002120E-03  0.00000000000000000E+00  0.00000000000000000E+00  5.21382330273168160E-01  0.00000000000000000E+00  0.00000000000000000E+00  0.00000000000000000E+00  4.29602742607836563E-04
6.14000000000002478E-03  0.00000000000000000E+00  0.00000000000000000E+00  5.24795141234266072E-01  0.00000000000000000E+00  0.00000000000000000E+00  0.00000000000000000E+00  4.33331102316134259E-04
6.18000000000001968E-03  0.00000000000000000E+00  0.00000000000000000E+00  5.27960111273765298E-01  0.00000000000000000E+00  0.00000000000000000E+00  0.00000000000000000E+00  4.29031313673364537E-04
6.22000000000002152E-03  0.00000000000000000E+00  0.00000000000000000E+00  5.31370966863034866E-01  0.00000000000000000E+00  0.00000000000000000E+00  0.00000000000000000E+00  4.31783995893810272E-04
6.26000000000001642E-03  0.00000000000000000E+00  0.00000000000000000E+00  5.34783025949003066E-01  0.00000000000000000E+00  0.00000000000000000E+00  0.00000000000000000E+00  4.34577742058822115E-04
6.30000000000001913E-03  0.00000000000000000E+00  0.00000000000000000E+00  5.38194809280068576E-01  0.00000000000000000E+00  0.00000000000000000E+00  0.00000000000000000E+00  4.37384542652497887E-04
6.34000000000001403E-03  0.00000000000000000E+00  0.00000000000000000E+00  5.41565867383563937E-01  0.00000000000000000E+00  0.00000000000000000E+00  0.00000000000000000E+00  4.39210585935976921E-04
6.38000000000001673E-03  0.00000000000000000E+00  0.00000000000000000E+00  5.44772388810975117E-01  0.00000000000000000E+00  0.00000000000000000E+00  0.00000000000000000E+00  4.42517778760955535E-04
6.42000000000001077E-03  0.00000000000000000E+00  0.00000000000000000E+00  5.47500761618615273E-01  0.00000000000000000E+00  0.00000000000000000E+00  0.00000000000000000E+00  4.39767092906388996E-04
6.46000000000001955E-03  0.00000000000000000E+00  0.00000000000000000E+00  5.50574432370145361E-01  0.00000000000000000E+00  0.00000000000000000E+00  0.00000000000000000E+00  4.31289666404609674E-04
6.50000000000001358E-03  0.00000000000000000E+00  0.00000000000000000E+00  5.53629743572173538E-01  0.00000000000000000E+00  0.00000000000000000E+00  0.00000000000000000E+00  4.59733945997658393E-04
6.54000000000001715E-03  0.00000000000000000E+00  0.00000000000000000E+00  5.54748495448398216E-01  0.00000000000000000E+00  0.00000000000000000E+00  0.00000000000000000E+00  4.54487683251167396E-04
6.58000000000002073E-03  0.00000000000000000E+00  0.00000000000000000E+00  5.58105426480493105E-01  0.00000000000000000E+00  0.00000000000000000E+00  0.00000000000000000E+00  4.54049827377861796E-04
6.62000000000001563E-03  0.00000000000000000E+00  0.00000000000000000E+00  5.59741873891764663E-01  0.00000000000000000E+00  0.00000000000000000E+00  0.00000000000000000E+00  4.79669587723059623E-04
6.66000000000001834E-03  0.00000000000000000E+00  0.00000000000000000E+00  5.62426388131841093E-01  0.00000000000000000E+00  0.00000000000000000E+00  0.00000000000000000E+00  4.82221127647815186E-04
6.70000000000001237E-03  0.00000000000000000E+00  0.00000000000000000E+00  5.65802373408814896E-01  0.00000000000000000E+00  0.00000000000000000E+00  0.00000000000000000E+00  4.85376140555356236E-04
6.74000000000001681E-03  0.00000000000000000E+00  0.00000000000000000E+00  5.68640245306293424E-01  0.00000000000000000E+00  0.00000000000000000E+00  0.00000000000000000E+00  4.98767190376975256E-04
6.78000000000000998E-03  0.00000000000000000E+00  0.00000000000000000E+00  5.72010882986991098E-01  0.00000000000000000E+00  0.00000000000000000E+00  0.00000000000000000E+00  5.02278658022842044E-04
6.82000000000001355E-03  0.00000000000000000E+00  0.00000000000000000E+00  5.75375768250310671E-01  0.00000000000000000E+00  0.00000000000000000E+00  0.00000000000000000E+00  5.06603789359480776E-04
6.86000000000000672E-03  0.00000000000000000E+00  0.00000000000000000E+00  5.78748638178173791E-01  0.00000000000000000E+00  0.00000000000000000E+00  0.00000000000000000E+00  5.01719246949847045E-04
6.90000000000001463E-03  0.00000000000000000E+00  0.00000000000000000E+00  5.82114228274955847E-01  0.00000000000000000E+00  0.00000000000000000E+00  0.00000000000000000E+00  5.06874283115118954E-04
6.94000000000000433E-03  0.00000000000000000E+00  0.00000000000000000E+00  5.85325986291100331E-01  0.00000000000000000E+00  0.00000000000000000E+00  0.00000000000000000E+00  5.11919719261719414E-04
6.98000000000001224E-03  0.00000000000000000E+00  0.00000000000000000E+00  5.88653153137511098E-01  0.00000000000000000E+00  0.00000000000000000E+00  0.00000000000000000E+00  5.07728021974117013E-04
7.02000000000000540E-03  0.00000000000000000E+00  0.00000000000000000E+00  5.90074336093542984E-01  0.00000000000000000E+00  0.00000000000000000E+00  0.00000000000000000E+00  4.55695673629902612E-04
7.06000000000000898E-03  0.00000000000000000E+00  0.00000000000000000E+00  5.93429121359530187E-01  0.00000000000000000E+00  0.00000000000000000E+00  0.00000000000000000E+00  4.50773164225633000E-04
7.10000000000000301E-03  0.00000000000000000E+00  0.00000000000000000E+00  5.77448841025408610E-01  0.00000000000000000E+00  0.00000000000000000E+00  0.00000000000000000E+00  4.02313046225679922E-04
7.14000000000000658E-03  0.00000000000000000E+00  0.00000000000000000E+00  5.80701854378219751E-01  0.00000000000000000E+00  0.00000000000000000E+00  0.00000000000000000E+00  3.98904387419058153E-04
7.18000000000001189E-03  0.00000000000000000E+00  0.00000000000000000E+00  5.83954773930250526E-01  0.00000000000000000E+00  0.00000000000000000E+00  0.00000000000000000E+00  4.08531327210410631E-04
7.22000000000000506E-03  0.00000000000000000E+00  0.00000000000000000E+00  5.87207607828078904E-01  0.00000000000000000E+00  0.00000000000000000E+00  0.00000000000000000E+00  4.72171268475885637E-04
7.26000000000000863E-03  0.00000000000000000E+00  0.00000000000000000E+00  5.90460441745438880E-01  0.00000000000000000E+00  0.00000000000000000E+00  0.00000000000000000E+00  4.68118338939280565E-04
7.30000000000000180E-03  0.00000000000000000E+00  0.00000000000000000E+00  5.93713275642492544E-01  0.00000000000000000E+00  0.00000000000000000E+00  0.00000000000000000E+00  4.62280039523106656E-04
7.34000000000000537E-03  0.00000000000000000E+00  0.00000000000000000E+00  5.96966109539376233E-01  0.00000000000000000E+00  0.00000000000000000E+00  0.00000000000000000E+00  4.73804535730951496E-04
7.37999999999999854E-03  0.00000000000000000E+00  0.00000000000000000E+00  6.00218913788551411E-01  0.00000000000000000E+00  0.00000000000000000E+00  0.00000000000000000E+00  4.75567559656902400E-04
7.42000000000000211E-03  0.00000000000000000E+00  0.00000000000000000E+00  6.03471324939329978E-01  0.00000000000000000E+00  0.00000000000000000E+00  0.00000000000000000E+00  4.71116661862105643E-04
7.45999999999999528E-03  0.00000000000000000E+00  0.00000000000000000E+00  6.01921278652859604E-01  0.00000000000000000E+00  0.00000000000000000E+00  0.00000000000000000E+00  3.16679236369521661E-04
7.49999999999999972E-03  0.00000000000000000E+00  0.00000000000000000E+00  5.57015777425546088E-01  0.00000000000000000E+00  0.00000000000000000E+00  0.00000000000000000E+00  5.51391695048570490E-04
7.54000000000001110E-03  0.00000000000000000E+00  0.00000000000000000E+00  5.55857803657150540E-01  0.00000000000000000E+00  0.00000000000000000E+00  0.00000000000000000E+00  4.99440772330645268E-04
7.58000000000000427E-03  0.00000000000000000E+00  0.00000000000000000E+00  5.58753642803008543E-01  0.00000000000000000E+00  0.00000000000000000E+00  0.00000000000000000E+00  4.82874422459395210E-04
7.62000000000000784E-03  0.00000000000000000E+00  0.00000000000000000E+00  5.61701441965638093E-01  0.00000000000000000E+00  0.00000000000000000E+00  0.00000000000000000E+00  4.86245836268824484E-04
7.66000000000000101E-03  0.00000000000000000E+00  0.00000000000000000E+00  5.64649116478593616E-01  0.00000000000000000E+00  0.00000000000000000E+00  0.00000000000000000E+00  4.88356062118472161E-04
7.70000000000000458E-03  0.00000000000000000E+00  0.00000000000000000E+00  5.67596835889689677E-01  0.00000000000000000E+00  0.00000000000000000E+00  0.00000000000000000E+00  4.91533558150006517E-04
7.73999999999999775E-03  0.00000000000000000E+00  0.00000000000000000E+00  5.70544555352492710E-01  0.00000000000000000E+00  0.00000000000000000E+00  0.00000000000000000E+00  4.94715234441711225E-04
7.78000000000000306E-03  0.00000000000000000E+00  0.00000000000000000E+00  5.73492174861328197E-01  0.00000000000000000E+00  0.00000000000000000E+00  0.00000000000000000E+00  4.97891273339077264E-04
7.81999999999999536E-03  0.00000000000000000E+00  0.00000000000000000E+00  5.76439378951193571E-01  0.00000000000000000E+00  0.00000000000000000E+00  0.00000000000000000E+00  5.00986383816982893E-04
7.86000000000000067E-03  0.00000000000000000E+00  0.00000000000000000E+00  5.79386588874379327E-01  0.00000000000000000E+00  0.00000000000000000E+00  0.00000000000000000E+00  5.04335723221462063E-04
7.89999999999999210E-03  0.00000000000000000E+00  0.00000000000000000E+00  5.81956315971919769E-01  0.00000000000000000E+00  0.00000000000000000E+00  0.00000000000000000E+00  5.48823905990477668E-04
7.94000000000000088E-03  0.00000000000000000E+00  0.00000000000000000E+00  5.84626971477544610E-01  0.00000000000000000E+00  0.00000000000000000E+00  0.00000000000000000E+00  5.88951016665229627E-04
7.97999999999998884E-03  0.00000000000000000E+00  0.00000000000000000E+00  5.87570635046076650E-01  0.00000000000000000E+00  0.00000000000000000E+00  0.00000000000000000E+00  5.92471192790720684E-04
8.01999999999999762E-03  0.00000000000000000E+00  0.00000000000000000E+00  5.90514465234615593E-01  0.00000000000000000E+00  0.00000000000000000E+00  0.00000000000000000E+00  5.97375775455616853E-04
8.05999999999998558E-03  0.00000000000000000E+00  0.00000000000000000E+00  5.93458203755352853E-01  0.00000000000000000E+00  0.00000000000000000E+00  0.00000000000000000E+00  5.99770483252916103E-04
8.09999999999999436E-03  0.00000000000000000E+00  0.00000000000000000E+00  5.96401942091441928E-01  0.00000000000000000E+00  0.00000000000000000E+00  0.00000000000000000E+00  5.84361010639639598E-04
8.13999999999998579E-03  0.00000000000000000E+00  0.00000000000000000E+00  5.99223242157796765E-01  0.00000000000000000E+00  0.00000000000000000E+00  0.00000000000000000E+00  5.97033823413361869E-04
8.17999999999999110E-03  0.00000000000000000E+00  0.00000000000000000E+00  6.02166379321054435E-01  0.00000000000000000E+00  0.00000000000000000E+00  0.00000000000000000E+00  5.99860893428857825E-04
8.21999999999998253E-03  0.00000000000000000E+00  0.00000000000000000E+00  6.05109516269943803E-01  0.00000000000000000E+00  0.00000000000000000E+00  0.00000000000000000E+00  6.04776706094170232E-04
8.25999999999998784E-03  0.00000000000000000E+00  0.00000000000000000E+00  6.08052653382700536E-01  0.00000000000000000E+00  0.00000000000000000E+00  0.00000000000000000E+00  6.11823952016114976E-04
8.29999999999998100E-03  0.00000000000000000E+00  0.00000000000000000E+00  6.10969990757319836E-01  0.00000000000000000E+00  0.00000000000000000E+00  0.00000000000000000E+00  6.17436398341438355E-04
8.33999999999998458E-03  0.00000000000000000E+00  0.00000000000000000E+00  6.13913336760900097E-01  0.00000000000000000E+00  0.00000000000000000E+00  0.00000000000000000E+00  6.05178241216592868E-04
8.37999999999997774E-03  0.00000000000000000E+00  0.00000000000000000E+00  6.16856701636646854E-01  0.00000000000000000E+00  0.00000000000000000E+00  0.00000000000000000E+00  6.08498501563821685E-04
8.41999999999998132E-03  0.00000000000000000E+00  0.00000000000000000E+00  6.19800045356545537E-01  0.00000000000000000E+00  0.00000000000000000E+00  0.00000000000000000E+00  6.11828179405054314E-04
8.45999999999997448E-03  0.00000000000000000E+00  0.00000000000000000E+00  6.22743331825215574E-01  0.00000000000000000E+00  0.00000000000000000E+00  0.00000000000000000E+00  6.11474885120191097E-04
8.49999999999997806E-03  0.00000000000000000E+00  0.00000000000000000E+00  6.25686674864255776E-01  0.00000000000000000E+00  0.00000000000000000E+00  0.00000000000000000E+00  6.14901732090675462E-04
8.53999999999997123E-03  0.00000000000000000E+00  0.00000000000000000E+00  6.28630055215651962E-01  0.00000000000000000E+00  0.00000000000000000E+00  0.00000000000000000E+00  6.06647178221021905E-04
8.57999999999997480E-03  0.00000000000000000E+00  0.00000000000000000E+00  6.31448493511181264E-01  0.00000000000000000E+00  0.00000000000000000E+00  0.00000000000000000E+00  6.00016028926081131E-04
8.61999999999996797E-03  0.00000000000000000E+00  0.00000000000000000E+00  6.34391219382430704E-01  0.00000000000000000E+00  0.00000000000000000E+00  0.00000000000000000E+00  5.91995745742506050E-04
8.65999999999997154E-03  0.00000000000000000E+00  0.00000000000000000E+00  6.36888719999655684E-01  0.00000000000000000E+00  0.00000000000000000E+00  0.00000000000000000E+00  6.85172409107306143E-04
8.69999999999996471E-03  0.00000000000000000E+00  0.00000000000000000E+00  6.39829237363437220E-01  0.00000000000000000E+00  0.00000000000000000E+00  0.00000000000000000E+00  6.87798901262596444E-04
8.73999999999996828E-03  0.00000000000000000E+00  0.00000000000000000E+00  6.42769489717134324E-01  0.00000000000000000E+00  0.00000000000000000E+00  0.00000000000000000E+00  6.89530173403103230E-04
8.77999999999995971E-03  0.00000000000000000E+00  0.00000000000000000E+00  6.44826391791500919E-01  0.00000000000000000E+00  0.00000000000000000E+00  0.00000000000000000E+00  7.35677360239134432E-04
8.81999999999996502E-03  0.00000000000000000E+00  0.00000000000000000E+00  6.47737720698930985E-01  0.00000000000000000E+00  0.00000000000000000E+00  0.00000000000000000E+00  7.37674072878048985E-04
8.85999999999995298E-03  0.00000000000000000E+00  0.00000000000000000E+00  6.50673206341883192E-01  0.00000000000000000E+00  0.00000000000000000E+00  0.00000000000000000E+00  7.64198767473886530E-04
8.89999999999996176E-03  0.00000000000000000E+00  0.00000000000000000E+00  6.53609155330176161E-01  0.00000000000000000E+00  0.00000000000000000E+00  0.00000000000000000E+00  7.66830677973956193E-04
8.93999999999995319E-03  0.00000000000000000E+00  0.00000000000000000E+00  6.56485217199407112E-01  0.00000000000000000E+00  0.00000000000000000E+00  0.00000000000000000E+00  7.66872125458750416E-04
8.97999999999995850E-03  0.00000000000000000E+00  0.00000000000000000E+00  6.59420315927234935E-01  0.00000000000000000E+00  0.00000000000000000E+00  0.00000000000000000E+00  7.69526143228914817E-04
9.01999999999994993E-03  0.00000000000000000E+00  0.00000000000000000E+00  6.62355542615382875E-01  0.00000000000000000E+00  0.00000000000000000E+00  0.00000000000000000E+00  7.71624599468351421E-04
9.05999999999995524E-03  0.00000000000000000E+00  0.00000000000000000E+00  6.65288136264879704E-01  0.00000000000000000E+00  0.00000000000000000E+00  0.00000000000000000E+00  7.73932918775253214E-04
9.09999999999994667E-03  0.00000000000000000E+00  0.00000000000000000E+00  6.67785476528964916E-01  0.00000000000000000E+00  0.00000000000000000E+00  0.00000000000000000E+00  7.79119772919574147E-04
9.13999999999995198E-03  0.00000000000000000E+00  0.00000000000000000E+00  6.70684990529433867E-01  0.00000000000000000E+00  0.00000000000000000E+00  0.00000000000000000E+00  7.82569670365268174E-04
9.17999999999995729E-03  0.00000000000000000E+00  0.00000000000000000E+00  6.73375619882981113E-01  0.00000000000000000E+00  0.00000000000000000E+00  0.00000000000000000E+00  8.16466984257175287E-04
9.21999999999995046E-03  0.00000000000000000E+00  0.00000000000000000E+00  6.76201731771519765E-01  0.00000000000000000E+00  0.00000000000000000E+00  0.00000000000000000E+00  8.25324983929262611E-04
9.25999999999994362E-03  0.00000000000000000E+00  0.00000000000000000E+00  6.79134045757497806E-01  0.00000000000000000E+00  0.00000000000000000E+00  0.00000000000000000E+00  8.13734080291763457E-04
9.29999999999994720E-03  0.00000000000000000E+00  0.00000000000000000E+00  6.82066330915252150E-01  0.00000000000000000E+00  0.00000000000000000E+00  0.00000000000000000E+00  8.16841749346057544E-04
9.33999999999995077E-03  0.00000000000000000E+00  0.00000000000000000E+00  6.84998700524509396E-01  0.00000000000000000E+00  0.00000000000000000E+00  0.00000000000000000E+00  8.18635297282560722E-04
9.37999999999994394E-03  0.00000000000000000E+00  0.00000000000000000E+00  6.87898618901724990E-01  0.00000000000000000E+00  0.00000000000000000E+00  0.00000000000000000E+00  8.19538602468793684E-04
9.41999999999993710E-03  0.00000000000000000E+00  0.00000000000000000E+00  6.90765566186990254E-01  0.00000000000000000E+00  0.00000000000000000E+00  0.00000000000000000E+00  8.25931563926536236E-04
9.45999999999994068E-03  0.00000000000000000E+00  0.00000000000000000E+00  6.93698272346139455E-01  0.00000000000000000E+00  0.00000000000000000E+00  0.00000000000000000E+00  8.30426310059022722E-04
9.49999999999994425E-03  0.00000000000000000E+00  0.00000000000000000E+00  6.96631115261045153E-01  0.00000000000000000E+00  0.00000000000000000E+00  0.00000000000000000E+00  8.33399538492484620E-04
9.53999999999993742E-03  0.00000000000000000E+00  0.00000000000000000E+00  6.99515321240918642E-01  0.00000000000000000E+00  0.00000000000000000E+00  0.00000000000000000E+00  8.38351071394463567E-04
9.57999999999993058E-03  0.00000000000000000E+00  0.00000000000000000E+00  7.01926871516846629E-01  0.00000000000000000E+00  0.00000000000000000E+00  0.00000000000000000E+00  8.64839076360033807E-04
9.61999999999993416E-03  0.00000000000000000E+00  0.00000000000000000E+00  7.04831293093550970E-01  0.00000000000000000E+00  0.00000000000000000E+00  0.00000000000000000E+00  8.70966408524787277E-04
9.65999999999994120E-03  0.00000000000000000E+00  0.00000000000000000E+00  7.07761712020406497E-01  0.00000000000000000E+00  0.00000000000000000E+00  0.00000000000000000E+00  8.75061700395457888E-04
9.69999999999993090E-03  0.00000000000000000E+00  0.00000000000000000E+00  7.10692146667453395E-01  0.00000000000000000E+00  0.00000000000000000E+00  0.00000000000000000E+00  8.63702708289459465E-04
