0.00000000000000000E+00  0.00000000000000000E+00  0.00000000000000000E+00  0.00000000000000000E+00  0.00000000000000000E+00  0.00000000000000000E+00  0.00000000000000000E+00  0.00000000000000000E+00
9.99999999999999641E-05  0.00000000000000000E+00  0.00000000000000000E+00  5.60297519988987025E-02  0.00000000000000000E+00  0.00000000000000000E+00  0.00000000000000000E+00  0.00000000000000000E+00
1.39999999999999961E-04  0.00000000000000000E+00  0.00000000000000000E+00  6.68412474589977768E-02  0.00000000000000000E+00  0.00000000000000000E+00  0.00000000000000000E+00  0.00000000000000000E+00
1.80000000000000174E-04  0.00000000000000000E+00  0.00000000000000000E+00  7.35439569595608827E-02  0.00000000000000000E+00  0.00000000000000000E+00  0.00000000000000000E+00  0.00000000000000000E+00
2.19999999999999927E-04  0.00000000000000000E+00  0.00000000000000000E+00  7.78314915867694690E-02  0.00000000000000000E+00  0.00000000000000000E+00  0.00000000000000000E+00  0.00000000000000000E+00
2.59999999999999869E-04  0.00000000000000000E+00  0.00000000000000000E+00  8.42722935155492958E-02  0.00000000000000000E+00  0.00000000000000000E+00  0.00000000000000000E+00  0.00000000000000000E+00
2.99999999999999865E-04  0.00000000000000000E+00  0.00000000000000000E+00  8.56960342981753914E-02  0.00000000000000000E+00  0.00000000000000000E+00  0.00000000000000000E+00  0.00000000000000000E+00
3.39999999999999970E-04  0.00000000000000000E+00  0.00000000000000000E+00  8.87253117779865097E-02  0.00000000000000000E+00  0.00000000000000000E+00  0.00000000000000000E+00  0.00000000000000000E+00
3.79999999999999967E-04  0.00000000000000000E+00  0.00000000000000000E+00  8.88677795973310120E-02  0.00000000000000000E+00  0.00000000000000000E+00  0.00000000000000000E+00  0.00000000000000000E+00
4.19999999999999801E-04  0.00000000000000000E+00  0.00000000000000000E+00  9.41327653234767525E-02  0.00000000000000000E+00  0.00000000000000000E+00  0.00000000000000000E+00  0.00000000000000000E+00
4.59999999999999851E-04  0.00000000000000000E+00  0.00000000000000000E+00  9.51283734575693873E-02  0.00000000000000000E+00  0.00000000000000000E+00  0.00000000000000000E+00  0.00000000000000000E+00
5.00000000000000010E-04  0.00000000000000000E+00  0.00000000000000000E+00  9.49570721179493066E-02  0.00000000000000000E+00  0.00000000000000000E+00  0.00000000000000000E+00  0.00000000000000000E+00
5.40000000000000115E-04  0.00000000000000000E+00  0.00000000000000000E+00  9.65589461092422469E-02  0.00000000000000000E+00  0.00000000000000000E+00  0.00000000000000000E+00  0.00000000000000000E+00
5.80000000000000329E-04  0.00000000000000000E+00  0.00000000000000000E+00  1.00391575826829921E-01  0.00000000000000000E+00  0.00000000000000000E+00  0.00000000000000000E+00  0.00000000000000000E+00
6.20000000000000217E-04  0.00000000000000000E+00  0.00000000000000000E+00  1.00958638625956290E-01  0.00000000000000000E+00  0.00000000000000000E+00  0.00000000000000000E+00  0.00000000000000000E+00
6.60000000000000538E-04  0.00000000000000000E+00  0.00000000000000000E+00  1.02180694841015662E-01  0.00000000000000000E+00  0.00000000000000000E+00  0.00000000000000000E+00  0.00000000000000000E+00
6.99999999999999342E-04  0.00000000000000000E+00  0.00000000000000000E+00  1.04118733531535765E-01  0.00000000000000000E+00  0.00000000000000000E+00  0.00000000000000000E+00  0.00000000000000000E+00
7.40000000000001074E-04  0.00000000000000000E+00  0.00000000000000000E+00  1.03992103350354206E-01  0.00000000000000000E+00  0.00000000000000000E+00  0.00000000000000000E+00  0.00000000000000000E+00
7.80000000000001721E-04  0.00000000000000000E+00  0.00000000000000000E+00  1.07276721785041038E-01  0.00000000000000000E+00  0.00000000000000000E+00  0.00000000000000000E+00  0.00000000000000000E+00
8.20000000000001500E-04  0.00000000000000000E+00  0.00000000000000000E+00  1.10056099648587646E-01  0.00000000000000000E+00  0.00000000000000000E+00  0.00000000000000000E+00  0.00000000000000000E+00
8.60000000000002256E-04  0.00000000000000000E+00  0.00000000000000000E+00  1.12326490528710562E-01  0.00000000000000000E+00  0.00000000000000000E+00  0.00000000000000000E+00  0.00000000000000000E+00
9.00000000000001710E-04  0.00000000000000000E+00  0.00000000000000000E+00  1.15158000608944877E-01  0.00000000000000000E+00  0.00000000000000000E+00  0.00000000000000000E+00  0.00000000000000000E+00
9.40000000000002574E-04  0.00000000000000000E+00  0.00000000000000000E+00  1.18569099106689141E-01  0.00000000000000000E+00  0.00000000000000000E+00  0.00000000000000000E+00  0.00000000000000000E+00
9.80000000000001920E-04  0.00000000000000000E+00  0.00000000000000000E+00  1.20985165514473830E-01  0.00000000000000000E+00  0.00000000000000000E+00  0.00000000000000000E+00  0.00000000000000000E+00
1.02000000000000116E-03  0.00000000000000000E+00  0.00000000000000000E+00  1.24600195620829912E-01  0.00000000000000000E+00  0.00000000000000000E+00  0.00000000000000000E+00  0.00000000000000000E+00
1.06000000000000170E-03  0.00000000000000000E+00  0.00000000000000000E+00  1.27809165524699592E-01  0.00000000000000000E+00  0.00000000000000000E+00  0.00000000000000000E+00  0.00000000000000000E+00
1.10000000000000050E-03  0.00000000000000000E+00  0.00000000000000000E+00  1.31183393533464393E-01  0.00000000000000000E+00  0.00000000000000000E+00  0.00000000000000000E+00  0.00000000000000000E+00
1.14000000000000147E-03  0.00000000000000000E+00  0.00000000000000000E+00  1.34681135060507245E-01  0.00000000000000000E+00  0.00000000000000000E+00  0.00000000000000000E+00  0.00000000000000000E+00
1.18000000000000071E-03  0.00000000000000000E+00  0.00000000000000000E+00  1.36588741647939466E-01  0.00000000000000000E+00  0.00000000000000000E+00  0.00000000000000000E+00  0.00000000000000000E+00
1.22000000000000125E-03  0.00000000000000000E+00  0.00000000000000000E+00  1.39812185516898696E-01  0.00000000000000000E+00  0.00000000000000000E+00  0.00000000000000000E+00  0.00000000000000000E+00
1.26000000000000027E-03  0.00000000000000000E+00  0.00000000000000000E+00  1.42888765590039740E-01  0.00000000000000000E+00  0.00000000000000000E+00  0.00000000000000000E+00  0.00000000000000000E+00
1.30000000000000037E-03  0.00000000000000000E+00  0.00000000000000000E+00  1.46523764831205577E-01  0.00000000000000000E+00  0.00000000000000000E+00  0.00000000000000000E+00  0.00000000000000000E+00
1.34000000000000070E-03  0.00000000000000000E+00  0.00000000000000000E+00  1.50308395589541371E-01  0.00000000000000000E+00  0.00000000000000000E+00  0.00000000000000000E+00  0.00000000000000000E+00
1.37999999999999993E-03  0.00000000000000000E+00  0.00000000000000000E+00  1.53806239835535707E-01  0.00000000000000000E+00  0.00000000000000000E+00  0.00000000000000000E+00  0.00000000000000000E+00
1.42000000000000047E-03  0.00000000000000000E+00  0.00000000000000000E+00  1.56376507577482227E-01  0.00000000000000000E+00  0.00000000000000000E+00  0.00000000000000000E+00  0.00000000000000000E+00
1.46000000000000079E-03  0.00000000000000000E+00  0.00000000000000000E+00  1.59417885006572002E-01  0.00000000000000000E+00  0.00000000000000000E+00  0.00000000000000000E+00  0.00000000000000000E+00
1.50000000000000112E-03  0.00000000000000000E+00  0.00000000000000000E+00  1.62306751221188372E-01  0.00000000000000000E+00  0.00000000000000000E+00  0.00000000000000000E+00  0.00000000000000000E+00
1.53999999999999992E-03  0.00000000000000000E+00  0.00000000000000000E+00  1.65059982576470810E-01  0.00000000000000000E+00  0.00000000000000000E+00  0.00000000000000000E+00  0.00000000000000000E+00
1.58000000000000002E-03  0.00000000000000000E+00  0.00000000000000000E+00  1.68523506124323763E-01  0.00000000000000000E+00  0.00000000000000000E+00  0.00000000000000000E+00  0.00000000000000000E+00
1.61999999999999883E-03  0.00000000000000000E+00  0.00000000000000000E+00  1.72421120969603187E-01  0.00000000000000000E+00  0.00000000000000000E+00  0.00000000000000000E+00  0.00000000000000000E+00
1.66000000000000002E-03  0.00000000000000000E+00  0.00000000000000000E+00  1.76350243911662541E-01  0.00000000000000000E+00  0.00000000000000000E+00  0.00000000000000000E+00  0.00000000000000000E+00
1.69999999999999991E-03  0.00000000000000000E+00  0.00000000000000000E+00  1.79561889796318180E-01  0.00000000000000000E+00  0.00000000000000000E+00  0.00000000000000000E+00  0.00000000000000000E+00
1.73999999999999871E-03  0.00000000000000000E+00  0.00000000000000000E+00  1.83020615962509403E-01  0.00000000000000000E+00  0.00000000000000000E+00  0.00000000000000000E+00  0.00000000000000000E+00
1.77999999999999881E-03  0.00000000000000000E+00  0.00000000000000000E+00  1.86090379853345644E-01  0.00000000000000000E+00  0.00000000000000000E+00  0.00000000000000000E+00  0.00000000000000000E+00
1.82000000000000022E-03  0.00000000000000000E+00  0.00000000000000000E+00  1.90145088807685270E-01  0.00000000000000000E+00  0.00000000000000000E+00  0.00000000000000000E+00  0.00000000000000000E+00
1.86000000000000011E-03  0.00000000000000000E+00  0.00000000000000000E+00  1.92530208886344117E-01  0.00000000000000000E+00  0.00000000000000000E+00  0.00000000000000000E+00  0.00000000000000000E+00
1.89999999999999870E-03  0.00000000000000000E+00  0.00000000000000000E+00  1.96457475725897474E-01  0.00000000000000000E+00  0.00000000000000000E+00  0.00000000000000000E+00  0.00000000000000000E+00
1.93999999999999750E-03  0.00000000000000000E+00  0.00000000000000000E+00  1.99506837414259536E-01  0.00000000000000000E+00  0.00000000000000000E+00  0.00000000000000000E+00  0.00000000000000000E+00
1.97999999999999609E-03  0.00000000000000000E+00  0.00000000000000000E+00  2.03263141379740719E-01  0.00000000000000000E+00  0.00000000000000000E+00  0.00000000000000000E+00  0.00000000000000000E+00
2.01999999999999446E-03  0.00000000000000000E+00  0.00000000000000000E+00  2.05666469804406005E-01  0.00000000000000000E+00  0.00000000000000000E+00  0.00000000000000000E+00  0.00000000000000000E+00
2.05999999999999456E-03  0.00000000000000000E+00  0.00000000000000000E+00  2.09351925891285484E-01  0.00000000000000000E+00  0.00000000000000000E+00  0.00000000000000000E+00  5.03586022306294886E-05
2.09999999999999727E-03  0.00000000000000000E+00  0.00000000000000000E+00  2.12423558053980527E-01  0.00000000000000000E+00  0.00000000000000000E+00  0.00000000000000000E+00  5.18407201199088245E-05
2.13999999999999564E-03  0.00000000000000000E+00  0.00000000000000000E+00  2.15544917756533866E-01  0.00000000000000000E+00  0.00000000000000000E+00  0.00000000000000000E+00  5.25889887368210263E-05
2.17999999999999488E-03  0.00000000000000000E+00  0.00000000000000000E+00  2.19433271656689605E-01  0.00000000000000000E+00  0.00000000000000000E+00  0.00000000000000000E+00  5.35907449153806139E-05
2.21999999999999455E-03  0.00000000000000000E+00  0.00000000000000000E+00  2.22636667041912928E-01  0.00000000000000000E+00  0.00000000000000000E+00  0.00000000000000000E+00  5.44748820907965786E-05
2.25999999999999682E-03  0.00000000000000000E+00  0.00000000000000000E+00  2.26457341424098763E-01  0.00000000000000000E+00  0.00000000000000000E+00  0.00000000000000000E+00  1.06078894541223521E-04
2.29999999999999606E-03  0.00000000000000000E+00  0.00000000000000000E+00  2.30387754109752180E-01  0.00000000000000000E+00  0.00000000000000000E+00  0.00000000000000000E+00  1.07932676856452650E-04
2.33999999999999443E-03  0.00000000000000000E+00  0.00000000000000000E+00  2.33515875850858146E-01  0.00000000000000000E+00  0.00000000000000000E+00  0.00000000000000000E+00  1.09791924237104174E-04
2.37999999999999367E-03  0.00000000000000000E+00  0.00000000000000000E+00  2.37391933879792599E-01  0.00000000000000000E+00  0.00000000000000000E+00  0.00000000000000000E+00  1.10037958146040675E-04
2.41999999999999290E-03  0.00000000000000000E+00  0.00000000000000000E+00  2.41326309957113683E-01  0.00000000000000000E+00  0.00000000000000000E+00  0.00000000000000000E+00  1.11859587467467549E-04
2.45999999999999474E-03  0.00000000000000000E+00  0.00000000000000000E+00  2.45191318471793651E-01  0.00000000000000000E+00  0.00000000000000000E+00  0.00000000000000000E+00  1.09330695907511452E-04
2.49999999999999311E-03  0.00000000000000000E+00  0.00000000000000000E+00  2.48198305434279398E-01  0.00000000000000000E+00  0.00000000000000000E+00  0.00000000000000000E+00  1.08450891047243877E-04
2.53999999999999278E-03  0.00000000000000000E+00  0.00000000000000000E+00  2.52108733663042262E-01  0.00000000000000000E+00  0.00000000000000000E+00  0.00000000000000000E+00  1.10199521326969610E-04
2.57999999999999332E-03  0.00000000000000000E+00  0.00000000000000000E+00  2.54834303011145846E-01  0.00000000000000000E+00  0.00000000000000000E+00  0.00000000000000000E+00  1.09101755987886750E-04
2.61999999999999299E-03  0.00000000000000000E+00  0.00000000000000000E+00  2.58718512825959479E-01  0.00000000000000000E+00  0.00000000000000000E+00  0.00000000000000000E+00  1.09729999361728848E-04
2.65999999999999440E-03  0.00000000000000000E+00  0.00000000000000000E+00  2.61388105587366693E-01  0.00000000000000000E+00  0.00000000000000000E+00  0.00000000000000000E+00  1.10739598821006912E-04
2.69999999999999277E-03  0.00000000000000000E+00  0.00000000000000000E+00  2.64966738044081940E-01  0.00000000000000000E+00  0.00000000000000000E+00  0.00000000000000000E+00  1.11925768279458494E-04
2.73999999999999201E-03  0.00000000000000000E+00  0.00000000000000000E+00  2.67908174255822140E-01  0.00000000000000000E+00  0.00000000000000000E+00  0.00000000000000000E+00  1.11768001423332065E-04
2.77999999999999081E-03  0.00000000000000000E+00  0.00000000000000000E+00  2.71372540261298978E-01  0.00000000000000000E+00  0.00000000000000000E+00  0.00000000000000000E+00  1.09260923983807456E-04
2.81999999999998962E-03  0.00000000000000000E+00  0.00000000000000000E+00  2.75125151970755544E-01  0.00000000000000000E+00  0.00000000000000000E+00  0.00000000000000000E+00  1.10767908947684201E-04
2.85999999999998885E-03  0.00000000000000000E+00  0.00000000000000000E+00  2.77856704062602544E-01  0.00000000000000000E+00  0.00000000000000000E+00  0.00000000000000000E+00  1.10646724986050168E-04
2.89999999999999026E-03  0.00000000000000000E+00  0.00000000000000000E+00  2.80870652828064560E-01  0.00000000000000000E+00  0.00000000000000000E+00  0.00000000000000000E+00  1.10724835524605685E-04
2.93999999999998906E-03  0.00000000000000000E+00  0.00000000000000000E+00  2.84539802980995238E-01  0.00000000000000000E+00  0.00000000000000000E+00  0.00000000000000000E+00  1.12200825342528807E-04
2.97999999999999177E-03  0.00000000000000000E+00  0.00000000000000000E+00  2.88324298642184618E-01  0.00000000000000000E+00  0.00000000000000000E+00  0.00000000000000000E+00  1.12687310482590091E-04
3.01999999999999361E-03  0.00000000000000000E+00  0.00000000000000000E+00  2.91111346833353601E-01  0.00000000000000000E+00  0.00000000000000000E+00  0.00000000000000000E+00  1.10554508483710716E-04
3.05999999999999285E-03  0.00000000000000000E+00  0.00000000000000000E+00  2.93753279319413030E-01  0.00000000000000000E+00  0.00000000000000000E+00  0.00000000000000000E+00  1.07346148460014530E-04
3.09999999999999165E-03  0.00000000000000000E+00  0.00000000000000000E+00  2.97227754138105094E-01  0.00000000000000000E+00  0.00000000000000000E+00  0.00000000000000000E+00  1.05561112941930657E-04
3.13999999999999045E-03  0.00000000000000000E+00  0.00000000000000000E+00  3.00792800899346902E-01  0.00000000000000000E+00  0.00000000000000000E+00  0.00000000000000000E+00  1.05972116075334560E-04
3.17999999999998926E-03  0.00000000000000000E+00  0.00000000000000000E+00  3.04546402042224273E-01  0.00000000000000000E+00  0.00000000000000000E+00  0.00000000000000000E+00  1.07235361095612056E-04
3.21999999999999066E-03  0.00000000000000000E+00  0.00000000000000000E+00  3.08345517451764639E-01  0.00000000000000000E+00  0.00000000000000000E+00  0.00000000000000000E+00  1.08589938283000368E-04
3.25999999999999467E-03  0.00000000000000000E+00  0.00000000000000000E+00  3.11308263458673296E-01  0.00000000000000000E+00  0.00000000000000000E+00  0.00000000000000000E+00  1.08041747790926150E-04
3.29999999999999391E-03  0.00000000000000000E+00  0.00000000000000000E+00  3.14286444617224436E-01  0.00000000000000000E+00  0.00000000000000000E+00  0.00000000000000000E+00  1.09023896596013392E-04
3.33999999999999488E-03  0.00000000000000000E+00  0.00000000000000000E+00  3.17247186251063185E-01  0.00000000000000000E+00  0.00000000000000000E+00  0.00000000000000000E+00  1.09151027039551248E-04
3.37999999999999455E-03  0.00000000000000000E+00  0.00000000000000000E+00  3.20146652517292296E-01  0.00000000000000000E+00  0.00000000000000000E+00  0.00000000000000000E+00  1.10367296852452933E-04
3.41999999999999336E-03  0.00000000000000000E+00  0.00000000000000000E+00  3.23182985299031666E-01  0.00000000000000000E+00  0.00000000000000000E+00  0.00000000000000000E+00  1.12551389597402490E-04
3.45999999999999433E-03  0.00000000000000000E+00  0.00000000000000000E+00  3.25945606826352430E-01  0.00000000000000000E+00  0.00000000000000000E+00  0.00000000000000000E+00  1.13762634083511445E-04
3.49999999999999313E-03  0.00000000000000000E+00  0.00000000000000000E+00  3.29329056241928819E-01  0.00000000000000000E+00  0.00000000000000000E+00  0.00000000000000000E+00  1.14941286599219261E-04
3.53999999999999801E-03  0.00000000000000000E+00  0.00000000000000000E+00  3.31811680504519868E-01  0.00000000000000000E+00  0.00000000000000000E+00  0.00000000000000000E+00  1.17938439641967140E-04
3.57999999999999898E-03  0.00000000000000000E+00  0.00000000000000000E+00  3.34966922816165191E-01  0.00000000000000000E+00  0.00000000000000000E+00  0.00000000000000000E+00  1.17977553794579000E-04
3.61999999999999779E-03  0.00000000000000000E+00  0.00000000000000000E+00  3.38560958803457102E-01  0.00000000000000000E+00  0.00000000000000000E+00  0.00000000000000000E+00  1.19310605662897759E-04
3.65999999999999702E-03  0.00000000000000000E+00  0.00000000000000000E+00  3.42275040192534630E-01  0.00000000000000000E+00  0.00000000000000000E+00  0.00000000000000000E+00  1.18986509008155140E-04
3.69999999999999583E-03  0.00000000000000000E+00  0.00000000000000000E+00  3.44736793543853837E-01  0.00000000000000000E+00  0.00000000000000000E+00  0.00000000000000000E+00  1.19349323009433164E-04
3.73999999999999420E-03  0.00000000000000000E+00  0.00000000000000000E+00  3.48162529014803712E-01  0.00000000000000000E+00  0.00000000000000000E+00  0.00000000000000000E+00  1.19051232434744123E-04
3.77999999999999560E-03  0.00000000000000000E+00  0.00000000000000000E+00  3.50894767366667693E-01  0.00000000000000000E+00  0.00000000000000000E+00  0.00000000000000000E+00  1.19117644007868821E-04
3.81999999999999397E-03  0.00000000000000000E+00  0.00000000000000000E+00  3.54113383178629559E-01  0.00000000000000000E+00  0.00000000000000000E+00  0.00000000000000000E+00  1.20999788673089995E-04
3.85999999999999885E-03  0.00000000000000000E+00  0.00000000000000000E+00  3.56756597103320860E-01  0.00000000000000000E+00  0.00000000000000000E+00  0.00000000000000000E+00  1.23117240190396198E-04
3.90000000000000025E-03  0.00000000000000000E+00  0.00000000000000000E+00  3.59121314494889765E-01  0.00000000000000000E+00  0.00000000000000000E+00  0.00000000000000000E+00  1.24076292226538035E-04
3.93999999999999993E-03  0.00000000000000000E+00  0.00000000000000000E+00  3.62348080106059234E-01  0.00000000000000000E+00  0.00000000000000000E+00  0.00000000000000000E+00  1.22906467566485629E-04
3.98000000000000003E-03  0.00000000000000000E+00  0.00000000000000000E+00  3.65381085175859543E-01  0.00000000000000000E+00  0.00000000000000000E+00  0.00000000000000000E+00  1.23778524067645135E-04
4.01999999999999927E-03  0.00000000000000000E+00  0.00000000000000000E+00  3.68995729192917121E-01  0.00000000000000000E+00  0.00000000000000000E+00  0.00000000000000000E+00  1.24256807031732238E-04
4.06000000000000371E-03  0.00000000000000000E+00  0.00000000000000000E+00  3.71922679716945481E-01  0.00000000000000000E+00  0.00000000000000000E+00  0.00000000000000000E+00  1.24737656654601471E-04
4.10000000000000295E-03  0.00000000000000000E+00  0.00000000000000000E+00  3.75282984921302465E-01  0.00000000000000000E+00  0.00000000000000000E+00  0.00000000000000000E+00  1.24117876734270393E-04
4.14000000000000392E-03  0.00000000000000000E+00  0.00000000000000000E+00  3.78622867166556576E-01  0.00000000000000000E+00  0.00000000000000000E+00  0.00000000000000000E+00  1.26395545958913778E-04
4.18000000000000229E-03  0.00000000000000000E+00  0.00000000000000000E+00  3.81155273000303496E-01  0.00000000000000000E+00  0.00000000000000000E+00  0.00000000000000000E+00  1.27165448967992876E-04
4.22000000000000153E-03  0.00000000000000000E+00  0.00000000000000000E+00  3.83535737750933858E-01  0.00000000000000000E+00  0.00000000000000000E+00  0.00000000000000000E+00  1.28428255569646322E-04
4.26000000000000077E-03  0.00000000000000000E+00  0.00000000000000000E+00  3.86862789419191555E-01  0.00000000000000000E+00  0.00000000000000000E+00  0.00000000000000000E+00  1.28951723194121700E-04
4.29999999999999914E-03  0.00000000000000000E+00  0.00000000000000000E+00  3.89700184258716442E-01  0.00000000000000000E+00  0.00000000000000000E+00  0.00000000000000000E+00  1.30466837794752065E-04
4.33999999999999924E-03  0.00000000000000000E+00  0.00000000000000000E+00  3.92739471223089720E-01  0.00000000000000000E+00  0.00000000000000000E+00  0.00000000000000000E+00  1.30884906045703906E-04
4.37999999999999935E-03  0.00000000000000000E+00  0.00000000000000000E+00  3.95315941974814566E-01  0.00000000000000000E+00  0.00000000000000000E+00  0.00000000000000000E+00  1.33683520923499324E-04
4.42000000000000465E-03  0.00000000000000000E+00  0.00000000000000000E+00  3.98284971593526993E-01  0.00000000000000000E+00  0.00000000000000000E+00  0.00000000000000000E+00  1.34802119232582494E-04
4.46000000000000476E-03  0.00000000000000000E+00  0.00000000000000000E+00  4.00262403445556358E-01  0.00000000000000000E+00  0.00000000000000000E+00  0.00000000000000000E+00  1.37137911349966452E-04
4.50000000000000486E-03  0.00000000000000000E+00  0.00000000000000000E+00  4.03209745358445615E-01  0.00000000000000000E+00  0.00000000000000000E+00  0.00000000000000000E+00  1.37339305719286144E-04
4.54000000000000497E-03  0.00000000000000000E+00  0.00000000000000000E+00  4.05892536676387361E-01  0.00000000000000000E+00  0.00000000000000000E+00  0.00000000000000000E+00  1.38725030190236945E-04
4.58000000000000507E-03  0.00000000000000000E+00  0.00000000000000000E+00  4.08263693250565607E-01  0.00000000000000000E+00  0.00000000000000000E+00  0.00000000000000000E+00  1.39237860214005017E-04
4.62000000000001212E-03  0.00000000000000000E+00  0.00000000000000000E+00  4.07987751093528694E-01  0.00000000000000000E+00  0.00000000000000000E+00  0.00000000000000000E+00  1.38028007760237630E-04
4.66000000000001049E-03  0.00000000000000000E+00  0.00000000000000000E+00  4.11148991038226996E-01  0.00000000000000000E+00  0.00000000000000000E+00  0.00000000000000000E+00  1.39972973282309220E-04
4.70000000000001059E-03  0.00000000000000000E+00  0.00000000000000000E+00  4.13773086656077649E-01  0.00000000000000000E+00  0.00000000000000000E+00  0.00000000000000000E+00  1.41002474563300105E-04
4.74000000000000983E-03  0.00000000000000000E+00  0.00000000000000000E+00  4.16362496766595314E-01  0.00000000000000000E+00  0.00000000000000000E+00  0.00000000000000000E+00  1.40266606835708692E-04
4.78000000000000907E-03  0.00000000000000000E+00  0.00000000000000000E+00  4.19421407131699842E-01  0.00000000000000000E+00  0.00000000000000000E+00  0.00000000000000000E+00  1.41541280771989065E-04
4.82000000000001611E-03  0.00000000000000000E+00  0.00000000000000000E+00  4.22620103007987191E-01  0.00000000000000000E+00  0.00000000000000000E+00  0.00000000000000000E+00  1.42076315509104235E-04
4.86000000000000581E-03  0.00000000000000000E+00  0.00000000000000000E+00  4.25227394153786908E-01  0.00000000000000000E+00  0.00000000000000000E+00  0.00000000000000000E+00  1.41733132331559183E-04
4.90000000000001285E-03  0.00000000000000000E+00  0.00000000000000000E+00  4.28473602224942851E-01  0.00000000000000000E+00  0.00000000000000000E+00  0.00000000000000000E+00  1.43176058509349451E-04
4.94000000000001209E-03  0.00000000000000000E+00  0.00000000000000000E+00  4.31955599882713925E-01  0.00000000000000000E+00  0.00000000000000000E+00  0.00000000000000000E+00  1.44352892968532983E-04
4.98000000000001133E-03  0.00000000000000000E+00  0.00000000000000000E+00  4.34204563076279693E-01  0.00000000000000000E+00  0.00000000000000000E+00  0.00000000000000000E+00  1.46085478505650638E-04
5.02000000000001230E-03  0.00000000000000000E+00  0.00000000000000000E+00  4.37559870356511116E-01  0.00000000000000000E+00  0.00000000000000000E+00  0.00000000000000000E+00  1.47251348959869725E-04
5.06000000000000980E-03  0.00000000000000000E+00  0.00000000000000000E+00  4.38524713482614403E-01  0.00000000000000000E+00  0.00000000000000000E+00  0.00000000000000000E+00  1.48064335645619152E-04
5.10000000000001251E-03  0.00000000000000000E+00  0.00000000000000000E+00  4.41276700751875861E-01  0.00000000000000000E+00  0.00000000000000000E+00  0.00000000000000000E+00  1.48691666697956665E-04
5.14000000000001435E-03  0.00000000000000000E+00  0.00000000000000000E+00  4.44421633041516551E-01  0.00000000000000000E+00  0.00000000000000000E+00  0.00000000000000000E+00  1.50308966927319176E-04
5.18000000000001706E-03  0.00000000000000000E+00  0.00000000000000000E+00  4.47578779636735924E-01  0.00000000000000000E+00  0.00000000000000000E+00  0.00000000000000000E+00  1.50351745487850932E-04
5.22000000000001890E-03  0.00000000000000000E+00  0.00000000000000000E+00  4.50822233460245914E-01  0.00000000000000000E+00  0.00000000000000000E+00  0.00000000000000000E+00  1.51501849733596053E-04
5.26000000000001727E-03  0.00000000000000000E+00  0.00000000000000000E+00  4.53776927119725670E-01  0.00000000000000000E+00  0.00000000000000000E+00  0.00000000000000000E+00  1.52436632440524771E-04
5.30000000000001824E-03  0.00000000000000000E+00  0.00000000000000000E+00  4.56956491368862683E-01  0.00000000000000000E+00  0.00000000000000000E+00  0.00000000000000000E+00  1.53524385120168329E-04
5.34000000000002008E-03  0.00000000000000000E+00  0.00000000000000000E+00  4.59144783082865104E-01  0.00000000000000000E+00  0.00000000000000000E+00  0.00000000000000000E+00  1.54482613202940576E-04
5.38000000000002278E-03  0.00000000000000000E+00  0.00000000000000000E+00  4.62578583861628978E-01  0.00000000000000000E+00  0.00000000000000000E+00  0.00000000000000000E+00  1.55654381376165482E-04
5.42000000000001942E-03  0.00000000000000000E+00  0.00000000000000000E+00  4.65830171658574321E-01  0.00000000000000000E+00  0.00000000000000000E+00  0.00000000000000000E+00  1.56517663203464808E-04
5.46000000000002126E-03  0.00000000000000000E+00  0.00000000000000000E+00  4.69235772250905014E-01  0.00000000000000000E+00  0.00000000000000000E+00  0.00000000000000000E+00  1.57668534711708039E-04
5.50000000000002136E-03  0.00000000000000000E+00  0.00000000000000000E+00  4.71860342790399956E-01  0.00000000000000000E+00  0.00000000000000000E+00  0.00000000000000000E+00  1.59654255897306315E-04
5.54000000000001800E-03  0.00000000000000000E+00  0.00000000000000000E+00  4.74798926052601045E-01  0.00000000000000000E+00  0.00000000000000000E+00  0.00000000000000000E+00  1.62705707183137917E-04
5.58000000000002071E-03  0.00000000000000000E+00  0.00000000000000000E+00  4.76687023349984862E-01  0.00000000000000000E+00  0.00000000000000000E+00  0.00000000000000000E+00  1.83911605001897953E-04
5.62000000000001648E-03  0.00000000000000000E+00  0.00000000000000000E+00  4.80053788198850195E-01  0.00000000000000000E+00  0.00000000000000000E+00  0.00000000000000000E+00  1.85474955259855057E-04
5.66000000000002525E-03  0.00000000000000000E+00  0.00000000000000000E+00  4.81818552648487164E-01  0.00000000000000000E+00  0.00000000000000000E+00  0.00000000000000000E+00  1.85553428911487195E-04
5.70000000000002015E-03  0.00000000000000000E+00  0.00000000000000000E+00  4.84980944826757188E-01  0.00000000000000000E+00  0.00000000000000000E+00  0.00000000000000000E+00  1.87782039061641128E-04
5.74000000000002373E-03  0.00000000000000000E+00  0.00000000000000000E+00  4.87863602510906658E-01  0.00000000000000000E+00  0.00000000000000000E+00  0.00000000000000000E+00  1.90749926821174210E-04
5.78000000000002644E-03  0.00000000000000000E+00  0.00000000000000000E+00  4.91158711769348888E-01  0.00000000000000000E+00  0.00000000000000000E+00  0.00000000000000000E+00  1.86920774188717155E-04
5.82000000000002220E-03  0.00000000000000000E+00  0.00000000000000000E+00  4.94548194511062134E-01  0.00000000000000000E+00  0.00000000000000000E+00  0.00000000000000000E+00  1.76583404730301207E-04
5.86000000000003012E-03  0.00000000000000000E+00  0.00000000000000000E+00  4.97941355474124436E-01  0.00000000000000000E+00  0.00000000000000000E+00  0.00000000000000000E+00  1.78519927806395056E-04
5.90000000000002588E-03  0.00000000000000000E+00  0.00000000000000000E+00  5.01176642272389561E-01  0.00000000000000000E+00  0.00000000000000000E+00  0.00000000000000000E+00  1.80050622260758883E-04
5.94000000000002772E-03  0.00000000000000000E+00  0.00000000000000000E+00  5.03757000291622514E-01  0.00000000000000000E+00  0.00000000000000000E+00  0.00000000000000000E+00  1.78889229368732450E-04
5.98000000000003130E-03  0.00000000000000000E+00  0.00000000000000000E+00  5.06881214861141016E-01  0.00000000000000000E+00  0.00000000000000000E+00  0.00000000000000000E+00  1.74109284415119910E-04
6.02000000000002533E-03  0.00000000000000000E+00  0.00000000000000000E+00  5.10063441337476609E-01  0.00000000000000000E+00  0.00000000000000000E+00  0.00000000000000000E+00  1.73286726667046449E-04
6.06000000000002804E-03  0.00000000000000000E+00  0.00000000000000000E+00  5.11850323394770435E-01  0.00000000000000000E+00  0.00000000000000000E+00  0.00000000000000000E+00  1.75417352258075930E-04
6.10000000000002294E-03  0.00000000000000000E+00  0.00000000000000000E+00  5.13594396070024106E-01  0.00000000000000000E+00  0.00000000000000000E+00  0.00000000000000000E+00  1.75667416261325333E-04
6.14000000000002651E-03  0.00000000000000000E+00  0.00000000000000000E+00  5.16701266995059805E-01  0.00000000000000000E+00  0.00000000000000000E+00  0.00000000000000000E+00  1.75399965995120150E-04
6.18000000000002055E-03  0.00000000000000000E+00  0.00000000000000000E+00  5.20024918044117990E-01  0.00000000000000000E+00  0.00000000000000000E+00  0.00000000000000000E+00  1.75453432820538201E-04
6.22000000000002325E-03  0.00000000000000000E+00  0.00000000000000000E+00  5.23258080334023212E-01  0.00000000000000000E+00  0.00000000000000000E+00  0.00000000000000000E+00  1.77512724339245543E-04
6.26000000000001729E-03  0.00000000000000000E+00  0.00000000000000000E+00  5.26602045390566431E-01  0.00000000000000000E+00  0.00000000000000000E+00  0.00000000000000000E+00  1.78251673211362888E-04
6.30000000000002520E-03  0.00000000000000000E+00  0.00000000000000000E+00  5.29779362628083117E-01  0.00000000000000000E+00  0.00000000000000000E+00  0.00000000000000000E+00  1.77281725140438715E-04
6.34000000000002010E-03  0.00000000000000000E+00  0.00000000000000000E+00  5.33136453279314138E-01  0.00000000000000000E+00  0.00000000000000000E+00  0.00000000000000000E+00  1.77351673596798257E-04
6.38000000000002367E-03  0.00000000000000000E+00  0.00000000000000000E+00  5.36214682251474617E-01  0.00000000000000000E+00  0.00000000000000000E+00  0.00000000000000000E+00  1.80804211713964352E-04
6.42000000000001771E-03  0.00000000000000000E+00  0.00000000000000000E+00  5.39563139683212345E-01  0.00000000000000000E+00  0.00000000000000000E+00  0.00000000000000000E+00  1.83731213262836827E-04
6.46000000000002041E-03  0.00000000000000000E+00  0.00000000000000000E+00  5.42710185918050980E-01  0.00000000000000000E+00  0.00000000000000000E+00  0.00000000000000000E+00  1.81477835345648974E-04
6.50000000000001531E-03  0.00000000000000000E+00  0.00000000000000000E+00  5.46025050368255993E-01  0.00000000000000000E+00  0.00000000000000000E+00  0.00000000000000000E+00  1.82592354450553356E-04
6.54000000000001802E-03  0.00000000000000000E+00  0.00000000000000000E+00  5.49381732907985199E-01  0.00000000000000000E+00  0.00000000000000000E+00  0.00000000000000000E+00  1.81076438736277518E-04
6.58000000000002160E-03  0.00000000000000000E+00  0.00000000000000000E+00  5.52731471993246015E-01  0.00000000000000000E+00  0.00000000000000000E+00  0.00000000000000000E+00  1.83125078873466670E-04
6.62000000000001563E-03  0.00000000000000000E+00  0.00000000000000000E+00  5.56060886972231327E-01  0.00000000000000000E+00  0.00000000000000000E+00  0.00000000000000000E+00  1.83569016237643354E-04
6.66000000000002007E-03  0.00000000000000000E+00  0.00000000000000000E+00  5.59416061030418965E-01  0.00000000000000000E+00  0.00000000000000000E+00  0.00000000000000000E+00  1.85309970628974097E-04
6.70000000000001410E-03  0.00000000000000000E+00  0.00000000000000000E+00  5.62711544867581903E-01  0.00000000000000000E+00  0.00000000000000000E+00  0.00000000000000000E+00  1.85083696923448777E-04
6.74000000000002202E-03  0.00000000000000000E+00  0.00000000000000000E+00  5.66067614128519692E-01  0.00000000000000000E+00  0.00000000000000000E+00  0.00000000000000000E+00  2.92038037756667691E-04
6.78000000000001692E-03  0.00000000000000000E+00  0.00000000000000000E+00  5.69013273701535871E-01  0.00000000000000000E+00  0.00000000000000000E+00  0.00000000000000000E+00  2.93208138270143479E-04
6.82000000000001962E-03  0.00000000000000000E+00  0.00000000000000000E+00  5.72366887882897468E-01  0.00000000000000000E+00  0.00000000000000000E+00  0.00000000000000000E+00  2.94568234497888815E-04
6.86000000000001366E-03  0.00000000000000000E+00  0.00000000000000000E+00  5.75696333473899591E-01  0.00000000000000000E+00  0.00000000000000000E+00  0.00000000000000000E+00  2.96880201032775567E-04
6.90000000000001723E-03  0.00000000000000000E+00  0.00000000000000000E+00  5.79050549083541810E-01  0.00000000000000000E+00  0.00000000000000000E+00  0.00000000000000000E+00  3.00630578046757568E-04
6.94000000000002081E-03  0.00000000000000000E+00  0.00000000000000000E+00  5.80171175520088345E-01  0.00000000000000000E+00  0.00000000000000000E+00  0.00000000000000000E+00  3.08324216479256136E-04
6.98000000000001484E-03  0.00000000000000000E+00  0.00000000000000000E+00  5.83137666209389227E-01  0.00000000000000000E+00  0.00000000000000000E+00  0.00000000000000000E+00  3.14935342451416961E-04
