Temps	Axial D?lacement	Axial Force	Axial fl?he	Axial CMOD*2	Canon
Sec	mm	N	mm	mm	unitless
0.51367188	-0.000225753	-3.1473887	3.02E-05	-0.000572503	0
1.0136719	0.000885874	-1.5698509	7.41E-05	-0.000369251	0
1.5136719	-0.000105053	-2.8456378	4.63E-05	-0.000557303	0
2.0136719	-0.002534688	0.24076608	7.18E-05	-0.000879467	0
2.5136719	-0.004983693	-2.0475223	7.27E-05	-0.000599921	0
3.0136719	-0.007586181	2.8545852	4.11E-05	-0.000586808	0
3.5136719	-0.009504706	-0.66721296	0.000104234	-0.000783503	0
4.0136719	-0.010956079	-0.47639596	3.21E-05	-0.000469089	0
4.5136719	-0.012482703	-2.0151463	9.99E-05	-0.000576079	0
5.0136719	-0.014937669	0.27155688	5.82E-05	-0.001061261	0
5.5136719	-0.016280264	-0.58761084	9.34E-05	-0.000673831	0
6.0136719	-0.017920136	0.55879724	9.46E-05	-0.000571609	0
6.5136719	-0.019531697	0.44108617	5.08E-05	-0.001049042	0
7.0136719	-0.022152066	1.5525411	0.00011757	-0.000939965	0
7.5136719	-0.022467971	-1.5746449	6.77E-05	-0.000591278	0
8.0136719	-0.023587048	1.9523624	0.000130162	-0.000753105	0
8.5136719	-0.025597215	0.91682696	-6.26E-06	-0.000741482	0
9.0136719	-0.027912855	-0.80941159	0.00012666	-0.000519454	0
9.5136719	-0.029387325	1.3759043	7.93E-05	-0.000994504	0
10.013672	-0.030457973	-0.97725612	6.21E-05	-0.000908673	1
10.513672	-0.031596422	-1.9353597	0.000138134	-0.000556409	1
11.013672	-0.032242388	-2.4168479	0.000181422	-0.000979006	0
11.513672	-0.03400594	-1.0055841	0.000128597	-0.00103116	0
12.013672	-0.035768747	-2.4756596	0.000161752	-0.000602901	0
12.513672	-0.038119406	-1.7436827	0.000172555	-0.000588894	0
13.013672	-0.039479882	-1.6195252	0.000117645	-0.000958741	0
13.513672	-0.039935857	-1.947624	0.000185221	-0.000777543	0
14.013672	-0.040774792	-2.4398789	0.000165105	-0.000902116	0
14.513672	-0.044684112	-2.5112562	0.000160635	-0.001085401	0
15.013672	-0.044641644	-1.2944741	0.000186786	-0.000726283	0
15.513672	-0.045322627	-0.70753902	0.000153631	-0.000836849	0
16.013672	-0.048660487	1.0849552	0.000187978	-0.001121163	0
16.513672	-0.049865991	-1.8062356	0.000149757	-0.000770986	0
17.013672	-0.05095154	0.91551363	0.000166222	-0.000688732	0
17.513672	-0.052328408	-0.99174041	0.000192896	-0.001085103	0
18.013672	-0.053656101	-2.4479723	0.000135824	-0.001085401	0
18.513672	-0.055503845	1.9663728	0.000189692	-0.000912547	0
19.013672	-0.058192015	0.84391707	0.000146553	-0.001214445	0
19.513672	-0.058721006	-0.42488784	0.000147671	-0.000785291	0
20.013672	-0.05973503	0.70344114	0.000142679	-0.000857115	0
20.513672	-0.062461197	-1.7935472	0.000147447	-0.001137853	0
21.013672	-0.064039975	1.9446435	0.000121593	-0.0009951	1
21.513672	-0.065489858	-0.71452957	0.000120327	-0.00076592	0
22.013672	-0.067125261	1.2122278	0.00012733	-0.001229048	0
22.513672	-0.06813556	-0.64974225	0.000118911	-0.001005232	0
23.013672	-0.067783147	-0.045994613	0.000138208	-0.00082016	0
23.513672	-0.069624931	1.0222504	0.000128001	-0.000953078	0
24.013672	-0.072851032	-0.040159367	0.000153333	-0.000779033	0
24.513672	-0.07481873	-0.24172838	0.000168905	-0.000909269	0
25.013672	-0.074584782	1.5777103	0.000118539	-0.001090467	0
25.513672	-0.077302754	-1.2214911	0.00013113	-0.000700653	0
26.013672	-0.078371912	0.96224242	0.000143126	-0.000919402	0
26.513672	-0.079431385	0.033379365	0.00010021	-0.00105083	0
27.013672	-0.079940259	0.94197553	0.000130013	-0.000671148	0
27.513672	-0.082466006	1.1391045	0.000134856	-0.000935197	0
28.013672	-0.084036589	-2.1321788	9.60E-05	-0.001003146	0
28.513672	-0.085557252	1.4012256	0.000178814	-0.000988245	0
29.013672	-0.087171048	-1.4751065	0.000167191	-0.001075864	0
29.513672	-0.088389963	0.25473264	8.78E-05	-0.000821948	0
30.013672	-0.091128796	1.9472466	0.000117943	-0.000804067	0
30.513672	-0.091924518	0.4851386	4.72E-05	-0.001092851	0
31.013672	-0.093792379	0.99301863	-1.30E-05	-0.000762641	0
31.513672	-0.093813241	-1.6887115	-0.00012435	-0.000929534	1
32.013672	-0.095971674	-1.7855533	-0.000172779	-0.001265705	0
32.513672	-0.097055733	0.72873896	-0.000194833	-0.000691414	0
33.013672	-0.099144131	0.60704988	-0.000291839	-0.00097096	0
33.513672	-0.10012984	0.89600724	-0.000268668	-0.000959933	0
34.013672	-0.10256544	-0.84958267	-0.000289604	-0.000737607	0
34.513672	-0.1048021	-2.0998814	-0.00035964	-0.001147091	0
35.013672	-0.10552853	2.8676713	-0.000390708	-0.000876188	0
35.513672	-0.1076065	1.6782842	-0.000437349	-0.000800192	0
36.013672	-0.10835901	0.052248124	-0.000559464	-0.00104934	0
36.513672	-0.10969639	-1.3952732	-0.000628456	-0.000712872	0
37.013672	-0.11207461	-0.32330775	-0.000771135	-0.001011789	0
37.513672	-0.11282712	-1.588474	-0.000834242	-0.00113368	0
38.013672	-0.11356026	2.5752449	-0.00092186	-0.0008744	0
38.513672	-0.11584163	1.2845411	-0.001008362	-0.00090152	0
39.013672	-0.11702552	2.868104	-0.001059696	-0.000968874	0
39.513672	-0.11727661	1.0026884	-0.00110887	-0.000977814	0
40.013672	-0.11909381	-0.65102631	-0.001125187	-0.001146793	0
40.513672	-0.12152195	1.8324459	-0.001137927	-0.001043677	0
41.013672	-0.12291521	-0.3743625	-0.001263171	-0.001015067	0
41.513672	-0.12517124	-0.96157557	-0.001310781	-0.000911653	0
42.013672	-0.12502	0.92135763	-0.001591966	-0.000862181	1
42.513672	-0.12667552	-1.7454407	-0.001547635	-0.00118047	0
43.013672	-0.12971386	-3.0853889	-0.001592264	-0.001014173	0
43.513672	-0.13095513	-1.721272	-0.001572818	-0.000951588	0
44.013672	-0.13176128	-0.69884902	-0.001590475	-0.000966787	0
44.513672	-0.13289005	-2.108238	-0.001637787	-0.000767112	0
45.013672	-0.13571829	-2.2309799	-0.00159733	-0.001180172	0
45.513672	-0.13548657	-2.6547244	-0.001643598	-0.000982285	0
46.013672	-0.13780445	-2.7779839	-0.001578555	-0.001021326	0
46.513672	-0.13999641	-2.0063508	-0.001614168	-0.000807345	0
47.013672	-0.14109462	-0.56915736	-0.001648292	-0.000822842	0
47.513672	-0.14217347	-1.0839635	-0.001662374	-0.001274645	0
48.013672	-0.14408827	-1.087845	-0.001698732	-0.000830889	0
48.513672	-0.14531314	-3.0360188	-0.001720861	-0.000956357	0
49.013672	-0.14663935	-2.2709668	-0.001788512	-0.000870824	0
49.513672	-0.14842302	-0.94771135	-0.0018733	-0.001041591	0
50.013672	-0.15087351	1.1245676	-0.001877695	-0.001134574	0
50.513672	-0.15096962	-2.3691278	-0.00178799	-0.000802577	0
51.013672	-0.15348271	-1.7596968	-0.001819357	-0.001064539	0
51.513672	-0.15388876	-1.1749672	-0.001886934	-0.000751019	0
52.013672	-0.15700087	0.2455337	-0.001940802	-0.001110137	0
52.513672	-0.15711859	-1.0678473	-0.002017766	-0.001113117	1
53.013672	-0.15857667	2.8217645	-0.002254471	-0.000819862	1
53.513672	-0.16107336	0.86805654	-0.002267212	-0.000982881	0
54.013672	-0.16386881	-0.83250982	-0.002289712	-0.000870228	0
54.513672	-0.16388372	0.85709387	-0.002261251	-0.00122726	0
55.013672	-0.16396791	-2.7658014	-0.002277643	-0.00081867	0
55.513672	-0.16723201	0.67707282	-0.002294183	-0.0009197	0
56.013672	-0.16807616	-1.1566278	-0.002328306	-0.001045167	0
56.513672	-0.16801283	-1.3733801	-0.002419949	-0.000918806	0
57.013672	-0.1718618	-0.38029721	-0.002502874	-0.001152754	0
57.513672	-0.17348453	0.82815754	-0.002565607	-0.000684559	0
58.013672	-0.17401725	1.3127346	-0.002601519	-0.001069307	0
58.513672	-0.17560944	-0.69877595	-0.002663732	-0.001116395	0
59.013672	-0.17644614	-0.95421344	-0.002646223	-0.001056194	0
59.513672	-0.17875582	-0.70877922	-0.002684817	-0.000914633	0
60.013672	-0.17937943	-1.7234687	-0.002730265	-0.000957549	0
60.513672	-0.18146187	0.28309867	-0.002715662	-0.001192689	0
61.013672	-0.1824379	-0.76685673	-0.002764687	-0.000980794	0
61.513672	-0.1847975	-0.11176764	-0.002914518	-0.001083016	0
62.013672	-0.18551424	0.16689098	-0.002957508	-0.000828505	0
62.513672	-0.1866363	0.30244419	-0.002948269	-0.001199842	0
63.013672	-0.18958524	0.78938752	-0.002950802	-0.001130104	0
63.513672	-0.19094795	-1.369446	-0.00312075	-0.001064837	1
64.013672	-0.19169375	-2.2720199	-0.00312902	-0.001001358	0
64.513672	-0.19341484	-0.93573952	-0.00304766	-0.001029968	0
65.013672	-0.19414201	0.80448598	-0.003090724	-0.001403987	0
65.513672	-0.19582585	1.6314355	-0.003083721	-0.000945926	0
66.013672	-0.1985915	0.23925389	-0.003112033	-0.001069605	0
66.513672	-0.19799396	-1.367811	-0.003110692	-0.000944734	0
67.013672	-0.20047724	1.3264935	-0.003116131	-0.001231432	0
67.513672	-0.20368397	-0.232041	-0.003147125	-0.001174808	0
68.013672	-0.20419657	3.8405545	-0.003128499	-0.00079453	0
68.513672	-0.20592809	0.8958025	-0.003076196	-0.001200736	0
69.013672	-0.20758212	1.0615761	-0.003155842	-0.001043081	0
69.513672	-0.20820051	-0.19034897	-0.003154874	-0.001220405	0
70.013672	-0.20946637	-0.99845314	-0.003154129	-0.001099408	0
70.513672	-0.21199137	4.2930245	-0.003177226	-0.001083314	0
71.013672	-0.2129361	-1.0227066	-0.003329366	-0.001158118	0
71.513672	-0.21445975	0.87987036	-0.003425106	-0.001152754	0
72.013672	-0.2149038	0.53309584	-0.003494471	-0.001238585	0
72.513672	-0.21750182	1.4089415	-0.003649667	-0.000908971	0
73.013672	-0.22019297	0.48080677	-0.003779978	-0.001217723	0
73.513672	-0.21914691	0.084118225	-0.003860965	-0.001182556	0
74.013672	-0.2228193	0.14030038	-0.00410527	-0.001260638	1
74.513672	-0.22424608	-0.30437464	-0.00415042	-0.001195967	0
75.013672	-0.22650063	1.4443185	-0.004151911	-0.000906289	0
75.513672	-0.22689998	-0.62528104	-0.004197732	-0.001361668	0
76.013672	-0.22755414	0.78704166	-0.004109219	-0.001061261	0
76.513672	-0.22967756	-2.4415345	-0.004206672	-0.001283586	0
77.013672	-0.23062676	0.53026742	-0.004350394	-0.001087487	0
77.513672	-0.23233369	-2.9779501	-0.004384667	-0.001170635	0
78.013672	-0.23418814	-1.2764828	-0.004581735	-0.001428723	0
78.513672	-0.23592114	-0.34871376	-0.004620031	-0.001104772	0
79.013672	-0.23720786	-0.63509125	-0.004686117	-0.001339614	0
79.513672	-0.23942515	-1.2240592	-0.004677028	-0.001117885	0
80.013672	-0.23962781	-0.81495434	-0.004650503	-0.001139045	0
80.513672	-0.24190247	-0.44861495	-0.004673228	-0.001464188	0
81.013672	-0.24269447	0.73538142	-0.004722253	-0.00109762	0
81.513672	-0.24384037	-1.1024609	-0.004778057	-0.001411438	0
82.013672	-0.24682656	1.290192	-0.004930198	-0.001081824	0
82.513672	-0.24750978	-2.4761744	-0.00504069	-0.001125336	0
83.013672	-0.24828613	-0.63393301	-0.005157441	-0.001469255	0
83.513672	-0.25023445	1.1779155	-0.00520803	-0.001147091	0
84.013672	-0.25130436	-0.71092606	-0.005157217	-0.001217425	0
84.513672	-0.25495365	-0.14801051	-0.00535287	-0.001105964	1
85.013672	-0.2555117	1.1859356	-0.005344525	-0.000965297	0
85.513672	-0.25594831	0.65908164	-0.005338341	-0.001424551	0
86.013672	-0.25871694	1.0452579	-0.005277842	-0.001325011	0
86.513672	-0.26024953	-2.5171266	-0.005363002	-0.001164973	0
87.013672	-0.26075616	-0.81421727	-0.005277172	-0.001437664	0
87.513672	-0.26260763	-0.66029841	-0.005339012	-0.001038611	0
88.013672	-0.26311353	0.75269121	-0.005298331	-0.001325011	0
88.513672	-0.26537105	-0.74479103	-0.005355328	-0.001420081	0
89.013672	-0.26770607	0.80465859	-0.005328059	-0.001223683	0
89.513672	-0.26797056	0.23954053	-0.005333573	-0.001420081	0
90.013672	-0.27022734	-0.25059387	-0.00533469	-0.001091361	0
90.513672	-0.27249381	0.58820164	-0.005314648	-0.001136065	0
91.013672	-0.27286857	0.085048355	-0.005293563	-0.001448095	0
91.513672	-0.27413964	-0.52797717	-0.005289912	-0.001317859	0
92.013672	-0.27706176	1.4560153	-0.005341694	-0.001414716	0
92.513672	-0.27785003	-1.3137348	-0.005308688	-0.001345277	0
93.013672	-0.27962998	-2.0707111	-0.005360767	-0.001078248	0
93.513672	-0.28121024	-1.0098779	-0.005381852	-0.001367331	0
94.013672	-0.28193519	1.0317477	-0.005309209	-0.001219213	0
94.513672	-0.284978	0.69589484	-0.005328804	-0.001320839	0
95.013672	-0.28424188	-0.38046101	-0.005356967	-0.001578331	1
95.513672	-0.28743893	-1.8876541	-0.00534676	-0.001104474	0
96.013672	-0.28879941	-0.4307816	-0.00536263	-0.001264215	0
96.513672	-0.29107779	-0.48618573	-0.005395189	-0.001385212	0
97.013672	-0.29052421	-1.938773	-0.00537321	-0.001170039	0
97.513672	-0.29051453	-1.6587368	-0.005374476	-0.001592934	0
98.013672	-0.29254556	-2.1297042	-0.005378202	-0.001318753	0
98.513672	-0.29469654	0.24440469	-0.005381405	-0.001198351	0
99.013672	-0.29699728	-2.2679074	-0.005375892	-0.001348257	0
99.513672	-0.29758662	1.2391753	-0.005373582	-0.001283884	0
100.01367	-0.29929504	0.70647728	-0.005361885	-0.001499951	0
100.51367	-0.30047819	-2.4376004	-0.005410835	-0.001295805	0
101.01367	-0.30271858	0.31495708	-0.005353764	-0.001218021	0
101.51367	-0.30537099	-2.6065972	-0.005393997	-0.001370609	0
102.01367	-0.30589476	-1.5620121	-0.005381554	-0.001214147	0
102.51367	-0.30748993	-3.0022328	-0.005435571	-0.001412928	0
103.01367	-0.30820817	-0.93650591	-0.005512089	-0.001381934	0
103.51367	-0.31123459	-2.1093378	-0.005572513	-0.0011307	0
104.01367	-0.31220168	-1.3792914	-0.005699769	-0.001345277	0
104.51367	-0.31391159	-2.5995512	-0.005681589	-0.001235604	0
105.01367	-0.31512976	-1.8808302	-0.005707368	-0.001246035	0
105.51367	-0.31722486	-1.2787352	-0.005751029	-0.001422763	1
106.01367	-0.31750798	-1.233264	-0.005972609	-0.001279414	1
106.51367	-0.31982362	-0.28252247	-0.005938932	-0.001324117	0
107.01367	-0.32068267	-0.4614554	-0.005966574	-0.001282692	0
107.51367	-0.32352582	-0.85218	-0.005964115	-0.001071096	0
108.01367	-0.32420307	-1.9764404	-0.006081387	-0.001325011	0
108.51367	-0.32456368	-2.0303001	-0.006034002	-0.001251698	0
109.01367	-0.32643154	-2.1134036	-0.006049275	-0.001199544	0
109.51367	-0.32871813	-1.578696	-0.006058961	-0.001260042	0
110.01367	-0.32959208	-1.7518346	-0.006062388	-0.001065731	0
110.51367	-0.33228174	-3.2179265	-0.006028861	-0.001168549	0
111.01367	-0.33326522	-4.4488068	-0.006050468	-0.001353025	0
111.51367	-0.33619031	-1.2711507	-0.006018654	-0.001097322	0
112.01367	-0.33605173	-4.115036	-0.006040111	-0.001181364	0
112.51367	-0.33878982	-2.9235668	-0.006059855	-0.001122654	0
113.01367	-0.33911392	-2.2569857	-0.006130487	-0.001012981	0
113.51367	-0.34074336	-3.249732	-0.006228015	-0.00125587	0
114.01367	-0.34206808	-3.627321	-0.006196871	-0.001088679	0
114.51367	-0.3440395	-3.2066391	-0.006232113	-0.001262724	0
115.01367	-0.34515262	-1.6939472	-0.006258115	-0.001244545	0
115.51367	-0.34706146	-2.8350992	-0.006193966	-0.001181662	0
116.01367	-0.34811199	-3.9880853	-0.006200746	-0.001253784	0
116.51367	-0.34972951	-1.5991647	-0.006353557	-0.001146495	1
117.01367	-0.35264567	-3.315666	-0.006397516	-0.001143813	0
117.51367	-0.35321042	-2.4131625	-0.006389022	-0.001319945	0
118.01367	-0.35493597	-1.7858984	-0.006409064	-0.001093745	0
118.51367	-0.35481676	-3.6708441	-0.006355569	-0.001041889	0
119.01367	-0.35714507	-1.3250309	-0.006356463	-0.001061261	0
119.51367	-0.35900101	-1.1904079	-0.006391108	-0.001105368	0
120.01367	-0.36191642	-3.535358	-0.006423667	-0.001209974	0
120.51367	-0.36149845	-2.9967721	-0.006350204	-0.001094043	0
121.01367	-0.36360919	-2.5207622	-0.006386712	-0.001008213	0
121.51367	-0.36469325	-1.9686249	-0.006405413	-0.001178682	0
122.01367	-0.36559179	-1.4285736	-0.006387681	-0.001077056	0
122.51367	-0.3689222	-1.8577203	-0.006374419	-0.001130998	0
123.01367	-0.36948994	-2.0587919	-0.006403253	-0.001092553	0
123.51367	-0.37099794	-2.9626732	-0.006408766	-0.001030564	0
124.01367	-0.37158355	-1.2765969	-0.006413758	-0.001221001	0
124.51367	-0.37295297	-1.1904109	-0.006410405	-0.001013577	0
125.01367	-0.37461966	-2.6437907	-0.006324649	-0.001114905	0
125.51367	-0.37604794	-3.3834193	-0.00639163	-0.001232028	0
126.01367	-0.37752539	-2.9639485	-0.006386638	-0.000934005	0
126.51367	-0.38051978	-3.7986579	-0.006406903	-0.001126528	0
127.01367	-0.38096607	-2.0567064	-0.006435961	-0.001068115	1
127.51367	-0.3827475	-0.98433149	-0.006472692	-0.001023412	0
128.01367	-0.38424581	-2.1685092	-0.006503165	-0.00117451	0
128.51367	-0.38585961	-2.4735713	-0.006484538	-0.00105381	0
129.01367	-0.3867209	-4.4553614	-0.006520227	-0.001190007	0
129.51367	-0.38822815	-2.4292176	-0.006455481	-0.000931323	0
130.01367	-0.3895618	1.5608627	-0.006542131	-0.001233816	0
130.51367	-0.39127544	-2.4661388	-0.006476566	-0.001155138	0
131.01367	-0.39221719	-3.1241794	-0.006508529	-0.00102073	0
131.51367	-0.39389804	0.013837871	-0.006512925	-0.001201332	0
132.01367	-0.39559454	-0.61766446	-0.006508529	-0.001035631	0
132.51367	-0.39680749	-1.618832	-0.006528646	-0.001218319	0
133.01367	-0.39946362	-1.5269042	-0.006469265	-0.00117898	0
133.51367	-0.4008539	0.13595977	-0.006446689	-0.001229048	0
134.01367	-0.40199757	3.0977321	-0.006488785	-0.00133276	0
134.51367	-0.40239543	-1.373854	-0.006489903	-0.001189411	0
135.01367	-0.40571839	-2.3162215	-0.006481707	-0.001160502	0
135.51367	-0.40702969	-0.85004479	-0.006508082	-0.001242161	0
136.01367	-0.40800199	0.28742465	-0.006470606	-0.001167655	0
136.51367	-0.40949509	-2.308368	-0.006448701	-0.00115931	0
137.01367	-0.41136667	-1.0705148	-0.006454811	-0.001109541	0
137.51367	-0.41218698	-1.4793125	-0.006523505	-0.001308322	1
138.01367	-0.41347221	-1.0392385	-0.006495267	-0.001292229	0
138.51367	-0.41577145	-0.74488461	-0.006435886	-0.001075566	0
139.01367	-0.41748956	-1.9006671	-0.006475076	-0.001288652	0
139.51367	-0.41852072	1.6352233	-0.006508455	-0.001183152	0
140.01367	-0.4200384	0.46369004	-0.006511435	-0.001150668	0
140.51367	-0.42263344	-2.2990375	-0.006457344	-0.001316369	0
141.01367	-0.42251721	0.63119817	-0.006511137	-0.001054704	0
141.51367	-0.42583942	-0.6291858	-0.006481782	-0.001209378	0
142.01367	-0.42635053	-2.2854834	-0.006471872	-0.001130998	0
142.51367	-0.42754486	-1.5819632	-0.006423369	-0.00125736	0
143.01367	-0.42894334	-2.1889722	-0.006495938	-0.001092851	0
143.51367	-0.4304871	-2.0850697	-0.006493703	-0.001145005	0
144.01367	-0.43246448	-2.5934615	-0.0064715	-0.001097918	0
144.51367	-0.43358207	-0.57021624	-0.006477833	-0.001086891	0
145.01367	-0.43444559	-0.90601051	-0.006448478	-0.001085103	0
145.51367	-0.43632537	0.21919176	-0.006582066	-0.001231432	0
146.01367	-0.438907	-2.2021959	-0.006450042	-0.000982881	0
146.51367	-0.43940246	0.84143084	-0.00648573	-0.00112474	0
147.01367	-0.44056922	-2.1826923	-0.006478727	-0.001039207	0
147.51367	-0.44158846	-1.3713648	-0.006452948	-0.001205504	0
148.01367	-0.44470876	-0.88527858	-0.006497577	-0.001135767	1
148.51367	-0.44589639	-1.5438718	-0.006497428	-0.000955462	1
149.01367	-0.44665784	-2.1097212	-0.006475374	-0.001092553	0
149.51367	-0.44863522	-4.1812687	-0.006569997	-0.001117885	0
150.01367	-0.45026168	-0.9840712	-0.006543323	-0.001090169	0
150.51367	-0.45131743	-1.3073877	-0.00648573	-0.001258254	0
151.01367	-0.4529871	-1.6264455	-0.006436929	-0.001007617	0
151.51367	-0.45552626	-2.005687	-0.006512478	-0.001049936	0
152.01367	-0.4565008	0.47852239	-0.006521419	-0.000987947	0
152.51367	-0.45787096	-0.30446532	-0.006479174	-0.000945926	0
153.01367	-0.45793056	-2.3702068	-0.006508604	-0.00117749	0
153.51367	-0.46056584	-4.3656945	-0.006458238	-0.000929236	0
154.01367	-0.46101883	-1.2856292	-0.006504506	-0.001030862	0
154.51367	-0.46331733	-2.9009922	-0.006475896	-0.000933707	0
155.01367	-0.4645668	-2.9527781	-0.006478801	-0.001001358	0
155.51367	-0.46661645	-2.0047364	-0.006459728	-0.001242161	0
156.01367	-0.46708807	-1.2519104	-0.006486028	-0.000983477	0
156.51367	-0.47066063	-3.617698	-0.006495342	-0.001027882	0
157.01367	-0.47233775	-3.1455491	-0.006473288	-0.000950396	0
157.51367	-0.473205	-1.892369	-0.006458461	-0.00093013	0
158.01367	-0.47397241	-0.16875416	-0.006516501	-0.001134574	0
158.51367	-0.47612935	-1.5970734	-0.006534532	-0.000912845	0
159.01367	-0.47775432	-2.8442307	-0.006450564	-0.001053512	1
159.51367	-0.47824904	-0.98876286	-0.006457716	-0.000873506	0
160.01367	-0.48017278	-2.8895674	-0.00643149	-0.000963807	0
160.51367	-0.48208386	-3.8327773	-0.006449521	-0.001100898	0
161.01367	-0.48317537	-2.7949018	-0.006473064	-0.00082463	0
161.51367	-0.4847914	-1.91497	-0.006463975	-0.000978112	0
162.01367	-0.48539937	-2.24738	-0.006484464	-0.000784993	0
162.51367	-0.48704445	-5.0251713	-0.006468892	-0.001134872	0
163.01367	-0.48940331	-1.4474629	-0.006484911	-0.00094384	0
163.51367	-0.49138814	-2.0208702	-0.006460771	-0.000846684	0
164.01367	-0.4923746	-1.3713326	-0.006452277	-0.001112521	0
164.51367	-0.4932642	-3.654283	-0.006478727	-0.000865459	0
165.01367	-0.49489737	-2.3912606	-0.006497055	-0.00125885	0
165.51367	-0.49608275	-0.49740869	-0.006460249	-0.000885129	0
166.01367	-0.49781948	-0.38915977	-0.006425902	-0.000986159	0
166.51367	-0.49898997	-2.9877808	-0.006429106	-0.000881255	0
167.01367	-0.5012542	-1.3650411	-0.006476939	-0.001145303	0
167.51367	-0.50136596	-1.8838955	-0.006504133	-0.001135767	0
168.01367	-0.50434023	-0.69127637	-0.006493479	-0.000790358	0
168.51367	-0.50550473	0.14571737	-0.0064753	-0.00105381	0
169.01367	-0.50686449	-4.3208642	-0.006456524	-0.000854135	0
169.51367	-0.50760138	-0.38713279	-0.006395131	-0.001018345	1
170.01367	-0.50913841	-2.6572924	-0.006381646	-0.001074672	0
170.51367	-0.51154494	1.4516689	-0.006343424	-0.000900924	0
171.01367	-0.51250386	-0.3612003	-0.006307066	-0.001198947	0
171.51367	-0.51308501	-1.1296716	-0.006397367	-0.000771582	0
172.01367	-0.51519203	-0.05305833	-0.006324574	-0.000983775	0
172.51367	-0.51608157	-1.616182	-0.006369129	-0.000780821	0
173.01367	-0.51891577	-0.45019442	-0.006305054	-0.001005828	0
173.51367	-0.52092075	-0.69693607	-0.006337315	-0.001192093	0
174.01367	-0.52215528	-2.33237	-0.006402358	-0.000791848	0
174.51367	-0.52341294	-4.3394551	-0.006380156	-0.001023412	0
175.01367	-0.52482337	0.66978687	-0.006385148	-0.000905097	0
175.51367	-0.52639019	0.6925692	-0.006400719	-0.001178384	0
176.01367	-0.5276792	-2.8955255	-0.006346926	-0.001095831	0
176.51367	-0.529284	-4.7282109	-0.006360039	-0.000797808	0
177.01367	-0.5307548	-2.3085582	-0.006342232	-0.001039803	0
177.51367	-0.53245354	-1.9177427	-0.006377846	-0.000969172	0
178.01367	-0.53450096	-2.4307384	-0.0063169	-0.001195669	0
178.51367	-0.53553355	-2.3193159	-0.006339327	-0.00097096	0
179.01367	-0.53791332	-3.3128963	-0.006337315	-0.000973046	0
179.51367	-0.53783655	-3.4098959	-0.006326065	-0.001125932	0
180.01367	-0.54110217	-4.5316439	-0.006121919	-0.000889599	1
180.51367	-0.5410217	-2.9564459	-0.00608705	-0.001167655	0
181.01367	-0.54408383	-3.611377	-0.006121919	-0.000905395	0
181.51367	-0.54419863	-1.9062215	-0.006096289	-0.00110507	0
182.01367	-0.54719895	-1.0067014	-0.006118119	-0.001111329	0
182.51367	-0.54830539	-3.3940835	-0.006048754	-0.000990629	0
183.01367	-0.5489074	-3.4062338	-0.006014407	-0.001040399	0
183.51367	-0.55106056	-3.469003	-0.005962327	-0.000973046	0
184.01367	-0.55192339	-1.9504378	-0.005908087	-0.001062751	0
184.51367	-0.55411983	-3.5162582	-0.005833805	-0.000998974	0
185.01367	-0.5546056	-2.0669818	-0.005816817	-0.001103878	0
185.51367	-0.55792999	-3.856039	-0.005763769	-0.000849664	0
186.01367	-0.5563736	-1.6094692	-0.005662069	-0.000973046	0
186.51367	-0.55801719	-1.0952246	-0.005588457	-0.001195669	0
187.01367	-0.5608812	-4.0409012	-0.005506873	-0.000880361	0
187.51367	-0.56088865	-1.8958848	-0.005399808	-0.001035333	0
188.01367	-0.56366694	-2.0655661	-0.005306378	-0.000905097	0
188.51367	-0.56452453	-2.8642607	-0.005249828	-0.000984371	0
189.01367	-0.56718141	-2.047344	-0.005249456	-0.000905991	0
189.51367	-0.56686699	-0.53721416	-0.005234331	-0.000963211	0
190.01367	-0.57126135	-2.5019696	-0.005194172	-0.000876486	0
190.51367	-0.57212186	-3.6514516	-0.00490956	-0.000911355	1
191.01367	-0.57160032	-1.5857596	-0.004831404	-0.001045764	0
191.51367	-0.5746417	-2.2752869	-0.004846603	-0.000780523	0
192.01367	-0.57713538	-3.8037968	-0.004809275	-0.000946224	0
192.51367	-0.57779551	-1.3065366	-0.004839897	-0.001044869	0
193.01367	-0.57956576	-4.518157	-0.004748479	-0.000870824	0
193.51367	-0.58074594	-0.81467062	-0.004717186	-0.000896156	0
194.01367	-0.58175099	-2.2499454	-0.004704148	-0.000854135	0
194.51367	-0.58431178	-1.8124714	-0.004660338	-0.000851452	0
195.01367	-0.58501887	-5.9161386	-0.004691854	-0.000877678	0
195.51367	-0.58698803	-3.3306215	-0.004682392	-0.000981987	0
196.01367	-0.58925819	-2.8994975	-0.004655793	-0.000908077	0
196.51367	-0.58956075	-4.6491094	-0.004658103	-0.000906587	0
197.01367	-0.59100461	-5.2101297	-0.004612953	-0.001044571	0
197.51367	-0.59264749	-4.0795918	-0.004551485	-0.00076592	0
198.01367	-0.5953021	-2.5810013	-0.004506931	-0.000894964	0
198.51367	-0.59756637	-4.4481602	-0.004496425	-0.00092715	0
199.01367	-0.5967952	-2.169843	-0.004457533	-0.00093013	0
199.51367	-0.59885311	-2.5491779	-0.004414022	-0.000950992	0
200.01367	-0.60025823	-0.78201371	-0.004425943	-0.000977814	0
200.51367	-0.60193169	-3.7430432	-0.004439503	-0.000981987	0
201.01367	-0.60397983	-0.061113607	-0.004403517	-0.000752509	1
201.51367	-0.60527772	-3.6183736	-0.004043132	-0.001001656	1
202.01367	-0.60662627	-1.8234518	-0.004037097	-0.000858903	0
202.51367	-0.60697865	-1.3939687	-0.004012138	-0.000944436	0
203.01367	-0.60950446	-0.79156947	-0.004083291	-0.001047254	0
203.51367	-0.61095428	-2.4885235	-0.004011914	-0.000793934	0
204.01367	-0.61221272	-2.6130059	-0.004045591	-0.000974536	0
204.51367	-0.61382055	-0.80013078	-0.004033074	-0.001021922	0
205.01367	-0.61421168	-2.5573969	-0.004012585	-0.000891984	0
205.51367	-0.61596262	-3.8553021	-0.004031435	-0.000992417	0
206.01367	-0.61745942	-3.3337538	-0.003968924	-0.000841916	0
206.51367	-0.6191045	1.6925404	-0.003895983	-0.000978708	0
207.01367	-0.61969906	-2.6291428	-0.003899485	-0.000844896	0
207.51367	-0.62319267	-2.8397789	-0.003780648	-0.00089407	0
208.01367	-0.62307864	-3.1934829	-0.003662556	-0.000975728	0
208.51367	-0.62596869	-2.8268156	-0.003681406	-0.000767112	0
209.01367	-0.62613636	-1.1754878	-0.003618524	-0.001029074	0
209.51367	-0.62765032	-3.8203228	-0.003652349	-0.00095576	0
210.01367	-0.62962246	-0.16845874	-0.003649741	-0.000925958	0
210.51367	-0.63199848	-0.85074973	-0.003638715	-0.000985265	0
211.01367	-0.63283372	-1.3595394	-0.003607273	-0.000915527	0
211.51367	-0.63429475	0.15899658	-0.003599748	-0.000981987	0
212.01367	-0.63547719	0.29926479	-0.003316924	-0.00105232	1
212.51367	-0.63713121	2.4102199	-0.003283098	-0.001013875	0
213.01367	-0.63837397	-0.93542659	-0.003343672	-0.001081526	0
213.51367	-0.63955116	-0.1410521	-0.003287271	-0.000905693	0
214.01367	-0.64147115	-2.9424999	-0.003262684	-0.000967383	0
214.51367	-0.64192188	-2.094681	-0.003209934	-0.001007319	0
215.01367	-0.6447382	-2.7673285	-0.003279373	-0.000835061	0
215.51367	-0.64609498	-2.1019611	-0.00323385	-0.001072586	0
216.01367	-0.64763498	-1.343537	-0.003197342	-0.001044273	0
216.51367	-0.64888966	0.40064308	-0.003242865	-0.001003146	0
217.01367	-0.65066963	-3.1699283	-0.003177002	-0.00099659	0
217.51367	-0.653328	-3.0783982	-0.003128499	-0.001034141	0
218.01367	-0.65323186	-0.17036873	-0.003102496	-0.000992417	0
218.51367	-0.65540373	-1.1660812	-0.003091842	-0.000933409	0
219.01367	-0.65795851	-1.5821737	-0.003100708	-0.001134276	0
219.51367	-0.65897179	-3.7411098	-0.003067106	-0.000997782	0
220.01367	-0.65877211	0.41874549	-0.003075674	-0.001084805	0
220.51367	-0.66046417	-0.38263133	-0.003039464	-0.001069605	0
221.01367	-0.66279995	-3.4726825	-0.003053695	-0.001024604	0
221.51367	-0.66424906	-1.173996	-0.003109947	-0.001198947	0
222.01367	-0.66490024	-2.4577355	-0.003032014	-0.001119673	0
222.51367	-0.66753924	-1.0307678	-0.002902374	-0.001102984	1
223.01367	-0.66871643	-2.1761668	-0.002869442	-0.001151264	0
223.51367	-0.67060441	-2.6233163	-0.002839193	-0.001085401	0
224.01367	-0.67263019	-2.4240639	-0.002847686	-0.000964403	0
224.51367	-0.6736055	-1.1111333	-0.002865344	-0.001089871	0
225.01367	-0.67474246	-2.0978165	-0.002880618	-0.000913739	0
225.51367	-0.67574608	-2.48368	-0.002856553	-0.001112521	0
226.01367	-0.67816675	-2.7306848	-0.002840459	-0.000974536	0
226.51367	-0.68026036	-1.194693	-0.002810881	-0.0008744	0
227.01367	-0.6802991	-3.7357512	-0.002883971	-0.000875294	0
227.51367	-0.68208724	-3.1284411	-0.002797172	-0.000928938	0
228.01367	-0.6832853	-4.0884457	-0.002865195	-0.000850856	0
228.51367	-0.68584454	-4.5679421	-0.002857521	-0.000950992	0
229.01367	-0.68820047	-1.2695245	-0.002787784	-0.000910759	0
229.51367	-0.68869221	0.26788899	-0.002778843	-0.000964999	0
230.01367	-0.68953484	-2.1546919	-0.002800152	-0.001047552	0
230.51367	-0.69199431	-4.4657507	-0.002761036	-0.000871718	0
231.01367	-0.69206208	-3.751812	-0.002758503	-0.001038611	0
231.51367	-0.69400966	-1.7528671	-0.002777055	-0.000993311	0
232.01367	-0.69664788	-1.396841	-0.002754256	-0.000889003	0
232.51367	-0.69698465	-2.381705	-0.002747998	-0.000865757	0
233.01367	-0.70013034	-3.1971624	-0.002409145	-0.001014769	1
233.51367	-0.69969594	-3.2878587	-0.002406091	-0.000904799	0
234.01367	-0.70348454	-1.7645406	-0.002407804	-0.001110435	0
234.51367	-0.70195794	-2.5487216	-0.002404526	-0.000889897	0
235.01367	-0.70324838	-3.7804561	-0.002383739	-0.001091659	0
235.51367	-0.70682913	-1.4061013	-0.002386048	-0.000968874	0
236.01367	-0.70902407	-2.4191411	-0.0023669	-0.001001358	0
236.51367	-0.70944279	-2.45558	-0.002317727	-0.001092553	0
237.01367	-0.71139109	-3.6225269	-0.002340525	-0.000988841	0
237.51367	-0.71166384	-4.24087	-0.002337694	-0.000855625	0
238.01367	-0.71327317	-2.7034566	-0.002339706	-0.001023114	0
238.51367	-0.71482587	-4.2146859	-0.00237748	-0.000991523	0
239.01367	-0.71695971	-4.5434928	-0.00236325	-0.00103116	0
239.51367	-0.71818084	-2.4557409	-0.002321154	-0.001020134	0
240.01367	-0.72093308	-3.5715511	-0.0023368	-0.001013875	0
240.51367	-0.72188151	-3.0572042	-0.002330169	-0.001082718	0
241.01367	-0.72223616	-1.5369776	-0.002363622	-0.000883639	0
241.51367	-0.724455	-1.8288423	-0.00233613	-0.001117587	0
242.01367	-0.72646511	-3.724113	-0.002319887	-0.000989139	0
242.51367	-0.72771907	-1.9860517	-0.002317503	-0.001091361	0
243.01367	-0.72958994	-2.4011676	-0.002366379	-0.000849962	0
243.51367	-0.73003101	-2.1893933	-0.002282411	-0.001110435	1
244.01367	-0.73236597	-0.88330424	-0.002197176	-0.000970662	1
244.51367	-0.73208213	-2.1229329	-0.002118573	-0.001064539	0
245.01367	-0.73545945	-3.0088198	-0.002095699	-0.00085324	0
245.51367	-0.7383123	-2.3032932	-0.002170652	-0.00102818	0
246.01367	-0.7370472	-1.0426928	-0.002147481	-0.000984967	0
246.51367	-0.73954093	-3.1388743	-0.002147928	-0.0010252	0
247.01367	-0.74145496	-2.4641528	-0.00212729	-0.000882745	0
247.51367	-0.7431097	-2.9629538	-0.002096221	-0.00097841	0
248.01367	-0.74424076	-3.1167266	-0.0021483	-0.000928342	0
248.51367	-0.74566674	-5.0610514	-0.00210762	-0.000802577	0
249.01367	-0.7477932	-3.1430247	-0.002158135	-0.001056492	0
249.51367	-0.74860901	-4.2179298	-0.002175272	-0.000870824	0
250.01367	-0.75028986	-1.8656849	-0.002175346	-0.001038015	0
250.51367	-0.75234842	-3.7499313	-0.002187938	-0.000879169	0
251.01367	-0.75265837	-4.3379574	-0.002168864	-0.001154244	0
251.51367	-0.75534135	-0.97450376	-0.002229139	-0.000872016	0
252.01367	-0.75653267	-0.62759173	-0.002161637	-0.001136065	0
252.51367	-0.75724572	-3.036478	-0.002153292	-0.000977516	0
253.01367	-0.75815022	-1.6680498	-0.002166331	-0.001157522	0
253.51367	-0.76019913	0.20613484	-0.002150759	-0.001022816	0
254.01367	-0.76192689	-3.3309753	-0.002227202	-0.001117885	0
254.51367	-0.76381415	-0.71709186	-0.002214387	-0.000993609	1
255.01367	-0.76503384	-0.14962216	-0.002242178	-0.001061857	0
255.51367	-0.76607394	-2.7971511	-0.002228916	-0.001035929	0
256.01367	-0.76908994	-1.7669127	-0.002210587	-0.001095533	0
256.51367	-0.77052414	-2.2303102	-0.002255067	-0.00114888	0
257.01367	-0.77096224	-4.6547546	-0.002277568	-0.001042485	0
257.51367	-0.77210665	-0.49287507	-0.002249405	-0.001074672	0
258.01367	-0.77316016	-0.916318	-0.002293363	-0.001027286	0
258.51367	-0.77637583	-3.8770168	-0.002273694	-0.001272857	0
259.01367	-0.77641976	-3.8238561	-0.002220869	-0.00095129	0
259.51367	-0.77884048	-4.4403744	-0.002247393	-0.001051128	0
260.01367	-0.77999461	-4.8340149	-0.00227198	-0.000964403	0
260.51367	-0.78080595	-4.2776685	-0.00231564	-0.001317263	0
261.01367	-0.78287572	-1.1082962	-0.002314225	-0.00092566	0
261.51367	-0.78509748	-2.7780628	-0.002240464	-0.001172125	0
262.01367	-0.78500438	-4.7528949	-0.002288818	-0.000999868	0
262.51367	-0.78743696	-4.1978149	-0.002301633	-0.001229644	0
263.01367	-0.78958124	-4.1935534	-0.002202094	-0.001120567	0
263.51367	-0.79121661	-5.1463947	-0.002264008	-0.001128316	0
264.01367	-0.79119653	-6.2145171	-0.002228469	-0.001154244	0
264.51367	-0.79342127	-6.6855721	-0.002203584	-0.00117749	0
265.01367	-0.79436302	-6.8989229	-0.00245437	-0.001216531	1
265.51367	-0.79681945	-8.9103661	-0.002425537	-0.001135171	0
266.01367	-0.79858375	-8.5241985	-0.00244692	-0.001262128	0
266.51367	-0.80040324	-10.736934	-0.00238359	-0.00128895	0
267.01367	-0.80020726	-12.205868	-0.002403855	-0.001278818	0
267.51367	-0.80182481	-12.982038	-0.002386421	-0.001397729	0
268.01367	-0.80476928	-13.567207	-0.002363101	-0.001367331	0
268.51367	-0.80617893	-11.785748	-0.00241831	-0.001418591	0
269.01367	-0.80642033	-13.929282	-0.00239335	-0.001417399	0
269.51367	-0.80863982	-14.93179	-0.002381578	-0.001322031	0
270.01367	-0.80975962	-15.297324	-0.002395883	-0.001365244	0
270.51367	-0.81159842	-16.974142	-0.002401173	-0.001419187	0
271.01367	-0.81302822	-16.857121	-0.002357215	-0.001296997	0
271.51367	-0.81388056	-16.488522	-0.002382398	-0.001479685	0
272.01367	-0.81563365	-16.442303	-0.002409518	-0.001383722	0
272.51367	-0.81876516	-16.386059	-0.002408251	-0.001300871	0
273.01367	-0.81878376	-17.039444	-0.002362281	-0.001339018	0
273.51367	-0.82094741	-15.691072	-0.002405644	-0.00151068	0
274.01367	-0.82136464	-16.465004	-0.002286881	-0.001392365	0
274.51367	-0.82252693	-15.300294	-0.002332106	-0.001389682	0
275.01367	-0.82541555	-17.519884	-0.00232771	-0.001541376	0
275.51367	-0.82713366	-17.823248	-0.002081692	-0.001508892	1
276.01367	-0.82845241	-16.099667	-0.001996681	-0.001423359	0
276.51367	-0.83007067	-16.798784	-0.001960471	-0.001490414	0
277.01367	-0.83139169	-16.267515	-0.001845434	-0.001449287	0
277.51367	-0.83191025	-16.507988	-0.001738444	-0.001420975	0
278.01367	-0.8334443	-19.483833	-0.001573935	-0.001374781	0
278.51367	-0.83530617	-18.683025	-0.00152573	-0.001505911	0
279.01367	-0.83693415	-19.5156	-0.001350343	-0.001437664	0
279.51367	-0.83753914	-18.156542	-0.001293644	-0.001494288	0
280.01367	-0.83967519	-20.419603	-0.001192391	-0.001451969	0
280.51367	-0.84259361	-18.402847	-0.001071394	-0.001588762	0
281.01367	-0.84221065	-18.74754	-0.001012832	-0.001547933	0
281.51367	-0.84406364	-18.08065	-0.000893846	-0.001662076	0
282.01367	-0.84649849	-17.215279	-0.000782907	-0.001498163	0
282.51367	-0.84620488	-20.125792	-0.000662655	-0.00190258	0
283.01367	-0.84776056	-22.489403	-0.000469759	-0.001588166	0
283.51367	-0.84970891	-26.677032	-0.000323877	-0.001659691	0
284.01367	-0.85231137	-27.760368	-0.000221282	-0.00187099	0
284.51367	-0.85339022	-25.88117	-0.000107959	-0.001782775	0
285.01367	-0.85469258	-28.062742	6.94E-05	-0.001944304	0
285.51367	-0.85676539	-29.939697	0.000181198	-0.00177294	0
286.01367	-0.85774434	-33.274677	0.000951588	-0.002093315	1
286.51367	-0.85933137	-34.117989	0.000869557	-0.001864731	0
287.01367	-0.86153078	-33.536613	0.000890493	-0.002225637	0
287.51367	-0.86284208	-37.018879	0.000921115	-0.001978874	0
288.01367	-0.86414963	-39.442856	0.000995845	-0.002504587	0
288.51367	-0.86594373	-40.751633	0.001150593	-0.002146959	0
289.01367	-0.86716485	-43.940598	0.001290664	-0.002374947	0
289.51367	-0.86776316	-44.068401	0.001524165	-0.002307594	0
290.01367	-0.86886656	-47.30875	0.001544803	-0.002662242	0
290.51367	-0.87255311	-50.521042	0.001725331	-0.002477169	0
291.01367	-0.87283182	-50.488171	0.00191696	-0.002720356	0
291.51367	-0.87428916	-52.948521	0.002130643	-0.002745092	0
292.01367	-0.87614882	-56.47345	0.002329722	-0.00292033	0
292.51367	-0.87579262	-57.951698	0.002449751	-0.00279367	0
293.01367	-0.87912154	-62.6856	0.00274986	-0.002998114	0
293.51367	-0.87885857	-65.365807	0.002873018	-0.003085434	0
294.01367	-0.88166296	-64.970749	0.002881661	-0.003012121	0
294.51367	-0.88329685	-65.454491	0.002909452	-0.003108382	0
295.01367	-0.88381398	-65.961014	0.002877489	-0.003181696	0
295.51367	-0.8874439	-66.778427	0.002900511	-0.003164709	0
296.01367	-0.88806677	-67.788986	0.002889931	-0.003048778	0
296.51367	-0.88843775	-67.078682	0.002916828	-0.003193021	1
297.01367	-0.88991523	-69.994446	0.003600866	-0.003239811	1
297.51367	-0.89270246	-68.915779	0.003552139	-0.003232956	0
298.01367	-0.89395046	-70.2043	0.003573373	-0.00318259	0
298.51367	-0.89592111	-71.57164	0.003621802	-0.003383756	0
299.01367	-0.89679956	-72.041656	0.003546402	-0.003316701	0
299.51367	-0.89909065	-75.413475	0.003566518	-0.003432632	0
300.01367	-0.90108365	-75.884659	0.003545731	-0.003314912	0
300.51367	-0.90140104	-76.821915	0.003541932	-0.003593862	0
301.01367	-0.90229285	-76.005402	0.00354223	-0.003270805	0
301.51367	-0.90531337	-76.460411	0.00357993	-0.003519952	0
302.01367	-0.90681165	-79.58519	0.003555417	-0.003437698	0
302.51367	-0.90727657	-78.814346	0.003604963	-0.003621876	0
303.01367	-0.9096719	-79.636024	0.003519878	-0.003435016	0
303.51367	-0.91159344	-80.176414	0.003563315	-0.003503263	0
304.01367	-0.9111948	-81.026558	0.003564805	-0.003667772	0
304.51367	-0.91314316	-80.151588	0.003533289	-0.003595948	0
305.01367	-0.91474879	-85.763809	0.003591627	-0.003822148	0
305.51367	-0.91706961	-88.760735	0.00355944	-0.003457665	0
306.01367	-0.91710317	-85.681641	0.003578141	-0.003866255	0
306.51367	-0.92000216	-88.838089	0.003569275	-0.003767014	0
307.01367	-0.91994107	-89.680893	0.00358738	-0.003952086	0
307.51367	-0.92282444	-90.285645	0.004118979	-0.003907085	1
308.01367	-0.92284083	-93.5952	0.004176647	-0.003878772	0
308.51367	-0.92564672	-94.418388	0.004183427	-0.004092157	0
309.01367	-0.92591792	-96.182037	0.004132688	-0.00395149	0
309.51367	-0.92863667	-96.258598	0.004149303	-0.004318655	0
310.01367	-0.92907917	-98.795059	0.004176647	-0.004094839	0
310.51367	-0.931786	-103.95563	0.004199669	-0.004275441	0
311.01367	-0.93117952	-103.21088	0.004133135	-0.004457831	0
311.51367	-0.9342618	-106.33925	0.004157051	-0.00438273	0
312.01367	-0.93622208	-109.58942	0.004158914	-0.004568696	0
312.51367	-0.93714821	-114.08279	0.004187152	-0.004451871	0
313.01367	-0.93842971	-115.94817	0.004250854	-0.004803836	0
313.51367	-0.94076991	-118.69589	0.004295334	-0.004842579	0
314.01367	-0.94142407	-121.87261	0.004322827	-0.004898012	0
314.51367	-0.94347668	-123.89143	0.004340112	-0.005128384	0
315.01367	-0.94390881	-128.60954	0.00434354	-0.005130172	0
315.51367	-0.9455353	-133.85796	0.004397258	-0.005454123	0
316.01367	-0.94812512	-137.91367	0.004378408	-0.00536859	0
316.51367	-0.94953328	-138.86177	0.0043948	-0.005562604	0
317.01367	-0.95080882	-145.72102	0.004429594	-0.005707145	0
317.51367	-0.95281601	-149.68727	0.004426241	-0.005880296	0
318.01367	-0.95397085	-155.50142	0.005064309	-0.006009042	1
318.51367	-0.95589161	-156.61349	0.005039573	-0.006098151	0
319.01367	-0.9566918	-163.19279	0.005011261	-0.006359518	0
319.51367	-0.9582147	-170.85382	0.005013123	-0.006352067	0
320.01367	-0.96002293	-176.27792	0.005020201	-0.006851256	0
320.51367	-0.96135068	-180.77963	0.004894957	-0.006714463	0
321.01367	-0.96302778	-187.02036	0.004852489	-0.006995797	0
321.51367	-0.96419901	-194.45276	0.004799813	-0.007113814	0
322.01367	-0.96617788	-195.82224	0.004757196	-0.00747025	0
322.51367	-0.9673171	-202.93111	0.004642755	-0.00752151	0
323.01367	-0.96824169	-209.03455	0.004549474	-0.007660389	0
323.51367	-0.97060502	-215.90617	0.004536733	-0.007888079	0
324.01367	-0.9721294	-219.91774	0.004501119	-0.008032024	0
324.51367	-0.97358298	-226.362	0.004390851	-0.008311868	0
325.01367	-0.97440553	-232.6351	0.004362762	-0.008400977	0
325.51367	-0.97635162	-240.6701	0.004326478	-0.008744001	0
326.01367	-0.97681808	-248.5036	0.004219338	-0.008740723	0
326.51367	-0.97901374	-253.47147	0.004100427	-0.00915885	0
327.01367	-0.98104846	-258.33832	0.004023463	-0.009150803	0
327.51367	-0.98173171	-264.52249	0.003987774	-0.009485781	0
328.01367	-0.98397434	-270.51657	0.003947616	-0.009579361	0
328.51367	-0.98568052	-275.47446	0.003262833	-0.009824932	1
329.01367	-0.98685771	-283.98413	0.003206879	-0.009978116	0
329.51367	-0.98768103	-291.43423	0.003155023	-0.01019448	0
330.01367	-0.99072087	-299.29938	0.00308156	-0.010348856	0
330.51367	-0.99133921	-304.42886	0.002990067	-0.010474324	0
331.01367	-0.99254102	-308.93591	0.002860278	-0.010910928	0
331.51367	-0.99496841	-316.73032	0.002787858	-0.010861456	0
332.01367	-0.99567997	-319.68393	0.002643019	-0.01119405	0
332.51367	-0.99781901	-326.36816	0.002618805	-0.011252463	0
333.01367	-0.99827051	-331.72974	0.002567023	-0.011535585	0
333.51367	-1.0001242	-337.47733	0.002477318	-0.011761189	0
334.01367	-1.0019995	-341.8251	0.002392456	-0.011935234	0
334.51367	-1.0025643	-348.60016	0.002292916	-0.012113452	0
335.01367	-1.0041631	-354.54959	0.002250597	-0.012217164	0
335.51367	-1.0055184	-361.5213	0.00213936	-0.012602508	0
336.01367	-1.0077215	-365.02991	0.001982898	-0.012609661	0
336.51367	-1.009611	-372.17322	0.001887754	-0.012810826	0
337.01367	-1.0107316	-377.19626	0.001823157	-0.013048649	0
337.51367	-1.0119044	-382.46359	0.00163734	-0.013087988	0
338.01367	-1.0149479	-387.82166	0.001512095	-0.01331985	0
338.51367	-1.0157787	-390.66467	0.001403242	-0.013358593	0
339.01367	-1.0165043	-395.45947	0.00121735	-0.01350522	1
339.51367	-1.0179937	-397.60037	0.000734851	-0.013588369	0
340.01367	-1.0197632	-403.56787	0.000726804	-0.013822913	0
340.51367	-1.0217533	-406.82895	0.000672191	-0.014111698	0
341.01367	-1.0228008	-411.444	0.000628755	-0.013977885	0
341.51367	-1.0229454	-414.78018	0.000652522	-0.01429528	0
342.01367	-1.0268226	-420.35236	0.000545755	-0.014320016	0
342.51367	-1.0271095	-424.91394	0.000495091	-0.014519989	0
343.01367	-1.0301456	-427.29065	0.000444725	-0.014703572	0
343.51367	-1.030159	-428.84052	0.000446141	-0.014728904	0
344.01367	-1.0321386	-436.35867	0.000339076	-0.014981627	0
344.51367	-1.0332935	-437.43573	0.000238046	-0.014926195	0
345.01367	-1.0349773	-440.04465	0.000118017	-0.015207231	0
345.51367	-1.0359063	-442.64969	-5.74E-05	-0.015168786	0
346.01367	-1.0391093	-445.54294	-0.000222996	-0.015132427	0
346.51367	-1.0400727	-446.92459	-0.000435039	-0.015260279	0
347.01367	-1.0410696	-448.78018	-0.000609383	-0.01526773	0
347.51367	-1.043278	-448.44937	-0.000748485	-0.015510917	0
348.01367	-1.0448568	-450.04053	-0.000975132	-0.015262663	0
348.51367	-1.0472105	-450.79507	-0.001094341	-0.015404522	0
349.01367	-1.0471582	-452.07217	-0.001172274	-0.015521944	0
349.51367	-1.0493293	-453.08929	-0.001240149	-0.015441775	1
350.01367	-1.0504909	-455.4335	-0.002007112	-0.015611649	1
350.51367	-1.0513201	-455.68207	-0.001996532	-0.015462935	0
351.01367	-1.0539614	-458.33795	-0.00199087	-0.015606284	0
351.51367	-1.0550596	-458.30511	-0.002011135	-0.015625656	0
352.01367	-1.0558575	-461.95258	-0.002129749	-0.015723407	0
352.51367	-1.0574877	-461.2522	-0.002316237	-0.015588701	0
353.01367	-1.0580533	-464.31207	-0.00252761	-0.015765727	0
353.51367	-1.0599829	-462.9277	-0.002780035	-0.015788376	0
354.01367	-1.0614798	-466.20093	-0.003050417	-0.015878081	0
354.51367	-1.0641396	-468.8385	-0.003273264	-0.015881658	0
355.01367	-1.0645084	-469.42966	-0.00345856	-0.015956461	0
355.51367	-1.0664575	-473.3446	-0.003865734	-0.016050041	0
356.01367	-1.0678284	-472.23419	-0.004243404	-0.016005337	0
356.51367	-1.0700657	-479.21179	-0.004573986	-0.01613915	0
357.01367	-1.0708041	-480.29245	-0.004865527	-0.016233027	0
357.51367	-1.0720499	-484.4165	-0.005172864	-0.016364753	0
358.01367	-1.0740459	-485.03693	-0.005375892	-0.016530454	0
358.51367	-1.0755374	-488.05261	-0.005720928	-0.016401112	0
359.01367	-1.0766997	-490.15707	-0.006057471	-0.016671419	0
359.51367	-1.0779605	-490.00601	-0.00640884	-0.016621947	0
360.01367	-1.0789998	-491.85986	-0.006973893	-0.01660347	0
360.51367	-1.081109	-495.59137	-0.007890761	-0.016801655	1
361.01367	-1.0836214	-493.49545	-0.008204877	-0.016615987	0
361.51367	-1.084777	-493.42725	-0.008562505	-0.016777217	0
362.01367	-1.0860778	-501.81622	-0.00906311	-0.016800761	0
362.51367	-1.0883011	-503.22272	-0.009503216	-0.016844869	0
363.01367	-1.0883361	-502.01703	-0.009799153	-0.017096996	0
363.51367	-1.0903515	-505.63354	-0.010340884	-0.017043948	0
364.01367	-1.0924704	-509.9014	-0.010656714	-0.017209351	0
364.51367	-1.0934114	-511.52539	-0.010987073	-0.017246604	0
365.01367	-1.0943778	-516.32123	-0.011299849	-0.017390847	0
365.51367	-1.0964103	-520.42651	-0.011735186	-0.017708242	0
366.01367	-1.0961778	-522.37665	-0.01214467	-0.01760155	0
366.51367	-1.099848	-526.55975	-0.012446195	-0.017959476	0
367.01367	-1.1005626	-531.86475	-0.012894049	-0.01790911	0
367.51367	-1.1007979	-536.69141	-0.013440847	-0.018063188	0
368.01367	-1.1042744	-539.22284	-0.013921782	-0.018389225	0
368.51367	-1.1050627	-542.73688	-0.01420863	-0.018304884	0
369.01367	-1.1072204	-543.88086	-0.014713928	-0.018447042	0
369.51367	-1.108855	-548.75604	-0.015283152	-0.018449128	0
370.01367	-1.1104167	-550.53662	-0.015801489	-0.01855135	0
370.51367	-1.1121616	-555.11584	-0.016206652	-0.018870234	0
371.01367	-1.1129469	-555.42749	-0.017081648	-0.018929541	1
371.51367	-1.1143245	-560.23364	-0.017261207	-0.01898706	0
372.01367	-1.1150755	-564.25751	-0.017650127	-0.019058585	0
372.51367	-1.1165812	-564.71826	-0.018199533	-0.019133985	0
373.01367	-1.1176772	-569.0824	-0.018835962	-0.019274652	0
373.51367	-1.1202968	-573.25385	-0.019400939	-0.019565523	0
374.01367	-1.1223733	-571.56476	-0.020113289	-0.019476116	0
374.51367	-1.1233203	-574.3689	-0.020692796	-0.019628406	0
375.01367	-1.1243649	-572.16638	-0.021646395	-0.019687712	0
375.51367	-1.1267855	-574.03943	-0.022495463	-0.019546151	0
376.01367	-1.1266507	-575.43976	-0.023232475	-0.019779801	0
376.51367	-1.1278377	-576.97772	-0.02388075	-0.019823015	0
377.01367	-1.1297978	-580.68433	-0.024397671	-0.02004087	0
377.51367	-1.1340402	-587.67969	-0.024960935	-0.02032727	0
378.01367	-1.1349843	-589.58264	-0.02540648	-0.020239353	0
378.51367	-1.1361085	-595.01013	-0.025921911	-0.020455122	0
379.01367	-1.1368334	-602.59863	-0.026451796	-0.020706058	0
379.51367	-1.1378334	-605.57159	-0.026945695	-0.02079457	0
380.01367	-1.1408508	-612.0946	-0.027441829	-0.021119714	0
380.51367	-1.1406944	-614.64294	-0.027884766	-0.021289289	0
381.01367	-1.1420205	-619.45166	-0.028485954	-0.021397471	0
381.51367	-1.1435733	-623.24518	-0.02954945	-0.021622777	1
382.01367	-1.145751	-627.26581	-0.029741377	-0.021705329	0
382.51367	-1.1468604	-632.40247	-0.030219778	-0.021902025	0
383.01367	-1.149039	-636.58844	-0.03071107	-0.022086501	0
383.51367	-1.1499748	-637.54089	-0.031484067	-0.022195876	0
384.01367	-1.1526115	-641.46051	-0.032123551	-0.022318065	0
384.51367	-1.152581	-640.71301	-0.032734126	-0.022577643	0
385.01367	-1.15413	-642.45239	-0.03346011	-0.022400618	0
385.51367	-1.1550456	-641.97272	-0.034176782	-0.022472441	0
386.01367	-1.1564493	-646.96906	-0.03499262	-0.022603571	0
386.51367	-1.1579521	-652.974	-0.035636351	-0.022727847	0
387.01367	-1.1613041	-652.88208	-0.036337376	-0.022932589	0
387.51367	-1.1619322	-656.06738	-0.037020594	-0.023180544	0
388.01367	-1.165586	-658.07104	-0.037709475	-0.023188293	0
388.51367	-1.1652961	-662.25336	-0.038295612	-0.023299754	0
389.01367	-1.1661723	-667.64191	-0.038767755	-0.023419857	0
389.51367	-1.1688709	-670.71649	-0.039121881	-0.023597777	0
390.01367	-1.1688821	-675.1203	-0.039470196	-0.02368927	0
390.51367	-1.1712477	-677.69507	-0.03977403	-0.02402544	0
391.01367	-1.1720866	-680.64465	-0.040031448	-0.024024844	0
391.51367	-1.1741407	-687.4187	-0.040263981	-0.024346709	0
392.01367	-1.1752441	-694.58875	-0.040575787	-0.024431646	1
392.51367	-1.1775978	-696.17352	-0.041290745	-0.024494231	1
393.01367	-1.1796281	-701.05408	-0.041299015	-0.024699271	0
393.51367	-1.1802577	-709.25092	-0.041430071	-0.024935007	0
394.01367	-1.1824257	-712.20746	-0.041822121	-0.02504617	0
394.51367	-1.182916	-715.19415	-0.041947067	-0.02537787	0
395.01367	-1.1844144	-717.43713	-0.042366758	-0.025497377	0
395.51367	-1.1863	-725.66998	-0.042580962	-0.025537908	0
396.01367	-1.1888593	-725.93402	-0.042880327	-0.025805831	0
396.51367	-1.1904091	-728.8595	-0.043136626	-0.025923252	0
397.01367	-1.1909134	-731.74658	-0.043306723	-0.026041865	0
397.51367	-1.1919461	-731.93713	-0.043555871	-0.026208758	0
398.01367	-1.1926032	-732.74609	-0.043783188	-0.026225448	0
398.51367	-1.1953771	-735.9704	-0.043968856	-0.026554167	0
399.01367	-1.197134	-739.33887	-0.044147894	-0.026571453	0
399.51367	-1.1989541	-744.25378	-0.044324994	-0.026668012	0
400.01367	-1.2004949	-748.74847	-0.044490173	-0.026892722	0
400.51367	-1.2004577	-750.67499	-0.044760332	-0.026994944	0
401.01367	-1.203429	-754.70471	-0.044856593	-0.027190149	0
401.51367	-1.204525	-757.8222	-0.044955388	-0.027312934	0
402.01367	-1.2055867	-763.08386	-0.045077279	-0.027493238	0
402.51367	-1.2074099	-765.67194	-0.045162365	-0.027537346	0
403.01367	-1.2083187	-769.00189	-0.045738593	-0.027808547	1
403.51367	-1.2096941	-771.92535	-0.045760944	-0.027934909	0
404.01367	-1.2124009	-776.61243	-0.045747012	-0.028156936	0
404.51367	-1.2131207	-778.29651	-0.045755208	-0.028308928	0
405.01367	-1.2149341	-785.03668	-0.045791939	-0.028383434	0
405.51367	-1.2162693	-780.34595	-0.045794398	-0.028519928	0
406.01367	-1.2186885	-783.14648	-0.045733824	-0.028626323	0
406.51367	-1.2181259	-786.51141	-0.045740306	-0.028645992	0
407.01367	-1.220829	-786.03851	-0.045796186	-0.028913915	0
407.51367	-1.222428	-789.04205	-0.045769736	-0.028893948	0
408.01367	-1.2242519	-789.04504	-0.045745522	-0.028956532	0
408.51367	-1.2256079	-793.82703	-0.045761615	-0.029196143	0
409.01367	-1.2256652	-794.48096	-0.045751259	-0.029301643	0
409.51367	-1.2277291	-797.32166	-0.045705363	-0.029428601	0
410.01367	-1.2297206	-800.06787	-0.045687184	-0.02949059	0
410.51367	-1.2320243	-802.30206	-0.045574456	-0.029721856	0
411.01367	-1.2326442	-808.01678	-0.045639649	-0.029807687	0
411.51367	-1.2348496	-809.83069	-0.045491159	-0.029876828	0
412.01367	-1.2350812	-810.56165	-0.045501441	-0.029990673	0
412.51367	-1.237493	-815.43903	-0.045410991	-0.030119717	0
413.01367	-1.2390875	-821.23383	-0.04529871	-0.030368567	0
413.51367	-1.2402349	-819.46899	-0.044830963	-0.030354261	1
414.01367	-1.2414649	-824.26056	-0.044786707	-0.030526519	0
414.51367	-1.243551	-824.85529	-0.044801608	-0.030630231	0
415.01367	-1.2455337	-828.04858	-0.044799522	-0.030768812	0
415.51367	-1.247003	-832.64948	-0.044768006	-0.030862987	0
416.01367	-1.2476169	-832.08881	-0.044578612	-0.030969977	0
416.51367	-1.2507274	-835.96594	-0.044433624	-0.030979514	0
417.01367	-1.25188	-836.61768	-0.044340491	-0.031093657	0
417.51367	-1.2524046	-838.22327	-0.044207424	-0.031315088	0
418.01367	-1.2543731	-842.82739	-0.044235364	-0.031428039	0
418.51367	-1.2557328	-844.17395	-0.044185743	-0.031486452	0
419.01367	-1.2576782	-848.68372	-0.04417181	-0.031879544	0
419.51367	-1.2577392	-852.8092	-0.044114888	-0.031963885	0
420.01367	-1.2598708	-855.29608	-0.044028237	-0.032261908	0
420.51367	-1.2604043	-859.42944	-0.043859556	-0.032413006	0
421.01367	-1.2632221	-865.05219	-0.043870881	-0.032593012	0
421.51367	-1.2649506	-871.58136	-0.043670759	-0.032918155	0
422.01367	-1.2656152	-875.05988	-0.04364118	-0.033053458	0
422.51367	-1.2677743	-878.25275	-0.043558404	-0.033360124	0
423.01367	-1.2699373	-882.85681	-0.043417439	-0.033566952	0
423.51367	-1.2709453	-887.16254	-0.04337281	-0.03369391	0
424.01367	-1.2716509	-891.17761	-0.042745769	-0.033893585	1
424.51367	-1.2751534	-896.97156	-0.042696148	-0.034366548	0
425.01367	-1.2752697	-898.91504	-0.042641684	-0.034529567	0
425.51367	-1.2760446	-904.64685	-0.042691603	-0.034848452	0
426.01367	-1.2781858	-911.47772	-0.042654276	-0.035096407	0
426.51367	-1.2794673	-916.36652	-0.042682365	-0.035332441	0
427.01367	-1.2817525	-921.40985	-0.042677447	-0.035741031	0
427.51367	-1.2827538	-924.44141	-0.042696148	-0.035896897	0
428.01367	-1.2836919	-928.01227	-0.042514652	-0.03613472	0
428.51367	-1.2853608	-930.12689	-0.042324513	-0.036323369	0
429.01367	-1.2862235	-934.7403	-0.042215139	-0.036663115	0
429.51367	-1.2890786	-940.39044	-0.042108744	-0.036801696	0
430.01367	-1.2891829	-943.76874	-0.042012632	-0.037098229	0
430.51367	-1.2904272	-948.03271	-0.042043328	-0.037433207	0
431.01367	-1.2912661	-952.11353	-0.042009503	-0.037688911	0
431.51367	-1.2948662	-957.80176	-0.041824952	-0.037814975	0
432.01367	-1.2969956	-962.85376	-0.041507632	-0.038273633	0
432.51367	-1.29802	-965.14093	-0.041288361	-0.038699508	0
433.01367	-1.2998462	-971.5968	-0.04095383	-0.038906932	0
433.51367	-1.2988918	-972.09302	-0.040938333	-0.039453506	0
434.01367	-1.3021662	-979.18384	-0.040775687	-0.039697289	0
434.51367	-1.3029724	-979.87689	-0.040493309	-0.04019022	1
435.01367	-1.3046191	-986.29181	-0.040360391	-0.040487647	0
435.51367	-1.3075218	-989.73962	-0.040434301	-0.040820837	0
436.01367	-1.3069786	-996.96936	-0.040368363	-0.041328669	0
436.51367	-1.3089038	-998.91888	-0.040364563	-0.042019188	0
437.01367	-1.3113558	-995.43634	-0.040337071	-0.042873919	0
437.51367	-1.3114572	-998.93567	-0.040367916	-0.043468773	0
438.01367	-1.314494	-1000.9492	-0.040396079	-0.044273138	0
438.51367	-1.3157822	-998.20001	-0.041063577	-0.045119822	0
439.01367	-1.3180577	-1002.9063	-0.042048246	-0.045892894	0
439.51367	-1.3175302	-1006.0952	-0.042933077	-0.046512485	0
440.01367	-1.3195872	-1008.07	-0.043774322	-0.047104955	0
440.51367	-1.3214611	-1010.3394	-0.044259056	-0.047780573	0
441.01367	-1.3231635	-1014.8163	-0.044815317	-0.048297048	0
441.51367	-1.3233632	-1014.6995	-0.045257583	-0.04914403	0
442.01367	-1.3252959	-1013.738	-0.046014041	-0.049875081	0
442.51367	-1.3273134	-1015.585	-0.047136918	-0.051041543	0
443.01367	-1.328428	-1014.2168	-0.048337281	-0.051884055	0
443.51367	-1.331374	-1012.0035	-0.049616769	-0.053086281	0
444.01367	-1.3326191	-1009.8282	-0.0505317	-0.054491758	0
444.51367	-1.3337359	-1001.0634	-0.052082464	-0.05572021	0
445.01367	-1.337333	-999.34155	-0.053259432	-0.057078898	1
445.51367	-1.3373547	-994.89923	-0.054731295	-0.058264136	1
446.01367	-1.3395674	-997.15143	-0.055721179	-0.059448481	0
446.51367	-1.3396673	-997.15765	-0.056997314	-0.06072104	0
447.01367	-1.3420366	-997.22479	-0.057977065	-0.061699748	0
447.51367	-1.3431638	-991.43475	-0.059281364	-0.063152015	0
448.01367	-1.343833	-981.9978	-0.059666559	-0.064894259	0
448.51367	-1.3461769	-934.73633	-0.065073892	-0.070059001	0
449.01367	-1.3494954	-898.14923	-0.068812668	-0.074318647	0
449.51367	-1.3503976	-873.83655	-0.071108937	-0.077462196	0
450.01367	-1.3518691	-844.88251	-0.07405892	-0.081172884	0
450.51367	-1.3533964	-829.66321	-0.076460019	-0.08390218	0
451.01367	-1.3542578	-816.35834	-0.077942684	-0.085837543	0
451.51367	-1.356069	-804.04675	-0.079232976	-0.087771416	0
452.01367	-1.3577118	-794.57806	-0.08111842	-0.089809	0
452.51367	-1.3586216	-786.6098	-0.082643852	-0.091636181	0
453.01367	-1.3598733	-781.63483	-0.084189102	-0.093461871	0
453.51367	-1.3614386	-777.43463	-0.085798874	-0.095182359	0
454.01367	-1.3634734	-765.73901	-0.087307319	-0.097228587	0
454.51367	-1.36479	-748.61237	-0.089694783	-0.099953115	0
455.01367	-1.3645567	-728.72064	-0.091985837	-0.10271966	0
455.51367	-1.3685048	-707.99255	-0.095008537	-0.1064387	0
456.01367	-1.3687596	-682.82233	-0.097872838	-0.10980129	1
456.51367	-1.3707482	-662.83905	-0.099872127	-0.11290967	0
457.01367	-1.3720661	-636.43823	-0.10312892	-0.11702418	0
457.51367	-1.3738446	-609.35486	-0.10621391	-0.12093455	0
458.01367	-1.3749897	-584.56165	-0.10915644	-0.12494475	0
458.51367	-1.3764076	-561.05457	-0.1119446	-0.12846828	0
459.01367	-1.3779685	-546.14978	-0.11408649	-0.13124466	0
459.51367	-1.3782955	-535.37732	-0.11552088	-0.133169	0
460.01367	-1.3795525	-530.31195	-0.11655442	-0.13510346	0
460.51367	-1.3809644	-520.03864	-0.11792667	-0.13718009	0
461.01367	-1.3836071	-514.41309	-0.11903577	-0.13905495	0
461.51367	-1.3840832	-508.45361	-0.12042038	-0.14137238	0
462.01367	-1.3859198	-500.25497	-0.12177803	-0.14383882	0
462.51367	-1.3872288	-485.38785	-0.1238931	-0.14657706	0
463.01367	-1.3890855	-477.10648	-0.12575947	-0.14914483	0
463.51367	-1.3912082	-465.55707	-0.12789346	-0.15168875	0
464.01367	-1.3924927	-454.48318	-0.13036571	-0.15447378	0
464.51367	-1.3949268	-443.96695	-0.13212435	-0.15696138	0
465.01367	-1.3955593	-422.5343	-0.13496317	-0.16039789	0
465.51367	-1.3975896	-404.21082	-0.13732396	-0.16456455	0
466.01367	-1.398471	-393.05435	-0.13935052	-0.167059	0
466.51367	-1.4001846	-383.28445	-0.14074944	-0.16872108	1
467.01367	-1.4016986	-383.84406	-0.14172651	-0.17071277	0
467.51367	-1.4031463	-376.15872	-0.14293052	-0.1724121	0
468.01367	-1.4036573	-373.83716	-0.14406867	-0.17440259	0
468.51367	-1.4044076	-369.90619	-0.14573775	-0.17645687	0
469.01367	-1.4078274	-361.91891	-0.14719047	-0.17828017	0
469.51367	-1.4081091	-358.1199	-0.14821522	-0.18012911	0
470.01367	-1.4103458	-354.7269	-0.14959089	-0.18211663	0
470.51367	-1.4112532	-348.53168	-0.15078343	-0.1842171	0
471.01367	-1.4137022	-346.04092	-0.15230708	-0.18618286	0
471.51367	-1.4144682	-338.45541	-0.15376113	-0.18802911	0
472.01367	-1.415427	-336.21332	-0.15489854	-0.19004643	0
472.51367	-1.41742	-330.62869	-0.15634753	-0.19196749	0
473.01367	-1.4181234	-327.71234	-0.15761562	-0.19363523	0
473.51367	-1.420036	-327.4436	-0.15872337	-0.1956448	0
474.01367	-1.4224753	-325.63226	-0.16019233	-0.19730896	0
474.51367	-1.4247894	-322.43915	-0.16152449	-0.19906849	0
475.01367	-1.4240533	-317.03516	-0.1627972	-0.20084471	0
475.51367	-1.4253206	-316.29144	-0.16404189	-0.20255655	0
476.01367	-1.4281914	-313.20923	-0.16522773	-0.20424932	0
476.51367	-1.4292322	-311.18433	-0.16657852	-0.20609409	0
477.01367	-1.4295526	-310.55695	-0.16798221	-0.20771801	1
477.51367	-1.4320493	-305.57437	-0.16919531	-0.2094382	0
478.01367	-1.4344447	-303.61618	-0.17006703	-0.21128148	0
478.51367	-1.4359183	-302.37845	-0.17143004	-0.2128455	0
479.01367	-1.4362686	-296.20157	-0.17253645	-0.21470785	0
479.51367	-1.4392101	-297.86609	-0.17349102	-0.21612674	0
480.01367	-1.4411166	-291.95053	-0.17483942	-0.21807998	0
480.51367	-1.4404297	-294.76181	-0.17592229	-0.21970898	0
481.01367	-1.4434927	-290.27939	-0.17745428	-0.22177607	0
481.51367	-1.4439054	-282.28152	-0.17869137	-0.22366971	0
482.01367	-1.4451966	-282.18103	-0.17989688	-0.22536367	0
482.51367	-1.4471598	-279.39026	-0.18133573	-0.22731721	0
483.01367	-1.4488518	-274.37848	-0.18246286	-0.22885591	0
483.51367	-1.4508009	-269.8165	-0.18358357	-0.23058414	0
484.01367	-1.4518619	-265.6893	-0.18504672	-0.23237675	0
484.51367	-1.4517106	-268.47577	-0.18617012	-0.23413509	0
485.01367	-1.4544464	-262.29938	-0.18740512	-0.2358678	0
485.51367	-1.4564253	-261.08957	-0.18876351	-0.23773789	0
486.01367	-1.4580764	-258.47095	-0.19067474	-0.23966163	0
486.51367	-1.4596179	-254.46478	-0.19145869	-0.24132729	0
487.01367	-1.4612482	-250.66667	-0.19272901	-0.24327755	0
487.51367	-1.4624119	-249.74614	-0.19385152	-0.24511129	1
488.01367	-1.4643476	-247.44038	-0.19529901	-0.24676889	1
488.51367	-1.4656305	-246.4697	-0.19622974	-0.2484864	0
489.01367	-1.4664091	-242.72168	-0.19761421	-0.25019795	0
489.51367	-1.4678895	-239.76891	-0.19892327	-0.25219947	0
490.01367	-1.4695972	-236.67525	-0.20028375	-0.25390923	0
490.51367	-1.4719628	-236.16853	-0.20166479	-0.25569052	0
491.01367	-1.4724396	-234.65189	-0.203088	-0.25739998	0
491.51367	-1.474236	-232.8166	-0.20454265	-0.25898099	0
492.01367	-1.4749751	-232.46228	-0.20559363	-0.26074469	0
492.51367	-1.477161	-229.91785	-0.20688944	-0.2622658	0
493.01367	-1.4779717	-229.25351	-0.20826407	-0.26403606	0
493.51367	-1.4797277	-225.60736	-0.2093748	-0.26563823	0
494.01367	-1.4815241	-222.49063	-0.21045886	-0.26705325	0
494.51367	-1.4831029	-221.54587	-0.21177046	-0.2688539	0
495.01367	-1.4850841	-220.72948	-0.21310277	-0.27041495	0
495.51367	-1.4869676	-218.95816	-0.21443032	-0.27212322	0
496.01367	-1.4888138	-217.48309	-0.215744	-0.27385741	0
496.51367	-1.4898486	-216.62029	-0.2171085	-0.27541935	0
497.01367	-1.4898591	-213.00813	-0.21854408	-0.2771765	0
497.51367	-1.4924191	-213.97177	-0.21996491	-0.27902812	0
498.01367	-1.4947891	-212.07487	-0.22128142	-0.28051883	0
498.51367	-1.4958419	-211.1409	-0.22252463	-0.28229564	1
499.01367	-1.4970825	-208.80132	-0.2235546	-0.28411061	0
499.51367	-1.4979727	-207.18466	-0.2248738	-0.28577775	0
500.01367	-1.4991969	-205.19405	-0.22610821	-0.28750777	0
500.51367	-1.5005105	-205.60948	-0.22746883	-0.28915465	0
501.01367	-1.5024334	-200.2821	-0.22856764	-0.29090405	0
501.51367	-1.5056312	-198.71532	-0.23004986	-0.29284298	0
502.01367	-1.5053123	-197.547	-0.23135804	-0.29442161	0
502.51367	-1.5061222	-196.70816	-0.23245089	-0.29596657	0
503.01367	-1.5090138	-197.17239	-0.23393191	-0.2976647	0
503.51367	-1.5099108	-195.00414	-0.23495801	-0.29912114	0
504.01367	-1.5111849	-191.661	-0.23614012	-0.30097961	0
504.51367	-1.514493	-190.84004	-0.23722135	-0.30278742	0
505.01367	-1.515048	-189.20737	-0.23834832	-0.30421913	0
505.51367	-1.5160881	-190.80235	-0.23929931	-0.30610561	0
506.01367	-1.5174978	-189.16887	-0.24033375	-0.30785322	0
506.51367	-1.5201204	-186.82906	-0.24173714	-0.30935496	0
507.01367	-1.5209943	-186.57692	-0.24268098	-0.31108618	0
507.51367	-1.5227377	-185.26114	-0.24398617	-0.31269461	0
508.01367	-1.5237175	-184.21864	-0.24519958	-0.31442285	0
508.51367	-1.5255213	-181.5106	-0.2464322	-0.316163	0
509.01367	-1.5277945	-178.92343	-0.24789296	-0.31777829	1
509.51367	-1.5275552	-176.75833	-0.2488748	-0.31930476	0
510.01367	-1.5299178	-176.64931	-0.25015569	-0.32106429	0
510.51367	-1.5316718	-176.49161	-0.25139189	-0.32259822	0
511.01367	-1.5328788	-176.86015	-0.25247222	-0.32424152	0
511.51367	-1.5350729	-172.67503	-0.25368011	-0.32612175	0
512.01367	-1.5346997	-171.17026	-0.2553404	-0.32768071	0
512.51367	-1.5383214	-171.96796	-0.25634384	-0.32928109	0
513.01367	-1.5384786	-168.62051	-0.25768483	-0.33095658	0
513.51367	-1.54064	-166.98727	-0.25872791	-0.33261657	0
514.01367	-1.541894	-167.77565	-0.25996023	-0.33442974	0
514.51367	-1.5432931	-166.46733	-0.26128793	-0.33619165	0
515.01367	-1.5448883	-164.61462	-0.26236618	-0.33784121	0
515.51367	-1.5465945	-166.08482	-0.26360178	-0.33956915	0
516.01367	-1.5486465	-163.52704	-0.26469058	-0.34116775	0
516.51367	-1.5501969	-164.71468	-0.26574618	-0.3425914	0
517.01367	-1.5517145	-162.34982	-0.26680297	-0.34438163	0
517.51367	-1.5523397	-160.68213	-0.26789778	-0.34585804	0
518.01367	-1.5549809	-154.24298	-0.26893592	-0.34763932	0
518.51367	-1.5548155	-156.366	-0.27004725	-0.34946978	0
519.01367	-1.5571668	-155.54727	-0.27128571	-0.35106778	0
519.51367	-1.5584297	-154.74785	-0.27276582	-0.3526029	1
520.01367	-1.5597932	-152.07547	-0.27378106	-0.35442054	0
520.51367	-1.5602089	-151.90681	-0.27497315	-0.35587788	0
521.01367	-1.5633434	-150.7388	-0.27607656	-0.35757929	0
521.51367	-1.5640988	-150.43555	-0.27716154	-0.35924613	0
522.01367	-1.5661217	-148.06572	-0.2783311	-0.36066532	0
522.51367	-1.567585	-144.40669	-0.27943158	-0.36242306	0
523.01367	-1.5681766	-146.43335	-0.28066927	-0.36402225	0
523.51367	-1.5704125	-145.70483	-0.28183067	-0.36550194	0
524.01367	-1.5713408	-145.32298	-0.28322196	-0.36736131	0
524.51367	-1.5725329	-142.65074	-0.28458202	-0.36917806	0
525.01367	-1.5756621	-142.18317	-0.28586841	-0.37074059	0
525.51367	-1.576779	-140.52417	-0.28737313	-0.37266314	0
526.01367	-1.5776902	-137.71672	-0.28885788	-0.37453204	0
526.51367	-1.5797883	-136.29521	-0.29053724	-0.3760913	0
527.01367	-1.5805148	-136.67711	-0.29179567	-0.37775427	0
527.51367	-1.581727	-137.63512	-0.29344445	-0.37943184	0
528.01367	-1.5839554	-132.46057	-0.29451513	-0.38101017	0
528.51367	-1.5865475	-132.86578	-0.29583329	-0.38277984	0
529.01367	-1.5868843	-132.62833	-0.29703104	-0.38440973	0
529.51367	-1.5886515	-132.20825	-0.29828364	-0.38600445	0
530.01367	-1.5911534	-130.474	-0.2999469	-0.38790733	1
530.51367	-1.5916274	-128.73965	-0.30084467	-0.38926989	0
531.01367	-1.5926495	-129.20996	-0.30199432	-0.39102107	0
531.51367	-1.5936553	-124.64243	-0.30309594	-0.39274752	0
532.01367	-1.5953995	-124.95576	-0.30432469	-0.39450079	0
532.51367	-1.5970908	-122.71291	-0.30574197	-0.39635807	0
533.01367	-1.5985086	-122.0701	-0.30688113	-0.39800972	0
533.51367	-1.6011208	-120.00188	-0.30812854	-0.39967477	0
534.01367	-1.6023778	-118.84567	-0.30946398	-0.40153921	0
534.51367	-1.6034216	-117.86252	-0.31083965	-0.40330857	0
535.01367	-1.6056329	-117.92457	-0.31226194	-0.40499955	0
535.51367	-1.6066372	-116.15141	-0.31370395	-0.4067716	0
536.01367	-1.6073651	-112.19419	-0.31498992	-0.40814996	0
536.51367	-1.608973	-113.04851	-0.31633699	-0.4099077	0
537.01367	-1.6110576	-110.85988	-0.31760329	-0.41168272	0
537.51367	-1.6116307	-111.38184	-0.31890875	-0.41323572	0
538.01367	-1.6140878	-109.10674	-0.3202551	-0.41508317	0
538.51367	-1.6155564	-111.13239	-0.32202357	-0.41682243	0
539.01367	-1.6179122	-108.99526	-0.32367939	-0.4183957	0
539.51367	-1.6190976	-109.45122	-0.32485402	-0.4201898	0
540.01367	-1.6201742	-105.71549	-0.32614464	-0.42179078	0
540.51367	-1.6212307	-105.50419	-0.32746679	-0.42356253	1
541.01367	-1.6240463	-103.35354	-0.3288486	-0.42522877	1
541.51367	-1.6237981	-104.00475	-0.33004379	-0.42688042	0
542.01367	-1.625912	-102.18549	-0.33124334	-0.42837977	0
542.51367	-1.6286738	-102.44671	-0.33226752	-0.42996079	0
543.01367	-1.6294599	-99.945915	-0.33349478	-0.43176442	0
543.51367	-1.6300216	-101.12273	-0.33433431	-0.43336451	0
544.01367	-1.631397	-102.27438	-0.33547258	-0.43485284	0
544.51367	-1.6337775	-99.67981	-0.3365078	-0.43657899	0
545.01367	-1.6353652	-98.666985	-0.33763653	-0.43816805	0
545.51367	-1.6378746	-100.75391	-0.33872968	-0.43964505	0
546.01367	-1.6380436	-98.14975	-0.33987051	-0.44126421	0
546.51367	-1.6393237	-95.79818	-0.34095967	-0.44284523	0
547.01367	-1.6421847	-95.970314	-0.34240538	-0.44460475	0
547.51367	-1.6432397	-95.372795	-0.34341896	-0.44602901	0
548.01367	-1.6436822	-94.273293	-0.34471029	-0.44755608	0
548.51367	-1.6449764	-92.677048	-0.34595168	-0.44926167	0
549.01367	-1.6465902	-95.314438	-0.34701192	-0.45113504	0
549.51367	-1.6471677	-95.911041	-0.34819567	-0.45265317	0
550.01367	-1.6505554	-89.961761	-0.34918046	-0.45432866	0
550.51367	-1.651293	-93.511703	-0.3504371	-0.45597434	0
551.01367	-1.6522064	-87.450134	-0.35153246	-0.45750439	0
551.51367	-1.654128	-89.069038	-0.35276628	-0.45934945	1
552.01367	-1.6567006	-89.348877	-0.35403973	-0.46085984	0
552.51367	-1.6580179	-85.207077	-0.3551302	-0.46242476	0
553.01367	-1.6581155	-85.923714	-0.35638338	-0.46419501	0
553.51367	-1.660446	-84.264412	-0.35755432	-0.46575785	0
554.01367	-1.661507	-86.522926	-0.35875744	-0.46735615	0
554.51367	-1.6652204	-85.774109	-0.35986894	-0.46917021	0
555.01367	-1.6646981	-82.269272	-0.36107486	-0.47062606	0
555.51367	-1.6669847	-82.197678	-0.36235368	-0.47233969	0
556.01367	-1.6687006	-82.736885	-0.36345488	-0.4739219	0
556.51367	-1.669386	-81.34008	-0.36478513	-0.47549576	0
557.01367	-1.6714	-80.040398	-0.36589032	-0.477238	0
557.51367	-1.6729534	-78.553917	-0.36689603	-0.47877967	0
558.01367	-1.6746752	-77.452293	-0.36844039	-0.48048973	0
558.51367	-1.6764119	-77.308998	-0.36958569	-0.48223794	0
559.01367	-1.6777925	-72.978493	-0.37076586	-0.48395395	0
559.51367	-1.6780124	-74.964005	-0.37218058	-0.48552066	0
560.01367	-1.6813099	-76.998253	-0.37371749	-0.48708022	0
560.51367	-1.6813233	-73.408646	-0.37517017	-0.48868865	0
561.01367	-1.6834646	-73.365402	-0.37636763	-0.49025118	0
561.51367	-1.6858495	-72.798218	-0.37759	-0.49186051	0
562.01367	-1.6856663	-71.925499	-0.37897849	-0.4935652	1
562.51367	-1.6879767	-71.140846	-0.38033509	-0.49538612	0
563.01367	-1.688382	-70.851692	-0.38152182	-0.4968977	0
563.51367	-1.690904	-69.868233	-0.38303977	-0.49851358	0
564.01367	-1.6911857	-70.834541	-0.38418764	-0.50002664	0
564.51367	-1.6939356	-71.359146	-0.38531476	-0.50174206	0
565.01367	-1.6954587	-69.038422	-0.38685375	-0.50350845	0
565.51367	-1.6957678	-68.18013	-0.38807058	-0.50518632	0
566.01367	-1.6978532	-67.3265	-0.38941616	-0.5067417	0
566.51367	-1.699654	-65.427017	-0.39054567	-0.50833523	0
567.01367	-1.7008231	-68.864304	-0.39184099	-0.51008373	0
567.51367	-1.7031558	-66.377663	-0.39315259	-0.51174015	0
568.01367	-1.7039611	-65.542572	-0.39437032	-0.51328301	0
568.51367	-1.7055489	-66.486794	-0.39588118	-0.51499993	0
569.01367	-1.707732	-65.257538	-0.39685422	-0.51657528	0
569.51367	-1.7077066	-66.551834	-0.39830381	-0.51809132	0
570.01367	-1.7103709	-65.018524	-0.39929116	-0.51991254	0
570.51367	-1.7107859	-63.213615	-0.40049231	-0.52157402	0
571.01367	-1.7139308	-61.006363	-0.4016695	-0.5232048	0
571.51367	-1.7147467	-62.200275	-0.40277189	-0.52490652	0
572.01367	-1.7153419	-57.584755	-0.4041087	-0.52654833	0
572.51367	-1.717411	-59.807083	-0.40550196	-0.52855968	1
573.01367	-1.7194294	-57.7547	-0.40673071	-0.53001404	0
573.51367	-1.7212719	-56.728359	-0.40790266	-0.531753	0
574.01367	-1.7212577	-56.918842	-0.40941739	-0.53329289	0
574.51367	-1.7232932	-56.311329	-0.41037792	-0.53489834	0
575.01367	-1.7248594	-56.387222	-0.41188532	-0.53652436	0
575.51367	-1.7258011	-55.216	-0.41285968	-0.53787589	0
576.01367	-1.7292075	-55.602657	-0.41412139	-0.5397287	0
576.51367	-1.7299242	-52.778961	-0.41530973	-0.54121673	0
577.01367	-1.7294414	-54.208641	-0.41638964	-0.54285586	0
577.51367	-1.7318152	-52.905907	-0.41745687	-0.54437816	0
578.01367	-1.7333418	-54.839752	-0.41875547	-0.54595023	0
578.51367	-1.7351233	-51.703381	-0.41991764	-0.54743916	0
579.01367	-1.7368958	-53.014675	-0.4212532	-0.5491066	0
579.51367	-1.7393186	-53.108208	-0.42249703	-0.55087417	0
580.01367	-1.7405138	-52.29969	-0.42380875	-0.55230886	0
580.51367	-1.7419726	-49.787781	-0.42488211	-0.55400372	0
581.01367	-1.7430916	-51.388157	-0.42606556	-0.55545717	0
581.51367	-1.7461724	-50.750969	-0.42710656	-0.55716068	0
582.01367	-1.7453299	-51.025646	-0.42819446	-0.55891931	0
582.51367	-1.7472304	-45.843777	-0.42931134	-0.56021929	0
583.01367	-1.7492123	-47.107384	-0.43049717	-0.56198359	1
583.51367	-1.7500855	-49.197102	-0.43159014	-0.5633831	1
584.01367	-1.7520235	-44.490189	-0.43271834	-0.56487113	0
584.51367	-1.7539814	-46.849304	-0.43377155	-0.56659877	0
585.01367	-1.7552204	-45.009232	-0.43516701	-0.56822181	0
585.51367	-1.7564744	-42.889862	-0.43626571	-0.56967437	0
586.01367	-1.7585784	-47.108662	-0.43754959	-0.57145953	0
586.51367	-1.7593987	-45.159645	-0.43886358	-0.57315111	0
587.01367	-1.760792	-45.314152	-0.44009304	-0.57494521	0
587.51367	-1.763247	-43.978851	-0.44122273	-0.576455	0
588.01367	-1.7639644	-47.525513	-0.44257247	-0.57817489	0
588.51367	-1.7661601	-42.835495	-0.44353014	-0.57973534	0
589.01367	-1.7673559	-43.667999	-0.44475788	-0.58131725	0
589.51367	-1.769188	-45.30349	-0.44618344	-0.58335721	0
590.01367	-1.7700679	-45.192604	-0.447456	-0.5845347	0
590.51367	-1.7708689	-45.97438	-0.44837749	-0.58612794	0
591.01367	-1.7737038	-43.370129	-0.45002824	-0.58780938	0
591.51367	-1.7754174	-42.388325	-0.45099819	-0.58924556	0
592.01367	-1.7761089	-42.702091	-0.4527936	-0.59140682	0
592.51367	-1.7781734	-42.07407	-0.45419389	-0.59300095	0
593.01367	-1.7798498	-43.059414	-0.45616245	-0.59450537	0
593.51367	-1.7806209	-41.650059	-0.45756334	-0.59621811	0
594.01367	-1.7824262	-45.636887	-0.4586429	-0.59758753	1
594.51367	-1.7833545	-42.06815	-0.45970207	-0.59938669	0
595.01367	-1.786945	-41.144196	-0.46099669	-0.60103595	0
595.51367	-1.7863714	-39.04916	-0.46211356	-0.60248077	0
596.01367	-1.7894417	-39.868397	-0.46339804	-0.60438752	0
596.51367	-1.7908111	-39.688519	-0.46489501	-0.60587555	0
597.01367	-1.7913752	-39.865196	-0.46579725	-0.60717225	0
597.51367	-1.792866	-38.288902	-0.46712554	-0.60920984	0
598.01367	-1.7945879	-39.010086	-0.46845621	-0.6106928	0
598.51367	-1.7960988	-38.544903	-0.46953446	-0.61239272	0
599.01367	-1.7972574	-39.37833	-0.47094786	-0.61412394	0
599.51367	-1.7994665	-36.978012	-0.47233647	-0.61539978	0
600.01367	-1.7990158	-35.785759	-0.47351366	-0.61719298	0
600.51367	-1.8016829	-35.986618	-0.47485268	-0.61883479	0
601.01367	-1.8033967	-37.734776	-0.47633117	-0.62051892	0
601.51367	-1.8049747	-35.446682	-0.47759885	-0.62242597	0
602.01367	-1.8080324	-35.496029	-0.47908837	-0.62411964	0
602.51367	-1.8085487	-35.422386	-0.48055613	-0.62545329	0
603.01367	-1.808919	-36.100117	-0.48159236	-0.62734455	0
603.51367	-1.8111632	-37.207748	-0.48303908	-0.6286341	0
604.01367	-1.8110782	-37.352448	-0.48415864	-0.63052446	0
604.51367	-1.8138573	-34.097248	-0.48579848	-0.63227564	1
605.01367	-1.8156446	-30.163904	-0.48655891	-0.63391566	0
605.51367	-1.8156267	-29.746017	-0.48793876	-0.63570172	0
606.01367	-1.8183663	-31.857576	-0.48940504	-0.637649	0
606.51367	-1.8199496	-29.071815	-0.4908154	-0.63918859	0
607.01367	-1.8221095	-33.811348	-0.49208111	-0.64098686	0
607.51367	-1.8223927	-31.411058	-0.49396509	-0.64317614	0
608.01367	-1.8239214	-30.544935	-0.49525434	-0.64489484	0
608.51367	-1.8261299	-31.530901	-0.49685216	-0.64699292	0
609.01367	-1.8271194	-27.204374	-0.49852395	-0.6491372	0
609.51367	-1.8289692	-31.052462	-0.50013816	-0.65143555	0
610.01367	-1.8291749	-29.215826	-0.50189489	-0.65382719	0
610.51367	-1.8322378	-29.552881	-0.50380653	-0.65635532	0
611.01367	-1.8338717	-31.836306	-0.50602162	-0.6594795	0
611.51367	-1.8349283	-28.268454	-0.50870115	-0.66302657	0
612.01367	-1.8361546	-31.423725	-0.51776713	-0.67695647	0
612.51367	-1.8379464	-14.5651	-0.5824033	-0.75562835	0
613.01367	-1.8393911	-5.7054176	-0.58411264	-0.75879872	0
613.51367	-1.8405094	-10.130197	-0.5854041	-0.76128632	0
614.01367	-1.8425852	-8.1201916	-0.58703655	-0.76372117	0
614.51367	-1.8441677	-9.3659248	-0.58832073	-0.76533645	0
615.01367	-1.8459737	-9.2044125	-0.58962935	-0.76725841	1
615.51367	-1.8480062	-5.9401202	-0.59086984	-0.76933831	0
616.01367	-1.8495812	-3.5838447	-0.59216654	-0.77069849	0
616.51367	-1.8488996	-8.6317921	-0.59310281	-0.77245742	0
617.01367	-1.8519349	-5.5489712	-0.59447503	-0.77440053	0
617.51367	-1.8520378	-5.9672871	-0.59567058	-0.77599049	0
618.01367	-1.85356	-8.4457426	-0.5968011	-0.77779502	0
618.51367	-1.8565938	-4.6516891	-0.59800124	-0.77947408	0
619.01367	-1.8578976	-4.4572597	-0.59916103	-0.78105479	0
619.51367	-1.8584802	-8.2255507	-0.60029095	-0.78282744	0
620.01367	-1.8601574	-4.5265255	-0.60147023	-0.78439981	0
620.51367	-1.8627591	-4.6906023	-0.60272014	-0.7861346	0
621.01367	-1.8642366	-6.1026411	-0.60383463	-0.78748554	0
621.51367	-1.8649504	-4.3779707	-0.60507649	-0.78927249	0
622.01367	-1.8662519	-5.6247854	-0.60621923	-0.79102844	0
622.51367	-1.8670321	-7.3494859	-0.60741013	-0.79240113	0
623.01367	-1.8694744	-5.278172	-0.60873365	-0.79428226	0
623.51367	-1.8703706	-5.644506	-0.61000383	-0.79600453	0
624.01367	-1.8711418	-5.5248671	-0.61137742	-0.79772413	0
624.51367	-1.8721439	-7.1909981	-0.612809	-0.79904228	0
625.01367	-1.8750824	-7.0973039	-0.61388022	-0.80064386	0
625.51367	-1.8764801	-7.026772	-0.61566705	-0.80262035	1
626.01367	-1.8779732	-5.8900423	-0.61649793	-0.80405116	0
626.51367	-1.8792703	-7.3553972	-0.61745292	-0.80551624	0
627.01367	-1.8816888	-6.30338	-0.61880296	-0.80739975	0
627.51367	-1.8827766	-3.757267	-0.62027955	-0.80885142	0
628.01367	-1.883965	-4.0434222	-0.62138969	-0.81034839	0
628.51367	-1.8858753	-4.4318452	-0.62270337	-0.8120814	0
629.01367	-1.8869095	-1.5363867	-0.62400436	-0.81370294	0
629.51367	-1.8894091	-3.7911232	-0.62524831	-0.81536084	0
630.01367	-1.8903352	-2.7123427	-0.62671328	-0.81705123	0
630.51367	-1.8913269	-3.3042326	-0.62803501	-0.81888884	0
631.01367	-1.8926673	-1.7902625	-0.62932199	-0.82042366	0
631.51367	-1.8948197	-4.0856552	-0.63052571	-0.82202256	0
632.01367	-1.8959247	-3.993365	-0.63176847	-0.82370579	0
632.51367	-1.8978074	-3.2834275	-0.63299233	-0.8251974	0
633.01367	-1.8994815	-4.2798014	-0.63416696	-0.82682401	0
633.51367	-1.8999428	-0.41303015	-0.6357584	-0.82874268	0
634.01367	-1.9014664	-2.1753564	-0.63691998	-0.83016008	0
634.51367	-1.9036896	-1.7130734	-0.63830054	-0.8321932	0
635.01367	-1.9056513	0.11308972	-0.63965774	-0.83358109	0
635.51367	-1.9070603	-0.86062723	-0.64071929	-0.83538562	0
636.01367	-1.9071393	-1.9443949	-0.64236903	-0.83725095	1
636.51367	-1.9091532	-0.75263864	-0.64352399	-0.83887428	1
637.01367	-1.9111372	-0.89734101	-0.64476901	-0.84051609	0
637.51367	-1.912304	2.3006814	-0.64605796	-0.84233075	0
638.01367	-1.9143701	-0.16215844	-0.64738041	-0.84406167	0
638.51367	-1.9153655	0.18807337	-0.648646	-0.84579885	0
639.01367	-1.9164808	-0.022150537	-0.65006739	-0.84746778	0
639.51367	-1.9180582	-0.30557385	-0.65131688	-0.84905505	0
640.01367	-1.9205742	-0.007002296	-0.65250343	-0.8509472	0
640.51367	-1.9220784	-0.41866359	-0.65395093	-0.8525759	0
641.01367	-1.9226201	-1.7234861	-0.6553998	-0.85423052	0
641.51367	-1.9236289	1.0979449	-0.65657371	-0.85585356	0
642.01367	-1.9256458	1.83922	-0.65791452	-0.85763901	0
642.51367	-1.9273669	-0.31392166	-0.6592899	-0.85931063	0
643.01367	-1.9294053	1.4989798	-0.66059148	-0.861018	0
643.51367	-1.9306428	1.4784818	-0.66240913	-0.86279988	0
644.01367	-1.9316025	5.2552261	-0.66351688	-0.86437345	0
644.51367	-1.9345499	1.5825335	-0.66475028	-0.86613834	0
645.01367	-1.9356973	3.0132043	-0.66606677	-0.86791873	0
645.51367	-1.936648	3.9846077	-0.6682753	-0.8696568	0
646.01367	-1.9377857	2.3293107	-0.66964602	-0.87147713	0
646.51367	-1.9393072	2.3133607	-0.67110157	-0.87312222	0
647.01367	-1.9419744	4.6480942	-0.67267007	-0.87502748	1
647.51367	-1.942183	2.9177403	-0.67400837	-0.87675989	0
648.01367	-1.9450791	3.5041547	-0.67512774	-0.8784312	0
648.51367	-1.9457161	4.5142078	-0.67653531	-0.88009089	0
649.01367	-1.9463904	3.6126788	-0.67793047	-0.8817929	0
649.51367	-1.9486964	3.7594666	-0.67923135	-0.883573	0
650.01367	-1.9497082	2.8677416	-0.68067557	-0.88534743	0
650.51367	-1.9518696	3.5522962	-0.68203336	-0.88711441	0
651.01367	-1.9548662	2.975455	-0.68349802	-0.88898122	0
651.51367	-1.9533873	0.35153633	-0.70412523	-0.91691703	0
