MTS793|MPT|FRA|1|2|.|.|:|33|1|1|A

Acquisition de données						Temps :	93.889648	Sec	06.06.2013 18:46:52
Temps	Axial Déplacement	Axial Force	Axial fléche	Axial CMOD*2	Canon
Sec	mm	N	mm	mm	unitless
0.515625	0.00055655837	4.4776549	-0.00013440847	2.3841858e-05	0
1.015625	0.00091046095	4.6556087	-0.00017255545	4.9173832e-05	0
1.515625	-0.0019326806	1.1724429	-0.00014722347	-5.6624413e-06	0
2.015625	-0.0045984983	4.2762675	-0.0001963973	-6.467104e-05	0
2.515625	-0.0068612397	3.1813939	-0.00013172626	2.7418137e-05	0
3.015625	-0.0077322125	1.7027221	-0.00015944242	-3.8146973e-05	0
3.515625	-0.010371208	2.9608772	-9.059906e-05	-9.7453594e-05	0
4.015625	-0.011258572	2.4300132	-0.00011920929	4.1127205e-05	0
4.515625	-0.013065338	1.8989618	-0.00013202429	-8.0764294e-05	0
5.015625	-0.015350431	3.5746458	-9.7453594e-05	1.0728836e-05	0
5.515625	-0.015743077	2.3429086	-6.0796738e-05	-1.6391277e-05	0
6.015625	-0.017741323	2.5616353	-0.00017434359	2.0861626e-06	0
6.515625	-0.020118803	2.4658027	-0.00016570091	-4.7683716e-05	0
7.015625	-0.021607429	3.1830204	-9.0897083e-05	8.9406967e-07	0
7.515625	-0.021887571	2.5093257	-0.00010311604	5.9604645e-05	0
8.015625	-0.023207814	2.0931659	-0.00018626451	-2.771616e-05	0
8.515625	-0.024785846	1.9446727	-0.00016123056	6.7055225e-05	0
9.015625	-0.026563555	2.8979442	-0.00012874603	4.9769878e-05	0
9.515625	-0.027650595	0.75787425	-0.00011116266	6.8843365e-05	0
10.015625	-0.029173493	0.75917292	-0.00016540289	0.00011026859	1
10.515625	-0.032753497	1.8517417	-5.7220459e-05	-8.9406967e-06	1
11.015625	-0.033574551	-1.1477213	-6.7055225e-05	-5.9902668e-05	0
11.515625	-0.034718961	2.7015407	1.4901161e-06	3.3974648e-05	0
12.015625	-0.036797673	-0.53493559	-2.5629997e-05	-2.6524067e-05	0
12.515625	-0.03804639	0.6634807	-4.1425228e-05	6.467104e-05	0
13.015625	-0.039609522	1.6645691	-3.9935112e-05	-2.9504299e-05	0
13.515625	-0.039467216	1.8165255	-5.4240227e-05	-2.771616e-05	0
14.015625	-0.041224062	4.2655506	-0.00010490417	4.3511391e-05	0
14.515625	-0.043800473	3.1495824	-2.1457672e-05	-2.3841858e-06	0
15.015625	-0.045655668	2.9630415	-4.1425228e-05	0.0001308322	0
15.515625	-0.04684478	0.52653521	-2.592802e-05	-3.3974648e-05	0
16.015625	-0.047536194	0.65472931	1.4901161e-06	8.3446503e-06	0
16.515625	-0.049203634	3.2352479	-2.5033951e-05	-1.5199184e-05	0
17.015625	-0.050978363	2.1484823	1.6391277e-05	1.8179417e-05	0
17.515625	-0.052277744	-0.49843243	-2.3543835e-05	-5.0961971e-05	0
18.015625	-0.053424388	0.37324518	-2.5331974e-05	2.2649765e-05	0
18.515625	-0.055775046	2.2267184	-6.28829e-05	6.2584877e-05	0
19.015625	-0.05672574	3.7387931	-0.0001180172	-8.3446503e-06	0
19.515625	-0.05902499	0.56143552	-2.3841858e-06	2.4139881e-05	0
20.015625	-0.059561431	-1.5469751	-7.5101852e-05	0.00010848045	0
20.515625	-0.061961263	0.42633861	-7.4207783e-05	1.5199184e-05	0
21.015625	-0.063503534	2.2379034	9.1791153e-05	-3.1888485e-05	1
21.515625	-0.065169483	0.81295657	0.00011473894	1.5795231e-05	0
22.015625	-0.066930801	-0.26876649	0.00016152859	-5.364418e-06	0
22.515625	-0.066161156	2.4030921	8.3148479e-05	0.00012993813	0
23.015625	-0.069448352	1.6081179	9.0003014e-05	-7.8976154e-05	0
23.515625	-0.071042776	2.7725348	0.00024616718	-1.7285347e-05	0
24.015625	-0.070722401	3.6670504	0.00026911497	7.301569e-05	0
24.515625	-0.073942542	1.4846038	0.00023037195	2.2351742e-05	0
25.015625	-0.075211376	1.7665442	0.00024080276	3.5762787e-05	0
25.515625	-0.076220185	2.0699537	0.00024080276	0.00010371208	0
26.015625	-0.077260286	0.84059137	0.00018298626	9.2387199e-06	0
26.515625	-0.078974664	5.6347947	0.00017851591	1.4901161e-05	0
27.015625	-0.080661476	3.3030012	0.0002142787	2.592802e-05	0
27.515625	-0.082245469	2.2090518	0.00019460917	-4.3511391e-05	0
28.015625	-0.084073842	1.3512149	0.00018447638	-4.7683716e-06	0
28.515625	-0.08476302	2.1569178	0.00018715858	8.3744526e-05	0
29.015625	-0.086896122	4.7647552	0.00025212765	4.4703484e-05	0
29.515625	-0.089394301	1.2137547	0.00021606684	5.6624413e-06	0
30.015625	-0.089617074	3.9563146	0.00023931265	-6.4074993e-05	0
30.515625	-0.091701001	3.5724344	0.00016540289	-5.5730343e-05	0
31.015625	-0.092858821	6.1289215	0.0002399087	-5.9604645e-07	0
31.515625	-0.094252825	3.1618435	0.00032901764	5.6624413e-05	1
32.015625	-0.095354766	4.4449077	0.00037580729	-3.2484531e-05	0
32.515625	-0.097552687	3.3360765	0.00032842159	-3.1292439e-05	0
33.015625	-0.098615885	5.7597251	0.00031799078	-3.2484531e-05	0
33.515625	-0.10061562	3.153069	0.00039070845	-4.2021275e-05	0
34.015625	-0.10143369	1.6969658	0.00033915043	-5.9604645e-07	0
34.515625	-0.10183081	1.4510137	0.0004029274	-0.00011712313	0
35.015625	-0.10513365	3.318866	0.00035196543	-0.00018805265	0
35.515625	-0.10651797	4.3853211	0.00034421682	-1.5199184e-05	0
36.015625	-0.10804087	3.2712131	0.00038176775	1.1920929e-06	0
36.515625	-0.10954291	2.6566372	0.00033289194	2.0563602e-05	0
37.015625	-0.11052266	1.4253563	0.00028342009	-3.6358833e-05	0
37.515625	-0.11300594	2.0176089	0.00028312206	-1.5795231e-05	0
38.015625	-0.11523888	2.8822668	0.0003567338	-4.61936e-05	0
38.515625	-0.11545718	0.73439282	0.00039458275	-0.00010371208	0
39.015625	-0.11723116	3.0164511	0.00040084124	-2.2053719e-05	0
39.515625	-0.11733845	4.0084486	0.00039249659	-7.2419643e-05	0
40.015625	-0.1214847	1.7070158	0.00030219555	-9.894371e-05	0
40.515625	-0.12119114	3.4821124	0.00039368868	3.1292439e-05	0
41.015625	-0.12307018	1.2497081	0.00043362379	-0.00015079975	0
41.515625	-0.12535602	2.4150727	0.00046283007	0.00010609627	0
42.015625	-0.12627393	2.0758619	0.00055372715	1.9967556e-05	1
42.515625	-0.12724921	3.6773109	0.00057369471	-7.2419643e-05	0
43.015625	-0.12908652	5.352387	0.00064224005	4.3213367e-05	0
43.515625	-0.13097376	3.2434962	0.00068157911	-7.5697899e-05	0
44.015625	-0.13256744	1.505558	0.00059425831	0.00010639429	0
44.515625	-0.13294443	4.1283011	0.00063061714	-4.3213367e-05	0
45.015625	-0.13535097	2.0957046	0.00061571598	-8.1062317e-05	0
45.515625	-0.13587996	1.98499	0.00064581633	-0.00011175871	0
46.015625	-0.13792664	3.3758905	0.00063925982	-2.682209e-06	0
46.515625	-0.13892576	2.223115	0.00060796738	1.4007092e-05	0
47.015625	-0.1418829	0.60669011	0.00065356493	-6.0498714e-05	0
47.515625	-0.14257953	4.5007157	0.00062644482	-0.0001347065	0
48.015625	-0.14467314	2.2923071	0.00059396029	4.2021275e-05	0
48.515625	-0.14537126	1.1691319	0.00057756901	-7.2717667e-05	0
49.015625	-0.14750883	2.8349178	0.00060290098	-0.00016868114	0
49.515625	-0.14908984	3.7210212	0.00058799982	-6.4969063e-05	0
50.015625	-0.14977753	3.7906699	0.00060617924	-0.00014841557	0
50.515625	-0.15172586	2.4582796	0.00064224005	2.9504299e-05	0
51.015625	-0.15268624	1.6883898	0.00059515238	-9.7751617e-05	0
51.515625	-0.15350878	4.1989789	0.0006249547	-0.00027805567	0
52.015625	-0.15584752	3.4668911	0.00062316656	-2.9802322e-05	0
52.515625	-0.15848577	3.0311928	0.00064998865	-0.00019401312	1
53.015625	-0.15900806	1.9579051	0.00090569258	-0.00011414289	1
53.515625	-0.16111359	1.6347232	0.00088810921	-0.0001347065	0
54.015625	-0.1614593	2.0906503	0.0010070205	-9.8347664e-05	0
54.515625	-0.16429499	2.5095246	0.00093638897	-0.00011086464	0
55.015625	-0.16519502	1.7606357	0.0009188056	-0.00016599894	0
55.515625	-0.1662299	0.55039096	0.00094503164	-0.00017553568	0
56.015625	-0.16761273	1.5407976	0.00092744827	-0.00010043383	0
56.515625	-0.16911775	1.606281	0.00092506409	-0.00012248755	0
57.015625	-0.17073303	3.2797654	0.00092446804	-8.2850456e-05	0
57.515625	-0.1724422	2.5598569	0.00092297792	-3.606081e-05	0
58.015625	-0.17405823	0.25861111	0.00091314316	-0.00013887882	0
58.515625	-0.17650723	0.78019732	0.00091731548	-5.5730343e-05	0
59.015625	-0.17737076	2.7117779	0.00089854002	-7.4207783e-05	0
59.515625	-0.17836839	2.8644011	0.00087141991	-0.00010758638	0
60.015625	-0.17933771	2.5412779	0.0009188056	-7.8678131e-05	0
60.515625	-0.18185899	2.2531247	0.00092834234	-2.5331974e-05	0
61.015625	-0.18304065	0.61860049	0.00092417002	-2.8908253e-05	0
61.515625	-0.18368885	2.825289	0.000911057	-8.5830688e-05	0
62.015625	-0.18610358	1.1377181	0.00091791153	-9.6857548e-05	0
62.515625	-0.18796176	1.8501037	0.0009432435	-0.0001052022	0
63.015625	-0.18818006	-0.17699371	0.00091701746	5.0663948e-06	0
63.515625	-0.19042045	0.66651094	0.0011438131	-3.2782555e-06	1
64.015625	-0.19163042	3.6497464	0.0011384487	-4.61936e-05	0
64.515625	-0.19386336	1.825932	0.0010445714	-4.5001507e-05	0
65.015625	-0.19444823	1.9872714	0.0011357665	-7.1227551e-05	0
65.515625	-0.19637719	2.8811786	0.0010797381	-5.453825e-05	0
66.015625	-0.19828305	1.8272073	0.0010830164	-1.7881393e-06	0
66.515625	-0.20011738	3.789804	0.0011092424	-3.0100346e-05	0
67.015625	-0.19969046	2.8386383	0.0011312962	-6.4969063e-05	0
67.515625	-0.20168871	2.3870165	0.0010851026	-0.00010728836	0
68.015625	-0.20396337	1.4665509	0.0010240078	-0.00017553568	0
68.515625	-0.20507127	1.502984	0.0010550022	1.8179417e-05	0
69.015625	-0.20724311	0.69790137	0.0011989474	-8.3446503e-06	0
69.515625	-0.20833015	0.82306516	0.0010979176	-3.3378601e-05	0
70.015625	-0.21025762	1.8439614	0.0011792779	-9.3281269e-05	0
70.515625	-0.21149814	0.26023737	0.0011283159	-7.8082085e-05	0
71.015625	-0.21181181	1.6473939	0.0011247396	-3.6656857e-05	0
71.515625	-0.21468028	-1.0421195	0.0010976195	-9.5367432e-06	0
72.015625	-0.21596923	2.0295193	0.0010809302	-9.3579292e-05	0
72.515625	-0.21796152	-0.2541652	0.0010746717	-4.8279762e-05	0
73.015625	-0.21980405	1.0831974	0.0011464953	-0.00010877848	0
73.515625	-0.22032484	4.0046344	0.0010716915	-0.00018179417	0
74.015625	-0.22186413	1.1470895	0.0013673306	-3.695488e-05	1
74.515625	-0.22379979	0.55502409	0.0014123321	-0.00020325184	0
75.015625	-0.22475123	-0.92739183	0.0014609098	-0.00018239021	0
75.515625	-0.22550672	0.25131047	0.0013846159	-0.00010162592	0
76.015625	-0.22839233	2.5619745	0.0014051795	-0.00011712313	0
76.515625	-0.22993609	1.9465096	0.0013828278	-0.00020891428	0
77.015625	-0.23184568	0.92181104	0.0014466047	-0.00012069941	0
77.515625	-0.23242533	0.40190956	0.0029543042	0.00046938658	0
78.015625	-0.23375675	3.3438451	0.002425015	-0.00030875206	0
78.515625	-0.23552105	0.91227573	0.0027090311	-0.00050723553	0
79.015625	-0.23744628	2.0194223	0.0025609136	-0.00015974045	0
79.515625	-0.2385132	0.67570692	0.0023880601	-0.00014573336	0
80.015625	-0.23951754	-1.884536	0.0024616718	-0.00016152859	0
80.515625	-0.24254024	-0.20191415	0.0025370717	-4.4107437e-05	0
81.015625	-0.24292544	1.0319173	0.0024241209	-0.0001335144	0
81.515625	-0.24348274	-0.20630156	0.0025421381	-0.00015050173	0
82.015625	-0.24564564	0.79727894	0.0024193525	-0.00015288591	0
82.515625	-0.2479583	0.45674625	0.0024077296	-0.00011861324	0
83.015625	-0.2498962	0.25303033	0.002527833	-0.0001385808	0
83.515625	-0.25025532	2.2317023	0.0023919344	-0.00021308661	0
84.015625	-0.2527684	1.0616463	0.002464354	-0.00012874603	0
84.515625	-0.25322512	-0.32236302	0.0025141239	-6.9737434e-05	1
85.015625	-0.25488809	1.5084596	0.0025629997	-0.00017374754	0
85.515625	-0.25698841	4.1418495	0.0026077032	-5.8710575e-05	0
86.015625	-0.25810525	3.0730896	0.002476871	-7.2717667e-05	0
86.515625	-0.25815219	0.31980076	0.0025311112	-0.00015497208	0
87.015625	-0.26224777	-0.89375508	0.0025701523	-6.0498714e-05	0
87.515625	-0.26134849	1.9420519	0.0025483966	-0.00020682812	0
88.015625	-0.26355684	0.96445656	0.0025075674	-9.0301037e-05	0
88.515625	-0.26543885	0.39995569	0.0025340915	-0.00015497208	0
89.015625	-0.26712492	2.5558672	0.0025755167	-0.0002348423	0
89.515625	-0.26839748	1.1756018	0.0025182962	-0.00016272068	0
90.015625	-0.27077645	1.2167381	0.0025451183	-0.00018388033	0
90.515625	-0.27119294	0.67790651	0.0025519729	-0.00031292439	0
91.015625	-0.27242377	0.11862369	0.0025761127	-0.00020205975	0
91.515625	-0.27450919	2.755301	0.0025469065	-9.983778e-05	0
92.015625	-0.2753146	0.026979605	0.0025463104	-0.00018119812	0
92.515625	-0.27834997	0.69972652	0.00251472	-3.4570694e-05	0
93.015625	-0.27934089	2.9395134	0.002540648	-4.5895576e-05	0
93.515625	-0.28045923	2.4650071	0.0025436282	-4.2915344e-05	0

Acquisition de données						Temps :	449.69141	Sec	06.06.2013 18:52:48
Temps	Axial Déplacement	Axial Force	Axial fléche	Axial CMOD*2	Canon
Sec	mm	N	mm	mm	unitless
114.84473	-0.2804704	2.6669331	0.0025683641	0.00018417835	1
115.34473	-0.27953833	5.8012705	0.0027129054	0.00011026859	0
115.84473	-0.28174073	-2.0405991	0.002656579	0.00026762486	0
116.34473	-0.28333291	1.551924	0.0027653575	0.00025182962	0
116.84473	-0.28422922	0.65634388	0.0026187301	0.00023812056	0
117.34473	-0.28742328	1.6964393	0.0026935339	0.000397861	0
117.84473	-0.28903559	1.1756721	0.0026917458	0.00035226345	0
118.34473	-0.2911523	2.6084692	0.0026485324	0.00037819147	0
118.84473	-0.29248595	2.3514378	0.0026980042	0.00045776367	0
119.34473	-0.29351115	1.7266129	0.0026810169	0.00039875507	0
119.84473	-0.29545352	1.9162189	0.0026676059	0.00043541193	0
120.34473	-0.29715896	3.4271004	0.0026637316	0.00039935112	0
120.84473	-0.29887557	2.9200568	0.0026720762	0.00044643879	0
121.34473	-0.29942691	3.1981947	0.0027179718	0.00055700541	0
121.84473	-0.3017582	0.26478857	0.002656281	0.00038832426	0
122.34473	-0.30342564	1.2812856	0.0026965141	0.00047415495	0
122.84473	-0.30449256	1.7618525	0.0026485324	0.00053197145	0
123.34473	-0.3056325	2.4794562	0.0026810169	0.00052154064	0
123.84473	-0.30675009	-0.81715679	0.0026986003	0.00056087971	0
124.34473	-0.30875057	1.2377859	0.0026786327	0.00054955482	0
124.84473	-0.31153783	0.81780028	0.0026524067	0.000667274	0
125.34473	-0.3115572	1.3130504	0.0027325749	0.00074088573	0
125.84473	-0.31266585	2.6431124	0.0028204918	0.00060498714	1
126.34473	-0.31448305	-0.17515685	0.002771318	0.00068306923	0
126.84473	-0.31569526	1.1538051	0.0027173758	0.00062942505	0
127.34473	-0.31811148	0.57865757	0.0027787685	0.00063836575	0
127.84473	-0.31933561	0.68548793	0.0027745962	0.00061541796	0
128.34473	-0.3212221	1.9849315	0.0027552247	0.00072866678	0
128.84473	-0.32228231	2.5775352	0.0027659535	0.00064283609	0
129.34473	-0.3244929	0.75063211	0.002797544	0.00072926283	0
129.84473	-0.32450706	3.8762417	0.0027513504	0.00072330236	0
130.34473	-0.32668337	0.84164435	0.0027191639	0.00059366226	0
130.84473	-0.32860935	2.2329192	0.0027477741	0.00074416399	0
131.34473	-0.33091679	2.0314028	0.0027504563	0.00079363585	0
131.84473	-0.33119917	1.0956224	0.0027316809	0.00071406364	0
132.34473	-0.33405349	0.42280528	0.0027924776	0.00079393387	0
132.84473	-0.33358037	4.1039658	0.0027129054	0.00072002411	0
133.34473	-0.33598542	0.58429682	0.0026911497	0.00075340271	0
133.84473	-0.33710226	2.2071447	0.0027543306	0.00072181225	0
134.34473	-0.33817589	1.0459453	0.0027823448	0.00073760748	0
134.84473	-0.34167022	5.1590128	0.0027418137	0.00084251165	0
135.34473	-0.34107938	3.1505885	0.002643466	0.00076591969	0
135.84473	-0.34374148	3.7409225	0.002797842	0.00082552433	0
136.34473	-0.34589916	0.15798163	0.0028684735	0.00081151724	1
136.84473	-0.34607276	2.4146864	0.0028213859	0.00088483095	0
137.34473	-0.34821853	1.0479225	0.0028011203	0.00098735094	0
137.84473	-0.34984276	4.3910422	0.0028198957	0.00074118376	0
138.34473	-0.35228506	0.92389357	0.0028136373	0.0008431077	0
138.84473	-0.35306662	3.9373846	0.0027695298	0.00096619129	0
139.34473	-0.35322756	3.3331397	0.0027811527	0.00090479851	0
139.84473	-0.35507381	3.793045	0.0028249621	0.0008893013	0
140.34473	-0.35660192	3.1376369	0.0028425455	0.00093698502	0
140.84473	-0.35920516	0.56437218	0.0028029084	0.00099271536	0
141.34473	-0.35913438	2.0950494	0.0028279424	0.00091820955	0
141.84473	-0.36147311	2.2123628	0.0028276443	0.00090837479	0
142.34473	-0.3626816	1.5666189	0.0028213859	0.0010406971	0
142.84473	-0.36490187	2.3849459	0.0028243661	0.0010222197	0
143.34473	-0.3647238	2.5274134	0.0028017163	0.00095963478	0
143.84473	-0.36794469	0.88599813	0.0028720498	0.0010213256	0
144.34473	-0.36871508	-0.039404735	0.0029060245	0.0010371208	0
144.84473	-0.36996678	3.3534505	0.0028073788	0.0010713935	0
145.34473	-0.37246421	2.85868	0.0028344989	0.0010493398	0
145.84473	-0.37240162	3.6686649	0.0027638674	0.001193881	0
146.34473	-0.37452579	2.0117357	0.0028309226	0.0011011958	0
146.84473	-0.37721843	2.0991561	0.0029265881	0.0011155009	1
147.34473	-0.37812963	3.4973104	0.0029626489	0.0012311339	0
147.84473	-0.37966296	2.0293906	0.0029683113	0.0011193752	0
148.34473	-0.38159192	3.091809	0.0029039383	0.0011232495	0
148.84473	-0.38256273	4.434916	0.0030171871	0.0011670589	0
149.34473	-0.38406476	3.3134725	0.0030097365	0.0010731816	0
149.84473	-0.38479418	1.7138016	0.0029370189	0.001116991	0
150.34473	-0.38668215	1.9780521	0.0029054284	0.0011664629	0
150.84473	-0.38886592	0.074609257	0.0029462576	0.0011688471	0
151.34473	-0.38943738	2.5173049	0.002913177	0.0012508035	0
151.84473	-0.39031506	-0.5173977	0.0029665232	0.0011745095	0
152.34473	-0.39429441	2.0499001	0.0030201674	0.0011608005	0
152.84473	-0.39495677	1.847834	0.0029718876	0.0012028217	0
153.34473	-0.3963694	0.59740055	0.0029757619	0.0012663007	0
153.84473	-0.39796904	0.71058387	0.0029560924	0.0012496114	0
154.34473	-0.39895549	2.2511239	0.0029656291	0.0012716651	0
154.84473	-0.4009448	1.0762593	0.0029662251	0.0012138486	0
155.34473	-0.40282458	1.4446023	0.0029084086	0.0012725592	0
155.84473	-0.40321052	0.09398403	0.0029349327	0.0013327599	0
156.34473	-0.4045479	3.2529144	0.0029715896	0.0012487173	0
156.84473	-0.40678903	0.014694877	0.0029471517	0.0012969971	0
157.34473	-0.40766746	2.6902037	0.0029662251	0.0013965368	1
157.84473	-0.40882528	1.8013508	0.002925396	0.0013384223	0
158.34473	-0.40964633	1.9585837	0.0029081106	0.0013354421	0
158.84473	-0.412599	1.3718767	0.0028967857	0.0013288856	0
159.34473	-0.41602477	0.12057755	0.0029161572	0.0013801455	0
159.84473	-0.415463	0.49902913	0.0029456615	0.00138551	0
160.34473	-0.41584373	2.5864737	0.0029325485	0.0013196468	0
160.84473	-0.41956902	3.1197481	0.0029408932	0.0013023615	0
161.34473	-0.42051896	0.19942211	0.0029209256	0.0013563037	0
161.84473	-0.42172745	1.2390612	0.0029242039	0.0013682246	0
162.34473	-0.42329952	0.59543496	0.0029578805	0.0012606382	0
162.84473	-0.42295903	1.1673418	0.0029405951	0.0014173985	0
163.34473	-0.42561293	-1.6562389	0.0029307604	0.0014588237	0
163.84473	-0.42778999	-0.61264527	0.0029084086	0.0014227629	0
164.34473	-0.42959452	-0.53996652	0.002951026	0.0013273954	0
164.84473	-0.43057725	1.449294	0.0029176474	0.00133425	0
165.34473	-0.43270141	2.2349784	0.0028258562	0.0014975667	0
165.84473	-0.43365508	1.0571185	0.0029632449	0.0015598536	0
166.34473	-0.43500364	0.71130925	0.0029170513	0.0014263391	0
166.84473	-0.43710396	0.07173112	0.0028899312	0.0014993548	0
167.34473	-0.43814853	1.1175244	0.0028932095	0.0015053153	0
167.84473	-0.43977425	2.9435732	0.0029605627	0.0015002489	1
168.34473	-0.44128895	4.7865171	0.0029265881	0.0014474988	1
168.84473	-0.44264346	3.0194931	0.0028988719	0.0014150143	0
169.34473	-0.4434742	2.3602123	0.0029507279	0.0015711784	0
169.84473	-0.44655353	2.6427729	0.0029674172	0.0015091896	0
170.34473	-0.44652224	1.4242448	0.0028985739	0.0014349818	0
170.84473	-0.44936091	2.5792198	0.0029492378	0.0014731288	0
171.34473	-0.45058429	0.78646839	0.0029450655	0.0015163422	0
171.84473	-0.45163035	1.3805579	0.0029283762	0.0014802814	0
172.34473	-0.45293868	2.1116047	0.0029423833	0.0016546249	0
172.84473	-0.45380145	2.8962245	0.0028812885	0.0014519691	0
173.34473	-0.45623109	-0.7686848	0.0028759241	0.0015938282	0
173.84473	-0.45863166	3.3012695	0.0029194355	0.0015971065	0
174.34473	-0.45828298	-1.3693261	0.0028884411	0.001617372	0
174.84473	-0.46072975	2.8702745	0.0028428435	0.0016400218	0
175.34473	-0.46232641	0.96498305	0.0029122829	0.0016111135	0
175.84473	-0.46309829	-0.64820087	0.0029098988	0.0015091896	0
176.34473	-0.46511367	0.11766431	0.0028994679	0.001552403	0
176.84473	-0.46700835	-1.6071234	0.0029239058	0.0015151501	0
177.34473	-0.46652183	3.0503685	0.002900362	0.0015798211	0
177.84473	-0.46962872	1.2090163	0.0028777122	0.0014546514	0
178.34473	-0.47172308	0.85501719	0.0028264523	0.0015851855	0
178.84473	-0.47329515	0.94722289	0.0028961897	0.0015667081	1
179.34473	-0.47362372	1.5544512	0.002951026	0.0015825033	0
179.84473	-0.47556907	0.87877941	0.0029218197	0.0016155839	0
180.34473	-0.47624931	2.5969801	0.002886951	0.0015884638	0
180.84473	-0.47891587	1.153033	0.0028407574	0.0015741587	0
181.34473	-0.48045143	1.0158418	0.002848208	0.0016543269	0
181.84473	-0.48140064	-2.2928455	0.0028604269	0.001565814	0
182.34473	-0.48298836	1.5088691	0.0028371811	0.0015321374	0
182.84473	-0.48401654	1.0141804	0.00292629	0.0016462803	0
183.34473	-0.48572123	0.41560996	0.0028762221	0.0016096234	0
183.84473	-0.48808903	-0.41091835	0.0029018521	0.0015982985	0
184.34473	-0.48737004	0.59515417	0.0028157234	0.0016131997	0
184.84473	-0.49042106	-2.5914345	0.0028890371	0.0015485287	0
185.34473	-0.49164519	0.92365962	0.0029423833	0.001591444	0
185.84473	-0.49360469	-0.90164071	0.0028806925	0.0016117096	0
186.34473	-0.49584433	-1.0444945	0.0029727817	0.0016236305	0
186.84473	-0.49576089	-0.056930948	0.0029298663	0.001552701	0
187.34473	-0.49800053	-0.12302279	0.0028681755	0.0016158819	0
187.84473	-0.49988925	0.95044029	0.0028729439	0.001591742	0
188.34473	-0.50105381	-0.89663321	0.0028568506	0.0016105175	0
188.84473	-0.50275624	-2.5537612	0.0028729439	0.0016456842	0
189.34473	-0.50453913	-0.65849662	0.0029015541	0.0015485287	1
189.84473	-0.50592721	-3.4395604	0.0029632449	0.0015592575	0
190.34473	-0.50764829	-1.243121	0.0029048324	0.0017076731	0
190.84473	-0.5080536	-1.5629218	0.0028887391	0.0016009808	0
191.34473	-0.50994903	-1.5138999	0.0028547645	0.001616776	0
191.84473	-0.51135123	-1.4574486	0.0029465556	0.0015541911	0
192.34473	-0.51393956	-0.12686031	0.002822578	0.0015774369	0
192.84473	-0.51517856	-2.8244467	0.0029048324	0.0015470386	0
193.34473	-0.5163908	-3.1090543	0.0028082728	0.0016343594	0
193.84473	-0.51785558	-1.5459337	0.0028550625	0.0016245246	0
194.34473	-0.51842403	-1.498971	0.0028780103	0.0016620755	0
194.84473	-0.52055866	-0.011290251	0.0028413534	0.0014907122	0
195.34473	-0.52166432	-1.21035	0.0028899312	0.0015807152	0
195.84473	-0.52331913	-0.0064699575	0.0028976798	0.0015985966	0
196.34473	-0.52536952	-3.7018454	0.0028896332	0.0015828013	0
196.84473	-0.52653849	-1.9004594	0.0028553605	0.0015985966	0
197.34473	-0.52648711	-2.10813	0.0028017163	0.0016230345	0
197.84473	-0.52925718	-0.9420048	0.0028908253	0.0015583634	0
198.34473	-0.53146851	-1.043617	0.002912581	0.0016346574	0
198.84473	-0.53368062	1.1206365	0.0029078126	0.0016891956	0
199.34473	-0.53341538	-2.6616211	0.0028991699	0.0016623735	0
199.84473	-0.53518939	0.11761751	0.0029104948	0.001706779	1
200.34473	-0.53705502	-1.5400839	0.0029829144	0.0016087294	0
200.84473	-0.53685832	0.40037689	0.0029730797	0.0016534328	0
201.34473	-0.54008436	-4.2672825	0.0029295683	0.0016418099	0
201.84473	-0.54226965	-0.94459045	0.0029471517	0.0016501546	0
202.34473	-0.54243207	-0.24723896	0.00297755	0.0016608834	0
202.84473	-0.54354072	-2.1494882	0.0028985739	0.0016048551	0
203.34473	-0.5453043	-2.9113288	0.0029096007	0.0016090274	0
203.84473	-0.54696572	-1.2359374	0.0028946996	0.0016799569	0
204.34473	-0.5494051	0.38028842	0.0029483438	0.0016474724	0
204.84473	-0.54987741	-1.7224594	0.0029236078	0.0017219782	0
205.34473	-0.55157989	-0.6469841	0.0029307604	0.0016972423	0
205.84473	-0.55373013	-0.341223	0.0029590726	0.0016441941	0
206.34473	-0.55625886	0.38384515	0.0029063225	0.0016781688	0
206.84473	-0.5557552	-3.3239903	0.002925396	0.0016382337	0
207.34473	-0.55830181	-0.63311988	0.0029247999	0.0016644597	0
207.84473	-0.55875927	-3.5620451	0.0029146671	0.001681447	0
208.34473	-0.56159496	-0.077931985	0.0028830767	0.0016885996	0
208.84473	-0.5617373	-0.72944385	0.0029569864	0.001681149	0
209.34473	-0.56379962	-1.1408068	0.0029334426	0.0016927719	0
209.84473	-0.56535006	-3.2421505	0.0029164553	0.0015869737	0
210.34473	-0.56695789	-0.9682824	0.0028860569	0.0016617775	1
210.84473	-0.56828558	-2.8949375	0.0030460954	0.0017035007	0
211.34473	-0.57003868	-2.6812415	0.0030344725	0.0016692281	0
211.84473	-0.57087171	-1.8500102	0.0030505657	0.0017392635	0
212.34473	-0.57297647	1.3609141	0.0029906631	0.0016593933	0
212.84473	-0.57387877	-2.0142744	0.0030270219	0.0017538667	0
213.34473	-0.57615864	-0.56170464	0.0029247999	0.0017601252	0
213.84473	-0.57847649	-2.4810824	0.0030258298	0.0016909838	0
214.34473	-0.57853162	-2.1455455	0.0030338764	0.0016841292	0
214.84473	-0.57963657	-2.6012857	0.0030559301	0.0017675757	0
215.34473	-0.58189631	-4.4249592	0.0030580163	0.0017151237	0
215.84473	-0.58318603	-4.2614088	0.0030514598	0.0017169118	0
216.34473	-0.58501732	-2.333385	0.0030100346	0.0017157197	0
216.84473	-0.58700514	-4.1591649	0.0030189753	0.0016015768	0
217.34473	-0.58749688	-3.0493741	0.0030741096	0.0017219782	0
217.84473	-0.5893625	-2.0016973	0.0030592084	0.0017049909	0
218.34473	-0.5917877	-1.749673	0.0030347705	0.001694262	0
218.84473	-0.59174299	-2.9748118	0.0030267239	0.0017762184	0
219.34473	-0.59386563	-6.2041278	0.0030469894	0.0017425418	0
219.84473	-0.59570444	-3.3711405	0.0030422211	0.0016868114	0
220.34473	-0.59677213	-4.0728912	0.0029796362	0.0017890334	0
220.84473	-0.59902143	-5.3502808	0.0029507279	0.0017052889	1
221.34473	-0.60047656	-3.8009889	0.0029689074	0.0017589331	1
221.84473	-0.60131025	-6.9153256	0.0029963255	0.0017675757	0
222.34473	-0.60255456	-5.117187	0.0029975176	0.0016999245	0
222.84473	-0.60504675	-7.0812106	0.0029501319	0.0017678738	0
223.34473	-0.60728264	-8.9381819	0.0029531121	0.0017622113	0
223.84473	-0.6082319	-9.420867	0.0029480457	0.0018435717	0
224.34473	-0.60818565	-10.830405	0.0030228496	0.0017735362	0
224.84473	-0.6097846	-10.789894	0.0029796362	0.0017362833	0
225.34473	-0.61181337	-12.541802	0.0030782819	0.0017371774	0
225.84473	-0.61337578	-15.481784	0.002976954	0.0017181039	0
226.34473	-0.61492026	-16.124556	0.0030165911	0.0018292665	0
226.84473	-0.61696023	-15.010272	0.003015101	0.0016593933	0
227.34473	-0.61784089	-16.642416	0.0029841065	0.0017806888	0
227.84473	-0.61970502	-16.881048	0.0029700994	0.0018408895	0
228.34473	-0.62118995	-19.200127	0.0029760599	0.0017142296	0
228.84473	-0.62352645	-19.947809	0.0030308962	0.0017610192	0
229.34473	-0.62348175	-22.689522	0.0029841065	0.0017669797	0
229.84473	-0.62558126	-23.693747	0.0030088425	0.0017568469	0
230.34473	-0.62779856	-26.226149	0.0029751658	0.0017690659	0
230.84473	-0.62899292	-26.93988	0.002964437	0.001706183	0
231.34473	-0.62962323	-28.465054	0.0030273199	0.0017026067	0
231.84473	-0.63193887	-31.946369	0.0029802322	0.0017523766	1
232.34473	-0.63298714	-36.411476	0.0029864907	0.0016441941	0
232.84473	-0.63497871	-36.701992	0.0029537082	0.001655817	0
233.34473	-0.63560009	-40.869675	0.0029927492	0.0016769767	0
233.84473	-0.63743222	-43.831013	0.0029191375	0.001732707	0
234.34473	-0.63965768	-45.117317	0.0030019879	0.0018304586	0
234.84473	-0.63966811	-50.27438	0.0029018521	0.0017979741	0
235.34473	-0.64263493	-48.451122	0.0029554963	0.0017443299	0
235.84473	-0.64384711	-54.222416	0.0029230118	0.0016692281	0
236.34473	-0.6447643	-54.969376	0.0029444695	0.0016674399	0
236.84473	-0.64625514	-55.654522	0.0029891729	0.0018304586	0
237.34473	-0.64788091	-56.443821	0.0029405951	0.0017046928	0
237.84473	-0.64974129	-56.491962	0.0029572845	0.0017347932	0
238.34473	-0.65037757	-56.212887	0.002963841	0.0016760826	0
238.84473	-0.65173209	-56.891617	0.0029733777	0.0016236305	0
239.34473	-0.65481436	-58.085442	0.0029265881	0.0017186999	0
239.84473	-0.65502077	-60.953651	0.003002286	0.0017037988	0
240.34473	-0.65716207	-59.522083	0.0029572845	0.0016579032	0
240.84473	-0.65827668	-60.645695	0.0029590726	0.0017628074	0
241.34473	-0.65985173	-61.147152	0.0029608607	0.0016894937	0
241.84473	-0.66126436	-62.460041	0.0029340386	0.0016564131	0
242.34473	-0.66349435	-63.714401	0.0029447675	0.0017422438	1
242.84473	-0.66389591	-61.510441	0.0028908253	0.0017404556	0
243.34473	-0.66529661	-64.025436	0.0029751658	0.0017899275	0
243.84473	-0.66702735	-65.537209	0.0029087067	0.0017905235	0
244.34473	-0.66828728	-69.250526	0.0029841065	0.0017744303	0
244.84473	-0.67098367	-69.146202	0.0029334426	0.0017225742	0
245.34473	-0.67114758	-70.639099	0.0029605627	0.0017103553	0
245.84473	-0.67328143	-73.744324	0.0028777122	0.0017124414	0
246.34473	-0.67539442	-76.059235	0.0029200315	0.0016352534	0
246.84473	-0.67531765	-78.587502	0.0029221177	0.0016754866	0
247.34473	-0.67841482	-78.924637	0.0029247999	0.0016704202	0
247.84473	-0.679829	-78.814133	0.0029292703	0.0016790628	0
248.34473	-0.68061799	-82.109169	0.0029265881	0.0016516447	0
248.84473	-0.68330765	-82.187531	0.0029292703	0.0016698241	0
249.34473	-0.68407059	-85.480209	0.0029352307	0.001680851	0
249.84473	-0.68640041	-86.084885	0.0028780103	0.0017291307	0
250.34473	-0.68754625	-88.422523	0.0029176474	0.0016888976	0
250.84473	-0.68916607	-92.863884	0.0028681755	0.0017252564	0
251.34473	-0.68956983	-91.688087	0.0028452277	0.0015670061	0
251.84473	-0.69143176	-94.30072	0.0028178096	0.0017127395	0
252.34473	-0.69251955	-99.038986	0.0027176738	0.0017005205	0
252.84473	-0.6941691	-94.76931	0.0023570657	0.0016370416	1
253.34473	-0.69608462	-99.693024	0.0022065639	0.0016784668	0
253.84473	-0.69737434	-104.5346	0.0021466613	0.0017055869	0
254.34473	-0.69843161	-102.81502	0.0021749735	0.0016281009	0
254.84473	-0.7000767	-104.26048	0.0021353364	0.0016629696	0
255.34473	-0.70188344	-109.51224	0.002104342	0.0015234947	0
255.84473	-0.70263517	-108.05624	0.0021240115	0.0016027689	0
256.34473	-0.7047236	-111.61826	0.0020542741	0.0016179681	0
256.84473	-0.70672929	-112.48185	0.0020736456	0.0017118454	0
257.34473	-0.70735067	-115.24722	0.0020387769	0.0016433001	0
257.84473	-0.70973784	-116.23566	0.0018838048	0.0016641617	0
258.34473	-0.7101841	-118.11778	0.0018465519	0.001718998	0
258.84473	-0.71358013	-117.4067	0.0018313527	0.0015836954	0
259.34473	-0.71471107	-122.01219	0.0018903613	0.0017371774	0
259.84473	-0.71541297	-120.40998	0.0017151237	0.0015768409	0
260.34473	-0.71669149	-122.97715	0.0017237663	0.0016951561	0
260.84473	-0.71811527	-122.70191	0.0015875697	0.0016784668	0
261.34473	-0.71971941	-123.85514	0.0015598536	0.0016883016	0
261.84473	-0.72247458	-124.76445	0.001527667	0.0016537309	0
262.34473	-0.72312951	-124.86228	0.0015872717	0.0016540289	0
262.84473	-0.7244103	-125.80556	0.0015583634	0.0015774369	0
263.34473	-0.725995	-127.74117	0.0015333295	0.001719296	1
263.84473	-0.72700828	-126.99437	0.0012007356	0.0015407801	1
264.34473	-0.72854388	-127.8278	0.0010550022	0.0015649199	0
264.84473	-0.73016584	-129.61035	0.0011602044	0.0015625358	0
265.34473	-0.7329762	-129.72891	0.0011223555	0.0015825033	0
265.84473	-0.73308277	-131.34515	0.0011155009	0.0016614795	0
266.34473	-0.7352196	-132.1947	0.0010740757	0.0015440583	0
266.84473	-0.73563683	-135.04547	0.0011128187	0.0015842915	0
267.34473	-0.7377997	-137.50815	0.0010314584	0.0016516447	0
267.84473	-0.73850822	-138.32597	0.00093013048	0.0015887618	0
268.34473	-0.74050355	-143.4601	0.00073224306	0.0015193224	0
268.84473	-0.74283409	-147.73386	0.00065505505	0.0015240908	0
269.34473	-0.74389505	-150.32352	0.00043064356	0.0014820695	0
269.84473	-0.74441659	-156.26901	0.0001642108	0.0014847517	0
270.34473	-0.74713755	-160.66422	-0.00010281801	0.0014933944	0
270.84473	-0.74808747	-163.58525	-0.00029325485	0.001526475	0
271.34473	-0.74924082	-166.17223	-0.00061392784	0.0015839934	0
271.84473	-0.75210404	-173.58928	-0.00079721212	0.0015181303	0
272.34473	-0.75285506	-177.73685	-0.00096261501	0.0015699863	0
272.84473	-0.75324249	-181.94016	-0.0011783838	0.0015953183	0
273.34473	-0.75540018	-187.00693	-0.0014230609	0.0016671419	0
273.84473	-0.75698048	-196.38422	-0.0016841292	0.0016137958	0
274.34473	-0.75878274	-197.31029	-0.0021338463	0.0015667081	1
274.84473	-0.75944364	-203.63599	-0.0022798777	0.0014543533	0
275.34473	-0.76053369	-210.06198	-0.0024735928	0.0015288591	0
275.84473	-0.76296031	-213.36212	-0.0028523803	0.0015068054	0
276.34473	-0.76440871	-220.26541	-0.0030079484	0.0015261769	0
276.84473	-0.76693892	-226.01747	-0.0032863021	0.0015202165	0
277.34473	-0.768888	-231.38492	-0.0034958124	0.0015124679	0
277.84473	-0.76898408	-239.3287	-0.0038802624	0.0014224648	0
278.34473	-0.76957273	-249.88493	-0.0042009354	0.0013777614	0
278.84473	-0.77185106	-253.6188	-0.0044801831	0.0015202165	0
279.34473	-0.77435672	-260.91544	-0.0048023462	0.0015023351	0
279.84473	-0.77454078	-266.96002	-0.0051608682	0.0014179945	0
280.34473	-0.77692568	-273.12534	-0.0054869056	0.0013893843	0
280.84473	-0.77950358	-281.22226	-0.0058412552	0.0014609098	0
281.34473	-0.77973008	-290.96585	-0.0060623884	0.00135988	0
281.84473	-0.78136098	-296.97284	-0.0065016747	0.0013622642	0
282.34473	-0.78232586	-304.18286	-0.0067955256	0.0014320016	0
282.84473	-0.78424662	-308.99139	-0.0070285797	0.0014528632	0
283.34473	-0.78590959	-318.34647	-0.0072902441	0.0014221668	0
283.84473	-0.78701746	-325.19681	-0.0076377392	0.0013419986	0
284.34473	-0.78784597	-335.42245	-0.0077724457	0.0013262033	0
284.84473	-0.7907517	-342.17612	-0.0083005428	0.0014621019	1
285.34473	-0.79106539	-350.30151	-0.0083974004	0.0012412667	0
285.84473	-0.79153329	-358.79352	-0.0087204576	0.0013488531	0
286.34473	-0.79494417	-367.7572	-0.0088605285	0.001399219	0
286.84473	-0.79723597	-376.00522	-0.0090068579	0.0013384223	0
287.34473	-0.79769492	-384.19299	-0.0092604756	0.0012817979	0
287.84473	-0.80025423	-394.83566	-0.0093519688	0.0012534857	0
288.34473	-0.80159831	-398.59058	-0.009521842	0.001231432	0
288.84473	-0.80135912	-406.65634	-0.0096312165	0.0013846159	0
289.34473	-0.80429912	-415.81842	-0.0097769499	0.0012433529	0
289.84473	-0.80578995	-422.8623	-0.0099486113	0.0012153387	0
290.34473	-0.80792904	-431.27228	-0.01013428	0.0012469292	0
290.84473	-0.80860031	-439.50842	-0.010224879	0.0012016296	0
291.34473	-0.80981404	-444.46313	-0.010327399	0.0011259317	0
291.84473	-0.81144422	-454.478	-0.010435581	0.0012555718	0
292.34473	-0.81211102	-462.21954	-0.010627508	0.0012499094	0
292.84473	-0.81383735	-472.30182	-0.010742247	0.0011470914	0
293.34473	-0.81448704	-484.40228	-0.010845065	0.0011909008	0
293.84473	-0.81690699	-490.79944	-0.01097858	0.0011232495	0
294.34473	-0.81845748	-505.30325	-0.011139512	0.0012093782	0
294.84473	-0.8202188	-513.06726	-0.011268258	0.0011369586	0
295.34473	-0.8212775	-523.4892	-0.011794269	0.0011622906	1
295.84473	-0.82370341	-533.00336	-0.011911094	0.0011333823	0
296.34473	-0.82484412	-544.04388	-0.01195401	0.0010794401	0
296.84473	-0.82589984	-554.39325	-0.012270212	0.0010898709	0
297.34473	-0.82693624	-564.70129	-0.012386441	0.00098109245	0
297.84473	-0.82890838	-576.08838	-0.012432933	0.0009727478	0
298.34473	-0.83066374	-584.2099	-0.012686849	0.00092148781	0
298.84473	-0.83266199	-595.11053	-0.012864769	0.0010475516	0
299.34473	-0.83394647	-609.21283	-0.01306355	0.00089466572	0
299.84473	-0.8357681	-613.73431	-0.013224781	0.00095546246	0
300.34473	-0.83662498	-624.90833	-0.01327455	0.0010225177	0
300.84473	-0.83817768	-636.4054	-0.013460517	0.0009983778	0
301.34473	-0.84159601	-643.08588	-0.013608634	0.00081390142	0
301.84473	-0.8414067	-652.49121	-0.013652742	0.00090360641	0
302.34473	-0.84297508	-660.00092	-0.013658702	0.00091671944	0
302.84473	-0.84595311	-667.05499	-0.013775527	0.00086992979	0
303.34473	-0.84512979	-677.48059	-0.013875067	0.00080436468	0
303.84473	-0.84822845	-689.19574	-0.013968945	0.00085681677	0
304.34473	-0.84887815	-698.61719	-0.01416117	0.0008675456	0
304.84473	-0.85088539	-707.47455	-0.014320612	0.00087499619	0
305.34473	-0.85243952	-717.34088	-0.01450181	0.0009432435	0
305.84473	-0.85301548	-726.034	-0.014686882	0.0009098649	1
306.34473	-0.85483491	-735.84833	-0.014832616	0.00089496374	0
306.84473	-0.85706115	-749.1488	-0.014883578	0.00076144934	0
307.34473	-0.85682273	-755.40674	-0.015039742	0.00071495771	0
307.84473	-0.85971725	-764.66962	-0.015156865	0.00077813864	0
308.34473	-0.86114258	-777.71136	-0.015186071	0.00069946051	0
308.84473	-0.86164773	-784.92249	-0.015355647	0.00074774027	0
309.34473	-0.86341429	-799.4054	-0.01555413	0.00073164701	0
309.84473	-0.86540651	-807.82275	-0.015645027	0.00078111887	0
310.34473	-0.86776316	-818.29706	-0.015819967	0.00070869923	0
310.84473	-0.86810362	-828.40521	-0.015772581	0.00062942505	0
311.34473	-0.87012279	-839.47083	-0.016038418	0.00077337027	0
311.84473	-0.8717522	-848.64301	-0.016130209	0.00078886747	0
312.34473	-0.87264329	-864.00659	-0.016312897	0.00069260597	0
312.84473	-0.87419522	-872.18329	-0.016416311	0.00075250864	0
313.34473	-0.87569284	-884.79193	-0.016515553	0.00064581633	0
313.84473	-0.87787658	-896.659	-0.016651452	0.00071316957	0
314.34473	-0.87827814	-903.85828	-0.016783178	0.00066280365	0
314.84473	-0.88050216	-915.1181	-0.016917586	0.00071167946	0
315.34473	-0.88120627	-927.0788	-0.016948581	0.00064074993	0
315.84473	-0.88358819	-938.98901	-0.017219484	0.00066399574	0
316.34473	-0.88493526	-949.35901	-0.017330348	0.0006043911	1
316.84473	-0.88577271	-959.25897	-0.017645955	0.00052958727	1
317.34473	-0.88842285	-969.7746	-0.017657578	0.00067800283	0
317.84473	-0.88911802	-982.11157	-0.017845929	0.00047951937	0
318.34473	-0.89044499	-991.09735	-0.017949641	0.00053972006	0
318.84473	-0.8920595	-1006.0272	-0.018135011	0.00055938959	0
319.34473	-0.8937813	-1014.4447	-0.018332601	0.00051558018	0
319.84473	-0.89572895	-1025.022	-0.01845479	0.000461936	0
320.34473	-0.89712292	-1034.2032	-0.018565953	0.00045895576	0
320.84473	-0.89735317	-1049.8965	-0.018776953	0.00044614077	0
321.34473	-0.89951086	-1059.9534	-0.018792748	0.00049322844	0
321.84473	-0.90301859	-1070.0214	-0.01891464	0.0005865097	0
322.34473	-0.90311766	-1081.197	-0.019053221	0.00038474798	0
322.84473	-0.90475231	-1089.1707	-0.019158721	0.00043988228	0
323.34473	-0.90569925	-1099.9252	-0.019271076	0.00037521124	0
323.84473	-0.90667677	-1115.1528	-0.019429624	0.00044375658	0
324.34473	-0.90964586	-1121.3425	-0.019485652	0.00033974648	0
324.84473	-0.91030747	-1134.8568	-0.019648969	0.00034838915	0
325.34473	-0.91281682	-1148.1022	-0.01973778	0.00034242868	0
325.84473	-0.91347766	-1157.3451	-0.019822121	0.00033169985	0
326.34473	-0.91553855	-1171.7749	-0.020004809	0.00036031008	0
326.84473	-0.91597211	-1179.4717	-0.020145476	0.00027775764	0
327.34473	-0.9183526	-1198.6655	-0.020415485	0.00029444695	1
327.84473	-0.91880709	-1210.8094	-0.020518303	0.00018626451	0
328.34473	-0.9220891	-1220.2094	-0.020635426	0.00031709671	0
328.84473	-0.92177618	-1229.9641	-0.020810962	0.00026613474	0
329.34473	-0.92378259	-1237.8104	-0.020898879	0.00019818544	0
329.84473	-0.92519671	-1252.0427	-0.02104938	0.00021606684	0
330.34473	-0.92752576	-1262.3466	-0.021200776	0.00011652708	0
330.84473	-0.92723	-1273.7402	-0.021287203	0.00014215708	0
331.34473	-0.92891306	-1287.7811	-0.021471679	0.00019401312	0
331.84473	-0.93026984	-1297.7358	-0.021564662	0.00021606684	0
332.34473	-0.93224496	-1310.2852	-0.021735132	0.00010102987	0
332.84473	-0.93410313	-1321.0925	-0.021900535	0.00012636185	0
333.34473	-0.93582046	-1330.7788	-0.022078454	0.00010848045	0
333.84473	-0.93712282	-1346.9005	-0.02232939	9.0301037e-05	0
334.34473	-0.93880296	-1357.9662	-0.02245456	1.0728836e-05	0
334.84473	-0.94051659	-1370.5076	-0.022629797	-3.2782555e-06	0
335.34473	-0.94241202	-1385.0559	-0.022746325	3.9935112e-05	0
335.84473	-0.94272643	-1397.5823	-0.023003519	1.847744e-05	0
336.34473	-0.94516426	-1409.9016	-0.023135841	1.1026859e-05	0
336.84473	-0.94567609	-1425.2867	-0.023382902	-0.00013202429	0
337.34473	-0.9475559	-1431.0276	-0.023525953	-0.00012427568	0
337.84473	-0.94948483	-1444.5247	-0.023891926	-7.301569e-05	1
338.34473	-0.95129383	-1461.0981	-0.024017394	-0.00011831522	0
338.84473	-0.95278847	-1471.5348	-0.024225414	-0.0001591444	0
339.34473	-0.95425397	-1482.3003	-0.024295151	-0.00025480986	0
339.84473	-0.95520544	-1499.4651	-0.024471283	-0.000205338	0
340.34473	-0.95621419	-1510.9718	-0.024726093	-0.0001475215	0
340.84473	-0.95837486	-1524.2072	-0.024858713	-0.00023037195	0
341.34473	-0.96038055	-1536.4242	-0.02500385	-0.00025421381	0
341.84473	-0.96061456	-1551.0585	-0.025214255	-0.00017851591	0
342.34473	-0.96231401	-1563.3926	-0.02541244	-0.00022053719	0
342.84473	-0.96391737	-1574.9065	-0.025523901	-0.0002425909	0
343.34473	-0.96690881	-1588.0009	-0.025636256	-0.00033885241	0
343.84473	-0.96648705	-1599.2041	-0.025962889	-0.00036925077	0
344.34473	-0.9685539	-1612.9048	-0.026109517	-0.00028043985	0
344.84473	-0.97000897	-1628.0643	-0.026344359	-0.00042319298	0
345.34473	-0.97177553	-1639.6941	-0.026411414	-0.00032782555	0
345.84473	-0.97344518	-1652.0239	-0.026586354	-0.00047624111	0
346.34473	-0.97432882	-1666.4105	-0.02674669	-0.00050157309	0
346.84473	-0.97509921	-1672.2046	-0.026932359	-0.00051289797	0
347.34473	-0.97806603	-1693.8079	-0.027153492	-0.00051289797	0
347.84473	-0.97915459	-1706.5037	-0.027389824	-0.0005659461	0
348.34473	-0.98102093	-1717.3142	-0.027753413	-0.00054478645	1
348.84473	-0.98060143	-1732.0221	-0.02777487	-0.00061035156	0
349.34473	-0.98386109	-1744.4413	-0.027971566	-0.00064343214	0
349.84473	-0.98682791	-1758.8621	-0.028164685	-0.00064283609	0
350.34473	-0.98751557	-1772.5796	-0.028349459	-0.00072807074	0
350.84473	-0.98772794	-1785.415	-0.028609037	-0.00068306923	0
351.34473	-0.98937899	-1803.1793	-0.029089749	-0.00071167946	0
351.84473	-0.99182129	-1812.9961	-0.029273629	-0.00079482794	0
352.34473	-0.99290311	-1824.1327	-0.029414892	-0.00082045794	0
352.84473	-0.99439919	-1835.9803	-0.029509664	-0.00082850456	0
353.34473	-0.99506378	-1848.9324	-0.02968967	-0.0008174777	0
353.84473	-0.99701583	-1861.7615	-0.029747188	-0.00090658665	0
354.34473	-0.99914002	-1865.5476	-0.030827522	-0.00089138746	0
354.84473	-0.9988308	-1878.0271	-0.030916035	-0.00078439713	0
355.34473	-1.0008268	-1890.3126	-0.030862689	-0.00091314316	0
355.84473	-1.0029577	-1901.5168	-0.030928254	-0.00092178583	0
356.34473	-1.0038733	-1918.754	-0.030922294	-0.00078469515	0
356.84473	-1.0057635	-1931.5397	-0.030969381	-0.0008353591	0
357.34473	-1.0087587	-1945.5692	-0.03092289	-0.00094026327	0
357.84473	-1.0099576	-1960.663	-0.031033754	-0.0010091066	0
358.34473	-1.0099798	-1969.5027	-0.031172931	-0.00097125769	0
358.84473	-1.0111011	-1982.5365	-0.031339824	-0.0010684133	1
359.34473	-1.0144495	-2000.3407	-0.031512976	-0.0010219216	1
359.84473	-1.0144539	-2007.0829	-0.031639338	-0.00099420547	0
360.34473	-1.0156407	-2023.5131	-0.031729341	-0.0011745095	0
360.84473	-1.0175116	-2033.8693	-0.031742156	-0.0011396408	0
361.34473	-1.019857	-2049.7659	-0.031931698	-0.0010606647	0
361.84473	-1.0203719	-2065.489	-0.032096803	-0.0012290478	0
362.34473	-1.0230869	-2076.5205	-0.032258332	-0.0011762977	0
362.84473	-1.0244324	-2091.5725	-0.03223747	-0.0012269616	0
363.34473	-1.0264509	-2107.3745	-0.032499433	-0.0012353063	0
363.84473	-1.0269188	-2118.0947	-0.032573342	-0.0012981892	0
364.34473	-1.0292485	-2134.2227	-0.032761693	-0.001244247	0
364.84473	-1.0295219	-2146.4243	-0.032898486	-0.001296699	0
365.34473	-1.032523	-2158.2358	-0.033050776	-0.0013133883	0
365.84473	-1.0346628	-2174.332	-0.033234656	-0.0013998151	0
366.34473	-1.0341972	-2184.7051	-0.033364892	-0.0014665723	0
366.84473	-1.0371171	-2202.3638	-0.033468008	-0.0014573336	0
367.34473	-1.0380268	-2215.2073	-0.033569336	-0.0015065074	0
367.84473	-1.0392689	-2225.4182	-0.033746064	-0.0014039874	0
368.34473	-1.0410891	-2240.2107	-0.033931136	-0.0014004111	0
368.84473	-1.0408864	-2252.1855	-0.034005344	-0.0014299154	0
369.34473	-1.043985	-2265.8967	-0.034195781	-0.0014692545	0
369.84473	-1.0449522	-2282.0938	-0.034480393	-0.0015643239	1
370.34473	-1.0464288	-2297.4265	-0.034578443	-0.001539886	0
370.84473	-1.0484852	-2311.5569	-0.03477931	-0.0016734004	0
371.34473	-1.048708	-2327.2944	-0.034986734	-0.001591146	0
371.84473	-1.0511256	-2338.9146	-0.035144091	-0.001681149	0
372.34473	-1.0539867	-2358.6169	-0.035299361	-0.0015923381	0
372.84473	-1.0540001	-2373.8921	-0.03556788	-0.0016924739	0
373.34473	-1.0558195	-2385.3877	-0.035710335	-0.0017827749	0
373.84473	-1.0584579	-2403.3862	-0.03580153	-0.001796186	0
374.34473	-1.0587178	-2415.1218	-0.03603518	-0.0017815828	0
374.84473	-1.06145	-2431.3496	-0.036235452	-0.0018036366	0
375.34473	-1.0618478	-2447.9385	-0.036328435	-0.001847744	0
375.84473	-1.0632679	-2458.415	-0.036560595	-0.0018557906	0
376.34473	-1.0655694	-2477.3447	-0.036660433	-0.0019308925	0
376.84473	-1.0663033	-2491.0068	-0.036881268	-0.0018721819	0
377.34473	-1.0682151	-2505.0908	-0.037007034	-0.0018909574	0
377.84473	-1.0696925	-2522.064	-0.037153363	-0.0019496679	0
378.34473	-1.0713555	-2535.5986	-0.037397742	-0.0020560622	0
378.84473	-1.0716007	-2550.4319	-0.037484169	-0.0021013618	0
379.34473	-1.0739125	-2563.3091	-0.037583411	-0.0019967556	0
379.84473	-1.0743253	-2580.0688	-0.037856102	-0.0021502376	0
380.34473	-1.0769285	-2594.6104	-0.03826797	-0.0020959973	1
380.84473	-1.07679	-2605.9158	-0.038217902	-0.0021764636	0
381.34473	-1.0792501	-2625.3203	-0.038366318	-0.002182126	0
381.84473	-1.0802239	-2636.9333	-0.038554668	-0.0021374226	0
382.34473	-1.0840297	-2652.3772	-0.038726926	-0.0022292137	0
382.84473	-1.0849036	-2665.9697	-0.038862228	-0.0021559	0
383.34473	-1.0855093	-2678.8416	-0.039007664	-0.0022956729	0
383.84473	-1.0873281	-2699.1282	-0.039228201	-0.002284646	0
384.34473	-1.08855	-2714.7246	-0.039440095	-0.0023150444	0
384.84473	-1.0906823	-2728.3384	-0.039604902	-0.0023472309	0
385.34473	-1.0923959	-2742.7463	-0.039699674	-0.0023582578	0
385.84473	-1.0929823	-2758.2803	-0.039863586	-0.0024241209	0
386.34473	-1.0942452	-2772.5071	-0.040102005	-0.0024476647	0
386.84473	-1.0968335	-2785.4275	-0.040093958	-0.0023886561	0
387.34473	-1.0966733	-2804.1897	-0.040364265	-0.0025105476	0
387.84473	-1.0984212	-2819.5442	-0.040427148	-0.0024390221	0
388.34473	-1.1004239	-2833.1973	-0.040574372	-0.0024488568	0
388.84473	-1.1016548	-2845.0283	-0.04070282	-0.0025039911	0
389.34473	-1.104439	-2867.6455	-0.040882528	-0.002527833	0
389.84473	-1.1053212	-2883.6555	-0.041109025	-0.0025561452	0
390.34473	-1.1056803	-2898.7998	-0.041190386	-0.0026923418	0
390.84473	-1.1080049	-2909.3516	-0.041438937	-0.0025892258	1
391.34473	-1.1095099	-2927.1035	-0.041567087	-0.0026574731	0
391.84473	-1.1113323	-2944.1877	-0.041639209	-0.0026702881	0
392.34473	-1.1124127	-2959.0867	-0.041863024	-0.0027218461	0
392.84473	-1.1141278	-2974.3208	-0.041968226	-0.0027242303	0
393.34473	-1.1155165	-2988.0439	-0.042083263	-0.0026890635	0
393.84473	-1.1159196	-3002.5334	-0.042305291	-0.0027963519	0
394.34473	-1.1183746	-3023.7415	-0.042583644	-0.0027793646	0
394.84473	-1.120209	-3035.7471	-0.042750835	-0.00287503	0
395.34473	-1.1222661	-3052.3572	-0.043002963	-0.0027543306	0
395.84473	-1.1226907	-3066.4707	-0.043142736	-0.002835691	0
396.34473	-1.1251144	-3079.3894	-0.043239594	-0.0028836727	0
396.84473	-1.1266924	-3096.7104	-0.043365359	-0.0029468536	0
397.34473	-1.1280351	-3110.8242	-0.04353255	-0.0029203296	0
397.84473	-1.1287861	-3122.7344	-0.043606758	-0.0029098988	0
398.34473	-1.1313223	-3145.2515	-0.043946207	-0.002964735	0
398.84473	-1.13291	-3159.1233	-0.044158101	-0.0030052662	0
399.34473	-1.1347003	-3178.8716	-0.044437945	-0.0029808283	0
399.84473	-1.1358612	-3188.6794	-0.04457891	-0.0029495358	0
400.34473	-1.1375144	-3205.3784	-0.044738352	-0.0029954314	0
400.84473	-1.1379451	-3224.2095	-0.044870079	-0.0030505657	0
401.34473	-1.1387765	-3237.8918	-0.045139492	-0.0030973554	1
401.84473	-1.1413693	-3255.2883	-0.045329034	-0.0031125546	0
402.34473	-1.1435128	-3269.9756	-0.045494139	-0.0031140447	0
402.84473	-1.1441015	-3287.0208	-0.045631826	-0.0031417608	0
403.34473	-1.1456549	-3303.8914	-0.045807958	-0.0031223893	0
403.84473	-1.1477873	-3321.021	-0.046027899	-0.003246069	0
404.34473	-1.1489139	-3339.8691	-0.046362877	-0.0032413006	0
404.84473	-1.1493936	-3357.5701	-0.046535432	-0.0032234192	0
405.34473	-1.1506386	-3374.7542	-0.046794415	-0.0033667684	0
405.84473	-1.1539772	-3391.4475	-0.047111511	-0.0033384562	0
406.34473	-1.1552728	-3408.9329	-0.04727602	-0.0033527613	0
406.84473	-1.1572086	-3421.0259	-0.047377944	-0.0034663081	0
407.34473	-1.158043	-3438.0066	-0.047596693	-0.0034716725	0
407.84473	-1.1584498	-3453.5156	-0.047806203	-0.0035071373	0
408.34473	-1.1604689	-3471.6584	-0.048005581	-0.0034806132	0
408.84473	-1.1623323	-3486.7339	-0.048175454	-0.0034511089	0
409.34473	-1.1647784	-3505.0386	-0.04835546	-0.0035896897	0
409.84473	-1.1640035	-3522.5154	-0.048561692	-0.0035995245	0
410.34473	-1.1673368	-3538.7271	-0.048686564	-0.0035822392	0
410.84473	-1.1693127	-3556.5781	-0.04894793	-0.0036460161	0
411.34473	-1.1715807	-3571.5903	-0.049192905	-0.00366956	0
411.84473	-1.1715226	-3590.0681	-0.049293637	-0.0036561489	1
412.34473	-1.1737897	-3605.7993	-0.049886703	-0.0037714839	1
412.84473	-1.173167	-3619.6191	-0.049878657	-0.0037452579	0
413.34473	-1.1760734	-3633.6563	-0.049930811	-0.0038182735	0
413.84473	-1.1774971	-3655.2139	-0.050159693	-0.0038033724	0
414.34473	-1.1780806	-3675.9719	-0.050392747	-0.0038820505	0
414.84473	-1.1802047	-3689.4336	-0.050632656	-0.0038039684	0
415.34473	-1.182773	-3707.812	-0.050829351	-0.0039258599	0
415.84473	-1.1824094	-3721.5017	-0.051068366	-0.0039327145	0
416.34473	-1.1850014	-3741.375	-0.051303506	-0.0039878488	0
416.84473	-1.1852994	-3759.1785	-0.051559508	-0.0040823221	0
417.34473	-1.1871569	-3776.4192	-0.051663518	-0.0040602684	0
417.84473	-1.1899121	-3791.8503	-0.051884353	-0.0040450692	0
418.34473	-1.189658	-3808.3445	-0.052146018	-0.0041133165	0
418.84473	-1.1929356	-3828.3096	-0.05227536	-0.0040894747	0
419.34473	-1.1932209	-3846.9143	-0.052647889	-0.0041660666	0
419.84473	-1.1952863	-3862.4487	-0.052777827	-0.0042018294	0
420.34473	-1.1976018	-3897.2637	-0.053371489	-0.0042203069	0
420.84473	-1.1983223	-3908.2461	-0.053592622	-0.0042691827	0
421.34473	-1.1999696	-3922.9065	-0.053734183	-0.0042960048	0
421.84473	-1.2015059	-3938.5535	-0.053919852	-0.004324913	0
422.34473	-1.2043602	-3956.9165	-0.054269731	-0.0044563413	0
422.84473	-1.2037523	-3972.2942	-0.054590702	-0.0042745471	1
423.34473	-1.2050472	-3986.9011	-0.054757297	-0.0043025613	0
423.84473	-1.2080752	-4009.3254	-0.055068433	-0.0043794513	0
424.34473	-1.2089617	-4026.2947	-0.055145621	-0.0045084953	0
424.84473	-1.2109048	-4045.5452	-0.055539906	-0.0044685602	0
425.34473	-1.2126893	-4061.1443	-0.055766702	-0.0044795871	0
425.84473	-1.2139037	-4077.9004	-0.056073666	-0.004594326	0
426.34473	-1.2150095	-4095.0269	-0.056349933	-0.0045102835	0
426.84473	-1.2166888	-4117.52	-0.056643784	-0.0045585632	0
427.34473	-1.2183659	-4134.1235	-0.056910813	-0.0045821071	0
427.84473	-1.2203529	-4156.3838	-0.057309568	-0.0046908855	0
428.34473	-1.2207859	-4172.3833	-0.057456195	-0.0046989322	0
428.84473	-1.2223579	-4186.2036	-0.057692826	-0.0046360493	0
429.34473	-1.2246802	-4208.1968	-0.057937503	-0.0048312545	0
429.84473	-1.2263752	-4225.7754	-0.058183372	-0.0047639012	0
430.34473	-1.2264371	-4244.5762	-0.058467686	-0.0048291683	0
430.84473	-1.228147	-4263.1348	-0.058728755	-0.0048738718	0
431.34473	-1.2299664	-4282.8398	-0.059047043	-0.0049299002	0
431.84473	-1.2312449	-4299.8682	-0.059301555	-0.0049418211	0
432.34473	-1.2325197	-4318.6309	-0.059591532	-0.0048819184	0
432.84473	-1.2346357	-4339.9019	-0.059816539	-0.0050660968	0
433.34473	-1.2353911	-4357.4395	-0.060334206	-0.0050237775	1
433.84473	-1.2374804	-4377.334	-0.060305893	-0.005069077	0
434.34473	-1.2391582	-4396.0947	-0.060600042	-0.0051239133	0
434.84473	-1.2399621	-4419.0112	-0.060968101	-0.0050875545	0
435.34473	-1.2438409	-4433.6787	-0.061119497	-0.0052335858	0
435.84473	-1.2443199	-4456.1597	-0.061354339	-0.005145371	0
436.34473	-1.2444303	-4471.8232	-0.061711073	-0.0052517653	0
436.84473	-1.2465	-4489.6401	-0.061958432	-0.0053057075	0
437.34473	-1.2487627	-4510.7183	-0.062231123	-0.0053042173	0
437.84473	-1.2489729	-4529.1714	-0.062503815	-0.0053587556	0
438.34473	-1.2518324	-4551.9565	-0.062847137	-0.0053167343	0
438.84473	-1.2538486	-4568.1519	-0.062994659	-0.0054210424	0
439.34473	-1.2540646	-4587.0737	-0.063347816	-0.0054726005	0
439.84473	-1.2552671	-4601.2969	-0.063533783	-0.0054213405	0
440.34473	-1.256258	-4621.6899	-0.063751936	-0.0056016445	0
440.84473	-1.2571886	-4637.8276	-0.06395787	-0.0055104494	0
441.34473	-1.2600034	-4656.624	-0.064231455	-0.0056108832	0
441.84473	-1.2609802	-4676.5356	-0.064515471	-0.0056031346	0
442.34473	-1.2626216	-4705.4351	-0.06490171	-0.0057551265	0
442.84473	-1.2645274	-4724.915	-0.065294206	-0.0057509542	0
443.34473	-1.2656138	-4741.2788	-0.065464973	-0.0057414174	0
443.84473	-1.2673348	-4760.9365	-0.065997839	-0.0058171153	1
444.34473	-1.2695961	-4781.8794	-0.066093504	-0.0058305264	0
444.84473	-1.2695715	-4800.2959	-0.066318512	-0.0057432055	0
445.34473	-1.2713141	-4824.7227	-0.066583455	-0.0059068203	0
445.84473	-1.2728698	-4843.7275	-0.066877007	-0.0058984756	0
446.34473	-1.2748792	-4862.7861	-0.067213774	-0.0059714913	0
446.84473	-1.2769371	-4884.6362	-0.067467093	-0.0059136748	0
447.34473	-1.2773261	-4905.0679	-0.067872703	-0.0060999393	0
447.84473	-1.2784793	-4926.4429	-0.067996979	-0.0061619282	0
448.34473	-1.281368	-4947.8076	-0.068396032	-0.0060746074	0
448.84473	-1.2831621	-4966.6221	-0.068591237	-0.0061941147	0
449.34473	-1.2837574	-4986.3535	-0.068897903	-0.00618577	0
