Temps	Axial D?lacement	Axial Force	Axial fl?he	Axial CMOD*2	Canon
Sec	mm	N	mm	mm	unitless
0.51367188	0.000962615	2.2982104	0.000935495	-0.000189543	0
1.0136719	0.001674891	-0.85500216	0.000941157	-3.10E-05	0
1.5136719	0.002017617	-0.98699683	0.000939965	-0.00054121	0
2.0136719	-9.24E-05	-6.5120211	0.000879765	-0.000567734	0
2.5136719	-0.000479817	-10.41853	0.000869036	-0.001149476	0
3.0136719	-0.00179112	-17.845274	0.000773966	-0.002639592	0
3.5136719	-0.006350875	-25.554855	0.000368953	-0.004369617	0
4.0136719	-0.00936985	-33.862106	-0.000934303	-0.005803406	0
4.5136719	-0.010827184	-37.542683	-0.00228405	-0.0066939	0
5.0136719	-0.011977553	-40.665966	-0.003249645	-0.007863939	0
5.5136719	-0.013035536	-42.626701	-0.004311204	-0.008725822	0
6.0136719	-0.015160441	-45.855476	-0.005558431	-0.009783804	0
6.5136719	-0.016409159	-48.115055	-0.006783009	-0.010993779	0
7.0136719	-0.020512938	-54.288723	-0.007705689	-0.011896491	0
7.5136719	-0.020840764	-56.223717	-0.008803308	-0.012989044	0
8.0136719	-0.021958351	-58.816914	-0.00962168	-0.013786852	0
8.5136719	-0.024217367	-62.875069	-0.010951161	-0.015043616	0
9.0136719	-0.024789572	-63.531055	-0.012360811	-0.016469061	0
9.5136719	-0.026220083	-65.127922	-0.013542771	-0.017381608	0
10.013672	-0.028419495	-70.320023	-0.014860034	-0.018947423	1
10.513672	-0.029841065	-68.855484	-0.016318858	-0.020042956	1
11.013672	-0.030973554	-72.788254	-0.017589033	-0.021498501	0
11.513672	-0.032946467	-72.825645	-0.018760562	-0.022714734	0
12.013672	-0.034838915	-76.248611	-0.019924641	-0.023912489	0
12.513672	-0.036305189	-76.611641	-0.021381676	-0.025310516	0
13.013672	-0.038164854	-79.121559	-0.022565722	-0.026362538	0
13.513672	-0.040122867	-80.891975	-0.023900867	-0.027920604	0
14.013672	-0.040474534	-83.545013	-0.025218129	-0.029310286	0
14.513672	-0.041937828	-81.991356	-0.02658844	-0.030622482	0
15.013672	-0.041806698	-83.532829	-0.028006434	-0.031956136	0
15.513672	-0.045448542	-82.73365	-0.029067099	-0.033239722	0
16.013672	-0.046464801	-82.317665	-0.030764639	-0.034941137	0
16.513672	-0.048467517	-83.96154	-0.031959414	-0.036091208	0
17.013672	-0.049608946	-86.355003	-0.033170581	-0.0373891	0
17.513672	-0.050312281	-84.386047	-0.034516156	-0.038747489	0
18.013672	-0.053223968	-86.139519	-0.035804212	-0.040116608	0
18.513672	-0.054451823	-86.186562	-0.03726691	-0.041745305	0
19.013672	-0.055775046	-87.088303	-0.038442314	-0.043045282	0
19.513672	-0.057542324	-86.859779	-0.039729476	-0.04452914	0
20.013672	-0.058183074	-85.956253	-0.041039884	-0.046010613	0
20.513672	-0.060418248	-89.170914	-0.042461157	-0.04752785	0
21.013672	-0.062191486	-86.664925	-0.043985844	-0.049099028	1
21.513672	-0.062677264	-83.482933	-0.045417547	-0.050392449	0
22.013672	-0.064852834	-86.444061	-0.047017336	-0.052369237	0
22.513672	-0.065228343	-84.164719	-0.048443675	-0.053755939	0
23.013672	-0.06737709	-83.969688	-0.050042272	-0.055308044	0
23.513672	-0.069576502	-83.474434	-0.05138278	-0.056774616	0
24.013672	-0.069400668	-82.115822	-0.052616894	-0.058037639	0
24.513672	-0.07211864	-84.328918	-0.053788424	-0.059475601	0
25.013672	-0.073087215	-82.924538	-0.055195391	-0.060884655	0
25.513672	-0.074976683	-84.421097	-0.056499541	-0.06233871	0
26.013672	-0.077080727	-79.882339	-0.05836755	-0.064307451	0
26.513672	-0.078755617	-81.842934	-0.060003996	-0.065796971	0
27.013672	-0.079998374	-81.342041	-0.061346889	-0.067567229	0
27.513672	-0.080916286	-80.400688	-0.063011944	-0.069264472	0
28.013672	-0.080597401	-78.819244	-0.064618289	-0.070798397	0
28.513672	-0.085261464	-78.101952	-0.065755546	-0.072323978	0
29.013672	-0.086134672	-78.095047	-0.067407489	-0.07396698	0
29.513672	-0.0854671	-75.376518	-0.068980157	-0.075596869	0
30.013672	-0.088000298	-74.981354	-0.070438981	-0.077266395	0
30.513672	-0.088331103	-73.329651	-0.071787536	-0.078618228	0
31.013672	-0.091129541	-72.394775	-0.072986782	-0.080173016	0
31.513672	-0.092503428	-71.398026	-0.074634552	-0.08172214	1
32.013672	-0.093701482	-71.07251	-0.076291263	-0.083522797	0
32.513672	-0.09777844	-68.735306	-0.077956319	-0.085354745	0
33.013672	-0.097835064	-70.185173	-0.07943213	-0.086792707	0
33.513672	-0.099009275	-69.17321	-0.080996156	-0.088685155	0
34.013672	-0.10190904	-68.026924	-0.082617998	-0.090179145	0
34.513672	-0.1032114	-66.954971	-0.084221363	-0.091756284	0
35.013672	-0.10406971	-65.469482	-0.085717738	-0.093712509	0
35.513672	-0.10488331	-65.751961	-0.087441802	-0.095307529	0
36.013672	-0.10623038	-64.169495	-0.089204311	-0.097256303	0
36.513672	-0.1080513	-62.780178	-0.090821981	-0.098836124	0
37.013672	-0.11018217	-62.895409	-0.092025399	-0.10025501	0
37.513672	-0.11110306	-63.064754	-0.093156397	-0.10168761	0
38.013672	-0.11234283	-61.717598	-0.094612837	-0.10314226	0
38.513672	-0.11452436	-60.596008	-0.096053183	-0.10455966	0
39.013672	-0.11656582	-61.385471	-0.097409189	-0.10604233	0
39.513672	-0.11818707	-57.580727	-0.099178851	-0.10802656	0
40.013672	-0.11787713	-59.291134	-0.10082185	-0.10970712	0
40.513672	-0.11878014	-54.604622	-0.10226995	-0.11131912	0
41.013672	-0.1206845	-56.579285	-0.10390282	-0.11290193	0
41.513672	-0.12194514	-55.965202	-0.10515392	-0.11445403	0
42.013672	-0.12493432	-54.61224	-0.10676652	-0.11590064	1
42.513672	-0.12643039	-52.268227	-0.10798961	-0.11733264	0
43.013672	-0.12662411	-53.132629	-0.10944337	-0.11903077	0
43.513672	-0.12987554	-52.000328	-0.11089236	-0.12041122	0
44.013672	-0.12998283	-48.798771	-0.11253268	-0.12242585	0
44.513672	-0.13070107	-51.50695	-0.11417359	-0.12402833	0
45.013672	-0.13317168	-52.509205	-0.11554509	-0.12545288	0
45.513672	-0.13605654	-48.693634	-0.11681408	-0.12704313	0
46.013672	-0.13625622	-47.176575	-0.11826307	-0.12840778	0
46.513672	-0.13773739	-47.587132	-0.11990666	-0.13027757	0
47.013672	-0.13912022	-48.207516	-0.12127757	-0.13165325	0
47.513672	-0.14047027	-45.102436	-0.12227476	-0.13292968	0
48.013672	-0.143525	-46.765537	-0.12468964	-0.13498664	0
48.513672	-0.14424026	-41.917496	-0.12539208	-0.13649285	0
49.013672	-0.14521778	-44.128262	-0.12714565	-0.13835937	0
49.513672	-0.14796853	-43.430511	-0.12893051	-0.14036417	0
50.013672	-0.14824867	-42.064747	-0.13059109	-0.14195859	0
50.513672	-0.14885366	-42.145248	-0.1321882	-0.14396727	0
51.013672	-0.151214	-40.211056	-0.1338625	-0.1456514	0
51.513672	-0.15298724	-39.264416	-0.13531357	-0.14721572	0
52.013672	-0.1544863	-37.815983	-0.13692498	-0.14873922	0
52.513672	-0.1540333	-40.5522	-0.13840407	-0.15031248	1
53.013672	-0.15593767	-35.810936	-0.13983667	-0.15201718	1
53.513672	-0.15914738	-39.034946	-0.14141351	-0.15385777	0
54.013672	-0.16174316	-32.499393	-0.14331192	-0.15610188	0
54.513672	-0.16167462	-33.190254	-0.14466226	-0.15731364	0
55.013672	-0.16362071	-33.905521	-0.14625192	-0.15921444	0
55.513672	-0.16503632	-32.832012	-0.14787614	-0.16091526	0
56.013672	-0.16694367	-32.200092	-0.14920264	-0.16224235	0
56.513672	-0.16774833	-30.598454	-0.15077382	-0.16420394	0
57.013672	-0.16954243	-30.957798	-0.15220076	-0.16534686	0
57.513672	-0.1714319	-28.508387	-0.15356511	-0.16710281	0
58.013672	-0.17326474	-31.508665	-0.15480369	-0.16853243	0
58.513672	-0.1752913	-29.530973	-0.15592605	-0.16967416	0
59.013672	-0.17454028	-26.759542	-0.15717715	-0.17139941	0
59.513672	-0.17810762	-27.848034	-0.15881062	-0.17311662	0
60.013672	-0.17735958	-27.020546	-0.16046554	-0.17489225	0
60.513672	-0.18063188	-26.288858	-0.16189873	-0.17647356	0
61.013672	-0.18140972	-24.890657	-0.16327947	-0.17791092	0
61.513672	-0.1821965	-25.694304	-0.16483158	-0.17988026	0
62.013672	-0.18450618	-21.640633	-0.16666681	-0.18142372	0
62.513672	-0.18538535	-22.841135	-0.16813874	-0.1833266	0
63.013672	-0.18768311	-21.149126	-0.16955554	-0.18476725	0
63.513672	-0.18981695	-19.549202	-0.17115414	-0.18641651	1
64.013672	-0.19027293	-17.752766	-0.17250836	-0.18800646	0
64.513672	-0.19200146	-19.868937	-0.17406344	-0.18983722	0
65.013672	-0.192976	-18.529804	-0.17570347	-0.19141495	0
65.513672	-0.19418895	-18.294325	-0.17703265	-0.19295096	0
66.013672	-0.19672215	-18.724947	-0.17850429	-0.1943177	0
66.513672	-0.19850135	-16.838934	-0.17994225	-0.1961109	0
67.013672	-0.19947588	-16.269115	-0.18149257	-0.19773871	0
67.513672	-0.20155311	-16.673447	-0.18297017	-0.19914955	0
68.013672	-0.2032578	-14.391487	-0.18442541	-0.2008459	0
68.513672	-0.20374656	-17.421137	-0.18601686	-0.20248681	0
69.013672	-0.20522475	-13.539124	-0.18754482	-0.20416111	0
69.513672	-0.20598471	-15.299221	-0.18914372	-0.20586044	0
70.013672	-0.20871758	-13.241406	-0.19082993	-0.20758718	0
70.513672	-0.20982623	-13.161793	-0.19251138	-0.20949125	0
71.013672	-0.2112329	-12.399133	-0.19405156	-0.2110377	0
71.513672	-0.21357536	-11.10717	-0.19571155	-0.21303922	0
72.013672	-0.2161622	-9.2187614	-0.19720763	-0.21473527	0
72.513672	-0.21559	-9.8524923	-0.19880891	-0.2160576	0
73.013672	-0.21806359	-9.2217293	-0.20053983	-0.21818727	0
73.513672	-0.21914542	-8.7645092	-0.20203978	-0.21947473	0
74.013672	-0.22102594	-7.0360837	-0.20333529	-0.22128969	1
74.513672	-0.22209883	-6.2565112	-0.20484477	-0.22285938	0
75.013672	-0.22325218	-5.3151746	-0.20641536	-0.22446483	0
75.513672	-0.22419691	-4.5321841	-0.20816356	-0.22614419	0
76.013672	-0.22598803	-5.3028851	-0.20948321	-0.22764295	0
76.513672	-0.22742152	-4.2144079	-0.21087497	-0.2293101	0
77.013672	-0.22888184	-1.9314888	-0.2124539	-0.23103148	0
77.513672	-0.23103356	-3.9808774	-0.21386087	-0.23254931	0
78.013672	-0.23103654	-5.1668305	-0.21545231	-0.23430765	0
78.513672	-0.23487806	-2.1126573	-0.21705121	-0.23594171	0
79.013672	-0.23415387	-1.585968	-0.21840811	-0.23752421	0
79.513672	-0.2379477	-0.27380157	-0.21989465	-0.23925394	0
80.013672	-0.2376914	-0.17052807	-0.22140563	-0.24096668	0
80.513672	-0.24001002	-0.97910523	-0.2230373	-0.24254769	0
81.013672	-0.24128556	0.34801197	-0.22443116	-0.24393439	0
81.513672	-0.24192333	3.5670948	-0.22574723	-0.24566203	0
82.013672	-0.24442077	2.663512	-0.22737354	-0.24737298	0
82.513672	-0.24577975	1.4578502	-0.22897571	-0.24940401	0
83.013672	-0.2464503	1.6718935	-0.23075223	-0.25111616	0
83.513672	-0.24778545	2.6155925	-0.23251414	-0.25301486	0
84.013672	-0.25066137	1.3259691	-0.23423195	-0.2548185	0
84.513672	-0.2535522	5.2182493	-0.23580939	-0.25680691	1
85.013672	-0.2532959	5.0536537	-0.23768634	-0.25856107	0
85.513672	-0.25506914	6.0295205	-0.23928493	-0.26029617	0
86.013672	-0.2559185	6.0586596	-0.24116874	-0.26240617	0
86.513672	-0.25696754	6.5532837	-0.24315298	-0.26463836	0
87.013672	-0.25992095	5.6358414	-0.24499536	-0.26654691	0
87.513672	-0.26204586	10.60228	-0.24697989	-0.26854187	0
88.013672	-0.26293993	9.1562147	-0.24896801	-0.27079523	0
88.513672	-0.26397705	9.6600437	-0.250884	-0.27282476	0
89.013672	-0.26579499	9.8270903	-0.25292456	-0.2753064	0
89.513672	-0.2674818	10.118723	-0.25482982	-0.27688682	0
90.013672	-0.26850104	9.682333	-0.25654912	-0.27898461	0
90.513672	-0.2694428	10.974678	-0.25831014	-0.28077155	0
91.013672	-0.27216673	9.7626171	-0.26008129	-0.28286755	0
91.513672	-0.27374327	13.243627	-0.26188344	-0.28488576	0
92.013672	-0.27506649	10.246968	-0.26351839	-0.28653502	0
92.513672	-0.27591884	11.234052	-0.26522279	-0.28826535	0
93.013672	-0.27676523	12.612578	-0.26693463	-0.29002696	0
93.513672	-0.27917027	17.39934	-0.26864022	-0.29214859	0
94.013672	-0.28061271	13.236382	-0.27050704	-0.29395133	0
94.513672	-0.28170049	13.559523	-0.27244925	-0.295991	0
95.013672	-0.28240085	14.757407	-0.27399749	-0.29744923	1
95.513672	-0.28520823	18.139925	-0.27580768	-0.29945999	0
96.013672	-0.28736591	16.702698	-0.2776587	-0.30171782	0
96.513672	-0.28767288	16.936001	-0.27944118	-0.30354321	0
97.013672	-0.29029548	17.867157	-0.28100193	-0.30528575	0
97.513672	-0.2912581	16.3848	-0.28273284	-0.30697882	0
98.013672	-0.29288232	17.80835	-0.28461188	-0.30910164	0
98.513672	-0.29448569	17.727423	-0.28662562	-0.3114143	0
99.013672	-0.2958864	19.999586	-0.2882272	-0.31298429	0
99.513672	-0.29600263	20.286673	-0.28997332	-0.3151831	0
100.01367	-0.29913783	20.233866	-0.29156983	-0.31651676	0
100.51367	-0.30078292	20.418438	-0.29319346	-0.31833827	0
101.01367	-0.30168593	23.242216	-0.29491365	-0.32021731	0
101.51367	-0.3031522	22.021568	-0.29660106	-0.32198161	0
102.01367	-0.30449927	21.098711	-0.29829204	-0.32408834	0
102.51367	-0.3057301	21.459042	-0.30026704	-0.32626063	0
103.01367	-0.30750334	23.380774	-0.30206114	-0.32810658	0
103.51367	-0.30960441	24.355145	-0.30393183	-0.33011615	0
104.01367	-0.30950308	24.229111	-0.30561179	-0.3318128	0
104.51367	-0.31232536	25.563021	-0.30761451	-0.33401936	0
105.01367	-0.31386018	25.485567	-0.30956358	-0.33627063	0
105.51367	-0.31515658	24.427858	-0.31156182	-0.33817619	1
106.01367	-0.31591952	26.366577	-0.31342	-0.34038693	1
106.51367	-0.31760931	26.698034	-0.31557679	-0.34234673	0
107.01367	-0.31895339	27.851543	-0.31767935	-0.3446579	0
107.51367	-0.32103658	27.046515	-0.31985551	-0.34713984	0
108.01367	-0.32328069	29.68182	-0.32203257	-0.3495577	0
108.51367	-0.32403469	27.792719	-0.32444745	-0.3523308	0
109.01367	-0.3254652	28.262371	-0.32681525	-0.35497397	0
109.51367	-0.3272742	31.589136	-0.32947093	-0.35756439	0
110.01367	-0.32942891	27.942068	-0.33207059	-0.36029875	0
110.51367	-0.32907724	30.779755	-0.33485889	-0.36297083	0
111.01367	-0.3323257	29.936789	-0.3382194	-0.36681265	0
111.51367	-0.33295155	33.057247	-0.34171641	-0.37068337	0
112.01367	-0.33519268	33.653652	-0.34567028	-0.3749305	0
112.51367	-0.33547282	31.285801	-0.35054505	-0.38002223	0
113.01367	-0.33644736	34.364941	-0.35814971	-0.38766384	0
113.51367	-0.33943057	35.726982	-0.36078691	-0.39055049	0
114.01367	-0.34054518	40.004208	-0.3626889	-0.39259881	0
114.51367	-0.34295619	40.617413	-0.36424607	-0.39448112	0
115.01367	-0.34300685	38.665096	-0.36601931	-0.39608449	0
115.51367	-0.34617782	39.734306	-0.36754966	-0.39811611	0
116.01367	-0.34484565	40.063232	-0.36915779	-0.39977014	0
116.51367	-0.34843981	40.863857	-0.3710261	-0.40174931	1
117.01367	-0.34893155	42.656136	-0.37285686	-0.40394574	0
117.51367	-0.34993589	41.513229	-0.37483811	-0.40573031	0
118.01367	-0.35160482	43.772774	-0.37657708	-0.40792197	0
118.51367	-0.35278797	42.099068	-0.37899554	-0.41037977	0
119.01367	-0.35457313	44.016117	-0.38239837	-0.414038	0
119.51367	-0.35738945	45.389584	-0.38583159	-0.41765958	0
120.01367	-0.35875142	42.685177	-0.39426804	-0.42626977	0
120.51367	-0.3595531	45.437855	-0.39860696	-0.43110788	0
121.01367	-0.36090016	48.683411	-0.40110201	-0.4340151	0
121.51367	-0.3626138	49.457092	-0.40329456	-0.43624252	0
122.01367	-0.36526024	48.110592	-0.40580571	-0.43893486	0
122.51367	-0.36619306	48.560432	-0.40754765	-0.44096678	0
123.01367	-0.36819875	48.237583	-0.40940046	-0.4428187	0
123.51367	-0.36871433	47.491764	-0.41121572	-0.44480175	0
124.01367	-0.3693819	47.483952	-0.41287988	-0.44652671	0
124.51367	-0.3713131	48.328781	-0.41477472	-0.44870734	0
125.01367	-0.37438571	52.133919	-0.4164812	-0.45037478	0
125.51367	-0.3739208	50.373447	-0.41834205	-0.45244783	0
126.01367	-0.37741661	51.192581	-0.42021036	-0.45444161	0
126.51367	-0.37896633	49.874737	-0.42182326	-0.45590639	0
127.01367	-0.3796339	51.438534	-0.4235962	-0.45796901	1
127.51367	-0.37970543	51.458183	-0.42527229	-0.45972705	0
128.01367	-0.38261116	50.830219	-0.4271096	-0.46178669	0
128.51367	-0.38437247	53.907135	-0.42895138	-0.46364218	0
129.01367	-0.38510561	52.525372	-0.43066382	-0.46548635	0
129.51367	-0.38706958	52.083733	-0.43265581	-0.46757221	0
130.01367	-0.38820803	50.382236	-0.43480396	-0.46979159	0
130.51367	-0.390172	51.681473	-0.43655634	-0.47182262	0
131.01367	-0.39123893	53.491627	-0.43851286	-0.47370464	0
131.51367	-0.3939271	53.186493	-0.44030458	-0.47563732	0
132.01367	-0.39399862	51.837387	-0.44192255	-0.47732413	0
132.51367	-0.39635599	50.775642	-0.44386506	-0.47950268	0
133.01367	-0.39815009	53.543121	-0.44572562	-0.48140675	0
133.51367	-0.3993243	52.538074	-0.44769138	-0.48355073	0
134.01367	-0.39994419	52.575222	-0.44961721	-0.48539162	0
134.51367	-0.40237308	54.930683	-0.45148194	-0.48761815	0
135.01367	-0.40369034	55.595589	-0.45336992	-0.48950881	0
135.51367	-0.40502548	55.007488	-0.45511782	-0.49147069	0
136.01367	-0.40458441	56.30027	-0.45735985	-0.49369097	0
136.51367	-0.40849149	55.35791	-0.45918226	-0.49547553	0
137.01367	-0.40942132	56.081966	-0.46100289	-0.49762934	0
137.51367	-0.41149855	56.881828	-0.46290159	-0.49965292	1
138.01367	-0.41319728	51.931637	-0.4648	-0.50165504	0
138.51367	-0.41427016	55.297432	-0.46687096	-0.50366163	0
139.01367	-0.4150629	54.732151	-0.46864599	-0.505822	0
139.51367	-0.41694939	56.18536	-0.4705745	-0.50777644	0
140.01367	-0.41850507	55.874664	-0.47261089	-0.50985605	0
140.51367	-0.42013824	55.831005	-0.47444433	-0.51172376	0
141.01367	-0.42110085	54.540867	-0.47659189	-0.51422834	0
141.51367	-0.42429566	57.804638	-0.47873855	-0.51630408	0
142.01367	-0.42505264	56.242043	-0.48090994	-0.51858276	0
142.51367	-0.42632222	54.44046	-0.48299968	-0.52087724	0
143.01367	-0.42753816	56.501804	-0.48509061	-0.52318454	0
143.51367	-0.42831898	56.364128	-0.48748016	-0.52568942	0
144.01367	-0.4291594	58.302639	-0.48981756	-0.52814454	0
144.51367	-0.43185353	55.739491	-0.49205214	-0.53068697	0
145.01367	-0.43381155	57.179398	-0.49458355	-0.53325057	0
145.51367	-0.43536425	57.761288	-0.49705446	-0.53585678	0
146.01367	-0.43701828	56.424076	-0.49983233	-0.53868592	0
146.51367	-0.4378736	57.159252	-0.502792	-0.54177046	0
147.01367	-0.43994188	57.993069	-0.50528109	-0.54450989	0
147.51367	-0.44181347	58.512291	-0.50722092	-0.5464232	0
148.01367	-0.44151247	58.54166	-0.50899178	-0.54821163	1
148.51367	-0.44433475	60.044792	-0.51066816	-0.55032074	1
149.01367	-0.44531524	60.521149	-0.51231354	-0.55215806	0
149.51367	-0.4468739	58.867054	-0.51394254	-0.55354565	0
150.01367	-0.44891834	56.954208	-0.51535666	-0.55518538	0
150.51367	-0.44973493	58.533802	-0.51690549	-0.55678219	0
151.01367	-0.45236349	59.81049	-0.51834971	-0.5583936	0
151.51367	-0.45362711	58.223225	-0.5199489	-0.56004614	0
152.01367	-0.45452416	60.508217	-0.5213204	-0.56150436	0
152.51367	-0.4548192	56.596909	-0.52283674	-0.56331933	0
153.01367	-0.45716763	59.701962	-0.52450836	-0.56489676	0
153.51367	-0.4573971	59.235889	-0.52655816	-0.56711495	0
154.01367	-0.45906007	59.71283	-0.52821696	-0.5688706	0
154.51367	-0.46230853	62.238853	-0.5298534	-0.57087213	0
155.01367	-0.46315491	61.688759	-0.53143919	-0.57229012	0
155.51367	-0.46574771	60.941406	-0.53313017	-0.57420701	0
156.01367	-0.46581328	60.038857	-0.53476125	-0.57590365	0
156.51367	-0.46801269	59.50806	-0.53638011	-0.57785779	0
157.01367	-0.46965778	60.189564	-0.53811699	-0.57961076	0
157.51367	-0.47152936	62.747173	-0.53959548	-0.58114201	0
158.01367	-0.47233105	60.968479	-0.54096431	-0.58250695	0
158.51367	-0.47430992	60.928257	-0.54256082	-0.58422178	0
159.01367	-0.47535896	63.387035	-0.54419756	-0.58592349	1
159.51367	-0.4773289	62.161366	-0.54604739	-0.58790326	0
160.01367	-0.47984421	61.668465	-0.54756522	-0.5893144	0
160.51367	-0.47815144	63.300117	-0.54896533	-0.59104264	0
161.01367	-0.48134327	60.589718	-0.55066288	-0.59276342	0
161.51367	-0.48260093	62.099731	-0.55215746	-0.59441596	0
162.01367	-0.48387945	60.525333	-0.55366039	-0.59604585	0
162.51367	-0.48571825	62.373085	-0.5550918	-0.59747756	0
163.01367	-0.48664212	61.665573	-0.5563423	-0.5990994	0
163.51367	-0.48689842	61.938103	-0.55774152	-0.60049772	0
164.01367	-0.4898876	61.232258	-0.55936396	-0.6024155	0
164.51367	-0.49217045	61.710827	-0.56095958	-0.6040886	0
165.01367	-0.49420893	63.336193	-0.56238413	-0.60562015	0
165.51367	-0.49416721	60.791656	-0.56379437	-0.60713679	0
166.01367	-0.49567819	63.021027	-0.56533188	-0.60893148	0
166.51367	-0.49746931	61.719143	-0.56698918	-0.61064422	0
167.01367	-0.50060451	63.50433	-0.5683741	-0.61198056	0
167.51367	-0.50076842	60.583401	-0.57002217	-0.61371773	0
168.01367	-0.50279796	64.663673	-0.57172179	-0.61575741	0
168.51367	-0.50330758	61.3195	-0.57319194	-0.61725736	0
169.01367	-0.50499737	64.205841	-0.57469785	-0.61888278	0
169.51367	-0.50711334	64.370857	-0.57654887	-0.62051475	1
170.01367	-0.50863922	63.471607	-0.57800293	-0.62241554	0
170.51367	-0.51045418	61.955189	-0.5798924	-0.6242305	0
171.01367	-0.51184893	62.321232	-0.58133155	-0.62585145	0
171.51367	-0.51290393	64.389572	-0.58286965	-0.6274578	0
172.01367	-0.51445067	62.984547	-0.58443248	-0.62914699	0
172.51367	-0.51618218	62.371803	-0.58592826	-0.63077003	0
173.01367	-0.51679611	63.565357	-0.58736473	-0.63235134	0
173.51367	-0.51991343	64.632675	-0.58902442	-0.63405603	0
174.01367	-0.51900446	64.332657	-0.59060544	-0.63569605	0
174.51367	-0.52224398	64.019585	-0.59205115	-0.63755214	0
175.01367	-0.52409768	62.517071	-0.59402376	-0.63936144	0
175.51367	-0.52378476	65.544121	-0.59578687	-0.64116716	0
176.01367	-0.52658319	64.721069	-0.59726596	-0.64249247	0
176.51367	-0.52772462	65.526077	-0.59866309	-0.64423531	0
177.01367	-0.53017139	64.585808	-0.60036719	-0.64596623	0
177.51367	-0.53224564	64.823448	-0.60192943	-0.64768881	0
178.01367	-0.53260326	65.110252	-0.60361117	-0.64936697	0
178.51367	-0.5348146	64.482208	-0.60518444	-0.65114319	0
179.01367	-0.53385794	66.563904	-0.60709327	-0.65305084	0
179.51367	-0.53716898	64.983414	-0.60887247	-0.65485448	0
180.01367	-0.53774714	65.930969	-0.61065584	-0.65668404	1
180.51367	-0.54019094	65.372696	-0.61239123	-0.65866351	0
181.01367	-0.54028332	65.64296	-0.6141305	-0.66041708	0
181.51367	-0.54319799	65.764923	-0.61604857	-0.66255212	0
182.01367	-0.54644346	63.659451	-0.61784476	-0.66468269	0
182.51367	-0.54645538	65.814636	-0.61946243	-0.66644639	0
183.01367	-0.54681599	66.109482	-0.62136978	-0.66825598	0
183.51367	-0.54920316	65.083862	-0.62345058	-0.67031533	0
184.01367	-0.55142939	65.936874	-0.62557191	-0.672777	0
184.51367	-0.55117011	68.483086	-0.62758446	-0.67473054	0
185.01367	-0.55330396	64.766342	-0.62942922	-0.67657411	0
185.51367	-0.55541098	66.334976	-0.63166946	-0.67895174	0
186.01367	-0.55610836	67.340454	-0.63362807	-0.68117768	0
186.51367	-0.55742264	62.680782	-0.63553482	-0.68309933	0
187.01367	-0.560534	65.602264	-0.63741654	-0.68502426	0
187.51367	-0.56042671	66.866882	-0.63937098	-0.68701923	0
188.01367	-0.56275725	66.906029	-0.64159244	-0.68938017	0
188.51367	-0.5640626	67.688408	-0.64368367	-0.69162518	0
189.01367	-0.56540668	65.234108	-0.64571798	-0.69361687	0
189.51367	-0.56738853	66.649475	-0.64788878	-0.69599479	0
190.01367	-0.56925118	66.482162	-0.65021276	-0.69860965	0
190.51367	-0.569278	68.280739	-0.65254688	-0.70080012	1
191.01367	-0.57128966	67.942062	-0.65497369	-0.70344716	0
191.51367	-0.57240129	67.633347	-0.65768093	-0.70624441	0
192.01367	-0.57556033	69.554123	-0.66048622	-0.70926398	0
192.51367	-0.57667792	69.376717	-0.66308826	-0.71196765	0
193.01367	-0.57566464	66.747574	-0.66554576	-0.71435213	0
193.51367	-0.57937503	67.623375	-0.66781759	-0.71666181	0
194.01367	-0.58006346	68.718269	-0.66996902	-0.71935862	0
194.51367	-0.58112442	67.073074	-0.67227125	-0.7217446	0
195.01367	-0.58254898	67.907379	-0.67433476	-0.72372288	0
195.51367	-0.58402419	68.598106	-0.6764394	-0.7259661	0
196.01367	-0.58678687	67.383621	-0.6787315	-0.72851062	0
196.51367	-0.58824122	69.016151	-0.68095475	-0.73067725	0
197.01367	-0.58901012	69.138	-0.68326175	-0.73268294	0
197.51367	-0.58991015	69.718758	-0.68535596	-0.73507994	0
198.01367	-0.59256554	66.484398	-0.68742663	-0.73754638	0
198.51367	-0.59364736	72.721825	-0.68956763	-0.73951244	0
199.01367	-0.59701502	71.667641	-0.69148839	-0.74142307	0
199.51367	-0.59655607	69.433723	-0.69358557	-0.74357241	0
200.01367	-0.59781969	70.445892	-0.69560736	-0.74600041	0
200.51367	-0.59984624	68.831192	-0.69808662	-0.74844658	0
201.01367	-0.6005615	68.773453	-0.70010513	-0.7503441	1
201.51367	-0.60317516	68.627922	-0.70205748	-0.75213462	1
202.01367	-0.6049484	68.957222	-0.70423245	-0.75486034	0
202.51367	-0.60729086	70.126694	-0.70643514	-0.75728863	0
203.01367	-0.60721934	68.973236	-0.70859671	-0.75916767	0
203.51367	-0.60829222	71.053421	-0.71040183	-0.76109976	0
204.01367	-0.61119795	70.145409	-0.71185291	-0.76279223	0
204.51367	-0.61260462	69.670708	-0.71368605	-0.76480836	0
205.01367	-0.61464906	71.63279	-0.71548134	-0.76667696	0
205.51367	-0.6161809	70.52961	-0.71698844	-0.76803952	0
206.01367	-0.61658025	72.064362	-0.71912497	-0.77037692	0
206.51367	-0.61795413	70.272438	-0.72087824	-0.77269703	0
207.01367	-0.61921775	68.478493	-0.72285265	-0.77450812	0
207.51367	-0.61995387	71.605118	-0.72466254	-0.77600688	0
208.01367	-0.62379837	73.454391	-0.72622597	-0.77807188	0
208.51367	-0.62424541	71.189972	-0.72810054	-0.78006864	0
209.01367	-0.6246686	69.985565	-0.72969437	-0.78169674	0
209.51367	-0.62734187	70.699219	-0.73139042	-0.78337908	0
210.01367	-0.62849224	73.854706	-0.73329121	-0.78524679	0
210.51367	-0.63123107	73.460289	-0.73494345	-0.78763783	0
211.01367	-0.63183606	74.7519	-0.73724896	-0.79003245	0
211.51367	-0.63179731	70.959549	-0.74039102	-0.79308093	0
212.01367	-0.63368976	71.96447	-0.74456632	-0.79748601	1
212.51367	-0.63703954	70.852974	-0.7476452	-0.80068588	0
213.01367	-0.63767135	72.291786	-0.75033605	-0.80349833	0
213.51367	-0.63843429	69.385284	-0.75601757	-0.80940634	0
214.01367	-0.6409049	72.022537	-0.76151609	-0.81508338	0
214.51367	-0.6427139	71.558098	-0.76762676	-0.82147986	0
215.01367	-0.64448714	72.144547	-0.77291042	-0.82729071	0
215.51367	-0.64533949	73.748718	-0.7770291	-0.83157778	0
216.01367	-0.64540207	72.108925	-0.78080416	-0.83586067	0
216.51367	-0.64713955	72.092674	-0.78487933	-0.84001541	0
217.01367	-0.64994097	73.227142	-0.78870773	-0.84393829	0
217.51367	-0.651595	72.706696	-0.79230696	-0.84717065	0
218.01367	-0.65339804	71.93251	-0.79512894	-0.85088074	0
218.51367	-0.65412819	74.043747	-0.79900175	-0.854702	0
219.01367	-0.65506101	72.284866	-0.80226243	-0.85812032	0
219.51367	-0.6562829	73.635773	-0.80524117	-0.86120367	0
220.01367	-0.65835416	72.098869	-0.80939978	-0.86577117	0
220.51367	-0.65921843	72.823364	-0.81288904	-0.86948097	0
221.01367	-0.66201389	72.886871	-0.8157289	-0.87241083	0
221.51367	-0.66406131	74.470016	-0.8183822	-0.87488353	0
222.01367	-0.66318512	75.170982	-0.82101911	-0.87748051	0
222.51367	-0.66616833	74.328262	-0.82384408	-0.88075757	1
223.01367	-0.66654682	74.283531	-0.8264786	-0.88362634	0
223.51367	-0.66972971	75.504242	-0.829072	-0.88621616	0
224.01367	-0.67094862	76.327141	-0.83140403	-0.88839173	0
224.51367	-0.67084134	73.216766	-0.83362758	-0.89068383	0
225.01367	-0.6728977	75.037758	-0.83568394	-0.89297831	0
225.51367	-0.67381561	76.134941	-0.83781064	-0.89544356	0
226.01367	-0.67657232	77.377922	-0.83985656	-0.89748383	0
226.51367	-0.67799091	76.51799	-0.84203541	-0.8997786	0
227.01367	-0.67948103	77.716019	-0.84492296	-0.9027037	0
227.51367	-0.68126321	75.271652	-0.84736675	-0.90586871	0
228.01367	-0.68103075	76.492607	-0.8495903	-0.90790749	0
228.51367	-0.68499148	75.960129	-0.85226178	-0.91053128	0
229.01367	-0.68430305	76.929199	-0.85464388	-0.91287673	0
229.51367	-0.68697035	76.931595	-0.85768044	-0.91652036	0
230.01367	-0.68919361	76.226768	-0.86051196	-0.91962874	0
230.51367	-0.69105029	75.351715	-0.86331815	-0.92225194	0
231.01367	-0.69049001	75.253006	-0.86598188	-0.92500567	0
231.51367	-0.69277585	76.12236	-0.86910367	-0.92844427	0
232.01367	-0.69553852	77.357391	-0.87189227	-0.93167424	0
232.51367	-0.69722533	79.432846	-0.87473065	-0.93408853	0
233.01367	-0.69750845	77.82869	-0.877271	-0.9367758	1
233.51367	-0.69724619	76.209396	-0.87980449	-0.93975306	0
234.01367	-0.70017874	77.953255	-0.88232338	-0.9426415	0
234.51367	-0.70264637	79.539772	-0.8846122	-0.94487607	0
235.01367	-0.70354939	75.66201	-0.88696122	-0.94716132	0
235.51367	-0.70448518	75.073105	-0.88919312	-0.94986796	0
236.01367	-0.70589781	76.245804	-0.89189529	-0.95284939	0
236.51367	-0.70873499	76.37748	-0.89476019	-0.95542699	0
237.01367	-0.70793629	77.142281	-0.89724958	-0.95867276	0
237.51367	-0.71173906	75.763969	-0.90023458	-0.96159011	0
238.01367	-0.71163476	80.479858	-0.90272665	-0.96426815	0
238.51367	-0.71484447	76.11879	0.61193496	-7.8624125	0
239.01367	-0.71500838	77.147667	0.64297169	-7.8624125	0
239.51367	-0.71681738	78.422508	0.64248532	-7.8624125	0
240.01367	-0.71794391	79.668953	0.64268738	-7.8624125	0
240.51367	-0.7197082	79.590118	0.64930946	-7.8624125	0
241.01367	-0.72157383	79.491913	0.65015167	-7.8624125	0
241.51367	-0.72315633	80.291039	0.65027624	-7.8624125	0
242.01367	-0.72505176	76.380852	0.65024287	-7.8624125	0
242.51367	-0.72576404	80.721695	0.65035075	-7.8624125	0
243.01367	-0.72739422	77.188065	0.65034717	-7.8624125	0
243.51367	-0.72787106	78.273842	0.65041631	-7.8624125	1
244.01367	-0.72871745	78.859062	0.65044254	-7.8624125	1
244.51367	-0.73194504	79.211426	0.6504491	-7.8624125	0
