MTS793|MPT|FRA|1|2|.|.|:|33|1|1|A

Acquisition de données						Temps :	468.23242	Sec	29.05.2013 14:15:14
Temps	Axial Déplacement	Axial Force	Axial fléche	Axial CMOD*2	Canon
Sec	mm	N	mm	mm	unitless
0.51367188	-0.0014007092	0.096961617	-0.00077009201	0.007712245	0
1.0136719	0.0003516674	1.2610801	-0.00079490244	0.0075954199	0
1.5136719	0.00035464764	2.6866324	-0.00076688826	0.0076881051	0
2.0136719	-0.0003606081	1.249825	-0.00075057149	0.0075444579	0
2.5136719	-0.0004440546	-0.6124084	-0.00080339611	0.007879138	0
3.0136719	-0.0042468309	4.0595036	-0.00081129372	0.0075766444	0
3.5136719	-0.0078260899	-0.5981347	-0.00079102814	0.0075763464	0
4.0136719	-0.0095397234	-0.33617163	-0.0008507818	0.0078001618	0
4.5136719	-0.012522936	-0.15188898	-0.00086016953	0.0077727437	0
5.0136719	-0.014704466	-0.9402498	-0.00081241131	0.0076717138	0
5.5136719	-0.01488924	3.0779684	-0.00085256994	0.0078251958	0
6.0136719	-0.016564131	0.93394655	-0.00076703727	0.0078609586	0
6.5136719	-0.019297004	-1.9177135	-0.00075958669	0.007622242	0
7.0136719	-0.020682812	2.1616211	-0.00077337027	0.007712245	0
7.5136719	-0.022751093	-1.8612858	-0.00083759427	0.0078123808	0
8.0136719	-0.024279952	0.0030945819	-0.00080853701	0.0076815486	0
8.5136719	-0.024789572	-1.0825158	-0.00082299113	0.0077131391	0
9.0136719	-0.027903914	-0.89942944	-0.00079534948	0.0077986717	0
9.5136719	-0.028380752	-0.52415437	-0.00076897442	0.0077712536	0
10.013672	-0.030180812	-4.5740027	-0.00080414116	0.007943511	1
10.513672	-0.029692054	-2.413496	-0.00078171492	0.0077348948	1
11.013672	-0.033077598	-0.97854596	-0.00078611076	0.0079271197	0
11.513672	-0.033554435	-1.7809641	-0.0007725507	0.0076144934	0
12.013672	-0.034952164	-1.6139766	-0.00082291663	0.0076955557	0
12.513672	-0.036615133	-1.4936302	-0.00077910721	0.0078880787	0
13.013672	-0.03964901	-1.6892966	-0.00080943108	0.0076755881	0
13.513672	-0.040557981	-2.2484012	-0.00084757805	0.007609427	0
14.013672	-0.042107701	-1.0963185	-0.00078976154	0.0078612566	0
14.513672	-0.043660402	-1.0799272	-0.00079080462	0.0078937411	0
15.013672	-0.044223666	-3.2210209	-0.00077284873	0.0078335404	0
15.513672	-0.046160817	-0.099260613	-0.00081494451	0.0075766444	0
16.013672	-0.048175454	0.35442322	-0.00078856945	0.0079020858	0
16.513672	-0.048950315	0.98284858	-0.00076659024	0.0078761578	0
17.013672	-0.04992485	-4.7763677	-0.000853315	0.0078454614	0
17.513672	-0.052002072	-2.7837374	-0.00081181526	0.0078350306	0
18.013672	-0.053605437	-2.339381	-0.00081904233	0.0079554319	0
18.513672	-0.053158402	-0.6614157	-0.00080749393	0.0077694654	0
19.013672	-0.056007504	-1.6570755	-0.00082954764	0.0077441335	0
19.513672	-0.057545304	-2.8465357	-0.00080294907	0.0079587102	0
20.013672	-0.059506297	-3.6107891	-0.0008136034	0.0078964233	0
20.513672	-0.062102079	-3.3213816	-0.00079251826	0.0078243017	0
21.013672	-0.063642859	0.10750016	-0.00079296529	0.0077524781	1
21.513672	-0.063818693	-3.0391893	-0.00080429018	0.0080436468	0
22.013672	-0.0654459	-1.4037557	-0.00077277422	0.0077420473	0
22.513672	-0.067734718	-1.4909713	-0.00077240169	0.0077334046	0
23.013672	-0.068619847	-0.18623358	-0.00078611076	0.0078597665	0
23.513672	-0.070077181	-0.90984219	-0.00076934695	0.0079190731	0
24.013672	-0.072574615	-0.86497366	-0.00077776611	0.0076287985	0
24.513672	-0.072428584	-1.149684	-0.00082463026	0.0078636408	0
25.013672	-0.075355172	0.5980323	-0.0008186698	0.0078800321	0
25.513672	-0.077527761	-0.31792003	-0.00083565712	0.0077915192	0
26.013672	-0.077533722	-0.029597424	-0.00085137784	0.0078368187	0
26.513672	-0.078609586	-0.29540679	-0.0008290261	0.0080135465	0
27.013672	-0.081920624	-1.2869658	-0.00081636012	0.0078219175	0
27.513672	-0.082886219	-1.4835478	-0.00077158213	0.0078105927	0
28.013672	-0.084233284	-1.3693671	-0.00082962215	0.0080278516	0
28.513672	-0.08508265	-0.45404363	-0.00082090497	0.0078094006	0
29.013672	-0.087702274	-2.96981	-0.00076510012	0.007789135	0
29.513672	-0.088003278	-2.9411166	-0.0007583946	0.0078469515	0
30.013672	-0.0900805	-0.49121368	-0.00083237886	0.007994473	0
30.513672	-0.091665983	-0.74748778	-0.00079706311	0.0077366829	0
31.013672	-0.092720985	-1.8958117	-0.00086255372	0.0080320239	0
31.513672	-0.093054771	-3.3775723	-0.00083647668	0.0077906251	1
32.013672	-0.095674396	0.42618361	-0.00080481172	0.0079771876	0
32.513672	-0.096744299	-1.3479098	-0.00079698861	0.0078043342	0
33.013672	-0.09842813	0.24269946	-0.00077366829	0.0079956651	0
33.513672	-0.099810958	-2.7775276	-0.00074028969	0.0078213215	0
34.013672	-0.10324419	1.2985046	-0.00079266727	0.0078722835	0
34.513672	-0.10243654	-3.0400174	-0.00083506107	0.0080424547	0
35.013672	-0.10451078	-2.1064596	-0.00080771744	0.0077211857	0
35.513672	-0.10592341	-1.2319654	-0.00085428357	0.007866621	0
36.013672	-0.10785162	-1.8088504	-0.00083588064	0.0079151988	0
36.513672	-0.10973811	-3.5345392	-0.00081092119	0.008008182	0
37.013672	-0.1105547	-1.7769657	-0.0008251518	0.007815063	0
37.513672	-0.11191666	-4.7231069	-0.00076472759	0.0078776479	0
38.013672	-0.11397898	-1.5602045	-0.00082321465	0.0080040097	0
38.513672	-0.1159519	-3.3104391	-0.00082634389	0.0078639388	0
39.013672	-0.11667609	-0.26577428	-0.00079877675	0.0079134107	0
39.513672	-0.11834502	-1.3846557	-0.00080026686	0.0081065297	0
40.013672	-0.1201272	-2.5142481	-0.00081814826	0.0078737736	0
40.513672	-0.12166798	-0.96894342	-0.00081546605	0.0079405308	0
41.013672	-0.12274086	-3.1467071	-0.00074021518	0.0081521273	0
41.513672	-0.1247108	0.71059555	-0.00077262521	0.0078818202	0
42.013672	-0.12696981	-2.3666737	-0.00075474381	0.0080886483	1
42.513672	-0.12760162	-0.94275063	-0.00072948635	0.008007288	0
43.013672	-0.12951493	-3.2912693	-0.00083051622	0.0080412626	0
43.513672	-0.13080239	-2.5937042	-0.00073477626	0.0078237057	0
44.013672	-0.1319468	-3.3769667	-0.00081934035	0.0083208084	0
44.513672	-0.13401806	-5.6197348	-0.00079646707	0.0080126524	0
45.013672	-0.13521314	-2.8308609	-0.00078529119	0.0079116225	0
45.513672	-0.13622344	-1.6838006	-0.00076107681	0.008046031	0
46.013672	-0.13899207	-4.8466096	-0.00081934035	0.0082576275	0
46.513672	-0.13979971	-5.2278895	-0.00078864396	0.0080621243	0
47.013672	-0.14139116	-3.1531215	-0.00083886087	0.0080516934	0
47.513672	-0.14300942	-3.286598	-0.00081837177	0.0081279874	0
48.013672	-0.14483333	-0.840451	-0.00080578029	0.0080001354	0
48.513672	-0.14465749	-5.4287539	-0.0008431077	0.0080931187	0
49.013672	-0.14663935	-3.7052908	-0.00079736114	0.0080999732	0
49.513672	-0.14692545	-1.5868361	-0.00080227852	0.0082120299	0
50.013672	-0.14991164	-3.6840703	-0.00079371035	0.0080990791	0
50.513672	-0.1509726	-1.9012258	-0.00076778233	0.0081011653	0
51.013672	-0.15198588	-4.9598775	-0.00082284212	0.0081032515	0
51.513672	-0.15354753	-3.2393105	-0.00084973872	0.0081920624	0
52.013672	-0.15611947	-2.0745223	-0.00080063939	0.008059144	0
52.513672	-0.15677512	-4.4060445	-0.00082306564	0.0082921982	1
53.013672	-0.16099513	-4.5558181	-0.00083163381	0.0081950426	1
53.513672	-0.16119778	-4.9441414	-0.00079199672	0.0082242489	0
54.013672	-0.16125143	-2.5260825	-0.00086903572	0.0081798434	0
54.513672	-0.16377568	-4.1035647	-0.00078871846	0.0083065033	0
55.013672	-0.16463995	-5.4249949	-0.0007943064	0.0082287192	0
55.513672	-0.16615689	-4.4461007	-0.00077389181	0.008173883	0
56.013672	-0.16746521	-4.9585762	-0.00073939562	0.0081139803	0
56.513672	-0.16966462	-6.2201099	-0.00083483756	0.0084337592	0
57.013672	-0.17063618	-5.0764365	-0.00082761049	0.0082528591	0
57.513672	-0.17219782	-6.2537203	-0.00082105398	0.0082206726	0
58.013672	-0.17517805	-6.6958127	-0.0007302314	0.0082278252	0
58.513672	-0.17461479	-2.6242113	-0.00078059733	0.0082805753	0
59.013672	-0.17667413	-6.2854733	-0.00082030892	0.0082829595	0
59.513672	-0.1780957	-2.8569601	-0.00087507069	0.0081980228	0
60.013672	-0.17898977	-4.2177863	-0.0008161366	0.0081726909	0
60.513672	-0.18083751	-8.3484478	-0.00081412494	0.0084757805	0
61.013672	-0.1830548	-5.7786579	-0.00080928206	0.00834167	0
61.513672	-0.18348694	-6.3829641	-0.00079751015	0.0082471967	0
62.013672	-0.18696189	-5.6689816	-0.00078439713	0.0082480907	0
62.513672	-0.18661916	-4.4918265	-0.00082194805	0.0084209442	0
63.013672	-0.18866062	-3.8683181	-0.00075154006	0.0082454085	0
63.513672	-0.1906842	-5.6779876	-0.00078953803	0.0082120299	1
64.013672	-0.19128025	-5.5737343	-0.00082246959	0.0083100796	0
64.513672	-0.19418895	-5.7445121	-0.00081263483	0.0083658099	0
65.013672	-0.19440055	-5.3427019	-0.00079393387	0.0081905723	0
65.513672	-0.19742846	-3.2899559	-0.00084646046	0.0083321333	0
66.013672	-0.19801855	-3.6197102	-0.00081777573	0.0083044171	0
66.513672	-0.19921362	-4.703042	-0.00078454614	0.0083127618	0
67.013672	-0.20050704	-5.759552	-0.00079572201	0.0081035495	0
67.513672	-0.20243227	-5.7552819	-0.00078320503	0.0082930923	0
68.013672	-0.20445883	-8.200326	-0.00082328916	0.0082761049	0
68.513672	-0.20647347	-8.5807381	-0.00079661608	0.0082233548	0
69.013672	-0.20696223	-8.4940281	-0.00077076256	0.0082486868	0
69.513672	-0.20900965	-11.713533	-0.00077575445	0.0084143877	0
70.013672	-0.20962954	-10.859818	-0.00075668097	0.0082039833	0
70.513672	-0.211972	-10.069267	-0.00079900026	0.0081655383	0
71.013672	-0.21302402	-13.039609	-0.00083275139	0.0083220005	0
71.513672	-0.21445453	-13.892964	-0.00077061355	0.0083068013	0
72.013672	-0.21649301	-13.549952	-0.00090070069	0.0082224607	0
72.513672	-0.21754503	-14.531809	-0.00085733831	0.0083258748	0
73.013672	-0.21916628	-16.130058	-0.00085256994	0.0084260106	0
73.513672	-0.22025704	-15.846301	-0.00082299113	0.0081139803	0
74.013672	-0.22267401	-18.483587	-0.00080980361	0.0082996488	1
74.513672	-0.22284091	-21.191263	-0.00079959631	0.0083076954	0
75.013672	-0.22480488	-21.238857	-0.00082999468	0.008341372	0
75.513672	-0.22578239	-22.569044	-0.00085361302	0.0080651045	0
76.013672	-0.22653937	-27.256744	-0.0008584559	0.0083568692	0
76.513672	-0.22928417	-28.309792	-0.00086784363	0.0083714724	0
77.013672	-0.23064911	-31.848536	-0.00088050961	0.0083267689	0
77.513672	-0.2335608	-33.268234	-0.00083208084	0.0080901384	0
78.013672	-0.2345413	-35.667015	-0.00085741282	0.0082829595	0
78.513672	-0.23479462	-39.772453	-0.00089198351	0.0082880259	0
79.013672	-0.23539066	-40.231628	-0.00088594854	0.0081855059	0
79.513672	-0.23953915	-39.949276	-0.00086784363	0.0081926584	0
80.013672	-0.24010837	-40.668755	-0.0008790195	0.0082331896	0
80.513672	-0.2415657	-40.359211	-0.00090815127	0.0082415342	0
81.013672	-0.24449527	-44.761951	-0.00085674226	0.0081247091	0
81.513672	-0.2442807	-46.89608	-0.00089533627	0.0082752109	0
82.013672	-0.24692118	-47.4039	-0.00089518726	0.0081142783	0
82.513672	-0.24614334	-46.387779	-0.00088185072	0.008276701	0
83.013672	-0.2501905	-45.840393	-0.00084586442	0.0080773234	0
83.513672	-0.2507925	-44.924995	-0.0009239465	0.0082522631	0
84.013672	-0.2502948	-46.620689	-0.00086970627	0.0081077218	0
84.513672	-0.25192499	-49.20623	-0.00091612339	0.0081881881	1
85.013672	-0.25522113	-50.721348	-0.00085830688	0.0080731511	0
85.513672	-0.25643408	-49.144806	-0.00085413456	0.0083112717	0
86.013672	-0.25735497	-50.267448	-0.00090949237	0.0080242753	0
86.513672	-0.26049912	-47.572456	-0.00091888011	0.0082322955	0
87.013672	-0.26255846	-50.244732	-0.0009265542	0.0080984831	0
87.513672	-0.26312768	-50.851086	-0.0009278208	0.0081709027	0
88.013672	-0.26455522	-50.116085	-0.00081770122	0.0080987811	0
88.513672	-0.26576817	-51.004559	-0.0008688122	0.0082623959	0
89.013672	-0.2663523	-52.526344	-0.00090532005	0.008264482	0
89.513672	-0.26870668	-52.411594	-0.00090613961	0.0081405044	0
90.013672	-0.26930571	-54.076931	-0.00090517104	0.0081288815	0
90.513672	-0.27076304	-53.134453	-0.00088043511	0.0082951784	0
91.013672	-0.27293265	-51.744019	-0.00097177923	0.0082522631	0
91.513672	-0.27602315	-52.04216	-0.00090934336	0.0082740188	0
92.013672	-0.27584732	-50.958427	-0.00088773668	0.008174181	0
92.513672	-0.27748644	-55.105095	-0.00090569258	0.0082749128	0
93.013672	-0.27876198	-52.430611	-0.00090308487	0.0081780553	0
93.513672	-0.27959347	-52.737064	-0.0009123981	0.0082710385	0
94.013672	-0.28184354	-52.831203	-0.00089757144	0.0081950426	0
94.513672	-0.2843678	-53.767155	-0.00085115433	0.0082245469	0
95.013672	-0.28531551	-55.245239	-0.00084273517	0.0081974268	1
95.513672	-0.28711259	-51.623554	-0.00087477267	0.0082334876	0
96.013672	-0.28764009	-52.837029	-0.00087827444	0.0082471967	0
96.513672	-0.28984249	-52.750111	-0.00086300075	0.0083214045	0
97.013672	-0.29143095	-55.295803	-0.00088363886	0.0081583858	0
97.513672	-0.2929002	-55.640049	-0.00083483756	0.0082746148	0
98.013672	-0.29356182	-55.712448	-0.00094011426	0.0081467628	0
98.513672	-0.29514134	-56.118908	-0.00086188316	0.0082999468	0
99.013672	-0.29687881	-58.471565	-0.00094331801	0.0082874298	0
99.513672	-0.29956698	-59.065086	-0.00092945993	0.0082695484	0
100.01367	-0.29930174	-56.543865	-0.0009097904	0.0081303716	0
100.51367	-0.29993951	-59.799618	-0.00093542039	0.0084018707	0
101.01367	-0.30454993	-58.609486	-0.00086762011	0.0083127618	0
101.51367	-0.30428469	-61.544861	-0.00089287758	0.0083073974	0
102.01367	-0.30766129	-61.752972	-0.00094883144	0.0081640482	0
102.51367	-0.3074497	-61.672249	-0.00090636313	0.0084516406	0
103.01367	-0.30816197	-62.768703	-0.00091008842	0.0082716346	0
103.51367	-0.31062067	-67.415024	-0.00088043511	0.0082761049	0
104.01367	-0.31216741	-67.29496	-0.00091724098	0.0081378222	0
104.51367	-0.31374097	-71.28653	-0.00093363225	0.0083458424	0
105.01367	-0.3153801	-71.110359	-0.00097520649	0.0081908703	0
105.51367	-0.31737685	-75.379517	-0.00090651214	0.0082397461	1
106.01367	-0.31814277	-76.442413	-0.00095263124	0.008045733	1
106.51367	-0.32021403	-80.378448	-0.00097282231	0.0081548095	0
107.01367	-0.31993091	-83.946388	-0.00099651515	0.0082212687	0
107.51367	-0.32067895	-84.93734	-0.0010008365	0.0081178546	0
108.01367	-0.32313168	-87.867737	-0.0010810792	0.00800699	0
108.51367	-0.32463372	-91.474121	-0.001155287	0.0081035495	0
109.01367	-0.32654405	-91.431404	-0.0011979789	0.0080791116	0
109.51367	-0.32887757	-97.567574	-0.0012233853	0.0080141425	0
110.01367	-0.33094883	-99.644028	-0.0012934953	0.0079089403	0
110.51367	-0.33101141	-104.22072	-0.0013566017	0.0079196692	0
111.01367	-0.33216774	-107.93092	-0.0013957918	0.0080430508	0
111.51367	-0.33452511	-115.29413	-0.0014670938	0.0078991055	0
112.01367	-0.33701658	-120.94326	-0.0015871227	0.0078508258	0
112.51367	-0.33645928	-124.58207	-0.001694113	0.0079211593	0
113.01367	-0.33911169	-126.02049	-0.0016784668	0.0078970194	0
113.51367	-0.34025013	-130.7562	-0.0017965585	0.0078776479	0
114.01367	-0.34114718	-134.98079	-0.0017888844	0.0077664852	0
114.51367	-0.34331083	-137.71475	-0.0017841905	0.0078099966	0
115.01367	-0.34460127	-140.03371	-0.0018457323	0.0079345703	0
115.51367	-0.34496188	-146.77969	-0.0019615144	0.0076839328	0
116.01367	-0.34779012	-152.951	-0.0020490587	0.0077095628	0
116.51367	-0.34956336	-155.88359	-0.0020500273	0.0077286363	1
117.01367	-0.35241544	-155.67136	-0.0021672249	0.0078099966	0
117.51367	-0.35247207	-159.41606	-0.0021637976	0.0076568127	0
118.01367	-0.35377741	-164.30307	-0.0021935254	0.0076499581	0
118.51367	-0.35651624	-166.80063	-0.0022385269	0.007469058	0
119.01367	-0.35667717	-172.93411	-0.002188012	0.0077405572	0
119.51367	-0.357759	-176.33112	-0.0023068488	0.0076445937	0
120.01367	-0.36006868	-179.55057	-0.0023109466	0.0075906515	0
120.51367	-0.36070943	-186.27364	-0.0023584813	0.0075441599	0
121.01367	-0.36401451	-186.04395	-0.0023514032	0.0074458122	0
121.51367	-0.36561787	-186.37459	-0.0024395436	0.0075879693	0
122.01367	-0.36498308	-188.11458	-0.0023698807	0.0074738264	0
122.51367	-0.36852658	-191.68536	-0.0024430454	0.0075420737	0
123.01367	-0.36821663	-190.31456	-0.0024016947	0.00746876	0
123.51367	-0.37105381	-191.70132	-0.0024493784	0.007532835	0
124.01367	-0.37201345	-189.98315	-0.0024190545	0.0075826049	0
124.51367	-0.37266314	-190.16885	-0.0023819506	0.0075206161	0
125.01367	-0.37415326	-190.41634	-0.0024094433	0.0074273348	0
125.51367	-0.37717819	-194.39674	-0.0023722649	0.0074592233	0
126.01367	-0.37787855	-190.69945	-0.0023946166	0.0075387955	0
126.51367	-0.37879348	-191.83566	-0.0024420768	0.0074779987	0
127.01367	-0.38038492	-192.73227	-0.0024460256	0.0075441599	1
127.51367	-0.3823489	-194.45659	-0.0024615228	0.0074571371	0
128.01367	-0.38278699	-196.77037	-0.0024492294	0.0073719025	0
128.51367	-0.38578212	-194.53441	-0.002469644	0.0074911118	0
129.01367	-0.38729012	-196.10835	-0.0024306029	0.0075435638	0
129.51367	-0.38856864	-193.18799	-0.0024516881	0.0074571371	0
130.01367	-0.38876832	-191.62341	-0.0023892522	0.0074148178	0
130.51367	-0.3918916	-192.96716	-0.0024276227	0.0076201558	0
131.01367	-0.39277375	-192.44292	-0.0024688244	0.0075697899	0
131.51367	-0.39545298	-192.92244	-0.002450943	0.0075900555	0
132.01367	-0.39533675	-193.57329	-0.0024470687	0.0074535608	0
132.51367	-0.39749146	-193.83113	-0.0024800003	0.007558465	0
133.01367	-0.39915442	-195.64259	-0.0024104863	0.007506907	0
133.51367	-0.40066242	-194.91112	-0.0024343282	0.0074401498	0
134.01367	-0.40121973	-195.81949	-0.0024018437	0.0073543191	0
134.51367	-0.40097535	-195.55411	-0.0024829805	0.0075149536	0
135.01367	-0.40421784	-197.05772	-0.0024739653	0.0073951483	0
135.51367	-0.40749907	-198.34827	-0.0025114417	0.0075742602	0
136.01367	-0.4068017	-200.35822	-0.0024613738	0.0073960423	0
136.51367	-0.40834546	-200.23669	-0.0025120378	0.0074723363	0
137.01367	-0.41159093	-199.76062	-0.0024744123	0.0074595213	0
137.51367	-0.41311979	-201.08423	-0.0025241822	0.0073894858	1
138.01367	-0.41421354	-202.34932	-0.0025589764	0.0074800849	0
138.51367	-0.41617751	-205.91653	-0.0026096404	0.0074598193	0
139.01367	-0.41699409	-206.44739	-0.0026491284	0.0075414777	0
139.51367	-0.41876137	-210.47946	-0.0026451051	0.0074830651	0
140.01367	-0.41884184	-212.54349	-0.002688244	0.0073257089	0
140.51367	-0.41969419	-213.26106	-0.0026635826	0.0073727965	0
141.01367	-0.42330325	-214.91432	-0.0027312338	0.0074890256	0
141.51367	-0.42421818	-221.58299	-0.0027980655	0.0073775649	0
142.01367	-0.42492151	-222.05878	-0.0028613955	0.0073620677	0
142.51367	-0.4270345	-227.63693	-0.0029148906	0.0073522329	0
143.01367	-0.4273355	-231.24384	-0.0029373914	0.0073829293	0
143.51367	-0.42809546	-227.04582	-0.0029943883	0.0073084235	0
144.01367	-0.43040514	-223.78816	-0.0029803813	0.0072896481	0
144.51367	-0.43007433	-236.52769	-0.0030732155	0.0073668361	0
145.01367	-0.43257773	-245.17647	-0.0032012165	0.0072363019	0
145.51367	-0.43626726	-248.94527	-0.00315018	0.0072091818	0
146.01367	-0.43892562	-252.37753	-0.0032395124	0.0071340799	0
146.51367	-0.44058263	-253.57947	-0.0032961369	0.007250905	0
147.01367	-0.44232309	-254.24728	-0.0032828003	0.0071939826	0
147.51367	-0.44126213	-261.39941	-0.0033709407	0.0069993734	0
148.01367	-0.4442513	-261.89761	-0.0034222007	0.0070306659	1
148.51367	-0.443995	-267.36987	-0.0035783648	0.0070220232	1
149.01367	-0.44760406	-269.98175	-0.0035479665	0.0070980191	0
149.51367	-0.45032203	-273.5112	-0.003522113	0.0070500374	0
150.01367	-0.45076013	-276.56641	-0.003586635	0.0069651008	0
150.51367	-0.45046508	-285.36795	-0.0036232173	0.0070747733	0
151.01367	-0.45150518	-285.3717	-0.003708005	0.007007122	0
151.51367	-0.4542917	-286.96606	-0.0037831813	0.0069913268	0
152.01367	-0.4552722	-292.69748	-0.0037401915	0.0069108605	0
152.51367	-0.45641959	-296.62607	-0.0038053095	0.0067991018	0
153.01367	-0.45746863	-299.93463	-0.0038922578	0.0068747997	0
153.51367	-0.46010911	-301.19922	-0.0039479136	0.0068798661	0
154.01367	-0.46126842	-304.28683	-0.003971234	0.0069072843	0
154.51367	-0.46468675	-308.86908	-0.0039958954	0.0069096684	0
155.01367	-0.46379268	-313.63641	-0.004094243	0.0068929791	0
155.51367	-0.46746433	-316.61737	-0.004177317	0.0068083405	0
156.01367	-0.46700537	-319.12152	-0.0041977316	0.0069773197	0
156.51367	-0.46959519	-320.7045	-0.004209131	0.0068360567	0
157.01367	-0.46997666	-324.85995	-0.0042804331	0.0068098307	0
157.51367	-0.47268271	-326.62555	-0.0042724609	0.0067591667	0
158.01367	-0.4747808	-330.64688	-0.0043248385	0.0069054961	0
158.51367	-0.47422051	-337.5817	-0.0044320524	0.0067210197	0
159.01367	-0.47661364	-342.35931	-0.0045669079	0.0067359209	1
159.51367	-0.47975481	-343.54416	-0.0045858324	0.0067362189	0
160.01367	-0.47984421	-348.56534	-0.0046639889	0.0068512559	0
160.51367	-0.48128963	-351.74936	-0.0047617406	0.0066611171	0
161.01367	-0.4822582	-356.8389	-0.0048127025	0.0066804886	0
161.51367	-0.48411489	-348.94403	-0.0049564987	0.0066006184	0
162.01367	-0.48522949	-341.49399	-0.0050403923	0.0069996715	0
162.51367	-0.48777163	-337.53384	-0.0049719214	0.0068101287	0
163.01367	-0.48881471	-341.2446	-0.0050200522	0.0068435073	0
163.51367	-0.49062967	-338.68939	-0.004966855	0.0067153573	0
164.01367	-0.49232543	-337.84299	-0.0050213933	0.0068974495	0
164.51367	-0.49504638	-334.75394	-0.0049366057	0.006878376	0
165.01367	-0.49587488	-332.42813	-0.0049912184	0.0067722797	0
165.51367	-0.49619675	-332.1622	-0.0049897283	0.0068813562	0
166.01367	-0.4981637	-327.23209	-0.0049284101	0.0068998337	0
166.51367	-0.50001442	-322.8425	-0.0048965961	0.0069630146	0
167.01367	-0.50119162	-316.05841	-0.0049314648	0.0069370866	0
167.51367	-0.50188601	-314.6015	-0.0049735606	0.0069791079	0
168.01367	-0.50429106	-311.0701	-0.0049087405	0.007032752	0
168.51367	-0.50575435	-311.13129	-0.0049375743	0.0070756674	0
169.01367	-0.50696433	-316.7048	-0.0049332529	0.0069361925	0
169.51367	-0.50845742	-318.59518	-0.0049582869	0.0069370866	1
170.01367	-0.50956309	-323.76376	-0.0049563497	0.0067991018	0
170.51367	-0.51169991	-328.36777	-0.0050410628	0.0069087744	0
171.01367	-0.5117476	-331.58435	-0.0049684197	0.0066938996	0
171.51367	-0.51372945	-338.20953	-0.0049620122	0.0068688393	0
172.01367	-0.51583648	-339.88257	-0.0049485266	0.0067791343	0
172.51367	-0.51749647	-345.86343	-0.0049807131	0.0067952275	0
173.01367	-0.51937997	-350.11328	-0.0049732625	0.0068050623	0
173.51367	-0.5209446	-349.82904	-0.0049581379	0.0066739321	0
174.01367	-0.5215168	-355.05417	-0.004979223	0.0067877769	0
174.51367	-0.5219996	-360.28098	-0.0050152838	0.0067076087	0
175.01367	-0.52480102	-364.7843	-0.0050438941	0.0067308545	0
175.51367	-0.5266726	-368.70999	-0.0051475316	0.0066372752	0
176.01367	-0.52711964	-371.84998	-0.0051598251	0.0066745281	0
176.51367	-0.52983761	-377.03741	-0.0052502006	0.0066125393	0
177.01367	-0.53136647	-380.95538	-0.0053323805	0.0066274405	0
177.51367	-0.53346157	-383.20282	-0.0053093582	0.0066864491	0
178.01367	-0.53403378	-385.23459	-0.0053992867	0.006608367	0
178.51367	-0.53605139	-388.36392	-0.0054302812	0.0065374374	0
179.01367	-0.53602159	-392.32767	-0.0055096298	0.0064623356	0
179.51367	-0.53929389	-396.59531	-0.0055194646	0.0065970421	0
180.01367	-0.53863823	-399.67242	-0.0056179613	0.0065869093	1
180.51367	-0.54163337	-403.4577	-0.0056359917	0.0065124035	0
181.01367	-0.542292	-406.24304	-0.0056706369	0.0064677	0
181.51367	-0.54518878	-410.38181	-0.0057259947	0.0063890219	0
182.01367	-0.54695904	-413.36444	-0.0057994574	0.0065496564	0
182.51367	-0.54663122	-415.34369	-0.0058225542	0.0064623356	0
183.01367	-0.54839849	-418.41357	-0.0058829039	0.0064179301	0
183.51367	-0.55053234	-424.02637	-0.0058834255	0.0063669682	0
184.01367	-0.5516082	-427.91531	-0.0059279799	0.0064116716	0
184.51367	-0.5538702	-430.78378	-0.0060407817	0.0062921643	0
185.01367	-0.55561364	-437.10947	-0.0061207265	0.0064170361	0
185.51367	-0.55911839	-440.19299	-0.006173104	0.0062862039	0
186.01367	-0.55828691	-439.41891	-0.0061706454	0.0061365962	0
186.51367	-0.55792928	-440.69852	-0.0062248111	0.006352067	0
187.01367	-0.56220591	-444.91592	-0.0062831491	0.0063359737	0
187.51367	-0.56238174	-448.11984	-0.0063115358	0.0063112378	0
188.01367	-0.56464076	-437.17868	-0.0063691288	0.0062713027	0
188.51367	-0.56605935	-431.54959	-0.0063684583	0.0063771009	0
189.01367	-0.56734979	-433.97406	-0.0063969195	0.0062170625	0
189.51367	-0.5689621	-434.27805	-0.0064204633	0.0063323975	0
190.01367	-0.57037473	-438.78519	-0.0063997507	0.0063508749	0
190.51367	-0.57111382	-435.00055	-0.0063859671	0.0061917305	1
191.01367	-0.57350993	-436.66644	-0.0063768029	0.0061681867	0
191.51367	-0.57466328	-440.11545	-0.0063685328	0.0062775612	0
192.01367	-0.57567358	-438.86664	-0.0063432753	0.0062510371	0
192.51367	-0.57831705	-438.28662	-0.0063620508	0.0062653422	0
193.01367	-0.57807863	-435.04324	-0.006390065	0.0061309338	0
193.51367	-0.58094263	-432.06049	-0.0063127279	0.0062772632	0
194.01367	-0.58199763	-426.60135	-0.006338954	0.0061756372	0
194.51367	-0.58393776	-426.09912	-0.0062783808	0.0062888861	0
195.01367	-0.58620572	-343.96332	-0.0059486926	0.0066748261	0
195.51367	-0.58787465	-325.47571	-0.0059714168	0.0067391992	0
196.01367	-0.58960319	-326.59497	-0.0060308725	0.0068593025	0
196.51367	-0.59051216	-327.14642	-0.0059821457	0.0066390634	0
197.01367	-0.59252083	-333.668	-0.0059578568	0.0066864491	0
197.51367	-0.59372187	-333.84253	-0.0060045719	0.0066491961	0
198.01367	-0.59400499	-341.60406	-0.0060183555	0.0066274405	0
198.51367	-0.59605837	-342.2536	-0.0059847534	0.0066444278	0
199.01367	-0.5969286	-342.5672	-0.0060153753	0.0066128373	0
199.51367	-0.59961081	-344.55609	-0.0059761107	0.0066238642	0
200.01367	-0.599581	-350.64243	-0.0060180575	0.006531775	0
200.51367	-0.60062408	-354.69839	-0.0060100853	0.0065302849	0
201.01367	-0.60197711	-361.29147	-0.0060138851	0.0066146255	1
201.51367	-0.60425997	-363.02036	-0.0060637295	0.0064876676	1
202.01367	-0.60636103	-370.36591	-0.0060260296	0.0065493584	0
202.51367	-0.60542226	-369.66565	-0.0060493499	0.00654459	0
203.01367	-0.60864985	-371.14307	-0.0059947371	0.0064864755	0
203.51367	-0.61014295	-373.95935	-0.0060609728	0.0065734982	0
204.01367	-0.61081648	-377.75104	-0.0060238689	0.0063821673	0
204.51367	-0.6137073	-380.80847	-0.0060208887	0.0064960122	0
205.01367	-0.61589479	-384.69595	-0.0060186535	0.0063058734	0
205.51367	-0.61473548	-387.05164	-0.0060471147	0.0064873695	0
206.01367	-0.61661005	-388.82513	-0.0060358644	0.0064000487	0
206.51367	-0.61960816	-391.30072	-0.0060915202	0.0063419342	0
207.01367	-0.62138438	-395.67877	-0.0061132759	0.0064653158	0
207.51367	-0.62241554	-398.34711	-0.0060724467	0.0062653422	0
208.01367	-0.62238574	-399.05399	-0.006069839	0.0064072013	0
208.51367	-0.6249398	-405.60898	-0.0060763955	0.0063529611	0
209.01367	-0.62592328	-406.07721	-0.0060724467	0.0064557791	0
209.51367	-0.62785149	-407.81329	-0.0061284006	0.0063788891	0
210.01367	-0.62937737	-410.97025	-0.006172806	0.0062459707	0
210.51367	-0.63112974	-417.22742	-0.006204769	0.0063088536	0
211.01367	-0.63175857	-418.84409	-0.0062062591	0.0062736869	0
211.51367	-0.63415468	-422.15707	-0.0062000006	0.0063127279	0
212.01367	-0.63653886	-423.04263	-0.0062048435	0.0062379241	1
212.51367	-0.63662827	-425.2507	-0.0062201172	0.0062531233	0
213.01367	-0.63966513	-428.16135	-0.0062566996	0.0063753128	0
213.51367	-0.63891113	-423.97412	-0.0062182546	0.0062063336	0
214.01367	-0.64221025	-423.69284	-0.0062078238	0.0062847137	0
214.51367	-0.64502358	-429.33261	-0.0062657893	0.0062301755	0
215.01367	-0.64580739	-429.69232	-0.0062765926	0.006274581	0
215.51367	-0.64693987	-432.85461	-0.0063001364	0.0063025951	0
216.01367	-0.6474793	-434.63629	-0.00630714	0.0061899424	0
216.51367	-0.6498903	-435.46671	-0.0063474476	0.0063353777	0
217.01367	-0.64970851	-435.00003	-0.0064444542	0.0062349439	0
217.51367	-0.65245926	-437.26321	-0.0064429641	0.0063326955	0
218.01367	-0.65387189	-439.6972	-0.0064875185	0.0062334538	0
218.51367	-0.65524578	-445.27838	-0.0064749271	0.0061547756	0
219.01367	-0.65555871	-446.68661	-0.006569773	0.006287396	0
219.51367	-0.65792501	-451.04462	-0.0066090375	0.006197691	0
220.01367	-0.66081882	-452.56949	-0.006660521	0.0061509013	0
220.51367	-0.66023767	-453.3761	-0.0066655129	0.0061485171	0
221.01367	-0.66133738	-454.08215	-0.006755814	0.0060734153	0
221.51367	-0.66277683	-461.08392	-0.0067550689	0.0061583519	0
222.01367	-0.66705644	-466.72354	-0.0067666918	0.0061193109	0
222.51367	-0.66675842	-464.29987	-0.0068803132	0.0061458349	1
223.01367	-0.669384	-469.76331	-0.006891042	0.0059598684	0
223.51367	-0.66968799	-472.134	-0.0069324672	0.0059607625	0
224.01367	-0.6719321	-475.58301	-0.0068914145	0.0061190128	0
224.51367	-0.67256987	-479.09531	-0.0069711357	0.0058788061	0
225.01367	-0.67425668	-482.06113	-0.0069919229	0.0059121847	0
225.51367	-0.6771028	-485.36191	-0.0070223212	0.0059595704	0
226.01367	-0.67829192	-489.83731	-0.0070977211	0.0058719516	0
226.51367	-0.67820549	-492.84479	-0.0071608275	0.0060555339	0
227.01367	-0.68106651	-497.44608	-0.007141903	0.0058344007	0
227.51367	-0.68290532	-499.22961	-0.0071811676	0.0058063865	0
228.01367	-0.68372488	-502.71945	-0.0071665645	0.005865097	0
228.51367	-0.68555772	-503.13586	-0.0072513521	0.0057286024	0
229.01367	-0.68805516	-507.23297	-0.0072683394	0.0059321523	0
229.51367	-0.68828762	-510.05835	-0.0072984397	0.0058406591	0
230.01367	-0.69105625	-512.20917	-0.0073614717	0.0058415532	0
230.51367	-0.69114864	-514.43286	-0.0073950738	0.0058746338	0
231.01367	-0.69203377	-517.52435	-0.0073927641	0.00567168	0
231.51367	-0.69562197	-518.08636	-0.0073505938	0.0057345629	0
232.01367	-0.6942749	-522.53455	-0.0074221194	0.0057819486	0
232.51367	-0.69743991	-527.68781	-0.0075124949	0.005672276	0
233.01367	-0.69869459	-528.00885	-0.0076341629	0.0057786703	1
233.51367	-0.70052445	-531.84637	-0.0075941533	0.0056788325	0
234.01367	-0.70021152	-534.91998	-0.0076530874	0.0056451559	0
234.51367	-0.70306957	-537.72369	-0.0076594204	0.0058114529	0
235.01367	-0.70520043	-539.17542	-0.0076335669	0.0056579709	0
235.51367	-0.70538521	-542.87891	-0.007737726	0.0057563186	0
236.01367	-0.70864558	-548.62079	-0.0077494979	0.0056287646	0
236.51367	-0.7083863	-552.25922	-0.0078038126	0.0055408478	0
237.01367	-0.71134269	-554.78369	-0.0078104436	0.0055745244	0
237.51367	-0.71388185	-555.97766	-0.0079057366	0.0054699183	0
238.01367	-0.71402192	-557.35944	-0.0079122186	0.0055533648	0
238.51367	-0.71618557	-558.3407	-0.0078859925	0.005543828	0
239.01367	-0.71750581	-565.62305	-0.0080042332	0.0054898858	0
239.51367	-0.71882606	-570.21582	-0.0080964714	0.0054875016	0
240.01367	-0.72076619	-571.4234	-0.0080858171	0.0054040551	0
240.51367	-0.72221756	-572.05542	-0.0080934912	0.0054767728	0
241.01367	-0.72263777	-576.59979	-0.0081071258	0.0054228306	0
241.51367	-0.72318017	-578.4563	-0.0082022697	0.0054711103	0
242.01367	-0.72755218	-581.27704	-0.0082590431	0.0055199862	0
242.51367	-0.72841644	-579.99603	-0.0083038956	0.0053828955	0
243.01367	-0.72848797	-581.58948	-0.0082949549	0.0054386258	0
243.51367	-0.7302016	-584.42633	-0.0083252043	0.0054726005	1
244.01367	-0.73232651	-585.37158	-0.0084405392	0.0054293871	1
244.51367	-0.73455274	-586.72778	-0.008412227	0.0054425001	0
245.01367	-0.73319077	-588.4845	-0.008488223	0.0054451823	0
245.51367	-0.73527694	-592.09833	-0.0084392726	0.0053295493	0
246.01367	-0.73669851	-591.75427	-0.0085098296	0.0053927302	0
246.51367	-0.74128807	-593.83118	-0.0084884465	0.0053757429	0
247.01367	-0.7407248	-596.18585	-0.0085271895	0.0053709745	0
247.51367	-0.74145496	-596.25024	-0.0086387992	0.0053149462	0
248.01367	-0.74373484	-596.58289	-0.0086279213	0.0053715706	0
248.51367	-0.74665546	-597.9574	-0.0086138397	0.0052666664	0
249.01367	-0.74795485	-590.91492	-0.0087178499	0.0054392219	0
249.51367	-0.74892938	-590.93835	-0.0087163597	0.0053745508	0
250.01367	-0.74983239	-588.11847	-0.0087296218	0.0054511428	0
250.51367	-0.75128675	-587.08514	-0.0087344646	0.0054839253	0
251.01367	-0.75220764	-587.16968	-0.0088042021	0.0053647161	0
251.51367	-0.75477958	-588.9527	-0.0088478625	0.0053364038	0
252.01367	-0.75652301	-585.70215	-0.0088933855	0.0053498149	0
252.51367	-0.7574141	-589.3241	-0.0089207292	0.0054427981	0
253.01367	-0.75927675	-591.17395	-0.0089948624	0.0053650141	0
253.51367	-0.75873137	-588.38397	-0.0090298802	0.0054264069	0
254.01367	-0.76174736	-592.39075	-0.0091326982	0.0054329634	0
254.51367	-0.76260269	-595.18488	-0.0092949718	0.0053319335	1
255.01367	-0.76370537	-595.79675	-0.0092756003	0.0053909421	0
255.51367	-0.766325	-595.62836	-0.0092661381	0.0053489208	0
256.01367	-0.76692104	-598.29907	-0.0092776865	0.0054383278	0
256.51367	-0.77014863	-599.70471	-0.0092823058	0.0053232908	0
257.01367	-0.77113509	-604.11157	-0.0093784183	0.0055000186	0
257.51367	-0.77220798	-603.06573	-0.0094516575	0.0054004788	0
258.01367	-0.7750392	-606.09436	-0.0094913691	0.0053584576	0
258.51367	-0.77613592	-606.38922	-0.0095912814	0.0052508712	0
259.01367	-0.77608228	-613.41595	-0.0096075982	0.0054258108	0
259.51367	-0.77803433	-610.92261	-0.0096904486	0.0052949786	0
260.01367	-0.77960193	-614.0578	-0.0096674263	0.0052765012	0
260.51367	-0.78108609	-618.76709	-0.0097182393	0.0052177906	0
261.01367	-0.7828176	-621.3667	-0.0097899139	0.0053235888	0
261.51367	-0.78389049	-626.00903	-0.0098211318	0.005120337	0
262.01367	-0.78533888	-631.8396	-0.0099187344	0.0052076578	0
262.51367	-0.78704357	-637.02716	-0.0099804997	0.0050982833	0
263.01367	-0.78932941	-636.56946	-0.010079965	0.0052925944	0
263.51367	-0.78912377	-644.63745	-0.010165572	0.0051692128	0
264.01367	-0.79185963	-645.01068	-0.010224059	0.0051900744	0
264.51367	-0.79260767	-647.49121	-0.010260716	0.0050854683	0
265.01367	-0.79465806	-649.03308	-0.010370985	0.0051689148	1
265.51367	-0.79723001	-656.4881	-0.010335669	0.0050997734	0
266.01367	-0.79832375	-657.03864	-0.010377467	0.0051134825	0
266.51367	-0.80073774	-660.53381	-0.010431185	0.0050854683	0
267.01367	-0.80122352	-665.16754	-0.010490716	0.0051346421	0
267.51367	-0.80290437	-669.35535	-0.010547861	0.0049865246	0
268.01367	-0.80332756	-671.34021	-0.010659173	0.0049775839	0
268.51367	-0.8058995	-674.25549	-0.010704175	0.0049340725	0
269.01367	-0.8061707	-678.36346	-0.010680258	0.0050553679	0
269.51367	-0.80948174	-680.73669	-0.010724217	0.0048452616	0
270.01367	-0.81014037	-684.59021	-0.010768324	0.0049832463	0
270.51367	-0.81000626	-690.12341	-0.010883808	0.0049391389	0
271.01367	-0.81217885	-695.16089	-0.010990947	0.0048816204	0
271.51367	-0.81494153	-700.25494	-0.011096299	0.0048521161	0
272.01367	-0.81606805	-705.86841	-0.011121035	0.0049519539	0
272.51367	-0.81752539	-714.02496	-0.011322871	0.0047820807	0
273.01367	-0.81885159	-712.37927	-0.011358485	0.0048747659	0
273.51367	-0.82051158	-717.41492	-0.011353567	0.0046691298	0
274.01367	-0.82101226	-718.55579	-0.01144141	0.0047761202	0
274.51367	-0.82447231	-724.15704	-0.011510924	0.0047087669	0
275.01367	-0.82691014	-720.89069	-0.011556298	0.0046247244	0
275.51367	-0.82575381	-730.18933	-0.011720508	0.0046080351	1
276.01367	-0.82739592	-728.85602	-0.011749342	0.004530251	0
276.51367	-0.83006322	-735.13116	-0.011809543	0.0044843554	0
277.01367	-0.83144307	-734.84381	-0.011899099	0.0046271086	0
277.51367	-0.83307624	-739.16931	-0.01195766	0.0045028329	0
278.01367	-0.83503127	-739.43695	-0.011957288	0.0044998527	0
278.51367	-0.83496869	-739.61768	-0.011993423	0.0044173002	0
279.01367	-0.83693862	-746.10516	-0.012070462	0.0045350194	0
279.51367	-0.83888173	-750.89038	-0.012103841	0.0045257807	0
280.01367	-0.84016919	-750.8407	-0.012249351	0.0044077635	0
280.51367	-0.84234774	-753.32751	-0.012276545	0.0045326352	0
281.01367	-0.8428663	-757.80347	-0.012340993	0.0044107437	0
281.51367	-0.84512532	-760.44452	-0.012398884	0.0044518709	0
282.01367	-0.84482133	-762.51544	-0.012468621	0.0043395162	0
282.51367	-0.84655881	-770.58789	-0.012540519	0.0044822693	0
283.01367	-0.84923506	-772.18579	-0.012572631	0.0044816732	0
283.51367	-0.85233748	-773.70068	-0.012542084	0.0043532252	0
284.01367	-0.85174143	-775.27832	-0.012694225	0.0042656064	0
284.51367	-0.85394084	-777.85541	-0.012722984	0.0044423342	0
285.01367	-0.85555613	-782.00867	-0.01275897	0.0042456388	0
285.51367	-0.85687935	-785.27704	-0.012832806	0.0042951107	0
286.01367	-0.85806549	-786.28662	-0.01302518	0.0042149425	1
286.51367	-0.85892081	-788.97058	-0.012994558	0.0042062998	0
287.01367	-0.85976422	-799.5166	-0.0130523	0.0041598082	0
287.51367	-0.86303353	-804.27307	-0.013146996	0.0041568279	0
288.01367	-0.86412132	-808.66876	-0.01321584	0.0040492415	0
288.51367	-0.86482763	-808.47522	-0.013235807	0.0041660666	0
289.01367	-0.86581707	-811.8761	-0.01328133	0.0039929152	0
289.51367	-0.8684516	-817.54816	-0.013338923	0.0041854382	0
290.01367	-0.8682549	-820.38464	-0.013399124	0.0040215254	0
290.51367	-0.8710593	-823.59033	-0.013392195	0.0039684772	0
291.01367	-0.87393224	-833.18842	-0.013461336	0.0038745999	0
291.51367	-0.87228119	-835.40198	-0.013649315	0.0039762259	0
292.01367	-0.87502003	-842.99042	-0.013701245	0.0037491322	0
292.51367	-0.87713897	-849.94006	-0.0138776	0.0038689375	0
293.01367	-0.8785069	-854.99115	-0.013966784	0.0037464499	0
293.51367	-0.88064075	-855.96808	-0.014021769	0.0039449334	0
294.01367	-0.88059008	-861.90283	-0.01404047	0.0037097931	0
294.51367	-0.88337362	-866.4361	-0.014170781	0.003772974	0
295.01367	-0.88632703	-874.97534	-0.014275908	0.0036516786	0
295.51367	-0.88711381	-880.09332	-0.014339164	0.0038287044	0
296.01367	-0.8900702	-887.65515	-0.014507473	0.0035750866	0
296.51367	-0.88969469	-892.86261	-0.014596954	0.0036606193	1
297.01367	-0.88990331	-900.97174	-0.014861003	0.0035583973	1
297.51367	-0.89295208	-903.64117	-0.014861673	0.0036659837	0
298.01367	-0.89296997	-907.79993	-0.014918894	0.0034505129	0
298.51367	-0.89509785	-919.08075	-0.015091673	0.0034180284	0
299.01367	-0.89770854	-923.39471	-0.015167817	0.0033321977	0
299.51367	-0.89723468	-927.69006	-0.015339404	0.0033771992	0
300.01367	-0.89987218	-936.10132	-0.015468374	0.0031465292	0
300.51367	-0.90168715	-943.18848	-0.015533045	0.0033077598	0
301.01367	-0.9034723	-948.84161	-0.015763789	0.0031971931	0
301.51367	-0.90536773	-952.69385	-0.015813708	0.0032001734	0
302.01367	-0.90576112	-957.80865	-0.015917197	0.0030899048	0
302.51367	-0.90780556	-964.12109	-0.016095787	0.003131628	0
303.01367	-0.91008842	-972.07684	-0.016194955	0.0030761957	0
303.51367	-0.90999007	-977.42719	-0.016336665	0.0029852986	0
304.01367	-0.91021657	-982.89728	-0.016390309	0.0028941035	0
304.51367	-0.91283917	-988.96429	-0.016519949	0.0030440092	0
305.01367	-0.91446936	-1001.0491	-0.016700551	0.0028085709	0
305.51367	-0.91588795	-1004.7443	-0.016867816	0.0028318167	0
306.01367	-0.9185791	-1009.5927	-0.01697652	0.0026535988	0
306.51367	-0.91846287	-1016.5488	-0.017112792	0.0026515126	0
307.01367	-0.92005134	-1019.6536	-0.017189607	0.0025904179	0
307.51367	-0.92309415	-1025.149	-0.017497838	0.0025612116	1
308.01367	-0.92413127	-1033.9583	-0.017457902	0.0024774671	0
308.51367	-0.92519522	-1041.8031	-0.017629117	0.0025776029	0
309.01367	-0.92609525	-1047.1362	-0.017686859	0.0023320317	0
309.51367	-0.92845261	-1052.8141	-0.017784759	0.0024077296	0
310.01367	-0.92981756	-1060.6398	-0.01803562	0.0022619963	0
310.51367	-0.93145967	-1067.0443	-0.01826331	0.0022432208	0
311.01367	-0.9319216	-1072.5792	-0.018398538	0.0021559	0
311.51367	-0.93429983	-1079.5021	-0.01854144	0.0021329522	0
312.01367	-0.93514323	-1086.1638	-0.018638223	0.0019475818	0
312.51367	-0.93699694	-1093.0996	-0.018799007	0.0020393729	0
313.01367	-0.93769133	-1104.7362	-0.018978938	0.0018513203	0
313.51367	-0.93978047	-1105.7067	-0.019228384	0.001719594	0
314.01367	-0.94078183	-1109.889	-0.019371212	0.0016659498	0
314.51367	-0.94198883	-1119.9039	-0.019674599	0.0015592575	0
315.01367	-0.94488561	-1128.0432	-0.019740388	0.0013667345	0
315.51367	-0.94613731	-1134.329	-0.019998476	0.0013527274	0
316.01367	-0.94804168	-1136.5085	-0.020147935	0.0011649728	0
316.51367	-0.94932914	-1138.0548	-0.020211414	0.0012588501	0
317.01367	-0.94997585	-1146.0145	-0.020416006	0.00097513199	0
317.51367	-0.95275939	-1147.3855	-0.020505115	0.001052618	0
318.01367	-0.95381737	-1154.6603	-0.020910278	0.0010156631	1
318.51367	-0.95404088	-1161.5334	-0.020924062	0.0008431077	0
319.01367	-0.95646679	-1166.1001	-0.02109237	0.00053673983	0
319.51367	-0.956586	-1172.0687	-0.021293014	0.00053972006	0
320.01367	-0.95971227	-1178.8693	-0.021532848	0.00034362078	0
320.51367	-0.96173584	-1187.7664	-0.021729469	0.00042825937	0
321.01367	-0.96157491	-1192.3109	-0.021829456	0.0001502037	0
321.51367	-0.96336007	-1200.2865	-0.02198182	1.758337e-05	0
322.01367	-0.96483529	-1205.2612	-0.022114217	7.7486038e-06	0
322.51367	-0.9650439	-1213.2922	-0.022330955	-2.8908253e-05	0
323.01367	-0.96850693	-1219.4963	-0.022565648	-0.00023573637	0
323.51367	-0.97127855	-1224.1871	-0.02277337	-0.0003066659	0
324.01367	-0.97246766	-1229.7274	-0.022897124	-0.00035077333	0
324.51367	-0.97520351	-1238.0531	-0.023134649	-0.00047445297	0
325.01367	-0.97543001	-1238.1201	-0.02322115	-0.00062167645	0
325.51367	-0.97630322	-1240.244	-0.023282319	-0.00062942505	0
326.01367	-0.97753108	-1247.9016	-0.02346985	-0.00066310167	0
326.51367	-0.979352	-1251.799	-0.023637265	-0.00084936619	0
327.01367	-0.98178983	-1260.276	-0.023912713	-0.00097423792	0
327.51367	-0.98239481	-1263.2786	-0.023982972	-0.0011274219	0
328.01367	-0.98473132	-1268.9158	-0.024169013	-0.0011438131	0
328.51367	-0.98583102	-1272.8688	-0.024640262	-0.0013956428	1
329.01367	-0.98542571	-1278.6924	-0.024667308	-0.0013870001	0
329.51367	-0.98847151	-1283.3735	-0.024712011	-0.0015065074	0
330.01367	-0.98955333	-1287.4508	-0.024837926	-0.0015315413	0
330.51367	-0.99106729	-1293.3721	-0.025088042	-0.0018954277	0
331.01367	-0.99299252	-1294.7382	-0.025242418	-0.0020313263	0
331.51367	-0.99440217	-1301.8578	-0.025520027	-0.0023013353	0
332.01367	-0.9950906	-1303.6309	-0.025771558	-0.0023666024	0
332.51367	-0.99753439	-1303.411	-0.025861487	-0.0025767088	0
333.01367	-0.99816024	-1306.8689	-0.026033372	-0.0026747584	0
333.51367	-0.99981725	-1313.5179	-0.026281476	-0.0029444695	0
334.01367	-1.0006845	-1317.707	-0.026480258	-0.00308007	0
334.51367	-1.0037124	-1321.3767	-0.026540607	-0.0034227967	0
335.01367	-1.0041624	-1325.9702	-0.026703849	-0.0039169192	0
335.51367	-1.0071158	-1334.5045	-0.027079284	-0.004260838	0
336.01367	-1.0076076	-1339.7605	-0.027436987	-0.004491806	0
336.51367	-1.0096967	-1342.8361	-0.027770773	-0.0049325824	0
337.01367	-1.0107368	-1347.6552	-0.028068572	-0.0054168701	0
337.51367	-1.0117501	-1350.7616	-0.028271005	-0.0057730079	0
338.01367	-1.0136038	-1352.075	-0.028643161	-0.006172955	0
338.51367	-1.015085	-1357.6097	-0.029002428	-0.0067129731	0
339.01367	-1.0165304	-1360.2839	-0.029308945	-0.0070759654	1
339.51367	-1.0177344	-1364.6737	-0.029587299	-0.0074246526	0
340.01367	-1.0197699	-1369.2708	-0.029998645	-0.0078138709	0
340.51367	-1.0229081	-1374.9421	-0.030700713	-0.0083598495	0
341.01367	-1.0228157	-1380.9335	-0.03115952	-0.0090876222	0
341.51367	-1.0222256	-1383.212	-0.031772852	-0.0097280741	0
342.01367	-1.0249287	-1383.3136	-0.032294393	-0.010390878	0
342.51367	-1.0278493	-1387.5046	-0.032583848	-0.011014342	0
343.01367	-1.0287732	-1384.6212	-0.032867566	-0.012145638	0
343.51367	-1.0310799	-1365.765	-0.033923239	-0.014566779	0
344.01367	-1.0339797	-1338.1166	-0.037548393	-0.018298626	0
344.51367	-1.03513	-1274.7661	-0.042237639	-0.023777783	0
345.01367	-1.0463864	-334.10678	-0.11602759	-0.13226837	0
345.51367	-1.0464579	-305.14114	-0.11928774	-0.13779819	0
346.01367	-1.0443836	-295.77127	-0.12013696	-0.13965935	0
346.51367	-1.0453999	-289.77399	-0.12074731	-0.14059395	0
347.01367	-1.0454893	-289.99011	-0.12112655	-0.14143944	0
347.51367	-1.0457158	-287.88397	-0.12142643	-0.14191151	0
348.01367	-1.0442495	-286.40216	-0.12171328	-0.1425299	0
348.51367	-1.0457963	-284.40256	-0.1220233	-0.14293402	0
349.01367	-1.0451913	-283.09915	-0.12233302	-0.14367729	0
349.51367	-1.0461271	-291.13733	-0.12311153	-0.14482111	1
350.01367	-1.0498941	-285.58539	-0.12465224	-0.14698952	1
350.51367	-1.0508657	-285.04361	-0.12650967	-0.14947772	0
351.01367	-1.0545015	-281.85318	-0.12804188	-0.1517424	0
351.51367	-1.0546207	-271.83765	-0.12965374	-0.15408754	0
352.01367	-1.0552943	-266.05267	-0.13114162	-0.15614122	0
352.51367	-1.057601	-264.37082	-0.13274543	-0.1584807	0
353.01367	-1.0609895	-258.07782	-0.1343514	-0.1608634	0
353.51367	-1.0604233	-254.64386	-0.1357381	-0.16304731	0
354.01367	-1.0627538	-252.85614	-0.13764031	-0.16548097	0
354.51367	-1.0639101	-246.6144	-0.13927236	-0.1679498	0
355.01367	-1.0640115	-240.29584	-0.14102072	-0.17057568	0
355.51367	-1.0680914	-236.77136	-0.14262311	-0.17315239	0
356.01367	-1.069209	-231.38155	-0.14409252	-0.17496437	0
356.51367	-1.0701597	-226.75812	-0.14581233	-0.17751485	0
357.01367	-1.0725439	-221.82736	-0.14745191	-0.17975569	0
357.51367	-1.0726422	-215.8698	-0.1488179	-0.18197387	0
358.01367	-1.0741383	-214.93996	-0.15036047	-0.18384606	0
358.51367	-1.0750771	-210.32452	-0.15168041	-0.18606335	0
359.01367	-1.0753989	-207.83963	-0.15326709	-0.18814772	0
359.51367	-1.0795176	-205.08914	-0.15457302	-0.19009024	0
360.01367	-1.0804594	-203.74162	-0.15598468	-0.19203693	0
360.51367	-1.0821521	-198.7041	-0.15726022	-0.19393712	1
361.01367	-1.0822803	-200.48509	-0.15849747	-0.19577384	0
361.51367	-1.0843366	-195.64409	-0.16011059	-0.19816279	0
362.01367	-1.0859072	-191.79312	-0.16148813	-0.19972622	0
362.51367	-1.0880679	-190.2473	-0.16308337	-0.202218	0
363.01367	-1.0899007	-186.98679	-0.16470253	-0.2045089	0
363.51367	-1.0919511	-182.67809	-0.166234	-0.20668745	0
364.01367	-1.0918885	-180.86864	-0.16760059	-0.20866096	0
364.51367	-1.0932237	-177.75844	-0.16920909	-0.21106273	0
365.01367	-1.0945678	-170.85797	-0.17072566	-0.21333307	0
365.51367	-1.0964006	-170.75011	-0.17239422	-0.21559864	0
366.01367	-1.099205	-164.02092	-0.17403595	-0.21786749	0
366.51367	-1.0994077	-160.62576	-0.17552562	-0.2200672	0
367.01367	-1.1008173	-159.91757	-0.1769314	-0.222148	0
367.51367	-1.1021346	-157.59264	-0.17834112	-0.22409886	0
368.01367	-1.1035115	-154.57721	-0.17975152	-0.22613496	0
368.51367	-1.105541	-152.69057	-0.18118627	-0.22818774	0
369.01367	-1.1075586	-151.7785	-0.18247001	-0.23007005	0
369.51367	-1.1090964	-147.70432	-0.18375896	-0.23189276	0
370.01367	-1.1094183	-146.61952	-0.18493414	-0.23362368	0
370.51367	-1.1122793	-143.25348	-0.18622927	-0.23556679	0
371.01367	-1.1119753	-142.04762	-0.18772222	-0.23765355	1
371.51367	-1.1150002	-137.82744	-0.18915668	-0.2395311	0
372.01367	-1.1169046	-137.54289	-0.19052744	-0.24150193	0
372.51367	-1.1187136	-136.05951	-0.19184969	-0.24342418	0
373.01367	-1.120016	-135.08946	-0.19290581	-0.24498254	0
373.51367	-1.118812	-130.55173	-0.19413538	-0.24687856	0
374.01367	-1.1212379	-131.78445	-0.1955118	-0.24882197	0
374.51367	-1.1243522	-130.94138	-0.19686505	-0.25096297	0
375.01367	-1.1254698	-126.34157	-0.19818135	-0.25261909	0
375.51367	-1.1266172	-125.91836	-0.19951999	-0.25462598	0
376.01367	-1.1289001	-124.11535	-0.20089932	-0.2566871	0
376.51367	-1.1293411	-120.05594	-0.20217724	-0.25874794	0
377.01367	-1.1321813	-118.05922	-0.20354077	-0.26048422	0
377.51367	-1.13222	-115.76183	-0.2046679	-0.26229411	0
378.01367	-1.1341065	-113.8953	-0.20628139	-0.26465595	0
378.51367	-1.1350185	-111.7457	-0.20735897	-0.26610583	0
379.01367	-1.1367053	-112.68262	-0.20862795	-0.26821256	0
379.51367	-1.138857	-111.92133	-0.21007217	-0.26989847	0
380.01367	-1.1408895	-109.39964	-0.21123342	-0.27184039	0
380.51367	-1.1413872	-107.68692	-0.21246307	-0.27362794	0
381.01367	-1.1419594	-106.00641	-0.21387562	-0.27578533	0
381.51367	-1.1451125	-104.61249	-0.21508925	-0.2772969	1
382.01367	-1.1458606	-101.64461	-0.21602772	-0.27907908	0
382.51367	-1.1481851	-99.52005	-0.21741331	-0.28102517	0
383.01367	-1.149866	-101.4846	-0.21851815	-0.28268635	0
383.51367	-1.1500388	-97.549362	-0.21967612	-0.2844131	0
384.01367	-1.1534512	-98.281517	-0.22101514	-0.28605044	0
384.51367	-1.1530876	-97.19593	-0.22218682	-0.28779328	0
385.01367	-1.1549801	-95.589897	-0.22327505	-0.28936982	0
385.51367	-1.1563808	-92.760986	-0.22422217	-0.29116094	0
386.01367	-1.1581779	-91.858482	-0.22560306	-0.29291987	0
386.51367	-1.1590362	-91.779785	-0.22698753	-0.29503077	0
387.01367	-1.1616111	-90.529182	-0.22829711	-0.2969113	0
387.51367	-1.1620641	-88.440399	-0.22972696	-0.29898316	0
388.01367	-1.1655331	-86.504791	-0.23109809	-0.30094326	0
388.51367	-1.1638522	-85.275108	-0.23243979	-0.3027907	0
389.01367	-1.1669159	-83.664047	-0.23374274	-0.30479074	0
389.51367	-1.1676311	-81.988907	-0.23500852	-0.30656815	0
390.01367	-1.1695445	-82.792618	-0.23620427	-0.30843139	0
390.51367	-1.1734605	-80.957916	-0.23749046	-0.31020552	0
391.01367	-1.1727601	-81.926132	-0.23865841	-0.3119266	0
391.51367	-1.1734009	-77.28373	-0.24000958	-0.31377405	0
392.01367	-1.177147	-76.026733	-0.24146415	-0.31583846	1
392.51367	-1.1774451	-76.389153	-0.24269201	-0.31762481	1
393.01367	-1.1790812	-75.35733	-0.24370529	-0.31914949	0
393.51367	-1.1806011	-74.608162	-0.24523161	-0.32121241	0
394.01367	-1.182875	-74.440994	-0.24649359	-0.32305419	0
394.51367	-1.1845589	-73.13797	-0.24772219	-0.32507032	0
395.01367	-1.1840433	-71.540863	-0.2488672	-0.32653272	0
395.51367	-1.1867076	-70.540207	-0.2499567	-0.32807589	0
396.01367	-1.1883318	-72.411583	-0.25117761	-0.32984763	0
396.51367	-1.1899471	-69.132965	-0.25222951	-0.33114582	0
397.01367	-1.1903614	-68.469498	-0.25322521	-0.33299774	0
397.51367	-1.192537	-67.577118	-0.25483876	-0.33499479	0
398.01367	-1.1926025	-64.764359	-0.25597984	-0.33674181	0
398.51367	-1.1942357	-66.242958	-0.2571927	-0.33852518	0
399.01367	-1.1963904	-62.49966	-0.25859043	-0.34045756	0
399.51367	-1.1984169	-63.333572	-0.25964871	-0.34219235	0
400.01367	-1.199609	-62.897301	-0.26095295	-0.3440395	0
400.51367	-1.2009263	-61.797638	-0.26213408	-0.34556299	0
401.01367	-1.2036383	-59.054054	-0.26334345	-0.34731418	0
401.51367	-1.2043059	-61.52084	-0.26465222	-0.34929723	0
402.01367	-1.2057215	-60.530666	-0.26611209	-0.35118014	0
402.51367	-1.2071788	-60.125095	-0.26747838	-0.35299122	0
403.01367	-1.210019	-58.091366	-0.2686204	-0.35478413	1
403.51367	-1.2097061	-57.88353	-0.26993722	-0.35645574	0
404.01367	-1.2117326	-57.107807	-0.27125612	-0.35849005	0
404.51367	-1.2129188	-55.750568	-0.27243331	-0.36015183	0
405.01367	-1.2153268	-54.790901	-0.27378246	-0.36214441	0
405.51367	-1.2162656	-51.61837	-0.2750285	-0.36383033	0
406.01367	-1.2176335	-53.524948	-0.27629778	-0.36554843	0
406.51367	-1.219362	-53.733829	-0.27741686	-0.36715955	0
407.01367	-1.2209922	-52.512665	-0.2786015	-0.3689158	0
407.51367	-1.2223154	-55.898705	-0.27986929	-0.37080884	0
408.01367	-1.2239099	-52.622845	-0.28119996	-0.37253976	0
408.51367	-1.225692	-50.948902	-0.28248429	-0.37439793	0
409.01367	-1.2262613	-51.036964	-0.28374895	-0.37625998	0
409.51367	-1.2292653	-48.516037	-0.28526783	-0.37834406	0
410.01367	-1.2304425	-50.099113	-0.28650448	-0.38025856	0
410.51367	-1.2311071	-50.487873	-0.28769732	-0.38192391	0
411.01367	-1.2325704	-45.961102	-0.28911993	-0.3839469	0
411.51367	-1.2352645	-46.791847	-0.29055506	-0.38590282	0
412.01367	-1.2366652	-47.515629	-0.29178813	-0.38786232	0
412.51367	-1.2368172	-46.723446	-0.29302537	-0.3894031	0
413.01367	-1.2398124	-42.704353	-0.29420018	-0.39111525	0
413.51367	-1.2409389	-42.79274	-0.29570445	-0.39304972	1
414.01367	-1.241219	-42.503807	-0.2970168	-0.39497018	0
414.51367	-1.24318	-44.704674	-0.29852137	-0.39706409	0
415.01367	-1.2448341	-42.86256	-0.29984713	-0.39908946	0
415.51367	-1.2453675	-44.094498	-0.30130953	-0.40128529	0
416.01367	-1.2477875	-41.824104	-0.30270815	-0.40296197	0
416.51367	-1.2488365	-41.612068	-0.30384302	-0.40481865	0
417.01367	-1.2512088	-39.06385	-0.30541241	-0.40691346	0
417.51367	-1.2536734	-37.837036	-0.30687809	-0.40885538	0
418.01367	-1.2537837	-40.680676	-0.30858144	-0.41130871	0
418.51367	-1.2551814	-39.188854	-0.3104277	-0.41366637	0
419.01367	-1.254949	-36.813934	-0.31198278	-0.41601747	0
419.51367	-1.2575686	-34.696571	-0.3135176	-0.41805416	0
420.01367	-1.2595356	-34.380314	-0.31482115	-0.42023152	0
420.51367	-1.2618452	-33.423496	-0.31638518	-0.42247742	0
421.01367	-1.2621582	-32.218464	-0.31828612	-0.42515486	0
421.51367	-1.2628019	-32.692398	-0.32014221	-0.4278183	0
422.01367	-1.2649208	-32.005775	-0.3222093	-0.43062687	0
422.51367	-1.2671858	-30.965885	-0.32451466	-0.43384701	0
423.01367	-1.2689918	-31.713888	-0.32725334	-0.43767333	0
423.51367	-1.2705296	-30.637934	-0.33267513	-0.44510067	0
424.01367	-1.2728989	-10.766642	-0.38063005	-0.51117837	1
424.51367	-1.274091	-11.174638	-0.38244113	-0.51481485	0
425.01367	-1.2765527	-9.4792137	-0.3837584	-0.5169946	0
425.51367	-1.2757093	-11.111084	-0.38514733	-0.51903635	0
426.01367	-1.277861	-7.9256129	-0.38646981	-0.52113831	0
426.51367	-1.2786806	-11.884476	-0.38766533	-0.5227983	0
427.01367	-1.2806952	-8.4347868	-0.38898855	-0.52488148	0
427.51367	-1.2812763	-9.2892475	-0.39013445	-0.52659243	0
428.01367	-1.2838423	-7.8384447	-0.39143786	-0.52828103	0
428.51367	-1.2859285	-9.6624374	-0.39267436	-0.53003669	0
429.01367	-1.2871176	-7.5237064	-0.39369524	-0.53151816	0
429.51367	-1.2892693	-6.9551549	-0.39481327	-0.53321868	0
430.01367	-1.2897789	-6.7272	-0.3959015	-0.53469747	0
430.51367	-1.2899756	-8.4216738	-0.39677128	-0.53614229	0
431.01367	-1.2939334	-9.9828291	-0.39798051	-0.53759396	0
431.51367	-1.2941003	-7.1347075	-0.39918825	-0.53943098	0
432.01367	-1.2938231	-9.7203302	-0.40039584	-0.54102838	0
432.51367	-1.297763	-6.4808059	-0.40143877	-0.5426836	0
433.01367	-1.2990236	-7.1948066	-0.40266871	-0.54448873	0
433.51367	-1.3000935	-7.3088584	-0.40363833	-0.54579169	0
434.01367	-1.3012707	-7.5074644	-0.40488541	-0.54747254	0
434.51367	-1.3020039	-7.4154458	-0.40586352	-0.54867595	1
435.01367	-1.3050348	-8.9607277	-0.40677086	-0.55024505	0
435.51367	-1.3065517	-5.9158874	-0.4080309	-0.55204302	0
436.01367	-1.3074309	-8.1679621	-0.40950805	-0.5539152	0
436.51367	-1.308316	-3.784308	-0.41086853	-0.55579275	0
437.01367	-1.3113618	-5.2341256	-0.41211873	-0.55739999	0
437.51367	-1.3106138	-5.9523582	-0.41340575	-0.55943161	0
438.01367	-1.3126016	-8.3270578	-0.41443259	-0.56087196	0
438.51367	-1.3148427	-6.7316046	-0.41570172	-0.56255937	0
439.01367	-1.3154358	-3.1029532	-0.41688278	-0.56427956	0
439.51367	-1.3175517	-4.9704514	-0.41813895	-0.56597322	0
440.01367	-1.3200194	-7.3687172	-0.41946799	-0.56779057	0
440.51367	-1.3210714	-5.3201394	-0.42045027	-0.56919873	0
441.01367	-1.3231546	-5.0080571	-0.42180747	-0.5712238	0
441.51367	-1.3257444	-5.1256189	-0.42286918	-0.57251841	0
442.01367	-1.3241619	-6.3261385	-0.42391017	-0.57421714	0
442.51367	-1.3275146	-3.9269719	-0.42519569	-0.57593554	0
443.01367	-1.3288826	-5.1840038	-0.42636946	-0.57742834	0
443.51367	-1.3311386	-4.9146142	-0.42735949	-0.57902038	0
444.01367	-1.331833	-5.7305689	-0.42839214	-0.58037221	0
444.51367	-1.3342112	-4.8718224	-0.42962134	-0.58220655	0
445.01367	-1.3347358	-5.5604839	-0.43106511	-0.58398664	1
445.51367	-1.3367802	-2.3305156	-0.43223679	-0.58562875	1
446.01367	-1.3374925	-2.9015214	-0.43316036	-0.58710396	0
446.51367	-1.339221	-3.5972614	-0.43429598	-0.58868676	0
447.01367	-1.3404638	-4.9311633	-0.4354772	-0.59039325	0
447.51367	-1.3424128	-4.7552466	-0.43675348	-0.59206158	0
448.01367	-1.3445109	-4.3382554	-0.43775305	-0.59352249	0
448.51367	-1.3447285	-3.5981038	-0.43888479	-0.59523493	0
449.01367	-1.3464212	-2.281985	-0.44001788	-0.59669405	0
449.51367	-1.3480812	-2.5503039	-0.44119701	-0.59838951	0
450.01367	-1.3498783	-1.6415558	-0.44244587	-0.59999734	0
450.51367	-1.3512522	-0.38255817	-0.44350475	-0.60144097	0
451.01367	-1.3530344	-2.2247968	-0.44481277	-0.60331315	0
451.51367	-1.3532966	-1.0252484	-0.44581249	-0.60475796	0
452.01367	-1.3566762	-0.91360652	-0.44724643	-0.60682893	0
452.51367	-1.356703	-0.044739816	-0.44846237	-0.60848951	0
453.01367	-1.3583571	-0.023847001	-0.44966981	-0.61020941	0
453.51367	-1.3594955	0.21208122	-0.45080215	-0.61180741	0
454.01367	-1.36154	-0.14692536	-0.45213968	-0.61371654	0
454.51367	-1.3627946	-1.1163222	-0.45340821	-0.61554134	0
455.01367	-1.3648331	-0.18208602	-0.45462221	-0.61715007	0
455.51367	-1.3668418	-0.57428771	-0.45579121	-0.61872631	0
456.01367	-1.3685644	-1.3861417	-0.4570961	-0.62051326	1
456.51367	-1.3703644	-0.055219863	-0.45827106	-0.62231183	0
457.01367	-1.3706446	0.38343275	-0.45954615	-0.62399328	0
457.51367	-1.3720542	-1.3169025	-0.46059042	-0.62553048	0
458.01367	-1.3732225	-1.6121397	-0.4617551	-0.62720448	0
458.51367	-1.3761848	0.31121898	-0.46276733	-0.62855184	0
459.01367	-1.3771862	0.73411202	-0.46405539	-0.63062727	0
459.51367	-1.3780117	-1.5820071	-0.46547607	-0.63233167	0
460.01367	-1.3807148	1.8278128	-0.4664591	-0.63389719	0
460.51367	-1.3811141	1.6438577	-0.46770409	-0.63585103	0
461.01367	-1.3826549	0.5627225	-0.47076896	-0.63989758	0
461.51367	-1.3848126	2.3448682	-0.47381729	-0.64398915	0
462.01367	-1.3865113	3.3247597	-0.47645405	-0.6477809	0
462.51367	-1.3890028	3.1669567	-0.47934949	-0.65175682	0
463.01367	-1.3891131	2.1375809	-0.49393132	-0.67184508	0
463.51367	-1.3914555	2.817415	6.3054056	-8.7428017	0
464.01367	-1.3936967	10.063524	6.3127036	-8.7428017	0
464.51367	-1.3942182	7.2514973	6.312789	-8.7428017	0
465.01367	-1.3941914	7.2021594	6.312717	-8.7428017	0
465.51367	-1.3957798	9.3959551	6.3129306	-8.7428017	0
466.01367	-1.3971955	7.0941591	6.3129845	-8.7428017	0
466.51367	-1.4004916	7.0014739	6.3130388	-8.7428017	1
467.01367	-1.4002323	9.1503305	6.3131156	-8.7428017	0
467.51367	-1.4027715	8.7775068	6.3131843	-8.7428017	0
468.01367	-1.4038682	6.2469459	6.31323	-8.7428017	0
