MTS793|MPT|FRA|1|2|.|.|:|33|1|1|A

Acquisition de données						Temps :	588.40332	Sec	05.06.2013 16:10:23
Temps	Axial Déplacement	Axial Force	Axial fléche	Axial CMOD*2	Canon
Sec	mm	N	mm	mm	unitless
0.515625	0.0010311604	92.019104	0.0028200448	-8.6426735e-05	0
1.015625	-0.00023767352	96.726715	0.0028386712	-3.3080578e-05	0
1.515625	-0.00073164701	93.114479	0.0027988851	-1.8775463e-05	0
2.015625	-0.003810972	94.830338	0.0028334558	-9.9241734e-05	0
2.515625	-0.0052914023	91.449455	0.0028471649	-2.682209e-05	0
3.015625	-0.0072337687	92.675591	0.0028324127	-0.00013649464	0
3.515625	-0.0096566975	91.343086	0.0028447807	-1.6391277e-05	0
4.015625	-0.011329353	93.558464	0.0028190017	-3.0100346e-05	0
4.515625	-0.012331456	93.056587	0.0027526915	-3.3378601e-05	0
5.015625	-0.012954324	93.269737	0.0028169155	-7.0333481e-05	0
5.515625	-0.015657395	93.284866	0.002796948	-9.6857548e-05	0
6.015625	-0.016849488	91.550941	0.0027917325	-0.00011831522	0
6.515625	-0.018371642	93.212334	0.0027389824	-6.2584877e-05	0
7.015625	-0.020211935	91.649048	0.00278458	-4.5597553e-05	0
7.515625	-0.022596121	93.045074	0.0027737021	-5.6624413e-05	0
8.015625	-0.023330748	94.169426	0.0027868152	-0.00015199184	0
8.515625	-0.023970753	94.405899	0.0028087199	-5.5134296e-05	0
9.015625	-0.025759637	92.391449	0.0028175116	-6.467104e-05	0
9.515625	-0.028204918	91.371147	0.0027835369	-3.3378601e-05	0
10.015625	-0.029421598	91.597801	0.002797693	4.2915344e-05	1
10.515625	-0.030340254	89.845535	0.0027836859	7.5399876e-05	1
11.015625	-0.032521039	90.423363	0.0027371943	-5.3048134e-05	0
11.515625	-0.032884628	93.543411	0.0027872622	-0.00020235777	0
12.015625	-0.034875423	93.195602	0.0028094649	-2.3245811e-05	0
12.515625	-0.036728382	92.151993	0.0027944148	7.390976e-05	0
13.015625	-0.037478656	91.026947	0.0027605891	3.606081e-05	0
13.515625	-0.039223582	92.497513	0.0027395785	-0.00013589859	0
14.015625	-0.040607899	92.368683	0.00281021	-0.00014305115	0
14.515625	-0.042952597	92.440689	0.00279814	6.7651272e-05	0
15.015625	-0.044668466	91.870331	0.002771765	1.1622906e-05	0
15.515625	-0.044881552	92.678398	0.002810806	0.00010699034	0
16.015625	-0.047662854	94.302109	0.0027516484	-7.1525574e-06	0
16.515625	-0.049438328	90.253853	0.0028415024	-1.0728836e-05	0
17.015625	-0.050684065	95.661453	0.0027982891	-4.7981739e-05	0
17.515625	-0.051716715	94.777756	0.0027580559	-8.225441e-05	0
18.015625	-0.053184479	92.252548	0.0028111041	1.758337e-05	0
18.515625	-0.05555898	92.529121	0.0028403103	0.00015377998	0
19.015625	-0.056717545	92.71669	0.002810061	9.0003014e-05	0
19.515625	-0.05658716	94.497833	0.0028334558	0.00013142824	0
20.015625	-0.05768016	93.530319	0.0027249753	-0.00011056662	0
20.515625	-0.058887154	92.861259	0.0028060377	0.0001052022	0
21.015625	-0.062072277	95.897774	0.0027908385	0.00013619661	1
21.515625	-0.063241273	95.481171	0.0028431416	0.00014424324	0
22.015625	-0.064305961	94.335793	0.0027687848	-2.9802322e-06	0
22.515625	-0.066240877	91.190933	0.0027675927	-0.00013142824	0
23.015625	-0.067459792	92.883904	0.0028024614	0.0001513958	0
23.515625	-0.06948784	93.173645	0.0027437508	1.1026859e-05	0
24.015625	-0.07134378	94.080017	0.0027181208	0.00015884638	0
24.515625	-0.072211027	93.989586	0.0027622283	8.5234642e-05	0
25.015625	-0.073831528	93.942688	0.0028014183	-1.5795231e-05	0
25.515625	-0.076443702	95.421906	0.0028179586	6.0200691e-05	0
26.015625	-0.076938421	91.8507	0.002707094	-5.9306622e-05	0
26.515625	-0.077629834	92.660439	0.0027498603	6.6459179e-05	0
27.015625	-0.079290569	94.974083	0.0027105212	0.0001052022	0
27.515625	-0.080747902	96.962471	0.0027668476	4.3511391e-05	0
28.015625	-0.082588941	93.126328	0.0027693808	0.00011831522	0
28.515625	-0.083629042	94.266106	0.0027731061	-0.00011205673	0
29.015625	-0.084988773	92.129936	0.0027504563	-0.00016033649	0
29.515625	-0.088780373	91.442856	0.0027641654	5.3346157e-05	0
30.015625	-0.08867979	92.421028	0.0027218461	8.0168247e-05	0
30.515625	-0.091731548	92.327187	0.0027687848	0.00016719103	0
31.015625	-0.09181723	91.90303	0.0027361512	8.1062317e-05	0
31.515625	-0.092151761	90.99881	0.0027827919	6.2286854e-05	1
32.015625	-0.095260888	91.354286	0.0028298795	1.4007092e-05	0
32.515625	-0.096299499	90.732857	0.0027990341	-2.9206276e-05	0
33.015625	-0.097006559	90.066521	0.0027997792	2.8014183e-05	0
33.515625	-0.099313259	89.604439	0.0028337538	5.7816505e-05	0
34.015625	-0.10116026	89.598709	0.0027875602	-0.00010818243	0
34.515625	-0.10271668	87.655418	0.0028160214	4.7981739e-05	0
35.015625	-0.10406524	89.449997	0.0028221309	-6.1392784e-05	0
35.515625	-0.10618865	87.998085	0.0028151274	0.00018596649	0
36.015625	-0.10656118	87.500046	0.0027826428	0.00022917986	0
36.515625	-0.10818392	88.407173	0.0027371943	0.00021070242	0
37.015625	-0.11008456	88.311646	0.002823025	-0.00016212463	0
37.515625	-0.11071637	89.367569	0.0027446449	-0.00020056963	0
38.015625	-0.11297464	89.145515	0.0028368831	0.0001680851	0
38.515625	-0.11459067	89.116318	0.0028115511	0.00025689602	0
39.015625	-0.11726394	88.712097	0.0028261542	0.00011235476	0
39.515625	-0.11721179	89.530441	0.0027903914	-8.0168247e-05	0
40.015625	-0.11933967	90.900185	0.0028404593	-7.390976e-05	0
40.515625	-0.12040511	91.08754	0.0028403103	0.00017434359	0
41.015625	-0.12229457	91.020897	0.0028245151	9.0003014e-05	0
41.515625	-0.12258068	90.420403	0.0027801096	-1.1920929e-05	0
42.015625	-0.12440234	90.995293	0.0028023124	-3.3676624e-05	1
42.515625	-0.12594312	89.198105	0.0027912855	6.1094761e-05	0
43.015625	-0.12842044	88.954262	0.002810955	-3.4868717e-05	0
43.515625	-0.12885556	91.353172	0.0028194487	0.00015854836	0
44.015625	-0.13085157	89.295326	0.0028553605	0.000192523	0
44.515625	-0.13281181	91.345947	0.0028660893	-7.212162e-05	0
45.015625	-0.13399571	88.448402	0.0028197467	-1.937151e-05	0
45.515625	-0.13636798	88.032516	0.0028678775	-9.8645687e-05	0
46.015625	-0.13705269	89.862823	0.0028240681	0.00032991171	0
46.515625	-0.13798624	87.553352	0.0028344989	0.00010401011	0
47.015625	-0.13873428	88.112267	0.0028134882	-5.2452087e-05	0
47.515625	-0.14088079	88.120461	0.0028203428	-0.00014007092	0
48.015625	-0.14087185	87.159584	0.0028751791	7.7486038e-05	0
48.515625	-0.1436837	88.016548	0.002848208	0.00013619661	0
49.015625	-0.1459524	90.069382	0.0028520823	-0.00011116266	0
49.515625	-0.14731139	88.083252	0.0029240549	5.453825e-05	0
50.015625	-0.14810711	86.883667	0.0028501451	0.00022500753	0
50.515625	-0.15034229	89.542885	0.0029096007	-3.8743019e-06	0
51.015625	-0.15366226	88.982788	0.0029100478	6.9737434e-05	0
51.515625	-0.15329495	88.316597	0.0029018521	-4.4703484e-05	0
52.015625	-0.1556322	86.79541	0.0028979778	0.00027358532	0
52.515625	-0.15633255	87.529938	0.0029164553	0.00034302473	1
53.015625	-0.15748814	91.470665	0.0029355288	-3.5464764e-05	1
53.515625	-0.15839934	90.439087	0.0028918684	-3.606081e-05	0
54.015625	-0.16162544	88.522957	0.0029568374	-5.6624413e-05	0
54.515625	-0.16318336	88.834534	0.0029417872	0.00016540289	0
55.015625	-0.16442835	90.095604	0.0029908121	0.00020354986	0
55.515625	-0.16591474	89.964798	0.0029410422	4.2915344e-05	0
56.015625	-0.16738325	89.410828	0.0029356778	-9.5367432e-06	0
56.515625	-0.16796887	87.928925	0.0030298531	-2.3841858e-05	0
57.015625	-0.16988069	88.904236	0.0029231608	6.3478947e-05	0
57.515625	-0.17012134	85.487663	0.0029057264	0.0001180172	0
58.015625	-0.17274916	87.298294	0.0029344857	-8.5830688e-05	0
58.515625	-0.17534345	87.501999	0.0029484928	5.7816505e-05	0
59.015625	-0.17646849	88.840187	0.0029830635	0.00020593405	0
59.515625	-0.17784908	91.76664	0.0029243529	0.00010609627	0
60.015625	-0.17872229	88.059784	0.0029563904	-5.0067902e-05	0
60.515625	-0.17931163	89.987419	0.0030001998	-0.00031411648	0
61.015625	-0.18252283	87.96373	0.0029215217	6.0498714e-05	0
61.515625	-0.18455535	88.161865	0.0029714406	0.00013440847	0
62.015625	-0.18389896	90.057945	0.0030004978	-0.00010997057	0
62.515625	-0.18569306	88.469269	0.0030396879	8.3744526e-05	0
63.015625	-0.18834621	86.103775	0.0029778481	0.00015109777	0
63.515625	-0.18862933	90.286293	0.0030885637	-4.2319298e-05	1
64.015625	-0.18990412	87.729736	0.00305444	-0.00014215708	0
64.515625	-0.19214451	89.804482	0.0030741096	-1.8179417e-05	0
65.015625	-0.19287392	87.902481	0.0030951202	0.00015884638	0
65.515625	-0.19610524	87.892029	0.0030590594	0.00016897917	0
66.015625	-0.19520447	89.926453	0.0030724704	-4.7683716e-06	0
66.515625	-0.19844472	88.771439	0.0030884147	-7.5697899e-05	0
67.015625	-0.19853488	87.29335	0.0030577183	6.3180923e-05	0
67.515625	-0.20062402	89.204048	0.0030721724	0.00011324883	0
68.015625	-0.2028808	88.481544	0.0030474365	0.00010430813	0
68.515625	-0.20453483	87.280846	0.0030700862	1.1920929e-05	0
69.015625	-0.20577684	90.103065	0.0030602515	2.8610229e-05	0
69.515625	-0.20836592	88.960365	0.0030943751	7.4207783e-05	0
70.015625	-0.20953938	87.824142	0.0030760467	1.7285347e-05	0
70.515625	-0.21042377	89.756058	0.0030186772	9.1195107e-05	0
71.015625	-0.21037236	88.310768	0.0031098723	0.00011175871	0
71.515625	-0.21345988	89.214249	0.0030831993	-5.6326389e-05	0
72.015625	-0.21431819	89.504768	0.0030942261	-1.8775463e-05	0
72.515625	-0.21711513	87.583839	0.0030969083	-3.5762787e-05	0
73.015625	-0.21813586	90.062714	0.0030523539	0.00017374754	0
73.515625	-0.21869317	91.478607	0.0031219423	6.6161156e-05	0
74.015625	-0.21997914	90.900261	0.0030995905	9.0003014e-05	1
74.515625	-0.22150427	87.332138	0.0030609965	-1.0728836e-05	0
75.015625	-0.22391528	88.531891	0.003156811	0.00019729137	0
75.515625	-0.22434145	90.075127	0.0030873716	9.7453594e-05	0
76.015625	-0.22647604	88.46978	0.0031402707	4.7981739e-05	0
76.515625	-0.22942647	88.975838	0.0030593574	6.7055225e-05	0
77.015625	-0.23081824	87.663452	0.0031009316	1.013279e-05	0
77.515625	-0.23071393	89.143578	0.0031484663	1.3709068e-05	0
78.015625	-0.23252144	91.213654	0.003079325	0.00011175871	0
78.515625	-0.23335516	88.270149	0.0031080842	0.00018805265	0
79.015625	-0.23683533	87.045708	0.0030513108	-9.2387199e-06	0
79.515625	-0.23716688	87.400345	0.0031103194	-6.9439411e-05	0
80.015625	-0.23886189	89.349899	0.003104955	8.0168247e-05	0
80.515625	-0.2404049	89.535431	0.0030243397	0.00011265278	0
81.015625	-0.24321526	89.000305	0.0030913949	0.00014126301	0
81.515625	-0.24355203	90.550224	0.0030851364	-0.0001335144	0
82.015625	-0.24540052	87.941376	0.0030238926	-9.5367432e-06	0
82.515625	-0.24541765	87.916779	0.0030583143	0.00011742115	0
83.015625	-0.24816468	89.443291	0.0030480325	0.00012516975	0
83.515625	-0.2497822	87.845009	0.0030814111	-2.0861626e-06	0
84.015625	-0.25096685	88.316757	0.0030235946	6.3180923e-05	0
84.515625	-0.25218353	87.402245	0.0030124187	-2.682209e-05	1
85.015625	-0.25480464	89.41526	0.0030465424	2.682209e-05	0
85.515625	-0.2564311	88.652542	0.0030612946	0.00018030405	0
86.015625	-0.25695041	89.349136	0.0029857457	7.5101852e-05	0
86.515625	-0.25691688	88.710976	0.0030060112	0.00015646219	0
87.015625	-0.26029497	88.468719	0.0030557811	0.00019609928	0
87.515625	-0.26174709	89.267578	0.0030577183	0.00026255846	0
88.015625	-0.26260912	86.792389	0.0030761957	0.00015109777	0
88.515625	-0.2646707	88.162582	0.0030444562	-1.6391277e-05	0
89.015625	-0.2655901	89.652596	0.0030779839	0.00022947788	0
89.515625	-0.26763454	89.274879	0.0029911101	0.00033825636	0
90.015625	-0.26973709	90.659264	0.0030183792	5.3048134e-05	0
90.515625	-0.27063116	88.723694	0.0030325353	0.00013440847	0
91.015625	-0.27173683	90.853348	0.0029562414	0.00021159649	0
91.515625	-0.27236938	88.001183	0.0030249357	0.00022083521	0
92.015625	-0.27554333	89.947701	0.0030085444	0.00018924475	0
92.515625	-0.27567819	89.41909	0.003015697	0.00011652708	0
93.015625	-0.27712435	90.046379	0.003002584	0.0002387166	0
93.515625	-0.27934685	89.754913	0.002938509	0.00024586916	0
94.015625	-0.28107092	89.414383	0.0029635429	5.2750111e-05	0
94.515625	-0.2821818	88.770874	0.0029839575	1.1622906e-05	0
95.015625	-0.28348789	89.494751	0.002976954	0.00015318394	1
95.515625	-0.28531626	90.569023	0.0030295551	0.00028967857	0
96.015625	-0.28645843	89.773575	0.0029790401	-1.5795231e-05	0
96.515625	-0.28748438	90.988869	0.0030019879	0.00012636185	0
97.015625	-0.28946623	90.495369	0.0030264258	0.00021696091	0
97.515625	-0.29164702	91.25251	0.002976954	0.00026792288	0
98.015625	-0.2932936	88.452637	0.0030256808	5.1856041e-05	0
98.515625	-0.29397607	89.553993	0.0030472875	0.0001090765	0
99.015625	-0.29574335	87.125664	0.0029627979	0.00011771917	0
99.515625	-0.29812157	90.421326	0.0029668212	0.00024616718	0
100.01563	-0.29770881	90.499435	0.0030106306	6.6757202e-05	0
100.51563	-0.30028895	89.786095	0.0029887259	7.212162e-05	0
101.01563	-0.3022857	88.151314	0.0029864907	0.00024497509	0
101.51563	-0.30190796	88.068474	0.0029477477	0.00032097101	0
102.01563	-0.30506402	87.053207	0.0030034781	4.1425228e-05	0
102.51563	-0.30591935	89.986992	0.0029937923	7.3611736e-05	0
103.01563	-0.30859783	88.875298	0.0029447675	0.00026494265	0
103.51563	-0.30863881	89.08905	0.0029817224	0.00018835068	0
104.01563	-0.31069294	90.845551	0.0030075014	7.0929527e-05	0
104.51563	-0.31298921	90.588501	0.0029836595	0.00015705824	0
105.01563	-0.31379312	88.652359	0.0029717386	0.00015854836	0
105.51563	-0.31519309	90.146919	0.00295192	0.00015467405	1
106.01563	-0.3171809	90.551735	0.0030086935	0.00015556812	1
106.51563	-0.31818524	91.334663	0.0029778481	4.0531158e-05	0
107.01563	-0.31924397	89.100952	0.0030173361	0.00018358231	0
107.51563	-0.32179579	87.653091	0.0029948354	0.00021278858	0
108.01563	-0.3227897	90.591011	0.0029879808	0.00026583672	0
108.51563	-0.32373294	91.188011	0.0029954314	-3.0100346e-05	0
109.01563	-0.32648742	89.261787	0.0030083954	0.00036984682	0
109.51563	-0.32739192	89.701691	0.0029402971	0.00029891729	0
110.01563	-0.32838807	88.540855	0.0029812753	0.00019550323	0
110.51563	-0.32987893	88.450615	0.0030085444	8.1062317e-05	0
111.01563	-0.33180639	89.287758	0.0029559433	0.00029981136	0
111.51563	-0.33405498	89.300705	0.0030075014	0.00025510788	0
112.01563	-0.33548251	89.770714	0.0029709935	0.00023603439	0
112.51563	-0.33729002	89.946098	0.0030148029	4.2319298e-05	0
113.01563	-0.33745319	90.659683	0.003053993	0.00029236078	0
113.51563	-0.33874586	90.625198	0.0029455125	0.00024974346	0
114.01563	-0.34148917	89.863716	0.0029821694	0.0002887845	0
114.51563	-0.34124032	87.703171	0.0030080974	0.00018596649	0
115.01563	-0.34501031	85.573029	0.0029914081	4.5895576e-05	0
115.51563	-0.3447853	88.501259	0.0030483305	0.0001886487	0
116.01563	-0.34735724	87.690887	0.0030249357	0.00017464161	0
116.51563	-0.34900308	88.206245	0.0030571222	0.0001758337	1
117.01563	-0.35032332	89.958183	0.0030522048	8.0168247e-05	0
117.51563	-0.35140365	89.054848	0.0030474365	0.00016629696	0
118.01563	-0.35432577	88.506554	0.0030755997	0.0003015995	0
118.51563	-0.35418645	87.680626	0.0030325353	0.00018566847	0
119.01563	-0.35604537	88.767944	0.0030611455	0.00017523766	0
119.51563	-0.35807714	89.520935	0.0031431019	0.00035047531	0
120.01563	-0.35790354	87.823578	0.0030893087	0.00023245811	0
120.51563	-0.36110952	88.901833	0.0030840933	0.00027090311	0
121.01563	-0.36211684	87.957253	0.0030887127	0.0001257658	0
121.51563	-0.36313832	90.477844	0.0030936301	5.7816505e-05	0
122.01563	-0.36483407	87.770683	0.0030900538	0.00023245811	0
122.51563	-0.36613718	87.721626	0.0031094253	0.00035136938	0
123.01563	-0.36721602	86.188652	0.0030831993	1.1920929e-06	0
123.51563	-0.36953464	86.988609	0.0030857325	0.00012755394	0
124.01563	-0.37049428	91.389282	0.0031073391	0.00035732985	0
124.51563	-0.37238523	90.580612	0.0031295419	0.00023931265	0
125.01563	-0.37344173	87.846046	0.0031109154	0.00013202429	0
125.51563	-0.37574992	90.932137	0.0030478835	0.00019311905	0
126.01563	-0.37733689	93.26506	0.0031384826	0.00024467707	0
126.51563	-0.37902892	89.044075	0.0031140447	0.00028520823	0
127.01563	-0.37948415	92.119469	0.003080219	0.00017702579	1
127.51563	-0.38164034	89.84919	0.0031852722	0.0001847744	0
128.01563	-0.38310289	91.411903	0.0031301379	0.00027775764	0
128.51563	-0.38405731	85.766975	0.0031419098	0.00015318394	0
129.01563	-0.38608313	89.398369	0.0031800568	0.00016003847	0
129.51563	-0.38700253	90.362946	0.0031194091	8.5234642e-05	0
130.01563	-0.38797036	89.839653	0.003195852	0.00019341707	0
130.51563	-0.38999319	89.141716	0.0031451881	0.00027775764	0
131.01563	-0.39240718	89.85096	0.0031036139	-2.0265579e-05	0
131.51563	-0.39409027	91.611977	0.0031846762	0.00020354986	0
132.01563	-0.39584413	86.336876	0.003156811	0.00035703182	0
132.51563	-0.39716288	87.905838	0.0031989813	4.6789646e-05	0
133.01563	-0.39822385	87.187004	0.0031879544	9.059906e-05	0
133.51563	-0.39893463	87.814575	0.0031732023	0.00014573336	0
134.01563	-0.40169433	88.571129	0.0032107532	0.00022023916	0
134.51563	-0.40191785	86.490768	0.0031888485	0.00020861626	0
135.01563	-0.40244833	87.610092	0.0032019615	9.5069408e-05	0
135.51563	-0.40473938	88.978447	0.0031854212	0.00018149614	0
136.01563	-0.40542632	90.177696	0.0031390786	0.0001090765	0
136.51563	-0.4081212	87.243141	0.0031258166	0.00015318394	0
137.01563	-0.41082874	90.446182	0.0031614304	9.7453594e-05	0
137.51563	-0.41030422	87.795074	0.0031419098	3.6358833e-05	1
138.01563	-0.41305572	90.425735	0.0031860173	0.00016510487	0
138.51563	-0.41511655	85.836449	0.0031866133	4.5895576e-05	0
139.01563	-0.41512698	89.170074	0.0031980872	3.695488e-05	0
139.51563	-0.41810051	86.916428	0.0031878054	3.9935112e-05	0
140.01563	-0.41837618	86.667854	0.0031775236	0.00024080276	0
140.51563	-0.42006597	85.505318	0.0032088161	-4.1723251e-05	0
141.01563	-0.42167902	87.0392	0.003221482	0.00020503998	0
141.51563	-0.42305142	88.317116	0.003169328	6.2584877e-05	0
142.01563	-0.4249692	85.802933	0.0031979382	5.1259995e-05	0
142.51563	-0.42577758	88.686035	0.0031748414	0.00023424625	0
143.01563	-0.42660236	86.118469	0.0031328201	0.00021070242	0
143.51563	-0.42992756	85.52562	0.003169179	-9.2387199e-06	0
144.01563	-0.43078065	87.232414	0.0032158196	0.00018388033	0
144.51563	-0.43233708	83.824448	0.0032450259	2.1457672e-05	0
145.01563	-0.43340772	80.416603	0.0031802058	0.00013768673	0
145.51563	-0.4359901	79.815285	0.0031399727	9.2387199e-06	0
146.01563	-0.43549761	77.12455	0.0032231212	0.00014513731	0
146.51563	-0.43873712	76.904335	0.0031614304	-4.6789646e-05	0
147.01563	-0.43960959	73.532791	0.003092289	-4.2617321e-05	0
147.51563	-0.44147223	71.27565	0.0031392276	7.9870224e-05	0
148.01563	-0.4430227	68.906853	0.0030723214	5.1558018e-05	1
148.51563	-0.44335201	67.202011	0.00308007	-6.0498714e-05	1
149.01563	-0.44626519	62.987595	0.003093034	8.5532665e-05	0
149.51563	-0.44907853	62.637142	0.0030177832	-8.8810921e-05	0
150.01563	-0.44857785	58.401344	0.0030606985	-0.00012516975	0
150.51563	-0.45059845	56.738297	0.0029695034	-0.00020653009	0
151.01563	-0.45131296	57.232822	0.0029632449	-8.4936619e-05	0
151.51563	-0.45394301	54.32336	0.0030368567	-0.00016182661	0
152.01563	-0.4543975	52.882629	0.0029353797	1.013279e-05	0
152.51563	-0.45520812	51.58123	0.0029557943	-0.00018805265	0
153.01563	-0.45768097	50.218735	0.0030055642	-2.5033951e-05	0
153.51563	-0.45989007	49.104195	0.0029270351	-0.00013291836	0
154.01563	-0.46225563	43.214264	0.0029355288	-6.8545341e-05	0
154.51563	-0.4629381	44.412354	0.002912432	-0.00035077333	0
155.01563	-0.46377406	42.805069	0.002913475	-4.2617321e-05	0
155.51563	-0.4650414	39.122234	0.00286147	-5.4836273e-05	0
156.01563	-0.46654344	40.690613	0.0028812885	-0.00012934208	0
156.51563	-0.47018528	38.611984	0.0028942525	-0.00014066696	0
157.01563	-0.47077462	37.007301	0.0028422475	-0.00016033649	0
157.51563	-0.46978965	38.766582	0.002873987	-0.00028938055	0
158.01563	-0.47366843	37.7528	0.0028802454	-0.00014275312	0
158.51563	-0.47199577	37.343388	0.0028464198	-0.0002142787	0
159.01563	-0.47471672	35.947731	0.002836138	-0.00016719103	1
159.51563	-0.47688782	34.09285	0.0028832257	-7.1525574e-06	0
160.01563	-0.47967732	34.161877	0.0028198957	-2.8014183e-05	0
160.51563	-0.48159882	36.909294	0.0027678907	-0.00024467707	0
161.01563	-0.48140511	34.30938	0.002874434	-0.00011891127	0
161.51563	-0.48353896	35.208138	0.002771467	-1.4007092e-05	0
162.01563	-0.48359483	34.280441	0.0028625131	-0.00019729137	0
162.51563	-0.48621371	32.627575	0.002785176	-0.0002387166	0
163.01563	-0.48928261	34.434162	0.0028163195	-0.00010251999	0
163.51563	-0.48950836	34.733067	0.0028157234	-0.00015079975	0
164.01563	-0.49127713	34.871021	0.0027692318	-0.00032365322	0
164.51563	-0.49371496	33.916309	0.0027914345	-8.136034e-05	0
165.01563	-0.49415603	30.930468	0.0027982891	-0.00012457371	0
165.51563	-0.49530864	33.016529	0.0027862191	-0.0001591444	0
166.01563	-0.49773157	32.702511	0.0028091669	-0.00027239323	0
166.51563	-0.49918815	34.471256	0.0027930737	-7.301569e-05	0
167.01563	-0.49873814	32.892593	0.0028139353	-0.00022560358	0
167.51563	-0.50177944	33.608303	0.0028298795	-0.00019907951	0
168.01563	-0.50284338	33.185196	0.0028201938	-0.00013321638	0
168.51563	-0.50471872	34.550102	0.0027894974	-0.00014603138	0
169.01563	-0.50598609	31.915731	0.0027887523	-0.00018000603	0
169.51563	-0.50780326	31.04072	0.0027887523	-0.00013619661	1
170.01563	-0.50977767	30.609133	0.0028420985	-0.00011354685	0
170.51563	-0.50955045	32.703659	0.0028258562	-0.00022977591	0
171.01563	-0.51219761	34.660152	0.0027775764	-0.00028580427	0
171.51563	-0.51267374	35.36924	0.002862066	-7.6591969e-05	0
172.01563	-0.51520395	32.110622	0.0028279424	-0.0001001358	0
172.51563	-0.51617098	28.794638	0.0027823448	-0.0001502037	0
173.01563	-0.51821321	30.546354	0.0029069185	-0.00011444092	0
173.51563	-0.51945078	29.679771	0.0028133392	-0.00020682812	0
174.01563	-0.52111673	31.597488	0.002887845	-0.00020086765	0
174.51563	-0.52286237	29.663744	0.0028602779	-0.00018984079	0
175.01563	-0.52378547	31.233183	0.0028786063	-0.0001963973	0
175.51563	-0.52583665	28.648975	0.0028416514	-0.00019729137	0
176.01563	-0.52677166	28.845062	0.0028815866	-0.00025242567	0
176.51563	-0.52827823	29.859909	0.0028312206	-9.8347664e-05	0
177.01563	-0.52868575	30.682514	0.0028461218	-0.00017225742	0
177.51563	-0.53195208	28.754913	0.0027921796	-0.00017404556	0
178.01563	-0.53305477	26.319164	0.0028333068	-0.00033706427	0
178.51563	-0.53466332	25.03196	0.0028136373	-7.7784061e-05	0
179.01563	-0.5362615	27.02005	0.0028173625	-0.0001680851	0
179.51563	-0.5366199	27.804914	0.0027602911	-0.00030487776	0
180.01563	-0.53870231	19.419712	0.0027996302	-0.00022768974	1
180.51563	-0.54020584	22.432493	0.0028346479	-0.000243783	0
181.01563	-0.54088163	21.309507	0.0027282536	-0.00024199486	0
181.51563	-0.54306239	18.200325	0.002746284	-0.00043004751	0
182.01563	-0.54560971	16.142904	0.0027172267	-0.00024914742	0
182.51563	-0.54619682	14.795601	0.0027646124	-0.00033795834	0
183.01563	-0.54762214	12.677682	0.0027383864	-0.0003528595	0
183.51563	-0.54930151	9.6603088	0.002668798	-0.00043869019	0
184.01563	-0.55151653	5.3571258	0.0026591122	-0.0005236268	0
184.51563	-0.5515337	5.7802849	0.0026364625	-0.00036001205	0
185.01563	-0.55369961	1.3524966	0.0026290119	-0.00061690807	0
185.51563	-0.5550608	0.75065345	0.0025717914	-0.00048220158	0
186.01563	-0.55673718	-5.7865496	0.0025367737	-0.00047177076	0
186.51563	-0.55837184	-6.5546432	0.0024431944	-0.00041365623	0
187.01563	-0.55965114	-8.4815531	0.0024715066	-0.00054448843	0
187.51563	-0.56197715	-12.402287	0.0024424493	-0.00054240227	0
188.01563	-0.56330711	-14.936355	0.0024189055	-0.00049382448	0
188.51563	-0.56407452	-18.623281	0.0023974478	-0.00055044889	0
189.01563	-0.5648948	-21.713522	0.0023055077	-0.00040471554	0
189.51563	-0.56726635	-22.112947	0.0021778047	-0.00060558319	0
190.01563	-0.56835341	-26.93523	0.0022152066	-0.00049203634	0
190.51563	-0.57060945	-26.553761	0.0020228326	-0.00061184168	1
191.01563	-0.57223368	-33.584511	0.001924485	-0.0005364418	0
191.51563	-0.57465804	-37.359428	0.0018757582	-0.00043600798	0
192.01563	-0.57512522	-39.722351	0.0017867982	-0.00044465065	0
192.51563	-0.57675391	-43.903221	0.0017020106	-0.00061273575	0
193.01563	-0.57744753	-43.053127	0.0015413761	-0.00063627958	0
193.51563	-0.57870448	-50.061913	0.0014396012	-0.00056803226	0
194.01563	-0.58040172	-52.252926	0.0013884902	-0.00057697296	0
194.51563	-0.5815655	-53.677139	0.0012463331	-0.00066101551	0
195.01563	-0.58375967	-58.578056	0.0012043118	-0.00073373318	0
195.51563	-0.5855158	-61.163532	0.0010660291	-0.00069975853	0
196.01563	-0.58637261	-67.058022	0.00097453594	-0.00078290701	0
196.51563	-0.58825684	-66.494713	0.00091925263	-0.00075250864	0
197.01563	-0.58881116	-67.78212	0.00081732869	-0.0008264184	0
197.51563	-0.59180629	-76.655159	0.00083491206	-0.00079244375	0
198.01563	-0.59250963	-73.983727	0.00070422888	-0.00074148178	0
198.51563	-0.59398341	-80.350807	0.0006583333	-0.00076949596	0
199.01563	-0.59587288	-82.519638	0.00055909157	-0.0006878376	0
199.51563	-0.59783608	-83.827217	0.00048354268	-0.00077843666	0
200.01563	-0.59849024	-85.911781	0.00048965216	-0.00082880259	0
200.51563	-0.59872937	-90.555992	0.00039443374	-0.00072479248	0
201.01563	-0.60123134	-90.063057	0.00034675002	-0.00076025724	1
201.51563	-0.60257542	-94.751678	0.00020876527	-0.00069737434	1
202.01563	-0.60403943	-96.31427	0.00018581748	-0.00082910061	0
202.51563	-0.60758519	-100.106	0.00010251999	-0.0007390976	0
203.01563	-0.60812604	-99.516182	9.3132257e-05	-0.00081628561	0
203.51563	-0.60923922	-103.64393	4.6342611e-05	-0.00079452991	0
204.01563	-0.60992765	-103.83518	2.3692846e-05	-0.0008302927	0
204.51563	-0.61191094	-105.15524	-2.0861626e-06	-0.00088393688	0
205.01563	-0.61335713	-110.57657	-5.3942204e-05	-0.00084370375	0
205.51563	-0.61489642	-109.52888	-0.00015452504	-0.00081479549	0
206.01563	-0.61706531	-113.79501	-0.00016957521	-0.00086665154	0
206.51563	-0.61798543	-114.03515	-0.00018537045	-0.00076800585	0
207.01563	-0.62101483	-115.71455	-0.00031203032	-0.00082314014	0
207.51563	-0.6208204	-118.81464	-0.00030577183	-0.00090271235	0
208.01563	-0.62305403	-117.99467	-0.00030636787	-0.00079989433	0
208.51563	-0.62377524	-126.49103	-0.00033155084	-0.00094771385	0
209.01563	-0.62525272	-122.24622	-0.00033900142	-0.00090420246	0
209.51563	-0.627581	-124.80294	-0.00037506223	-0.00089913607	0
210.01563	-0.62920225	-130.13863	-0.0004427135	-0.0010043383	0
210.51563	-0.63098896	-127.66566	-0.00043272972	-0.00083267689	0
211.01563	-0.63032877	-130.29227	-0.00047057867	-0.0009611249	0
211.51563	-0.63373077	-132.33633	-0.00047028065	-0.0008803606	0
212.01563	-0.63502192	-135.02892	-0.00054165721	-0.00093907118	1
212.51563	-0.63588917	-135.53848	-0.00048622489	-0.00099778175	0
213.01563	-0.6377548	-136.59775	-0.00058561563	-0.0010183454	0
213.51563	-0.63831437	-138.80621	-0.0006018579	-0.00090003014	0
214.01563	-0.63973963	-141.22508	-0.00067666173	-0.00099360943	0
214.51563	-0.64319742	-142.59149	-0.00073045492	-0.0009521842	0
215.01563	-0.6435312	-146.48453	-0.00074163079	-0.0010433793	0
215.51563	-0.64513016	-145.83392	-0.00078886747	-0.00096172094	0
216.01563	-0.64703524	-147.66637	-0.00078305602	-0.00093847513	0
216.51563	-0.64781833	-151.18745	-0.00077947974	-0.0010991096	0
217.01563	-0.65029711	-150.42902	-0.00096082687	-0.00099986792	0
217.51563	-0.65136325	-157.28258	-0.00098720193	-0.0011226535	0
218.01563	-0.65220225	-155.74933	-0.0010812283	-0.001141727	0
218.51563	-0.65450966	-157.50482	-0.0011825562	-0.0011986494	0
219.01563	-0.65523535	-162.0909	-0.0012330711	-0.0011152029	0
219.51563	-0.65660477	-161.92659	-0.0012461841	-0.0010442734	0
220.01563	-0.65877211	-165.08582	-0.001295954	-0.0011256337	0
220.51563	-0.66037327	-166.2933	-0.0013548136	-0.0010788441	0
221.01563	-0.66192448	-166.29279	-0.0013288856	-0.0011822581	0
221.51563	-0.66303837	-167.79521	-0.0014422834	-0.0010159612	0
222.01563	-0.66582787	-167.38347	-0.0015285611	-0.0011152029	0
222.51563	-0.66580546	-171.0851	-0.0015433133	-0.0011754036	1
223.01563	-0.66849816	-172.89293	-0.001565665	-0.0009766221	0
223.51563	-0.66919553	-178.68518	-0.0016142428	-0.0010442734	0
224.01563	-0.67046058	-177.78918	-0.0016443431	-0.0011602044	0
224.51563	-0.67160499	-178.40729	-0.0016878545	-0.0011458993	0
225.01563	-0.67371655	-182.4735	-0.001718998	-0.0011911988	0
225.51563	-0.67501736	-185.26996	-0.0017513335	-0.0010791421	0
226.01563	-0.67728686	-188.43826	-0.0018262863	-0.0011360645	0
226.51563	-0.67886561	-189.04547	-0.0018644333	-0.0011500716	0
227.01563	-0.67921948	-193.63437	-0.0019177794	-0.0011435151	0
227.51563	-0.68128335	-193.44237	-0.0019979477	-0.0011765957	0
228.01563	-0.68279058	-195.51476	-0.0020514429	-0.0011235476	0
228.51563	-0.68344545	-198.84789	-0.0021661818	-0.0011146069	0
229.01563	-0.68572611	-199.85379	-0.0022387505	-0.0011047721	0
229.51563	-0.68788528	-201.47054	-0.0023886561	-0.001116991	0
230.01563	-0.6891638	-156.13864	-0.0029496849	-0.00095367432	0
230.51563	-0.69025457	-163.3358	-0.003028214	-0.00085324049	0
231.01563	-0.69156736	-162.71486	-0.0030627847	-0.00085502863	0
231.51563	-0.69513172	-167.31007	-0.0032287836	-0.00086665154	0
232.01563	-0.69465041	-167.26118	-0.0033022463	-0.00088423491	0
232.51563	-0.69710165	-175.02176	-0.0034041703	-0.0009021163	0
233.01563	-0.69738477	-181.82858	-0.0035007298	-0.00082314014	1
233.51563	-0.69846809	-188.50621	-0.0035943091	-0.00098258257	0
234.01563	-0.69961917	-191.59453	-0.003670752	-0.00086963177	0
234.51563	-0.70160925	-200.37869	-0.0037516654	-0.0010982156	0
235.01563	-0.70330572	-205.45825	-0.0038212538	-0.001167655	0
235.51563	-0.70489573	-204.88591	-0.0039172173	-0.0010874867	0
236.01563	-0.70749891	-213.7943	-0.0039672852	-0.0010949373	0
236.51563	-0.70858824	-218.51517	-0.0039985776	-0.0010916591	0
237.01563	-0.70956123	-215.88087	-0.0041562319	-0.0010934472	0
237.51563	-0.7117219	-216.07834	-0.0043258071	-0.0010955334	0
238.01563	-0.71306598	-217.43372	-0.0043711066	-0.00098675489	0
238.51563	-0.71472299	-218.3717	-0.0045184791	-0.0011622906	0
239.01563	-0.71495843	-222.96107	-0.0045444071	-0.0011986494	0
239.51563	-0.71791339	-221.72505	-0.0045876205	-0.0011527538	0
240.01563	-0.71966875	-225.44133	-0.0047345459	-0.0012055039	0
240.51563	-0.72067904	-229.44647	-0.0047877431	-0.0012725592	0
241.01563	-0.72120202	-232.71255	-0.004902035	-0.0012466311	0
241.51563	-0.72387087	-232.03157	-0.0048720837	-0.0011572242	0
242.01563	-0.72455406	-238.65227	-0.0049717724	-0.0012436509	0
242.51563	-0.72618198	-239.29216	-0.0050540268	-0.001386106	0
243.01563	-0.7282123	-241.5406	-0.0050662458	-0.0012752414	0
243.51563	-0.72991776	-246.80161	-0.0051790476	-0.001192987	1
244.01563	-0.73162317	-251.39949	-0.0052686036	-0.0012719631	0
244.51563	-0.73153007	-252.51714	-0.0053805113	-0.0013178587	0
245.01563	-0.73419362	-256.58932	-0.005415976	-0.001437664	0
245.51563	-0.7363193	-253.56012	-0.0055377185	-0.0013363361	0
246.01563	-0.73683411	-258.98016	-0.0055707991	-0.0013509393	0
246.51563	-0.73831749	-260.12952	-0.0056408346	-0.0015026331	0
247.01563	-0.74007362	-261.56992	-0.0058542192	-0.0014203787	0
247.51563	-0.74230361	-268.03769	-0.00587672	-0.0013068318	0
248.01563	-0.74305534	-266.63275	-0.0059433281	-0.0014555454	0
248.51563	-0.74491572	-274.21576	-0.0059685111	-0.0014182925	0
249.01563	-0.74658465	-276.00458	-0.0060862303	-0.0013905764	0
249.51563	-0.74700046	-276.31302	-0.0061553717	-0.0014451146	0
250.01563	-0.74840784	-279.11945	-0.0061900914	-0.0014349818	0
250.51563	-0.75065863	-280.2421	-0.0062192976	-0.001450479	0
251.01563	-0.75259137	-282.95169	-0.0063410401	-0.0014984608	0
251.51563	-0.7531181	-284.00656	-0.0064060092	-0.0015005469	0
252.01563	-0.75509399	-288.07748	-0.0064247847	-0.0014424324	0
252.51563	-0.75570643	-289.50085	-0.0064922869	-0.0015041232	0
253.01563	-0.75764287	-295.06805	-0.0066022575	-0.0016659498	0
253.51563	-0.75998306	-295.82462	-0.0066871941	-0.001603663	0
254.01563	-0.75994503	-300.95078	-0.0067487359	-0.0016668439	0
254.51563	-0.76276064	-305.16681	-0.006864816	-0.0015309453	1
255.01563	-0.76412708	-303.0636	-0.0069089234	-0.0015038252	0
255.51563	-0.76366293	-306.63699	-0.0070072711	-0.001616776	0
256.01563	-0.76658058	-308.68582	-0.0070403516	-0.0016137958	0
256.51563	-0.7679224	-312.48843	-0.0070895255	-0.0017437339	0
257.01563	-0.77004135	-312.71915	-0.0071761012	-0.0016948581	0
257.51563	-0.77170062	-317.47955	-0.007199645	-0.0016871095	0
258.01563	-0.77128112	-322.76505	-0.0072579086	-0.0017106533	0
258.51563	-0.77498782	-321.81909	-0.0072975457	-0.0016659498	0
259.01563	-0.77629018	-325.24377	-0.0074282289	-0.0017786026	0
259.51563	-0.77735114	-329.56573	-0.0075127184	-0.0017043948	0
260.01563	-0.77982396	-328.85867	-0.0075657666	-0.0017878413	0
260.51563	-0.78010559	-336.68018	-0.0076293945	-0.0019475818	0
261.01563	-0.7815212	-338.09454	-0.0077502429	-0.0018489361	0
261.51563	-0.78286159	-340.14813	-0.0077737868	-0.0017499924	0
262.01563	-0.78508031	-344.95874	-0.0078323483	-0.0018146634	0
262.51563	-0.78604817	-350.03967	-0.0079597533	-0.0018411875	0
263.01563	-0.78682232	-351.80066	-0.0080026686	-0.0018379092	0
263.51563	-0.78956115	-353.66464	-0.0080581009	-0.0018700957	0
264.01563	-0.79173374	-359.67984	-0.0081436336	-0.001963675	0
264.51563	-0.79223365	-361.93109	-0.0082752109	-0.0019681454	0
265.01563	-0.79373944	-366.60291	-0.0083655119	-0.0019556284	1
265.51563	-0.79535019	-367.50275	-0.0083839893	-0.0019565225	0
266.01563	-0.79810619	-373.14603	-0.0085073709	-0.0020080805	0
266.51563	-0.79816508	-377.04059	-0.008597672	-0.0019806623	0
267.01563	-0.79854876	-378.43005	-0.0087024271	-0.0020763278	0
267.51563	-0.8019917	-387.76361	-0.0088515878	-0.0020986795	0
268.01563	-0.80389977	-384.61499	-0.0089661777	-0.0020599365	0
268.51563	-0.8051194	-389.72858	-0.0090764463	-0.0021907687	0
269.01563	-0.80503154	-392.07672	-0.0091464818	-0.0022378564	0
269.51563	-0.80648732	-399.36197	-0.0093410909	-0.0022026896	0
270.01563	-0.8085556	-402.17972	-0.0094375014	-0.0023001432	0
270.51563	-0.81077367	-404.52075	-0.0095467269	-0.0022983551	0
271.01563	-0.81166476	-409.43347	-0.0095935166	-0.0023514032	0
271.51563	-0.81335455	-411.60229	-0.0096969306	-0.0023794174	0
272.01563	-0.81500113	-419.49673	-0.0098468363	-0.0024238229	0
272.51563	-0.81701726	-419.85382	-0.010016412	-0.0023445487	0
273.01563	-0.81783903	-423.35449	-0.010061115	-0.0024086237	0
273.51563	-0.82030147	-428.28406	-0.010297298	-0.0024732947	0
274.01563	-0.82019937	-431.60367	-0.010352135	-0.0024703145	0
274.51563	-0.82204413	-433.90665	-0.010403842	-0.0024813414	0
275.01563	-0.82415491	-436.94461	-0.010516644	-0.0023832917	0
275.51563	-0.82439035	-442.61905	-0.010585189	-0.0024476647	1
276.01563	-0.8277483	-448.52618	-0.010659099	-0.0025948882	0
276.51563	-0.82836974	-448.89511	-0.010839552	-0.0025808811	0
277.01563	-0.82861853	-453.9451	-0.01083374	-0.0025999546	0
277.51563	-0.83041859	-456.32257	-0.010998994	-0.0026029348	0
278.01563	-0.83307177	-459.771	-0.011088401	-0.0026112795	0
278.51563	-0.83331835	-464.98975	-0.01118958	-0.0026121736	0
279.01563	-0.83596557	-469.84793	-0.011345446	-0.0026336312	0
279.51563	-0.83725601	-470.28503	-0.011511296	-0.0027009845	0
280.01563	-0.83848608	-472.46359	-0.011614263	-0.0026971102	0
280.51563	-0.83948147	-479.79263	-0.01170218	-0.0026941299	0
281.01563	-0.84100366	-483.56296	-0.011896938	-0.0026372075	0
281.51563	-0.84206235	-481.91125	-0.011995137	-0.0028020144	0
282.01563	-0.84480572	-489.07553	-0.012048334	-0.0027620792	0
282.51563	-0.84663928	-489.88934	-0.012188703	-0.0028219819	0
283.01563	-0.84800351	-500.1055	-0.012374222	-0.0027683377	0
283.51563	-0.84933567	-501.65469	-0.012491643	-0.0027614832	0
284.01563	-0.85026175	-504.54968	-0.012588501	-0.0028920174	0
284.51563	-0.8518852	-508.88455	-0.012673885	-0.0028571486	0
285.01563	-0.85370243	-512.18744	-0.012784153	-0.0028690696	0
285.51563	-0.85391402	-517.63446	-0.012910813	-0.0029683113	0
286.01563	-0.85662752	-521.25446	-0.013094395	-0.0030300021	1
286.51563	-0.85758197	-526.86639	-0.013186336	-0.002899766	0
287.01563	-0.85923898	-529.48413	-0.013199002	-0.0029721856	0
287.51563	-0.86088628	-534.43811	-0.013410449	-0.0030702353	0
288.01563	-0.86246133	-539.05817	-0.013453215	-0.0031495094	0
288.51563	-0.86462569	-542.52948	-0.013604313	-0.0031325221	0
289.01563	-0.86652488	-552.04608	-0.013764352	-0.0031626225	0
289.51563	-0.86660612	-557.22729	-0.013846904	-0.003221035	0
290.01563	-0.86786675	-558.39026	-0.013976395	-0.0032812357	0
290.51563	-0.86960268	-561.80511	-0.014074594	-0.0031667948	0
291.01563	-0.87279677	-568.68756	-0.014222562	-0.0032559037	0
291.51563	-0.87415427	-571.80719	-0.014285594	-0.0033193827	0
292.01563	-0.87566078	-576.93433	-0.014359653	-0.0033777952	0
292.51563	-0.87568092	-579.82922	-0.014550239	-0.0032946467	0
293.01563	-0.87742805	-584.30463	-0.014736652	-0.0033658743	0
293.51563	-0.88012588	-592.37109	-0.014883876	-0.0033330917	0
294.01563	-0.87959766	-593.71619	-0.014941841	-0.0034180284	0
294.51563	-0.8815192	-600.67133	-0.015038103	-0.0035187602	0
295.01563	-0.88327003	-603.67657	-0.015252829	-0.0035631657	0
295.51563	-0.88497996	-605.02533	-0.015309602	-0.0034874678	0
296.01563	-0.88769126	-609.25684	-0.015500188	-0.0035002828	0
296.51563	-0.88910389	-619.92926	-0.015622675	-0.0035914779	1
297.01563	-0.88968873	-621.86871	-0.015853792	-0.0036308169	1
297.51563	-0.89119899	-622.14862	-0.015961528	-0.0036534667	0
298.01563	-0.89181364	-631.56012	-0.016061515	-0.0035858154	0
298.51563	-0.89429766	-636.02478	-0.016186684	-0.003605485	0
299.01563	-0.89551657	-638.48633	-0.016307086	-0.0038576126	0
299.51563	-0.89794844	-642.95264	-0.016448796	-0.0037097931	0
300.01563	-0.89743364	-646.06256	-0.016541183	-0.0038528442	0
300.51563	-0.90049875	-653.48615	-0.016635358	-0.0038012862	0
301.01563	-0.90062249	-657.76477	-0.016803592	-0.003837347	0
301.51563	-0.903561	-662.15625	-0.016873032	-0.0038555264	0
302.01563	-0.90455639	-666.66724	-0.017067492	-0.0039434433	0
302.51563	-0.90592277	-672.77905	-0.01720354	-0.0040617585	0
303.01563	-0.90845376	-675.89185	-0.017331243	-0.004093647	0
303.51563	-0.9091295	-683.54639	-0.017552227	-0.0039383769	0
304.01563	-0.91012269	-691.79755	-0.017657131	-0.0039806962	0
304.51563	-0.91271698	-696.20306	-0.017790496	-0.0040352345	0
305.01563	-0.91324377	-697.4201	-0.01782611	-0.004042685	0
305.51563	-0.91464889	-704.31042	-0.018042177	-0.0042009354	0
306.01563	-0.91677308	-705.90076	-0.018124729	-0.0041931868	0
306.51563	-0.91829228	-716.0722	-0.018308014	-0.0042468309	0
307.01563	-0.91873336	-719.14929	-0.018479824	-0.0043705106	0
307.51563	-0.92193186	-722.74213	-0.018623173	-0.0043398142	1
308.01563	-0.92446655	-732.32227	-0.018783063	-0.0043880939	0
308.51563	-0.92416477	-731.35992	-0.019012839	-0.0045126677	0
309.01563	-0.92544627	-737.61847	-0.019128025	-0.0044637918	0
309.51563	-0.92863142	-743.52673	-0.019346476	-0.0045382977	0
310.01563	-0.92809725	-749.24878	-0.019440353	-0.0045111775	0
310.51563	-0.9305172	-756.27686	-0.019600391	-0.0045326352	0
311.01563	-0.93199241	-759.6792	-0.019774735	-0.0046396255	0
311.51563	-0.93267262	-770.90363	-0.019968152	-0.0046521425	0
312.01563	-0.93461347	-770.51257	-0.020199269	-0.0046685338	0
312.51563	-0.93687999	-776.46619	-0.020326972	-0.0047326088	0
313.01563	-0.9377532	-780.59143	-0.020396411	-0.0047302246	0
313.51563	-0.93827617	-786.80676	-0.020579249	-0.0048020482	0
314.01563	-0.94146359	-791.63757	-0.020668805	-0.004812181	0
314.51563	-0.94241798	-798.74829	-0.020925701	-0.004837513	0
315.01563	-0.94453919	-805.10028	-0.021051615	-0.0049111247	0
315.51563	-0.94451976	-811.09021	-0.021250844	-0.0048828125	0
316.01563	-0.94552267	-812.72723	-0.021280348	-0.0049480796	0
316.51563	-0.94876063	-821.79987	-0.021501333	-0.0050410628	0
317.01563	-0.95040202	-825.29834	-0.021587908	-0.0051110983	0
317.51563	-0.9509936	-825.10028	-0.022028536	-0.0052428246	0
318.01563	-0.95242113	-827.04016	-0.022150725	-0.0051599741	1
318.51563	-0.95472634	-837.14972	-0.022344589	-0.0054001808	0
319.01563	-0.95719546	-837.73199	-0.022766888	-0.0055995584	0
319.51563	-0.95686388	-844.79694	-0.022996515	-0.0056609511	0
320.01563	-0.95907152	-849.21552	-0.023356825	-0.0059911609	0
320.51563	-0.95949918	-853.98236	-0.02353847	-0.0061613321	0
321.01563	-0.96129107	-860.31268	-0.023721009	-0.0062584877	0
321.51563	-0.9635821	-866.36426	-0.023959428	-0.0064268708	0
322.01563	-0.96479881	-872.42688	-0.024161488	-0.0063830614	0
322.51563	-0.96693784	-879.74463	-0.024264753	-0.0064027309	0
323.01563	-0.96754879	-880.11633	-0.024417341	-0.0065648556	0
323.51563	-0.96827	-892.23926	-0.024639219	-0.0065839291	0
324.01563	-0.97042322	-895.97693	-0.024762005	-0.0067317486	0
324.51563	-0.97141415	-901.51062	-0.024952292	-0.0067466497	0
325.01563	-0.97383189	-908.29913	-0.025106668	-0.0067415833	0
325.51563	-0.97522587	-916.55853	-0.02531603	-0.0069561601	0
326.01563	-0.97685385	-919.51007	-0.025415719	-0.0069707632	0
326.51563	-0.97806382	-922.71429	-0.025611818	-0.0070214272	0
327.01563	-0.98005164	-931.19513	-0.025795251	-0.0070059299	0
327.51563	-0.98053586	-937.36383	-0.025986135	-0.0070801377	0
328.01563	-0.98354888	-942.76312	-0.026119202	-0.0073105097	0
328.51563	-0.98415166	-946.51746	-0.026368052	-0.0072941184	1
329.01563	-0.98481703	-952.56384	-0.026469976	-0.0073626637	0
329.51563	-0.98818469	-964.39386	-0.026829243	-0.0074890256	0
330.01563	-0.98745674	-967.90973	-0.02699241	-0.0075367093	0
330.51563	-0.99096227	-971.31219	-0.027126968	-0.0076699257	0
331.01563	-0.99114031	-975.47034	-0.027309358	-0.0078204274	0
331.51563	-0.99321455	-984.64539	-0.027564615	-0.0078627467	0
332.01563	-0.9953782	-988.16821	-0.02789557	-0.007917881	0
332.51563	-0.99615979	-994.21606	-0.028034449	-0.0081181526	0
333.01563	-0.9985559	-997.75354	-0.02810061	-0.0080522895	0
333.51563	-0.99880767	-1000.3147	-0.02818808	-0.0081047416	0
334.01563	-1.0002531	-1008.3194	-0.028463453	-0.0080612302	0
334.51563	-1.0026641	-1020.0921	-0.028727353	-0.0083348155	0
335.01563	-1.0050311	-1033.6259	-0.029007792	-0.0084358454	0
335.51563	-1.0070987	-1045.4128	-0.029297471	-0.0085273385	0
336.01563	-1.0091901	-1060.7699	-0.029809773	-0.0086203218	0
336.51563	-1.013232	-1077.0828	-0.030325353	-0.0089517236	0
337.01563	-1.0186642	-1097.6903	-0.031035393	-0.0092306733	0
337.51563	-1.0232553	-1123.4662	-0.031792074	-0.0094038248	0
338.01563	-1.0305457	-1161.8789	-0.032801479	-0.0097677112	0
338.51563	-1.0424323	-1208.6438	-0.034275949	-0.010487437	0
339.01563	-1.0569781	-1281.2975	-0.036697984	-0.011868477	1
339.51563	-1.0734528	-1329.8672	-0.040136278	-0.014544129	0
340.01563	-1.0823913	-1350.5121	-0.043103844	-0.017173886	0
340.51563	-1.0896966	-1365.3464	-0.045656115	-0.019437969	0
341.01563	-1.0932691	-1298.8855	-0.048829466	-0.025434792	0
341.51563	-1.082366	-1152.9272	-0.0485906	-0.026823282	0
342.01563	-1.064571	-983.45514	-0.045013726	-0.025461018	0
342.51563	-1.0501825	-863.46936	-0.04234761	-0.024267435	0
343.01563	-1.0395422	-780.58905	-0.04029125	-0.023425817	0
343.51563	-1.029484	-719.85883	-0.038754195	-0.022827685	0
344.01563	-1.0245674	-676.5907	-0.037649423	-0.022228062	0
344.51563	-1.0212295	-648.99164	-0.036899	-0.021936595	0
345.01563	-1.0184832	-631.62341	-0.036384314	-0.021650493	0
345.51563	-1.0156065	-616.82251	-0.035996288	-0.021478534	0
346.01563	-1.0155238	-613.97223	-0.035869479	-0.02145648	0
346.51563	-1.0166452	-615.83636	-0.035849214	-0.021409988	0
347.01563	-1.0150306	-620.73145	-0.035849661	-0.021398365	0
347.51563	-1.0145866	-619.61823	-0.035827011	-0.021485984	0
348.01563	-1.0173626	-622.75476	-0.035852641	-0.021518767	0
348.51563	-1.0150783	-626.32806	-0.03584981	-0.021612644	0
349.01563	-1.0198965	-655.38312	-0.036013424	-0.02158463	0
349.51563	-1.0253161	-706.03229	-0.037330687	-0.022046566	1
350.01563	-1.0313176	-756.82892	-0.038929582	-0.022362173	1
350.51563	-1.0378987	-818.36713	-0.040685833	-0.0230667	0
351.01563	-1.0446489	-879.80908	-0.042667538	-0.0236696	0
351.51563	-1.0525219	-932.49048	-0.044273585	-0.024311244	0
352.01563	-1.0591894	-992.15125	-0.045935214	-0.024949014	0
352.51563	-1.0648503	-1037.472	-0.04729718	-0.025506318	0
353.01563	-1.0708995	-1087.3213	-0.048664808	-0.026210546	0
353.51563	-1.0764167	-1131.4836	-0.049978048	-0.02700001	0
354.01563	-1.0809197	-1165.6384	-0.051287562	-0.027725697	0
354.51563	-1.0849044	-1195.0416	-0.052739829	-0.028914213	0
355.01563	-1.0886006	-1207.104	-0.054197907	-0.030374825	0
355.51563	-1.0916636	-1195.265	-0.055834502	-0.03264159	0
356.01563	-1.0905303	-1169.3944	-0.056994706	-0.034573078	0
356.51563	-1.0908067	-1125.019	-0.058225989	-0.037807226	0
357.01563	-1.0829077	-994.987	-0.059238225	-0.040508509	0
357.51563	-1.0673337	-852.68469	-0.057498068	-0.039325058	0
358.01563	-1.0546691	-754.04266	-0.055108219	-0.03824681	0
358.51563	-1.0442927	-689.97211	-0.053272694	-0.03728807	0
359.01563	-1.0396756	-647.00372	-0.051931441	-0.03654778	0
359.51563	-1.0354102	-624.61816	-0.051165223	-0.035978854	0
360.01563	-1.032769	-606.15851	-0.05069688	-0.035757422	0
360.51563	-1.0313199	-598.77686	-0.050310194	-0.035564303	1
361.01563	-1.0314852	-597.17371	-0.050225258	-0.035594404	0
361.51563	-1.0317236	-599.37134	-0.050190687	-0.035530031	0
362.01563	-1.031854	-599.47034	-0.050156116	-0.035479367	0
362.51563	-1.031594	-608.81427	-0.05024597	-0.035516024	0
363.01563	-1.0353096	-632.5799	-0.050313324	-0.035723746	0
363.51563	-1.0387384	-665.0105	-0.051092654	-0.036138594	0
364.01563	-1.0429449	-702.97198	-0.052331388	-0.036675632	0
364.51563	-1.0488361	-747.5163	-0.053838491	-0.0372082	0
365.01563	-1.0539867	-794.62	-0.055540502	-0.037951171	0
365.51563	-1.0592908	-837.7193	-0.057028085	-0.038691461	0
366.01563	-1.0652006	-872.70276	-0.058425218	-0.039234757	0
366.51563	-1.0694884	-909.71625	-0.059837103	-0.040062964	0
367.01563	-1.0722421	-935.59375	-0.06094873	-0.041052103	0
367.51563	-1.0759459	-954.94073	-0.062121451	-0.042034388	0
368.01563	-1.0798559	-965.46478	-0.063020438	-0.043334663	0
368.51563	-1.0794089	-957.48523	-0.063424259	-0.045214891	0
369.01563	-1.0799296	-931.72693	-0.064270794	-0.047428608	0
369.51563	-1.0789587	-823.22345	-0.071120411	-0.055422783	0
370.01563	-1.0491245	-567.58344	-0.068131834	-0.054207146	0
370.51563	-1.028847	-404.53912	-0.062114596	-0.050472915	0
371.01563	-1.0174527	-332.73712	-0.05872637	-0.048252344	1
371.51563	-1.0131143	-289.90701	-0.056553632	-0.046826601	0
372.01563	-1.0119319	-281.40091	-0.055944622	-0.046053231	0
372.51563	-1.0121405	-288.00201	-0.055882186	-0.046037138	0
373.01563	-1.0130889	-299.36078	-0.055990964	-0.046150386	0
373.51563	-1.0152221	-315.33105	-0.056103915	-0.046245456	0
374.01563	-1.0195925	-348.70401	-0.057023317	-0.046773255	0
374.51563	-1.0233201	-395.80804	-0.058676749	-0.047556758	0
375.01563	-1.0292962	-431.08267	-0.06026417	-0.048417151	0
375.51563	-1.0328696	-469.25311	-0.061834753	-0.04935056	0
376.01563	-1.0386609	-500.10114	-0.063126534	-0.050152838	0
376.51563	-1.040756	-522.61267	-0.064247847	-0.050842762	0
377.01563	-1.044628	-547.85132	-0.065413415	-0.051659942	0
377.51563	-1.0451839	-565.41742	-0.066120923	-0.052176118	0
378.01563	-1.047998	-582.27899	-0.066779107	-0.052684247	0
378.51563	-1.0488257	-593.81952	-0.067462027	-0.053025484	0
379.01563	-1.0523707	-607.25275	-0.068103969	-0.053673983	0
379.51563	-1.0539793	-622.7771	-0.068733096	-0.054113269	0
380.01563	-1.0570242	-632.76196	-0.069239736	-0.054549873	0
380.51563	-1.0578983	-645.61029	-0.06991744	-0.055133402	0
381.01563	-1.059968	-658.07391	-0.070538223	-0.055759549	0
381.51563	-1.0616399	-662.82507	-0.071131736	-0.05636394	1
382.01563	-1.0626614	-672.4444	-0.071574599	-0.057007074	0
382.51563	-1.0655128	-675.82953	-0.072053522	-0.057671666	0
383.01563	-1.0659866	-685.46246	-0.072538853	-0.05835861	0
383.51563	-1.0675981	-684.25928	-0.073016137	-0.059143305	0
384.01563	-1.0695494	-682.62579	-0.073387176	-0.059787333	0
384.51563	-1.0691001	-677.90002	-0.074026883	-0.060358346	0
385.01563	-1.0691001	-675.69318	-0.074508041	-0.061118901	0
385.51563	-1.0684192	-671.25537	-0.074966848	-0.061829984	0
386.01563	-1.0682143	-659.64496	-0.075716227	-0.062685013	0
386.51563	-1.0684915	-658.07483	-0.076317489	-0.063194633	0
387.01563	-1.0693669	-651.11188	-0.076869279	-0.063998699	0
387.51563	-1.0690629	-643.35883	-0.077326447	-0.064635277	0
388.01563	-1.0697291	-633.82861	-0.077787489	-0.065250397	0
388.51563	-1.068554	-627.73749	-0.078265518	-0.065912902	0
389.01563	-1.0690086	-621.61035	-0.078594387	-0.066412687	0
389.51563	-1.0695964	-614.64142	-0.07895872	-0.06678313	0
390.01563	-1.0691278	-612.45044	-0.079246908	-0.067155957	0
390.51563	-1.0679483	-605.90485	-0.079468489	-0.06773591	0
391.01563	-1.067806	-599.17554	-0.079713017	-0.068023801	0
391.51563	-1.0688298	-594.03467	-0.079803169	-0.06823957	0
392.01563	-1.0683119	-585.02289	-0.079892576	-0.068373978	1
392.51563	-1.0658718	-580.46509	-0.079851896	-0.068511367	1
393.01563	-1.0672957	-579.57068	-0.079996586	-0.068642795	0
393.51563	-1.0673776	-574.67749	-0.08003056	-0.068814158	0
394.01563	-1.0663047	-574.74487	-0.080076307	-0.068970323	0
394.51563	-1.0675877	-575.7218	-0.080189556	-0.069217086	0
395.01563	-1.0665029	-573.76031	-0.080344826	-0.069411993	0
395.51563	-1.0667168	-574.39197	-0.080491453	-0.069410205	0
396.01563	-1.0670811	-570.26801	-0.080621392	-0.069690645	0
396.51563	-1.0668039	-569.63513	-0.080741346	-0.069797337	0
397.01563	-1.0663099	-568.31384	-0.08096233	-0.069947839	0
397.51563	-1.0661662	-568.74994	-0.081223249	-0.070289075	0
398.01563	-1.0683968	-574.57507	-0.081537664	-0.070613027	0
398.51563	-1.0687418	-575.02686	-0.08204639	-0.071063042	0
399.01563	-1.0686212	-579.81921	-0.082891285	-0.072007775	0
399.51563	-1.0716624	-583.54193	-0.084394664	-0.073522627	0
400.01563	-1.0730267	-577.33887	-0.086365491	-0.07561177	0
400.51563	-1.0738358	-553.35712	-0.087911636	-0.077332556	0
401.01563	-1.0740988	-538.09967	-0.088898987	-0.078723729	0
401.51563	-1.0742955	-525.32477	-0.08948341	-0.079657435	0
402.01563	-1.0740101	-516.84552	-0.089955628	-0.08027941	0
402.51563	-1.0744356	-504.06052	-0.09025678	-0.080650449	0
403.01563	-1.0726631	-496.29651	-0.090328753	-0.080916882	1
403.51563	-1.0722742	-488.21411	-0.090319216	-0.080983937	0
404.01563	-1.0722651	-486.77887	-0.090309978	-0.081096292	0
404.51563	-1.0718234	-482.23422	-0.090321302	-0.081115961	0
405.01563	-1.071731	-478.4165	-0.09038642	-0.081218481	0
405.51563	-1.0720797	-478.06186	-0.090364218	-0.081395507	0
406.01563	-1.0702707	-475.60666	-0.09040609	-0.081401765	0
406.51563	-1.0719254	-476.55692	-0.09050563	-0.08156538	0
407.01563	-1.0713071	-476.5181	-0.090507865	-0.081648231	0
407.51563	-1.0724478	-474.09796	-0.090567619	-0.081935227	0
408.01563	-1.0716155	-472.24277	-0.090711564	-0.081913769	0
408.51563	-1.0717168	-471.73318	-0.0907965	-0.082118511	0
409.01563	-1.0722346	-474.0094	-0.090991557	-0.08231014	0
409.51563	-1.0745301	-473.19858	-0.091082752	-0.082564652	0
410.01563	-1.0707647	-474.82419	-0.091270208	-0.082758963	0
410.51563	-1.073946	-479.07294	-0.091721267	-0.083302855	0
411.01563	-1.074741	-480.4415	-0.092392415	-0.083891451	0
411.51563	-1.0744646	-486.1344	-0.093407035	-0.084909797	0
412.01563	-1.0776029	-487.09991	-0.094613731	-0.086113513	0
412.51563	-1.0775067	-482.51086	-0.096005648	-0.087485313	0
413.01563	-1.0781155	-474.72675	-0.097049326	-0.088797808	0
413.51563	-1.0789945	-459.45587	-0.098124444	-0.090026557	1
414.01563	-1.0778837	-449.08273	-0.098777562	-0.090863705	0
414.51563	-1.079391	-440.73627	-0.099293143	-0.091469884	0
415.01563	-1.0779634	-432.50629	-0.099691451	-0.092146397	0
415.51563	-1.0797157	-427.43948	-0.10009512	-0.092693865	0
416.01563	-1.0773838	-420.82245	-0.10038063	-0.093030035	0
416.51563	-1.077988	-419.34268	-0.10063097	-0.093429983	0
417.01563	-1.077903	-412.62885	-0.10091677	-0.093760192	0
417.51563	-1.07864	-410.96652	-0.10107085	-0.094070733	0
418.01563	-1.0789468	-407.18399	-0.101206	-0.094400942	0
418.51563	-1.0787584	-404.02377	-0.10134161	-0.09459883	0
419.01563	-1.0778084	-401.228	-0.10155693	-0.094892681	0
419.51563	-1.0779634	-396.58286	-0.101666	-0.095200241	0
420.01563	-1.0781415	-394.77884	-0.10178998	-0.095520616	0
420.51563	-1.0790043	-393.70078	-0.10203838	-0.095709562	0
421.01563	-1.0783122	-391.57928	-0.10214493	-0.09588182	0
421.51563	-1.0779254	-393.79562	-0.10229424	-0.096117854	0
422.01563	-1.0790243	-389.29541	-0.1025255	-0.096427798	0
422.51563	-1.0782182	-390.21713	-0.10264546	-0.096512735	0
423.01563	-1.0789149	-389.27032	-0.10286421	-0.096867979	0
423.51563	-1.0784082	-387.46896	-0.10307252	-0.096979737	0
424.01563	-1.0803447	-392.74774	-0.10357663	-0.097606778	1
424.51563	-1.0803566	-387.4451	-0.10415733	-0.098265111	0
425.01563	-1.080624	-392.37933	-0.10499373	-0.099015832	0
425.51563	-1.0825962	-387.37201	-0.10598809	-0.10005206	0
426.01563	-1.0829426	-384.79025	-0.10674417	-0.10103911	0
426.51563	-1.0831728	-379.2468	-0.10758325	-0.10203481	0
427.01563	-1.0837839	-373.29721	-0.10819942	-0.10274053	0
427.51563	-1.0843374	-365.99316	-0.10859564	-0.10332495	0
428.01563	-1.0835558	-363.42542	-0.10890067	-0.10377318	0
428.51563	-1.0836922	-359.3183	-0.10925397	-0.1042226	0
429.01563	-1.0833547	-352.76706	-0.10957405	-0.10458171	0
429.51563	-1.0824084	-352.18091	-0.10980055	-0.10487229	0
430.01563	-1.084362	-347.5929	-0.11005238	-0.10529995	0
430.51563	-1.0832257	-347.20728	-0.11041448	-0.10582268	0
431.01563	-1.084993	-350.70316	-0.11078417	-0.10616839	0
431.51563	-1.0842718	-342.93307	-0.1112543	-0.10674417	0
432.01563	-1.086659	-344.57712	-0.11179522	-0.1072982	0
432.51563	-1.0844231	-340.18909	-0.11233985	-0.1080057	0
433.01563	-1.0861092	-335.3273	-0.11278912	-0.10861009	0
433.51563	-1.0842576	-335.62274	-0.11313841	-0.10894388	0
434.01563	-1.0864601	-328.38058	-0.11352867	-0.10944575	0
434.51563	-1.0872222	-331.77167	-0.11389613	-0.10985285	1
435.01563	-1.0870769	-328.82339	-0.11421889	-0.11036307	0
435.51563	-1.0876447	-326.50574	-0.11466339	-0.11085629	0
436.01563	-1.0874205	-325.38309	-0.11509553	-0.11131853	0
436.51563	-1.0875947	-321.15063	-0.11561781	-0.11186182	0
437.01563	-1.0890133	-320.20963	-0.11599407	-0.11244833	0
437.51563	-1.0883689	-318.1326	-0.11645004	-0.11288047	0
438.01563	-1.0888472	-317.8002	-0.11691287	-0.11344194	0
438.51563	-1.089479	-313.05588	-0.1173076	-0.11391819	0
439.01563	-1.0895417	-310.8689	-0.11774361	-0.11447191	0
439.51563	-1.0897055	-313.62216	-0.11819541	-0.11484653	0
440.01563	-1.0899931	-306.63303	-0.11857763	-0.11547327	0
440.51563	-1.0895677	-309.42297	-0.11902854	-0.11592954	0
441.01563	-1.0915213	-303.48264	-0.11934862	-0.11647522	0
441.51563	-1.0913574	-301.11789	-0.11975244	-0.11694103	0
442.01563	-1.092212	-299.888	-0.1201728	-0.11735171	0
442.51563	-1.0920547	-296.69101	-0.12054026	-0.11791736	0
443.01563	-1.0917976	-297.29123	-0.12092367	-0.11830717	0
443.51563	-1.0916226	-297.33929	-0.12140378	-0.11895359	0
444.01563	-1.0925896	-293.71909	-0.12196213	-0.11945456	0
444.51563	-1.092276	-290.02823	-0.12237594	-0.11992306	0
445.01563	-1.0924504	-289.76202	-0.12275219	-0.12046218	1
445.51563	-1.0928892	-286.77115	-0.12320638	-0.12089074	1
446.01563	-1.0940061	-285.92865	-0.12360647	-0.1213488	0
446.51563	-1.0927513	-284.24078	-0.1239866	-0.12197614	0
447.01563	-1.0952599	-280.24249	-0.12443602	-0.12245357	0
447.51563	-1.0950997	-278.29993	-0.12478501	-0.12282431	0
448.01563	-1.0947264	-278.04468	-0.12517795	-0.1233381	0
448.51563	-1.0952129	-274.49307	-0.12563825	-0.12388259	0
449.01563	-1.0967761	-272.96515	-0.12601316	-0.12432963	0
449.51563	-1.0969765	-275.15555	-0.12646601	-0.12473255	0
450.01563	-1.0969363	-270.22162	-0.12684643	-0.12539983	0
450.51563	-1.096303	-268.32523	-0.12714744	-0.12585193	0
451.01563	-1.0957979	-266.12671	-0.1275982	-0.12623817	0
451.51563	-1.0969706	-266.27963	-0.12804344	-0.12692511	0
452.01563	-1.0982223	-264.60434	-0.12848869	-0.12747943	0
452.51563	-1.0987229	-261.88174	-0.12885019	-0.12789369	0
453.01563	-1.0979459	-260.45456	-0.1292856	-0.12830794	0
453.51563	-1.0991082	-257.19479	-0.1296556	-0.12889415	0
454.01563	-1.0979369	-258.80365	-0.13004571	-0.12928903	0
454.51563	-1.1000782	-257.82425	-0.13044491	-0.12979895	0
455.01563	-1.0992385	-255.80019	-0.1308842	-0.13035506	0
455.51563	-1.1001319	-250.11153	-0.13133317	-0.1308623	0
456.01563	-1.1002614	-254.21301	-0.13184458	-0.13121575	1
456.51563	-1.1020929	-248.14478	-0.13224646	-0.13185471	0
457.01563	-1.1006318	-250.04092	-0.13269588	-0.1323995	0
457.51563	-1.1020169	-249.8036	-0.13310507	-0.13276726	0
458.01563	-1.1018171	-245.59526	-0.13354897	-0.13345242	0
458.51563	-1.103545	-245.44928	-0.1339969	-0.13394505	0
459.01563	-1.1028514	-240.90933	-0.13438508	-0.13420612	0
459.51563	-1.1040353	-242.43752	-0.13475791	-0.13487786	0
460.01563	-1.1030979	-240.59427	-0.13516381	-0.13536602	0
460.51563	-1.1042402	-238.10898	-0.13572857	-0.13590008	0
461.01563	-1.104857	-235.25705	-0.13607875	-0.13639271	0
461.51563	-1.1036947	-236.85196	-0.13643637	-0.13681263	0
462.01563	-1.1051886	-233.84578	-0.13698831	-0.13738573	0
462.51563	-1.1050135	-233.77187	-0.13738751	-0.13781309	0
463.01563	-1.1057913	-231.63002	-0.13779923	-0.13842016	0
463.51563	-1.1054009	-229.01241	-0.13821632	-0.13886958	0
464.01563	-1.1068135	-228.31056	-0.13858661	-0.13933778	0
464.51563	-1.1067078	-227.43018	-0.13899088	-0.13997316	0
465.01563	-1.1072941	-223.30577	-0.13947427	-0.14041901	0
465.51563	-1.1063851	-225.62808	-0.13983637	-0.14070868	0
466.01563	-1.106903	-222.82419	-0.14025226	-0.14144391	0
466.51563	-1.1085175	-223.28854	-0.14077947	-0.14195055	1
467.01563	-1.1091225	-218.26872	-0.14108434	-0.14233589	0
467.51563	-1.1080168	-215.38956	-0.14151335	-0.14292598	0
468.01563	-1.1085116	-218.91261	-0.14184579	-0.14328331	0
468.51563	-1.1086829	-213.03259	-0.14224738	-0.14387578	0
469.01563	-1.1089578	-215.18806	-0.14270112	-0.1443845	0
469.51563	-1.1095762	-211.50601	-0.14318645	-0.14475286	0
470.01563	-1.109454	-210.90947	-0.14352575	-0.14537632	0
470.51563	-1.1109926	-211.17624	-0.14407337	-0.14583141	0
471.01563	-1.1114969	-207.38049	-0.14451787	-0.14633983	0
471.51563	-1.1110425	-208.98183	-0.14486074	-0.1469925	0
472.01563	-1.111833	-208.6694	-0.14528528	-0.14728218	0
472.51563	-1.1125684	-205.37901	-0.14565453	-0.14774412	0
473.01563	-1.1131942	-206.38167	-0.14606327	-0.148274	0
473.51563	-1.1138939	-203.69035	-0.1465489	-0.14887244	0
474.01563	-1.1140429	-201.19806	-0.14701366	-0.14930516	0
474.51563	-1.1144869	-202.07527	-0.14740422	-0.14984906	0
475.01563	-1.1138178	-198.46939	-0.14784276	-0.15036106	0
475.51563	-1.1141584	-196.7151	-0.14815494	-0.15066653	0
476.01563	-1.1151321	-199.90208	-0.14865369	-0.15122145	0
476.51563	-1.115571	-197.18942	-0.14910191	-0.15177608	0
477.01563	-1.1158705	-199.51283	-0.14982656	-0.15235484	1
477.51563	-1.1168324	-193.30389	-0.15008062	-0.15294313	0
478.01563	-1.1172183	-191.97169	-0.15043348	-0.15335232	0
478.51563	-1.1188179	-192.43044	-0.15086517	-0.15382469	0
479.01563	-1.1171334	-187.6104	-0.15115574	-0.15424222	0
479.51563	-1.1184417	-189.37025	-0.15163124	-0.15473545	0
480.01563	-1.1198118	-177.54544	-0.15188277	-0.15475005	0
480.51563	-1.1210955	-183.82803	-0.15219271	-0.15551925	0
481.01563	-1.1212602	-186.26697	-0.15306234	-0.15621543	0
481.51563	-1.1216604	-180.40198	-0.15356213	-0.15702277	0
482.01563	-1.1221707	-181.02364	-0.15396848	-0.15747637	0
482.51563	-1.123324	-178.48109	-0.15440106	-0.15794903	0
483.01563	-1.1231356	-175.49292	-0.154787	-0.15843421	0
483.51563	-1.1234492	-177.92973	-0.15511885	-0.15883952	0
484.01563	-1.1232935	-174.66461	-0.15552208	-0.15938759	0
484.51563	-1.1242754	-172.22978	-0.15602157	-0.15980363	0
485.01563	-1.1235528	-171.81967	-0.15630931	-0.16036719	0
485.51563	-1.1242979	-166.20908	-0.15681922	-0.16088307	0
486.01563	-1.125244	-168.04008	-0.1572004	-0.16123384	0
486.51563	-1.125405	-165.48747	-0.15761048	-0.16190767	0
487.01563	-1.1262715	-165.38098	-0.15804857	-0.16234964	0
487.51563	-1.1261523	-165.73085	-0.15841618	-0.16284466	1
488.01563	-1.1259176	-161.87761	-0.15879497	-0.1633507	1
488.51563	-1.1266716	-163.18144	-0.15907913	-0.16380787	0
489.01563	-1.1273183	-162.44891	-0.15944257	-0.16429454	0
489.51563	-1.1279911	-161.16077	-0.15990153	-0.16475797	0
490.01563	-1.1270649	-160.3282	-0.16036674	-0.16510218	0
490.51563	-1.1280284	-158.28558	-0.16079202	-0.16587734	0
491.01563	-1.1287391	-157.40109	-0.16134679	-0.16636431	0
491.51563	-1.1298977	-156.70474	-0.16169101	-0.16687453	0
492.01563	-1.1293799	-155.61603	-0.16210586	-0.16730517	0
492.51563	-1.1299044	-154.84932	-0.16242161	-0.16770959	0
493.01563	-1.1304401	-151.81551	-0.16283631	-0.16832143	0
493.51563	-1.1305623	-153.66644	-0.16335711	-0.16874701	0
494.01563	-1.131881	-151.39944	-0.16378298	-0.16929209	0
494.51563	-1.132521	-150.15717	-0.16413197	-0.16989321	0
495.01563	-1.1316396	-150.64421	-0.16456619	-0.1701957	0
495.51563	-1.1321261	-147.57315	-0.16492918	-0.17073244	0
496.01563	-1.1331015	-148.34679	-0.16543508	-0.17116129	0
496.51563	-1.1342145	-144.69992	-0.16588956	-0.1720047	0
497.01563	-1.1342301	-144.77477	-0.16618565	-0.17226189	0
497.51563	-1.1341661	-144.55753	-0.16657218	-0.17270029	0
498.01563	-1.1352218	-143.87869	-0.16699016	-0.17322928	0
498.51563	-1.1357933	-145.9584	-0.16747549	-0.17374486	1
499.01563	-1.1363275	-141.29707	-0.16795143	-0.17433345	0
499.51563	-1.1357009	-140.64102	-0.168387	-0.17483652	0
500.01563	-1.1373684	-137.4821	-0.16872302	-0.17521352	0
500.51563	-1.1376292	-138.53609	-0.16907752	-0.17582446	0
501.01563	-1.1372358	-136.42239	-0.16963959	-0.17625481	0
501.51563	-1.1373744	-137.4738	-0.17003253	-0.17682821	0
502.01563	-1.1382319	-137.53232	-0.17039672	-0.17719388	0
502.51563	-1.1391401	-135.41695	-0.17084688	-0.17782927	0
503.01563	-1.1385493	-135.13074	-0.17129272	-0.17837554	0
503.51563	-1.1401548	-133.76929	-0.17163768	-0.17881602	0
504.01563	-1.1402838	-132.60936	-0.17208904	-0.17929018	0
504.51563	-1.139877	-132.63347	-0.17251626	-0.1797381	0
505.01563	-1.1403792	-130.9933	-0.17287716	-0.18042117	0
505.51563	-1.1412635	-131.87996	-0.17320439	-0.18084139	0
506.01563	-1.1399209	-127.55917	-0.17366767	-0.18126935	0
506.51563	-1.1406496	-128.14444	-0.17405674	-0.18175721	0
507.01563	-1.1426315	-125.4925	-0.17455608	-0.18231034	0
507.51563	-1.1432439	-125.13423	-0.17492801	-0.18282354	0
508.01563	-1.1442416	-124.70804	-0.17532855	-0.1832515	0
508.51563	-1.1430264	-122.61137	-0.17577425	-0.18385977	0
509.01563	-1.1452556	-122.69432	-0.17626539	-0.18423676	1
509.51563	-1.1456437	-120.7349	-0.17656595	-0.18481731	0
510.01563	-1.1449568	-120.04669	-0.17693728	-0.18529832	0
510.51563	-1.144208	-121.83839	-0.17733395	-0.18580109	0
511.01563	-1.1447496	-117.71819	-0.17780885	-0.18623769	0
511.51563	-1.1471286	-120.25791	-0.17821193	-0.18679053	0
512.01563	-1.1468388	-117.89693	-0.17862618	-0.18734485	0
512.51563	-1.1473387	-117.77724	-0.17909914	-0.18780023	0
513.01563	-1.1467003	-118.89119	-0.17953694	-0.18822044	0
513.51563	-1.1471264	-115.97915	-0.17995134	-0.18863648	0
514.01563	-1.1492051	-117.02456	-0.18042445	-0.18923283	0
514.51563	-1.1487626	-111.82771	-0.18085733	-0.18989712	0
515.01563	-1.1489302	-115.99451	-0.18125877	-0.19028515	0
515.51563	-1.1500306	-113.95591	-0.18188462	-0.19086242	0
516.01563	-1.1503816	-114.83517	-0.18210575	-0.19123703	0
516.51563	-1.1510088	-112.5966	-0.18255219	-0.19180059	0
517.01563	-1.1514797	-111.20373	-0.18302336	-0.19236177	0
517.51563	-1.1530958	-112.20767	-0.18348679	-0.19281983	0
518.01563	-1.1520505	-107.39002	-0.18388465	-0.19330144	0
518.51563	-1.1532135	-110.22002	-0.18420607	-0.1936999	0
519.01563	-1.1536158	-108.21484	-0.18463984	-0.19430399	0
519.51563	-1.153224	-107.69978	-0.18515363	-0.19483835	1
520.01563	-1.1533632	-107.59247	-0.18562183	-0.19532919	0
520.51563	-1.1547059	-108.05825	-0.18597871	-0.19576937	0
521.01563	-1.1554457	-108.31168	-0.1863049	-0.19621104	0
521.51563	-1.1556163	-103.91158	-0.18675178	-0.19684851	0
522.01563	-1.1547744	-103.66615	-0.18707007	-0.19724131	0
522.51563	-1.1568152	-105.05762	-0.18743247	-0.19765586	0
523.01563	-1.1561908	-103.11632	-0.18792883	-0.19830078	0
523.51563	-1.1562943	-103.231	-0.18826425	-0.19868523	0
524.01563	-1.1570349	-100.51241	-0.18877223	-0.19934535	0
524.51563	-1.1595868	-100.66031	-0.18914863	-0.19982755	0
525.01563	-1.1575617	-98.623627	-0.18952698	-0.20038038	0
525.51563	-1.1593603	-98.262398	-0.18998086	-0.20080984	0
526.01563	-1.1589363	-99.917007	-0.19033477	-0.20121098	0
526.51563	-1.1598647	-98.447021	-0.19077435	-0.20178765	0
527.01563	-1.1600517	-98.523415	-0.19122675	-0.20237297	0
527.51563	-1.1619419	-96.233971	-0.19172892	-0.20283043	0
528.01563	-1.1610359	-98.396027	-0.1919435	-0.20322531	0
528.51563	-1.1619128	-97.373016	-0.19245565	-0.20387173	0
529.01563	-1.1621819	-95.797638	-0.19275472	-0.20416439	0
529.51563	-1.1631594	-95.134773	-0.19318402	-0.20487666	0
530.01563	-1.1641532	-95.057739	-0.19369587	-0.20544887	1
530.51563	-1.1635311	-94.246597	-0.19398466	-0.2056843	0
531.01563	-1.1629902	-90.981804	-0.19437432	-0.20634711	0
531.51563	-1.1651181	-92.312523	-0.19480631	-0.20693272	0
532.01563	-1.1636943	-93.184807	-0.19508421	-0.20719528	0
532.51563	-1.1648417	-88.707321	-0.1955238	-0.20780236	0
533.01563	-1.1653357	-89.655701	-0.19599453	-0.20824045	0
533.51563	-1.1658237	-90.163208	-0.19626319	-0.2087158	0
534.01563	-1.1669494	-86.595642	-0.19676015	-0.20933241	0
534.51563	-1.1669085	-88.69223	-0.19728214	-0.20975679	0
535.01563	-1.1660613	-86.148575	-0.19757718	-0.21020204	0
535.51563	-1.1682823	-88.824913	-0.19800186	-0.21073669	0
536.01563	-1.168047	-85.460274	-0.19853517	-0.2113533	0
536.51563	-1.1680037	-84.723419	-0.19880682	-0.21182954	0
537.01563	-1.168903	-83.740273	-0.19925311	-0.21234661	0
537.51563	-1.1700608	-85.661293	-0.19968659	-0.21282047	0
538.01563	-1.1700786	-83.572693	-0.2000688	-0.21334052	0
538.51563	-1.1712462	-80.078995	-0.20034626	-0.21381855	0
539.01563	-1.1716352	-83.372665	-0.20074159	-0.21428347	0
539.51563	-1.1709303	-79.059006	-0.20119205	-0.2147609	0
540.01563	-1.1722512	-80.695679	-0.20159483	-0.21528035	0
540.51563	-1.1714541	-81.620377	-0.20209923	-0.21584123	1
541.01563	-1.1718109	-82.180046	-0.20244941	-0.21624416	1
541.51563	-1.1739463	-80.734528	-0.20290494	-0.21684676	0
542.01563	-1.1740081	-78.086273	-0.20344168	-0.21748275	0
542.51563	-1.1742361	-80.180977	-0.20376846	-0.21787405	0
543.01563	-1.1743404	-78.225281	-0.20416781	-0.21815538	0
543.51563	-1.1763163	-79.070084	-0.20451769	-0.21866649	0
544.01563	-1.1743903	-77.755234	-0.20492837	-0.21925092	0
544.51563	-1.1759497	-75.707474	-0.20544395	-0.219872	0
545.01563	-1.1755943	-79.839577	-0.20580411	-0.22022367	0
545.51563	-1.1766367	-74.859901	-0.20618111	-0.22086531	0
546.01563	-1.1783049	-77.113098	-0.20655766	-0.22127777	0
546.51563	-1.1780725	-75.792503	-0.20696223	-0.22176892	0
547.01563	-1.1793398	-75.72036	-0.20737514	-0.22242248	0
547.51563	-1.1790574	-74.20018	-0.20783782	-0.22280037	0
548.01563	-1.1784031	-75.364037	-0.20835266	-0.2233991	0
548.51563	-1.1785753	-72.819542	-0.20870715	-0.22373706	0
549.01563	-1.1808939	-71.329597	-0.2090928	-0.22447199	0
549.51563	-1.1808329	-70.418007	-0.20952508	-0.22480816	0
550.01563	-1.1819072	-71.260918	-0.20998001	-0.22529036	0
550.51563	-1.1805773	-70.739571	-0.21040455	-0.22585869	0
551.01563	-1.1813715	-72.291534	-0.21086916	-0.22629201	0
551.51563	-1.1828989	-71.2453	-0.21120965	-0.22682577	1
552.01563	-1.1827208	-68.722603	-0.21160617	-0.22736907	0
552.51563	-1.1814311	-68.36866	-0.21197587	-0.22776216	0
553.01563	-1.1842654	-68.006302	-0.21238461	-0.2282238	0
553.51563	-1.184132	-67.34156	-0.2127862	-0.22878736	0
554.01563	-1.1852965	-70.463379	-0.21332309	-0.22943079	0
554.51563	-1.184731	-67.268402	-0.21369174	-0.22990167	0
555.01563	-1.1855096	-67.903061	-0.2140148	-0.23033589	0
555.51563	-1.1858642	-67.313599	-0.21434203	-0.23081243	0
556.01563	-1.1870668	-63.30674	-0.21481186	-0.23126513	0
556.51563	-1.1856914	-64.842682	-0.21518767	-0.23175031	0
557.01563	-1.1869802	-63.870506	-0.21556184	-0.23228109	0
557.51563	-1.18749	-62.72673	-0.21599472	-0.23280352	0
558.01563	-1.1892349	-65.230644	-0.21637887	-0.2331841	0
558.51563	-1.1889949	-60.647247	-0.21687046	-0.2339232	0
559.01563	-1.1893011	-62.911331	-0.21732777	-0.23423016	0
559.51563	-1.1893309	-60.98259	-0.21769941	-0.23485452	0
560.01563	-1.1896342	-61.15461	-0.21808267	-0.23527235	0
560.51563	-1.1907958	-60.305202	-0.2184999	-0.23570329	0
561.01563	-1.1907816	-57.885021	-0.21892831	-0.23640901	0
561.51563	-1.191137	-57.822716	-0.21922112	-0.23675889	0
562.01563	-1.1916697	-59.939953	-0.21966606	-0.2373603	1
562.51563	-1.1925548	-57.319054	-0.22012368	-0.23764163	0
563.01563	-1.1935167	-56.418671	-0.22054359	-0.23828536	0
563.51563	-1.1931747	-58.246113	-0.22086516	-0.23877561	0
564.01563	-1.1931286	-56.825348	-0.22124887	-0.23930877	0
564.51563	-1.1941724	-55.272999	-0.22166952	-0.23976833	0
565.01563	-1.1942737	-53.277374	-0.2221857	-0.24023354	0
565.51563	-1.1944122	-53.088215	-0.22258699	-0.240767	0
566.01563	-1.1960731	-55.490551	-0.22303373	-0.24142534	0
566.51563	-1.1959225	-53.379395	-0.22343948	-0.24187863	0
567.01563	-1.195775	-56.062565	-0.22374988	-0.24211168	0
567.51563	-1.195401	-52.683968	-0.22415161	-0.24271995	0
568.01563	-1.1976026	-52.434753	-0.22459894	-0.24333417	0
568.51563	-1.1961744	-52.262325	-0.22494063	-0.24364591	0
569.01563	-1.1990249	-52.004299	-0.22538573	-0.24435759	0
569.51563	-1.1982694	-52.90638	-0.2257815	-0.24470389	0
570.01563	-1.1991866	-51.206245	-0.22617489	-0.24530411	0
570.51563	-1.1994779	-50.248852	-0.22666335	-0.24589062	0
571.01563	-1.1994607	-49.851345	-0.22710055	-0.24631828	0
571.51563	-1.2000673	-49.151096	-0.22748947	-0.24685472	0
572.01563	-1.2004339	-47.945419	-0.22784814	-0.24719208	0
572.51563	-1.200135	-48.675396	-0.22847801	-0.24784654	1
573.01563	-1.2014591	-47.058346	-0.22886425	-0.24834961	0
573.51563	-1.2024179	-51.153412	-0.22926345	-0.24874687	0
574.01563	-1.2025379	-44.914528	-0.22973776	-0.24953008	0
574.51563	-1.2020744	-47.821346	-0.23011088	-0.24974048	0
575.01563	-1.2034938	-44.124805	-0.23051172	-0.25034219	0
575.51563	-1.2035698	-48.556683	-0.2309531	-0.250687	0
576.01563	-1.2037493	-43.750088	-0.23127317	-0.2512157	0
576.51563	-1.2038038	-45.359871	-0.23172259	-0.25187552	0
577.01563	-1.2049661	-41.937286	-0.23209929	-0.25222301	0
577.51563	-1.2059338	-43.270847	-0.23253769	-0.25270134	0
578.01563	-1.2064673	-42.686962	-0.23297176	-0.2533409	0
578.51563	-1.2064062	-41.30151	-0.23330927	-0.25386125	0
579.01563	-1.2066259	-37.462486	-0.23380265	-0.25431633	0
579.51563	-1.2064517	-42.857166	-0.23402527	-0.25482357	0
580.01563	-1.2078404	-41.205284	-0.23445457	-0.25532961	0
580.51563	-1.2091875	-39.844917	-0.23487091	-0.25590897	0
581.01563	-1.2084768	-41.303856	-0.23522347	-0.25620192	0
581.51563	-1.2089885	-41.024445	-0.23563102	-0.25695115	0
582.01563	-1.2088515	-39.068066	-0.23604229	-0.2572298	0
582.51563	-1.2106336	-38.100506	-0.23643792	-0.25777131	0
583.01563	-1.2101889	-41.393208	-0.23687616	-0.25812328	1
583.51563	-1.2109935	-39.807076	-0.2372627	-0.25882483	0
584.01563	-1.2117409	-36.939793	-0.23767799	-0.25921166	0
584.51563	-1.2104951	-40.003918	-0.23815528	-0.25990158	0
585.01563	-1.2125299	-39.193256	-0.23851082	-0.26024729	0
585.51563	-1.2124896	-35.462822	-0.23895562	-0.26094228	0
586.01563	-1.2129776	-37.218227	-0.23936659	-0.26119977	0
586.51563	-1.2145973	-36.403011	-0.23982525	-0.26181161	0
587.01563	-1.2131423	-39.822266	-0.24028853	-0.26242912	0
587.51563	-1.2142851	-37.620094	-0.24061367	-0.26271939	0
588.01563	-1.2150295	-37.155319	-0.24095416	-0.26337504	0
