MTS793|MPT|FRA|1|2|.|.|:|33|1|1|A

Acquisition de données						Temps :	368.21777	Sec	12.06.2013 13:19:55
Temps	Axial Déplacement	Axial Force	Axial fléche	Axial CMOD*2	Canon
Sec	mm	N	mm	mm	unitless
0.515625	0.00042468309	-1.8936297	0.00012247573	-0.00025749207	0
1.015625	0.00016987324	-1.3672904	0.00010592697	-9.1195107e-05	0
1.515625	-0.0027194619	-2.8589697	0.0001951561	-6.8545341e-05	0
2.015625	-0.004580617	-3.1950593	8.4160136e-05	-0.0001847744	0
2.515625	-0.0055506825	-2.3078358	7.737663e-05	-0.00017791986	0
3.015625	-0.0083312392	-4.5368676	0.00010838692	-9.1195107e-05	0
3.515625	-0.0090152025	-0.82953221	9.0421825e-05	-3.9637089e-05	0
4.015625	-0.011411309	-6.49718	0.00020044872	-0.00024974346	0
4.515625	-0.011463463	-2.2164433	0.000200076	-0.00027239323	0
5.015625	-0.013366342	-4.3606639	0.00020842491	-0.00018507242	0
5.515625	-0.015491247	-2.0433397	0.00024562236	-7.390976e-05	0
6.015625	-0.016117096	-4.1274614	0.00024949864	-0.00020951033	0
6.515625	-0.018772483	-2.8724096	0.00022743363	-0.00025480986	0
7.015625	-0.020457804	-2.0749085	0.00015773502	-0.00012665987	0
7.515625	-0.021879375	-4.6624351	0.00022154466	-8.6128712e-05	0
8.015625	-0.022985041	-4.0594158	0.00015713867	-0.00046312809	0
8.515625	-0.025212765	-1.9309313	0.00018807441	-0.00022619963	0
9.015625	-0.026403368	-2.4825449	0.00036563815	-0.0001552701	0
9.515625	-0.027276576	-3.1617033	0.00022966995	-0.00012278557	0
10.015625	-0.029365718	-2.5959623	0.00024979681	-0.00030189753	1
10.515625	-0.030949712	-1.4007195	0.00011882307	-8.1658363e-05	1
11.015625	-0.032286346	-1.1160355	0.00014647888	-3.8743019e-06	0
11.515625	-0.03400743	-4.5004053	0.00017957641	-0.00017344952	0
12.015625	-0.034575164	-0.008909354	0.00012560657	-0.00044196844	0
12.515625	-0.036339462	-0.59647042	0.00014990791	2.9802322e-06	0
13.015625	-0.038272142	-3.8752325	0.00018360178	-4.2617321e-05	0
13.515625	-0.039663911	-1.1930521	2.049959e-05	-0.00016689301	0
14.015625	-0.041104853	0.45797473	4.2191881e-05	-0.00036180019	0
14.515625	-0.043253601	-1.3409338	0.00013812997	-7.390976e-05	0
15.015625	-0.043746829	0.013209009	7.7153003e-05	4.5597553e-05	0
15.515625	-0.045366585	-3.5530071	6.7089564e-07	-0.00025779009	0
16.015625	-0.047601759	-3.2528181	2.5494035e-05	-0.0003439188	0
16.515625	-0.049597025	-3.910244	0.00011353046	-5.2452087e-05	0
17.015625	-0.049625337	-2.1077147	4.1819163e-05	-3.2782555e-05	0
17.515625	-0.052456558	-4.8753176	0.00017443288	-8.5830688e-05	0
18.015625	-0.053553283	-3.3068941	9.2285423e-05	-0.00029146671	0
18.515625	-0.055129826	-0.82858747	0.00026716557	-3.8444996e-05	0
19.015625	-0.054824352	-3.8097434	0.00025009501	-9.5367432e-05	0
19.515625	-0.05491823	-3.2457747	0.00021707201	-0.00030010939	0
20.015625	-0.059203804	-2.0716531	0.00014461529	-0.00015050173	0
20.515625	-0.061184168	-1.351019	0.00014864065	-0.00013291836	0
21.015625	-0.062131882	-4.3808165	0.00019605062	-0.00020384789	1
21.515625	-0.065003335	-7.2398767	0.00017219655	-0.00032395124	0
22.015625	-0.064843893	-6.8574677	0.00012396662	-0.00024110079	0
22.515625	-0.067330897	-2.3177745	0.00014200625	-0.00014424324	0
23.015625	-0.067564845	-0.98260874	0.00016586031	-0.00023454428	0
23.515625	-0.069631636	-4.7434559	0.00027663264	-0.00035703182	0
24.015625	-0.069597363	-2.2915146	0.00026761284	-6.377697e-05	0
24.515625	-0.072780252	-1.3518702	0.00017525285	-0.00022828579	0
25.015625	-0.073826313	-1.5583823	0.00017696737	-0.00023186207	0
25.515625	-0.076431036	-2.6801183	0.00016250584	-0.00022828579	0
26.015625	-0.076799095	-3.5858045	0.0001568405	-8.5532665e-05	0
26.515625	-0.077967346	-0.63452387	0.00024047882	-2.9802322e-05	0
27.015625	-0.079242885	-1.1030341	0.00015229332	-0.00026702881	0
27.515625	-0.081917644	-3.8500431	0.00017525285	-0.00021129847	0
28.015625	-0.083756447	0.096651569	0.00010316884	-5.0067902e-05	0
28.515625	-0.084903836	-0.4160955	0.00023906249	-0.00018239021	0
29.015625	-0.086919963	-1.7064893	0.00011241229	-0.00028133392	0
29.515625	-0.087724626	-4.815608	0.00017435833	-0.00023901463	0
30.015625	-0.0891909	-2.7968733	8.08802e-05	-8.6426735e-05	0
30.515625	-0.091551244	-2.9600611	0.00011464861	-0.00018596649	0
31.015625	-0.091849267	-1.8500686	0.00023227898	-0.00033736229	0
31.515625	-0.092805922	-2.9869006	0.00022989357	-0.00021368265	1
32.015625	-0.09469837	-3.4338217	0.00027260726	-0.00024139881	0
32.515625	-0.09688884	-3.2387578	0.00023473894	-0.00023066998	0
33.015625	-0.098240376	-1.7099935	0.00015624415	-0.00034600496	0
33.515625	-0.099150836	-3.1042488	0.00028677064	2.9802322e-06	0
34.015625	-0.10111481	-2.9107292	0.00021148122	-0.00032097101	0
34.515625	-0.10339767	-2.0646303	0.0001710784	-0.00024169683	0
35.015625	-0.10468662	-2.3741527	0.00025769847	-0.00031501055	0
35.515625	-0.10614097	-4.2803421	0.00027148912	-0.00022768974	0
36.015625	-0.10765791	-5.8348985	0.00021968105	-0.00034421682	0
36.515625	-0.10919422	-3.2758195	0.00020671041	-0.00035583973	0
37.015625	-0.11040419	-5.1264997	0.00036071823	-0.0001347065	0
37.515625	-0.11118948	-1.7595302	0.00018069457	-0.00028610229	0
38.015625	-0.11257231	-1.2323484	0.00021714656	-0.00035405159	0
38.515625	-0.11401623	-2.2240567	0.00030987925	-0.00024825335	0
39.015625	-0.11536628	-0.37788999	0.00022452642	-0.00015825033	0
39.515625	-0.11692196	-3.3386767	0.00020946853	-0.00027656555	0
40.015625	-0.11889637	-0.91644961	0.00021774291	-0.00025749207	0
40.515625	-0.12152791	-0.79423994	0.00020902127	-0.00016063452	0
41.015625	-0.12200326	-3.9352257	0.00024934954	-0.00018507242	0
41.515625	-0.12373924	-3.0321257	0.00025076588	-0.00028520823	0
42.015625	-0.12561679	-1.78233	0.00031845181	-0.00030338764	1
42.515625	-0.12699515	-0.1136396	0.00029273413	-0.00030010939	0
43.015625	-0.1280129	-1.3164111	0.00017912914	-0.00035226345	0
43.515625	-0.13065189	-1.1049851	0.00023235353	-0.00032603741	0
44.015625	-0.13089478	-2.0618165	0.00022713545	-0.00036388636	0
44.515625	-0.13279915	-3.575295	0.00024666596	-0.00021338463	0
45.015625	-0.1338914	-2.4974329	0.00029280869	-0.00044196844	0
45.515625	-0.13513267	-1.6583449	0.00017912914	-0.00029236078	0
46.015625	-0.13781935	-2.0280275	0.00029221232	-0.00029921532	0
46.515625	-0.13904572	-0.20425995	0.00017741464	-0.0004324317	0
47.015625	-0.14110208	-0.53364283	0.00027894351	-0.00027805567	0
47.515625	-0.14240742	-3.1375842	0.00014856612	-0.00042766333	0
48.015625	-0.14230013	-0.92271191	0.00026783647	-0.00033229589	0
48.515625	-0.14372468	-5.0755415	0.00015385874	-0.00042587519	0
49.015625	-0.14692694	-1.6633992	0.00022571912	-0.00028282404	0
49.515625	-0.14701337	-3.3778005	0.00017756372	-0.00024497509	0
50.015625	-0.14936775	-4.0173612	0.00027297999	-0.00040531158	0
50.515625	-0.15061945	-0.12693051	0.00017890551	-0.00040382147	0
51.015625	-0.1524061	-4.6021667	0.00012262481	-0.00019848347	0
51.515625	-0.15338957	-2.9729192	0.0002055177	-0.00020831823	0
52.015625	-0.15539974	-4.5159163	0.0001086851	-0.00046432018	0
52.515625	-0.15753508	-5.6191845	0.00017085476	-0.00040054321	1
53.015625	-0.15893877	-6.0667315	6.5449596e-05	-0.00035643578	1
53.515625	-0.16019195	-4.0559731	7.6109383e-05	-0.00044256449	0
54.015625	-0.16124249	-3.2048433	0.00011375409	-0.00026613474	0
54.515625	-0.16350448	-1.5695293	0.00015795865	-0.00029295683	0
55.015625	-0.16464442	-3.0457706	0.00013097374	-0.00037997961	0
55.515625	-0.16605854	-2.4180532	7.0294955e-05	-0.00032693148	0
56.015625	-0.16743839	-4.8452349	0.00023362078	-0.00046551228	0
56.515625	-0.16993135	-2.9259505	0.00027178728	-0.00030130148	0
57.015625	-0.17112195	-3.7717953	0.00011121959	-0.00035852194	0
57.515625	-0.17081797	-2.8730383	0.00033664054	-0.00045418739	0
58.015625	-0.17351657	-4.1073852	0.00025941298	-0.00032216311	0
58.515625	-0.17613173	-3.6158495	0.00024964774	-0.00033199787	0
59.015625	-0.17526895	-1.8550147	0.00027909261	-0.00037670135	0
59.515625	-0.17822832	-2.3130858	0.00020283413	-0.00033706427	0
60.015625	-0.17976463	-3.3372607	0.00023108628	-0.00044196844	0
60.515625	-0.18072724	-5.2756858	0.00023436622	-0.0002220273	0
61.015625	-0.1826331	-5.5391293	0.00028885785	-0.00042825937	0
61.515625	-0.1848191	-3.3497417	0.00029698314	-0.00045150518	0
62.015625	-0.18445402	-2.7501826	0.00042318608	-0.00032246113	0
62.515625	-0.18575341	-3.5144768	0.00029757951	-0.0002476573	0
63.015625	-0.18831044	-3.2580712	0.00031159376	-0.00030487776	0
63.515625	-0.18895268	-3.9528461	0.0003328388	-0.00038027763	1
64.015625	-0.19147545	-3.1584597	0.00038554138	-0.00042200089	0
64.515625	-0.19285679	-4.3750715	0.00031606641	-0.00016748905	0
65.015625	-0.1944527	-4.8990655	0.00030682294	-0.00039964914	0
65.515625	-0.19607097	-2.1346414	0.00037331617	-0.00038474798	0
66.015625	-0.1973033	-2.2368066	0.00028021075	-0.00042557716	0
66.515625	-0.1992479	-3.9349306	0.00033142246	-0.00020235777	0
67.015625	-0.20017028	-2.2614665	0.00035669285	-0.00037789345	0
67.515625	-0.20141304	-4.2472758	0.00044875464	-0.00032663345	0
68.015625	-0.20394623	-4.9329419	0.00032024086	-0.00035852194	0
68.515625	-0.2047345	-4.4732442	0.00034066589	-0.000397861	0
69.015625	-0.20555705	-2.9018402	0.00048938108	-0.00034868717	0
69.515625	-0.20700693	-4.8843851	0.00029534317	-0.00033259392	0
70.015625	-0.20918101	-2.8920243	0.00044256751	-0.00030845404	0
70.515625	-0.21205992	-5.6278305	0.00038062147	-0.00031858683	0
71.015625	-0.21216422	-4.1498022	0.00036288	-0.00032395124	0
71.515625	-0.2139613	-3.7905936	0.0002326517	-0.00033140182	0
72.015625	-0.21556616	-2.1586609	0.00025479126	-0.00038892031	0
72.515625	-0.21719337	-3.7037144	0.0002587421	-0.00049501657	0
73.015625	-0.21762848	-3.1445544	0.00028908148	-0.00022679567	0
73.515625	-0.21905452	-2.5004954	0.0003333606	-0.00041425228	0
74.015625	-0.22015572	-2.4045105	0.00035564924	-0.00048577785	1
74.515625	-0.22163689	-3.0013671	0.0003140537	-0.00036507845	0
75.015625	-0.22332668	-3.009434	0.00044092754	-0.0001475215	0
75.515625	-0.22614896	-2.0642059	0.00036884352	-0.00045359135	0
76.015625	-0.22789091	-1.3391438	0.0003915049	-0.00026702881	0
76.515625	-0.22993386	-2.698566	0.0003333606	-0.00030994415	0
77.015625	-0.22948235	-2.1851931	0.00037398704	-0.00021964312	0
77.515625	-0.2312094	-1.2534373	0.00042117338	-0.00044077635	0
78.015625	-0.2335906	-2.2748072	0.00040522098	-0.00029832125	0
78.515625	-0.23491383	-0.49287507	0.00042214245	-0.00027686357	0
79.015625	-0.23546368	0.090462409	0.00039724479	-0.00019878149	0
79.515625	-0.23652464	-3.5016189	0.00041617895	-0.00038564205	0
80.015625	-0.23902059	-1.1628492	0.0003233717	-0.00033169985	0
80.515625	-0.23923963	0.22975954	0.00033589511	-0.00036180019	0
81.015625	-0.24209023	-0.11620185	0.00030287213	-0.000205338	0
81.515625	-0.24375618	-1.6277617	0.00050190452	-0.00040978193	0
82.015625	-0.24627745	-2.7469826	0.0004284787	-0.00032514334	0
82.515625	-0.24704337	-4.2943873	0.00044890374	-0.00034093857	0
83.015625	-0.24847686	-2.4489813	0.00046232165	-0.00023394823	0
83.515625	-0.24974495	-4.0189142	0.00046120348	-0.00042915344	0
84.015625	-0.25119931	-3.107197	0.00040358101	-0.00032454729	0
84.515625	-0.25330335	-3.6520746	0.00048244852	-0.00038802624	1
85.015625	-0.25411397	-5.3737388	0.0004574763	-0.00030010939	0
85.515625	-0.25692731	-3.9193058	0.00042020431	-0.00051289797	0
86.015625	-0.2579093	-0.87813294	0.00050384266	-0.0004568696	0
86.515625	-0.25918335	-3.7175317	0.00052985846	-0.00033140182	0
87.015625	-0.26153177	-4.3156023	0.00049325742	-0.00035852194	0
87.515625	-0.26170015	-4.4835286	0.00056332874	-0.00053942204	0
88.015625	-0.26286095	-3.0816538	0.00050428993	-0.0002554059	0
88.515625	-0.26421845	-4.4367089	0.00055736519	-0.00039279461	0
89.015625	-0.26572198	-3.9382181	0.00059232634	-0.00034928322	0
89.515625	-0.26827604	-0.79246455	0.00055855792	-0.00044763088	0
90.015625	-0.26851594	-5.3248487	0.00052218046	-0.00033318996	0
90.515625	-0.27062893	-2.7433059	0.00058330648	-0.00030755997	0
91.015625	-0.27211905	-3.9082491	0.00055266893	-0.000218153	0
91.515625	-0.27435124	-4.7395773	0.00062110031	-0.00024676323	0
92.015625	-0.27571917	-0.94428915	0.00052635494	-0.00050723553	0
92.515625	-0.27683079	-3.6388803	0.0005903882	-0.00043690205	0
93.015625	-0.27870685	-5.7889123	0.00056183786	-0.00026464462	0
93.515625	-0.28048009	-3.6899526	0.00059195358	-0.00032007694	0
94.015625	-0.28116256	-3.4640889	0.0005411146	-0.00044733286	0
94.515625	-0.28272271	-4.5507054	0.00039105763	-0.0004145503	0
95.015625	-0.28487891	-5.4366536	0.00056027243	-0.00028550625	1
95.515625	-0.28668791	-2.1605768	0.00053500204	-0.00026166439	0
96.015625	-0.28805733	-6.9105673	0.00052859122	-0.00031709671	0
96.515625	-0.29002875	-5.2947798	0.0005144279	-0.00030249357	0
97.015625	-0.2896592	-6.7022266	0.00051040249	-0.00046551228	0
97.515625	-0.29252917	-3.805666	0.00053649291	-0.00027358532	0
98.015625	-0.29402524	-1.8352655	0.00053895282	-0.00037819147	0
98.515625	-0.29427558	-3.9080768	0.00060738419	-0.00036299229	0
99.015625	-0.29690862	-3.1426094	0.00060559512	-0.00047087669	0
99.515625	-0.29835105	-5.0435309	0.00058233744	-0.00026971102	0
100.01563	-0.29884726	-2.6886621	0.00055155077	-0.00028640032	0
100.51563	-0.30099601	-0.99232244	0.00063384732	-0.00042200089	0
101.01563	-0.30262172	-3.6174433	0.00064786157	-0.00049084425	0
101.51563	-0.30349791	-4.0252318	0.00060880056	-0.00032544136	0
102.01563	-0.30466318	-3.3414521	0.00075997569	-0.00049591064	0
102.51563	-0.30678809	-4.0617938	0.00068013911	-0.0003772974	0
103.01563	-0.30729324	-0.7464816	0.00063653087	-0.00049412251	0
103.51563	-0.31038225	-3.7980027	0.00069549517	-0.00032812357	0
104.01563	-0.31134933	-2.1601908	0.0005921027	-0.00035583973	0
104.51563	-0.31319112	-2.407886	0.0007046641	-0.00018507242	0
105.01563	-0.31417757	-2.5347462	0.00057249761	-0.00032365322	0
105.51563	-0.31541586	-4.2519698	0.00061133504	-0.00038385391	1
106.01563	-0.3173098	-2.2841671	0.00076467195	-0.00028401613	1
106.51563	-0.32071024	-5.9886885	0.00081126194	-0.00013589859	0
107.01563	-0.31994879	-2.412127	0.00081558549	-0.00034153461	0
107.51563	-0.3207162	-3.6165309	0.00074961409	-0.00030428171	0
108.01563	-0.32228827	-4.5219884	0.00074797409	-0.00035643578	0
108.51563	-0.32577366	-3.5197976	0.00079955853	-0.0003528595	0
109.01563	-0.32663196	-4.2547021	0.00084413582	-0.00023126602	0
109.51563	-0.32796115	-6.2756834	0.00074573781	-0.00032454729	0
110.01563	-0.32935143	-3.9511845	0.00082192174	-0.00031501055	0
110.51563	-0.32981485	-2.8019421	0.00074931589	-0.00049889088	0
111.01563	-0.33369362	-3.2305856	0.00087335706	-0.00023514032	0
111.51563	-0.33378899	-6.1665807	0.00072933815	-0.00030249357	0
112.01563	-0.33463687	-6.0111728	0.00073984882	-0.00032424927	0
112.51563	-0.33634901	-4.0520244	0.00086992804	-0.00042468309	0
113.01563	-0.33898205	-3.9976411	0.00089244032	-0.00030517578	0
113.51563	-0.33855289	-5.0851231	0.00084353948	-0.00026881695	0
114.01563	-0.34079403	-4.2115946	0.00075207406	-0.00028759241	0
114.51563	-0.34150779	-4.4336934	0.00090667821	-0.0002399087	0
115.01563	-0.3436178	-3.8491244	0.00085621193	-0.00039875507	0
115.51563	-0.34603924	-3.6409307	0.00083422149	-0.00034153461	0
116.01563	-0.34775883	-3.7537923	0.00081476552	-0.00020205975	0
116.51563	-0.34877062	-3.7250078	0.0009053364	-0.00034660101	1
117.01563	-0.35162866	-1.4701515	0.00078912236	-0.00038444996	0
117.51563	-0.35114139	-3.2188683	0.00078211527	-0.00033229589	0
118.01563	-0.3525123	-3.839756	0.00085106841	-0.00021308661	0
118.51563	-0.3539294	-2.1591787	0.00081200741	-0.00026106834	0
119.01563	-0.35528243	-4.2937999	0.00082162354	-0.00024020672	0
119.51563	-0.35796762	-4.3636241	0.0008739534	-0.00047594309	0
120.01563	-0.35958737	-3.0338542	0.00090690184	-0.00029236078	0
120.51563	-0.36171675	-6.7292886	0.0009439502	-8.136034e-05	0
121.01563	-0.36162436	-6.5245571	0.00086500816	-0.00039219856	0
121.51563	-0.36465526	-5.0352621	0.00092315243	-0.00043213367	0
122.01563	-0.36483854	-0.49571809	0.00088722224	-0.00037372112	0
122.51563	-0.36661923	-5.2372465	0.00087298435	-0.0002014637	0
123.01563	-0.36874115	-2.7589836	0.0008272889	-0.00031381845	0
123.51563	-0.36838502	-4.6787562	0.00090235466	-0.00020980835	0
124.01563	-0.37097335	-4.5231996	0.00082877977	-0.00044465065	0
124.51563	-0.37279874	-4.3623309	0.00090026745	-0.0002771616	0
125.01563	-0.37469715	-3.4638433	0.00081394555	-0.0002476573	0
125.51563	-0.37587434	-4.5806947	0.00087827694	-0.00018298626	0
126.01563	-0.37717968	-2.9014103	0.00077436271	-0.00034958124	0
126.51563	-0.37966371	-4.0046377	0.00094007392	-0.00022679567	0
127.01563	-0.37970394	-1.4507184	0.00091249263	-0.0001129508	1
127.51563	-0.38208961	-1.4865078	0.00085419929	-5.8710575e-05	0
128.01563	-0.38330853	-3.9719338	0.00089437846	-0.00031024218	0
128.51563	-0.38488358	-1.8148377	0.00090794545	-0.0002682209	0
129.01563	-0.38613081	-0.62789887	0.00083168701	-8.4936619e-05	0
129.51563	-0.38847476	-2.4243038	0.00087253709	-0.00032216311	0
130.01563	-0.38830638	-1.9587504	0.00087887334	-1.1622906e-05	0
130.51563	-0.39009303	-2.4374015	0.00098189304	-0.00024586916	0
131.01563	-0.39187819	-1.7214358	0.00079061324	-0.0003400445	0
131.51563	-0.39390028	-4.4231725	0.00083034521	-0.00040411949	0
132.01563	-0.39568245	-1.1304175	0.00095796445	-0.00020056963	0
132.51563	-0.39657056	-3.0556746	0.00088930945	-0.00028073788	0
133.01563	-0.39678514	-3.0309527	0.00091375987	-0.00018686056	0
133.51563	-0.40032715	-2.7349377	0.00094767741	-0.00039368868	0
134.01563	-0.40062964	-0.052268598	0.00092643237	-0.00014483929	0
134.51563	-0.40254742	-4.0465722	0.00093150133	-0.00035107136	0
135.01563	-0.40545315	-1.8837492	0.00087432616	-0.00025987625	0
135.51563	-0.40579587	-2.311404	0.00090481463	-0.00035345554	0
136.01563	-0.40670037	-2.6415238	0.00087909697	-0.00022172928	0
136.51563	-0.40867031	-3.2000141	0.00094655924	-0.00025779009	0
137.01563	-0.40958524	-2.3606336	0.00090615638	-0.00020354986	0
137.51563	-0.4110828	-2.8324053	0.00079717312	-0.00012278557	1
138.01563	-0.41219145	-1.0545738	0.00092121429	-0.00030457973	0
138.51563	-0.41376799	-2.8660858	0.0010197614	-0.000243783	0
139.01563	-0.41619688	-4.8797317	0.00096362981	-0.00017613173	0
139.51563	-0.41738451	-1.269194	0.00094849739	-0.00032693148	0
140.01563	-0.41893572	-2.6895428	0.00096437521	-0.0003772974	0
140.51563	-0.42255372	-2.5343368	0.00091234356	-0.00027835369	0
141.01563	-0.42153448	-3.3878303	0.00097913493	-0.000192523	0
141.51563	-0.42438954	-3.4613309	0.00098673848	-0.00037878752	0
142.01563	-0.42598397	-2.1399412	0.0010469699	-0.0003477931	0
142.51563	-0.42660534	-1.3266747	0.00096974242	-0.00023543835	0
143.01563	-0.42809099	-4.4028177	0.00097742048	-0.00029683113	0
143.51563	-0.43014586	-2.5975592	0.00099165831	-0.00040978193	0
144.01563	-0.43067932	-5.1244464	0.00092568691	-0.00024467707	0
144.51563	-0.43249875	-4.2959056	0.00099367101	-0.00022679567	0
145.01563	-0.43458045	-2.1820927	0.0010984798	-0.00039309263	0
145.51563	-0.4361093	-1.7568158	0.00095438637	-0.00036537647	0
146.01563	-0.43648928	-2.7893941	0.0010459264	-0.00033199787	0
146.51563	-0.43815374	-0.54438901	0.0010105179	-0.00018268824	0
147.01563	-0.44045597	-3.8703628	0.0010843165	-0.00040769577	0
147.51563	-0.44135004	-2.3467286	0.0011263592	-0.00023841858	0
148.01563	-0.4434824	-3.1317959	0.0010325829	-0.00022649765	1
148.51563	-0.44440776	-3.6106255	0.0011383608	-0.00029057264	1
149.01563	-0.44628084	-3.675158	0.00096720789	-0.00043600798	0
149.51563	-0.44782013	-2.882843	0.00099724915	-0.00031858683	0
150.01563	-0.44979453	-2.9020422	0.0010583752	-0.00024139881	0
150.51563	-0.45058876	-1.2171886	0.0010359375	-0.00030249357	0
151.01563	-0.4525274	-1.740834	0.0012197628	-0.00035703182	0
151.51563	-0.45295954	-3.065239	0.0012165575	-0.00023514032	0
152.01563	-0.45449585	-1.3455143	0.0012246828	-0.00019431114	0
152.51563	-0.45649111	-3.8664548	0.0011549841	-0.00019550323	0
153.01563	-0.45810044	-4.0236731	0.0012544258	-0.00030338764	0
153.51563	-0.45941174	-4.846241	0.0012159611	-0.00025838614	0
154.01563	-0.46070516	-3.1359112	0.0012353426	-0.00023514032	0
154.51563	-0.46174675	-3.3706374	0.0011417153	-0.00020325184	0
155.01563	-0.46408921	-4.4637532	0.0013009412	-0.00037908554	0
155.51563	-0.46548545	-2.7124801	0.0012638184	-0.00032901764	0
156.01563	-0.46567917	-3.0726712	0.0014152172	-0.00028550625	0
156.51563	-0.46762526	-3.3636553	0.001337095	-0.00026404858	0
157.01563	-0.47040582	-3.0038211	0.0013314297	-0.00031352043	0
157.51563	-0.47045797	-3.2699845	0.0012703782	-0.0002515316	0
158.01563	-0.47300458	-4.6497293	0.0013511094	-0.00023037195	0
158.51563	-0.47404766	-2.3787947	0.0014555454	-0.00038772821	0
159.01563	-0.47576576	-3.1019819	0.0014499546	-0.00032603741	1
159.51563	-0.47785193	-6.6190243	0.0015488744	-0.00032842159	0
160.01563	-0.47946423	-4.2518353	0.0014668761	-0.00016063452	0
160.51563	-0.47951937	-5.1393108	0.001424386	-0.00029712915	0
161.01563	-0.48245788	-4.1007862	0.0014788776	-0.00035762787	0
161.51563	-0.4812628	-4.9801269	0.00145316	-0.00029802322	0
162.01563	-0.48605353	-1.2634611	0.0014899102	-0.00021338463	0
162.51563	-0.4861325	-3.6874604	0.0014808903	-0.00033468008	0
163.01563	-0.48874617	-2.2839711	0.0015078008	-0.00029653311	0
163.51563	-0.48918128	-3.4172199	0.0014991537	-0.00029057264	0
164.01563	-0.49147308	-6.083334	0.0015045208	-0.00015765429	0
164.51563	-0.49333423	-3.7704585	0.0015373947	-0.00033318996	0
165.01563	-0.49357712	-3.8161519	0.0015769029	-0.0003990531	0
165.51563	-0.49603581	-3.5286951	0.0015239022	-0.00036805868	0
166.01563	-0.49639195	-3.8020859	0.0015599815	-0.00036776066	0
166.51563	-0.49862266	-5.0902247	0.0014461529	-0.00024050474	0
167.01563	-0.5001545	-5.6607423	0.0014660561	-0.00053286552	0
167.51563	-0.50137341	-4.1087651	0.00154716	-0.00032484531	0
168.01563	-0.50330311	-4.9899783	0.0015251695	-9.4473362e-05	0
168.51563	-0.5044803	-4.464025	0.0015037009	-0.00014185905	0
169.01563	-0.50575435	-2.1783195	0.0016015025	-0.00050455332	0
169.51563	-0.50697327	-1.4599787	0.0016360163	-0.00030785799	1
170.01563	-0.50822794	-3.3254178	0.0016087332	-1.1920929e-05	0
170.51563	-0.51036179	-3.5192592	0.001740527	-0.00027805567	0
171.01563	-0.51027685	-3.3020389	0.0017400052	-0.00044286251	0
171.51563	-0.51346868	-5.0440779	0.0015069062	-0.00028431416	0
172.01563	-0.51555783	-5.6225247	0.0014992282	-0.00035464764	0
172.51563	-0.51725656	-2.3111465	0.0015185351	-3.9041042e-05	0
173.01563	-0.51817596	-5.5084758	0.0015806302	-0.00022917986	0
173.51563	-0.52154064	-2.2110379	0.0015816737	-0.00041872263	0
174.01563	-0.52195638	-2.651849	0.0015115279	-0.00042557716	0
174.51563	-0.52451938	-4.1526713	0.001544849	-0.00026643276	0
175.01563	-0.52497834	-4.5600219	0.0015122733	-0.00013381243	0
175.51563	-0.52746981	-5.0172181	0.0015962098	-0.00037461519	0
176.01563	-0.52801669	-4.1118894	0.0016026206	-0.00045359135	0
176.51563	-0.52894205	-2.6830814	0.0016085842	-0.00042706728	0
177.01563	-0.52995086	-5.052835	0.0016987823	-0.00017166138	0
177.51563	-0.53171217	-4.8424067	0.0016676976	-0.00013172626	0
178.01563	-0.533171	-2.9375684	0.0016124605	-0.00020444393	0
178.51563	-0.53507686	-3.5522172	0.0017144366	-0.0003939867	0
179.01563	-0.53609461	-4.8484139	0.0016486888	-0.00026643276	0
179.51563	-0.53689629	-4.4697256	0.0017017641	-0.00022351742	0
180.01563	-0.53990334	-3.3670485	0.0017788425	-0.00016748905	1
180.51563	-0.54089725	-3.4534657	0.0017670647	-0.00018775463	0
181.01563	-0.54281354	-6.0901752	0.001660094	-0.00023961067	0
181.51563	-0.54300278	-4.7386794	0.0016519687	-0.00046491623	0
182.01563	-0.54502189	-4.9648414	0.0017233818	-0.00032871962	0
182.51563	-0.54700226	-3.7317967	0.0017280781	-0.00022888184	0
183.01563	-0.54659545	-3.2289183	0.0015846555	-0.00024557114	0
183.51563	-0.55023879	-8.2981501	0.0016671757	-0.00030577183	0
184.01563	-0.55109411	-5.0983267	0.0017367997	-0.00045359135	0
184.51563	-0.55224597	-3.1882324	0.0016281892	-0.00047385693	0
185.01563	-0.55422187	-3.9786057	0.0017461923	-0.00029891729	0
185.51563	-0.55504739	-4.4748473	0.0017208473	-0.00017464161	0
186.01563	-0.55735558	-3.1846466	0.0017640083	-0.00030964613	0
186.51563	-0.55915266	-4.8528047	0.00172532	-0.00038266182	0
187.01563	-0.56021512	-2.7502174	0.0017054913	-0.00035911798	0
187.51563	-0.56134462	-4.7828197	0.0017033295	-0.00039637089	0
188.01563	-0.56305081	-5.3627992	0.0016376564	-0.00027984381	0
188.51563	-0.5645141	-6.1565862	0.0016937134	-0.00014930964	0
189.01563	-0.56492537	-3.968889	0.0015859228	-0.00026881695	0
189.51563	-0.56751966	-5.5616798	0.001812611	-0.00042080879	0
190.01563	-0.57013482	-5.1287808	0.0017324017	-0.00043511391	0
190.51563	-0.57193935	-4.4024673	0.0018088092	-0.00027358532	1
191.01563	-0.57338774	-4.8209667	0.0018954293	-0.00033795834	0
191.51563	-0.57302862	-4.7693329	0.0017579703	-0.00025331974	0
192.01563	-0.57360977	-3.7937381	0.001831396	-0.00025331974	0
192.51563	-0.57634413	-5.0482607	0.0019722842	-0.00034451485	0
193.01563	-0.57936609	-5.0344019	0.0018448886	-0.000423491	0
193.51563	-0.57968646	-3.710357	0.0018401922	-0.0002425909	0
194.01563	-0.58122426	-8.3548059	0.0019742223	-0.00028192997	0
194.51563	-0.58234781	-7.6063538	0.0018237926	-0.00025451183	0
195.01563	-0.58482438	-6.3244624	0.0019476101	-0.00027358532	0
195.51563	-0.58567226	-5.5902219	0.0018424286	-0.00038594007	0
196.01563	-0.58679879	-5.8063922	0.0018118656	-0.00036925077	0
196.51563	-0.58879405	-3.8139699	0.0018251344	-0.00025600195	0
197.01563	-0.58986992	-6.6219373	0.0018190218	-0.00034600496	0
197.51563	-0.59223175	-9.0057135	0.0019141398	-0.00030636787	0
198.01563	-0.59352815	-7.8414512	0.0019756386	-0.00033557415	0
198.51563	-0.59547722	-7.9677906	0.0019172707	-0.00031679869	0
199.01563	-0.59719682	-8.7173758	0.0018988583	-0.00046044588	0
199.51563	-0.59668124	-8.7356129	0.0020782112	-0.00040322542	0
200.01563	-0.59837401	-6.8373208	0.0021153339	-0.00040978193	0
200.51563	-0.60124099	-9.2680216	0.0020776894	-0.00032156706	0
201.01563	-0.60286224	-9.9459105	0.0021319573	-0.0003683567	1
201.51563	-0.60355216	-10.123734	0.0020065743	-0.00042676926	1
202.01563	-0.60567856	-8.0932884	0.0019572263	-0.00026941299	0
202.51563	-0.60814023	-10.450368	0.0019294213	-0.00035971403	0
203.01563	-0.60805231	-11.263833	0.0019054927	-0.00039607286	0
203.51563	-0.61013401	-12.876058	0.0020779129	-0.00042766333	0
204.01563	-0.61203837	-8.7076416	0.0020504063	-0.000410676	0
204.51563	-0.61337501	-13.864257	0.0020413119	-0.00040113926	0
205.01563	-0.61408281	-14.419382	0.0020333356	-0.00035792589	0
205.51563	-0.61560869	-13.636475	0.0019971072	-0.00041335821	0
206.01563	-0.61780065	-14.232132	0.0021291247	-0.00045984983	0
206.51563	-0.61928183	-16.057564	0.0020612897	-0.00039607286	0
207.01563	-0.61962008	-14.257587	0.002068595	-0.000449121	0
207.51563	-0.62215626	-17.723352	0.002155886	-0.00026553869	0
208.01563	-0.62314868	-19.854305	0.0021733292	-0.00052332878	0
208.51563	-0.62542707	-17.308878	0.0020349757	-0.00050425529	0
209.01563	-0.62582195	-20.303682	0.0021778019	-0.00044137239	0
209.51563	-0.628528	-22.134274	0.0020475734	-0.00041604042	0
210.01563	-0.62919408	-20.099962	0.0020374355	-0.00046372414	0
210.51563	-0.63041896	-23.543053	0.002080522	-0.0004863739	0
211.01563	-0.63151419	-22.014212	0.0021440333	-0.00042766333	0
211.51563	-0.63092262	-21.518734	0.0020504808	-0.00041991472	0
212.01563	-0.63265115	-27.850136	0.0021139176	-0.00040411949	1
212.51563	-0.63457787	-24.218578	0.0020374355	-0.00046104193	0
213.01563	-0.63708872	-24.870316	0.0021107122	-0.00057160854	0
213.51563	-0.63735247	-24.978798	0.0020441446	-0.0004068017	0
214.01563	-0.6412968	-25.646372	0.0020797765	-0.00048518181	0
214.51563	-0.64240992	-29.076662	0.0019946473	-0.00050961971	0
215.01563	-0.64478815	-30.947981	0.0020756766	-0.00052630901	0
215.51563	-0.64554811	-31.270586	0.0020569661	-0.00050872564	0
216.01563	-0.64831376	-31.440958	0.0020439208	-0.0005081296	0
216.51563	-0.64758658	-30.695404	0.0019820493	-0.00057846308	0
217.01563	-0.65116286	-29.278973	0.0020347519	-0.00051349401	0
217.51563	-0.6513074	-31.80047	0.0019956909	-0.00054687262	0
218.01563	-0.65346509	-32.585835	0.0020164887	-0.00054210424	0
218.51563	-0.65528005	-31.522799	0.0019740732	-0.00054866076	0
219.01563	-0.65665841	-35.288219	0.0019909947	-0.00061005354	0
219.51563	-0.65808594	-35.338593	0.0019400811	-0.00052809715	0
220.01563	-0.65879971	-34.416519	0.0020271486	-0.00057995319	0
220.51563	-0.66049099	-37.343307	0.0020224522	-0.00066876411	0
221.01563	-0.66282153	-37.458958	0.0019927837	-0.0007557869	0
221.51563	-0.66401362	-34.035507	0.0020196941	-0.0003567338	0
222.01563	-0.66575706	-33.951977	0.0020885728	-0.00055044889	0
222.51563	-0.66647083	-36.049553	0.001966917	-0.00067651272	1
223.01563	-0.66796094	-36.192089	0.0019331486	-0.00054299831	0
223.51563	-0.66946596	-36.219955	0.0020073198	-0.00037550926	0
224.01563	-0.67109317	-33.707695	0.0019889073	-0.0005581975	0
224.51563	-0.67207217	-37.472694	0.0020559225	-0.00047236681	0
225.01563	-0.67389309	-37.325203	0.002005829	-0.00050604343	0
225.51563	-0.67474544	-37.764961	0.0020849202	-0.000616014	0
226.01563	-0.67689866	-39.561104	0.0020628551	-0.00046432018	0
226.51563	-0.67867339	-39.818737	0.0020138796	-0.00064373016	0
227.01563	-0.67979693	-39.31501	0.0019627425	-0.00071108341	0
227.51563	-0.68316013	-40.064236	0.0020399701	-0.00057846308	0
228.01563	-0.68321824	-43.346527	0.0020434735	-0.00053852797	0
228.51563	-0.6864056	-41.813629	0.0020556988	-0.00048607588	0
229.01563	-0.68691224	-42.044735	0.0020360937	-0.00070869923	0
229.51563	-0.68742484	-41.685257	0.0020521206	-0.00060975552	0
230.01563	-0.69052428	-40.796509	0.0020855165	-0.00064760447	0
230.51563	-0.69068968	-39.862553	0.0021266646	-0.00050276518	0
231.01563	-0.69245994	-40.500534	0.002123981	-0.00056117773	0
231.51563	-0.69308132	-42.304916	0.0019891311	-0.0005453825	0
232.01563	-0.69478303	-42.054688	0.0020636751	-0.00073462725	0
232.51563	-0.69679022	-43.239616	0.0020504808	-0.00041991472	0
233.01563	-0.69811195	-45.058529	0.0020623333	-0.00061422586	1
233.51563	-0.69909841	-44.471619	0.0020458591	-0.00052511692	0
234.01563	-0.70210546	-43.949928	0.0020521206	-0.00059396029	0
234.51563	-0.70362091	-45.307945	0.0020678495	-0.00062316656	0
235.01563	-0.70446432	-45.247284	0.0020425045	-0.00056475401	0
235.51563	-0.7066071	-45.18903	0.0020659114	-0.00060886145	0
236.01563	-0.70876628	-46.149376	0.002147537	-0.00059515238	0
236.51563	-0.70718825	-47.453487	0.0021154087	-0.00075995922	0
237.01563	-0.71026683	-45.926048	0.0020249123	-0.00058978796	0
237.51563	-0.71218312	-49.154362	0.0021524569	-0.00050246716	0
238.01563	-0.71347356	-49.763153	0.0021429153	-0.00044763088	0
238.51563	-0.71580559	-49.621933	0.002018576	-0.00066697598	0
239.01563	-0.71650445	-50.8381	0.0020849202	-0.00064283609	0
239.51563	-0.71793348	-49.049629	0.0021146631	-0.00067025423	0
240.01563	-0.7187292	-49.088203	0.0021505933	-0.00053375959	0
240.51563	-0.72173476	-49.600357	0.0019453738	-0.00066697598	0
241.01563	-0.72259158	-51.835869	0.0019447774	-0.00051081181	0
241.51563	-0.72266012	-51.426689	0.0019739242	-0.00078648329	0
242.01563	-0.72573125	-53.927456	0.0018454103	-0.00050276518	0
242.51563	-0.72551817	-55.209789	0.0019631898	-0.0005415082	0
243.01563	-0.72864741	-55.012371	0.0019259923	-0.00060796738	0
243.51563	-0.72954595	-56.940468	0.001987193	-0.00075697899	1
244.01563	-0.73218942	-57.216423	0.0019455228	-0.00064760447	0
244.51563	-0.73256046	-60.188873	0.0020003873	-0.00067353249	0
245.01563	-0.73461682	-60.284233	0.0020871563	-0.00060141087	0
245.51563	-0.73622614	-59.721222	0.0019854039	-0.00093281269	0
246.01563	-0.73726475	-63.486099	0.0019731042	-0.00063419342	0
246.51563	-0.73786378	-63.410461	0.0018840986	-0.00071674585	0
247.01563	-0.73949099	-64.430458	0.0019619225	-0.00074893236	0
247.51563	-0.7413134	-66.174423	0.0019527536	-0.00070005655	0
248.01563	-0.7424742	-67.349174	0.0019819748	-0.00079512596	0
248.51563	-0.74447244	-68.125832	0.0019584936	-0.00070780516	0
249.01563	-0.74699223	-67.961365	0.001993082	-0.00067383051	0
249.51563	-0.74710697	-69.222435	0.0019350122	-0.00076234341	0
250.01563	-0.74921101	-67.66774	0.0019077291	-0.00072151423	0
250.51563	-0.75057447	-70.072823	0.0019517846	-0.00078380108	0
251.01563	-0.75302869	-72.753517	0.0019595372	-0.00076979399	0
251.51563	-0.75329989	-71.31398	0.0020551025	-0.00070899725	0
252.01563	-0.75374246	-74.336281	0.0021005743	-0.00072419643	0
252.51563	-0.75672865	-72.092934	0.0020657622	-0.00085443258	0
253.01563	-0.75697899	-73.934845	0.0019716132	-0.00074833632	0
253.51563	-0.75889081	-72.710495	0.0019302414	-0.0008636713	0
254.01563	-0.76087117	-75.00386	0.001925545	-0.00072866678	0
254.51563	-0.76275319	-74.675217	0.0019511137	-0.00091284513	1
255.01563	-0.76493323	-75.130829	0.0018829805	-0.00078201294	0
255.51563	-0.76542944	-77.306931	0.0018726189	-0.00088512897	0
256.01563	-0.76728612	-79.781052	0.0018826078	-0.00077456236	0
256.51563	-0.76968819	-78.8228	0.0019674387	-0.00078290701	0
257.01563	-0.7695958	-80.768517	0.0019259923	-0.00077724457	0
257.51563	-0.77224374	-79.090462	0.0018561446	-0.00091820955	0
258.01563	-0.7738322	-79.815186	0.0020363175	-0.00082582235	0
258.51563	-0.77498406	-84.034607	0.0019069837	-0.00081777573	0
259.01563	-0.77511966	-82.878929	0.0018693389	-0.0008675456	0
259.51563	-0.77767372	-83.084579	0.0019542444	-0.00074565411	0
260.01563	-0.77804625	-84.384987	0.0019247251	-0.00084280968	0
260.51563	-0.78145862	-84.445061	0.0018788805	-0.00080674887	0
261.01563	-0.78315884	-85.002556	0.0018359432	-0.00076979399	0
261.51563	-0.78455657	-84.519814	0.0018483176	-0.00070631504	0
262.01563	-0.78544319	-84.780411	0.001818649	-0.00088512897	0
262.51563	-0.78665912	-89.477844	0.0018076911	-0.00082015991	0
263.01563	-0.78798085	-91.140671	0.0017031059	-0.00072985888	0
263.51563	-0.78914315	-89.541183	0.0018259543	-0.00096410513	0
264.01563	-0.79089552	-89.217682	0.0017490996	-0.00073283911	0
264.51563	-0.79362243	-90.529243	0.0018257307	-0.00075697899	0
265.01563	-0.79527348	-92.784561	0.0017529759	-0.00077426434	1
265.51563	-0.79554468	-95.392067	0.0017690028	-0.00084728003	0
266.01563	-0.79759359	-96.747459	0.00163214	-0.00086694956	0
266.51563	-0.79878718	-100.66965	0.0017704937	-0.00080704689	0
267.01563	-0.79940557	-100.85795	0.0018409376	-0.00090003014	0
267.51563	-0.80143511	-101.12825	0.0018252835	-0.00078737736	0
268.01563	-0.80419332	-101.69273	0.0016960242	-0.0010019541	0
268.51563	-0.80432147	-106.71954	0.0016541305	-0.00074982643	0
269.01563	-0.80629736	-108.05519	0.0016433962	-0.0009688735	0
269.51563	-0.80807507	-109.21951	0.001622822	-0.00092178583	0
270.01563	-0.80822259	-110.44098	0.001626251	-0.00098705292	0
270.51563	-0.81066787	-113.15248	0.0015297167	-0.00092208385	0
271.01563	-0.81263185	-115.76897	0.0015068316	-0.00098735094	0
271.51563	-0.81310719	-115.87341	0.0016228966	-0.00097453594	0
272.01563	-0.8145541	-122.0053	0.0013863686	-0.00098973513	0
272.51563	-0.81621408	-123.35149	0.0013456676	-0.001116097	0
273.01563	-0.81804097	-126.56176	0.0011689239	-0.0010281801	0
273.51563	-0.82049519	-132.48851	0.0012383988	-0.0010970235	0
274.01563	-0.82203001	-131.51266	0.001222521	-0.0011143088	0
274.51563	-0.82261413	-134.65134	0.0012348953	-0.0012350082	0
275.01563	-0.82422495	-139.77959	0.0011494679	-0.0010591745	0
275.51563	-0.82559586	-137.15866	0.0010278121	-0.0011083484	1
276.01563	-0.82745701	-143.55988	0.0010501753	-0.0011628866	0
276.51563	-0.82842112	-146.79286	0.00098629121	-0.0011155009	0
277.01563	-0.82976967	-150.78108	0.00096348074	-0.0011193752	0
277.51563	-0.83135217	-153.75943	0.00091733801	-0.0012415648	0
278.01563	-0.83271563	-158.58699	0.00088081148	-0.0011897087	0
278.51563	-0.8356303	-161.58011	0.00078218977	-0.0011578202	0
279.01563	-0.83696693	-165.00401	0.00076429924	-0.0011339784	0
279.51563	-0.83793253	-170.19524	0.00069161889	-0.0012990832	0
280.01563	-0.83875954	-170.38705	0.00066262129	-0.0012806058	0
280.51563	-0.84081292	-176.10512	0.00052784581	-0.0012567639	0
281.01563	-0.84226429	-183.39952	0.00054364913	-0.0011816621	0
281.51563	-0.84317476	-185.27638	0.00041886253	-0.0013256073	0
282.01563	-0.84477067	-188.92442	0.00047432323	-0.0015068054	0
282.51563	-0.84673762	-195.73647	0.0002937032	-0.0013914704	0
283.01563	-0.84848255	-201.28223	0.0003820378	-0.0015616417	0
283.51563	-0.84898621	-204.78827	6.8580448e-05	-0.0015720725	0
284.01563	-0.85167587	-206.71646	2.4748595e-05	-0.0016102195	0
284.51563	-0.85322559	-211.16599	-2.7134001e-05	-0.0014552474	0
285.01563	-0.8540988	-217.78876	-5.1435334e-05	-0.0016382337	0
285.51563	-0.85523129	-217.35767	-0.00014938611	-0.0016096234	0
286.01563	-0.85744262	-225.46542	-0.00024539873	-0.0016474724	1
286.51563	-0.85885525	-229.19922	-0.00036832172	-0.0015681982	0
287.01563	-0.86198747	-237.4782	-0.00050674984	-0.0017088652	0
287.51563	-0.8615464	-239.81403	-0.00046090531	-0.0016725063	0
288.01563	-0.86408108	-245.17686	-0.00057771569	-0.0017660856	0
288.51563	-0.86372793	-251.60376	-0.00068714627	-0.0017008185	0
289.01563	-0.86711347	-252.05034	-0.00080731109	-0.00182271	0
289.51563	-0.86713284	-258.37451	-0.00085077022	-0.001731813	0
290.01563	-0.8692354	-263.59497	-0.00097973133	-0.0018113852	0
290.51563	-0.87111294	-265.06992	-0.0010296757	-0.0017797947	0
291.01563	-0.87168068	-272.298	-0.0011049651	-0.001886487	0
291.51563	-0.87399781	-279.62427	-0.001238548	-0.0017738342	0
292.01563	-0.87548941	-280.31549	-0.0012937851	-0.001898706	0
292.51563	-0.87766349	-288.59741	-0.0015070552	-0.0018849969	0
293.01563	-0.87873489	-291.51538	-0.0015601306	-0.0019943714	0
293.51563	-0.87919235	-298.43332	-0.0016132059	-0.0019487739	0
294.01563	-0.88046491	-305.76831	-0.0017041495	-0.0020697713	0
294.51563	-0.88189542	-308.30429	-0.0019143635	-0.0021490455	0
295.01563	-0.88447481	-315.18927	-0.0018038893	-0.0021335483	0
295.51563	-0.88534504	-322.61545	-0.0020158179	-0.0021621585	0
296.01563	-0.88700354	-323.66855	-0.0020548787	-0.0020205975	0
296.51563	-0.88866502	-332.44434	-0.0021707946	-0.0022387505	1
297.01563	-0.88994056	-336.17468	-0.0024062046	-0.0022536516	1
297.51563	-0.89057982	-343.97168	-0.0024344567	-0.0023081899	0
298.01563	-0.89324713	-349.4234	-0.0025158587	-0.0022011995	0
298.51563	-0.89545101	-352.96524	-0.0025972608	-0.0023132563	0
299.01563	-0.89549571	-360.18521	-0.0027134747	-0.0023281574	0
299.51563	-0.89710802	-365.70181	-0.0028913366	-0.0023588538	0
300.01563	-0.89865178	-369.02417	-0.0030445245	-0.0024878979	0
300.51563	-0.90094656	-375.47745	-0.0030711368	-0.0024089217	0
301.01563	-0.90203732	-377.2674	-0.0032037504	-0.0025197864	0
301.51563	-0.90409964	-389.31018	-0.0032537694	-0.0024682283	0
302.01563	-0.9055078	-395.23773	-0.0035102752	-0.0024950504	0
302.51563	-0.90754479	-401.39688	-0.0035022243	-0.002605021	0
303.01563	-0.90809166	-406.46399	-0.003655114	-0.0026267767	0
303.51563	-0.90990514	-411.465	-0.0038383431	-0.0027433038	0
304.01563	-0.91086626	-419.51303	-0.0039126636	-0.0026699901	0
304.51563	-0.91232955	-424.13016	-0.0040903762	-0.0027248263	0
305.01563	-0.91362	-431.53333	-0.0041441969	-0.0027027726	0
305.51563	-0.91594458	-438.99734	-0.0042385696	-0.0027540326	0
306.01563	-0.91711432	-442.31259	-0.0042782272	-0.0029319525	0
306.51563	-0.91689825	-446.31119	-0.0044314149	-0.00287503	0
307.01563	-0.92100948	-453.88235	-0.0044181459	-0.0030660629	0
307.51563	-0.92086941	-457.54141	-0.0045323474	-0.0028917193	1
308.01563	-0.92203319	-464.66718	-0.0047136382	-0.0030168891	0
308.51563	-0.92477798	-473.82443	-0.0047795353	-0.0030711293	0
309.01563	-0.92625171	-481.10339	-0.0048855366	-0.0031554699	0
309.51563	-0.927113	-487.19855	-0.0049222126	-0.00313133	0
310.01563	-0.92860609	-494.56384	-0.0050353701	-0.0031197071	0
310.51563	-0.9305805	-497.03397	-0.0050052544	-0.0031644106	0
311.01563	-0.93207806	-503.21829	-0.0052671274	-0.0031265616	0
311.51563	-0.93395859	-514.68152	-0.0053860992	-0.0033083558	0
312.01563	-0.93421042	-517.39258	-0.0056450651	-0.0033259392	0
312.51563	-0.93673021	-524.08289	-0.0056850952	-0.0032669306	0
313.01563	-0.93937665	-528.17975	-0.0057566576	-0.0032895803	0
313.51563	-0.94073415	-537.46747	-0.0059851347	-0.0033357739	0
314.01563	-0.94148666	-540.5708	-0.0060247174	-0.0033384562	0
314.51563	-0.94302148	-549.07532	-0.0062323227	-0.0033867359	0
315.01563	-0.94266087	-554.46527	-0.0063852868	-0.0035363436	0
315.51563	-0.94559044	-557.76263	-0.0065378784	-0.0035449862	0
316.01563	-0.94741434	-566.42456	-0.0066281511	-0.0035002828	0
316.51563	-0.94887614	-570.67371	-0.0065689632	-0.0036433339	0
317.01563	-0.95086396	-576.13245	-0.0067770896	-0.0036200881	0
317.51563	-0.95194876	-581.60443	-0.0068217418	-0.0037494302	0
318.01563	-0.95407516	-591.27222	-0.0071619605	-0.0036478043	1
318.51563	-0.95443875	-595.0296	-0.0071821618	-0.003901422	0
319.01563	-0.95698684	-602.9632	-0.0073190988	-0.0036013126	0
319.51563	-0.95606893	-608.56091	-0.0074946498	-0.0038650632	0
320.01563	-0.95924139	-614.7066	-0.0075551053	-0.0038406253	0
320.51563	-0.96089989	-621.35352	-0.0076002041	-0.0038567185	0
321.01563	-0.96198469	-624.70074	-0.0077870861	-0.0039187074	0
321.51563	-0.96237957	-632.1615	-0.0078266691	-0.0039032102	0
322.01563	-0.9659797	-640.55182	-0.0080438899	-0.0039565563	0
322.51563	-0.96555501	-647.25031	-0.008170913	-0.0039839745	0
323.01563	-0.96860379	-650.61542	-0.0082479911	-0.0041413307	0
323.51563	-0.96895397	-659.37744	-0.0083888052	-0.0040066242	0
324.01563	-0.97157061	-662.55206	-0.0085715866	-0.0042235851	0
324.51563	-0.9721294	-669.40155	-0.0085801594	-0.0041943789	0
325.01563	-0.97426325	-676.01233	-0.0086274948	-0.0042539835	0
325.51563	-0.97593665	-684.81165	-0.0087758368	-0.0042667985	0
326.01563	-0.97753406	-686.24298	-0.0089252973	-0.0043091178	0
326.51563	-0.97995549	-694.37103	-0.0090301065	-0.0043267012	0
327.01563	-0.98006278	-697.71869	-0.0091720382	-0.0043395162	0
327.51563	-0.98124444	-704.5575	-0.0094344327	-0.0044211745	0
328.01563	-0.98274946	-712.57086	-0.00956563	-0.0044369698	0
328.51563	-0.98510087	-718.37952	-0.0096769249	-0.0044584274	1
329.01563	-0.98564476	-721.39099	-0.0096549336	-0.0044202805	0
329.51563	-0.98799169	-729.01959	-0.0096993623	-0.00451684	0
330.01563	-0.99017322	-735.3183	-0.0100284	-0.0045156479	0
330.51563	-0.98961145	-739.12213	-0.010102795	-0.0046241283	0
331.01563	-0.99250376	-745.59882	-0.010247111	-0.0046211481	0
331.51563	-0.9945184	-749.97186	-0.010381961	-0.0045913458	0
332.01563	-0.99497885	-758.74146	-0.010419904	-0.0047266483	0
332.51563	-0.99767596	-762.71277	-0.010515693	-0.0046896935	0
333.01563	-0.99906921	-770.00879	-0.010652333	-0.0047710538	0
333.51563	-0.99984854	-773.73859	-0.0108946	-0.0047594309	0
334.01563	-1.0004401	-779.37347	-0.010874772	-0.0048944354	0
334.51563	-1.0017052	-785.87152	-0.011010814	-0.0048005581	0
335.01563	-1.0047972	-791.40778	-0.01109229	-0.0049936771	0
335.51563	-1.0058954	-792.15002	-0.011202318	-0.0049185753	0
336.01563	-1.0080606	-799.63922	-0.011389349	-0.0049093366	0
336.51563	-1.0091424	-807.16943	-0.011430496	-0.0049737096	0
337.01563	-1.0102167	-811.65289	-0.011500643	-0.0049677491	0
337.51563	-1.0109291	-817.48669	-0.011627292	-0.0050160289	0
338.01563	-1.0128826	-815.65405	-0.011692816	-0.0050479174	0
338.51563	-1.01545	-826.07843	-0.011876717	-0.0051546097	0
339.01563	-1.0163397	-832.68744	-0.011967138	-0.0049734116	1
339.51563	-1.0178298	-837.15881	-0.012156928	-0.0051999092	0
340.01563	-1.0185912	-843.3847	-0.012118388	-0.0051468611	0
340.51563	-1.0204837	-849.70941	-0.012331286	-0.0052073598	0
341.01563	-1.0223567	-852.99689	-0.012390474	-0.0052821636	0
341.51563	-1.0238975	-855.95355	-0.012385405	-0.005351305	0
342.01563	-1.0252223	-859.81879	-0.012591667	-0.0052398443	0
342.51563	-1.0257647	-863.21906	-0.012630654	-0.0052949786	0
343.01563	-1.0289699	-869.10504	-0.012767368	-0.0053545833	0
343.51563	-1.0283365	-872.64471	-0.012978551	-0.0053471327	0
344.01563	-1.0316372	-879.81567	-0.012975719	-0.0053805113	0
344.51563	-1.0326669	-888.60706	-0.013147468	-0.005441308	0
345.01563	-1.034227	-895.67151	-0.013287163	-0.005440414	0
345.51563	-1.0353535	-899.82648	-0.013379001	-0.0054720044	0
346.01563	-1.0362492	-902.5437	-0.013423205	-0.0055977702	0
346.51563	-1.0379539	-912.38696	-0.013683812	-0.005671978	0
347.01563	-1.0404527	-917.07153	-0.013741583	-0.0055763125	0
347.51563	-1.0413021	-924.13452	-0.013748888	-0.0056928396	0
348.01563	-1.0429442	-928.8963	-0.013817767	-0.0055754185	0
348.51563	-1.0446773	-937.38745	-0.014067937	-0.0057372451	0
349.01563	-1.0452375	-940.547	-0.014096487	-0.0057214499	0
349.51563	-1.0469272	-949.16827	-0.014275393	-0.0058487058	1
350.01563	-1.0494277	-953.16565	-0.014444905	-0.0058236718	1
350.51563	-1.0503113	-956.9856	-0.014530854	-0.0058797002	0
351.01563	-1.0528312	-967.10962	-0.014672339	-0.0058996677	0
351.51563	-1.0533705	-972.6153	-0.014641031	-0.0059869885	0
352.01563	-1.0545776	-978.77026	-0.014863544	-0.0061318278	0
352.51563	-1.0559201	-985.44269	-0.015075697	-0.0060111284	0
353.01563	-1.0577291	-991.7666	-0.015082778	-0.0061151385	0
353.51563	-1.0591879	-995.62793	-0.015263026	-0.0060978532	0
354.01563	-1.0607749	-1004.8952	-0.015440142	-0.0060710311	0
354.51563	-1.0650218	-1021.9689	-0.015795717	-0.006314218	0
355.01563	-1.068224	-1044.53	-0.016118715	-0.0063896179	0
355.51563	-1.0743246	-1060.3708	-0.016545257	-0.0065839291	0
356.01563	-1.080884	-1082.9669	-0.01691067	-0.0066655874	0
356.51563	-1.0882928	-1110.0402	-0.017345933	-0.0068745017	0
357.01563	-1.1000111	-1147.9924	-0.018105311	-0.0071829557	0
357.51563	-1.1133462	-1194.4403	-0.019120898	-0.0075063109	0
358.01563	-1.1291713	-1233.7919	-0.020662319	-0.0082051754	0
358.51563	-1.1430234	-1295.9757	-0.022090133	-0.0088432431	0
359.01563	-1.1588782	-1364.5623	-0.023333006	-0.0094747543	0
359.51563	-1.1747241	-1428.6912	-0.024571329	-0.010298491	0
360.01563	-1.1874706	-1487.1979	-0.026115136	-0.011211336	0
360.51563	-1.1990666	-1550.3889	-0.02735674	-0.011814237	1
361.01563	-1.2090057	-1600.5916	-0.028973375	-0.012884736	0
361.51563	-1.2166157	-1635.6238	-0.030366452	-0.013952553	0
362.01563	-1.2296901	-1682.0553	-0.033657793	-0.017634034	0
362.51563	-0.84825456	-2.934123	-0.098666608	-0.12940794	0
363.01563	-0.18017888	1.7271394	-0.098573804	-0.12787342	0
363.51563	0.53566694	5.4650083	-0.098018229	-0.12711585	0
364.01563	1.3092369	4.22263	-0.097979985	-0.12698501	0
364.51563	2.1790729	2.6659384	-0.098038651	-0.12701422	0
365.01563	3.203012	5.4301667	-0.09783075	-0.1270479	0
365.51563	4.3129897	4.9585791	-0.097575366	-0.12701213	0
366.01563	5.4884152	2.8371465	-0.097347781	-0.12704432	0
366.51563	6.7310376	3.084444	-0.097213976	-0.12693107	0
367.01563	8.037817	2.694088	-0.097213455	-0.12697071	0
367.51563	9.423769	2.6364784	-0.097207934	-0.12692839	0
368.01563	10.131535	3.4147923	-0.097009577	-0.12698382	0
