MTS793|MPT|FRA|1|2|.|.|:|33|1|1|A

Acquisition de données						Temps :	455.5293	Sec	28.05.2013 17:47:28
Temps	Axial Déplacement	Axial Force	Axial fléche	Axial CMOD*2	Canon
Sec	mm	N	mm	mm	unitless
0.51464844	-0.0037312508	1.4956864	-0.0029784418	0.0008019805	0
1.0146484	-0.003027916	1.9994977	-0.0029548304	0.00061511993	0
1.5146484	-0.0027596951	1.2925086	-0.0029826746	0.0005453825	0
2.0146484	-0.0032842159	3.9810715	-0.0030398089	0.00078737736	0
2.5146484	-0.0028431416	1.9177312	-0.0030443491	0.00076293945	0
3.0146484	-0.0023424625	4.0321259	-0.0032526976	0.00063985586	0
3.5146484	-0.0028252602	1.6178404	-0.0035379385	0.00072836876	0
4.0146484	-0.0038504601	0.18321797	-0.0042922189	0.00069200993	0
4.5146484	-0.0074148178	1.6481632	-0.007492071	0.00070780516	0
5.0146484	-0.0097990036	0.68348432	-0.011494025	0.00056922436	0
5.5146484	-0.014954805	2.5240293	-0.015758175	0.00050097704	0
6.0146484	-0.016796589	-0.18877535	-0.019613216	0.00085711479	0
6.5146484	-0.021314621	0.57429063	-0.022053812	0.00054597855	0
7.0146484	-0.022095442	1.6093405	-0.023912158	0.00049054623	0
7.5146484	-0.023269653	1.4534503	-0.02539156	0.00075161457	0
8.0146484	-0.025016069	0.066305362	-0.026465742	0.00065684319	0
8.5146484	-0.025850534	3.1139362	-0.027208567	0.00062257051	0
9.0146484	-0.027000904	2.5204258	-0.02828029	0.00067621469	0
9.5146484	-0.029861927	1.1914433	-0.02939624	0.00071823597	0
10.014648	-0.030589104	-0.25903231	-0.032884549	0.00084906816	1
10.514648	-0.033324957	0.44141081	-0.037144966	0.00066041946	1
11.014648	-0.035911798	2.8037732	-0.039225928	0.00060588121	0
11.514648	-0.037509203	0.98892665	-0.040783562	0.0010156631	0
12.014648	-0.039446354	2.1719694	-0.041273065	0.00067293644	0
12.514648	-0.039827824	0.46136472	-0.041537646	0.00073522329	0
13.014648	-0.04119277	0.92814642	-0.041842137	0.00071078539	0
13.514648	-0.041377544	-0.027017629	-0.042253051	0.00080168247	0
14.014648	-0.040858984	2.3042729	-0.043122429	0.00085890293	0
14.514648	-0.043541193	0.70466673	-0.044696942	0.00069975853	0
15.014648	-0.044262409	1.7201049	-0.04661689	0.00074476004	0
15.514648	-0.045794249	1.269969	-0.04841096	0.00092208385	0
16.014648	-0.048941374	0.96856612	-0.049870558	0.00067979097	0
16.514648	-0.050139427	-2.0436409	-0.051335774	0.0007429719	0
17.014648	-0.050479174	-0.0021001038	-0.052763283	0.00070869923	0
17.514648	-0.052237511	-0.72429305	-0.054242544	0.00082403421	0
18.014648	-0.052815676	0.91801155	-0.05580914	0.00083804131	0
18.514648	-0.055259466	1.0679438	-0.057119526	0.00071465969	0
19.014648	-0.055676699	-1.3517619	-0.058442421	0.00085383654	0
19.514648	-0.056946278	-0.51940423	-0.060352132	0.00080257654	0
20.014648	-0.060516596	0.5990473	-0.062187918	0.00086724758	0
20.514648	-0.06082654	-0.27682176	-0.064016953	0.00093460083	0
21.014648	-0.062310696	1.092873	-0.065349534	0.00060677528	1
21.514648	-0.06378293	1.4657964	-0.067085862	0.00084668398	0
22.014648	-0.064498186	0.42947122	-0.068671837	0.00074118376	0
22.514648	-0.06814003	1.3611305	-0.070187673	0.00087738037	0
23.014648	-0.068950653	0.89244759	-0.07225655	0.00067085028	0
23.514648	-0.069183111	1.9401566	-0.073680341	0.00071644783	0
24.014648	-0.072532892	0.94911236	-0.075353585	0.00093013048	0
24.514648	-0.074487925	0.26334658	-0.076803818	0.00077813864	0
25.014648	-0.074082613	-0.26232871	-0.078235492	0.00075995922	0
25.514648	-0.076729059	2.6636746	-0.079304315	0.00079810619	0
26.014648	-0.077223778	-0.33395746	-0.080814101	0.00076234341	0
26.514648	-0.075864792	2.4170001	-0.082342312	0.0010767579	0
27.014648	-0.080770254	1.2606006	-0.083950549	0.00085234642	0
27.514648	-0.08212924	0.37860075	-0.085488796	0.00090301037	0
28.014648	-0.082248449	1.2090865	-0.087334186	0.00091999769	0
28.514648	-0.085484982	1.607492	-0.088798538	0.0009098649	0
29.014648	-0.087493658	0.3079226	-0.090684555	0.00098377466	0
29.514648	-0.088143349	0.92133427	-0.092310444	0.00082522631	0
30.014648	-0.090187788	1.8616163	-0.093709365	0.00091463327	0
30.514648	-0.09123683	2.0138912	-0.095662974	0.0011557341	0
31.014648	-0.092327595	0.28715846	-0.096905455	0.00088185072	0
31.514648	-0.094360113	0.89868647	-0.098998934	0.00088572502	1
32.014648	-0.093859434	1.0192261	-0.10037139	0.0008931756	0
32.514648	-0.098079443	3.1885805	-0.10215376	0.00098288059	0
33.014648	-0.096839666	-0.51522744	-0.10377467	0.00096648932	0
33.514648	-0.099539757	-0.4822312	-0.10529961	0.00074863434	0
34.014648	-0.099438429	1.0361701	-0.10732398	0.0010579824	0
34.514648	-0.10277629	0.50797361	-0.10910253	0.0010406971	0
35.014648	-0.10459423	3.7479336	-0.11043075	0.00078141689	0
35.514648	-0.10839701	1.0678793	-0.11203791	0.0010323524	0
36.014648	-0.1070261	2.4515729	-0.11348443	0.0010952353	0
36.514648	-0.10915399	0.68297541	-0.11504355	0.00087529421	0
37.014648	-0.1098156	1.2909116	-0.11657475	0.0010076165	0
37.514648	-0.11329651	0.84248674	-0.11808664	0.00092327595	0
38.014648	-0.1142025	3.377748	-0.11989348	0.0010764599	0
38.514648	-0.11516809	1.9408382	-0.12128649	0.0011354685	0
39.014648	-0.11724234	1.8668898	-0.12326727	0.00076919794	0
39.514648	-0.11749864	0.3619023	-0.1245789	0.0010666251	0
40.014648	-0.11996627	0.82119322	-0.12614091	0.001078546	0
40.514648	-0.12151599	0.16011976	-0.12747099	0.00090479851	0
41.014648	-0.1211822	-0.28246397	-0.12845653	0.00098735094	0
41.514648	-0.12300611	0.92849451	-0.13062097	0.0010818243	0
42.014648	-0.12432933	-1.6604158	-0.13239235	0.0010743737	1
42.514648	-0.12809634	0.53163046	-0.13425545	0.00095784664	0
43.014648	-0.12971163	2.4617984	-0.13586582	0.00076174736	0
43.514648	-0.12943149	-0.79362279	-0.13671599	0.0010442734	0
44.014648	-0.13221502	0.73295671	-0.13862127	0.0010094047	0
44.514648	-0.13480186	1.2994611	-0.14011179	0.00071138144	0
45.014648	-0.13492107	0.10398731	-0.14153363	0.00099360943	0
45.514648	-0.13601184	1.6801679	-0.1429996	0.00087201595	0
46.014648	-0.13734698	0.80771512	-0.14447835	0.00095069408	0
46.514648	-0.14013052	3.0407631	-0.14637063	0.00088602304	0
47.014648	-0.14005303	1.271727	-0.14792879	0.00082284212	0
47.514648	-0.14233589	-2.6288619	-0.14950201	0.0010105968	0
48.014648	-0.14302135	0.72302359	-0.15076268	0.00096172094	0
48.514648	-0.14611483	-1.1058685	-0.15242746	0.00086963177	0
49.014648	-0.14725924	2.3870633	-0.15407249	0.001090169	0
49.514648	-0.14712214	-0.65207636	-0.15568535	0.00098854303	0
50.014648	-0.14749765	1.4434822	-0.15725215	0.00090330839	0
50.514648	-0.14997721	0.30473149	-0.15938777	0.0010606647	0
51.014648	-0.15241504	2.7440109	-0.16058752	0.0010272861	0
51.514648	-0.15439987	-1.2243137	-0.16206691	0.00094503164	0
52.014648	-0.15528798	1.5228298	-0.16336386	0.0010463595	0
52.514648	-0.15593767	1.5794681	-0.16513561	0.00094115734	1
53.014648	-0.1594007	0.28393519	-0.16691905	0.0011539459	1
53.514648	-0.15859008	1.0701287	-0.16824687	0.0011131167	0
54.014648	-0.16161203	1.7620865	-0.17017566	0.0010147691	0
54.514648	-0.1635313	1.5437255	-0.17180489	0.0012382865	0
55.014648	-0.16458035	0.74129277	-0.17345197	0.0012791157	0
55.514648	-0.16772747	-0.88305563	-0.17489122	0.00084400177	0
56.014648	-0.16712546	1.6624573	-0.17641613	0.0012332201	0
56.514648	-0.16955733	0.19067363	-0.17796215	0.0012466311	0
57.014648	-0.17199516	1.8835826	-0.17975818	0.00090062618	0
57.514648	-0.17100573	1.8534967	-0.180906	0.0012019277	0
58.014648	-0.17511249	1.6301222	-0.18241471	0.0012665987	0
58.514648	-0.17397404	0.17505448	-0.18382138	0.0011026859	0
59.014648	-0.17594099	-1.1433398	-0.1855623	0.0012114644	0
59.514648	-0.177145	0.8037138	-0.18680429	0.0011798739	0
60.014648	-0.18062592	1.7801801	-0.18864609	0.0012472272	0
60.514648	-0.18106103	0.27718738	-0.19008753	0.0012692809	0
61.014648	-0.18294454	0.60865277	-0.19202331	0.0010344386	0
61.514648	-0.18486381	0.49634698	-0.19371291	0.0012201071	0
62.014648	-0.18575788	1.0418211	-0.19509019	0.0014236569	0
62.514648	-0.18866062	-0.13711514	-0.19677915	0.0011089444	0
63.014648	-0.18681288	-2.2316966	-0.19802146	0.0012296438	0
63.514648	-0.1914978	1.2149539	-0.19956104	0.0014337897	1
64.014648	-0.19080043	0.93548506	-0.2014572	0.0012025237	0
64.514648	-0.19358397	1.9446259	-0.20302439	0.0012069941	0
65.014648	-0.19729137	-1.187091	-0.20464589	0.0012376904	0
65.514648	-0.19592047	3.4082258	-0.20567857	0.0013279915	0
66.014648	-0.19788742	0.19072336	-0.2078349	0.0014150143	0
66.514648	-0.20182729	0.82262057	-0.20901704	0.0010925531	0
67.014648	-0.20050406	1.2472715	-0.21021432	0.0013589859	0
67.514648	-0.20213723	0.15639922	-0.21186975	0.0014442205	0
68.014648	-0.20425916	-0.20289108	-0.21279164	0.0012516975	0
68.514648	-0.20460486	-0.30291802	-0.21483047	0.0012484193	0
69.014648	-0.20590425	2.5459225	-0.21620964	0.001141727	0
69.514648	-0.20678043	1.0473317	-0.21843472	0.0014716387	0
70.014648	-0.20921826	2.4704974	-0.21951048	0.0013545156	0
70.514648	-0.21167994	0.74966979	-0.2214898	0.0013175607	0
71.014648	-0.2116859	1.258945	-0.22296172	0.0012519956	0
71.514648	-0.21381378	1.6676491	-0.22430457	0.001181066	0
72.014648	-0.21628141	0.0052765841	-0.22660406	0.0016158819	0
72.514648	-0.2168715	0.93560505	-0.227937	0.0013566017	0
73.014648	-0.21744967	0.71696901	-0.22959441	0.0013700128	0
73.514648	-0.22038817	3.0154653	-0.23117924	0.0012952089	0
74.014648	-0.22268891	1.442827	-0.23266679	0.0013229251	1
74.514648	-0.22372603	1.6403887	-0.23386627	0.0015035272	0
75.014648	-0.22553205	-0.0843376	-0.23532556	0.0013595819	0
75.514648	-0.22556186	1.7085427	-0.23666924	0.0014826655	0
76.014648	-0.22830963	3.0513923	-0.23797466	0.0011220574	0
76.514648	-0.22976398	0.12993734	-0.23945381	0.0014299154	0
77.014648	-0.23192763	2.2878642	-0.24079107	0.0014927983	0
77.514648	-0.23062229	1.2915405	-0.24229501	0.0012874603	0
78.014648	-0.23344159	1.3710548	-0.24390042	0.0013813376	0
78.514648	-0.23710728	0.66923404	-0.24530692	0.0013664365	0
79.014648	-0.23542047	1.3094469	-0.24696124	0.001617372	0
79.514648	-0.23671985	1.6073984	-0.24861291	0.0015720725	0
80.014648	-0.23839474	0.062201682	-0.25026163	0.0012436509	0
80.514648	-0.2417028	3.1080542	-0.25218251	0.0014543533	0
81.014648	-0.24263263	2.550427	-0.25445142	0.0014102459	0
81.514648	-0.24430752	0.55342412	-0.25593159	0.0014802814	0
82.014648	-0.24629235	0.62230927	-0.25776088	0.0012892485	0
82.514648	-0.2479732	1.3971189	-0.25856301	0.0012412667	0
83.014648	-0.24955273	2.771116	-0.26084456	0.0015756488	0
83.514648	-0.2494216	-0.067299843	-0.26240453	0.0015059114	0
84.014648	-0.25146008	1.6190337	-0.26381996	0.0012412667	0
84.514648	-0.25166869	3.0568562	-0.26555473	0.0014999509	1
85.014648	-0.25413036	2.0706	-0.26661721	0.0013965368	0
85.514648	-0.25495291	0.60622799	-0.26821876	0.0015893579	0
86.014648	-0.25696754	-0.35531825	-0.26972735	0.0014007092	0
86.514648	-0.25903583	0.20747738	-0.27102897	0.001245141	0
87.014648	-0.25952458	2.1106131	-0.27184537	0.0015830994	0
87.514648	-0.26173592	1.781432	-0.27290261	0.0014775991	0
88.014648	-0.26251674	-0.92895371	-0.27411434	0.0013655424	0
88.514648	-0.26112795	-1.3956915	-0.27598083	0.0015625358	0
89.014648	-0.2656877	-0.55406761	-0.27790335	0.001501739	0
89.514648	-0.26746988	-0.016490787	-0.27964681	0.0015461445	0
90.014648	-0.27118921	-1.250176	-0.2814652	0.0014427304	0
90.514648	-0.27036667	-2.9579728	-0.28357935	0.0014039874	0
91.014648	-0.27238131	-0.8347562	-0.28574097	0.0016289949	0
91.514648	-0.27391911	-0.95719397	-0.28808516	0.0014910102	0
92.014648	-0.2768755	-2.276448	-0.28945959	0.0013917685	0
92.514648	-0.27878881	0.31517059	-0.29134724	0.0015810132	0
93.014648	-0.2790153	1.5092083	-0.29272625	0.0015869737	0
93.514648	-0.28116107	-1.3119682	-0.29376104	0.0016987324	0
94.014648	-0.28297305	-1.2844533	-0.29545787	0.0014781952	0
94.514648	-0.28217435	-1.6635777	-0.29626825	0.0013703108	0
95.014648	-0.28510094	-0.34115279	-0.29831702	0.0016891956	1
95.514648	-0.28522015	-0.62671137	-0.29940817	0.0016355515	0
96.014648	-0.28779507	0.71539831	-0.30060342	0.0016489625	0
96.514648	-0.28866529	0.23221357	-0.30248213	0.0014564395	0
97.014648	-0.29034615	1.9521284	-0.30435106	0.0014954805	0
97.514648	-0.29268265	0.61465764	-0.30581564	0.001693964	0
98.014648	-0.29426813	0.98147964	-0.30771199	0.0016191602	0
98.514648	-0.29619336	2.1574383	-0.30911514	0.0014683604	0
99.014648	-0.29678941	-2.4390161	-0.31038624	0.0014364719	0
99.514648	-0.29835105	-0.74251246	-0.31194398	0.0016561151	0
100.01465	-0.29999614	1.0869441	-0.31344271	0.0017046928	0
100.51465	-0.29917359	1.7289557	-0.31482869	0.0014770031	0
101.01465	-0.30250549	-0.16325529	-0.31690213	0.0016251206	0
101.51465	-0.3038466	2.1752892	-0.31798154	0.0013497472	0
102.01465	-0.30509233	-0.33938906	-0.31999883	0.0017380714	0
102.51465	-0.3080368	1.0777159	-0.32161075	0.0016251206	0
103.01465	-0.30811429	-0.90980709	-0.32268709	0.001680553	0
103.51465	-0.30924082	0.71097875	-0.32485446	0.0014778972	0
104.01465	-0.3105998	-0.97760129	-0.32621554	0.0014662743	0
104.51465	-0.31374693	-0.63132107	-0.3281005	0.0017920136	0
105.01465	-0.31387806	0.74306524	-0.32983658	0.0016516447	0
105.51465	-0.31468272	0.16609833	-0.33079627	0.0017902255	1
106.01465	-0.31812191	-1.2969048	-0.33324766	0.001488626	1
106.51465	-0.31870008	1.2721744	-0.3343654	0.0015541911	0
107.01465	-0.32020807	2.5890801	-0.33589679	0.0015726686	0
107.51465	-0.32159686	0.40767753	-0.33756742	0.0017982721	0
108.01465	-0.32358766	-1.2758101	-0.33976531	0.0017410517	0
108.51465	-0.32741427	-1.0685053	-0.34108594	0.0016924739	0
109.01465	-0.32610297	-1.8457806	-0.34243324	0.0015416741	0
109.51465	-0.32817125	0.49604279	-0.34416091	0.0014421344	0
110.01465	-0.329566	-1.4108251	-0.34542942	0.0018250942	0
110.51465	-0.33247471	0.19191672	-0.34662136	0.0016671419	0
111.01465	-0.33347011	-0.95690149	-0.34827641	0.0017789006	0
111.51465	-0.33444762	2.4245434	-0.34968284	0.0014939904	0
112.01465	-0.33533573	2.0058742	-0.35063547	0.0015839934	0
112.51465	-0.33565164	1.3178152	-0.35248357	0.0016331673	0
113.01465	-0.33712387	-1.2000191	-0.35367587	0.0016605854	0
113.51465	-0.3400147	-1.3650529	-0.35523328	0.0019168854	0
114.01465	-0.3415823	-1.81253	-0.35667089	0.0016322732	0
114.51465	-0.340873	-0.12736924	-0.35819897	0.0016218424	0
115.01465	-0.34270883	-1.1901592	-0.36000258	0.0015488267	0
115.51465	-0.34698844	-1.1267467	-0.36160114	0.0018268824	0
116.01465	-0.34757257	0.056778852	-0.36291698	0.0018852949	0
116.51465	-0.34950972	-1.075256	-0.36421734	0.0018057227	1
117.01465	-0.35046339	-0.52368045	-0.36571124	0.0016641617	0
117.51465	-0.35108328	-0.78117722	-0.36728406	0.0016665459	0
118.01465	-0.35313368	0.96099639	-0.36878306	0.0017008185	0
118.51465	-0.35494566	0.33238968	-0.37057972	0.0017651916	0
119.01465	-0.35629272	-1.6433108	-0.37248066	0.0018617511	0
119.51465	-0.35892725	0.51490569	-0.37428212	0.0015968084	0
120.01465	-0.35842657	0.61707658	-0.37580061	0.0017046928	0
120.51465	-0.359869	-0.60817015	-0.37807605	0.0014716387	0
121.01465	-0.36149621	-1.0641823	-0.37927347	0.0018507242	0
121.51465	-0.36495924	2.0192351	-0.38098624	0.0017645955	0
122.01465	-0.36451221	-0.51671624	-0.38264889	0.0017860532	0
122.51465	-0.36708117	-0.44863835	-0.38360578	0.0017184019	0
123.01465	-0.3698647	-1.5043442	-0.38593185	0.0016447902	0
123.51465	-0.37039518	-0.58643788	-0.38723132	0.0017508864	0
124.01465	-0.37176013	0.12868547	-0.38883615	0.0017285347	0
124.51465	-0.37376285	-2.2412963	-0.39057368	0.0019779801	0
125.01465	-0.37489533	-1.6530244	-0.39206466	0.0016924739	0
125.51465	-0.37645102	-0.83074898	-0.39461207	0.0016123056	0
126.01465	-0.3791213	-2.3486619	-0.39581123	0.0015819073	0
126.51465	-0.37996173	-0.70432448	-0.39706907	0.0017544627	0
127.01465	-0.38183331	-0.016607784	-0.39835143	0.0017893314	1
127.51465	-0.38114786	-0.32662758	-0.40007049	0.0018027425	0
128.01465	-0.38314462	-0.11072052	-0.4017567	0.0016739964	0
128.51465	-0.38514733	0.28050426	-0.40332723	0.0015121698	0
129.01465	-0.3867209	-1.4612101	-0.40554008	0.0016897917	0
129.51465	-0.38787723	0.094510518	-0.40712348	0.0016328692	0
130.01465	-0.38896799	0.90302998	-0.40883565	0.0019869208	0
130.51465	-0.39177537	-0.27669892	-0.41061127	0.0016412139	0
131.01465	-0.39132833	2.0271032	-0.41179726	0.0017547607	0
131.51465	-0.39442778	1.0783652	-0.41375583	0.0016123056	0
132.01465	-0.39809942	-1.5069561	-0.41601542	0.0017592311	0
132.51465	-0.39791465	1.5716469	-0.41698244	0.0018805265	0
133.01465	-0.39848089	-0.86521935	-0.41849452	0.0016248226	0
133.51465	-0.40005445	-0.24194776	-0.42027822	0.0016498566	0
134.01465	-0.40014982	1.7275196	-0.42219672	0.0015810132	0
134.51465	-0.40472746	0.054187357	-0.42365167	0.0018784404	0
135.01465	-0.40504932	2.1144331	-0.42527536	0.0017878413	0
135.51465	-0.40686727	0.76489699	-0.42677042	0.0016063452	0
136.01465	-0.40799379	1.4631435	-0.42840022	0.0016635656	0
136.51465	-0.40962696	0.65584952	-0.43014875	0.0016444921	0
137.01465	-0.40971637	1.4385594	-0.4320679	0.0019180775	0
137.51465	-0.41149259	1.4449563	-0.43384609	0.0018373132	1
138.01465	-0.41342378	1.5463842	-0.43557945	0.0016742945	0
138.51465	-0.41569471	0.72403568	-0.43681151	0.0018638372	0
139.01465	-0.41532516	-0.56038547	-0.43783146	0.0018897653	0
139.51465	-0.41874647	0.60484743	-0.4404313	0.0019478798	0
140.01465	-0.41979551	1.0680549	-0.44191864	0.0018453598	0
140.51465	-0.42114258	0.61042237	-0.4441185	0.0017401576	0
141.01465	-0.42405725	0.96183878	-0.44599202	0.0020045042	0
141.51465	-0.42344332	0.44772282	-0.44709	0.0018817186	0
142.01465	-0.42598844	-0.56327528	-0.44977862	0.0019341707	0
142.51465	-0.42828321	0.41009936	-0.45097274	0.0017783046	0
143.01465	-0.43097734	0.93029624	-0.45363417	0.0017544627	0
143.51465	-0.4306376	-0.047416132	-0.45510557	0.002001524	0
144.01465	-0.43062568	1.458645	-0.45634544	0.001898706	0
144.51465	-0.43395758	-0.44784275	-0.45833242	0.0020369887	0
145.01465	-0.43618083	0.15090327	-0.4593282	0.0017163157	0
145.51465	-0.43887496	1.1919786	-0.46067435	0.0018334389	0
146.01465	-0.43921471	-0.61250198	-0.46184278	0.0018188357	0
146.51465	-0.43981671	1.9878273	-0.46310076	0.0021210313	0
147.01465	-0.44054985	-0.89019835	-0.46461129	0.0021666288	0
147.51465	-0.44360161	-1.0558784	-0.46586046	0.002116859	0
148.01465	-0.44382811	-0.41412994	-0.46724042	0.0019752979	1
148.51465	-0.44365525	1.059049	-0.46843407	0.0019285083	1
149.01465	-0.44713616	0.82551336	-0.47001538	0.0019687414	0
149.51465	-0.44768453	0.65070164	-0.47150263	0.0020715594	0
150.01465	-0.45060515	1.3750913	-0.4735356	0.0021412969	0
150.51465	-0.45066476	0.58947688	-0.47455487	0.0022178888	0
151.01465	-0.45329928	0.82152379	-0.47640613	0.0022625923	0
151.51465	-0.45223236	-1.3425894	-0.47748721	0.0021034479	0
152.01465	-0.45701265	0.29843411	-0.4788934	0.0019907951	0
152.51465	-0.45709014	1.4394633	-0.48031646	0.0019872189	0
153.01465	-0.4604578	-0.65379626	-0.48130694	0.0020232797	0
153.51465	-0.46069026	-1.3403575	-0.48322237	0.0021064281	0
154.01465	-0.46140552	0.27533004	-0.48474395	0.0021144748	0
154.51465	-0.46187639	0.63534868	-0.48579606	0.0021913648	0
155.01465	-0.46433806	3.1839533	-0.48768875	0.0022298098	0
155.51465	-0.46406984	0.75772214	-0.48925555	0.0021347404	0
156.01465	-0.46805739	0.34883952	-0.4914538	0.0021022558	0
156.51465	-0.47186017	0.30389494	-0.49279171	0.0020471215	0
157.01465	-0.47016144	2.0362935	-0.49398416	0.0019189715	0
157.51465	-0.47326088	0.67816973	-0.4953002	0.002116859	0
158.01465	-0.47174096	1.036369	-0.49662256	0.0020298362	0
158.51465	-0.47571659	-1.0219988	-0.49853468	0.0022166967	0
159.01465	-0.47777295	0.35809693	-0.50019908	0.0021609664	1
159.51465	-0.47745109	0.011752391	-0.50208706	0.0022044778	0
160.01465	-0.47963262	1.283064	-0.50372708	0.0020968914	0
160.51465	-0.48209429	1.6859037	-0.50503373	0.0020775199	0
161.01465	-0.48441291	0.67514241	-0.50681174	0.0018927455	0
161.51465	-0.48443675	0.84067327	-0.50830942	0.0020891428	0
162.01465	-0.48541427	0.24669492	-0.50979906	0.0022044778	0
162.51465	-0.48644543	-0.80573785	-0.51147771	0.0022614002	0
163.01465	-0.48946738	-0.14883827	-0.51313174	0.0022539496	0
163.51465	-0.49090981	1.4395012	-0.51460427	0.002155602	0
164.01465	-0.49141049	-1.1889278	-0.51610845	0.0020307302	0
164.51465	-0.49438477	1.7977327	-0.51769143	0.0020489097	0
165.01465	-0.49381256	-1.0691401	-0.51856977	0.0021365285	0
165.51465	-0.49631	1.0226247	-0.5205887	0.0021928549	0
166.01465	-0.49741268	0.56548071	-0.52140635	0.0022426248	0
166.51465	-0.5004108	0.22264904	-0.52340961	0.0021475554	0
167.01465	-0.50032139	-2.2535226	-0.52434039	0.0021037459	0
167.51465	-0.50329566	-1.6130524	-0.52649009	0.0020614266	0
168.01465	-0.50332546	-1.2798671	-0.52778667	0.0021108985	0
168.51465	-0.50433278	0.47992051	-0.52968162	0.0020816922	0
169.01465	-0.50790906	-2.3885257	-0.5312252	0.0022640824	0
169.51465	-0.50875545	-1.7536012	-0.53235781	0.0021752715	1
170.01465	-0.50876141	-2.1292069	-0.53373808	0.0023627281	0
170.51465	-0.51348805	-0.68263322	-0.53506172	0.0020837784	0
171.01465	-0.51184297	-3.5846519	-0.53606123	0.0022351742	0
171.51465	-0.51392913	-1.16948	-0.5377897	0.0019788742	0
172.01465	-0.51542521	-1.3078791	-0.53937566	0.0022080541	0
172.51465	-0.51672459	-2.4293902	-0.54127741	0.0021842122	0
173.01465	-0.51753521	-1.3156654	-0.542732	0.0023832917	0
173.51465	-0.52089095	0.8603552	-0.54458511	0.002270937	0
174.01465	-0.52080154	-2.6667516	-0.54604632	0.0023239851	0
174.51465	-0.5222261	-1.1622349	-0.54789692	0.002091229	0
175.01465	-0.52606463	-0.62167168	-0.54930246	0.002233386	0
175.51465	-0.52478909	-2.0133941	-0.55137599	0.002142787	0
176.01465	-0.5284965	-0.55280405	-0.55329174	0.0023984909	0
176.51465	-0.52941442	-0.48626471	-0.55458295	0.0023242831	0
177.01465	-0.52832961	-0.63932365	-0.5560326	0.002438128	0
177.51465	-0.53154826	-2.9516988	-0.55751741	0.0022524595	0
178.01465	-0.53319931	-2.6932456	-0.55927086	0.0023427606	0
178.51465	-0.53365827	-2.5936575	-0.56062204	0.0020861626	0
179.01465	-0.53673983	-4.8155494	-0.56250352	0.0023239851	0
179.51465	-0.53799152	-0.97225738	-0.56389213	0.0022113323	0
180.01465	-0.54006577	-4.6579337	-0.56535137	0.0024473667	1
180.51465	-0.5423665	-2.3780954	-0.56654096	0.0023642182	0
181.01465	-0.54160953	-3.0573797	-0.56841522	0.0023704767	0
181.51465	-0.54359436	-2.5898433	-0.57024509	0.0023546815	0
182.01465	-0.54364204	-3.0209613	-0.57179439	0.0024354458	0
182.51465	-0.54531097	-1.6251967	-0.57350683	0.002142489	0
183.01465	-0.54579377	-1.0654693	-0.57543743	0.0023117661	0
183.51465	-0.55138469	-3.7234607	-0.57730615	0.0023585558	0
184.01465	-0.5521059	-1.3182656	-0.57899576	0.0024268031	0
184.51465	-0.55234432	-0.50959688	-0.5805971	0.0024095178	0
185.01465	-0.55478811	-4.4425502	-0.58226252	0.0024825335	0
185.51465	-0.5544126	-1.4935745	-0.58358347	0.0022831559	0
186.01465	-0.55658817	-3.6386259	-0.58526313	0.002296567	0
186.51465	-0.55966377	-5.3463879	-0.58656216	0.0023010373	0
187.01465	-0.55968165	0.088391557	-0.58818001	0.0023707747	0
187.51465	-0.56256056	-4.0555925	-0.58953249	0.0024804473	0
188.01465	-0.56371689	-1.255941	-0.59127676	0.0024366379	0
188.51465	-0.56427717	-0.70835507	-0.59280133	0.0024813414	0
189.01465	-0.56807399	-2.489758	-0.59443665	0.002451539	0
189.51465	-0.56758523	-1.9896961	-0.59585357	0.0024241209	0
190.01465	-0.56904554	-3.028101	-0.59727931	0.0023683906	0
190.51465	-0.57095885	-2.2681646	-0.59909731	0.0026404858	1
191.01465	-0.57238936	-2.9943912	-0.60041356	0.0024181604	0
191.51465	-0.57310462	-1.0337951	-0.60205287	0.0025585294	0
192.01465	-0.57598948	-4.139246	-0.60387993	0.0023460388	0
192.51465	-0.57694912	-3.9237924	-0.60563642	0.0024703145	0
193.01465	-0.57783127	-3.9386773	-0.60725272	0.0025039911	0
193.51465	-0.57964921	-3.1303306	-0.6089744	0.0025078654	0
194.01465	-0.58243275	-0.95352316	-0.61081851	0.0025841594	0
194.51465	-0.58372617	-4.2949347	-0.61266112	0.0024807453	0
195.01465	-0.58557391	-0.18141328	-0.61434805	0.0025442243	0
195.51465	-0.58695078	-4.6575999	-0.6156646	0.0024107099	0
196.01465	-0.58701634	-2.6647918	-0.61732334	0.0027042627	0
196.51465	-0.589782	-3.6477427	-0.61909652	0.0026652217	0
197.01465	-0.59151649	-3.2358737	-0.62056381	0.0025638938	0
197.51465	-0.59140921	-3.970562	-0.62203735	0.0025162101	0
198.01465	-0.59338212	-5.105525	-0.62358129	0.0025105476	0
198.51465	-0.59562922	-4.1578693	-0.62501341	0.0026613474	0
199.01465	-0.59728026	-4.167943	-0.62611324	0.0024935603	0
199.51465	-0.59759617	-3.5582983	-0.62760663	0.0025629997	0
200.01465	-0.59989095	-1.0850633	-0.62918144	0.0024971366	0
200.51465	-0.60117841	-1.8301936	-0.63082308	0.002489686	0
201.01465	-0.60424209	-2.4308233	-0.63233942	0.0027269125	1
201.51465	-0.60404539	-4.2921267	-0.63397914	0.002450943	1
202.01465	-0.60474873	-3.7110529	-0.6355862	0.0026223063	0
202.51465	-0.60612559	-2.502461	-0.6376583	0.0023442507	0
203.01465	-0.60918927	0.70248175	-0.63923466	0.0026014447	0
203.51465	-0.61025023	-4.3289866	-0.64081997	0.0025933981	0
204.01465	-0.61234236	-1.4369243	-0.64189655	0.0024604797	0
204.51465	-0.61436892	-2.3713593	-0.64356101	0.0025805831	0
205.01465	-0.61462522	-2.6861205	-0.64509958	0.0023600459	0
205.51465	-0.61529279	-1.6928241	-0.64637542	0.0025719404	0
206.01465	-0.61584711	-1.9211211	-0.64802957	0.0025489926	0
206.51465	-0.61843991	-3.280596	-0.64939666	0.0024026632	0
207.01465	-0.62131882	-0.99848819	-0.65138143	0.0025120378	0
207.51465	-0.62018037	0.054380402	-0.65311325	0.0023454428	0
208.01465	-0.62231421	-2.7471054	-0.65477443	0.0027325749	0
208.51465	-0.62363744	-0.36759713	-0.65655243	0.0025287271	0
209.01465	-0.62609911	-2.230515	-0.65805948	0.0025931001	0
209.51465	-0.62851906	-3.5401578	-0.6597836	0.002489686	0
210.01465	-0.63045621	-3.6507847	-0.66134667	0.0024551153	0
210.51465	-0.63080788	-2.5910337	-0.66275275	0.0027576089	0
211.01465	-0.63327551	-0.43707311	-0.66456836	0.0024902821	0
211.51465	-0.6339252	-1.5429416	-0.66587913	0.0025960803	0
212.01465	-0.63486099	-5.4054127	-0.66751039	0.0024521351	1
212.51465	-0.63528419	-3.4678419	-0.66881835	0.0025513768	0
213.01465	-0.64021945	-3.6377952	-0.67020726	0.0026270747	0
213.51465	-0.64115524	-1.8022634	-0.67166883	0.0026068091	0
214.01465	-0.64146519	-3.8469689	-0.67301255	0.0027489662	0
214.51465	-0.64412951	-2.5089455	-0.67427886	0.002322793	0
215.01465	-0.64541101	-4.6015878	-0.67586541	0.0026801229	0
215.51465	-0.64604282	-3.9720247	-0.67737055	0.0024548173	0
216.01465	-0.6498158	-2.5230994	-0.67905039	0.0026220083	0
216.51465	-0.64982176	-3.7579486	-0.68077582	0.0025877357	0
217.01465	-0.65171719	-2.2523525	-0.68207538	0.0025558472	0
217.51465	-0.65312982	-2.7663252	-0.68351066	0.0024849176	0
218.01465	-0.65215826	-4.4956203	-0.68471652	0.0024992228	0
218.51465	-0.65644979	-1.9822493	-0.68612009	0.0027099252	0
219.01465	-0.65627694	-2.0736916	-0.68728477	0.0023961067	0
219.51465	-0.65818429	-3.4288993	-0.68838811	0.0026714802	0
220.01465	-0.66011548	-2.8399282	-0.68980104	0.0025266409	0
220.51465	-0.66186786	-4.710258	-0.69130927	0.00251472	0
221.01465	-0.66265464	-5.1011958	-0.69300771	0.0026234984	0
221.51465	-0.66437721	-3.4251785	-0.69440264	0.0025445223	0
222.01465	-0.66511631	-4.4596672	-0.69615704	0.0027599931	0
222.51465	-0.66777468	-4.1420922	-0.69762796	0.0023818016	1
223.01465	-0.66907406	-2.1873605	-0.69889426	0.0026616454	0
223.51465	-0.66946745	-2.5106099	-0.70043343	0.0025469065	0
224.01465	-0.67133307	-4.3027034	-0.70193416	0.002617538	0
224.51465	-0.67230463	-1.3319601	-0.70344776	0.0025996566	0
225.01465	-0.6746769	-5.7230105	-0.70493025	0.0024470687	0
225.51465	-0.67469478	-4.8751922	-0.70654958	0.0025853515	0
226.01465	-0.67782998	-3.8298142	-0.70821911	0.0024867058	0
226.51465	-0.67985058	-4.7908487	-0.70987463	0.0028166175	0
227.01465	-0.68054199	-6.0666676	-0.71139395	0.0024884939	0
227.51465	-0.68200231	-7.6035366	-0.71323442	0.0026473403	0
228.01465	-0.68451762	-6.1809888	-0.71509075	0.0025612116	0
228.51465	-0.68488121	-4.1274438	-0.71675014	0.0025165081	0
229.01465	-0.68762898	-7.5456638	-0.71815586	0.0027069449	0
229.51465	-0.6880343	-7.0427389	-0.7197578	0.0024870038	0
230.01465	-0.68907142	-6.5554123	-0.72124875	0.0027960539	0
230.51465	-0.6914258	-7.9213109	-0.72296131	0.0025257468	0
231.01465	-0.69383979	-6.9429255	-0.72433013	0.0026407838	0
231.51465	-0.69494843	-8.9505491	-0.72580075	0.0029316545	0
232.01465	-0.69442987	-10.04842	-0.7271896	0.0026220083	0
232.51465	-0.69504976	-12.426385	-0.72866124	0.0027877092	0
233.01465	-0.69881082	-11.001526	-0.73001939	0.0023394823	1
233.51465	-0.70040822	-13.894693	-0.73112458	0.0027421117	0
234.01465	-0.69876909	-16.604748	-0.73230505	0.0025483966	0
234.51465	-0.70258975	-19.734766	-0.73361856	0.002746284	0
235.01465	-0.70506334	-22.470406	-0.73468214	0.0026625395	0
235.51465	-0.70551634	-23.228416	-0.73524427	0.0024932623	0
236.01465	-0.70798993	-25.567886	-0.73601884	0.0026783347	0
236.51465	-0.70924759	-28.692604	-0.73677158	0.0025823712	0
237.01465	-0.71101189	-30.605814	-0.73762345	0.0026017427	0
237.51465	-0.71147084	-33.569893	-0.73828834	0.0025069714	0
238.01465	-0.71413517	-30.750603	-0.73937464	0.0023642182	0
238.51465	-0.71601272	-32.37624	-0.74136853	0.0024858117	0
239.01465	-0.71647167	-29.961103	-0.74303013	0.0026363134	0
239.51465	-0.71976185	-31.749287	-0.74474227	0.0025865436	0
240.01465	-0.71859956	-31.083347	-0.74611592	0.0024923682	0
240.51465	-0.72262287	-31.755556	-0.74791384	0.0024700165	0
241.01465	-0.72094798	-32.561844	-0.74930733	0.0026482344	0
241.51465	-0.72372556	-33.1087	-0.75080907	0.002604425	0
242.01465	-0.72605014	-30.774315	-0.75232363	0.0026988983	0
242.51465	-0.7258296	-33.261395	-0.75349605	0.0023967028	0
243.01465	-0.72987676	-33.667885	-0.75518119	0.0024950504	0
243.51465	-0.73043108	-34.043076	-0.75664848	0.0024345517	1
244.01465	-0.7316649	-35.659687	-0.75788593	0.0026980042	1
244.51465	-0.7324338	-33.057556	-0.75944197	0.0026905537	0
245.01465	-0.73459148	-35.014645	-0.76103961	0.0024193525	0
245.51465	-0.73626041	-34.650478	-0.76273805	0.0025123358	0
246.01465	-0.73813796	-35.876694	-0.7639001	0.0023767352	0
246.51465	-0.73966384	-34.457741	-0.76521319	0.0027325749	0
247.01465	-0.73964596	-34.940216	-0.76682001	0.0025710464	0
247.51465	-0.74197054	-33.805088	-0.76845205	0.0024875998	0
248.01465	-0.74374676	-32.821793	-0.77022928	0.0024434924	0
248.51465	-0.74526668	-34.818665	-0.77215445	0.0024491549	0
249.01465	-0.74584484	-33.034729	-0.77384669	0.0026026368	0
249.51465	-0.74822903	-34.070946	-0.77567047	0.0026839972	0
250.01465	-0.75091124	-35.145565	-0.77755052	0.0027370453	0
250.51465	-0.75324774	-32.643143	-0.7793166	0.002399981	0
251.01465	-0.75439215	-34.590416	-0.78069764	0.002541244	0
251.51465	-0.75475574	-34.93475	-0.78231084	0.002399683	0
252.01465	-0.75722337	-35.068462	-0.78382999	0.0026208162	0
252.51465	-0.75706244	-35.782036	-0.78533024	0.0026282668	0
253.01465	-0.75960755	-35.520267	-0.78690773	0.0031176209	0
253.51465	-0.75929165	-34.088062	-0.7887162	0.0024569035	0
254.01465	-0.76249242	-35.348198	-0.79015982	0.002476573	0
254.51465	-0.76091886	-34.977982	-0.79180586	0.0025159121	1
255.01465	-0.76410174	-37.544117	-0.79321581	0.0026470423	0
255.51465	-0.7638216	-35.620312	-0.79479045	0.0027567148	0
256.01465	-0.76690912	-40.686897	-0.79658246	0.0026211143	0
256.51465	-0.76816082	-36.621155	-0.79896766	0.0026550889	0
257.01465	-0.76982975	-40.104954	-0.8008076	0.0025779009	0
257.51465	-0.77165961	-41.420948	-0.80292135	0.0026205182	0
258.01465	-0.77334046	-43.93224	-0.80533421	0.0025957823	0
258.51465	-0.77450871	-45.386566	-0.80706102	0.0026088953	0
259.01465	-0.77677369	-45.440121	-0.80907065	0.0025820732	0
259.51465	-0.77946782	-47.644463	-0.81065065	0.0025647879	0
260.01465	-0.77804923	-46.719788	-0.81253183	0.0025311112	0
260.51465	-0.78045726	-50.256634	-0.81399113	0.002579391	0
261.01465	-0.78157783	-50.868969	-0.815557	0.0026169419	0
261.51465	-0.78274608	-50.584129	-0.81722307	0.0026708841	0
262.01465	-0.78516603	-51.870136	-0.81890649	0.0022423267	0
262.51465	-0.78719258	-51.922882	-0.82031339	0.0022020936	0
263.01465	-0.78795552	-53.957603	-0.82180005	0.0021794438	0
263.51465	-0.78755617	-56.676239	-0.82322639	0.0022873282	0
264.01465	-0.79180598	-57.782238	-0.82452762	0.0022915006	0
264.51465	-0.79233646	-59.462959	-0.82600075	0.0023004413	0
265.01465	-0.79340935	-61.723244	-0.82769763	0.0023174286	1
265.51465	-0.79593658	-62.138153	-0.82901514	0.0022870302	0
266.01465	-0.79640746	-65.779846	-0.8306374	0.0022134185	0
266.51465	-0.79966187	-66.795044	-0.83165479	0.0022187829	0
267.01465	-0.79752803	-69.508827	-0.83308518	0.0022771955	0
267.51465	-0.80235004	-70.74897	-0.83438969	0.0023525953	0
268.01465	-0.80161691	-75.503944	-0.83635885	0.0022929907	0
268.51465	-0.80493689	-78.661369	-0.83811229	0.0022023916	0
269.01465	-0.80603957	-78.271599	-0.83950078	0.0022211671	0
269.51465	-0.80825686	-79.161598	-0.84105414	0.0023287535	0
270.01465	-0.80962777	-84.747002	-0.84247333	0.0024050474	0
270.51465	-0.81170201	-83.985046	-0.84406233	0.0022244453	0
271.01465	-0.81028938	-89.265457	-0.8457408	0.0023415685	0
271.51465	-0.8130908	-93.752884	-0.84749323	0.0022107363	0
272.01465	-0.81560016	-95.875839	-0.84872824	0.00228405	0
272.51465	-0.81596375	-98.327583	-0.84999394	0.0022521615	0
273.01465	-0.81955791	-101.47617	-0.85111439	0.0022679567	0
273.51465	-0.82050562	-103.90197	-0.85259008	0.0021743774	0
274.01465	-0.82199574	-107.26156	-0.8537156	0.0020992756	0
274.51465	-0.82274079	-109.11166	-0.85494995	0.0021582842	0
275.01465	-0.82335472	-110.45927	-0.85613042	0.0020933151	0
275.51465	-0.82537532	-116.63654	-0.85769898	0.0022387505	1
276.01465	-0.82857609	-117.37216	-0.85899758	0.0020968914	0
276.51465	-0.82852244	-123.16713	-0.86031592	0.0020503998	0
277.01465	-0.82958937	-124.77563	-0.86124873	0.0020444393	0
277.51465	-0.83018541	-128.51942	-0.86229002	0.0021460652	0
278.01465	-0.83256364	-131.71669	-0.86357778	0.002040267	0
278.51465	-0.8344233	-133.85138	-0.86484611	0.001963377	0
279.01465	-0.83410144	-141.32169	-0.86653578	0.0020974874	0
279.51465	-0.83736777	-146.75224	-0.86817336	0.0019550323	0
280.01465	-0.83841085	-148.12285	-0.86969173	0.0019189715	0
280.51465	-0.84053874	-155.52806	-0.87102491	0.0018310547	0
281.01465	-0.84370375	-159.83818	-0.87233377	0.0019201636	0
281.51465	-0.84490776	-160.32597	-0.87352675	0.0018301606	0
282.01465	-0.8456111	-165.50362	-0.87498885	0.001886487	0
282.51465	-0.84824562	-171.09549	-0.8761577	0.0018244982	0
283.01465	-0.84837675	-174.78026	-0.87729138	0.0018650293	0
283.51465	-0.84813237	-183.12471	-0.87844568	0.0017249584	0
284.01465	-0.85296631	-187.90115	-0.87948668	0.0015714765	0
284.51465	-0.85312724	-190.82513	-0.88056922	0.0017523766	0
285.01465	-0.85432529	-196.46829	-0.88139725	0.0017488003	0
285.51465	-0.85503459	-201.88229	-0.88208723	0.0017845631	0
286.01465	-0.85723996	-206.8208	-0.88285041	0.0016862154	1
286.51465	-0.86134076	-208.84036	-0.88348633	0.0017058849	0
287.01465	-0.85920691	-213.95775	-0.8840211	0.0015693903	0
287.51465	-0.86247325	-218.80315	-0.88460642	0.0016084313	0
288.01465	-0.86328387	-225.18745	-0.88519698	0.0015205145	0
288.51465	-0.86427331	-230.74582	-0.8858059	0.0015664101	0
289.01465	-0.86504221	-238.31985	-0.88638008	0.0014382601	0
289.51465	-0.86902976	-245.54427	-0.88714439	0.0013977289	0
290.01465	-0.86991787	-249.20396	-0.88797677	0.0013372302	0
290.51465	-0.87022185	-256.15662	-0.88875335	0.001322031	0
291.01465	-0.87227821	-259.17542	-0.88936573	0.0011384487	0
291.51465	-0.8746922	-266.74078	-0.89002198	0.001372993	0
292.01465	-0.87639093	-268.76514	-0.89072883	0.0012251735	0
292.51465	-0.87592006	-277.43561	-0.89123231	0.0011911988	0
293.01465	-0.87748766	-281.8508	-0.89172751	0.0010833144	0
293.51465	-0.87881088	-286.6011	-0.8922742	0.0010278821	0
294.01465	-0.88288784	-293.4375	-0.89276272	0.00097990036	0
294.51465	-0.88306069	-297.88922	-0.89327085	0.0010186434	0
295.01465	-0.88407397	-307.47687	-0.89383996	0.001000464	0
295.51465	-0.88697672	-311.4469	-0.89437395	0.00092506409	0
296.01465	-0.88890791	-320.00211	-0.89491367	0.00090241432	0
296.51465	-0.88911653	-322.3558	-0.89540648	0.00079065561	1
297.01465	-0.890553	-333.97971	-0.89592403	0.00068962574	1
297.51465	-0.89268684	-337.80194	-0.89639264	0.00054955482	0
298.01465	-0.89321733	-341.73312	-0.89688045	0.00059604645	0
298.51465	-0.89492202	-349.25015	-0.89734656	0.00049889088	0
299.01465	-0.89585185	-354.98138	-0.8976866	0.00052005053	0
299.51465	-0.89790225	-358.84467	-0.89815962	0.00051349401	0
300.01465	-0.90169311	-365.69479	-0.89854938	0.00049293041	0
300.51465	-0.90111494	-368.90207	-0.89899492	0.00040024519	0
301.01465	-0.90200305	-375.92252	-0.89934272	0.00030994415	0
301.51465	-0.90520382	-382.40201	-0.89964014	0.00016570091	0
302.01465	-0.90682507	-389.39059	-0.90009916	9.0897083e-05	0
302.51465	-0.90814233	-396.63309	-0.90055621	0.00013977289	0
303.01465	-0.90882182	-401.17706	-0.90106398	0.00011593103	0
303.51465	-0.90956092	-405.32968	-0.90145916	3.7848949e-05	0
304.01465	-0.91173649	-416.70197	-0.90199327	-7.0929527e-05	0
304.51465	-0.91287494	-422.37048	-0.90249616	-0.00014871359	0
305.01465	-0.91460347	-426.91522	-0.90296507	-0.00022411346	0
305.51465	-0.91605186	-432.9758	-0.90350157	-0.00026941299	0
306.01465	-0.91811419	-436.53162	-0.90398359	-0.00029474497	0
306.51465	-0.92002153	-441.06915	-0.90439743	-0.00042527914	0
307.01465	-0.91940165	-447.37027	-0.90488887	-0.00031679869	0
307.51465	-0.92436075	-454.7674	-0.90540367	-0.00047028065	1
308.01465	-0.9237051	-460.39081	-0.90576977	-0.00052660704	0
308.51465	-0.92528462	-467.30307	-0.90620118	-0.00071465969	0
309.01465	-0.92766881	-475.0506	-0.90656018	-0.000692904	0
309.51465	-0.92746019	-483.07751	-0.90696311	-0.00076830387	0
310.01465	-0.92940927	-488.10559	-0.90736723	-0.00083088875	0
310.51465	-0.93161464	-495.30338	-0.90768909	-0.00090718269	0
311.01465	-0.93151331	-505.39111	-0.90811509	-0.0010508299	0
311.51465	-0.93584061	-512.10724	-0.90845633	-0.0010970235	0
312.01465	-0.93488693	-516.33765	-0.90895635	-0.0013127923	0
312.51465	-0.93719959	-526.71356	-0.90946561	-0.0014397502	0
313.01465	-0.93990564	-530.005	-0.91001439	-0.0016564131	0
313.51465	-0.94076395	-533.99542	-0.91044199	-0.0016909838	0
314.01465	-0.94224215	-541.33618	-0.91080308	-0.0018215179	0
314.51465	-0.94363689	-549.91156	-0.9111895	-0.0020292401	0
315.01465	-0.94610453	-553.69733	-0.91153431	-0.0021186471	0
315.51465	-0.94645619	-556.16632	-0.91197562	-0.0021696091	0
316.01465	-0.94794631	-560.52618	-0.91236573	-0.00223279	0
316.51465	-0.95006227	-566.59784	-0.91271716	-0.0024375319	0
317.01465	-0.95071793	-572.1817	-0.91297102	-0.0026589632	0
317.51465	-0.95191598	-573.80048	-0.91350919	-0.0029417872	0
318.01465	-0.9526372	-583.82965	-0.91394603	-0.0032675266	1
318.51465	-0.95286965	-587.32239	-0.91439939	-0.0034949183	0
319.01465	-0.95615983	-592.41193	-0.91509229	-0.0039559603	0
319.51465	-0.95899105	-595.38623	-0.91599584	-0.0046184659	0
320.01465	-0.95871091	-601.55304	-0.91677022	-0.0050908327	0
320.51465	-0.96104145	-609.49908	-0.91720688	-0.0054547191	0
321.01465	-0.96385479	-611.56793	-0.91776371	-0.0057953596	0
321.51465	-0.96519589	-619.51605	-0.91827047	-0.0060796738	0
322.01465	-0.9652555	-621.17749	-0.91868025	-0.0063109398	0
322.51465	-0.96867681	-623.22687	-0.91921914	-0.0066494942	0
323.01465	-0.9685874	-628.75793	-0.91973317	-0.0071406364	0
323.51465	-0.96943378	-628.64343	-0.92048293	-0.0077667832	0
324.01465	-0.97231865	-627.00128	-0.92202097	-0.0089800358	0
324.51465	-0.97456574	-497.20752	-0.94125193	-0.021808147	0
325.01465	-0.98169446	-350.4259	-0.9701407	-0.040533245	0
325.51465	-0.98379254	-278.11261	-0.98711115	-0.05302161	0
326.01465	-0.98717809	-257.28711	-0.99362379	-0.05749017	0
326.51465	-0.9891212	-244.09985	-0.99605274	-0.059424937	0
327.01465	-0.98837614	-242.07765	-0.99718696	-0.060091615	0
327.51465	-0.98720789	-236.02525	-0.99776453	-0.060690343	0
328.01465	-0.98902583	-232.27988	-0.99816519	-0.061042309	0
328.51465	-0.98821521	-234.44846	-0.99865776	-0.061347485	1
329.01465	-0.98824501	-233.38504	-0.99880028	-0.061607659	0
329.51465	-0.9872973	-230.27682	-0.99896771	-0.061813593	0
330.01465	-0.9891212	-231.30199	-0.99925441	-0.062078536	0
330.51465	-0.98819733	-232.77177	-0.99954432	-0.06244421	0
331.01465	-0.98948479	-236.80972	-1.0002159	-0.063203573	0
331.51465	-0.99294782	-239.52032	-1.0016873	-0.064413249	0
332.01465	-0.99268556	-236.10225	-1.0041597	-0.066355169	0
332.51465	-0.99822879	-230.23021	-1.0067254	-0.068310499	0
333.01465	-1.0002792	-223.41595	-1.0093145	-0.070516169	0
333.51465	-1.0002553	-221.72755	-1.0119277	-0.072511733	0
334.01465	-1.0012507	-214.01895	-1.0148317	-0.07507205	0
334.51465	-1.0038912	-209.7816	-1.0176661	-0.077284575	0
335.01465	-1.0060787	-204.99631	-1.0201336	-0.0794065	0
335.51465	-1.0082364	-201.61974	-1.0221865	-0.081114173	0
336.01465	-1.0095119	-198.82085	-1.0237169	-0.082521737	0
336.51465	-1.0095477	-195.82768	-1.0253972	-0.083926022	0
337.01465	-1.0100663	-191.63855	-1.0273491	-0.085684955	0
337.51465	-1.0142863	-191.01653	-1.0290796	-0.087183416	0
338.01465	-1.0147274	-187.33269	-1.031098	-0.088855624	0
338.51465	-1.0158181	-186.02289	-1.0326442	-0.090287328	0
339.01465	-1.0164082	-184.16762	-1.0347378	-0.091926157	1
339.51465	-1.0174394	-182.73619	-1.0362475	-0.093307495	0
340.01465	-1.0213196	-180.35646	-1.0380687	-0.0948295	0
340.51465	-1.0211885	-176.91716	-1.0398794	-0.096485019	0
341.01465	-1.0228038	-175.75049	-1.0416341	-0.098103285	0
341.51465	-1.0238349	-174.49863	-1.0435941	-0.099612772	0
342.01465	-1.0254025	-171.50018	-1.0457063	-0.10158718	0
342.51465	-1.0288298	-168.03008	-1.0479487	-0.10325432	0
343.01465	-1.0302007	-165.30925	-1.0499212	-0.10503083	0
343.51465	-1.0307789	-159.32793	-1.0519948	-0.10692239	0
344.01465	-1.0320067	-159.96265	-1.0545533	-0.10913551	0
344.51465	-1.0338485	-154.96753	-1.056674	-0.11092603	0
345.01465	-1.036042	-151.9379	-1.0589678	-0.11303574	0
345.51465	-1.0375082	-148.81039	-1.0613471	-0.11507481	0
346.01465	-1.0376334	-146.39839	-1.0629358	-0.11659175	0
346.51465	-1.0394812	-145.6848	-1.0646908	-0.11808544	0
347.01465	-1.0395169	-145.66861	-1.0660434	-0.11939913	0
347.51465	-1.0417581	-142.11977	-1.0680791	-0.12120754	0
348.01465	-1.044029	-137.7224	-1.0695678	-0.12265593	0
348.51465	-1.0458112	-139.9493	-1.0715731	-0.12430549	0
349.01465	-1.0466397	-134.95509	-1.0731765	-0.12599379	0
349.51465	-1.0483682	-134.47398	-1.0748589	-0.12737513	1
350.01465	-1.0487795	-132.56613	-1.0767195	-0.12904584	1
350.51465	-1.0509729	-127.53591	-1.0784484	-0.13058454	0
351.01465	-1.0527909	-126.06977	-1.0801697	-0.13215601	0
351.51465	-1.0560215	-127.14951	-1.0819188	-0.13377696	0
352.01465	-1.0560513	-123.88752	-1.0836288	-0.13531655	0
352.51465	-1.057291	-121.03152	-1.0856959	-0.13729602	0
353.01465	-1.0598183	-119.58421	-1.0871887	-0.138717	0
353.51465	-1.0608912	-116.73656	-1.0888057	-0.14020026	0
354.01465	-1.0593534	-115.23806	-1.090263	-0.14143467	0
354.51465	-1.0641754	-116.08975	-1.0917251	-0.1429677	0
355.01465	-1.0652781	-110.78594	-1.0936452	-0.14432013	0
355.51465	-1.0671079	-111.08201	-1.0948386	-0.14555246	0
356.01465	-1.0675192	-111.07213	-1.0963467	-0.1469034	0
356.51465	-1.0684252	-109.73407	-1.0977267	-0.14824897	0
357.01465	-1.0710597	-108.08871	-1.0995661	-0.14981896	0
357.51465	-1.0741711	-107.40148	-1.1011823	-0.15140802	0
358.01465	-1.0748804	-105.14188	-1.1028242	-0.15283525	0
358.51465	-1.0744572	-104.22585	-1.1048769	-0.15481055	0
359.01465	-1.0760725	-99.908539	-1.1063986	-0.15637338	0
359.51465	-1.0796487	-98.457199	-1.1081264	-0.15771508	0
360.01465	-1.0803163	-95.542374	-1.1092875	-0.15883774	0
360.51465	-1.0829866	-97.931244	-1.1109017	-0.16013414	1
361.01465	-1.0816038	-95.36422	-1.1120001	-0.16134173	0
361.51465	-1.0850489	-92.852173	-1.1135052	-0.16278684	0
362.01465	-1.0832787	-93.149025	-1.1155653	-0.16451716	0
362.51465	-1.0884702	-92.322433	-1.1175622	-0.1663211	0
363.01465	-1.0887623	-89.622711	-1.1193078	-0.16783088	0
363.51465	-1.0892928	-90.364296	-1.1207337	-0.16924083	0
364.01465	-1.0920167	-91.711235	-1.1226546	-0.17087728	0
364.51465	-1.0926723	-87.598358	-1.124606	-0.17266572	0
365.01465	-1.0949135	-86.21093	-1.1261213	-0.17417997	0
365.51465	-1.0973454	-83.193459	-1.1275254	-0.17542034	0
366.01465	-1.097703	-82.643959	-1.1292207	-0.1769799	0
366.51465	-1.0986567	-81.937019	-1.130875	-0.17846644	0
367.01465	-1.0996521	-82.732162	-1.1330235	-0.18009722	0
367.51465	-1.1027813	-81.91996	-1.1345272	-0.18169463	0
368.01465	-1.1037946	-80.804253	-1.1363785	-0.18324941	0
368.51465	-1.1053562	-78.758492	-1.1379796	-0.1848039	0
369.01465	-1.1065185	-76.470985	-1.1394992	-0.18620193	0
369.51465	-1.1093199	-75.895546	-1.140733	-0.18730015	0
370.01465	-1.1106372	-78.936859	-1.1421564	-0.18867731	0
370.51465	-1.1110187	-75.79274	-1.1438973	-0.19038498	0
371.01465	-1.112175	-73.016434	-1.1459123	-0.19183338	1
371.51465	-1.1131227	-74.950592	-1.1471863	-0.19328445	0
372.01465	-1.1150122	-72.160233	-1.1488718	-0.19479901	0
372.51465	-1.1190414	-72.361008	-1.1504072	-0.19632429	0
373.01465	-1.1207283	-72.84407	-1.152222	-0.19773751	0
373.51465	-1.1204481	-71.83049	-1.1535289	-0.19897074	0
374.01465	-1.1210084	-68.946373	-1.1553407	-0.20080745	0
374.51465	-1.1223018	-69.508865	-1.1571164	-0.20218104	0
375.01465	-1.1236727	-65.089317	-1.159005	-0.20400286	0
375.51465	-1.1252761	-68.781319	-1.1607552	-0.20542532	0
376.01465	-1.1279643	-67.929115	-1.1628433	-0.20737886	0
376.51465	-1.1295497	-66.888962	-1.1644731	-0.20910621	0
377.01465	-1.1319995	-62.651382	-1.1662524	-0.210464	0
377.51465	-1.1325002	-63.447826	-1.1682327	-0.21208525	0
378.01465	-1.1331379	-66.287025	-1.1698716	-0.21345735	0
378.51465	-1.1332452	-62.570393	-1.1712654	-0.21482289	0
379.01465	-1.1384428	-59.950352	-1.173233	-0.21682262	0
379.51465	-1.1383891	-61.483852	-1.1748084	-0.21820068	0
380.01465	-1.1413753	-60.436779	-1.1757826	-0.2191332	0
380.51465	-1.1407256	-60.303951	-1.1770439	-0.22017866	0
381.01465	-1.1426091	-58.342129	-1.1784842	-0.22166014	0
381.51465	-1.1430264	-59.776474	-1.1800921	-0.22289068	1
382.01465	-1.1456192	-58.413597	-1.1813802	-0.22422373	0
382.51465	-1.1460364	-59.305786	-1.182582	-0.22536248	0
383.01465	-1.1462629	-58.652073	-1.1841632	-0.22675335	0
383.51465	-1.1476338	-57.910858	-1.1855987	-0.22818357	0
384.01465	-1.1522949	-54.998566	-1.1872619	-0.22986948	0
384.51465	-1.1532843	-55.016102	-1.1888106	-0.23115605	0
385.01465	-1.1539757	-56.886013	-1.1904383	-0.23264766	0
385.51465	-1.154995	-54.896061	-1.1924118	-0.23438215	0
386.01465	-1.1578023	-52.80093	-1.194496	-0.23634821	0
386.51465	-1.1595309	-53.859989	-1.1963912	-0.23815155	0
387.01465	-1.1614084	-51.579975	-1.1979719	-0.2394551	0
387.51465	-1.1628449	-52.272156	-1.19942	-0.24100035	0
388.01465	-1.1656702	-50.846512	-1.2008209	-0.24220973	0
388.51465	-1.166153	-51.069233	-1.202324	-0.24375111	0
389.01465	-1.168853	-50.985405	-1.2039746	-0.24534553	0
389.51465	-1.1707187	-50.623272	-1.2054439	-0.24655044	0
390.01465	-1.1689425	-51.29026	-1.2066668	-0.24788648	0
390.51465	-1.1714697	-48.294445	-1.2084109	-0.24933994	0
391.01465	-1.172936	-49.505127	-1.2098024	-0.25095314	0
391.51465	-1.1737227	-50.307941	-1.2112519	-0.25220782	0
392.01465	-1.1751831	-47.619316	-1.2128685	-0.25379032	1
392.51465	-1.1767983	-45.875362	-1.2142028	-0.2551201	1
393.01465	-1.1776209	-46.864357	-1.215696	-0.2565524	0
393.51465	-1.1789739	-47.988892	-1.2175162	-0.25836885	0
394.01465	-1.1815906	-44.924656	-1.219069	-0.25972992	0
394.51465	-1.1818171	-45.373009	-1.2204099	-0.26100397	0
395.01465	-1.1855125	-45.130711	-1.2220573	-0.26269108	0
395.51465	-1.1867404	-44.235371	-1.2236732	-0.26432604	0
396.01465	-1.1881888	-44.274151	-1.2254893	-0.26622742	0
396.51465	-1.1890769	-42.335804	-1.2268963	-0.26760191	0
397.01465	-1.1913657	-39.816147	-1.2280892	-0.26888937	0
397.51465	-1.1926711	-42.060577	-1.2295079	-0.27049273	0
398.01465	-1.1918128	-38.952927	-1.2307637	-0.27177483	0
398.51465	-1.1946559	-38.824505	-1.2324336	-0.2735588	0
399.01465	-1.1967242	-39.947369	-1.2339164	-0.27493149	0
399.51465	-1.195991	-38.769356	-1.2353935	-0.27667463	0
400.01465	-1.1991203	-38.156342	-1.2371241	-0.27852297	0
400.51465	-1.2019455	-37.853882	-1.2388712	-0.28034538	0
401.01465	-1.2043178	-35.375919	-1.2408789	-0.28246611	0
401.51465	-1.2057543	-38.897102	-1.2422653	-0.28402954	0
402.01465	-1.2064636	-35.880535	-1.2430893	-0.28558552	0
402.51465	-1.2078047	-37.097771	-1.2442677	-0.28716177	0
403.01465	-1.209712	-37.572758	-1.2457377	-0.28876513	1
403.51465	-1.2105763	-34.554558	-1.2471423	-0.29040903	0
404.01465	-1.2125134	-36.210987	-1.2485071	-0.29180229	0
404.51465	-1.2132943	-34.432812	-1.2503172	-0.29392987	0
405.01465	-1.2155712	-36.496422	-1.2517959	-0.29572934	0
405.51465	-1.2150645	-33.57526	-1.2535387	-0.29755592	0
406.01465	-1.2161136	-33.240913	-1.2550908	-0.29955447	0
406.51465	-1.2187243	-31.070427	-1.2561058	-0.30108809	0
407.01465	-1.2201369	-31.665302	-1.2573712	-0.30277014	0
407.51465	-1.2218356	-29.331089	-1.2587124	-0.30469745	0
408.01465	-1.2210727	-30.485498	-1.2604728	-0.30668706	0
408.51465	-1.2239099	-29.713032	-1.2619936	-0.30926347	0
409.01465	-1.2269437	-29.197216	-1.2633094	-0.31184971	0
409.51465	-1.2287498	-29.006664	-1.2645284	-0.31497657	0
410.01465	-1.2295067	-14.956167	-1.2729739	-0.38892478	0
410.51465	-1.2307167	-13.959673	-1.2743005	-0.39067119	0
411.01465	-1.2329221	-13.733792	-1.2761772	-0.39276481	0
411.51465	-1.2347698	-13.90045	-1.2776369	-0.39443046	0
412.01465	-1.2341678	-15.028495	-1.2792572	-0.39613426	0
412.51465	-1.2369215	-13.449535	-1.2812136	-0.39792746	0
413.01465	-1.2404323	-14.436801	-1.2824192	-0.39923012	0
413.51465	-1.240921	-14.374441	-1.2843077	-0.40073007	1
414.01465	-1.2421548	-13.93349	-1.2854551	-0.40222406	0
414.51465	-1.2427449	-11.678142	-1.2872257	-0.40366739	0
415.01465	-1.2448668	-13.052865	-1.2887747	-0.40514141	0
415.51465	-1.2469292	-13.414027	-1.2906538	-0.40676802	0
416.01465	-1.2477636	-12.177846	-1.2921287	-0.40822387	0
416.51465	-1.2502074	-11.952787	-1.2939926	-0.40981561	0
417.01465	-1.2499213	-9.9946156	-1.2955606	-0.41143537	0
417.51465	-1.250571	-12.89591	-1.2970134	-0.41250557	0
418.01465	-1.2538314	-13.571139	-1.2989361	-0.41449964	0
418.51465	-1.2559772	-12.349248	-1.300372	-0.41584224	0
419.01465	-1.2554944	-12.77079	-1.3019139	-0.41727453	0
419.51465	-1.2579739	-12.004158	-1.3038881	-0.41902512	0
420.01465	-1.2588382	-12.523206	-1.3052549	-0.42023897	0
420.51465	-1.2613118	-11.862047	-1.3071232	-0.42205334	0
421.01465	-1.2636125	-12.057194	-1.3087589	-0.42342633	0
421.51465	-1.2649357	-9.8634825	-1.3105834	-0.42533517	0
422.01465	-1.2655735	-10.388219	-1.3120754	-0.42664766	0
422.51465	-1.2660801	-8.4294634	-1.3139153	-0.42811304	0
423.01465	-1.2688279	-9.4721203	-1.3153788	-0.42971849	0
423.51465	-1.2722731	-7.7491169	-1.3168846	-0.43105274	0
424.01465	-1.2741446	-10.353479	-1.3187973	-0.43284744	1
424.51465	-1.2748897	-7.4677558	-1.3199286	-0.43386132	0
425.01465	-1.2749493	-9.9063416	-1.3215592	-0.4351905	0
425.51465	-1.2762487	-9.386919	-1.3230993	-0.43676674	0
426.01465	-1.2772202	-9.3117485	-1.324734	-0.43825209	0
426.51465	-1.2801886	-7.8930063	-1.3263214	-0.43983668	0
427.01465	-1.2799859	-9.4920797	-1.3274446	-0.4407227	0
427.51465	-1.2809277	-7.4515634	-1.3290007	-0.4421553	0
428.01465	-1.283896	-10.07478	-1.3305283	-0.44392467	0
428.51465	-1.2839794	-8.5128937	-1.3323929	-0.44529945	0
429.01465	-1.284951	-8.0543022	-1.3341858	-0.44729084	0
429.51465	-1.2883246	-6.3043652	-1.3360572	-0.44867575	0
430.01465	-1.2896955	-7.3741755	-1.3377668	-0.45024842	0
430.51465	-1.293385	-6.2655425	-1.3396193	-0.45209825	0
431.01465	-1.2924969	-7.1345439	-1.3409792	-0.45339614	0
431.51465	-1.2949407	-5.285666	-1.3426855	-0.45528263	0
432.01465	-1.2963712	-8.7024565	-1.3440913	-0.45603633	0
432.51465	-1.2970746	-6.1106091	-1.3454331	-0.45763046	0
433.01465	-1.2980521	-6.7836337	-1.346949	-0.45905143	0
433.51465	-1.3007462	-6.2176118	-1.348424	-0.46044081	0
434.01465	-1.300329	-9.9389486	-1.3501019	-0.4620114	0
434.51465	-1.3028502	-7.668406	-1.3518606	-0.46338469	1
435.01465	-1.302892	-5.8053422	-1.3532602	-0.46486586	0
435.51465	-1.3049662	-5.6641846	-1.3549724	-0.46650589	0
436.01465	-1.306349	-3.6387253	-1.3567418	-0.46802253	0
436.51465	-1.3072848	-4.78616	-1.3586342	-0.46988606	0
437.01465	-1.311636	-8.5674706	-1.3603848	-0.47116816	0
437.51465	-1.3142109	-6.4406176	-1.3619419	-0.47291547	0
438.01465	-1.3131499	-8.22155	-1.3638932	-0.47442645	0
438.51465	-1.3151705	-4.2402263	-1.3654263	-0.47618955	0
439.01465	-1.3174474	-5.3694768	-1.3673664	-0.47776848	0
439.51465	-1.3187349	-6.2600727	-1.3687383	-0.47897547	0
440.01465	-1.3199091	-3.5872755	-1.370646	-0.48078686	0
440.51465	-1.321727	-3.5837393	-1.3723791	-0.48220187	0
441.01465	-1.3246834	-3.0754557	-1.374228	-0.48422098	0
441.51465	-1.3240695	-3.536449	-1.3757714	-0.48529863	0
442.01465	-1.3243377	-7.3545079	-1.3774531	-0.48704028	0
442.51465	-1.327318	-6.7673707	-1.3788786	-0.48814029	0
443.01465	-1.3288736	-4.3251491	-1.3803109	-0.48965216	0
443.51465	-1.3309181	-4.4767427	-1.3815725	-0.49094081	0
444.01465	-1.3320625	-5.0969839	-1.3829063	-0.49205303	0
444.51465	-1.3334036	-2.9594059	-1.3841419	-0.49344778	0
445.01465	-1.3358653	-6.1962509	-1.3857728	-0.49465686	1
445.51465	-1.3373137	-4.454051	-1.3870722	-0.49616843	1
446.01465	-1.3392508	-6.406949	-1.3884032	-0.49710095	0
446.51465	-1.3381004	-5.1019592	-1.3898661	-0.49845695	0
447.01465	-1.3383985	-1.3343381	-1.3914611	-0.4999575	0
447.51465	-1.3413668	-3.9811823	-1.3933903	-0.50170392	0
448.01465	-1.3446391	-2.3724914	-1.3951739	-0.50323725	0
448.51465	-1.3424218	-6.5139194	-1.3970652	-0.50482154	0
449.01465	-1.3450563	-5.0178909	-1.3986077	-0.50645858	0
449.51465	-1.3495743	-5.6668582	-1.3999015	-0.50761104	0
450.01465	-1.3502717	-7.2149415	-1.4013138	-0.50920039	0
450.51465	-1.3497889	-5.8303823	-1.4022636	-0.50981641	0
451.01465	-1.3533473	-5.161365	-1.4039314	-0.51162422	0
451.51465	-1.3539672	-3.2907078	-1.4054532	-0.51266074	0
452.01465	-1.3564169	-3.5187795	-1.4071865	-0.51462293	0
452.51465	-1.3575613	-5.5101018	-1.4086825	-0.51596552	0
453.01465	-1.3600707	-2.44806	-1.409892	-0.51735997	0
453.51465	-1.3594925	-2.4572735	-1.4115809	-0.5187431	0
454.01465	-1.3597012	-4.6294389	-1.4123989	-0.5279243	0
454.51465	-1.3647079	1.2768981	-1.4133232	-8.6240463	0
455.01465	-1.3662398	3.0743237	-1.414546	-8.6240463	0
455.51465	-1.3668418	2.917208	-1.4148949	-8.6240463	0
