MTS793|MPT|FRA|1|2|.|.|:|33|1|1|A

Acquisition de données						Temps :	346.40332	Sec	28.05.2013 18:17:46
Temps	Axial Déplacement	Axial Force	Axial fléche	Axial CMOD*2	Canon
Sec	mm	N	mm	mm	unitless
0.51367188	-0.0027298927	2.7109239	0.0016692281	-0.001347959	0
1.0136719	-0.00065565109	-1.38441	0.0015293807	-0.0012846291	0
1.5136719	-0.0011205673	-0.14882071	0.0013539195	-0.0013630092	0
2.0136719	-0.0021517277	1.751232	0.0012350082	-0.0013008714	0
2.5136719	-0.0002682209	0.306153	0.00097215176	-0.0014051795	0
3.0136719	-0.0017642975	-3.083549	0.00036403537	-0.0014144182	0
3.5136719	-0.0061690807	1.2762372	-0.0015462935	-0.001462698	0
4.0136719	-0.0095665455	-0.94835186	-0.0059643388	-0.0014059246	0
4.5136719	-0.01321435	1.0365651	-0.0094988942	-0.0015079975	0
5.0136719	-0.014704466	-2.1413715	-0.011683702	-0.0013639033	0
5.5136719	-0.017273426	1.3782208	-0.012984276	-0.0014613569	0
6.0136719	-0.018233061	-1.7835263	-0.014734417	-0.0014023483	0
6.5136719	-0.019532442	-1.8071218	-0.016290694	-0.0014948845	0
7.0136719	-0.020903349	-1.5495725	-0.018233657	-0.0014877319	0
7.5136719	-0.0223279	-0.053327426	-0.019883662	-0.0014747679	0
8.0136719	-0.024431944	-0.74778903	-0.02120778	-0.0015561283	0
8.5136719	-0.02849102	-0.10257749	-0.022736192	-0.0014920533	0
9.0136719	-0.029885769	-3.0413277	-0.024279058	-0.001501888	0
9.5136719	-0.028502941	-1.9632373	-0.025632232	-0.0015935302	0
10.013672	-0.029855967	-2.2795076	-0.027734339	-0.0013417006	1
10.513672	-0.033140182	0.76085764	-0.029607415	-0.0015236437	1
11.013672	-0.033503771	-1.2358701	-0.031097233	-0.0014284253	0
11.513672	-0.036919117	0.08720988	-0.03242597	-0.0014878809	0
12.013672	-0.037676096	-0.74185729	-0.033882409	-0.0015103817	0
12.513672	-0.038975477	-1.3477138	-0.035709292	-0.0014048815	0
13.013672	-0.040662289	-0.45273325	-0.037378222	-0.0016193092	0
13.513672	-0.042253733	1.2575965	-0.039416403	-0.0015278161	0
14.013672	-0.043225288	-0.90467381	-0.040898919	-0.0015363097	0
14.513672	-0.044935942	-1.0336986	-0.042327642	-0.0015199184	0
15.013672	-0.04645586	-3.8389664	-0.043864399	-0.0015334785	0
15.513672	-0.048559904	0.24496627	-0.045495778	-0.0015710294	0
16.013672	-0.050491095	-1.8096255	-0.046550035	-0.0015822053	0
16.513672	-0.050318241	-1.0445209	-0.048068911	-0.0015421212	0
17.013672	-0.053155422	-1.7969254	-0.049757212	-0.0015103817	0
17.513672	-0.054508448	-1.4277108	-0.051403344	-0.0016126037	0
18.013672	-0.05736351	-2.5014195	-0.052718967	-0.0015977025	0
18.513672	-0.057113171	2.2555377	-0.054421723	-0.0014412403	0
19.013672	-0.059729815	-0.75027227	-0.055779368	-0.0015413761	0
19.513672	-0.059556961	-0.93292576	-0.05729124	-0.001475513	0
20.013672	-0.059980154	-2.5391834	-0.058824718	-0.0016051531	0
20.513672	-0.062847137	-1.6979309	-0.06059736	-0.0014872849	0
21.013672	-0.064396858	-0.90935373	-0.062577128	-0.001539737	1
21.513672	-0.066792965	1.1003726	-0.063862205	-0.0015796721	0
22.013672	-0.067800283	-0.71074766	-0.065440834	-0.0014637411	0
22.513672	-0.069272518	0.13602997	-0.066667944	-0.0015045702	0
23.013672	-0.071656704	-1.4110475	-0.0678505	-0.0014652312	0
23.513672	-0.072562695	-2.7304215	-0.068944842	-0.0013849139	0
24.013672	-0.07250905	-2.6560316	-0.070550591	-0.0013774633	0
24.513672	-0.074201822	-0.43064997	-0.07236436	-0.0014525652	0
25.013672	-0.077086687	0.24016647	-0.07386893	-0.0013457239	0
25.513672	-0.076687336	1.2001829	-0.075145364	-0.0014159083	0
26.013672	-0.077724457	-0.36146939	-0.076554567	-0.0013414025	0
26.513672	-0.081497431	-1.0612749	-0.078424215	-0.0013056397	0
27.013672	-0.081181526	-0.8617124	-0.080555677	-0.0013874471	0
27.513672	-0.085514784	-0.62574607	-0.082662106	-0.0013169646	0
28.013672	-0.086158514	-4.3448396	-0.084155053	-0.0012500584	0
28.513672	-0.087368488	-2.0354686	-0.085826069	-0.0012525916	0
29.013672	-0.087487698	-1.9029368	-0.08710593	-0.0013867021	0
29.513672	-0.090116262	-2.9767363	-0.088208169	-0.0013199449	0
30.013672	-0.092357397	-3.3726554	-0.089598596	-0.0013194978	0
30.513672	-0.091570616	-2.9817085	-0.091153979	-0.0013284385	0
31.013672	-0.095385313	-1.6112827	-0.093194097	-0.0011947751	0
31.513672	-0.098145008	-1.7985576	-0.095015466	-0.0011350214	1
32.013672	-0.097197294	-2.8409405	-0.096173286	-0.0012657046	0
32.513672	-0.09983182	-0.18809384	-0.098013729	-0.0011584163	0
33.013672	-0.097835064	-0.440469	-0.09962216	-0.0011187792	0
33.513672	-0.10178685	-1.2417903	-0.10136217	-0.0011141598	0
34.013672	-0.10453463	-3.1506674	-0.10264158	-0.0010900199	0
34.513672	-0.10433793	-0.92754388	-0.10428399	-0.0010335445	0
35.013672	-0.10696054	-3.8514206	-0.10541394	-0.0011171401	0
35.513672	-0.10696054	-5.0504775	-0.10705099	-0.0010673702	0
36.013672	-0.10923743	-1.9795555	-0.10846198	-0.0010675192	0
36.513672	-0.11150241	-3.7647228	-0.11002868	-0.0010669231	0
37.013672	-0.11065602	-3.4887609	-0.11163577	-0.0010967255	0
37.513672	-0.11262894	-3.3496218	-0.11329412	-0.0010535121	0
38.013672	-0.11492372	-2.5594912	-0.11464998	-0.0010089576	0
38.513672	-0.11678934	-3.5305436	-0.11603028	-0.00098183751	0
39.013672	-0.11959672	-1.5825071	-0.1177974	-0.0010748208	0
39.513672	-0.11979938	-2.0680699	-0.11912644	-0.001026839	0
40.013672	-0.1228869	-2.9591956	-0.12050197	-0.00095441937	0
40.513672	-0.12384653	-1.7551163	-0.12183174	-0.00098705292	0
41.013672	-0.12341738	-1.2472979	-0.12350723	-0.00098228455	0
41.513672	-0.12685061	0.95707405	-0.12560517	-0.00094026327	0
42.013672	-0.12517571	-2.6631832	-0.12738407	-0.00087410212	1
42.513672	-0.1277566	-3.1672869	-0.12876391	-0.00093087554	0
43.013672	-0.13021231	-5.9516182	-0.13032928	-0.00099107623	0
43.513672	-0.13264418	-2.9865437	-0.13198167	-0.0008584559	0
44.013672	-0.1331985	-4.2005086	-0.13370663	-0.00073954463	0
44.513672	-0.1354754	-0.26117045	-0.13540789	-0.00094667077	0
45.013672	-0.13705492	-0.38380715	-0.13730854	-0.00087350607	0
45.513672	-0.13773441	-3.5569527	-0.13900965	-0.00089302659	0
46.013672	-0.1385808	1.6495876	-0.14051333	-0.00085771084	0
46.513672	-0.14193058	-0.91020191	-0.14189973	-0.00081777573	0
47.013672	-0.14182329	-0.59464234	-0.14343381	-0.00088810921	0
47.513672	-0.14441013	2.1076794	-0.14516532	-0.00068843365	0
48.013672	-0.14539957	-3.4123819	-0.14680296	-0.00077143312	0
48.513672	-0.14707446	-1.42872	-0.14848366	-0.00067800283	0
49.013672	-0.14852881	-2.8197637	-0.15034795	-0.00081270933	0
49.513672	-0.15189648	-2.8917084	-0.15152484	-0.00061228871	0
50.013672	-0.15127063	-3.4511199	-0.15243575	-0.0007045269	0
50.513672	-0.15234947	-0.075864054	-0.15387654	-0.00065222383	0
51.013672	-0.15322566	-3.0454226	-0.1552403	-0.00077471137	0
51.513672	-0.15663505	-2.0983369	-0.15712127	-0.00069245696	0
52.013672	-0.15841126	-0.24815445	-0.15835404	-0.0006955862	0
52.513672	-0.15903711	-1.9116355	-0.15998468	-0.00037446618	1
53.013672	-0.16081333	-0.020331228	-0.16125858	-0.00062003732	1
53.513672	-0.16069412	0.42450759	-0.16231269	-0.00066965818	0
54.013672	-0.16331673	-1.2811219	-0.16345277	-0.00047147274	0
54.513672	-0.16480684	-3.8277988	-0.16610458	-0.00052243471	0
55.013672	-0.16799569	-1.4886811	-0.16795143	-0.00055775046	0
55.513672	-0.16846061	-3.3079383	-0.16946003	-0.00062718987	0
56.013672	-0.17239451	0.85728693	-0.17066121	-0.00042483211	0
56.513672	-0.1711309	1.2220001	-0.17181814	-0.00053316355	0
57.013672	-0.17201304	-1.020981	-0.17359778	-0.00041440129	0
57.513672	-0.17368793	-1.3022603	-0.17525166	-0.00044956803	0
58.013672	-0.1742363	-0.91837424	-0.17729759	-0.00049129128	0
58.513672	-0.17624497	-1.2466836	-0.17856494	-0.00048652291	0
59.013672	-0.17837286	-0.41013741	-0.18010363	-0.00041648746	0
59.513672	-0.18058419	-3.5961878	-0.18155172	-0.00038787723	0
60.013672	-0.18233657	-2.4121125	-0.18319085	-0.00033944845	0
60.513672	-0.18368959	-3.2142117	-0.18454313	-0.00031962991	0
61.013672	-0.18340945	-3.878845	-0.1856637	-0.00041484833	0
61.513672	-0.18526912	-0.8561433	-0.18726692	-0.00028640032	0
62.013672	-0.18721223	-2.908205	-0.18872723	-0.00034362078	0
62.513672	-0.18803477	-3.0871468	-0.19048244	-0.00029250979	0
63.013672	-0.19130707	-0.47684056	-0.1918374	-0.00028729439	0
63.513672	-0.19139647	0.10807637	-0.19349575	-0.00035136938	1
64.013672	-0.19232035	-2.955826	-0.19524723	-0.00032186508	0
64.513672	-0.19537807	-1.4032613	-0.19711971	-0.00025883317	0
65.013672	-0.19699335	-1.6594155	-0.19898146	-0.00031858683	0
65.513672	-0.19778609	-1.4363248	-0.20051703	-0.00034332275	0
66.013672	-0.19939542	-0.019544419	-0.20212322	-0.00036805868	0
66.513672	-0.20054579	-2.3759136	-0.20376697	-0.00021606684	0
67.013672	-0.20299554	-0.20467822	-0.2051273	-0.0001758337	0
67.513672	-0.2055645	-0.13316354	-0.20682052	-0.00026062131	0
68.013672	-0.20463467	-2.937741	-0.20827055	-0.00027909875	0
68.513672	-0.20822883	-4.1518145	-0.20991132	-0.00027701259	0
69.013672	-0.2071023	0.16097969	-0.21181226	-0.00020712614	0
69.513672	-0.208354	-1.4440935	-0.21359697	-0.00024959445	0
70.013672	-0.21317601	-2.4373577	-0.21510109	-0.00020742416	0
70.513672	-0.21263361	-1.6460367	-0.21645069	-0.00014185905	0
71.013672	-0.21395683	-1.5972079	-0.2181156	-0.00014066696	0
71.513672	-0.21634102	-1.0933322	-0.21940991	-0.00027194619	0
72.013672	-0.21867752	-0.56965756	-0.22107273	-0.00025674701	0
72.513672	-0.2180934	-1.8350374	-0.22230268	-0.00022411346	0
73.013672	-0.21994114	-1.157751	-0.22375688	-0.00027582049	0
73.513672	-0.22165775	-2.5227981	-0.22529125	-0.00021830201	0
74.013672	-0.22376776	-2.2682672	-0.22681594	-0.00017955899	1
74.513672	-0.22514462	-2.3882596	-0.22803903	-0.00013560057	0
75.013672	-0.22580624	-0.81227511	-0.2291581	-0.00019624829	0
75.513672	-0.22827387	-1.6669443	-0.23046449	-0.00010624528	0
76.013672	-0.22884607	-3.0805511	-0.23224533	-0.00017270446	0
76.513672	-0.2310276	-1.8136795	-0.23401499	-0.00024989247	0
77.013672	-0.23181438	0.63761842	-0.23596108	-0.00013500452	0
77.513672	-0.23527145	-0.73440164	-0.23765817	-0.00014096498	0
78.013672	-0.23607016	1.0768795	-0.23905605	-0.00011444092	0
78.513672	-0.23618937	-0.080988549	-0.24063721	-0.00027239323	0
79.013672	-0.23830533	-1.7643621	-0.2424036	-0.00010713935	0
79.513672	-0.24015903	-0.58015513	-0.24428278	-0.00022351742	0
80.013672	-0.24192929	-1.579746	-0.24567798	-0.00014230609	0
80.513672	-0.24082065	-2.8190207	-0.24720624	-0.00010669231	0
81.013672	-0.24472475	0.075852349	-0.2491872	-0.00013560057	0
81.513672	-0.24585724	0.30508247	-0.25144368	-6.0498714e-05	0
82.013672	-0.24911761	-2.4612455	-0.25300562	-0.00014767051	0
82.513672	-0.24828315	-1.7681822	-0.2544485	-2.4735928e-05	0
83.013672	-0.24935007	0.5179593	-0.25584236	-0.00019222498	0
83.513672	-0.25286078	-0.55569685	-0.25706694	-0.00016659498	0
84.013672	-0.254035	0.46416682	-0.25863737	-0.00010430813	0
84.513672	-0.25542974	-2.7021842	-0.26027113	-0.00023797154	1
85.013672	-0.25544167	-2.2858839	-0.26158586	-2.3394823e-05	0
85.513672	-0.25815368	-0.83111167	-0.26316866	-0.00014901161	0
86.013672	-0.26041269	-2.6453178	-0.2647236	-7.9870224e-05	0
86.513672	-0.26208162	-4.6451836	-0.26632309	-0.0001449883	0
87.013672	-0.26091337	-2.4350936	-0.26794121	-0.00013038516	0
87.513672	-0.26599169	-3.438493	-0.26942953	-5.6177378e-05	0
88.013672	-0.26603341	-1.0684644	-0.27114615	-0.00010117888	0
88.513672	-0.26797056	-0.63195866	-0.27232453	-5.2005053e-05	0
89.013672	-0.26853681	0.42322356	-0.27413502	-5.0663948e-06	0
89.513672	-0.27009845	-3.7434146	-0.27590722	-8.1807375e-05	0
90.013672	-0.27138591	-2.0849235	-0.27761579	-8.1658363e-05	0
90.513672	-0.27273893	-2.3356166	-0.27909845	-8.5383654e-05	0
91.013672	-0.27417541	-3.5943861	-0.28077826	5.3048134e-05	0
91.513672	-0.27620196	-4.0155301	-0.28254092	-0.0001077354	0
92.013672	-0.27636886	0.97321379	-0.28371513	-0.00013247132	0
92.513672	-0.28033257	-3.0040493	-0.28508157	-0.00010102987	0
93.013672	-0.28088689	-0.6827209	-0.2863878	2.220273e-05	0
93.513672	-0.28235912	-0.79158407	-0.28818443	2.9802322e-07	0
94.013672	-0.28159618	-0.93692124	-0.28950915	-3.8295984e-05	0
94.513672	-0.28607249	-3.6526625	-0.29087216	2.8312206e-06	0
95.013672	-0.28651357	-2.5975535	-0.29262632	3.9935112e-05	1
95.513672	-0.28805733	-2.9092433	-0.29389262	-2.4884939e-05	0
96.013672	-0.29044747	-4.136488	-0.29530838	5.0663948e-05	0
96.513672	-0.2902329	-2.3682501	-0.29684365	9.6410513e-05	0
97.013672	-0.29226542	-3.8846216	-0.29835999	1.6391277e-06	0
97.513672	-0.29360056	-1.0714245	-0.30019298	-6.9886446e-05	0
98.013672	-0.29534698	-2.8766129	-0.30216932	0.00017046928	0
98.513672	-0.29657483	-3.1800983	-0.30376747	3.5762787e-06	0
99.013672	-0.2984941	-4.8068976	-0.30529559	0.00016197562	0
99.513672	-0.30201077	-1.3932726	-0.30660734	8.3148479e-05	0
100.01367	-0.30115843	-1.3478893	-0.30808195	3.1292439e-05	0
100.51367	-0.30145645	-1.9588236	-0.30978888	2.9951334e-05	0
101.01367	-0.30503869	-0.18165605	-0.31133577	5.0514936e-05	0
101.51367	-0.30410886	-1.1706089	-0.3134039	0.00015750527	0
102.01367	-0.30740499	-1.2366921	-0.31529963	4.7981739e-05	0
102.51367	-0.30888319	-3.286803	-0.31660795	0.00015109777	0
103.01367	-0.31288266	-1.1759266	-0.31827539	0.00014871359	0
103.51367	-0.31217337	0.12003936	-0.3193593	0.00024884939	0
104.01367	-0.31129122	-0.38358191	-0.32109097	0.00022828579	0
104.51367	-0.31603575	-1.5477121	-0.32287359	6.1690807e-05	0
105.01367	-0.31703115	-1.1635131	-0.32456011	0.00029578805	0
105.51367	-0.31825304	-2.9885323	-0.32583594	0.00019416213	1
106.01367	-0.31897426	-1.5955698	-0.32750592	0.00028729439	1
106.51367	-0.31977296	-1.7832192	-0.32877222	0.00017300248	0
107.01367	-0.32397509	1.8492906	-0.33045888	0.00021457672	0
107.51367	-0.32200813	-3.8952186	-0.3318198	0.00016823411	0
108.01367	-0.32721162	-1.3497584	-0.33349872	0.00022545457	0
108.51367	-0.3287673	-4.5178823	-0.33478394	0.00023379922	0
109.01367	-0.32939911	-3.3313291	-0.33613443	0.00016719103	0
109.51367	-0.32943487	-3.0002499	-0.33733353	8.5532665e-05	0
110.01367	-0.33032298	-1.7024091	-0.33876151	0.00016123056	0
110.51367	-0.33336878	-3.6484742	-0.3400065	7.9572201e-05	0
111.01367	-0.33347011	-2.472919	-0.34156755	0.00012084842	0
111.51367	-0.33644438	-1.6607697	-0.34348994	0.00011399388	0
112.01367	-0.3362	-4.1656055	-0.34467503	6.92904e-05	0
112.51367	-0.33711791	-0.95587778	-0.34594208	0.00017121434	0
113.01367	-0.34000874	-2.4735861	-0.34765467	0.00013247132	0
113.51367	-0.3420949	-2.0217798	-0.34921825	0.00020295382	0
114.01367	-0.34352541	-2.4110565	-0.35065442	0.00013723969	0
114.51367	-0.3455162	-0.76665193	-0.35243571	0.00011727214	0
115.01367	-0.34670234	-0.45126492	-0.35400078	2.4884939e-05	0
115.51367	-0.34609437	-1.5349244	-0.35571173	0.00026628375	0
116.01367	-0.34928322	-2.3386762	-0.35780564	0.00027000904	0
116.51367	-0.35107732	0.36195785	-0.35971254	0.00024825335	1
117.01367	-0.35245419	-4.2672763	-0.36105663	0.00015556812	0
117.51367	-0.35460591	-1.4928316	-0.3629069	0.00024020672	0
118.01367	-0.35429597	-2.1047194	-0.36462799	0.00017881393	0
118.51367	-0.35610199	-2.8545647	-0.36603063	0.00029534101	0
119.01367	-0.35960674	-3.9048886	-0.36715746	0.00026836991	0
119.51367	-0.35951734	-1.5339708	-0.36808535	0.00011324883	0
120.01367	-0.36039352	-3.7988949	-0.36982968	0.0001296401	0
120.51367	-0.36287308	-2.3428295	-0.37142232	0.00017538667	0
121.01367	-0.36348701	-3.9828262	-0.37263721	0.0002604723	0
121.51367	-0.36665201	-1.1399878	-0.37450165	0.0001347065	0
122.01367	-0.36806464	-4.3894043	-0.37622467	0.00014305115	0
122.51367	-0.36973953	-2.9093106	-0.37774622	0.00019326806	0
123.01367	-0.36913753	-3.6228077	-0.37916556	2.8312206e-05	0
123.51367	-0.37186742	-2.1696296	-0.38058862	0.00012084842	0
124.01367	-0.37357211	-2.6405969	-0.38221523	0.0001616776	0
124.51367	-0.37587285	-4.1838751	-0.38375124	5.8114529e-05	0
125.01367	-0.37747025	-3.9392948	-0.38498253	0.00010326505	0
125.51367	-0.37584901	-2.6875772	-0.38658708	-6.4224005e-05	0
126.01367	-0.37828088	-1.3978795	-0.38821951	4.6491623e-05	0
126.51367	-0.38257241	-4.0952463	-0.39027005	5.6624413e-06	0
127.01367	-0.38163066	-0.89752239	-0.3918317	0.00012755394	1
127.51367	-0.38205981	-2.8149345	-0.39337203	8.4042549e-05	0
128.01367	-0.3854692	-2.202383	-0.39501429	-0.00016734004	0
128.51367	-0.38858652	-3.0197036	-0.39697811	0.00013887882	0
129.01367	-0.39001107	-4.5450134	-0.39831579	-5.3346157e-05	0
129.51367	-0.39125681	-3.8196206	-0.3997995	-7.5399876e-05	0
130.01367	-0.39126873	-2.6233513	-0.40104404	1.1175871e-05	0
130.51367	-0.39326549	-6.6162572	-0.40286899	1.4901161e-05	0
131.01367	-0.39484501	-3.9319239	-0.40514514	0.00013977289	0
131.51367	-0.39794445	-5.190465	-0.40711343	-8.046627e-06	0
132.01367	-0.39874315	-6.2038202	-0.40861145	0.00022977591	0
132.51367	-0.40077567	-4.070013	-0.40977269	0.00022545457	0
133.01367	-0.40165782	-3.9565313	-0.41104332	3.6209822e-05	0
133.51367	-0.40305257	-4.9025226	-0.41234538	0.00017598271	0
134.01367	-0.40265322	-4.8269658	-0.41366041	7.0184469e-05	0
134.51367	-0.40454268	-3.8372817	-0.41505396	7.8529119e-05	0
135.01367	-0.40698647	-2.4674318	-0.41628659	1.6093254e-05	0
135.51367	-0.40821433	-3.7976575	-0.41743353	-8.1211329e-05	0
136.01367	-0.40743351	-3.6556754	-0.41882783	0.00018164515	0
136.51367	-0.41087866	-6.2607312	-0.42058527	6.8992376e-05	0
137.01367	-0.41248798	-3.3639245	-0.42219192	7.1823597e-05	0
137.51367	-0.41486621	-0.54079139	-0.42425558	0.00010505319	1
138.01367	-0.41565895	-4.47786	-0.42550638	-8.6426735e-06	0
138.51367	-0.41695833	-3.0152314	-0.42708039	0.00020489097	0
139.01367	-0.41956902	-4.5481668	-0.428579	4.9471855e-05	0
139.51367	-0.41998625	-2.5182848	-0.42991295	0.00017642975	0
140.01367	-0.42108893	-2.7789316	-0.43158472	-5.8561563e-05	0
140.51367	-0.42332411	-5.8997793	-0.43328658	4.6342611e-05	0
141.01367	-0.4247427	-2.3547428	-0.43462679	0.00013440847	0
141.51367	-0.42383075	-2.6275077	-0.43618605	4.4554472e-05	0
142.01367	-0.42842031	-5.794672	-0.43779939	6.005168e-05	0
142.51367	-0.42744279	-3.9896061	-0.43943033	0.00022187829	0
143.01367	-0.43119788	-4.6639647	-0.44100419	0.00019177794	0
143.51367	-0.42977929	-5.0449901	-0.44305682	0.00023797154	0
144.01367	-0.43419003	-4.5605245	-0.44424534	0.00010147691	0
144.51367	-0.4342258	-4.9710746	-0.44557482	0.00029996037	0
145.01367	-0.43468475	-5.9162617	-0.44719234	-3.516674e-05	0
145.51367	-0.43669939	-3.7093916	-0.44873789	0.000243783	0
146.01367	-0.43823123	-5.0115552	-0.45030013	0.0001783669	0
146.51367	-0.44122934	-5.4202714	-0.4523401	5.1707029e-05	0
147.01367	-0.44147968	-6.1117029	-0.45402914	0.00020474195	0
147.51367	-0.44476986	-4.1098914	-0.45565888	-3.4868717e-05	0
148.01367	-0.44558048	-7.9825034	-0.45663789	0.00026002526	1
148.51367	-0.44652224	-6.2608509	-0.45872644	-2.6971102e-05	1
149.01367	-0.44890642	-6.3016305	-0.46035647	-4.5448542e-05	0
149.51367	-0.45027137	-5.3767862	-0.46151847	0.00010952353	0
150.01367	-0.45061707	-7.6093373	-0.46282902	-0.00024467707	0
150.51367	-0.45239925	-6.7255268	-0.46460181	0.00035867095	0
151.01367	-0.45403242	-8.0240107	-0.4662393	-3.4570694e-05	0
151.51367	-0.45569539	-10.107715	-0.46791494	-2.1457672e-05	0
152.01367	-0.45807362	-10.30597	-0.46890914	0.00010669231	0
152.51367	-0.4598856	-11.730536	-0.47064677	-0.00018432736	0
153.01367	-0.4599154	-12.335996	-0.47185093	-0.00020131469	0
153.51367	-0.46069622	-14.303843	-0.47333151	-0.00024005771	0
154.01367	-0.46289563	-14.229332	-0.47461927	-9.6261501e-05	0
154.51367	-0.46496391	-19.773964	-0.47631606	-0.0001129508	0
155.01367	-0.4662931	-18.771408	-0.47728345	-0.0003965199	0
155.51367	-0.46916008	-20.797344	-0.47819152	-0.00042781234	0
156.01367	-0.47031641	-22.421291	-0.4788892	-0.00030383468	0
156.51367	-0.46899915	-21.617783	-0.47947019	-0.00056192279	0
157.01367	-0.47237277	-24.400169	-0.48047051	-0.00051900744	0
157.51367	-0.47450066	-28.717371	-0.48124701	-0.00043973327	0
158.01367	-0.47655702	-25.702688	-0.48200503	-0.00046566129	0
158.51367	-0.47535896	-29.276241	-0.48266351	-0.00049769878	0
159.01367	-0.47585368	-30.92494	-0.48368365	-0.00066593289	1
159.51367	-0.48051476	-29.879734	-0.48487753	-0.00062540174	0
160.01367	-0.48192143	-31.748753	-0.48548803	-0.00064611435	0
160.51367	-0.48435926	-31.813711	-0.48676193	-0.00063464046	0
161.01367	-0.48511028	-30.656786	-0.48787117	-0.00065073371	0
161.51367	-0.48517585	-30.381578	-0.49047753	-0.0007763505	0
162.01367	-0.48679709	-31.57476	-0.49153939	-0.00078231096	0
162.51367	-0.48778057	-33.88916	-0.49334705	-0.00078216195	0
163.01367	-0.48937201	-36.47385	-0.49518123	-0.00080108643	0
163.51367	-0.49245358	-33.108624	-0.49637914	-0.00093713403	0
164.01367	-0.49344897	-34.27359	-0.49855664	-0.00082030892	0
164.51367	-0.49609542	-33.78981	-0.4994458	-0.00085636973	0
165.01367	-0.49660206	-35.192463	-0.50066578	-0.00081911683	0
165.51367	-0.49727559	-34.54961	-0.50308573	-0.00083088875	0
166.01367	-0.49936175	-36.193947	-0.50473809	-0.00092118979	0
166.51367	-0.49993396	-38.114948	-0.50564855	-0.0007866323	0
167.01367	-0.50204992	-33.172729	-0.50706041	-0.00098645687	0
167.51367	-0.50352812	-33.905239	-0.50969064	-0.000898242	0
168.01367	-0.50672293	-34.591721	-0.51150382	-0.00096902251	0
168.51367	-0.50750971	-31.885643	-0.51287162	-0.00099644065	0
169.01367	-0.51025748	-32.919853	-0.5138129	-0.0010116398	0
169.51367	-0.50949454	-33.139801	-0.51454246	-0.00085011125	1
170.01367	-0.51271915	-35.007423	-0.51631284	-0.0008893013	0
170.51367	-0.51316619	-37.309433	-0.51805496	-0.00094920397	0
171.01367	-0.51552057	-33.861504	-0.51958215	-0.00092431903	0
171.51367	-0.51609278	-34.40443	-0.52051294	-0.00097587705	0
172.01367	-0.51662922	-35.173836	-0.52182901	-0.00097766519	0
172.51367	-0.51878691	-35.202793	-0.52379358	-0.00089451671	0
173.01367	-0.51969886	-36.418224	-0.52518487	-0.00097692013	0
173.51367	-0.52149296	-34.39352	-0.52652359	-0.00084102154	0
174.01367	-0.52368641	-35.015549	-0.52897739	-0.0011354685	0
174.51367	-0.52417517	-37.240852	-0.5315271	-0.0010272861	0
175.01367	-0.52636266	-33.484169	-0.53291112	-0.00098854303	0
175.51367	-0.52831173	-37.89452	-0.5353865	-0.0012053549	0
176.01367	-0.52978992	-37.99815	-0.53748798	-0.0011740625	0
176.51367	-0.5302608	-37.396011	-0.53815532	-0.0012370944	0
177.01367	-0.5315423	-37.580055	-0.53954673	-0.0010845065	0
177.51367	-0.53527951	-36.929554	-0.54111987	-0.0011314452	0
178.01367	-0.53642392	-38.594582	-0.54317665	-0.0011871755	0
178.51367	-0.53873658	-38.647297	-0.5451113	-0.0011493266	0
179.01367	-0.53914785	-40.205727	-0.54660964	-0.0013026595	0
179.51367	-0.53800344	-41.486935	-0.54860532	-0.0012296438	0
180.01367	-0.54075718	-42.406513	-0.55071741	-0.0013636053	1
180.51367	-0.54234266	-44.538074	-0.55265158	-0.0013679266	0
181.01367	-0.54530501	-43.279724	-0.55436182	-0.0015042722	0
181.51367	-0.54540038	-46.738503	-0.55575597	-0.0014585257	0
182.01367	-0.54668188	-44.522503	-0.55778635	-0.0015982985	0
182.51367	-0.54772496	-45.742424	-0.5602324	-0.0015035272	0
183.01367	-0.54897666	-46.461395	-0.5614385	-0.0016468763	0
183.51367	-0.55398345	-45.40181	-0.56411278	-0.0016798079	0
184.01367	-0.5531013	-45.80418	-0.56527722	-0.0016972423	0
184.51367	-0.55288076	-49.299511	-0.56686759	-0.0015476346	0
185.01367	-0.55740476	-48.467999	-0.56869853	-0.0016392767	0
185.51367	-0.55853724	-50.842316	-0.57011992	-0.0016136467	0
186.01367	-0.56056976	-48.034744	-0.57186276	-0.0016266108	0
186.51367	-0.56040883	-51.963737	-0.57308584	-0.0017291307	0
187.01367	-0.56305528	-53.622101	-0.57514697	-0.0018022954	0
187.51367	-0.56353211	-55.921909	-0.57647765	-0.0017444789	0
188.01367	-0.56498647	-53.759636	-0.57738572	-0.0017294288	0
188.51367	-0.5666554	-56.983429	-0.5790354	-0.001847446	0
189.01367	-0.56817532	-60.83094	-0.58024496	-0.0017930567	0
189.51367	-0.56872368	-63.704578	-0.58157086	-0.0019027293	0
190.01367	-0.57111382	-65.340302	-0.58329654	-0.0019733608	0
190.51367	-0.5730629	-67.011559	-0.58456212	-0.001976788	1
191.01367	-0.57405233	-69.247482	-0.58597088	-0.0020550191	0
191.51367	-0.57557821	-68.219696	-0.58683664	-0.0021862984	0
192.01367	-0.57612658	-72.084236	-0.58779013	-0.0020202994	0
192.51367	-0.57862997	-75.946213	-0.58934331	-0.0021514297	0
193.01367	-0.58096647	-79.035431	-0.59068096	-0.0022312999	0
193.51367	-0.58117509	-81.762062	-0.5918017	-0.0021874905	0
194.01367	-0.58352351	-84.237892	-0.59290439	-0.0022888184	0
194.51367	-0.58503151	-84.858955	-0.59364212	-0.0022438169	0
195.01367	-0.58592558	-88.918694	-0.59474498	-0.0023090839	0
195.51367	-0.58807731	-94.121185	-0.5959754	-0.0023733079	0
196.01367	-0.58936477	-96.637924	-0.59688777	-0.0024427474	0
196.51367	-0.5908668	-98.077065	-0.59782058	-0.0024607778	0
197.01367	-0.59143901	-101.37692	-0.59875995	-0.0025846064	0
197.51367	-0.59267879	-104.74727	-0.59967518	-0.0026026368	0
198.01367	-0.59669614	-107.65716	-0.60074103	-0.0025185943	0
198.51367	-0.59668422	-109.08773	-0.6016168	-0.0026400387	0
199.01367	-0.59756041	-113.39394	-0.60256672	-0.0026386976	0
199.51367	-0.59814453	-115.81145	-0.60361218	-0.0027804077	0
200.01367	-0.60136318	-120.6338	-0.60477793	-0.0028185546	0
200.51367	-0.60351491	-124.87347	-0.60595822	-0.0028595328	0
201.01367	-0.60397387	-133.88518	-0.60755491	-0.0028382242	1
201.51367	-0.60726404	-136.36006	-0.60877728	-0.0030137599	1
202.01367	-0.60864091	-137.05965	-0.60944486	-0.0030866265	0
202.51367	-0.60913563	-138.07219	-0.61006546	-0.0029927492	0
203.01367	-0.61056018	-145.69292	-0.61088192	-0.0030575693	0
203.51367	-0.61175227	-150.49533	-0.61163712	-0.0031742454	0
204.01367	-0.61450005	-154.61771	-0.61249244	-0.0032404065	0
204.51367	-0.61406493	-158.9668	-0.61362791	-0.0033740699	0
205.01367	-0.61669946	-163.45825	-0.61449528	-0.0033786893	0
205.51367	-0.61659217	-172.30122	-0.61537433	-0.0035449862	0
206.01367	-0.61842203	-175.8107	-0.61631072	-0.0036546588	0
206.51367	-0.61969161	-178.96794	-0.61705649	-0.0037398934	0
207.01367	-0.62131286	-185.36966	-0.6177032	-0.0038781762	0
207.51367	-0.62231421	-191.17892	-0.61838061	-0.0038135052	0
208.01367	-0.62434077	-196.87045	-0.61881393	-0.0039325655	0
208.51367	-0.6254971	-203.03285	-0.61932176	-0.0039221346	0
209.01367	-0.62755942	-208.28806	-0.61985087	-0.0041237473	0
209.51367	-0.62910914	-211.73212	-0.62029731	-0.0042238832	0
210.01367	-0.62964559	-218.29379	-0.62074292	-0.0043097138	0
210.51367	-0.63362718	-221.89436	-0.62121242	-0.0043322146	0
211.01367	-0.63439012	-231.20049	-0.62163562	-0.0044052303	0
211.51367	-0.63694715	-237.774	-0.62231016	-0.0045593083	0
212.01367	-0.63753724	-242.606	-0.62306017	-0.0046575069	1
212.51367	-0.63796639	-248.94844	-0.62340826	-0.0046880543	0
213.01367	-0.64009428	-252.63882	-0.62380064	-0.004825145	0
213.51367	-0.64124465	-257.97241	-0.6242159	-0.004888624	0
214.01367	-0.64209104	-260.61716	-0.62467784	-0.0049485266	0
214.51367	-0.64606071	-267.83112	-0.62500179	-0.0049416721	0
215.01367	-0.64602494	-266.56854	-0.62536299	-0.0050276518	0
215.51367	-0.64735413	-278.04465	-0.62570465	-0.0050584972	0
216.01367	-0.64969659	-285.23505	-0.62589693	-0.0052405894	0
216.51367	-0.64920187	-293.28888	-0.62635195	-0.0052952766	0
217.01367	-0.65294504	-300.10904	-0.62682062	-0.0054217875	0
217.51367	-0.65420866	-302.25888	-0.62723768	-0.0054626167	0
218.01367	-0.65492392	-309.81784	-0.6276722	-0.0056177378	0
218.51367	-0.65748692	-312.45505	-0.62804329	-0.0057196617	0
219.01367	-0.65625906	-319.88712	-0.62834561	-0.0058574975	0
219.51367	-0.66098571	-324.3223	-0.62870431	-0.0059893727	0
220.01367	-0.66082478	-334.08252	-0.62913847	-0.0060614944	0
220.51367	-0.66223145	-338.21112	-0.62950861	-0.0061909854	0
221.01367	-0.66354275	-341.72598	-0.62991381	-0.0062665343	0
221.51367	-0.66670775	-353.44635	-0.63032854	-0.0064221025	0
222.01367	-0.66698194	-358.28464	-0.63066572	-0.0065355003	0
222.51367	-0.66914558	-364.29462	-0.6313293	-0.0066414475	1
223.01367	-0.67129731	-369.89856	-0.63174295	-0.0067257881	0
223.51367	-0.67080855	-370.24567	-0.63222259	-0.006723851	0
224.01367	-0.67084432	-377.46594	-0.63274336	-0.0068736076	0
224.51367	-0.67391992	-382.69449	-0.63309681	-0.0069625676	0
225.01367	-0.67574382	-388.8334	-0.63336003	-0.0070352852	0
225.51367	-0.67840219	-394.88141	-0.63355118	-0.0072236359	0
226.01367	-0.6798625	-401.13699	-0.63387823	-0.0071543455	0
226.51367	-0.68005919	-401.35461	-0.63399446	-0.007288307	0
227.01367	-0.6822288	-410.55618	-0.63419747	-0.0073006749	0
227.51367	-0.68280697	-411.96957	-0.63443291	-0.0074727833	0
228.01367	-0.68464279	-416.71262	-0.63468385	-0.0074824691	0
228.51367	-0.68643093	-422.27512	-0.63480079	-0.0076347589	0
229.01367	-0.68953633	-430.44443	-0.63500416	-0.0077453256	0
229.51367	-0.68975687	-432.38461	-0.63534707	-0.0078561902	0
230.01367	-0.69192648	-435.85403	-0.63553703	-0.00787884	0
230.51367	-0.69214702	-440.66824	-0.63568759	-0.0079341233	0
231.01367	-0.69200397	-447.61005	-0.6359297	-0.0080886483	0
231.51367	-0.69557428	-448.85678	-0.6360808	-0.0082208216	0
232.01367	-0.6962657	-458.83524	-0.63625228	-0.0083008409	0
232.51367	-0.69972873	-471.5625	-0.6364122	-0.0085496902	0
233.01367	-0.70028901	-479.31717	-0.63669622	-0.0085960329	1
233.51367	-0.7024765	-486.07468	-0.63690931	-0.0086548924	0
234.01367	-0.70312023	-494.27386	-0.63715768	-0.0088429451	0
234.51367	-0.70456266	-497.02609	-0.63738227	-0.0089730322	0
235.01367	-0.70664883	-504.20255	-0.63759357	-0.0090065598	0
235.51367	-0.7075429	-506.52664	-0.63784629	-0.0090821087	0
236.01367	-0.70875287	-515.98639	-0.63806581	-0.0091539323	0
236.51367	-0.71103573	-520.39691	-0.63819277	-0.0092671812	0
237.01367	-0.71106553	-526.25586	-0.63844889	-0.0093203783	0
237.51367	-0.71229935	-531.3172	-0.63870144	-0.0093951821	0
238.01367	-0.71514845	-538.76855	-0.63890707	-0.0095587969	0
238.51367	-0.71772337	-544.63849	-0.63902009	-0.0096055865	0
239.01367	-0.71853995	-550.72821	-0.63931417	-0.0096426904	0
239.51367	-0.71896315	-556.55548	-0.63952315	-0.0098347664	0
240.01367	-0.72022676	-563.46497	-0.63975871	-0.0099776685	0
240.51367	-0.72100163	-569.55914	-0.63992929	-0.010093004	0
241.01367	-0.72395205	-579.9632	-0.64020288	-0.010128468	0
241.51367	-0.72520971	-585.73083	-0.64045608	-0.010226518	0
242.01367	-0.72745085	-589.04449	-0.64082372	-0.01035437	0
242.51367	-0.72579384	-594.26904	-0.64110744	-0.01042828	0
243.01367	-0.73013306	-604.04822	-0.64125371	-0.010541826	0
243.51367	-0.73173642	-607.96906	-0.6416775	-0.010463893	1
244.01367	-0.73259473	-613.23779	-0.6420033	-0.010813922	1
244.51367	-0.73413849	-620.08783	-0.64210725	-0.010955632	0
245.01367	-0.73382258	-630.82562	-0.64235759	-0.011112988	0
245.51367	-0.7380724	-639.33557	-0.64257592	-0.011033714	0
246.01367	-0.74017644	-644.79626	-0.64273107	-0.011366308	0
246.51367	-0.74164867	-651.99268	-0.64295638	-0.011438727	0
247.01367	-0.74250698	-657.48932	-0.64318132	-0.011502653	0
247.51367	-0.74427724	-663.81927	-0.64359903	-0.01161471	0
248.01367	-0.74489713	-671.32379	-0.64379275	-0.011787564	0
248.51367	-0.74746013	-672.21826	-0.6439321	-0.011938214	0
249.01367	-0.74849129	-682.04877	-0.64421248	-0.011949539	0
249.51367	-0.74939728	-685.78754	-0.64443123	-0.011944026	0
250.01367	-0.75029731	-691.68292	-0.64468396	-0.012106299	0
250.51367	-0.75094104	-703.50293	-0.64479768	-0.012250692	0
251.01367	-0.75446367	-709.19061	-0.64493227	-0.012416244	0
251.51367	-0.75672269	-715.27917	-0.64516711	-0.012411028	0
252.01367	-0.75702071	-721.97357	-0.64537179	-0.01251772	0
252.51367	-0.75633526	-730.09021	-0.64554274	-0.012744218	0
253.01367	-0.76022148	-734.88251	-0.64568269	-0.012808591	0
253.51367	-0.76291561	-742.22821	-0.64591122	-0.012955517	0
254.01367	-0.76212287	-747.59955	-0.64609051	-0.013019294	0
254.51367	-0.76443553	-753.71954	-0.64664572	-0.013097525	1
255.01367	-0.76777339	-761.60571	-0.64670324	-0.013293326	0
255.51367	-0.76798201	-767.94781	-0.64674973	-0.013350844	0
256.01367	-0.77036619	-775.34711	-0.64694417	-0.013436228	0
256.51367	-0.76966882	-780.70905	-0.64713764	-0.013609231	0
257.01367	-0.77157021	-786.44507	-0.64738762	-0.013678521	0
257.51367	-0.77272654	-792.0993	-0.6475811	-0.013796389	0
258.01367	-0.77450871	-798.74078	-0.64766079	-0.013969243	0
258.51367	-0.77496171	-804.85211	-0.64774036	-0.01411885	0
259.01367	-0.7783711	-815.92737	-0.64780265	-0.014184862	0
259.51367	-0.78058243	-826.49005	-0.64793259	-0.014277399	0
260.01367	-0.78167319	-835.7597	-0.64797908	-0.014484525	0
260.51367	-0.78502893	-840.70056	-0.64814496	-0.014672726	0
261.01367	-0.78417063	-845.42572	-0.64839751	-0.014629662	0
261.51367	-0.78488588	-849.46881	-0.64865518	-0.014698803	0
262.01367	-0.78796744	-857.92096	-0.64883459	-0.01477465	0
262.51367	-0.78628659	-863.47296	-0.64898312	-0.01495108	0
263.01367	-0.78964829	-873.13068	-0.6491816	-0.015049726	0
263.51367	-0.79085231	-880.0733	-0.64927471	-0.015225112	0
264.01367	-0.79367161	-886.99463	-0.64950454	-0.015271306	0
264.51367	-0.79424977	-893.14984	-0.6496613	-0.015466213	0
265.01367	-0.79618096	-903.61212	-0.64994574	-0.015486479	1
265.51367	-0.79743862	-908.76263	-0.65008283	-0.015633106	0
266.01367	-0.8001864	-916.62073	-0.65026343	-0.015699714	0
266.51367	-0.80032945	-926.62714	-0.65039963	-0.015785843	0
267.01367	-0.80211163	-935.61414	-0.65045404	-0.016025901	0
267.51367	-0.80230832	-946.9856	-0.65057606	-0.016150028	0
268.01367	-0.80602169	-954.59058	-0.65064657	-0.016329288	0
268.51367	-0.80616474	-963.85425	-0.65093696	-0.016398877	0
269.01367	-0.80913901	-968.67993	-0.65131855	-0.016592592	0
269.51367	-0.81053376	-975.64087	-0.65153193	-0.016588569	0
270.01367	-0.81187487	-982.28748	-0.65173358	-0.016735643	0
270.51367	-0.81246495	-990.12427	-0.65191299	-0.01683563	0
271.01367	-0.81316829	-999.40051	-0.65216315	-0.016877353	0
271.51367	-0.81701875	-1006.7776	-0.65239191	-0.01698643	0
272.01367	-0.81788301	-1008.3395	-0.65270275	-0.017179996	0
272.51367	-0.8179009	-1017.375	-0.65298378	-0.017225891	0
273.01367	-0.82237124	-1021.4247	-0.65313411	-0.017339587	0
273.51367	-0.82179904	-1030.5037	-0.65330207	-0.017500669	0
274.01367	-0.82339644	-1036.322	-0.65342396	-0.017535985	0
274.51367	-0.82554221	-1047.1147	-0.65371126	-0.017563552	0
275.01367	-0.82538724	-1053.0475	-0.65387118	-0.017703325	0
275.51367	-0.82720518	-1059.4355	-0.65421999	-0.01780048	1
276.01367	-0.82847476	-1069.4857	-0.65437961	-0.017999113	0
276.51367	-0.82985163	-1077.4779	-0.6545049	-0.018081665	0
277.01367	-0.83314776	-1089.1626	-0.65455925	-0.0183855	0
277.51367	-0.83416104	-1097.8027	-0.65479577	-0.018395483	0
278.01367	-0.83679557	-1102.5909	-0.65514416	-0.018559694	0
278.51367	-0.8369863	-1114.4435	-0.65531373	-0.018581003	0
279.01367	-0.83841681	-1117.3434	-0.65564811	-0.018746406	0
279.51367	-0.83994269	-1120.1488	-0.65596819	-0.018785298	0
280.01367	-0.84191561	-1127.6078	-0.65625775	-0.018933713	0
280.51367	-0.84388256	-1130.8116	-0.6565218	-0.018997937	0
281.01367	-0.84377527	-1135.9126	-0.65687346	-0.019123852	0
281.51367	-0.84716678	-1139.7401	-0.6571306	-0.019028634	0
282.01367	-0.84734559	-1156.425	-0.65719235	-0.019391328	0
282.51367	-0.84871054	-1162.6631	-0.65729392	-0.019504726	0
283.01367	-0.85216761	-1167.6879	-0.65760911	-0.019512773	0
283.51367	-0.85208416	-1167.2931	-0.65794408	-0.019635111	0
284.01367	-0.85229874	-1175.4788	-0.65837157	-0.019674152	0
284.51367	-0.85425973	-1181.027	-0.65850526	-0.019876212	0
285.01367	-0.85693002	-1189.3068	-0.65876961	-0.019883364	0
285.51367	-0.85713863	-1191.7595	-0.65913022	-0.020114183	0
286.01367	-0.85800886	-1197.5767	-0.65948915	-0.020241588	1
286.51367	-0.86038709	-1207.3247	-0.65973401	-0.020263493	0
287.01367	-0.86273551	-1216.5354	-0.65988231	-0.020532161	0
287.51367	-0.86333752	-1223.7428	-0.66014111	-0.020543933	0
288.01367	-0.86646676	-1230.6992	-0.66066217	-0.020776242	0
288.51367	-0.86750388	-1233.7388	-0.66097784	-0.020832866	0
289.01367	-0.86838603	-1239.3704	-0.66139233	-0.020790845	0
289.51367	-0.87108612	-1244.0115	-0.66180438	-0.021022111	0
290.01367	-0.8701086	-1255.3838	-0.66190928	-0.021097958	0
290.51367	-0.87326765	-1255.6968	-0.66224605	-0.02115041	0
291.01367	-0.8749783	-1265.4938	-0.6625824	-0.021322221	0
291.51367	-0.87663531	-1283.4092	-0.66261518	-0.021504462	0
292.01367	-0.87619424	-1282.6598	-0.66300857	-0.021531433	0
292.51367	-0.87800026	-1290.9987	-0.66332448	-0.021782368	0
293.01367	-0.87969899	-1292.8295	-0.66373038	-0.02171725	0
293.51367	-0.88124275	-1302.4744	-0.66409647	-0.021859407	0
294.01367	-0.8823216	-1310.6002	-0.66422731	-0.022082627	0
294.51367	-0.88480711	-1321.9879	-0.66460443	-0.022161007	0
295.01367	-0.88626742	-1326.0271	-0.66487759	-0.022338778	0
295.51367	-0.88743567	-1324.7313	-0.66539466	-0.022269189	0
296.01367	-0.88812113	-1339.3529	-0.66578853	-0.022540689	0
296.51367	-0.89042187	-1349.1099	-0.66597968	-0.022538751	1
297.01367	-0.89336634	-1349.703	-0.66668344	-0.022678077	1
297.51367	-0.8944273	-1362.1112	-0.66702336	-0.022874027	0
298.01367	-0.89418292	-1367.6791	-0.66730392	-0.022860467	0
298.51367	-0.89672804	-1366.8199	-0.6677978	-0.02297774	0
299.01367	-0.8969903	-1376.8136	-0.66803128	-0.023041666	0
299.51367	-0.90036988	-1389.38	-0.66826254	-0.023300946	0
300.01367	-0.90160966	-1390.5153	-0.66870165	-0.023412108	0
300.51367	-0.9046495	-1400.8625	-0.66908371	-0.023501366	0
301.01367	-0.90563893	-1401.8961	-0.66939461	-0.023678392	0
301.51367	-0.90548992	-1409.8615	-0.66992581	-0.023695827	0
302.01367	-0.90566278	-1412.8906	-0.67014027	-0.023784339	0
302.51367	-0.90845823	-1421.1957	-0.67042637	-0.023827553	0
303.01367	-0.90906024	-1432.4393	-0.67062843	-0.024170727	0
303.51367	-0.91227889	-1438.9192	-0.67086548	-0.024265945	0
304.01367	-0.91391802	-1444.7561	-0.67114383	-0.024321079	0
304.51367	-0.91610551	-1448.4027	-0.67148876	-0.024323612	0
305.01367	-0.91602802	-1454.329	-0.67195582	-0.024436712	0
305.51367	-0.9160459	-1460.1193	-0.67211401	-0.024592876	0
306.01367	-0.91964006	-1466.9542	-0.67236662	-0.024634153	0
306.51367	-0.91994405	-1474.4111	-0.67276567	-0.024777055	0
307.01367	-0.92267394	-1480.2902	-0.67292798	-0.02508387	0
307.51367	-0.92129111	-1485.4878	-0.67337978	-0.02499342	1
308.01367	-0.92590451	-1499.2563	-0.67349446	-0.025243163	0
308.51367	-0.9260416	-1508.2089	-0.67367822	-0.025362223	0
309.01367	-0.92814565	-1514.8716	-0.67393333	-0.025378317	0
309.51367	-0.9301424	-1522.1539	-0.67420793	-0.025534183	0
310.01367	-0.93086958	-1530.8333	-0.6745671	-0.025788844	0
310.51367	-0.9328723	-1539.0212	-0.67488551	-0.025845915	0
311.01367	-0.93374252	-1545.769	-0.67520845	-0.025919974	0
311.51367	-0.93607306	-1553.5553	-0.67550391	-0.026006997	0
312.01367	-0.93803406	-1563.5613	-0.6758213	-0.026133955	0
312.51367	-0.9401381	-1569.2633	-0.67617476	-0.026180595	0
313.01367	-0.94127059	-1574.5085	-0.67662209	-0.026412904	0
313.51367	-0.9427309	-1580.3481	-0.67690742	-0.026442707	0
314.01367	-0.94436407	-1585.843	-0.67725909	-0.026574731	0
314.51367	-0.94358921	-1592.3234	-0.67756641	-0.026606172	0
315.01367	-0.94673038	-1597.1309	-0.67792445	-0.026849657	0
315.51367	-0.94817877	-1605.4637	-0.67831588	-0.027008504	0
316.01367	-0.9485364	-1608.8047	-0.6785807	-0.026985556	0
316.51367	-0.94998479	-1618.4816	-0.67893159	-0.027203113	0
317.01367	-0.95037818	-1627.3893	-0.67925602	-0.027401149	0
317.51367	-0.95308423	-1633.942	-0.67954171	-0.027461201	0
318.01367	-0.95542669	-1642.8552	-0.68011224	-0.027596802	1
318.51367	-0.95714331	-1656.3367	-0.68034184	-0.027842522	0
319.01367	-0.95752478	-1663.3608	-0.68076956	-0.027876496	0
319.51367	-0.96070766	-1664.24	-0.68115532	-0.027988851	0
320.01367	-0.96198916	-1672.5885	-0.68150568	-0.028039366	0
320.51367	-0.96305609	-1678.9907	-0.68190145	-0.028217584	0
321.01367	-0.96503496	-1685.6539	-0.68223327	-0.028351545	0
321.51367	-0.96479058	-1690.207	-0.68262112	-0.028384924	0
322.01367	-0.96660256	-1697.0895	-0.68298459	-0.028600097	0
322.51367	-0.96777678	-1705.4403	-0.68326622	-0.02862677	0
323.01367	-0.97001791	-1710.4368	-0.68346977	-0.028786659	0
323.51367	-0.9699285	-1718.7034	-0.68376529	-0.028787404	0
324.01367	-0.97367167	-1726.7268	-0.68411231	-0.028769523	0
324.51367	-0.97407699	-1736.0273	-0.6843707	-0.02904281	0
325.01367	-0.97662807	-1743.5532	-0.68461776	-0.029125363	0
325.51367	-0.9781599	-1752.3787	-0.68497866	-0.029302537	0
326.01367	-0.97844005	-1761.1703	-0.6853348	-0.029506236	0
326.51367	-0.98132491	-1771.4191	-0.68559337	-0.029641837	0
327.01367	-0.9822011	-1778.4279	-0.68593621	-0.029829443	0
327.51367	-0.9832263	-1788.9468	-0.68629235	-0.029966086	0
328.01367	-0.98522902	-1796.865	-0.68659544	-0.030127168	0
328.51367	-0.98797679	-1805.4514	-0.68705964	-0.030185878	1
329.01367	-0.98888278	-1817.5543	-0.68722814	-0.030409545	0
329.51367	-0.99060535	-1819.9911	-0.68758321	-0.030605048	0
330.01367	-0.99154711	-1823.9238	-0.68789792	-0.030703247	0
330.51367	-0.99414587	-1831.0194	-0.6882726	-0.030699521	0
331.01367	-0.99365115	-1835.3708	-0.68861544	-0.030813664	0
331.51367	-0.99400878	-1840.0146	-0.68897498	-0.030960739	0
332.01367	-0.99748373	-1848.9891	-0.68927693	-0.031034052	0
332.51367	-0.9986937	-1854.5863	-0.68956804	-0.031242222	0
333.01367	-0.99942684	-1868.2762	-0.68979383	-0.031357557	0
333.51367	-1.0022581	-1874.6522	-0.68995237	-0.031385869	0
334.01367	-1.0023117	-1887.3571	-0.69018734	-0.031663328	0
334.51367	-1.0062456	-1898.157	-0.69041359	-0.031790882	0
335.01367	-1.005733	-1899.77	-0.69072545	-0.03195107	0
335.51367	-1.0077536	-1907.2506	-0.69109094	-0.032075346	0
336.01367	-1.0087073	-1917.5609	-0.69146842	-0.032269061	0
336.51367	-1.0101974	-1925.439	-0.69170845	-0.03230527	0
337.01367	-1.0113835	-1936.5972	-0.69200873	-0.032491237	0
337.51367	-1.0128081	-1942.0741	-0.69238734	-0.032667965	0
338.01367	-1.0139644	-1949.6647	-0.69263399	-0.032832325	0
338.51367	-1.0173202	-1960.7014	-0.69295585	-0.033054352	0
339.01367	-1.0188162	-1966.9647	-0.69336402	-0.033200234	1
339.51367	-1.0201931	-1990.1088	-0.69353402	-0.033486784	0
340.01367	-1.0210514	-1996.4521	-0.69385767	-0.033601671	0
340.51367	-1.0242879	-2005.8901	-0.69417387	-0.033881962	0
341.01367	-1.0250449	-2010.8152	-0.69456786	-0.034014732	0
341.51367	-1.0250926	-2020.8912	-0.69489288	-0.034321994	0
342.01367	-1.0281026	-2024.5137	-0.69524229	-0.034415275	0
342.51367	-1.0280013	-2031.8323	-0.69553864	-0.034580678	0
343.01367	-1.0311604	-2035.1825	-0.69590062	-0.035057366	0
343.51367	-1.052916	4.3373518	-0.75348663	-9.431797	0
344.01367	-1.0517836	5.2546616	-0.77249944	-9.431797	0
344.51367	-1.0494351	6.3148274	-0.75953233	-9.431797	0
345.01367	-1.0467589	6.7465982	-0.76154721	-9.431797	0
345.51367	-1.0470629	5.5965309	-0.7587868	-9.431797	0
346.01367	-1.0471106	3.8717141	-0.75857669	-9.431797	0
