
Acquisition de données						Temps :	655.3457	Sec	05.06.2013 15:20:02
Temps	Axial Déplacement	Axial Force	Axial fléche	Axial CMOD*2	Canon
Sec	mm	N	mm	mm	unitless
0.51660156	-0.00019967556	4.5078111	-7.7486038e-06	0.0057330728	0
1.0166016	-0.001193583	2.9392035	-5.1707029e-05	0.0058084726	0
1.5166016	-0.0016734004	4.2695813	-0.00010102987	0.0057289004	0
2.0166016	-0.0023946166	4.0632033	-0.0003759563	0.0058737397	0
2.5166016	-0.0027000904	6.6185093	-0.0015622377	0.0058117509	0
3.0166016	-0.0066295266	5.59408	-0.0042530894	0.0056442618	0
3.5166016	-0.0087678432	2.2526684	-0.0074502826	0.0058016181	0
4.0166016	-0.011786819	4.1767616	-0.010290444	0.0057420135	0
4.5166016	-0.012390316	3.985956	-0.012154281	0.0060218573	0
5.0166016	-0.01399219	3.676574	-0.013939738	0.0058701634	0
5.5166016	-0.016491115	5.1505308	-0.015647411	0.0059264898	0
6.0166016	-0.018277764	4.7913079	-0.017554015	0.0059205294	0
6.5166016	-0.020357966	3.5214646	-0.019132048	0.0057834387	0
7.0166016	-0.021925569	4.4172673	-0.020643175	0.0059983134	0
7.5166016	-0.023013353	4.5358968	-0.022239536	0.0059378147	0
8.0166016	-0.023894012	3.980042	-0.023893267	0.0057891011	0
8.5166016	-0.025394559	3.5851872	-0.025538057	0.0060269237	0
9.0166016	-0.028011203	5.54738	-0.027148575	0.0058671832	0
9.5166016	-0.02938211	0.64029765	-0.028730631	0.0059092045	0
10.016602	-0.031042099	3.81163	-0.030020773	0.0059011579	1
10.516602	-0.032664835	5.9273472	-0.031548291	0.006057024	1
11.016602	-0.033661723	2.5306485	-0.033185035	0.005980432	0
11.516602	-0.034022331	3.2590101	-0.034648329	0.0060287118	0
12.016602	-0.036977232	4.3324265	-0.03627494	0.0059533119	0
12.516602	-0.037479401	4.7942271	-0.037824959	0.0059989095	0
13.016602	-0.038555264	3.7756941	-0.039545149	0.0061056018	0
13.516602	-0.041243434	3.2012718	-0.040965527	0.0060367584	0
14.016602	-0.043173134	2.3055689	-0.042736083	0.0061240792	0
14.516602	-0.043287873	2.5144091	-0.044191331	0.0061169267	0
15.016602	-0.045141578	4.1699052	-0.045847148	0.0060454011	0
15.516602	-0.047543645	5.3994722	-0.047503561	0.0060498714	0
16.016602	-0.048150122	2.5909021	-0.048800558	0.0061386824	0
16.516602	-0.050188601	2.4529915	-0.050479919	0.0062683225	0
17.016602	-0.0514552	3.7991111	-0.051994771	0.0061038136	0
17.516602	-0.052502751	2.0833147	-0.053517371	0.0061905384	0
18.016602	-0.053791702	1.8748136	-0.055079013	0.0060647726	0
18.516602	-0.056989491	6.0983562	-0.05660519	0.0061100721	0
19.016602	-0.057794154	5.7006879	-0.05817309	0.0061693788	0
19.516602	-0.060173869	5.0573716	-0.059629828	0.0061643124	0
20.016602	-0.060838461	3.468143	-0.06129846	0.0063088536	0
20.516602	-0.062072277	5.5435781	-0.062901825	0.0061413646	0
21.016602	-0.063474476	2.836035	-0.064518303	0.0064194202	1
21.516602	-0.064682961	5.7919574	-0.065981001	0.0061121583	0
22.016602	-0.066259503	4.7448306	-0.067587644	0.0061434507	0
22.516602	-0.067582726	5.8565755	-0.069068521	0.0062268972	0
23.016602	-0.069229305	4.4508743	-0.070716888	0.0061368942	0
23.516602	-0.070072711	5.4829617	-0.072330385	0.0063103437	0
24.016602	-0.072270632	7.0318437	-0.073866397	0.0061753392	0
24.516602	-0.074182451	6.3061147	-0.07544592	0.0063547492	0
25.016602	-0.074028969	5.7526407	-0.076843053	0.006185174	0
25.516602	-0.07660538	4.6267624	-0.078506619	0.0062355399	0
26.016602	-0.077956915	4.7615085	-0.08019492	0.0062546134	0
26.516602	-0.079493225	4.7530084	-0.081745237	0.0062456727	0
27.016602	-0.080002844	5.366508	-0.083278865	0.0064453483	0
27.516602	-0.083909929	3.1722097	-0.084906071	0.006314218	0
28.016602	-0.083933771	6.1345143	-0.086410195	0.0064361095	0
28.516602	-0.086088479	6.6737318	-0.088075548	0.0062468648	0
29.016602	-0.08867085	7.2004542	-0.089584142	0.0062713027	0
29.516602	-0.088854134	8.2891331	-0.091138631	0.0062668324	0
30.016602	-0.091156363	3.8244002	-0.092619509	0.0062784553	0
30.516602	-0.091603398	4.2852588	-0.094268769	0.0063833594	0
31.016602	-0.093124807	7.0814095	-0.095767528	0.0062394142	0
31.516602	-0.094786286	3.6353383	-0.097483248	0.0063571334	1
32.016602	-0.096707046	2.2624493	-0.098852068	0.0062653422	0
32.516602	-0.097429752	4.0534229	-0.10044083	0.0063663721	0
33.016602	-0.099290907	5.3962665	-0.10203317	0.0063216686	0
33.516602	-0.10154098	2.504792	-0.10365829	0.0063306093	0
34.016602	-0.10326803	2.9147861	-0.1050742	0.0063294172	0
34.516602	-0.10477453	4.121006	-0.1067324	0.0062429905	0
35.016602	-0.10573119	2.5536735	-0.10836467	0.0063693523	0
35.516602	-0.10659993	4.4694948	-0.10990962	0.0062578917	0
36.016602	-0.10829419	4.9195313	-0.11145189	0.0063949823	0
36.516602	-0.11011809	4.8153157	-0.11316106	0.0062155724	0
37.016602	-0.11204332	3.4671192	-0.11477306	0.0063207746	0
37.516602	-0.11327714	5.2094336	-0.11646643	0.0061818957	0
38.016602	-0.11365712	4.3076758	-0.11804625	0.0062894821	0
38.516602	-0.11518747	5.1844425	-0.1193513	0.0062641501	0
39.016602	-0.11740625	6.0252624	-0.12096152	0.0063154101	0
39.516602	-0.11872798	3.5622149	-0.12258276	0.0063174963	0
40.016602	-0.12111366	4.4572043	-0.12403324	0.0063601136	0
40.516602	-0.12155771	0.90796435	-0.12573555	0.006327033	0
41.016602	-0.12366623	4.2203836	-0.12709484	0.0062507391	0
41.516602	-0.1256451	7.021472	-0.1287435	0.0064143538	0
42.016602	-0.12765527	0.72204375	-0.13056651	0.006339252	1
42.516602	-0.12784153	3.5857546	-0.13182566	0.0064024329	0
43.016602	-0.12986064	2.5548027	-0.13336018	0.0063580275	0
43.516602	-0.13099909	4.4090071	-0.13498619	0.0063914061	0
44.016602	-0.13343692	2.6093292	-0.13651952	0.0063309073	0
44.516602	-0.13330728	4.3967338	-0.13818607	0.0064092875	0
45.016602	-0.13492703	2.1417081	-0.13956234	0.0064054132	0
45.516602	-0.1384601	1.6626153	-0.14116213	0.0063183904	0
46.016602	-0.13865232	4.2053204	-0.14285967	0.0065165758	0
46.516602	-0.13985634	-0.73982733	-0.1443921	0.0062960386	0
47.016602	-0.14093965	1.9370503	-0.1460506	0.0063729286	0
47.516602	-0.14375895	3.9296336	-0.14773712	0.0063744187	0
48.016602	-0.14462471	1.8233815	-0.14931843	0.0064903498	0
48.516602	-0.14656335	4.5412436	-0.15093252	0.0063458085	0
49.016602	-0.14733374	4.8234353	-0.15247151	0.0064092875	0
49.516602	-0.14913976	1.778355	-0.15404031	0.0063800812	0
50.016602	-0.15014261	4.444943	-0.15553728	0.0063067675	0
50.516602	-0.15189946	2.2765477	-0.15710101	0.0064131618	0
51.016602	-0.15439987	2.221477	-0.15855536	0.0062245131	0
51.516602	-0.15446544	2.603368	-0.16012505	0.0064042211	0
52.016602	-0.15582591	1.0335376	-0.16165987	0.0062850118	0
52.516602	-0.15775412	1.7943076	-0.16326889	0.0065049529	1
53.016602	-0.16044229	5.0426884	-0.16489193	0.0062403083	1
53.516602	-0.16161948	7.011878	-0.16651079	0.0063621998	0
54.016602	-0.16237199	5.8682461	-0.16797379	0.0063580275	0
54.516602	-0.16435087	3.4392915	-0.16959772	0.0062972307	0
55.016602	-0.1661256	1.6762162	-0.17125472	0.0064221025	0
55.516602	-0.16599596	3.4456444	-0.17272636	0.0062716007	0
56.016602	-0.1682952	1.1201977	-0.17440245	0.0064066052	0
56.516602	-0.16912818	0.065875396	-0.17591372	0.0064718723	0
57.016602	-0.17139167	4.5046468	-0.1775004	0.0064817071	0
57.516602	-0.17375946	2.2692704	-0.17915264	0.0062641501	0
58.016602	-0.17530471	3.3327827	-0.18082365	0.006391108	0
58.516602	-0.17654598	5.457427	-0.18244967	0.0064268708	0
59.016602	-0.17685443	2.1852603	-0.18395439	0.0063884258	0
59.516602	-0.17953664	4.2638192	-0.18596336	0.0065219402	0
60.016602	-0.17895997	2.7847025	-0.18752739	0.0063797832	0
60.516602	-0.18212199	5.564415	-0.18914297	0.0065547228	0
61.016602	-0.18426478	3.1435161	-0.19085959	0.0064772367	0
61.516602	-0.18568784	5.0354466	-0.19248173	0.0064221025	0
62.016602	-0.18596649	1.0584699	-0.19409671	0.0065821409	0
62.516602	-0.1877442	2.7954431	-0.19570127	0.0064361095	0
63.016602	-0.19012243	3.9485111	-0.19734159	0.0065261126	0
63.516602	-0.19076467	3.3984885	-0.19893989	0.0064069033	1
64.016602	-0.19199103	5.0523815	-0.20036831	0.0065153837	0
64.516602	-0.19384772	0.16895014	-0.20194128	0.0064113736	0
65.016602	-0.19528419	4.3362875	-0.20354316	0.0065362453	0
65.516602	-0.19721538	2.6776323	-0.20509645	0.0064346194	0
66.016602	-0.19952059	2.9116974	-0.20653561	0.0064891577	0
66.516602	-0.19972175	4.9735312	-0.208119	0.0065755844	0
67.016602	-0.2022028	4.9352965	-0.20965084	0.0063326955	0
67.516602	-0.20202249	4.0856438	-0.21116421	0.0065687299	0
68.016602	-0.20398945	3.4447317	-0.21277502	0.0064852834	0
68.516602	-0.20677298	4.0987535	-0.21431461	0.0065538287	0
69.016602	-0.20768344	3.8419731	-0.21602675	0.0064182281	0
69.516602	-0.20744801	5.5615721	-0.2175115	0.0064006448	0
70.016602	-0.21088421	5.8804717	-0.21905586	0.0064978004	0
70.516602	-0.21146685	2.8368542	-0.22066221	0.0064018369	0
71.016602	-0.213328	2.6930058	-0.22228763	0.0066033006	0
71.516602	-0.2144441	4.0207043	-0.22384599	0.0065013766	0
72.016602	-0.21602958	2.3753109	-0.22546962	0.0066369772	0
72.516602	-0.21783113	2.1656806	-0.22700563	0.0066399574	0
73.016602	-0.21983087	3.0635777	-0.22866711	0.0063604116	0
73.516602	-0.22060871	1.415078	-0.23017958	0.006659925	0
74.016602	-0.22129416	0.44665524	-0.23176774	0.0064370036	1
74.516602	-0.22448748	2.7774076	-0.23336157	0.0066360831	0
75.016602	-0.2252385	5.1910062	-0.23498014	0.0065222383	0
75.516602	-0.2281785	3.4863303	-0.2366434	0.0065901875	0
76.016602	-0.22913665	3.8269858	-0.23814276	0.0066545606	0
76.516602	-0.22957623	4.827179	-0.23963615	0.0065711141	0
77.016602	-0.23177266	4.0294967	-0.2412279	0.0066879392	0
77.516602	-0.23314506	5.8194985	-0.24279132	0.0064820051	0
78.016602	-0.23379326	5.629612	-0.24436042	0.006544292	0
78.516602	-0.23537874	3.7750154	-0.24576023	0.0066873431	0
79.016602	-0.23807734	5.1907077	-0.24729624	0.0066488981	0
79.516602	-0.23919791	5.2801113	-0.24878815	0.006621778	0
80.016602	-0.23997277	5.9541745	-0.250227	0.0065946579	0
80.516602	-0.24275929	1.6432406	-0.25184676	0.0068154931	0
81.016602	-0.24353117	4.2806606	-0.25342092	0.0066462159	0
81.516602	-0.24473369	5.512269	-0.2551128	0.0067436695	0
82.016602	-0.24630427	2.457993	-0.2565442	0.0067070127	0
82.516602	-0.24738759	2.4972281	-0.25814697	0.0067594647	0
83.016602	-0.24969727	3.8512568	-0.259756	0.0066515803	0
83.516602	-0.25025457	3.4340909	-0.26130512	0.0065520406	0
84.016602	-0.25254339	5.145401	-0.26280448	0.0066903234	0
84.516602	-0.25469661	1.8469622	-0.264384	0.0066751242	1
85.016602	-0.2551496	6.4737659	-0.2658166	0.0067362189	0
85.516602	-0.25958568	5.0705218	-0.26901349	0.0067147613	0
86.016602	-0.2603665	5.7935076	-0.27118549	0.0066840649	0
86.516602	-0.26188493	4.4356942	-0.27265504	0.00667274	0
87.016602	-0.26174933	3.6469383	-0.27378395	0.0065627694	0
87.516602	-0.2648592	4.6671443	-0.27498767	0.006788075	0
88.016602	-0.26533902	4.3358898	-0.27626052	0.0065740943	0
88.516602	-0.26742071	5.4711156	-0.27770504	0.0067198277	0
89.016602	-0.267528	4.6530519	-0.27916744	0.0065723062	0
89.516602	-0.26864707	5.5196052	-0.28074756	0.0067195296	0
90.016602	-0.27019233	6.3341761	-0.28216615	0.0066184998	0
90.516602	-0.2728343	3.9357176	-0.28368428	0.0067287683	0
91.016602	-0.27450025	4.689415	-0.28528914	0.0066202879	0
91.516602	-0.27412325	3.2871363	-0.28686747	0.006595552	0
92.016602	-0.2768904	4.4550862	-0.28822139	0.0067138672	0
92.516602	-0.27763695	3.4580929	-0.28965667	0.0066626072	0
93.016602	-0.27918518	4.8637934	-0.29099628	0.006788671	0
93.516602	-0.28191805	2.6989961	-0.29244706	0.0065821409	0
94.016602	-0.28255433	3.1771469	-0.29397473	0.0068044662	0
94.516602	-0.28471649	5.1885958	-0.29543445	0.0067186356	0
95.016602	-0.28591007	4.6313491	-0.29703155	0.0070807338	1
95.516602	-0.28658211	3.804657	-0.29842839	0.0066441298	0
96.016602	-0.28757155	5.2030163	-0.300024	0.0067198277	0
96.516602	-0.28894842	5.0023947	-0.30154034	0.0066411495	0
97.016602	-0.29107928	2.7413549	-0.30320212	0.0067749619	0
97.516602	-0.29346049	2.2153931	-0.30479416	0.0067231059	0
98.016602	-0.29414147	2.5190599	-0.30605152	0.0066167116	0
98.516602	-0.29569566	5.1376905	-0.30777082	0.0066497922	0
99.016602	-0.29612482	1.3701627	-0.30935809	0.006711483	0
99.516602	-0.29850453	5.9719291	-0.31094715	0.0067606568	0
100.0166	-0.30047148	3.0792553	-0.31239405	0.006737709	0
100.5166	-0.30234307	5.7009921	-0.31401441	0.0067833066	0
101.0166	-0.30311495	4.3414936	-0.31560197	0.0067424774	0
101.5166	-0.30549914	2.1748886	-0.31720743	0.0069263577	0
102.0166	-0.30687153	4.3804307	-0.31877056	0.0068047643	0
102.5166	-0.30722767	5.060226	-0.3203319	0.0068813562	0
103.0166	-0.31069368	6.9026608	-0.32184884	0.0068637729	0
103.5166	-0.31149089	6.4109383	-0.32315239	0.0067415833	0
104.0166	-0.31217784	5.6942644	-0.32481208	0.0068345666	0
104.5166	-0.3133148	5.7016587	-0.32633618	0.0068071485	0
105.0166	-0.31689703	4.9765849	-0.32774493	0.0067475438	0
105.5166	-0.31644553	5.7525063	-0.3292565	0.0066876411	1
106.0166	-0.3193751	5.9082942	-0.33082262	0.0068855286	1
106.5166	-0.32044798	4.3170762	-0.33230498	0.0067475438	0
107.0166	-0.32168776	4.65906	-0.33398792	0.0068196654	0
107.5166	-0.32218546	6.4200583	-0.33561125	0.0068253279	0
108.0166	-0.32431632	5.3065524	-0.33726051	0.0068387389	0
108.5166	-0.32592863	2.4699032	-0.33874676	0.0068667531	0
109.0166	-0.32649934	4.4363785	-0.34031406	0.0068852305	0
109.5166	-0.3284499	6.4691443	-0.34189478	0.0067713857	0
110.0166	-0.32929927	3.7852702	-0.34346953	0.0067937374	0
110.5166	-0.33122152	4.8496895	-0.34504011	0.0068643689	0
111.0166	-0.33442676	4.6241536	-0.34660026	0.0066995621	0
111.5166	-0.33477545	5.5593729	-0.34808055	0.0068244338	0
112.0166	-0.33696741	6.2768946	-0.34957841	0.0067228079	0
112.5166	-0.33860356	3.3613827	-0.35117611	0.0067645311	0
113.0166	-0.33978969	5.6245866	-0.35289273	0.0067329407	0
113.5166	-0.34048706	3.9909286	-0.35443529	0.0068295002	0
114.0166	-0.34208745	2.8555386	-0.35607889	0.0066900253	0
114.5166	-0.3439784	4.8835077	-0.35759881	0.0065514445	0
115.0166	-0.34494102	4.8792315	-0.35929307	0.0068056583	0
115.5166	-0.34655631	3.5942545	-0.36092862	0.0066804886	0
116.0166	-0.34882128	4.0003819	-0.36253408	0.0067582726	0
116.5166	-0.34935921	5.5890374	-0.36414847	0.006686151	1
117.0166	-0.35102963	4.8298407	-0.36551252	0.0068101287	0
117.5166	-0.35293102	6.1852269	-0.36701635	0.0066226721	0
118.0166	-0.35510361	4.6664834	-0.36870345	0.0067600608	0
118.5166	-0.35665035	2.7096312	-0.37033215	0.006750524	0
119.0166	-0.35791397	4.0950093	-0.37205234	0.0067013502	0
119.5166	-0.35898834	4.1843486	-0.37353888	0.0067663193	0
120.0166	-0.36048889	2.3475299	-0.37520304	0.0065267086	0
120.5166	-0.36191046	3.5063543	-0.37664846	0.0068983436	0
121.0166	-0.3631562	1.480772	-0.37829533	0.0066959858	0
121.5166	-0.36423206	3.0409853	-0.37981167	0.0067695975	0
122.0166	-0.36605597	5.5878673	-0.38128778	0.0066611171	0
122.5166	-0.36741495	3.7942908	-0.38297132	0.0066885352	0
123.0166	-0.36859512	4.7300596	-0.38437292	0.0066748261	0
123.5166	-0.37114173	6.3374987	-0.38599029	0.0067079067	0
124.0166	-0.37301779	4.7727461	-0.38753316	0.0067409873	0
124.5166	-0.37320405	5.5772963	-0.38902745	0.0067353249	0
125.0166	-0.37579685	4.4876056	-0.39039865	0.0067675114	0
125.5166	-0.37692785	5.9992008	-0.39198413	0.0067862868	0
126.0166	-0.37813783	3.6905551	-0.39359346	0.0068208575	0
126.5166	-0.37983954	7.3404713	-0.39516225	0.0067684054	0
127.0166	-0.38132668	5.5418639	-0.39680794	0.0067731738	1
127.5166	-0.38201809	5.2333126	-0.3983219	0.0066781044	0
128.0166	-0.3842324	6.4285522	-0.39995983	0.006775856	0
128.5166	-0.38667619	4.3344388	-0.40153578	0.0068339705	0
129.0166	-0.38809925	4.5256886	-0.40309384	0.0067269802	0
129.5166	-0.38890392	5.6045218	-0.40458068	0.0067770481	0
130.0166	-0.39048791	7.0389862	-0.40616021	0.0066164136	0
130.5166	-0.39075911	4.7560329	-0.4077138	0.0067934394	0
131.0166	-0.39385259	5.0132461	-0.40936485	0.0067546964	0
131.5166	-0.3955096	4.4107561	-0.41093275	0.0066906214	0
132.0166	-0.39732903	3.3076227	-0.41249469	0.0067338347	0
132.5166	-0.39699227	5.2118959	-0.41412637	0.0067639351	0
133.0166	-0.39898455	1.8535082	-0.41577503	0.006646812	0
133.5166	-0.40126294	6.8465018	-0.41734204	0.0066491961	0
134.0166	-0.40243119	1.3839391	-0.41884795	0.0067085028	0
134.5166	-0.40353984	1.4393433	-0.42051807	0.0067147613	0
135.0166	-0.40566325	2.2720609	-0.42206243	0.0068199635	0
135.5166	-0.40755421	0.50051498	-0.42373225	0.0067412853	0
136.0166	-0.40773302	3.835427	-0.42520002	0.0068348646	0
136.5166	-0.40952414	3.7554476	-0.42672351	0.0067704916	0
137.0166	-0.4108578	3.4437199	-0.42823806	0.0067207217	0
137.5166	-0.41362643	2.1232283	-0.42999461	0.0066065788	1
138.0166	-0.41458756	2.8169179	-0.43135837	0.0067511201	0
138.5166	-0.41539222	2.224864	-0.43299004	0.0067085028	0
139.0166	-0.41750968	4.4637623	-0.4344584	0.0067096949	0
139.5166	-0.41900575	1.7719436	-0.43613091	0.0068038702	0
140.0166	-0.42021871	-0.65845567	-0.43766186	0.0066813827	0
140.5166	-0.42176992	3.1594453	-0.43928549	0.0068631768	0
141.0166	-0.42352527	2.2867789	-0.44081315	0.0066712499	0
141.5166	-0.42430609	1.6919291	-0.44232175	0.0068119168	0
142.0166	-0.42644292	3.5751545	-0.44383958	0.0067341328	0
142.5166	-0.42804927	1.6740752	-0.44542179	0.006839633	0
143.0166	-0.42902976	2.4491949	-0.44694737	0.0067064166	0
143.5166	-0.43140501	3.6282949	-0.44850722	0.0067311525	0
144.0166	-0.43240786	4.6254697	-0.4500486	0.0066098571	0
144.5166	-0.43471754	1.4515051	-0.45161352	0.0066399574	0
145.0166	-0.43407977	1.2270865	-0.45213327	0.0066930056	0
145.5166	-0.43445677	0.76752067	-0.45213237	0.0067427754	0
146.0166	-0.43344945	1.9510725	-0.45258775	0.006814003	0
146.5166	-0.43593198	2.1284816	-0.45426115	0.0066539645	0
147.0166	-0.438869	5.5643506	-0.45676574	0.0067850947	0
147.5166	-0.44090152	4.5151706	-0.459169	0.0066739321	0
148.0166	-0.44287741	0.79248208	-0.46130106	0.0068375468	1
148.5166	-0.44476837	4.2480245	-0.46327308	0.0067430735	1
149.0166	-0.44670105	5.5306382	-0.46516284	0.0068199635	0
149.5166	-0.44930875	2.1237781	-0.46686217	0.0068101287	0
150.0166	-0.45080781	1.6950412	-0.4685019	0.0066867471	0
150.5166	-0.45262128	4.232183	-0.47021613	0.0067219138	0
151.0166	-0.45288801	3.1736546	-0.47184363	0.0067546964	0
151.5166	-0.45542717	1.9903603	-0.47345385	0.0068151951	0
152.0166	-0.45717806	4.6287279	-0.47505602	0.006698072	0
152.5166	-0.45796782	2.5426407	-0.4765664	0.0068938732	0
153.0166	-0.45833141	3.0735807	-0.47798976	0.0066494942	0
153.5166	-0.46237409	4.0710425	-0.47966644	0.0068414211	0
154.0166	-0.46170354	4.4412398	-0.48135832	0.0066867471	0
154.5166	-0.46503842	3.1841142	-0.48283592	0.0067466497	0
155.0166	-0.46578646	2.4079883	-0.4843314	0.0067541003	0
155.5166	-0.46632886	2.7152586	-0.48581854	0.0067651272	0
156.0166	-0.46914071	4.4140673	-0.48734561	0.0069448352	0
156.5166	-0.47072619	3.0254657	-0.48900798	0.0067213178	0
157.0166	-0.47097057	3.9304466	-0.49063548	0.0068244338	0
157.5166	-0.47303885	1.8426217	-0.49229935	0.0067231059	0
158.0166	-0.47473162	2.9758356	-0.49377456	0.0068670511	0
158.5166	-0.47463626	3.5797818	-0.49539492	0.0068673491	0
159.0166	-0.47695339	3.7778292	-0.49701884	0.0068685412	1
159.5166	-0.47942102	6.7267613	-0.49839094	0.0067555904	0
160.0166	-0.48005879	6.3418045	-0.5000906	0.0068432093	0
160.5166	-0.4817456	6.3412371	-0.50156188	0.0068318844	0
161.0166	-0.48420876	6.2579408	-0.50313246	0.0066840649	0
161.5166	-0.48496276	3.86236	-0.5046345	0.0068998337	0
162.0166	-0.48788786	4.9221458	-0.50621498	0.0068348646	0
162.5166	-0.48746318	5.0925937	-0.50768685	0.0068873167	0
163.0166	-0.48997551	4.7506685	-0.50929058	0.006775558	0
163.5166	-0.49130619	4.7077308	-0.51083338	0.0069224834	0
164.0166	-0.4931584	2.351666	-0.51260579	0.0067424774	0
164.5166	-0.49424618	5.5932026	-0.51445413	0.0068199635	0
165.0166	-0.4960537	6.9439611	-0.51622081	0.0067576766	0
165.5166	-0.49664676	4.624651	-0.51771629	0.0068315864	0
166.0166	-0.49673021	7.5573492	-0.51909673	0.0067916512	0
166.5166	-0.50059557	8.1426344	-0.52065599	0.0067669153	0
167.0166	-0.50124079	4.7234082	-0.52220273	0.0068765879	0
167.5166	-0.50224066	5.8906569	-0.52373636	0.0067254901	0
168.0166	-0.50425977	7.3259397	-0.52520347	0.0067827106	0
168.5166	-0.50736815	3.9587367	-0.52681518	0.0067085028	0
169.0166	-0.50811917	5.1889296	-0.52843702	0.0068455935	0
169.5166	-0.50842166	3.4012148	-0.53005409	0.0067535043	1
170.0166	-0.51069111	5.22507	-0.53142893	0.0067853928	0
170.5166	-0.51163435	5.6062942	-0.5332191	0.0067445636	0
171.0166	-0.51407367	3.6472311	-0.53469288	0.0067728758	0
171.5166	-0.51432848	4.5467715	-0.53628933	0.0067603588	0
172.0166	-0.5164519	4.2292175	-0.53791833	0.0066763163	0
172.5166	-0.51744133	4.6721282	-0.53943324	0.0067958236	0
173.0166	-0.51921159	5.3533282	-0.54090309	0.0068327785	0
173.5166	-0.5205676	3.5137954	-0.54242778	0.0068432093	0
174.0166	-0.52282661	3.4767132	-0.54401588	0.0067126751	0
174.5166	-0.5235672	5.7227535	-0.54561961	0.0068163872	0
175.0166	-0.52603781	3.422514	-0.54706585	0.0068470836	0
175.5166	-0.52713454	7.2979074	-0.54859591	0.0069504976	0
176.0166	-0.52805841	3.2000725	-0.55021536	0.0069603324	0
176.5166	-0.53003728	6.1854668	-0.55176306	0.0068694353	0
177.0166	-0.53213835	5.7245965	-0.55324662	0.006827116	0
177.5166	-0.5325228	6.1537018	-0.55486906	0.0067657232	0
178.0166	-0.53353906	3.4678504	-0.55640054	0.0069111586	0
178.5166	-0.53664148	4.0204058	-0.55788088	0.0067856908	0
179.0166	-0.53751469	6.0884585	-0.55931282	0.0068116188	0
179.5166	-0.53893477	5.3707438	-0.5607487	0.00680089	0
180.0166	-0.54093003	5.8642445	-0.56269217	0.0068634748	1
180.5166	-0.54245591	4.8329473	-0.5640744	0.0069832802	0
181.0166	-0.54395795	2.9555891	-0.56542528	0.0068926811	0
181.5166	-0.54447055	4.6162329	-0.56701171	0.0068497658	0
182.0166	-0.5449757	4.552124	-0.56850088	0.0068700314	0
182.5166	-0.5485341	1.4288896	-0.56999135	0.0067937374	0
183.0166	-0.5486235	4.9248958	-0.5715977	0.0069177151	0
183.5166	-0.55144429	4.3826823	-0.57316792	0.006942749	0
184.0166	-0.55428594	4.9797611	-0.57485235	0.0069463253	0
184.5166	-0.55415779	1.9157101	-0.57645845	0.0068756938	0
185.0166	-0.55564195	3.6338229	-0.57791603	0.0070053339	0
185.5166	-0.55723339	3.202986	-0.57945299	0.0069743395	0
186.0166	-0.5591765	1.6159742	-0.5809896	0.0068688393	0
186.5166	-0.56039095	2.596875	-0.58253896	0.007032752	0
187.0166	-0.56171417	1.0185504	-0.5842514	0.0069615245	0
187.5166	-0.56303144	3.5192065	-0.5857842	0.0069627166	0
188.0166	-0.56370795	2.3349352	-0.58736074	0.0069528818	0
188.5166	-0.56691319	1.422133	-0.58897269	0.0068038702	0
189.0166	-0.56746006	3.8737731	-0.59049475	0.0070601702	0
189.5166	-0.5701676	3.2738101	-0.59210968	0.0069633126	0
190.0166	-0.56941062	3.9827385	-0.59378636	0.0068846345	0
190.5166	-0.5715549	1.1761576	-0.59555066	0.0069403648	1
191.0166	-0.57335347	3.8682041	-0.59696841	0.0068607926	0
191.5166	-0.57410747	2.9163129	-0.59856844	0.006904304	0
192.0166	-0.57765394	3.5527847	-0.60029733	0.006864965	0
192.5166	-0.57860017	1.123456	-0.6019901	0.0069758296	0
193.0166	-0.57990849	3.5139008	-0.60365748	0.0069627166	0
193.5166	-0.58062226	2.6521971	-0.60496342	0.0067916512	0
194.0166	-0.58253258	3.2079289	-0.60673726	0.0069725513	0
194.5166	-0.58461726	0.55753952	-0.60816932	0.0068518519	0
195.0166	-0.58547556	3.4602983	-0.60978842	0.0069916248	0
195.5166	-0.58659762	1.7246474	-0.61124492	0.0068446994	0
196.0166	-0.58846623	2.342926	-0.61284113	0.0069671869	0
196.5166	-0.58990419	2.1230645	-0.61429548	0.0070667267	0
197.0166	-0.59197843	4.3242888	-0.61599243	0.006827414	0
197.5166	-0.59117228	2.9344709	-0.61732304	0.0070303679	0
198.0166	-0.59433132	2.9027236	-0.61925817	0.006941855	0
198.5166	-0.59637576	3.3099158	-0.62085497	0.0069010258	0
199.0166	-0.59679747	5.8322749	-0.6227268	0.0070592761	0
199.5166	-0.59957802	1.4951043	-0.62434268	0.0069007277	0
200.0166	-0.60005039	3.4363256	-0.6260134	0.0070041418	0
200.5166	-0.60142279	2.3361051	-0.62759864	0.0067916512	0
201.0166	-0.60314685	1.7460227	-0.62925744	0.0068610907	1
201.5166	-0.60535967	3.275425	-0.63083577	0.0068852305	1
202.0166	-0.60605705	3.7618942	-0.63240576	0.0066635013	0
202.5166	-0.6079331	3.7106905	-0.63400936	0.0069499016	0
203.0166	-0.60844719	4.7646909	-0.63552034	0.0066503882	0
203.5166	-0.61148107	4.2848611	-0.63729656	0.0067406893	0
204.0166	-0.61323345	4.4544721	-0.63895595	0.0068876147	0
204.5166	-0.61406642	1.3605747	-0.64062786	0.0066432357	0
205.0166	-0.61610937	3.9961171	-0.64224255	0.0068408251	0
205.5166	-0.61812699	1.9673351	-0.64381194	0.0067695975	0
206.0166	-0.61780661	3.8079093	-0.6453197	0.006633997	0
206.5166	-0.61982572	4.7044435	-0.64683187	0.0068342686	0
207.0166	-0.62071234	2.8107285	-0.64828444	0.0066897273	0
207.5166	-0.62308311	2.0172753	-0.64993095	0.0068286061	0
208.0166	-0.62447935	0.68485028	-0.65133858	0.0066953897	0
208.5166	-0.6256789	2.583461	-0.65283108	0.0067952275	0
209.0166	-0.62856823	3.467283	-0.65432024	0.00687778	0
209.5166	-0.63009262	3.1116636	-0.65577197	0.0067144632	0
210.0166	-0.62996447	3.9223447	-0.6574316	0.0069269538	0
210.5166	-0.6324172	2.7155628	-0.65895605	0.0067555904	0
211.0166	-0.63328296	2.5827649	-0.66044581	0.0067976117	0
211.5166	-0.63591003	4.7893891	-0.66196251	0.0068706274	0
212.0166	-0.63721389	2.412797	-0.66366506	0.0066363811	1
212.5166	-0.63785166	2.8734274	-0.66517758	0.0068688393	0
213.0166	-0.63882917	3.8236923	-0.66677225	0.0067156553	0
213.5166	-0.64120889	5.0368676	-0.66852021	0.0067424774	0
214.0166	-0.64240247	3.035001	-0.67031753	0.0069239736	0
214.5166	-0.64294785	5.5741553	-0.67182589	0.0065684319	0
215.0166	-0.6465584	4.218091	-0.67345786	0.0069031119	0
215.5166	-0.64717829	3.1537125	-0.67513657	0.0067767501	0
216.0166	-0.64965189	2.0839639	-0.67673552	0.0067490339	0
216.5166	-0.64982176	3.314461	-0.67848217	0.0067839026	0
217.0166	-0.65179318	3.4420409	-0.68000865	0.0065684319	0
217.5166	-0.65291524	2.4174125	-0.68152678	0.0068119168	0
218.0166	-0.65362602	3.5363877	-0.68310153	0.0066295266	0
218.5166	-0.65610111	2.6943514	-0.68489206	0.0065150857	0
219.0166	-0.65707564	3.5104785	-0.68622398	0.0067925453	0
219.5166	-0.65921843	3.1339281	-0.68788302	0.0065568089	0
220.0166	-0.66104531	2.9752738	-0.68933117	0.0066572428	0
220.5166	-0.66289157	1.5437167	-0.69086659	0.0067821145	0
221.0166	-0.66475868	2.131465	-0.69233191	0.0065591931	0
221.5166	-0.6651029	0.70761794	-0.69411886	0.006763339	0
222.0166	-0.66639036	0.53780204	-0.6956445	0.0065916777	0
222.5166	-0.66915601	1.492501	-0.69721115	0.0066265464	1
223.0166	-0.66995323	3.7464097	-0.69872391	0.0068640709	0
223.5166	-0.67126453	2.7292516	-0.70023191	0.0065043569	0
224.0166	-0.67201555	3.7873998	-0.70172322	0.006775856	0
224.5166	-0.67463368	3.6315124	-0.70339191	0.006724	0
225.0166	-0.67627728	2.9291241	-0.70489812	0.0065550208	0
225.5166	-0.67673326	4.2228289	-0.70653903	0.0067833066	0
226.0166	-0.67770332	3.9121835	-0.70813608	0.0065684319	0
226.5166	-0.68020672	1.4886694	-0.70970845	0.0066864491	0
227.0166	-0.68037659	3.7834394	-0.7112788	0.0066462159	0
227.5166	-0.68186522	3.5872347	-0.7128166	0.0065010786	0
228.0166	-0.68379939	3.8237741	-0.71437228	0.0067445636	0
228.5166	-0.68615824	2.4163594	-0.71592343	0.0067058206	0
229.0166	-0.68745613	4.753933	-0.71750891	0.0065818429	0
229.5166	-0.6898284	1.1074508	-0.71913731	0.0067773461	0
230.0166	-0.69046021	5.8243833	-0.72064114	0.0066283345	0
230.5166	-0.69172978	5.9402637	-0.72237444	0.0067538023	0
231.0166	-0.69320649	3.7527039	-0.72391796	0.0065600872	0
231.5166	-0.69587082	2.566087	-0.72538745	0.0065305829	0
232.0166	-0.69582313	5.0480762	-0.72704923	0.0068670511	0
232.5166	-0.69714636	4.0336504	-0.72859693	0.0065794587	0
233.0166	-0.69923401	5.9327931	-0.73036802	0.0066947937	1
233.5166	-0.70169717	3.976836	-0.73182511	0.0065675378	0
234.0166	-0.70259422	4.9687285	-0.73337805	0.0065985322	0
234.5166	-0.70257336	2.8959846	-0.73488486	0.0068029761	0
235.0166	-0.70544034	3.5567393	-0.73650646	0.0065097213	0
235.5166	-0.70715547	1.3352156	-0.73801708	0.0066235662	0
236.0166	-0.70857704	1.3492378	-0.73950815	0.0065860152	0
236.5166	-0.71064979	3.5816774	-0.74095678	0.0063845515	0
237.0166	-0.71164519	2.546133	-0.74245226	0.0066155195	0
237.5166	-0.71319491	1.4570683	-0.74399519	0.0065243244	0
238.0166	-0.71431249	1.3647456	-0.74560118	0.006492734	0
238.5166	-0.71524233	3.5554173	-0.74709666	0.0066405535	0
239.0166	-0.71729273	4.6999741	-0.74862587	0.006364584	0
239.5166	-0.71937442	2.803463	-0.74996936	0.0065466762	0
240.0166	-0.72037876	2.8592184	-0.75155628	0.0064828992	0
240.5166	-0.72176158	1.0623424	-0.75313973	0.0063961744	0
241.0166	-0.7229805	3.0204291	-0.7546066	0.0065538287	0
241.5166	-0.72471946	0.9356752	-0.75612795	0.0063610077	0
242.0166	-0.72557926	0.57395422	-0.75778675	0.0063729286	0
242.5166	-0.72735846	2.7870133	-0.75952339	0.0065878034	0
243.0166	-0.73092878	3.6049833	-0.76123369	0.0062721968	0
243.5166	-0.73108524	0.73356801	-0.76277566	0.0064656138	1
244.0166	-0.73281378	0.41383743	-0.76444137	0.0063160062	0
244.5166	-0.73434561	4.6324077	-0.7659452	0.0062739849	0
245.0166	-0.73594898	1.7579038	-0.76768923	0.0064972043	0
245.5166	-0.73706508	4.34233	-0.76928508	0.0062185526	0
246.0166	-0.73926747	3.3831327	-0.77070665	0.0063243508	0
246.5166	-0.74076056	1.4154699	-0.77237201	0.006326139	0
247.0166	-0.74111819	1.367928	-0.77402067	0.0062114	0
247.5166	-0.74269921	4.6692033	-0.77568185	0.0061306357	0
248.0166	-0.74507743	3.0156088	-0.77721703	0.0063598156	0
248.5166	-0.74638873	5.8112564	-0.77865529	0.0060304999	0
249.0166	-0.74654222	1.2816541	-0.78005803	0.0062298775	0
249.5166	-0.74799657	4.5836258	-0.78158009	0.0062164664	0
250.0166	-0.75118393	2.3647695	-0.78325081	0.0059643388	0
250.5166	-0.75293183	4.8049731	-0.78485	0.0061765313	0
251.0166	-0.7529512	4.8530531	-0.78650427	0.0059989095	0
251.5166	-0.75460225	2.3217905	-0.78817201	0.006057322	0
252.0166	-0.75676441	0.41631779	-0.78975964	0.0063496828	0
252.5166	-0.75745285	2.4471123	-0.79117763	0.0060024858	0
253.0166	-0.76093972	3.3489461	-0.79282391	0.0062647462	0
253.5166	-0.76074451	1.8362746	-0.79431581	0.0063493848	0
254.0166	-0.76285303	2.191479	-0.79576683	0.0060373545	0
254.5166	-0.76374114	1.5074826	-0.79743099	0.0062325597	1
255.0166	-0.76574534	-0.14290065	-0.79892886	0.0062969327	0
255.5166	-0.76622665	2.1179516	-0.8006947	0.0061267614	0
256.0166	-0.76860785	1.3748719	-0.80224919	0.0064340234	0
256.5166	-0.76961219	1.0818168	-0.80385494	0.0061777234	0
257.0166	-0.77237338	0.56920415	-0.80528903	0.0062859058	0
257.5166	-0.77347457	0.057872776	-0.80681789	0.0063735247	0
258.0166	-0.77418983	1.6332372	-0.80845284	0.0060808659	0
258.5166	-0.77502877	-0.98129839	-0.80996406	0.0064632297	0
259.0166	-0.77795237	0.52851832	-0.81156898	0.0061839819	0
259.5166	-0.7798329	-1.2653446	-0.81308854	0.006056726	0
260.0166	-0.78021586	-1.7542361	-0.81472266	0.0063237548	0
260.5166	-0.78290254	-1.9041916	-0.81630993	0.0061526895	0
261.0166	-0.78343302	-0.048957571	-0.81801724	0.0062391162	0
261.5166	-0.78472644	-0.15100858	-0.81955683	0.006275773	0
262.0166	-0.7857576	0.91221726	-0.82098913	0.006044507	0
262.5166	-0.78820884	-0.66761655	-0.82259488	0.0063240528	0
263.0166	-0.79115182	-0.39946431	-0.82409966	0.0063049793	0
263.5166	-0.79167485	-2.9804685	-0.82553756	0.00608325	0
264.0166	-0.79247802	-1.045489	-0.82714009	0.0063741207	0
264.5166	-0.79436898	-3.8805413	-0.82861435	0.006095469	0
265.0166	-0.79503655	-4.5949688	-0.83024371	0.0063315034	1
265.5166	-0.79654604	-4.0335159	-0.8315326	0.006147027	0
266.0166	-0.79763532	-8.085434	-0.8327992	0.0060686469	0
266.5166	-0.8003056	-8.1258984	-0.83391917	0.0063079596	0
267.0166	-0.80299228	-12.701966	-0.83509278	0.0061035156	0
267.5166	-0.80147833	-13.176847	-0.83614457	0.0061804056	0
268.0166	-0.80476999	-12.977366	-0.8373065	0.0062277913	0
268.5166	-0.80515891	-17.141838	-0.83842862	0.0060635805	0
269.0166	-0.80891252	-20.828526	-0.8396827	0.0061941147	0
269.5166	-0.80941468	-22.505947	-0.84093201	0.006172657	0
270.0166	-0.81005394	-22.654257	-0.84203947	0.0060352683	0
270.5166	-0.81279129	-22.757772	-0.84318209	0.0063699484	0
271.0166	-0.81396401	-25.675827	-0.8443619	0.0062829256	0
271.5166	-0.81460327	-27.445776	-0.84556627	0.0062140822	0
272.0166	-0.81623048	-27.38619	-0.84696817	0.0062966347	0
272.5166	-0.81855357	-25.225838	-0.84848654	0.0061860681	0
273.0166	-0.82003921	-26.445923	-0.84995735	0.0062996149	0
273.5166	-0.8210972	-27.602032	-0.85169804	0.0064113736	0
274.0166	-0.82205832	-26.777241	-0.85331547	0.0062695146	0
274.5166	-0.8232832	-22.33564	-0.85480499	0.0064706802	0
275.0166	-0.82489848	-25.956686	-0.85649776	0.0062924623	0
275.5166	-0.82609802	-25.947214	-0.85821557	0.0063243508	1
276.0166	-0.82884878	-24.482067	-0.85971487	0.0064280629	0
276.5166	-0.82965493	-26.972048	-0.86124349	0.0062572956	0
277.0166	-0.83122253	-28.206694	-0.86285162	0.0063097477	0
277.5166	-0.83174258	-25.641851	-0.86429167	0.006365478	0
278.0166	-0.83419383	-25.942904	-0.86610544	0.0063073635	0
278.5166	-0.83658397	-27.273018	-0.86759913	0.0064373016	0
279.0166	-0.83735138	-25.725189	-0.86917865	0.0063374639	0
279.5166	-0.83875209	-26.343306	-0.87067533	0.0062263012	0
280.0166	-0.84047616	-27.419359	-0.87228608	0.0063106418	0
280.5166	-0.84050447	-26.054594	-0.87383437	0.0063607097	0
281.0166	-0.84349066	-27.817371	-0.87530005	0.0064903498	0
281.5166	-0.84509403	-26.964035	-0.87667775	0.0064179301	0
282.0166	-0.84716231	-28.669945	-0.87810826	0.00613451	0
282.5166	-0.8475244	-27.624088	-0.87968338	0.0064843893	0
283.0166	-0.8492142	-26.545815	-0.8814652	0.0065234303	0
283.5166	-0.85205883	-26.798956	-0.88290942	0.0064456463	0
284.0166	-0.85226595	-26.030172	-0.88451636	0.0064998865	0
284.5166	-0.85448176	-26.498062	-0.88612485	0.0062870979	0
285.0166	-0.85441172	-27.932013	-0.88764179	0.0064980984	0
285.5166	-0.85615814	-27.844164	-0.88922274	0.0066074729	0
286.0166	-0.85714161	-25.772228	-0.89085531	0.0065118074	1
286.5166	-0.85987002	-27.520706	-0.89241278	0.0063440204	0
287.0166	-0.86118728	-27.912315	-0.89389551	0.0064149499	0
287.5166	-0.86254478	-27.379971	-0.89550543	0.0064575672	0
288.0166	-0.86448044	-25.328037	-0.89714003	0.0064712763	0
288.5166	-0.86644143	-29.205811	-0.8988018	0.0063171983	0
289.0166	-0.86814016	-30.00049	-0.90049195	0.0064721704	0
289.5166	-0.86948574	-27.488482	-0.90200198	0.0065341592	0
290.0166	-0.87116808	-29.911154	-0.90346146	0.0063407421	0
290.5166	-0.8718729	-27.620314	-0.90506089	0.0063997507	0
291.0166	-0.87428689	-28.372694	-0.90668392	0.0063967705	0
291.5166	-0.87616742	-26.580681	-0.90844142	0.0063470006	0
292.0166	-0.87608546	-29.848139	-0.9099977	0.0065630674	0
292.5166	-0.87836236	-25.908085	-0.91166842	0.0063636899	0
293.0166	-0.87921023	-26.339279	-0.91345298	0.0065368414	0
293.5166	-0.88219196	-29.370905	-0.91525543	0.0065425038	0
294.0166	-0.88311583	-29.111444	-0.9168942	0.0064203143	0
294.5166	-0.88362992	-30.498363	-0.91866004	0.0065109134	0
295.0166	-0.88542998	-28.282928	-0.92047858	0.0064367056	0
295.5166	-0.88828951	-32.085629	-0.92201662	0.0064393878	0
296.0166	-0.88876933	-32.167423	-0.9238236	0.0064721704	0
296.5166	-0.89051723	-36.552677	-0.92551243	0.0062862039	1
297.0166	-0.89110136	-35.491978	-0.92721951	0.0063610077	1
297.5166	-0.89209676	-35.157768	-0.9290154	0.0062692165	0
298.0166	-0.89377463	-37.215103	-0.93072844	0.0062087178	0
298.5166	-0.89699477	-39.361385	-0.93242574	0.006454587	0
299.0166	-0.89713335	-39.849712	-0.93406844	0.006262362	0
299.5166	-0.89836866	-40.055008	-0.93554723	0.0063237548	0
300.0166	-0.90131909	-40.560951	-0.9372102	0.006403625	0
300.5166	-0.90201199	-40.66095	-0.93896258	0.0063851476	0
301.0166	-0.9036392	-45.338387	-0.94048035	0.0065049529	0
301.5166	-0.90424716	-42.933205	-0.94231617	0.0063383579	0
302.0166	-0.90672225	-45.502289	-0.94391954	0.006172955	0
302.5166	-0.90732723	-46.318176	-0.94551337	0.0065347552	0
303.0166	-0.90821534	-48.152103	-0.94710934	0.0062099099	0
303.5166	-0.91190934	-50.139732	-0.94866979	0.006352663	0
304.0166	-0.91278553	-49.754669	-0.95006633	0.0064319372	0
304.5166	-0.91407001	-51.231754	-0.95154691	0.0063455105	0
305.0166	-0.915654	-53.317535	-0.95314908	0.0063437223	0
305.5166	-0.91656446	-56.214638	-0.95458436	0.0064381957	0
306.0166	-0.91763586	-57.184006	-0.95614862	0.0063657761	0
306.5166	-0.91946423	-58.896404	-0.95763397	0.0066497922	0
307.0166	-0.9213686	-57.741005	-0.95898223	0.0063458085	0
307.5166	-0.92219263	-61.680332	-0.96047449	0.0063180923	1
308.0166	-0.92377961	-63.757607	-0.96186769	0.0064992905	0
308.5166	-0.92682242	-64.308037	-0.9633373	0.0063991547	0
309.0166	-0.92834085	-65.818718	-0.96467924	0.0064012408	0
309.5166	-0.92879832	-67.321724	-0.96601558	0.0063365698	0
310.0166	-0.92936754	-68.666435	-0.96731019	0.0064206123	0
310.5166	-0.9322837	-71.029373	-0.96872199	0.0064173341	0
311.0166	-0.93254298	-74.456268	-0.97006845	0.006339252	0
311.5166	-0.93601197	-75.688057	-0.97118664	0.0062647462	0
312.0166	-0.93608201	-77.912758	-0.97234952	0.0064715743	0
312.5166	-0.93865097	-79.653282	-0.9737314	0.0061672926	0
313.0166	-0.93946457	-83.55764	-0.97495902	0.0062653422	0
313.5166	-0.94108433	-84.236916	-0.97630727	0.0063383579	0
314.0166	-0.94055533	-89.164574	-0.97753394	0.006198287	0
314.5166	-0.94286948	-94.329323	-0.97870839	0.006249547	0
315.0166	-0.94567835	-92.553322	-0.98000872	0.0062170625	0
315.5166	-0.94615817	-97.904472	-0.98118711	0.0062295794	0
316.0166	-0.94823986	-99.619484	-0.9824295	0.006325841	0
316.5166	-0.95054805	-99.78672	-0.98371792	0.0060981512	0
317.0166	-0.95185339	-104.45865	-0.98465073	0.0062093139	0
317.5166	-0.95274746	-106.6975	-0.98569524	0.0062304735	0
318.0166	-0.953798	-109.7836	-0.98675203	0.0062027574	1
318.5166	-0.95560104	-112.50269	-0.98771167	0.0061094761	0
319.0166	-0.95662773	-112.2304	-0.98872197	0.00613451	0
319.5166	-0.9586364	-118.36209	-0.98983991	0.0062298775	0
320.0166	-0.96146762	-120.22424	-0.99094641	0.006159842	0
320.5166	-0.96116811	-122.4817	-0.99210608	0.0061127543	0
321.0166	-0.96403509	-126.50657	-0.99319267	0.0063058734	0
321.5166	-0.96406341	-128.08218	-0.9941982	0.0061056018	0
322.0166	-0.96667111	-133.93689	-0.99521148	0.0060886145	0
322.5166	-0.96792281	-136.54805	-0.9962641	0.0061398745	0
323.0166	-0.9691298	-137.77199	-0.9972508	0.0060760975	0
323.5166	-0.97186267	-134.99306	-0.99829125	0.006223619	0
324.0166	-0.97298324	-140.17842	-0.999264	0.0061845779	0
324.5166	-0.97319037	-144.66466	-1.0003202	0.0061222911	0
325.0166	-0.97600818	-146.98674	-1.0013826	0.00616014	0
325.5166	-0.97522438	-149.56625	-1.002499	0.0061374903	0
326.0166	-0.97814053	-154.66483	-1.0035663	0.0061687827	0
326.5166	-0.97890347	-159.36685	-1.0047041	0.0061133504	0
327.0166	-0.98033845	-165.25299	-1.0057629	0.0061294436	0
327.5166	-0.981538	-167.66293	-1.0068978	0.0059950352	0
328.0166	-0.98460466	-172.42191	-1.0079949	0.0059592724	0
328.5166	-0.98583996	-178.1427	-1.009369	0.0059014559	1
329.0166	-0.98738074	-179.74651	-1.0105057	0.0059598684	0
329.5166	-0.98789036	-182.59558	-1.0117321	0.0059694052	0
330.0166	-0.99064857	-185.83443	-1.0129495	0.0060173869	0
330.5166	-0.99160522	-191.68956	-1.0141863	0.0059840083	0
331.0166	-0.99280477	-194.72629	-1.0153456	0.0058415532	0
331.5166	-0.99558383	-195.64806	-1.0167832	0.0059095025	0
332.0166	-0.99645853	-203.05894	-1.0180141	0.0058829784	0
332.5166	-0.99653453	-204.65991	-1.0191755	0.0057756901	0
333.0166	-0.99880546	-209.80603	-1.0203307	0.0058418512	0
333.5166	-1.0008023	-216.54405	-1.0214447	0.0057095289	0
334.0166	-1.0011747	-219.65059	-1.022598	0.0056612492	0
334.5166	-1.0033026	-221.53864	-1.0244186	0.005505383	0
335.0166	-1.0044098	-227.11942	-1.0260587	0.0056806207	0
335.5166	-1.00694	-228.35265	-1.0268866	0.0056159496	0
336.0166	-1.0072649	-236.17271	-1.0278575	0.0055986643	0
336.5166	-1.0088339	-240.40887	-1.0288535	0.0056183338	0
337.0166	-1.0109752	-246.15341	-1.0297335	0.0055459142	0
337.5166	-1.0134385	-250.92271	-1.0309882	0.0055679679	0
338.0166	-1.0140851	-251.6362	-1.0323544	0.0055536628	0
338.5166	-1.0154917	-260.60938	-1.0334696	0.0054216385	0
339.0166	-1.0158315	-263.41232	-1.0344045	0.0054711103	1
339.5166	-1.019074	-271.71716	-1.0355152	0.0054246187	0
340.0166	-1.0205581	-277.67221	-1.0365926	0.0053879619	0
340.5166	-1.0209292	-280.10544	-1.0375906	0.0052577257	0
341.0166	-1.0242015	-285.58551	-1.0385238	0.0052529573	0
341.5166	-1.0244012	-291.85031	-1.0397507	0.0051492453	0
342.0166	-1.026234	-300.81808	-1.041293	0.0052297115	0
342.5166	-1.0281727	-304.85999	-1.0425444	0.0050732493	0
343.0166	-1.0277957	-309.13629	-1.0434841	0.005017221	0
343.5166	-1.0308415	-317.62885	-1.0445513	0.0049877167	0
344.0166	-1.0310918	-324.34515	-1.0455059	0.0049063563	0
344.5166	-1.0336862	-330.87793	-1.0466688	0.0048837066	0
345.0166	-1.0352983	-338.845	-1.0476695	0.004914403	0
345.5166	-1.0360584	-344.17957	-1.0486816	0.0047704577	0
346.0166	-1.0386989	-346.71924	-1.0501869	0.0046551228	0
346.5166	-1.039812	-354.78534	-1.0512061	0.0047028065	0
347.0166	-1.0399282	-360.09158	-1.0520856	0.004554987	0
347.5166	-1.0424644	-366.30075	-1.0529416	0.0045835972	0
348.0166	-1.043819	-375.58908	-1.0536898	0.0045162439	0
348.5166	-1.0460615	-380.70465	-1.0542654	0.0044554472	0
349.0166	-1.0472701	-386.98898	-1.05489	0.0043997169	0
349.5166	-1.0493904	-392.24167	-1.0554926	0.0042483211	1
350.0166	-1.0497987	-398.2403	-1.0561531	0.0041806698	1
350.5166	-1.051563	-403.98044	-1.0566504	0.0041952729	0
351.0166	-1.0522768	-408.08295	-1.0571702	0.0041639805	0
351.5166	-1.0540932	-412.64386	-1.0577787	0.0041136146	0
352.0166	-1.0546432	-412.05566	-1.0581602	0.0041428208	0
352.5166	-1.0556042	-415.37552	-1.0584666	0.0040364265	0
353.0166	-1.0563419	-419.33612	-1.0588818	0.0039872527	0
353.5166	-1.058206	-425.03287	-1.0592924	0.0039714575	0
354.0166	-1.0610014	-436.51999	-1.0596843	0.0038987398	0
354.5166	-1.0615394	-444.14581	-1.0601695	0.0037264824	0
355.0166	-1.0621756	-452.71027	-1.0608555	0.003696084	0
355.5166	-1.0653422	-460.26227	-1.0616471	0.0036308169	0
356.0166	-1.06688	-465.82327	-1.0623996	0.0036025047	0
356.5166	-1.0691299	-474.54834	-1.0633223	0.0034940243	0
357.0166	-1.0714426	-480.1709	-1.064093	0.0035008788	0
357.5166	-1.0721385	-490.10684	-1.0649894	0.0035080314	0
358.0166	-1.0755076	-500.98212	-1.0657583	0.0033167005	0
358.5166	-1.0774851	-514.12006	-1.0666884	0.0032907724	0
359.0166	-1.080276	-526.06525	-1.0676138	0.003092885	0
359.5166	-1.0835499	-538.79651	-1.0687505	0.0029572845	0
360.0166	-1.0865629	-558.42212	-1.0700421	0.0028336048	0
360.5166	-1.0917634	-573.61731	-1.0716732	0.0027137995	1
361.0166	-1.0956347	-593.64716	-1.073343	0.0023859739	0
361.5166	-1.099816	-613.08063	-1.0751902	0.0020781159	0
362.0166	-1.1034801	-636.73456	-1.0768439	0.0016576052	0
362.5166	-1.1088669	-661.19086	-1.078562	0.0013288856	0
363.0166	-1.1146635	-683.10742	-1.0807632	0.00064343214	0
363.5166	-1.12077	-707.62012	-1.0830368	-0.00014990568	0
364.0166	-1.1253417	-720.30298	-1.0858111	-0.0010591745	0
364.5166	-1.1298835	-737.58234	-1.0887308	-0.0023937225	0
365.0166	-1.135391	-755.42999	-1.0911776	-0.0035595894	0
365.5166	-1.1410341	-761.57416	-1.0954739	-0.0063744187	0
366.0166	-1.1472791	-614.03284	-1.1178641	-0.02277106	0
366.5166	-1.1512861	-292.88998	-1.1664058	-0.06044358	0
367.0166	-1.1500984	-282.92029	-1.1669748	-0.061188042	0
367.5166	-1.1478617	-268.17853	-1.1669828	-0.061218739	0
368.0166	-1.1463642	-257.73526	-1.1668904	-0.060962439	0
368.5166	-1.1445731	-242.27504	-1.1666818	-0.060743392	0
369.0166	-1.1413918	-221.25975	-1.1655407	-0.060195029	0
369.5166	-1.1394753	-206.18915	-1.1642252	-0.059547722	0
370.0166	-1.1367037	-188.05067	-1.1629034	-0.058979988	0
370.5166	-1.1360437	-174.38446	-1.1615283	-0.058096051	0
371.0166	-1.1318133	-157.87561	-1.1598949	-0.05725354	1
371.5166	-1.1275754	-143.17728	-1.1581035	-0.05641669	0
372.0166	-1.1256307	-128.67445	-1.1563193	-0.055567026	0
372.5166	-1.122968	-118.47182	-1.1543794	-0.054776967	0
373.0166	-1.1211798	-108.87556	-1.1525704	-0.053756237	0
373.5166	-1.1180848	-96.021606	-1.150874	-0.052871704	0
374.0166	-1.1155293	-90.327888	-1.1494066	-0.052218735	0
374.5166	-1.1131063	-81.265396	-1.1478643	-0.051404238	0
375.0166	-1.1109426	-72.784409	-1.1464561	-0.050771534	0
375.5166	-1.1100485	-70.338417	-1.1451648	-0.050245523	0
376.0166	-1.1091008	-63.71957	-1.1437638	-0.049366057	0
376.5166	-1.1055424	-58.945099	-1.1424499	-0.048928857	0
377.0166	-1.1046261	-52.320057	-1.141261	-0.048256814	0
377.5166	-1.1043534	-47.963074	-1.1402397	-0.047699511	0
378.0166	-1.1031032	-45.073311	-1.1391954	-0.047403872	0
378.5166	-1.1006832	-41.844231	-1.1381872	-0.046899319	0
379.0166	-1.0997564	-37.498283	-1.1371942	-0.046248138	0
379.5166	-1.0981963	-36.978603	-1.1362625	-0.046159923	0
380.0166	-1.0975808	-31.099302	-1.1354117	-0.045493543	0
380.5166	-1.0965288	-29.067682	-1.1344362	-0.045217574	0
381.0166	-1.0951728	-27.345289	-1.1335887	-0.045277774	0
381.5166	-1.0933206	-25.708126	-1.1326312	-0.044628382	1
382.0166	-1.092483	-23.673119	-1.1318303	-0.044653416	0
382.5166	-1.0909185	-25.845655	-1.131116	-0.044442117	0
383.0166	-1.0888145	-22.999868	-1.1301886	-0.043995976	0
383.5166	-1.0876864	-19.698576	-1.1293982	-0.044223368	0
384.0166	-1.0862917	-21.696903	-1.1284571	-0.043934882	0
384.5166	-1.0854139	-21.979458	-1.1272593	-0.043604374	0
385.0166	-1.0831132	-21.987249	-1.1258836	-0.043945313	0
385.5166	-1.0829329	-20.987484	-1.1242999	-0.043513775	0
386.0166	-1.0792732	-25.180466	-1.1228598	-0.043769777	0
386.5166	-1.0786488	-26.420797	-1.1213876	-0.04375726	0
387.0166	-1.0784715	-24.385557	-1.1198663	-0.043567121	0
387.5166	-1.0752811	-26.141684	-1.118422	-0.043778419	0
388.0166	-1.0748804	-28.284296	-1.1169471	-0.043744743	0
388.5166	-1.0728405	-25.919628	-1.1156042	-0.043578744	0
389.0166	-1.0720611	-28.200972	-1.1142565	-0.043665171	0
389.5166	-1.0709614	-27.668686	-1.1128629	-0.043680072	0
390.0166	-1.0688573	-27.319653	-1.1115886	-0.043567419	0
390.5166	-1.0683582	-25.08534	-1.1102654	-0.043732226	0
391.0166	-1.0658488	-25.417538	-1.108929	-0.043661296	0
391.5166	-1.0662258	-28.399603	-1.1076765	-0.043621957	0
392.0166	-1.0644972	-27.870483	-1.106667	-0.043630004	1
392.5166	-1.0653764	-27.244377	-1.1055766	-0.043527484	1
393.0166	-1.0638297	-26.681936	-1.1046196	-0.043722093	0
393.5166	-1.0631323	-28.437729	-1.1037637	-0.043585896	0
394.0166	-1.0624826	-26.689447	-1.1029695	-0.043636858	0
394.5166	-1.0607913	-27.184252	-1.102329	-0.043625534	0
395.0166	-1.0602534	-27.964375	-1.1018019	-0.043571889	0
395.5166	-1.0589689	-29.055071	-1.1013044	-0.043540597	0
396.0166	-1.0583088	-27.914007	-1.1008627	-0.04354775	0
396.5166	-1.0587587	-27.633434	-1.100517	-0.043625534	0
397.0166	-1.0598884	-27.063358	-1.1002343	-0.04365176	0
397.5166	-1.0592415	-27.135973	-1.1001207	-0.04349649	0
398.0166	-1.0571673	-25.07321	-1.0999124	-0.043618679	0
398.5166	-1.0586023	-24.170727	-1.0998352	-0.043500662	0
399.0166	-1.0574549	-24.662191	-1.0997586	-0.043527186	0
399.5166	-1.0582626	-25.363369	-1.0997324	-0.043760836	0
400.0166	-1.0583653	-26.683304	-1.09973	-0.043587089	0
400.5166	-1.0600612	-26.480881	-1.0996931	-0.043643713	0
401.0166	-1.0587484	-25.924915	-1.0996633	-0.04353255	0
401.5166	-1.0576859	-26.950691	-1.0996736	-0.043701231	0
402.0166	-1.0586216	-27.268473	-1.0996382	-0.043723881	0
402.5166	-1.0581076	-25.176523	-1.0996823	-0.043572187	0
403.0166	-1.058057	-27.083138	-1.0996543	-0.04357338	1
403.5166	-1.0586023	-26.699135	-1.0996394	-0.0435853	0
404.0166	-1.05934	-27.036659	-1.0996629	-0.043624938	0
404.5166	-1.0600343	-26.342064	-1.0997038	-0.043690205	0
405.0166	-1.0583967	-25.747822	-1.0996358	-0.043528378	0
405.5166	-1.0590464	-24.906109	-1.0996037	-0.043675005	0
406.0166	-1.0582119	-25.808252	-1.0996335	-0.043535233	0
406.5166	-1.0585144	-27.177641	-1.099654	-0.043666363	0
407.0166	-1.0589182	-26.466894	-1.0996987	-0.043651164	0
407.5166	-1.0578692	-25.294685	-1.0996668	-0.043699741	0
408.0166	-1.0591775	-28.180895	-1.0996984	-0.043701828	0
408.5166	-1.0587559	-26.753094	-1.0996644	-0.04370898	0
409.0166	-1.0583192	-24.553577	-1.099732	-0.043696761	0
409.5166	-1.0586843	-27.683422	-1.0997058	-0.043730438	0
410.0166	-1.0577574	-27.150318	-1.099708	-0.043710172	0
410.5166	-1.0583355	-27.370108	-1.099701	-0.043756068	0
411.0166	-1.0593146	-24.691132	-1.0997064	-0.043620765	0
411.5166	-1.0591447	-27.236614	-1.0997756	-0.043760836	0
412.0166	-1.0583415	-26.285934	-1.099826	-0.043570399	0
412.5166	-1.0582	-25.225809	-1.0998995	-0.043612421	0
413.0166	-1.05934	-26.713121	-1.100093	-0.043675303	0
413.5166	-1.0590702	-28.37607	-1.1001695	-0.043587089	1
414.0166	-1.059644	-27.021139	-1.1008347	-0.043773949	0
414.5166	-1.0607049	-27.007896	-1.1014746	-0.043531358	0
415.0166	-1.0607347	-29.175045	-1.1021633	-0.043601394	0
415.5166	-1.0604918	-27.727119	-1.1031424	-0.043624043	0
416.0166	-1.062788	-25.342678	-1.1041092	-0.043618679	0
416.5166	-1.0644212	-26.660847	-1.1055284	-0.043726563	0
417.0166	-1.0656073	-26.446226	-1.1070596	-0.043614805	0
417.5166	-1.0673463	-24.654261	-1.109026	-0.043638051	0
418.0166	-1.0708079	-26.682098	-1.1120533	-0.043565333	0
418.5166	-1.0742471	-25.419949	-1.1164434	-0.043712556	0
419.0166	-1.0776148	-32.444443	-1.121112	-0.043573081	0
419.5166	-1.0837466	-36.761292	-1.1258776	-0.043753684	0
420.0166	-1.0892719	-53.433067	-1.1297159	-0.044086277	0
420.5166	-1.0960698	-72.78627	-1.1329765	-0.04461199	0
421.0166	-1.100564	-94.71125	-1.1364006	-0.045745075	0
421.5166	-1.1088192	-117.38129	-1.1404674	-0.047350228	0
422.0166	-1.1140823	-136.58815	-1.1443691	-0.04942745	0
422.5166	-1.1172473	-154.29636	-1.1474634	-0.051197708	0
423.0166	-1.1210427	-168.4166	-1.1500071	-0.052582026	0
423.5166	-1.1243627	-183.15923	-1.1523693	-0.053885579	0
424.0166	-1.1273072	-190.15013	-1.1543502	-0.055112243	1
424.5166	-1.1299282	-202.24776	-1.1560904	-0.056169331	0
425.0166	-1.1303365	-211.12656	-1.1576747	-0.056993961	0
425.5166	-1.1349156	-222.79958	-1.1590146	-0.058007538	0
426.0166	-1.1346922	-227.41251	-1.1603911	-0.058879852	0
426.5166	-1.1365533	-235.5406	-1.1616398	-0.059755147	0
427.0166	-1.1389434	-240.54829	-1.1628939	-0.06051302	0
427.5166	-1.1398718	-245.3423	-1.1640875	-0.061442256	0
428.0166	-1.1405363	-250.46649	-1.165099	-0.062348545	0
428.5166	-1.1428535	-252.70811	-1.1663263	-0.063340068	0
429.0166	-1.1447221	-254.13445	-1.1674618	-0.064159334	0
429.5166	-1.1456519	-258.37122	-1.1686765	-0.065213442	0
430.0166	-1.1483119	-260.16208	-1.1698567	-0.066220462	0
430.5166	-1.1469096	-261.81052	-1.1710786	-0.067233443	0
431.0166	-1.1490405	-259.39398	-1.1724781	-0.068563521	0
431.5166	-1.1514276	-261.27444	-1.1738826	-0.069744587	0
432.0166	-1.1533365	-257.3938	-1.1752539	-0.070903003	0
432.5166	-1.152426	-257.66541	-1.1764951	-0.072119832	0
433.0166	-1.1537864	-251.3172	-1.1777692	-0.073093474	0
433.5166	-1.1551871	-250.59872	-1.1790489	-0.074344575	0
434.0166	-1.1557088	-251.29143	-1.1800523	-0.07533133	0
434.5166	-1.156795	-246.83276	-1.1811935	-0.076238513	1
435.0166	-1.1574417	-245.81642	-1.1822246	-0.077218711	0
435.5166	-1.1586785	-245.24327	-1.1831279	-0.078165829	0
436.0166	-1.1606336	-242.235	-1.1841731	-0.079044998	0
436.5166	-1.1610538	-239.20285	-1.1852543	-0.080085099	0
437.0166	-1.1621714	-238.18839	-1.1862077	-0.080959201	0
437.5166	-1.1615396	-233.45595	-1.1871879	-0.082013309	0
438.0166	-1.1632502	-229.28209	-1.1882563	-0.083129704	0
438.5166	-1.1629596	-227.82861	-1.1891614	-0.083986521	0
439.0166	-1.1638135	-222.48346	-1.1900831	-0.084953904	0
439.5166	-1.1634395	-220.93799	-1.190799	-0.085583925	0
440.0166	-1.1645272	-218.94435	-1.1916305	-0.086373091	0
440.5166	-1.1646941	-215.31694	-1.1923392	-0.087054968	0
441.0166	-1.1657268	-212.32341	-1.1928792	-0.087591112	0
441.5166	-1.1661738	-211.25104	-1.1933337	-0.08813113	0
442.0166	-1.1668012	-210.31696	-1.1937796	-0.088470876	0
442.5166	-1.1670589	-207.10883	-1.1943429	-0.089061558	0
443.0166	-1.1667043	-206.30101	-1.1949562	-0.089746416	0
443.5166	-1.166971	-207.85284	-1.1954652	-0.090070665	0
444.0166	-1.1677489	-204.36386	-1.1959131	-0.090636015	0
444.5166	-1.1682556	-202.78758	-1.196426	-0.091148913	0
445.0166	-1.1684463	-202.92537	-1.1968611	-0.091501474	1
445.5166	-1.1687472	-203.14578	-1.1973988	-0.092087388	1
446.0166	-1.1691779	-200.00549	-1.1978931	-0.092436671	0
446.5166	-1.1690929	-199.2296	-1.1983032	-0.092952847	0
447.0166	-1.1714995	-197.55208	-1.1988248	-0.093452632	0
447.5166	-1.1703207	-194.15752	-1.1993642	-0.093978643	0
448.0166	-1.1703207	-194.30804	-1.2000667	-0.094518661	0
448.5166	-1.1724756	-194.28476	-1.2005274	-0.094924271	0
449.0166	-1.1714711	-194.42015	-1.201071	-0.09539336	0
449.5166	-1.1727929	-191.40704	-1.2015147	-0.096058249	0
450.0166	-1.1718438	-188.12491	-1.2019385	-0.096541643	0
450.5166	-1.1729643	-189.47583	-1.2025427	-0.097023845	0
451.0166	-1.1743367	-187.50046	-1.2030344	-0.097566247	0
451.5166	-1.1729882	-185.97656	-1.2036086	-0.098031163	0
452.0166	-1.1744082	-186.31534	-1.2040066	-0.098545551	0
452.5166	-1.1763692	-186.51524	-1.2044502	-0.099003017	0
453.0166	-1.1748149	-184.11093	-1.2049646	-0.099471807	0
453.5166	-1.1757269	-182.18233	-1.2054933	-0.10002285	0
454.0166	-1.1750877	-182.53476	-1.2060397	-0.10056973	0
454.5166	-1.1763036	-182.15428	-1.2065457	-0.10103106	0
455.0166	-1.1772037	-180.99129	-1.2069775	-0.10161251	0
455.5166	-1.1783153	-182.09258	-1.2075276	-0.10194629	0
456.0166	-1.1775166	-181.27492	-1.2081187	-0.10253459	1
456.5166	-1.1782289	-177.67691	-1.2086136	-0.10305613	0
457.0166	-1.1798412	-176.0107	-1.2090875	-0.1036796	0
457.5166	-1.1800752	-175.14412	-1.2095846	-0.10417551	0
458.0166	-1.1795521	-175.83304	-1.2101387	-0.10462016	0
458.5166	-1.1805713	-173.25687	-1.2107043	-0.10530978	0
459.0166	-1.1801913	-169.78169	-1.2112929	-0.10606259	0
459.5166	-1.1810496	-171.83235	-1.2118726	-0.10648102	0
460.0166	-1.1820078	-168.35985	-1.2125219	-0.10721475	0
460.5166	-1.1815399	-165.78094	-1.2131237	-0.10789096	0
461.0166	-1.1833117	-162.37885	-1.2136506	-0.10852754	0
461.5166	-1.1831357	-162.15569	-1.2142735	-0.1090914	0
462.0166	-1.1827037	-160.47615	-1.2148272	-0.10977983	0
462.5166	-1.1834353	-158.15604	-1.2153978	-0.11029541	0
463.0166	-1.1840761	-155.21133	-1.2160622	-0.11099905	0
463.5166	-1.1854396	-155.32208	-1.2166272	-0.11145651	0
464.0166	-1.1856109	-154.9427	-1.2170969	-0.11212587	0
464.5166	-1.18604	-156.57307	-1.2175863	-0.11258513	0
465.0166	-1.1866524	-151.64182	-1.2181504	-0.11309415	0
465.5166	-1.1866822	-155.5069	-1.218531	-0.11354387	0
466.0166	-1.1863961	-150.25032	-1.2190152	-0.11413872	0
466.5166	-1.1868582	-151.55103	-1.2195836	-0.11442065	1
467.0166	-1.1863708	-151.97276	-1.219926	-0.11506736	0
467.5166	-1.1881471	-151.57829	-1.2204318	-0.11552989	0
468.0166	-1.1882633	-150.55055	-1.2208586	-0.11597693	0
468.5166	-1.1874467	-147.26518	-1.2213082	-0.11643916	0
469.0166	-1.1885464	-146.71033	-1.2218117	-0.11684388	0
469.5166	-1.1894494	-144.6821	-1.2222625	-0.11742562	0
470.0166	-1.1904567	-144.91022	-1.2226211	-0.1178655	0
470.5166	-1.1898861	-142.50938	-1.2230958	-0.11829406	0
471.0166	-1.1906133	-141.13075	-1.2233783	-0.11866719	0
471.5166	-1.1912405	-141.9859	-1.2238784	-0.11911213	0
472.0166	-1.1902332	-142.51442	-1.2242954	-0.11962682	0
472.5166	-1.190871	-144.53661	-1.2246846	-0.12000948	0
473.0166	-1.1923418	-141.48416	-1.225105	-0.12048006	0
473.5166	-1.1920705	-140.05371	-1.2255441	-0.12097478	0
474.0166	-1.1923537	-140.20605	-1.2259276	-0.12132227	0
474.5166	-1.1920347	-135.53638	-1.2264551	-0.12167603	0
475.0166	-1.1942238	-137.78865	-1.2268515	-0.12217432	0
475.5166	-1.194097	-137.2789	-1.2273653	-0.1224786	0
476.0166	-1.194042	-135.97472	-1.2277608	-0.12294173	0
476.5166	-1.1942416	-135.59355	-1.2282615	-0.12343585	0
477.0166	-1.1953413	-136.12955	-1.2288158	-0.1238969	1
477.5166	-1.1945293	-135.49721	-1.2293918	-0.12441814	0
478.0166	-1.1971281	-136.47849	-1.2300168	-0.12504965	0
478.5166	-1.1959062	-132.15504	-1.2304784	-0.12555689	0
479.0166	-1.1987746	-133.75275	-1.2310379	-0.12623042	0
479.5166	-1.1965141	-130.90739	-1.2316544	-0.12675554	0
480.0166	-1.197353	-129.2757	-1.2320726	-0.12717664	0
480.5166	-1.1972815	-130.02679	-1.2326522	-0.12777179	0
481.0166	-1.1987895	-127.56521	-1.2331201	-0.12832344	0
481.5166	-1.1988685	-126.42316	-1.2337316	-0.12882769	0
482.0166	-1.1996835	-126.43479	-1.2341987	-0.12931347	0
482.5166	-1.199019	-126.79109	-1.2347077	-0.12985528	0
483.0166	-1.1994421	-126.25488	-1.235087	-0.13029933	0
483.5166	-1.2007833	-126.07407	-1.2355484	-0.13074875	0
484.0166	-1.2010545	-126.02606	-1.2360085	-0.13118863	0
484.5166	-1.2019813	-125.15534	-1.2364019	-0.13168871	0
485.0166	-1.2017608	-124.70102	-1.2368311	-0.13209492	0
485.5166	-1.2015448	-122.36476	-1.2372981	-0.13255656	0
486.0166	-1.2021214	-122.13275	-1.2378354	-0.13309479	0
486.5166	-1.2017667	-120.30409	-1.2382896	-0.1335302	0
487.0166	-1.2033417	-119.66666	-1.238669	-0.13402432	0
487.5166	-1.2039199	-121.20866	-1.2392313	-0.134224	1
488.0166	-1.2041078	-120.10328	-1.2396635	-0.13476163	1
488.5166	-1.2031168	-120.56396	-1.2401081	-0.13515592	0
489.0166	-1.2051493	-120.02798	-1.2406116	-0.13555974	0
489.5166	-1.2054548	-119.88401	-1.2411411	-0.13614506	0
490.0166	-1.2051255	-119.70467	-1.2416006	-0.13651162	0
490.5166	-1.2059987	-116.46003	-1.2421148	-0.1369819	0
491.0166	-1.2055085	-116.75476	-1.2426274	-0.13750643	0
491.5166	-1.2055173	-116.31659	-1.2431179	-0.13782114	0
492.0166	-1.2065321	-117.05492	-1.2434213	-0.13831973	0
492.5166	-1.2081399	-114.20419	-1.2443196	-0.13907015	0
493.0166	-1.2081474	-114.81016	-1.2446727	-0.13937086	0
493.5166	-1.2093842	-115.2908	-1.2452252	-0.13986796	0
494.0166	-1.2093916	-113.09653	-1.2457453	-0.14044851	0
494.5166	-1.208353	-110.87428	-1.2461544	-0.14095545	0
495.0166	-1.2091488	-110.39879	-1.2465833	-0.14133722	0
495.5166	-1.2100563	-112.43257	-1.2471251	-0.14183372	0
496.0166	-1.2103707	-110.93478	-1.2475758	-0.14227778	0
496.5166	-1.2118608	-110.40009	-1.2481247	-0.14270365	0
497.0166	-1.2106524	-109.06898	-1.2485666	-0.14319927	0
497.5166	-1.2132869	-106.18056	-1.2490667	-0.14369547	0
498.0166	-1.2128055	-108.59841	-1.2495072	-0.14419347	0
498.5166	-1.2127429	-105.81387	-1.2500192	-0.14480084	1
499.0166	-1.2128696	-106.72379	-1.2505097	-0.14523387	0
499.5166	-1.2124135	-106.24545	-1.251003	-0.14572293	0
500.0166	-1.2143701	-107.03167	-1.2515182	-0.14606744	0
500.5166	-1.214622	-103.75434	-1.2519426	-0.14660627	0
501.0166	-1.2136533	-103.70659	-1.2523539	-0.14713198	0
501.5166	-1.213339	-102.72729	-1.2529092	-0.1475051	0
502.0166	-1.2148172	-103.46224	-1.2534444	-0.14812231	0
502.5166	-1.2152284	-101.6112	-1.2538315	-0.14845014	0
503.0166	-1.2161717	-101.56021	-1.2542988	-0.1490736	0
503.5166	-1.2156844	-102.03461	-1.2550665	-0.14983684	0
504.0166	-1.2166798	-100.84604	-1.2555028	-0.15010238	0
504.5166	-1.2179062	-102.3019	-1.2560521	-0.15082747	0
505.0166	-1.2171656	-99.830521	-1.2564785	-0.1512903	0
505.5166	-1.2183831	-99.970299	-1.2570696	-0.15179843	0
506.0166	-1.2181892	-98.88768	-1.2574219	-0.15228063	0
506.5166	-1.2193964	-97.794151	-1.2579035	-0.15272319	0
507.0166	-1.2200743	-95.923164	-1.2583483	-0.15331626	0
507.5166	-1.2204468	-95.509644	-1.2587957	-0.15363216	0
508.0166	-1.2204289	-92.406212	-1.2593316	-0.15418977	0
508.5166	-1.2209759	-94.846878	-1.2598426	-0.15481859	0
509.0166	-1.221031	-96.015457	-1.2603034	-0.1552245	1
509.5166	-1.2213051	-94.724571	-1.2608297	-0.15568644	0
510.0166	-1.2204871	-93.790947	-1.2613134	-0.15612096	0
510.5166	-1.2222185	-93.404068	-1.2617589	-0.15663564	0
511.0166	-1.2222066	-91.689201	-1.262284	-0.15715361	0
511.5166	-1.2246042	-92.081329	-1.2627475	-0.1575613	0
512.0166	-1.2233422	-89.448692	-1.2632166	-0.15822709	0
512.5166	-1.2243166	-90.320084	-1.2637316	-0.15865743	0
513.0166	-1.2239605	-90.1633	-1.2642442	-0.15907198	0
513.5166	-1.2236967	-89.433395	-1.2647032	-0.15961498	0
514.0166	-1.2262628	-89.958755	-1.2652518	-0.15997499	0
514.5166	-1.2263089	-90.376068	-1.2656779	-0.16067654	0
515.0166	-1.2261599	-88.741035	-1.2662215	-0.16107917	0
515.5166	-1.2271807	-86.099075	-1.266781	-0.16160458	0
516.0166	-1.2264774	-88.276398	-1.2671791	-0.16215444	0
516.5166	-1.2283862	-87.60051	-1.2678303	-0.16249835	0
517.0166	-1.2276366	-83.269676	-1.2682642	-0.16296476	0
517.5166	-1.2280554	-84.165543	-1.2682761	-0.16318262	0
518.0166	-1.2270882	-85.109169	-1.2684207	-0.16335368	0
518.5166	-1.2276874	-84.211487	-1.2684922	-0.16351342	0
519.0166	-1.2286053	-87.50341	-1.2685354	-0.1635766	0
519.5166	-1.2281805	-82.42379	-1.2687515	-0.16378701	1
520.0166	-1.2285948	-82.869514	-1.2688012	-0.16391784	0
520.5166	-1.2278869	-82.733482	-1.2689127	-0.16399443	0
521.0166	-1.2287229	-85.67971	-1.2691008	-0.16443193	0
521.5166	-1.227741	-81.4319	-1.2694191	-0.16447932	0
522.0166	-1.2286276	-82.922134	-1.2697269	-0.16486436	0
522.5166	-1.228924	-83.981056	-1.2701441	-0.16522139	0
523.0166	-1.2296722	-82.308365	-1.2706662	-0.16564548	0
523.5166	-1.2299895	-82.146507	-1.2711782	-0.16616255	0
524.0166	-1.2305095	-83.717201	-1.2716799	-0.1666373	0
524.5166	-1.2314022	-81.210617	-1.2722392	-0.16721696	0
525.0166	-1.2326896	-80.433418	-1.2728496	-0.16762555	0
525.5166	-1.2326151	-81.822372	-1.2734951	-0.16826749	0
526.0166	-1.2332931	-79.728462	-1.2741638	-0.16898185	0
526.5166	-1.2338772	-79.914536	-1.2748139	-0.169653	0
527.0166	-1.2346834	-78.319824	-1.2754505	-0.17015308	0
527.5166	-1.2344241	-80.074799	-1.2761248	-0.17100364	0
528.0166	-1.2355134	-77.532791	-1.2766947	-0.17151475	0
528.5166	-1.235339	-77.173996	-1.2773533	-0.1722753	0
529.0166	-1.2371987	-77.288193	-1.2779762	-0.17284721	0
529.5166	-1.2379408	-75.935295	-1.2785788	-0.1734671	0
530.0166	-1.2371719	-76.74398	-1.2793343	-0.17421305	1
530.5166	-1.2383401	-74.512329	-1.2798752	-0.17472625	0
531.0166	-1.2377977	-73.956558	-1.2805568	-0.17536849	0
531.5166	-1.2393922	-75.574326	-1.2811441	-0.17610282	0
532.0166	-1.2403488	-73.049156	-1.2817956	-0.17643601	0
532.5166	-1.2398436	-74.498184	-1.2823589	-0.17724693	0
533.0166	-1.2405171	-72.817162	-1.2829889	-0.1778838	0
533.5166	-1.2400776	-74.166031	-1.2836157	-0.17839491	0
534.0166	-1.2415752	-73.908798	-1.284206	-0.17908722	0
534.5166	-1.2415528	-73.844635	-1.2847869	-0.17962664	0
535.0166	-1.2426331	-71.580528	-1.2853737	-0.18027365	0
535.5166	-1.243861	-71.40007	-1.2858201	-0.1809442	0
536.0166	-1.2445822	-68.510376	-1.2864016	-0.18133461	0
536.5166	-1.2451067	-71.805359	-1.2869864	-0.18194795	0
537.0166	-1.2451932	-68.829636	-1.2876166	-0.18249661	0
537.5166	-1.2451723	-67.222115	-1.2881004	-0.18312722	0
538.0166	-1.2460635	-69.457001	-1.288618	-0.18366963	0
538.5166	-1.2460337	-67.930344	-1.2891926	-0.18414348	0
539.0166	-1.2478173	-68.531952	-1.2897186	-0.18470466	0
539.5166	-1.2470752	-66.583435	-1.2902157	-0.18528551	0
540.0166	-1.2481868	-67.955093	-1.290658	-0.18573672	0
540.5166	-1.2479842	-64.910011	-1.2912018	-0.18639594	1
541.0166	-1.2480199	-68.623688	-1.2918897	-0.1868093	1
541.5166	-1.2498364	-65.845734	-1.2922646	-0.18728048	0
542.0166	-1.249598	-65.728485	-1.2928258	-0.18786728	0
542.5166	-1.2487888	-64.959045	-1.2933047	-0.18841833	0
543.0166	-1.2503862	-63.033089	-1.2938709	-0.1888907	0
543.5166	-1.2513518	-62.957882	-1.2945385	-0.18956631	0
544.0166	-1.2513921	-64.582848	-1.295126	-0.18996418	0
544.5166	-1.2521118	-63.236454	-1.2955545	-0.19046158	0
545.0166	-1.2531652	-62.148609	-1.2960215	-0.19116372	0
545.5166	-1.2533903	-61.176666	-1.2965779	-0.19165009	0
546.0166	-1.2526824	-59.982441	-1.2970788	-0.19218504	0
546.5166	-1.253526	-58.915695	-1.2976588	-0.19280642	0
547.0166	-1.2540326	-59.154793	-1.2981855	-0.19332647	0
547.5166	-1.2550011	-60.932495	-1.298772	-0.19396842	0
548.0166	-1.2552276	-59.552921	-1.2991799	-0.19440711	0
548.5166	-1.2549505	-57.761215	-1.2993889	-0.19460469	0
549.0166	-1.2551516	-58.300285	-1.299385	-0.19468457	0
549.5166	-1.2550592	-52.429379	-1.299365	-0.19461244	0
550.0166	-1.2549386	-58.07037	-1.2993581	-0.19483417	0
550.5166	-1.254858	-58.618511	-1.2993782	-0.19495636	0
551.0166	-1.2557194	-56.644035	-1.299368	-0.19502074	0
551.5166	-1.2550459	-54.139664	-1.299405	-0.19525498	1
552.0166	-1.2559593	-55.230328	-1.2993999	-0.19514173	0
552.5166	-1.2561917	-58.209194	-1.2994342	-0.19534975	0
553.0166	-1.2553096	-55.781334	-1.2993978	-0.19530773	0
553.5166	-1.2550563	-56.12854	-1.2994169	-0.1954031	0
554.0166	-1.255615	-53.679569	-1.2994604	-0.19561797	0
554.5166	-1.2548059	-55.061256	-1.2994562	-0.19560426	0
555.0166	-1.2561307	-56.859421	-1.2994589	-0.19565344	0
555.5166	-1.2546494	-57.079933	-1.2995071	-0.19585073	0
556.0166	-1.2557924	-54.471657	-1.2995477	-0.19574016	0
556.5166	-1.2554556	-54.204632	-1.2996705	-0.19591928	0
557.0166	-1.2549788	-54.32299	-1.2996538	-0.19598544	0
557.5166	-1.2549788	-54.030422	-1.2997372	-0.19594789	0
558.0166	-1.25539	-55.571671	-1.2998916	-0.19617915	0
558.5166	-1.256305	-57.272614	-1.3000195	-0.19625574	0
559.0166	-1.255317	-52.941833	-1.3002665	-0.19654483	0
559.5166	-1.2564063	-54.594486	-1.3006662	-0.19695461	0
560.0166	-1.2561009	-53.439808	-1.3010894	-0.19722819	0
560.5166	-1.2567341	-52.8885	-1.3015695	-0.19776404	0
561.0166	-1.2563393	-53.179314	-1.3021361	-0.19814461	0
561.5166	-1.2578919	-53.978054	-1.3027717	-0.19877017	0
562.0166	-1.2588308	-54.98521	-1.3036202	-0.19952208	1
562.5166	-1.2587845	-53.869186	-1.3043363	-0.20018339	0
563.0166	-1.2599156	-53.606003	-1.3052614	-0.20094067	0
563.5166	-1.2618303	-56.931259	-1.3061063	-0.20198047	0
564.0166	-1.2630135	-54.193493	-1.3069956	-0.20258516	0
564.5166	-1.2633429	-54.180275	-1.3079728	-0.20370483	0
565.0166	-1.2628675	-54.709072	-1.3089104	-0.20470232	0
565.5166	-1.2640655	-51.086506	-1.3098617	-0.20557702	0
566.0166	-1.2653112	-54.894875	-1.3108151	-0.20667523	0
566.5166	-1.2650192	-53.784229	-1.3116385	-0.20742327	0
567.0166	-1.2678951	-51.20393	-1.3125436	-0.20837337	0
567.5166	-1.2685299	-51.759655	-1.3133173	-0.20945013	0
568.0166	-1.2698278	-51.695419	-1.314172	-0.21032631	0
568.5166	-1.2706592	-52.97971	-1.3149585	-0.21110833	0
569.0166	-1.2707129	-51.766762	-1.3157808	-0.21212101	0
569.5166	-1.270622	-49.756157	-1.3166125	-0.21290421	0
570.0166	-1.2719005	-50.368057	-1.3174044	-0.21386862	0
570.5166	-1.2716532	-50.088493	-1.318181	-0.21478087	0
571.0166	-1.2721539	-47.623497	-1.3189058	-0.21549731	0
571.5166	-1.2726858	-48.307423	-1.3197113	-0.21630585	0
572.0166	-1.2741342	-48.791916	-1.3203163	-0.21718055	0
572.5166	-1.2747437	-47.709904	-1.3210123	-0.21766275	1
573.0166	-1.2760713	-41.450043	-1.3216324	-0.21870852	0
573.5166	-1.2767539	-43.207401	-1.3223283	-0.21928132	0
574.0166	-1.2757823	-45.365898	-1.322891	-0.21981686	0
574.5166	-1.2763097	-43.88327	-1.323409	-0.22074342	0
575.0166	-1.2773826	-42.907265	-1.3239454	-0.22123665	0
575.5166	-1.2780859	-45.527538	-1.3244306	-0.22183955	0
576.0166	-1.2778759	-42.922035	-1.3250195	-0.22252202	0
576.5166	-1.2788653	-41.9734	-1.3254421	-0.22311419	0
577.0166	-1.279822	-40.048893	-1.3258975	-0.22369176	0
577.5166	-1.2799039	-41.187283	-1.3263596	-0.22438347	0
578.0166	-1.2806535	-41.104744	-1.3268448	-0.22478193	0
578.5166	-1.2809098	-40.782261	-1.3272465	-0.22548765	0
579.0166	-1.2821019	-39.876316	-1.3277198	-0.2260983	0
579.5166	-1.2815163	-40.74012	-1.328115	-0.22646725	0
580.0166	-1.2828439	-40.553257	-1.3285004	-0.22731364	0
580.5166	-1.283291	-40.977539	-1.3289703	-0.22758037	0
581.0166	-1.2830899	-37.791843	-1.3293587	-0.22812963	0
581.5166	-1.2823701	-39.869892	-1.329767	-0.22884071	0
582.0166	-1.2822912	-38.731968	-1.3300796	-0.22922009	0
582.5166	-1.2838528	-36.964397	-1.3305001	-0.22981167	0
583.0166	-1.2847453	-37.915272	-1.3308485	-0.23047715	1
583.5166	-1.2828813	-37.799725	-1.3312267	-0.23079574	0
584.0166	-1.2841358	-40.442009	-1.3316627	-0.23144752	0
584.5166	-1.2842343	-37.765862	-1.3319563	-0.23171365	0
585.0166	-1.2859017	-36.42984	-1.3324059	-0.23237437	0
585.5166	-1.2851834	-37.581757	-1.3328112	-0.23307472	0
586.0166	-1.2862712	-33.686878	-1.3331919	-0.23323148	0
586.5166	-1.2858301	-33.939671	-1.3335537	-0.23390442	0
587.0166	-1.2867332	-34.490559	-1.3338621	-0.23439467	0
587.5166	-1.2869567	-36.472359	-1.3342513	-0.23474276	0
588.0166	-1.2868166	-35.006561	-1.3346035	-0.23531049	0
588.5166	-1.2872562	-35.040077	-1.3351167	-0.23579806	0
589.0166	-1.2867808	-34.362545	-1.3354261	-0.23617893	0
589.5166	-1.2890965	-34.822865	-1.3358538	-0.23701429	0
590.0166	-1.2899592	-32.845829	-1.3362025	-0.23719192	0
590.5166	-1.2903333	-32.782932	-1.3366036	-0.23795843	0
591.0166	-1.2889698	-31.412691	-1.3369625	-0.23840517	0
591.5166	-1.2905866	-30.075241	-1.3373553	-0.23874253	0
592.0166	-1.2891486	-30.678585	-1.3377206	-0.23958743	0
592.5166	-1.290138	-33.119877	-1.3380789	-0.23994625	0
593.0166	-1.291342	-30.944141	-1.3385649	-0.24041176	0
593.5166	-1.2919754	-31.611685	-1.3388921	-0.24116307	0
594.0166	-1.2920648	-28.517408	-1.3392781	-0.24151474	1
594.5166	-1.2913837	-29.812155	-1.3395883	-0.24216145	0
595.0166	-1.2920648	-33.009995	-1.3398294	-0.24271458	0
595.5166	-1.2908071	-30.393078	-1.3401897	-0.24312526	0
596.0166	-1.2939289	-34.221291	-1.3405137	-0.24391592	0
596.5166	-1.2924552	-28.629808	-1.3408171	-0.24399698	0
597.0166	-1.2936308	-27.866283	-1.3411344	-0.24472862	0
597.5166	-1.2932823	-29.931879	-1.3413994	-0.24514318	0
598.0166	-1.2938633	-27.96352	-1.3417412	-0.24543673	0
598.5166	-1.2941897	-28.809147	-1.3420467	-0.2462849	0
599.0166	-1.2943401	-28.616261	-1.3423891	-0.24662226	0
599.5166	-1.2938335	-26.34623	-1.3427346	-0.24705678	0
600.0166	-1.2946725	-26.687832	-1.3429214	-0.24752855	0
600.5166	-1.294668	-28.134062	-1.3433183	-0.24787694	0
601.0166	-1.2953653	-29.221926	-1.3436042	-0.24858892	0
601.5166	-1.2954905	-30.106913	-1.3438983	-0.24877399	0
602.0166	-1.296787	-29.078657	-1.3442193	-0.24934083	0
602.5166	-1.2957647	-31.313248	-1.344539	-0.25001079	0
603.0166	-1.2967557	-27.115551	-1.3447778	-0.25024682	0
603.5166	-1.2953804	-27.237707	-1.345142	-0.25105625	0
604.0166	-1.2958453	-26.646982	-1.3453771	-0.25125593	0
604.5166	-1.2967124	-28.72839	-1.3456987	-0.25180995	1
605.0166	-1.2975216	-25.214478	-1.3460319	-0.25243342	0
605.5166	-1.2962267	-28.719282	-1.3463341	-0.2526769	0
606.0166	-1.2974739	-26.500202	-1.3465725	-0.25337547	0
606.5166	-1.2980044	-27.741049	-1.3469328	-0.25376558	0
607.0166	-1.2989953	-24.439861	-1.3471805	-0.25417209	0
607.5166	-1.2990505	-27.134974	-1.3475333	-0.25498867	0
608.0166	-1.2977495	-27.741476	-1.3477809	-0.25518268	0
608.5166	-1.2984008	-25.484964	-1.3482465	-0.25584668	0
609.0166	-1.3002441	-26.747091	-1.3485105	-0.25638998	0
609.5166	-1.2988105	-26.026493	-1.3488467	-0.25681078	0
610.0166	-1.3003633	-26.994131	-1.3492377	-0.25780201	0
610.5166	-1.2998209	-23.108912	-1.3495035	-0.25813848	0
611.0166	-1.299654	-24.195524	-1.3498558	-0.25881827	0
611.5166	-1.3007417	-24.42164	-1.3502104	-0.25968581	0
612.0166	-1.3004348	-25.459864	-1.350459	-0.26006341	0
612.5166	-1.2994915	-24.644396	-1.3505881	-0.26112199	0
613.0166	-1.299782	-22.113964	-1.3507773	-0.26189685	0
613.5166	-1.3010516	-24.58956	-1.3509543	-0.26318848	0
614.0166	-1.2993469	-26.991182	-1.3510777	-0.27033329	0
614.5166	-1.2482077	13.909655	-1.3008232	-0.31762958	0
615.0166	-1.1814163	13.549624	-1.2320657	-0.31589299	1
615.5166	-1.1152029	11.679847	-1.1641742	-0.31521648	0
616.0166	-1.0508776	14.827371	-1.0963588	-0.31495512	0
616.5166	-0.98508149	13.233912	-1.0281099	-0.31487614	0
617.0166	-0.91928244	15.230637	-0.95902395	-0.31480014	0
617.5166	-0.85246414	11.732508	-0.88951516	-0.31456232	0
618.0166	-0.78480095	14.860375	-0.81901026	-0.31455934	0
618.5166	-0.71697831	12.572508	-0.74906099	-0.31443387	0
619.0166	-0.6498605	14.679358	-0.67772639	-0.31435877	0
619.5166	-0.5806759	13.218626	-0.60630572	-0.31434268	0
620.0166	-0.51202178	14.906507	-0.53332198	-0.31432003	0
620.5166	-0.44167191	13.589736	-0.46003744	-0.31424016	0
621.0166	-0.36921501	14.012454	-0.38444832	-0.31427026	0
621.5166	-0.29574335	14.702394	-0.30828372	-0.31424582	0
622.0166	-0.22201687	13.114966	-0.23106202	-0.3144896	0
622.5166	-0.14512688	12.452568	-0.1519458	-0.31415284	0
623.0166	-0.069764256	14.045237	-0.071196109	-0.31410426	0
623.5166	0.010673702	13.78473	0.012017787	-0.314188	0
624.0166	0.091081858	15.00255	0.096787959	-0.31411499	0
624.5166	0.17606467	14.037087	0.18479407	-0.31401694	0
625.0166	0.26058853	14.907245	0.27339563	-0.31406134	0
625.5166	0.34536868	15.053199	0.36330283	-0.31410724	1
626.0166	0.43380857	13.12669	0.45634598	-0.3139472	0
626.5166	0.52140504	13.877609	0.54924518	-0.31397253	0
627.0166	0.61390102	12.121238	0.64477754	-0.31392843	0
627.5166	0.70592016	14.842007	0.74322891	-0.31387419	0
628.0166	0.7999599	12.213923	0.84364176	-0.31381011	0
628.5166	0.89799315	12.986328	0.94699132	-0.31391859	0
629.0166	0.99634379	10.601704	1.052279	-0.3137666	0
629.5166	1.0978832	11.88767	1.1599109	-0.31378627	0
630.0166	1.200907	10.867494	1.2699023	-0.31384468	0
630.5166	1.3046414	13.559441	1.3819195	-0.31371951	0
631.0166	1.409325	11.149007	1.4956362	-0.31373501	0
631.5166	1.5197172	10.079907	1.6121191	-0.31366348	0
632.0166	1.630187	11.793645	1.7296778	-0.31370342	0
632.5166	1.7427117	13.650072	1.8497577	-0.31352639	0
633.0166	1.8539131	13.731163	1.9705851	-0.31369954	0
633.5166	1.9695864	12.340322	2.0925522	-0.31364769	0
634.0166	2.0829096	9.8327265	2.2160354	-0.31363159	0
634.5166	2.199337	11.494915	2.3419054	-0.31361878	0
635.0166	2.3177042	12.11389	2.4697921	-0.31363189	0
635.5166	2.4368703	11.820566	2.5992837	-0.31360805	0
636.0166	2.5581524	12.379907	2.7314868	-0.31354368	1
636.5166	2.6812582	11.393403	2.8668604	-0.31370461	1
637.0166	2.8044269	11.70599	3.0045109	-0.31350344	0
637.5166	2.9319973	12.543137	3.1445932	-0.31361848	0
638.0166	3.0577168	12.564225	3.2860093	-0.31354308	0
638.5166	3.1876712	12.636676	3.4307344	-0.31354845	0
639.0166	3.3164368	11.895076	3.5771651	-0.31351179	0
639.5166	3.4467175	13.755878	3.7260122	-0.31347752	0
640.0166	3.5799675	11.82734	3.8776703	-0.31350374	0
640.5166	3.7144163	14.046354	4.0300927	-0.31360388	0
641.0166	3.8479342	13.057112	4.1860061	-0.31340331	0
641.5166	3.9844415	13.490371	4.3438911	-0.31349361	0
642.0166	4.1197009	13.005855	4.5038805	-0.3134045	0
642.5166	4.2601733	10.884668	4.6663609	-0.3133899	0
643.0166	4.4006271	15.689291	4.8309803	-0.31339735	0
643.5166	4.5414195	13.042803	4.9960732	-0.31331569	0
644.0166	4.6824841	15.888468	5.1622276	-0.31340033	0
644.5166	4.824985	14.964001	5.3287425	-0.31336278	0
645.0166	4.9680085	14.674314	5.4959812	-0.31338394	0
645.5166	5.1110172	15.597787	5.6645532	-0.31332821	0
646.0166	5.2547922	14.081015	5.8338103	-0.31329513	0
646.5166	5.400136	17.616531	6.0025926	-0.31329751	0
647.0166	5.5448713	18.13553	6.1688452	-0.31326234	1
647.5166	5.6926122	19.311483	6.3410296	-0.31328291	0
648.0166	5.8389826	15.733926	6.5134449	-0.31329572	0
648.5166	5.9863887	15.873479	6.6857529	-0.31325996	0
649.0166	6.1330156	17.434248	6.85888	-0.31329513	0
649.5166	6.281446	15.319076	7.0320344	-0.31323969	0
650.0166	6.4314218	15.808545	7.2051263	-0.31324506	0
650.5166	6.5803981	13.840579	7.3770857	-0.3132993	0
651.0166	6.7257123	16.239904	7.5476217	-0.31320244	0
651.5166	6.8770208	17.995672	7.717598	-0.31329095	0
652.0166	7.0276895	15.800732	7.8850698	-0.31334221	0
652.5166	7.1796923	17.018581	8.051013	-0.31328261	0
653.0166	7.3281398	15.117735	8.0914011	-0.31333268	0
653.5166	7.4807396	13.559072	8.0915184	-0.31339675	0
654.0166	7.632	14.656707	8.0914965	-0.31337947	0
654.5166	7.7855053	14.161695	8.0916262	-0.31332552	0
655.0166	7.9359112	14.512239	8.0916796	-0.31330645	0
