MTS793|MPT|FRA|1|2|.|.|:|33|1|1|A

Acquisition de données						Temps :	515.95117	Sec	11.06.2013 16:22:46
Temps	Axial Déplacement	Axial Force	Axial fléche	Axial CMOD*2	Canon
Sec	mm	N	mm	mm	unitless
0.51660156	-0.00024735928	0.73053193	-7.8718425e-05	-0.00019609928	0
1.0166016	-0.00066459179	-0.68021715	-0.00012761926	-0.00020354986	0
1.5166016	-0.00049769878	-3.9708052	-0.00011867399	-0.00044971704	0
2.0166016	-0.0030308962	-2.0323446	-0.0021119795	-0.00015199184	0
2.5166016	-0.0053346157	-1.0649691	-0.0037453868	-0.0001809001	0
3.0166016	-0.0068575144	-0.083372369	-0.0047624647	-0.00019401312	0
3.5166016	-0.0085800886	0.9877215	-0.0059256488	-0.00027120113	0
4.0166016	-0.010275841	-4.0567861	-0.006989242	-0.00032216311	0
4.5166016	-0.013253093	-1.7712942	-0.0082412818	-0.00037521124	0
5.0166016	-0.013068318	0.25411257	-0.0089911949	-0.0002643466	0
5.5166016	-0.014978647	-0.41938311	-0.010024373	-0.00024437904	0
6.0166016	-0.018885732	-0.053538021	-0.011096912	-0.00037193298	0
6.5166016	-0.0192523	-1.0082253	-0.012155139	-0.00040411949	0
7.0166016	-0.021257997	0.43551704	-0.013328759	-0.00039190054	0
7.5166016	-0.021877885	0.94592422	-0.014510131	-0.00038087368	0
8.0166016	-0.023499131	-0.38499758	-0.015325046	-0.00041693449	0
8.5166016	-0.026136637	-1.1045551	-0.016426805	-0.000461936	0
9.0166016	-0.025951862	-1.7750616	-0.017323719	-0.00045359135	0
9.5166016	-0.02759397	-1.9618539	-0.018464539	-0.00037491322	0
10.016602	-0.029796362	1.516275	-0.019227274	-0.0004029274	1
10.516602	-0.029358268	-2.3095994	-0.020255085	-0.00050425529	1
11.016602	-0.032415986	0.18389656	-0.021302875	-0.00042289495	0
11.516602	-0.034448504	2.9363897	-0.022159833	-0.00047117472	0
12.016602	-0.035691261	1.3505715	-0.02335522	-0.00035524368	0
12.516602	-0.03708005	0.29621992	-0.024211282	-0.00027626753	0
13.016602	-0.038900971	0.61156893	-0.0249603	-0.0003567338	0
13.516602	-0.039443374	-0.040329013	-0.025833955	-0.00041037798	0
14.016602	-0.041931868	-1.481006	-0.026900232	-0.00027537346	0
14.516602	-0.043183565	-2.7739739	-0.028086673	-0.00026375055	0
15.016602	-0.045034289	1.0212238	-0.029036066	-0.00035464764	0
15.516602	-0.045767426	0.39071289	-0.030092504	-0.00035822392	0
16.016602	-0.048309565	0.56584054	-0.031195158	-0.00026077032	0
16.516602	-0.049287081	0.077019401	-0.032166913	-0.00028163195	0
17.016602	-0.050789118	1.1232455	-0.033029534	-0.00025749207	0
17.516602	-0.051656365	-0.81984192	-0.034050789	-0.0003683567	0
18.016602	-0.053006411	0.53030843	-0.034930706	-0.00034123659	0
18.516602	-0.054082274	0.1860259	-0.036210772	-0.00037580729	0
19.016602	-0.056490302	-0.17695276	-0.037178949	-0.00036507845	0
19.516602	-0.057038665	0.24001437	-0.037907694	-0.0003567338	0
20.016602	-0.059646368	-0.66408324	-0.038885113	-0.00037759542	0
20.516602	-0.062000751	0.24890032	-0.039517544	-0.00034034252	0
21.016602	-0.063946843	-0.15491043	-0.04055937	-0.00043034554	1
21.516602	-0.064092875	-1.1360216	-0.041415434	-0.00032752752	0
22.016602	-0.065949559	-3.5339482	-0.042339779	-0.00029325485	0
22.516602	-0.066047907	-0.76386452	-0.043296922	-0.0003233552	0
23.016602	-0.068867207	-1.2079515	-0.044378407	-0.00042587519	0
23.516602	-0.069734454	0.17225531	-0.045133088	-0.00032812357	0
24.016602	-0.072425604	-1.6230584	-0.046334736	-0.00033795834	0
24.516602	-0.071707368	-0.81288058	-0.046874437	-0.00020086765	0
25.016602	-0.074243546	-1.3316238	-0.048023306	-0.00016540289	0
25.516602	-0.076386333	-2.4573731	-0.049164128	-0.00025361776	0
26.016602	-0.07712245	-1.8829331	-0.049867228	-0.00021994114	0
26.516602	-0.07750392	2.0710242	-0.050768912	-0.00027567148	0
27.016602	-0.080135465	-0.12222136	-0.052001569	-0.00028043985	0
27.516602	-0.081735849	-0.22618528	-0.052851073	-0.00021725893	0
28.016602	-0.082799792	-1.2356449	-0.053937029	-0.00025838614	0
28.516602	-0.08495748	-1.3466872	-0.054832451	-0.00028818846	0
29.016602	-0.08636415	-1.0635358	-0.056100592	-0.00034332275	0
29.516602	-0.08725822	-1.8483194	-0.056817111	-0.00032514334	0
30.016602	-0.088134408	-0.68587404	-0.057773061	-0.00034302473	0
30.516602	-0.089880824	-2.2042081	-0.059139304	-0.00031232834	0
31.016602	-0.093150139	-4.2805734	-0.060189776	-0.00033646822	0
31.516602	-0.093853474	-2.8611076	-0.06108192	-0.00037878752	1
32.016602	-0.095003843	-2.8795817	-0.062106751	-0.00037580729	0
32.516602	-0.098267198	-3.1151793	-0.063173324	-0.00045031309	0
33.016602	-0.099477172	-4.4588947	-0.064379148	-0.00043362379	0
33.516602	-0.10111034	-4.3712168	-0.065261148	-0.000423491	0
34.016602	-0.10238588	-1.8742988	-0.066187881	-0.00046879053	0
34.516602	-0.10308623	-3.8573058	-0.06705498	-0.00042945147	0
35.016602	-0.10491014	-3.2799058	-0.067982003	-0.00046908855	0
35.516602	-0.10692775	-4.3584466	-0.069252536	-0.00035345554	0
36.016602	-0.10661483	-4.632741	-0.070173599	-0.00044435263	0
36.516602	-0.10749102	-0.49335474	-0.071465001	-0.00058591366	0
37.016602	-0.11073649	-4.4626737	-0.072094746	-0.00043004751	0
37.516602	-0.11274815	-4.9283004	-0.072964527	-0.0004953146	0
38.016602	-0.11227131	-3.5550897	-0.073934786	-0.00054568052	0
38.516602	-0.11381805	-4.7913547	-0.075085446	-0.00051766634	0
39.016602	-0.11771917	-5.172111	-0.075987428	-0.00056266785	0
39.516602	-0.11813045	-6.1082015	-0.077107973	-0.00058352947	0
40.016602	-0.11837482	-4.9215379	-0.077879056	-0.00052154064	0
40.516602	-0.11946559	-8.053401	-0.078721702	-0.00050574541	0
41.016602	-0.12306571	-6.9112368	-0.079728343	-0.00064879656	0
41.516602	-0.12331605	-9.4488173	-0.08097472	-0.00062584877	0
42.016602	-0.12456477	-10.356109	-0.082121804	-0.00072449446	1
42.516602	-0.1273036	-9.8113279	-0.082592323	-0.00078439713	0
43.016602	-0.12826622	-9.4750719	-0.083483271	-0.00078856945	0
43.516602	-0.12996793	-10.776452	-0.084404044	-0.00080287457	0
44.016602	-0.13101399	-12.247642	-0.085235953	-0.00087231398	0
44.516602	-0.13152659	-12.549121	-0.086175799	-0.00090658665	0
45.016602	-0.13439953	-14.477063	-0.086929291	-0.00095695257	0
45.516602	-0.13688207	-18.625393	-0.087754942	-0.0009483099	0
46.016602	-0.13779998	-17.647991	-0.088563889	-0.00089079142	0
46.516602	-0.13854504	-17.879927	-0.089231208	-0.00087797642	0
47.016602	-0.14097691	-18.427378	-0.090085186	-0.0008893013	0
47.516602	-0.14115274	-19.320221	-0.090946913	-0.0010463595	0
48.016602	-0.14335811	-18.092495	-0.091955937	-0.0011575222	0
48.516602	-0.14436543	-20.043428	-0.092684984	-0.0010824203	0
49.016602	-0.1463443	-20.251888	-0.093627512	-0.0010454655	0
49.516602	-0.14887154	-22.405516	-0.094308846	-0.0009688735	0
50.016602	-0.15070438	-22.413826	-0.095254362	-0.001078546	0
50.516602	-0.15033782	-23.416985	-0.096238643	-0.001091063	0
51.016602	-0.15220344	-25.588308	-0.097065777	-0.0010770559	0
51.516602	-0.15465915	-26.073303	-0.097689264	-0.0012126565	0
52.016602	-0.15689731	-26.597164	-0.098538771	-0.001193285	0
52.516602	-0.15714467	-27.957161	-0.099276155	-0.0012812018	1
53.016602	-0.15844405	-30.335854	-0.10020378	-0.0013449788	1
53.516602	-0.16058981	-30.189516	-0.10100856	-0.0013533235	0
54.016602	-0.1614064	-32.641609	-0.10187327	-0.0013759732	0
54.516602	-0.16359389	-31.796202	-0.10278598	-0.0013622642	0
55.016602	-0.16352236	-32.988148	-0.10362297	-0.0014492869	0
55.516602	-0.16607642	-34.329723	-0.10462603	-0.0014927983	0
56.016602	-0.16838014	-33.189949	-0.10578564	-0.0015592575	0
56.516602	-0.16885698	-34.589779	-0.10698311	-0.001591742	0
57.016602	-0.17126799	-32.391567	-0.10799541	-0.0015118718	0
57.516602	-0.17083287	-33.712585	-0.1088163	-0.0016754866	0
58.016602	-0.17297864	-35.592102	-0.10983427	-0.0016322732	0
58.516602	-0.17564297	-36.648849	-0.11072462	-0.0016888976	0
59.016602	-0.17561615	-37.418655	-0.11198113	-0.0016620755	0
59.516602	-0.1770705	-37.508533	-0.11289415	-0.0016579032	0
60.016602	-0.17985106	-37.913574	-0.11421805	-0.0017115474	0
60.516602	-0.180915	-37.210606	-0.11501805	-0.0017565489	0
61.016602	-0.1832366	-39.807415	-0.11615887	-0.0016623735	0
61.516602	-0.1829505	-36.63728	-0.11724215	-0.00182271	0
62.016602	-0.18522143	-39.088924	-0.11845215	-0.0017505884	0
62.516602	-0.18690825	-37.602989	-0.11940989	-0.001822412	0
63.016602	-0.18758476	-40.820984	-0.12043561	-0.0017753243	0
63.516602	-0.19050837	-40.959808	-0.12162563	-0.0018486381	1
64.016602	-0.19151568	-40.886703	-0.12251271	-0.0019019842	0
64.516602	-0.19263923	-40.762962	-0.12387984	-0.0019481778	0
65.016602	-0.19520819	-40.015141	-0.12461812	-0.0019198656	0
65.516602	-0.19617379	-42.516132	-0.12558749	-0.0019165874	0
66.016602	-0.19803941	-41.005016	-0.12688576	-0.0021374226	0
66.516602	-0.19862354	-44.780186	-0.12789895	-0.0021007657	0
67.016602	-0.20140111	-41.889145	-0.12873593	-0.0021517277	0
67.516602	-0.20168424	-43.586887	-0.12968622	-0.0021189451	0
68.016602	-0.20364225	-44.62326	-0.13079186	-0.0021094084	0
68.516602	-0.20524859	-43.082092	-0.13174811	-0.0023269653	0
69.016602	-0.20500124	-46.202568	-0.13255377	-0.0022551417	0
69.516602	-0.20712018	-46.948025	-0.13350138	-0.002361536	0
70.016602	-0.2068609	-48.928516	-0.13454291	-0.002386272	0
70.516602	-0.21141171	-47.247887	-0.13551883	-0.0023046136	0
71.016602	-0.21205544	-48.916771	-0.13650818	-0.0025299191	0
71.516602	-0.21339059	-50.143085	-0.13717073	-0.00251472	0
72.016602	-0.21469593	-50.610947	-0.13846034	-0.0025415421	0
72.516602	-0.21856427	-52.42886	-0.13971059	-0.0026404858	0
73.016602	-0.21816492	-51.778366	-0.14040892	-0.0025433302	0
73.516602	-0.21916032	-52.834858	-0.14164427	-0.0026476383	0
74.016602	-0.22265613	-52.582912	-0.14254057	-0.002733171	1
74.516602	-0.22397637	-53.521015	-0.14354156	-0.0028303266	0
75.016602	-0.22398531	-52.945663	-0.14464809	-0.0028631091	0
75.516602	-0.2253294	-55.596069	-0.14545853	-0.0029173493	0
76.016602	-0.22695065	-56.269939	-0.14648455	-0.0029215217	0
76.516602	-0.22703409	-55.885273	-0.14736268	-0.0030255318	0
77.016602	-0.2296865	-56.809196	-0.1485211	-0.0030973554	0
77.516602	-0.23138821	-60.433052	-0.14943559	-0.003117919	0
78.016602	-0.23286343	-60.483654	-0.15050337	-0.0031727552	0
78.516602	-0.23433864	-60.790176	-0.1513976	-0.0032755733	0
79.016602	-0.23668706	-62.098816	-0.15236548	-0.00338763	0
79.516602	-0.23753643	-64.880775	-0.15301549	-0.0034323335	0
80.016602	-0.24066567	-63.387333	-0.15396579	-0.0035497546	0
80.516602	-0.24147034	-63.2276	-0.15497093	-0.0036150217	0
81.016602	-0.24152994	-65.147774	-0.15604198	-0.0036889315	0
81.516602	-0.24389625	-68.449142	-0.15704714	-0.0037500262	0
82.016602	-0.24394095	-68.551277	-0.15794852	-0.0038477778	0
82.516602	-0.24521053	-70.746826	-0.15900794	-0.003939271	0
83.016602	-0.24769306	-69.341896	-0.16016367	-0.0039803982	0
83.516602	-0.25047958	-73.059425	-0.16130419	-0.0041726232	0
84.016602	-0.25151074	-72.513405	-0.16213043	-0.0042399764	0
84.516602	-0.25418401	-76.0513	-0.16324024	-0.0042468309	1
85.016602	-0.25524497	-73.735992	-0.16401699	-0.0043192506	0
85.516602	-0.25458038	-78.136993	-0.16491659	-0.0044333935	0
86.016602	-0.25861561	-78.659538	-0.16592801	-0.0044998527	0
86.516602	-0.25738776	-78.55407	-0.16677184	-0.0044983625	0
87.016602	-0.26197433	-79.17717	-0.16787659	-0.0046721101	0
87.516602	-0.26203096	-83.810333	-0.1687386	-0.0047034025	0
88.016602	-0.26339293	-84.366074	-0.16978908	-0.0047984719	0
88.516602	-0.26561618	-85.111732	-0.17095822	-0.0048682094	0
89.016602	-0.26571453	-85.315048	-0.1718134	-0.0048837066	0
89.516602	-0.26654303	-84.853035	-0.17275622	-0.0050368905	0
90.016602	-0.26918054	-88.082695	-0.17355117	-0.0051701069	0
90.516602	-0.27120709	-90.77198	-0.17468095	-0.0052672625	0
91.016602	-0.27360618	-89.780296	-0.17548215	-0.0053191185	0
91.516602	-0.27450621	-90.063026	-0.17661224	-0.0054958463	0
92.016602	-0.275895	-89.615158	-0.17749096	-0.005633235	0
92.516602	-0.27699172	-94.944077	-0.178514	-0.0057500601	0
93.016602	-0.27876496	-92.590477	-0.17899676	-0.0057113171	0
93.516602	-0.27897656	-93.568542	-0.1799545	-0.0058525801	0
94.016602	-0.28150976	-98.853027	-0.18059139	-0.0060349703	0
94.516602	-0.28352439	-99.467079	-0.18107504	-0.0060915947	0
95.016602	-0.28437674	-100.63042	-0.18182823	-0.0062051415	1
95.516602	-0.28629601	-102.71781	-0.18236405	-0.0062698126	0
96.016602	-0.2862215	-102.02558	-0.18269265	-0.0064647198	0
96.516602	-0.28892756	-104.62666	-0.18340141	-0.0066009164	0
97.016602	-0.29126406	-102.2551	-0.18392649	-0.0066554546	0
97.516602	-0.29110909	-106.08569	-0.18460037	-0.0067862868	0
98.016602	-0.29361546	-109.72701	-0.18513709	-0.0069016218	0
98.516602	-0.29605329	-106.3352	-0.18574089	-0.0069749355	0
99.016602	-0.29577017	-113.40584	-0.18633397	-0.0071191788	0
99.516602	-0.29802918	-110.79506	-0.18692167	-0.0071683526	0
100.0166	-0.29882193	-110.65643	-0.18748403	-0.0073295832	0
100.5166	-0.3008455	-114.18365	-0.18810214	-0.0074276328	0
101.0166	-0.30191839	-114.71014	-0.18879481	-0.0075611472	0
101.5166	-0.30321777	-117.73377	-0.18935448	-0.0076848269	0
102.0166	-0.30543506	-117.29269	-0.18992847	-0.0077489018	0
102.5166	-0.30854642	-117.10912	-0.19061905	-0.007879436	0
103.0166	-0.30787587	-118.23059	-0.19111909	-0.0078526139	0
103.5166	-0.30940771	-121.63063	-0.19187228	-0.008071959	0
104.0166	-0.31113923	-124.59375	-0.19246595	-0.0082021952	0
104.5166	-0.31266212	-121.68988	-0.19317234	-0.0082978606	0
105.0166	-0.31373799	-122.85418	-0.19367357	-0.0084170699	0
105.5166	-0.31561553	-125.7875	-0.1944184	-0.0086417794	1
106.0166	-0.31716228	-125.42148	-0.19526762	-0.0087246299	1
106.5166	-0.31819046	-128.93066	-0.19573246	-0.0088280439	0
107.0166	-0.32144785	-127.93227	-0.19634999	-0.0088688731	0
107.5166	-0.31998158	-132.36076	-0.19704115	-0.0089806318	0
108.0166	-0.3226012	-131.5024	-0.19771653	-0.0091359019	0
108.5166	-0.32433271	-134.05496	-0.19841844	-0.0093090534	0
109.0166	-0.32583475	-135.7484	-0.19921426	-0.0094607472	0
109.5166	-0.32826066	-136.97986	-0.19980943	-0.0096347928	0
110.0166	-0.33016205	-139.88332	-0.20020004	-0.0097504258	0
110.5166	-0.33207238	-139.0748	-0.20101912	-0.0099146366	0
111.0166	-0.33325255	-138.50322	-0.20149949	-0.010059476	0
111.5166	-0.33500493	-140.77156	-0.20213698	-0.010228753	0
112.0166	-0.33531189	-142.05168	-0.20253982	-0.010323226	0
112.5166	-0.3361702	-145.83873	-0.20343554	-0.010590255	0
113.0166	-0.33869743	-145.55481	-0.20401579	-0.010799766	0
113.5166	-0.34072399	-148.6813	-0.20476779	-0.010950565	0
114.0166	-0.34160316	-148.30516	-0.20508118	-0.011107624	0
114.5166	-0.34399927	-148.87315	-0.20554633	-0.011273921	0
115.0166	-0.34536421	-149.90129	-0.20592859	-0.011369586	0
115.5166	-0.34572482	-151.88933	-0.20622498	-0.011547208	0
116.0166	-0.34598708	-151.03293	-0.20654075	-0.011892021	0
116.5166	-0.34825206	-154.65042	-0.206974	-0.012014508	1
117.0166	-0.3513664	-156.9088	-0.20727605	-0.012338758	0
117.5166	-0.35271943	-155.90462	-0.2075444	-0.01252383	0
118.0166	-0.3534317	-155.5063	-0.20792428	-0.012797415	0
118.5166	-0.3544718	-159.41795	-0.20825884	-0.013011694	0
119.0166	-0.35608411	-159.59389	-0.2085266	-0.013226271	0
119.5166	-0.35773218	-165.10866	-0.20883462	-0.013447702	0
120.0166	-0.36031008	-165.26283	-0.20921509	-0.013751388	0
120.5166	-0.36195517	-164.72173	-0.20939131	-0.013975799	0
121.0166	-0.36180615	-167.44328	-0.20964177	-0.014276505	0
121.5166	-0.36281645	-169.18709	-0.21007293	-0.014562607	0
122.0166	-0.36510527	-172.12343	-0.21036395	-0.014789999	0
122.5166	-0.3669858	-172.44308	-0.21068777	-0.015072525	0
123.0166	-0.36756694	-176.93109	-0.21096508	-0.015369952	0
123.5166	-0.36992431	-176.61902	-0.21125074	-0.01573205	0
124.0166	-0.3723681	-178.72043	-0.21162017	-0.016126335	0
124.5166	-0.37179887	-180.71387	-0.21195056	-0.016660988	0
125.0166	-0.37324131	-182.36069	-0.21213721	-0.016972125	0
125.5166	-0.37587881	-187.15076	-0.21253438	-0.017465055	0
126.0166	-0.37764609	-185.61089	-0.21272163	-0.017898083	0
126.5166	-0.37885308	-187.13039	-0.21302816	-0.018300712	0
127.0166	-0.37921369	-192.4668	-0.21338269	-0.018887222	1
127.5166	-0.38178861	-193.88199	-0.21374288	-0.019449294	0
128.0166	-0.38402081	-194.26022	-0.21405776	-0.019931793	0
128.5166	-0.38556457	-193.83006	-0.21428944	-0.020425022	0
129.0166	-0.3863126	-196.66473	-0.21468392	-0.02109319	0
129.5166	-0.38653016	-196.76157	-0.21495974	-0.02168566	0
130.0166	-0.38834512	-199.04088	-0.21530503	-0.022293627	0
130.5166	-0.39082766	-200.04672	-0.21559963	-0.022873282	0
131.0166	-0.39161742	-201.30615	-0.21598397	-0.023361742	0
131.5166	-0.39363503	-201.46719	-0.21618435	-0.023904443	0
132.0166	-0.3937304	-199.47557	-0.21640411	-0.024540424	0
132.5166	-0.39589703	-202.92101	-0.21677175	-0.025103688	0
133.0166	-0.39736331	-203.74916	-0.21700969	-0.025795698	0
133.5166	-0.39817095	-205.12488	-0.21739286	-0.026490092	0
134.0166	-0.4003793	-205.88222	-0.21770892	-0.027306378	0
134.5166	-0.40135682	-205.99458	-0.21792331	-0.028244257	0
135.0166	-0.40453374	-201.51233	-0.2184815	-0.029335618	0
135.5166	-0.40476322	-198.56993	-0.2188244	-0.030800998	0
136.0166	-0.40659904	-191.59033	-0.21927941	-0.03264606	0
136.5166	-0.40840209	-188.40155	-0.21969418	-0.034274161	0
137.0166	-0.40970445	-186.66591	-0.22018169	-0.036079586	0
137.5166	-0.41202605	-184.75276	-0.22071812	-0.037952065	1
138.0166	-0.41438341	-180.0636	-0.22098766	-0.039739311	0
138.5166	-0.41476786	-178.34291	-0.22150023	-0.041526854	0
139.0166	-0.41844547	-175.51382	-0.22198595	-0.043332577	0
139.5166	-0.41965544	-174.06006	-0.22235659	-0.045443773	0
140.0166	-0.42276084	-169.12881	-0.22288793	-0.047601163	0
140.5166	-0.42429268	-164.60101	-0.22361459	-0.049970746	0
141.0166	-0.4280746	-160.04489	-0.22408183	-0.052418411	0
141.5166	-0.42999387	-157.09923	-0.22469547	-0.054960847	0
142.0166	-0.43075085	-152.00401	-0.22527453	-0.057543516	0
142.5166	-0.43628514	-148.42976	-0.22576682	-0.059891641	0
143.0166	-0.43696463	-148.67188	-0.22633009	-0.062387884	0
143.5166	-0.43961704	-144.03726	-0.22695029	-0.064978302	0
144.0166	-0.44284165	-140.14246	-0.22749355	-0.067708492	0
144.5166	-0.44493079	-136.50447	-0.2282244	-0.070253909	0
145.0166	-0.44730902	-133.70572	-0.22868179	-0.07281661	0
145.5166	-0.45051277	-129.92593	-0.22943588	-0.075573623	0
146.0166	-0.45300424	-126.93326	-0.22998929	-0.078131258	0
146.5166	-0.45728981	-125.76862	-0.23064916	-0.080879629	0
147.0166	-0.45852363	-121.7941	-0.23118468	-0.083390772	0
147.5166	-0.46243668	-122.89178	-0.23180936	-0.085932314	0
148.0166	-0.46397746	-116.85468	-0.23234697	-0.08859247	1
148.5166	-0.46822727	-114.89059	-0.23301786	-0.091215372	1
149.0166	-0.47003031	-112.35957	-0.23358589	-0.09380281	0
149.5166	-0.47371984	-110.1557	-0.23405939	-0.096229017	0
150.0166	-0.4758656	-106.6712	-0.23464829	-0.098668337	0
150.5166	-0.4780978	-106.91376	-0.23538239	-0.101206	0
151.0166	-0.47917068	-103.32406	-0.23586574	-0.10379314	0
151.5166	-0.48396885	-99.973061	-0.23655692	-0.10614425	0
152.0166	-0.48649907	-99.141533	-0.23702595	-0.10857403	0
152.5166	-0.49000978	-97.599182	-0.23755908	-0.11110723	0
153.0166	-0.49119294	-95.718262	-0.2381611	-0.11348546	0
153.5166	-0.4946053	-93.892593	-0.23881082	-0.11579603	0
154.0166	-0.4965663	-91.953735	-0.23930848	-0.11797637	0
154.5166	-0.49958229	-92.813545	-0.23981121	-0.12032241	0
155.0166	-0.50119162	-94.438614	-0.24046004	-0.12272805	0
155.5166	-0.50484538	-91.687523	-0.2409389	-0.12503624	0
156.0166	-0.50655305	-91.250031	-0.24148159	-0.12711853	0
156.5166	-0.5084306	-89.231895	-0.24203828	-0.12944072	0
157.0166	-0.51015615	-88.377312	-0.24258037	-0.13154835	0
157.5166	-0.51559508	-86.503922	-0.2430324	-0.13367534	0
158.0166	-0.51371753	-87.206345	-0.2435718	-0.13589293	0
158.5166	-0.51823556	-85.355461	-0.24416666	-0.13792843	0
159.0166	-0.52140057	-84.945457	-0.24476749	-0.13993829	1
159.5166	-0.52097738	-83.70977	-0.245142	-0.14211416	0
160.0166	-0.52407384	-81.085312	-0.24570554	-0.14409274	0
160.5166	-0.52681267	-78.591148	-0.24620976	-0.14606535	0
161.0166	-0.52934587	-78.027008	-0.24670742	-0.14795572	0
161.5166	-0.53060055	-77.762611	-0.2472498	-0.14977694	0
162.0166	-0.53251684	-75.063957	-0.24773046	-0.15169919	0
162.5166	-0.53401887	-73.683243	-0.24818487	-0.15347838	0
163.0166	-0.53595304	-74.75518	-0.24863453	-0.15535355	0
163.5166	-0.53875148	-74.605164	-0.24908805	-0.15704662	0
164.0166	-0.53853691	-73.712814	-0.2495207	-0.1587978	0
164.5166	-0.5417794	-71.595169	-0.24994591	-0.16038299	0
165.0166	-0.54220259	-72.13105	-0.25028911	-0.16175032	0
165.5166	-0.54532886	-71.889091	-0.25078228	-0.16308427	0
166.0166	-0.5453974	-68.811272	-0.25098118	-0.16458362	0
166.5166	-0.5490005	-68.24102	-0.25129783	-0.16589999	0
167.0166	-0.55041313	-67.016747	-0.25160584	-0.16728252	0
167.5166	-0.55055022	-69.262428	-0.25190282	-0.16870439	0
168.0166	-0.55264831	-68.617378	-0.25239095	-0.1697886	0
168.5166	-0.55315197	-68.594574	-0.25263634	-0.1710695	0
169.0166	-0.55486262	-66.858887	-0.25288025	-0.17230719	0
169.5166	-0.55527091	-65.889832	-0.2531364	-0.17342567	1
170.0166	-0.55599213	-68.640594	-0.25340623	-0.17444819	0
170.5166	-0.55828691	-62.833973	-0.25371754	-0.1755324	0
171.0166	-0.55850744	-64.935005	-0.25390658	-0.17663777	0
171.5166	-0.55934191	-63.720444	-0.2542128	-0.17764509	0
172.0166	-0.56135654	-65.450325	-0.25450858	-0.17881304	0
172.5166	-0.56150556	-65.487595	-0.25459775	-0.17979264	0
173.0166	-0.5628556	-62.802971	-0.25500804	-0.18073082	0
173.5166	-0.5641669	-62.20929	-0.25516579	-0.18168211	0
174.0166	-0.56503117	-62.661812	-0.25539446	-0.18265843	0
174.5166	-0.56664944	-61.333069	-0.25564107	-0.1834926	0
175.0166	-0.56656003	-61.399036	-0.25577137	-0.18415511	0
175.5166	-0.56744218	-61.156933	-0.25598994	-0.18493652	0
176.0166	-0.56884885	-61.013142	-0.25608057	-0.18561572	0
176.5166	-0.56957603	-61.986553	-0.25617629	-0.18617302	0
177.0166	-0.57103932	-59.619625	-0.25630957	-0.18668115	0
177.5166	-0.5700618	-59.113636	-0.25651324	-0.18735319	0
178.0166	-0.57287812	-58.200291	-0.25667661	-0.18784761	0
178.5166	-0.57046413	-57.508518	-0.2567977	-0.18829882	0
179.0166	-0.57288706	-57.209682	-0.25687551	-0.18882394	0
179.5166	-0.57303309	-58.246132	-0.25704518	-0.18921614	0
180.0166	-0.57440102	-56.831791	-0.25709647	-0.1895383	1
180.5166	-0.57297051	-59.584625	-0.25719336	-0.19009858	0
181.0166	-0.5749017	-58.61068	-0.25733769	-0.19040763	0
181.5166	-0.57502687	-57.739231	-0.2572211	-0.19072354	0
182.0166	-0.5750984	-60.775352	-0.25747722	-0.19121885	0
182.5166	-0.57491064	-57.255493	-0.25748855	-0.19149959	0
183.0166	-0.57440996	-57.934734	-0.25760067	-0.1917699	0
183.5166	-0.57581961	-59.240326	-0.25762871	-0.19203246	0
184.0166	-0.57578385	-56.599277	-0.25770235	-0.19225985	0
184.5166	-0.57507753	-57.324535	-0.25775126	-0.19262969	0
185.0166	-0.57508647	-57.651852	-0.25778046	-0.1927802	0
185.5166	-0.57637691	-56.338192	-0.25776884	-0.1929462	0
186.0166	-0.57559907	-55.472488	-0.25782669	-0.19300669	0
186.5166	-0.575611	-58.517704	-0.25781119	-0.1931119	0
187.0166	-0.5756855	-58.173676	-0.25783801	-0.19314378	0
187.5166	-0.57668388	-52.677921	-0.25785175	-0.19331932	0
188.0166	-0.57577491	-52.972439	-0.25790513	-0.19345552	0
188.5166	-0.57781339	-55.800343	-0.25792897	-0.19350827	0
189.0166	-0.57532489	-53.722832	-0.25786576	-0.19350618	0
189.5166	-0.57612062	-53.783802	-0.25794685	-0.19360781	0
190.0166	-0.57495832	-53.569099	-0.25799546	-0.19376338	0
190.5166	-0.57711303	-53.217499	-0.25797608	-0.19364893	1
191.0166	-0.57587326	-54.200161	-0.25803125	-0.19377649	0
191.5166	-0.57585239	-52.586224	-0.25790781	-0.19377708	0
192.0166	-0.57702363	-54.014214	-0.25789616	-0.19379884	0
192.5166	-0.57572722	-53.749439	-0.25800619	-0.19376785	0
193.0166	-0.57609081	-53.223053	-0.25794387	-0.19385904	0
193.5166	-0.57737827	-52.551476	-0.25801992	-0.19387186	0
194.0166	-0.5749166	-53.663578	-0.25788066	-0.19391835	0
194.5166	-0.57674348	-52.249134	-0.25789526	-0.19385308	0
195.0166	-0.57675838	-51.96904	-0.25794268	-0.19400716	0
195.5166	-0.57621598	-51.921028	-0.25789437	-0.19405037	0
196.0166	-0.57640672	-52.846794	-0.25797608	-0.19410551	0
196.5166	-0.57629347	-51.85762	-0.25791258	-0.19406229	0
197.0166	-0.57525337	-51.82299	-0.25784159	-0.19411981	0
197.5166	-0.57601631	-52.466728	-0.25789914	-0.19420087	0
198.0166	-0.57650805	-52.778828	-0.25789317	-0.19414872	0
198.5166	-0.57734251	-53.042534	-0.25787529	-0.1941672	0
199.0166	-0.57614148	-50.954735	-0.25791049	-0.19418746	0
199.5166	-0.57743192	-51.310551	-0.25799099	-0.19419521	0
200.0166	-0.57657659	-51.766853	-0.2579385	-0.19421667	0
200.5166	-0.57664514	-52.279015	-0.25793582	-0.1942274	0
201.0166	-0.57686567	-51.382359	-0.25792897	-0.19424409	1
201.5166	-0.57726204	-52.874077	-0.25791794	-0.19429803	1
202.0166	-0.57691336	-52.483067	-0.25788096	-0.19428641	0
202.5166	-0.57702363	-53.983643	-0.25801843	-0.19435942	0
203.0166	-0.57610571	-54.075455	-0.25794357	-0.19429386	0
203.5166	-0.57728589	-51.205112	-0.25788781	-0.19421369	0
204.0166	-0.5763948	-50.325169	-0.25784311	-0.19424558	0
204.5166	-0.57657659	-48.827141	-0.25781894	-0.19432724	0
205.0166	-0.57606399	-50.977139	-0.25793493	-0.19434422	0
205.5166	-0.5759865	-50.834541	-0.25796625	-0.19429415	0
206.0166	-0.57669878	-49.759777	-0.2580038	-0.19435823	0
206.5166	-0.57604015	-50.895409	-0.25793821	-0.19443035	0
207.0166	-0.57600141	-51.404625	-0.25796565	-0.19441277	0
207.5166	-0.57764947	-53.852699	-0.257889	-0.19443065	0
208.0166	-0.57607293	-49.748898	-0.25800291	-0.19439787	0
208.5166	-0.5777508	-51.11607	-0.25788662	-0.19436032	0
209.0166	-0.57681501	-50.569107	-0.25800768	-0.19442528	0
209.5166	-0.57487488	-50.616028	-0.25799069	-0.19449204	0
210.0166	-0.57617426	-51.083801	-0.25797698	-0.19436181	0
210.5166	-0.57761073	-52.100994	-0.25803661	-0.19448191	0
211.0166	-0.57623982	-50.109001	-0.25793791	-0.19451052	0
211.5166	-0.57722926	-49.271935	-0.25791943	-0.19451559	0
212.0166	-0.57621002	-47.262985	-0.25795877	-0.19444764	1
212.5166	-0.57573617	-49.062698	-0.257889	-0.19465625	0
213.0166	-0.57657361	-46.840832	-0.25798681	-0.19454509	0
213.5166	-0.57655871	-47.71104	-0.25781268	-0.19464076	0
214.0166	-0.57592988	-49.413029	-0.25796804	-0.19458592	0
214.5166	-0.57518184	-46.626408	-0.25795907	-0.19460559	0
215.0166	-0.57622492	-48.740063	-0.25796714	-0.19458622	0
215.5166	-0.5766809	-50.861023	-0.25787619	-0.19447625	0
216.0166	-0.5759567	-50.945522	-0.25790513	-0.19459397	0
216.5166	-0.57608187	-50.955265	-0.25786605	-0.19454509	0
217.0166	-0.57596564	-49.564648	-0.25796983	-0.19460738	0
217.5166	-0.57651401	-50.574768	-0.25794148	-0.19450545	0
218.0166	-0.57658851	-49.160965	-0.25787649	-0.19462347	0
218.5166	-0.5771935	-49.531422	-0.25804585	-0.19463152	0
219.0166	-0.57825446	-50.619183	-0.25794536	-0.19456416	0
219.5166	-0.57453811	-48.85247	-0.25787649	-0.19453645	0
220.0166	-0.57702065	-48.430096	-0.25798681	-0.19447654	0
220.5166	-0.57763755	-49.912506	-0.25791377	-0.19447416	0
221.0166	-0.57584941	-49.142498	-0.25799039	-0.19445866	0
221.5166	-0.57668686	-48.869564	-0.25799963	-0.19443989	0
222.0166	-0.57603419	-50.795055	-0.2579087	-0.19448549	0
222.5166	-0.57607293	-49.257511	-0.25799426	-0.19454062	1
223.0166	-0.57654083	-49.892162	-0.25800022	-0.19461185	0
223.5166	-0.57604015	-47.636253	-0.25798383	-0.19456893	0
224.0166	-0.57602823	-50.296673	-0.25786039	-0.19458801	0
224.5166	-0.5756706	-49.089073	-0.25799605	-0.19459218	0
225.0166	-0.57601929	-47.120522	-0.25784817	-0.19457161	0
225.5166	-0.5761236	-49.088654	-0.25792658	-0.19475609	0
226.0166	-0.57618618	-48.9408	-0.25788543	-0.19460946	0
226.5166	-0.57548881	-48.418743	-0.25792688	-0.1946789	0
227.0166	-0.57644248	-49.019176	-0.25794804	-0.19467711	0
227.5166	-0.57685971	-49.837227	-0.25788841	-0.19465506	0
228.0166	-0.5759865	-50.339172	-0.25801125	-0.19472301	0
228.5166	-0.57583153	-47.604244	-0.25791168	-0.194664	0
229.0166	-0.57625175	-47.861462	-0.2579391	-0.19469202	0
229.5166	-0.5753994	-49.96521	-0.25793463	-0.19466698	0
230.0166	-0.57559907	-46.700851	-0.25793016	-0.19468457	0
230.5166	-0.5759716	-47.057896	-0.25799784	-0.19475371	0
231.0166	-0.57634711	-47.612797	-0.25795728	-0.19469678	0
231.5166	-0.57642162	-49.822708	-0.25794983	-0.1947099	0
232.0166	-0.57669282	-50.443954	-0.25798324	-0.19477665	0
232.5166	-0.57622492	-49.924007	-0.25799248	-0.19465476	0
233.0166	-0.57716072	-49.74725	-0.25802588	-0.19470155	1
233.5166	-0.57625175	-48.652145	-0.25787708	-0.19477367	0
234.0166	-0.57552457	-47.84811	-0.25794834	-0.19469887	0
234.5166	-0.57748258	-50.619911	-0.25800291	-0.19472867	0
235.0166	-0.57564676	-49.729313	-0.25796923	-0.19474566	0
235.5166	-0.57555437	-48.889194	-0.25796655	-0.19482225	0
236.0166	-0.57666004	-48.384476	-0.25798562	-0.19478649	0
236.5166	-0.57650208	-48.869617	-0.25800022	-0.19474685	0
237.0166	-0.5738318	-49.181274	-0.25796238	-0.19483715	0
237.5166	-0.57694316	-47.821735	-0.25799397	-0.19488275	0
238.0166	-0.57529807	-47.058914	-0.25789705	-0.19488931	0
238.5166	-0.57659447	-47.26062	-0.25801334	-0.19486338	0
239.0166	-0.57744086	-46.20031	-0.25786695	-0.19483507	0
239.5166	-0.5753845	-47.057522	-0.25795311	-0.19491762	0
240.0166	-0.57483315	-47.262981	-0.25790334	-0.19477785	0
240.5166	-0.57655871	-48.745968	-0.25799456	-0.1948756	0
241.0166	-0.5746603	-49.746033	-0.25802767	-0.19481242	0
241.5166	-0.57607293	-48.521324	-0.25794625	-0.19488037	0
242.0166	-0.57747662	-47.674198	-0.25787202	-0.19493848	0
242.5166	-0.575158	-46.507736	-0.25792986	-0.19497037	0
243.0166	-0.57573318	-47.259869	-0.25787619	-0.19485354	0
243.5166	-0.57566762	-46.621593	-0.25805092	-0.19483	1
244.0166	-0.57575107	-47.394466	-0.25789705	-0.19493669	0
244.5166	-0.5767256	-48.572681	-0.25804287	-0.19501239	0
245.0166	-0.5758971	-46.470688	-0.25803393	-0.1949504	0
245.5166	-0.57677031	-47.422623	-0.25803185	-0.1948905	0
246.0166	-0.57679117	-45.908272	-0.2580542	-0.19497544	0
246.5166	-0.57585835	-47.228966	-0.25809416	-0.19497842	0
247.0166	-0.57565868	-46.773346	-0.25811383	-0.19506067	0
247.5166	-0.57553053	-48.797733	-0.25805032	-0.19496709	0
248.0166	-0.57578385	-46.151604	-0.25790721	-0.19496471	0
248.5166	-0.57680309	-46.947033	-0.25795758	-0.19508153	0
249.0166	-0.57540536	-48.382347	-0.25800112	-0.19503534	0
249.5166	-0.57542324	-44.694336	-0.25791913	-0.19507796	0
250.0166	-0.57456493	-47.755985	-0.25792181	-0.19511223	0
250.5166	-0.57660043	-47.572155	-0.25798771	-0.1950711	0
251.0166	-0.57664216	-50.255417	-0.25797251	-0.19509226	0
251.5166	-0.57534277	-49.203327	-0.2579892	-0.19508392	0
252.0166	-0.57507157	-47.759304	-0.25797191	-0.19509524	0
252.5166	-0.57542026	-47.195854	-0.25793731	-0.19509077	0
253.0166	-0.5764991	-47.454861	-0.25793046	-0.19512981	0
253.5166	-0.57637691	-46.390594	-0.25792599	-0.19496977	0
254.0166	-0.57666302	-47.230808	-0.2579734	-0.19517303	0
254.5166	-0.57584643	-46.036007	-0.25793791	-0.19498885	1
255.0166	-0.57708919	-45.094975	-0.25794566	-0.19515634	0
255.5166	-0.5764246	-48.290745	-0.25804347	-0.19512206	0
256.0166	-0.57658255	-46.261024	-0.25804704	-0.19512832	0
256.5166	-0.57708323	-46.742832	-0.25794446	-0.19514173	0
257.0166	-0.57612062	-44.312847	-0.25797132	-0.19505471	0
257.5166	-0.57641268	-47.996124	-0.25794238	-0.19514382	0
258.0166	-0.57745874	-46.626324	-0.25795999	-0.19511253	0
258.5166	-0.57612062	-47.210857	-0.25798354	-0.19505203	0
259.0166	-0.57572722	-50.178001	-0.25806135	-0.19511431	0
259.5166	-0.57626367	-48.455212	-0.25801453	-0.19522309	0
260.0166	-0.57664812	-49.7327	-0.25802916	-0.19521505	0
260.5166	-0.57485998	-45.445229	-0.25800112	-0.19521445	0
261.0166	-0.57556927	-46.559387	-0.2579546	-0.19517422	0
261.5166	-0.57524443	-48.124001	-0.25799784	-0.1952076	0
262.0166	-0.57566166	-48.369556	-0.25796059	-0.19521087	0
262.5166	-0.57659447	-47.51527	-0.25787976	-0.19512385	0
263.0166	-0.57734847	-48.225018	-0.25797161	-0.1951769	0
263.5166	-0.57652593	-47.637016	-0.25799605	-0.1952067	0
264.0166	-0.57701766	-46.341305	-0.25796118	-0.19534916	0
264.5166	-0.5764395	-46.910084	-0.25801843	-0.19514263	0
265.0166	-0.57584941	-48.93993	-0.25789884	-0.1951912	1
265.5166	-0.57616234	-44.657761	-0.25797758	-0.19520462	0
266.0166	-0.57559013	-46.059528	-0.2580533	-0.19517809	0
266.5166	-0.57736337	-44.90588	-0.25807896	-0.19520611	0
267.0166	-0.57677627	-46.086216	-0.25801662	-0.19527197	0
267.5166	-0.57656467	-46.905148	-0.25800499	-0.19526511	0
268.0166	-0.57709217	-44.070976	-0.25805628	-0.19517988	0
268.5166	-0.57628453	-45.272263	-0.25798652	-0.19527227	0
269.0166	-0.57567358	-46.399139	-0.25800738	-0.19530237	0
269.5166	-0.5764991	-46.596386	-0.25811473	-0.19521743	0
270.0166	-0.57604611	-46.124424	-0.25810519	-0.19520611	0
270.5166	-0.57615936	-45.961117	-0.25802261	-0.1953128	0
271.0166	-0.5764842	-46.493435	-0.25807148	-0.19527107	0
271.5166	-0.57628453	-48.427456	-0.25805688	-0.19519418	0
272.0166	-0.57593584	-48.486397	-0.25792837	-0.1952067	0
272.5166	-0.57649612	-45.688568	-0.25806016	-0.19527435	0
273.0166	-0.57615042	-45.696339	-0.25798622	-0.19526154	0
273.5166	-0.57429671	-46.689892	-0.2579543	-0.19527018	0
274.0166	-0.57688057	-46.675713	-0.25801393	-0.1952517	0
274.5166	-0.57617724	-46.099651	-0.25795907	-0.19530386	0
275.0166	-0.57671964	-45.201015	-0.25793284	-0.19527465	0
275.5166	-0.57637393	-47.165504	-0.2580235	-0.19530952	1
276.0166	-0.57635307	-44.826168	-0.25816095	-0.19530982	0
276.5166	-0.57671368	-44.414288	-0.25803661	-0.19524843	0
277.0166	-0.57543814	-45.262413	-0.25811771	-0.19536972	0
277.5166	-0.57561398	-46.012493	-0.2580035	-0.19532919	0
278.0166	-0.57798326	-46.87775	-0.25801036	-0.19542754	0
278.5166	-0.57725608	-45.625031	-0.25805748	-0.1953432	0
279.0166	-0.57725608	-45.717903	-0.25802946	-0.19528687	0
279.5166	-0.57557821	-44.402351	-0.25800291	-0.19543648	0
280.0166	-0.57522058	-45.709675	-0.25789765	-0.19547522	0
280.5166	-0.57551265	-45.459766	-0.25804913	-0.19547224	0
281.0166	-0.57726502	-47.740837	-0.25806165	-0.19534528	0
281.5166	-0.57626963	-44.804043	-0.25795072	-0.19540131	0
282.0166	-0.57561398	-47.697861	-0.25798145	-0.19542158	0
282.5166	-0.57637393	-44.886589	-0.25794685	-0.19549549	0
283.0166	-0.5761385	-46.045273	-0.25800738	-0.19540817	0
283.5166	-0.5758673	-47.655941	-0.25798175	-0.195463	0
284.0166	-0.57556927	-44.8908	-0.25801304	-0.19552648	0
284.5166	-0.57763457	-47.836067	-0.25802141	-0.19550741	0
285.0166	-0.57731271	-47.42004	-0.25794476	-0.19549996	0
285.5166	-0.57635009	-45.213696	-0.25802439	-0.19544035	0
286.0166	-0.57722926	-47.329067	-0.25797161	-0.19546509	1
286.5166	-0.57543516	-47.631481	-0.25803483	-0.19548893	0
287.0166	-0.57475269	-47.288193	-0.25806433	-0.19561231	0
287.5166	-0.57720244	-45.990814	-0.25801125	-0.19552678	0
288.0166	-0.57754517	-48.200619	-0.25794983	-0.19546479	0
288.5166	-0.5748421	-47.698524	-0.25802022	-0.19567996	0
289.0166	-0.57757199	-47.448452	-0.25801691	-0.19561589	0
289.5166	-0.57582557	-46.531769	-0.25800112	-0.19559562	0
290.0166	-0.57677031	-47.876312	-0.25799903	-0.19550592	0
290.5166	-0.5782336	-46.645061	-0.25801423	-0.19556671	0
291.0166	-0.57697892	-47.17976	-0.2579397	-0.19562781	0
291.5166	-0.57684183	-47.504391	-0.25801933	-0.19562155	0
292.0166	-0.57670176	-47.91782	-0.25811711	-0.19559711	0
292.5166	-0.57612658	-48.531178	-0.25807029	-0.19561797	0
293.0166	-0.57642758	-46.20578	-0.25797459	-0.19565344	0
293.5166	-0.57682693	-48.795303	-0.25803751	-0.19555479	0
294.0166	-0.57682693	-47.272671	-0.25812218	-0.19561976	0
294.5166	-0.57706237	-46.995129	-0.25804764	-0.19568801	0
295.0166	-0.57654977	-47.082188	-0.25801843	-0.19568503	0
295.5166	-0.57662427	-46.118183	-0.25803334	-0.19559354	0
296.0166	-0.5774349	-48.529469	-0.25802201	-0.1956138	0
296.5166	-0.57679713	-45.343483	-0.25796565	-0.19553512	1
297.0166	-0.57538748	-47.03727	-0.25805241	-0.19574225	1
297.5166	-0.57704449	-48.24564	-0.25798413	-0.19562393	0
298.0166	-0.57688951	-48.170372	-0.25800022	-0.19567341	0
298.5166	-0.57758093	-48.367496	-0.25790453	-0.19571036	0
299.0166	-0.57732463	-48.147823	-0.25801933	-0.19564927	0
299.5166	-0.57668388	-46.947201	-0.25793731	-0.19568264	0
300.0166	-0.57783425	-45.946968	-0.25796267	-0.19567251	0
300.5166	-0.57668984	-47.140366	-0.25801903	-0.19581914	0
301.0166	-0.57634413	-48.945793	-0.25802857	-0.19578487	0
301.5166	-0.5770117	-47.884708	-0.25805479	-0.19578993	0
302.0166	-0.57679415	-48.373741	-0.25797877	-0.19574136	0
302.5166	-0.57664216	-46.612495	-0.2581031	-0.19581765	0
303.0166	-0.57609379	-47.522476	-0.25803214	-0.19588262	0
303.5166	-0.57748258	-49.256725	-0.25806075	-0.19598603	0
304.0166	-0.5769074	-48.797352	-0.25805509	-0.19589603	0
304.5166	-0.57615042	-47.890774	-0.25804198	-0.19603491	0
305.0166	-0.57635009	-48.801594	-0.25805479	-0.19608557	0
305.5166	-0.57660341	-47.940887	-0.25809446	-0.19619793	0
306.0166	-0.57761967	-46.607582	-0.25800619	-0.19632727	0
306.5166	-0.57710707	-47.661457	-0.2581377	-0.19638091	0
307.0166	-0.57775974	-48.220898	-0.25827068	-0.19644678	0
307.5166	-0.57793856	-48.936268	-0.25827664	-0.19666255	1
308.0166	-0.5788058	-47.01334	-0.25828111	-0.19684047	0
308.5166	-0.57774782	-50.091953	-0.25826353	-0.19696265	0
309.0166	-0.57775974	-49.689758	-0.25840902	-0.19707829	0
309.5166	-0.57831407	-51.042408	-0.25838518	-0.19724041	0
310.0166	-0.57822466	-50.751045	-0.2584469	-0.19742608	0
310.5166	-0.57896376	-50.841373	-0.2585474	-0.1977101	0
311.0166	-0.57911575	-49.272774	-0.25848088	-0.19779682	0
311.5166	-0.58042109	-51.250027	-0.25858852	-0.19799531	0
312.0166	-0.58027804	-52.906799	-0.25866607	-0.19826323	0
312.5166	-0.58007538	-51.021049	-0.25865981	-0.19846946	0
313.0166	-0.58096051	-50.514919	-0.2587752	-0.1987201	0
313.5166	-0.58112741	-53.214195	-0.25889984	-0.19900262	0
314.0166	-0.58097243	-52.379044	-0.2588715	-0.19928336	0
314.5166	-0.58242381	-51.453144	-0.25900537	-0.19957542	0
315.0166	-0.58339238	-51.651947	-0.2590501	-0.19979537	0
315.5166	-0.58180392	-52.645695	-0.25899851	-0.20004719	0
316.0166	-0.58234334	-53.739372	-0.25905457	-0.20029753	0
316.5166	-0.58245063	-52.170006	-0.25930923	-0.20055592	0
317.0166	-0.5834341	-49.915352	-0.25925913	-0.20091474	0
317.5166	-0.58279932	-52.247211	-0.25931937	-0.20104021	0
318.0166	-0.58379471	-51.41758	-0.25937483	-0.20137042	1
318.5166	-0.58396161	-50.425842	-0.25947949	-0.20161957	0
319.0166	-0.58363676	-51.23798	-0.25964525	-0.20186216	0
319.5166	-0.58524013	-49.739914	-0.2596384	-0.20210266	0
320.0166	-0.58448911	-52.96809	-0.25971088	-0.20233512	0
320.5166	-0.5853653	-50.706097	-0.25969326	-0.20262539	0
321.0166	-0.5853653	-53.060974	-0.25975707	-0.20294368	0
321.5166	-0.58555007	-53.622318	-0.25991422	-0.20318776	0
322.0166	-0.58562458	-52.709511	-0.2598671	-0.20347804	0
322.5166	-0.58663487	-51.823448	-0.26012415	-0.20382404	0
323.0166	-0.58554411	-51.522335	-0.26012951	-0.20413518	0
323.5166	-0.58707297	-51.8964	-0.26021537	-0.20438761	0
324.0166	-0.58761239	-52.341293	-0.26030067	-0.20458937	0
324.5166	-0.58816373	-53.777523	-0.26032898	-0.20493925	0
325.0166	-0.58662295	-52.414864	-0.26045838	-0.20522088	0
325.5166	-0.58780611	-51.608372	-0.26039696	-0.20551592	0
326.0166	-0.58897436	-51.96405	-0.26051295	-0.20575911	0
326.5166	-0.58937073	-50.399006	-0.26054606	-0.20605534	0
327.0166	-0.58898032	-49.553604	-0.26067516	-0.20647258	0
327.5166	-0.58927834	-51.652435	-0.26069006	-0.20667255	0
328.0166	-0.58929324	-50.73941	-0.26082754	-0.20698726	0
328.5166	-0.59018731	-51.798763	-0.26089284	-0.20730138	1
329.0166	-0.58978498	-52.863968	-0.26102403	-0.20757347	0
329.5166	-0.59057772	-52.89782	-0.26102015	-0.20799547	0
330.0166	-0.59147179	-53.428471	-0.26116359	-0.20828217	0
330.5166	-0.59151053	-52.999557	-0.26128167	-0.2085945	0
331.0166	-0.59231222	-53.102032	-0.26124379	-0.20899504	0
331.5166	-0.59236586	-52.988808	-0.261307	-0.2093333	0
332.0166	-0.59431493	-53.188133	-0.2614066	-0.20960718	0
332.5166	-0.59418082	-54.731773	-0.2616353	-0.21001339	0
333.0166	-0.5923897	-52.649529	-0.2615658	-0.21038711	0
333.5166	-0.5946964	-54.028236	-0.26168269	-0.21072567	0
334.0166	-0.59557259	-54.585583	-0.26186907	-0.21109074	0
334.5166	-0.59546232	-53.728493	-0.26186758	-0.21144301	0
335.0166	-0.59639812	-54.519325	-0.26193795	-0.21181673	0
335.5166	-0.59454739	-55.059448	-0.26218125	-0.21206528	0
336.0166	-0.59642494	-51.757641	-0.26219615	-0.21261185	0
336.5166	-0.5965203	-51.564342	-0.26229128	-0.21301895	0
337.0166	-0.59702396	-51.28318	-0.26237953	-0.21345347	0
337.5166	-0.59745312	-53.475204	-0.26243588	-0.21374285	0
338.0166	-0.59739649	-53.571152	-0.26253667	-0.21429986	0
338.5166	-0.59956014	-53.591686	-0.26275584	-0.21478951	0
339.0166	-0.60175061	-53.226559	-0.26287124	-0.21536052	1
339.5166	-0.59911311	-53.605751	-0.26297501	-0.21586746	0
340.0166	-0.5994916	-51.607723	-0.26313153	-0.21644384	0
340.5166	-0.60154498	-53.792404	-0.26323709	-0.21699876	0
341.0166	-0.60189366	-52.849266	-0.26337457	-0.21767408	0
341.5166	-0.60297847	-53.146603	-0.26359311	-0.21821082	0
342.0166	-0.60257912	-50.895084	-0.26360652	-0.21897495	0
342.5166	-0.60323477	-51.818661	-0.2638084	-0.21960437	0
343.0166	-0.60470998	-53.251953	-0.26405171	-0.22028804	0
343.5166	-0.60667992	-51.119823	-0.26418081	-0.22104353	0
344.0166	-0.60622692	-51.2159	-0.26439849	-0.22176713	0
344.5166	-0.6075412	-52.72049	-0.26459378	-0.22261739	0
345.0166	-0.60813725	-49.10173	-0.26479715	-0.22343248	0
345.5166	-0.60816705	-48.844315	-0.26497248	-0.22435904	0
346.0166	-0.61049759	-46.557255	-0.26526767	-0.22524118	0
346.5166	-0.60965121	-50.118038	-0.26543853	-0.22610217	0
347.0166	-0.61096549	-48.455284	-0.26569971	-0.22697598	0
347.5166	-0.61201155	-46.397385	-0.26588014	-0.22799432	0
348.0166	-0.61400235	-47.835365	-0.26617354	-0.22943795	0
348.5166	-0.61580241	-49.04018	-0.26660618	-0.23070753	0
349.0166	-0.6164819	-46.63052	-0.26693121	-0.23217946	0
349.5166	-0.61737597	-49.129574	-0.26718107	-0.23346514	1
350.0166	-0.62025785	-45.312355	-0.26757765	-0.23483276	1
350.5166	-0.62069893	-43.469444	-0.26796228	-0.23627162	0
351.0166	-0.6231755	-44.363857	-0.26833323	-0.23770481	0
351.5166	-0.62458813	-42.922001	-0.26860812	-0.23902357	0
352.0166	-0.62534511	-42.311047	-0.26907954	-0.2406922	0
352.5166	-0.62727928	-41.287025	-0.26935714	-0.24228126	0
353.0166	-0.62978566	-41.528145	-0.26969171	-0.24386317	0
353.5166	-0.62988102	-40.445274	-0.27004087	-0.24547487	0
354.0166	-0.63266158	-38.538406	-0.27043238	-0.24710059	0
354.5166	-0.63247979	-41.381683	-0.27087128	-0.24864614	0
355.0166	-0.6344825	-40.848507	-0.27141249	-0.25036991	0
355.5166	-0.63726008	-40.119965	-0.27169994	-0.2520448	0
356.0166	-0.63975453	-37.10854	-0.27211171	-0.25390178	0
356.5166	-0.64109564	-38.640335	-0.27249098	-0.25562286	0
357.0166	-0.64254999	-35.90583	-0.27300057	-0.25748342	0
357.5166	-0.64478815	-36.346581	-0.27339953	-0.25934935	0
358.0166	-0.64663887	-35.580753	-0.27398843	-0.26117831	0
358.5166	-0.64967275	-35.349686	-0.27432746	-0.26328474	0
359.0166	-0.65219104	-35.157764	-0.27485344	-0.26518852	0
359.5166	-0.65310001	-34.744118	-0.27530515	-0.26723862	0
360.0166	-0.65600872	-35.842999	-0.27599841	-0.2693522	0
360.5166	-0.65883994	-30.788256	-0.2763792	-0.27171195	1
361.0166	-0.66030622	-33.438034	-0.27691084	-0.27395338	0
361.5166	-0.66130459	-31.218456	-0.27735215	-0.27619451	0
362.0166	-0.66458583	-32.196335	-0.27803048	-0.27830094	0
362.5166	-0.6667912	-31.028286	-0.27853084	-0.28083712	0
363.0166	-0.66997409	-29.123978	-0.27919874	-0.28317481	0
363.5166	-0.67179203	-29.975153	-0.27976587	-0.28567761	0
364.0166	-0.67380071	-27.336597	-0.28018391	-0.28809756	0
364.5166	-0.67753196	-25.698038	-0.28076088	-0.29061884	0
365.0166	-0.67977309	-28.494774	-0.28139392	-0.29316247	0
365.5166	-0.68241656	-25.603924	-0.28202844	-0.29569536	0
366.0166	-0.68546236	-25.484306	-0.28267577	-0.29829085	0
366.5166	-0.68961978	-26.460611	-0.28321368	-0.3010568	0
367.0166	-0.69144964	-26.201401	-0.2839132	-0.3038308	0
367.5166	-0.69351792	-25.16815	-0.28452119	-0.30670553	0
368.0166	-0.69633126	-23.930429	-0.28520042	-0.30940533	0
368.5166	-0.70027709	-23.046907	-0.28582838	-0.31243175	0
369.0166	-0.70354939	-23.431816	-0.28658932	-0.31539798	0
369.5166	-0.70465207	-24.25116	-0.28722802	-0.31871378	0
370.0166	-0.70698857	-21.634897	-0.2879979	-0.3220582	0
370.5166	-0.71304142	-20.703144	-0.28871772	-0.32581568	0
371.0166	-0.71604252	-21.572182	-0.28944525	-0.33236355	1
371.5166	-0.7178992	-5.4619198	-0.29069701	-0.41419327	0
372.0166	-0.72342455	-6.002512	-0.29120958	-0.4175508	0
372.5166	-0.7237643	-3.1123188	-0.29179102	-0.42015612	0
373.0166	-0.72662532	-5.5597882	-0.29244581	-0.42295754	0
373.5166	-0.73066354	-2.9613805	-0.29296553	-0.42539567	0
374.0166	-0.73167682	-3.7334113	-0.29355055	-0.4278636	0
374.5166	-0.73642433	-3.4733493	-0.29425275	-0.43037981	0
375.0166	-0.73763132	-4.7800179	-0.2948831	-0.43293476	0
375.5166	-0.73902011	-5.3299289	-0.29544216	-0.43531686	0
376.0166	-0.74165761	-5.5057526	-0.29602957	-0.4378143	0
376.5166	-0.74317753	-4.5800338	-0.29662803	-0.44026434	0
377.0166	-0.74785054	-4.065052	-0.29726583	-0.44271082	0
377.5166	-0.75004995	-4.535347	-0.29778704	-0.44512272	0
378.0166	-0.75198412	-2.1651251	-0.29835176	-0.44761658	0
378.5166	-0.75648725	-2.0972433	-0.29887775	-0.44991434	0
379.0166	-0.75766146	-4.5345922	-0.29940522	-0.45223475	0
379.5166	-0.76059103	-3.1613817	-0.30005404	-0.45443535	0
380.0166	-0.76379478	-3.6643007	-0.30051354	-0.45685172	0
380.5166	-0.7646054	0.22765359	-0.30110931	-0.45907497	0
381.0166	-0.76915026	-2.8648748	-0.3017638	-0.46122253	0
381.5166	-0.76995492	-3.6822715	-0.30222866	-0.46359599	1
382.0166	-0.77314675	-1.8112313	-0.30271438	-0.46554238	0
382.5166	-0.77148974	-3.2136562	-0.30298215	-0.4662326	0
383.0166	-0.77277422	-0.40639055	-0.30290729	-0.46646416	0
383.5166	-0.77163875	-0.80460888	-0.30288881	-0.46668142	0
384.0166	-0.77230632	-2.6665118	-0.30300957	-0.46669245	0
384.5166	-0.77356994	-0.38186789	-0.30309188	-0.46688557	0
385.0166	-0.77413917	-1.3743805	-0.30303374	-0.46698183	0
385.5166	-0.77255964	-0.59798551	-0.30300748	-0.46699643	0
386.0166	-0.772205	-0.97653651	-0.30294457	-0.46711683	0
386.5166	-0.77211261	-0.91288412	-0.30318817	-0.46724319	0
387.0166	-0.77328384	0.75679785	-0.30311275	-0.46723247	0
387.5166	-0.77352226	1.170378	-0.30303583	-0.46740413	0
388.0166	-0.77521801	-0.42300418	-0.30315778	-0.46771735	0
388.5166	-0.7746309	-1.1104752	-0.30327824	-0.46808481	0
389.0166	-0.77423751	-2.96895	-0.30341181	-0.46873868	0
389.5166	-0.7763803	-0.58711648	-0.30356866	-0.46952099	0
390.0166	-0.77597201	-0.31218421	-0.30378366	-0.47032058	0
390.5166	-0.7784009	-1.7480059	-0.30402786	-0.47143698	0
391.0166	-0.77829659	-2.2893298	-0.30430305	-0.47262758	0
391.5166	-0.77917874	-1.2317898	-0.30464804	-0.47353715	0
392.0166	-0.78115463	-1.5431961	-0.30475748	-0.47469914	1
392.5166	-0.78211427	-1.5746157	-0.30511826	-0.47582269	1
393.0166	-0.7834971	0.27452275	-0.3053765	-0.47688693	0
393.5166	-0.78527629	-0.94562	-0.30572924	-0.47813505	0
394.0166	-0.78700781	-0.12905401	-0.30592245	-0.47911972	0
394.5166	-0.78707933	-1.0771484	-0.30626297	-0.480313	0
395.0166	-0.78850687	-2.8718188	-0.30646753	-0.4813242	0
395.5166	-0.78979433	-0.46225098	-0.30678985	-0.48224598	0
396.0166	-0.79076588	0.90269947	-0.30686438	-0.48301518	0
396.5166	-0.78995526	-2.1682782	-0.307111	-0.48391283	0
397.0166	-0.79176128	0.96958107	-0.30718046	-0.48423886	0
397.5166	-0.79137683	1.1147164	-0.30721954	-0.48434436	0
398.0166	-0.79079866	1.2429631	-0.30720222	-0.48440367	0
398.5166	-0.79213381	0.026833359	-0.30729437	-0.48446208	0
399.0166	-0.79154372	-0.051847409	-0.30730182	-0.48450321	0
399.5166	-0.79138875	-0.76788336	-0.30716228	-0.484519	0
400.0166	-0.79131424	0.33465359	-0.30720401	-0.48453897	0
400.5166	-0.79125166	-0.75249821	-0.30719477	-0.48459888	0
401.0166	-0.79128146	1.6123239	-0.30727139	-0.48468709	0
401.5166	-0.7915616	1.2596879	-0.3073543	-0.48477858	0
402.0166	-0.79193115	-0.49065211	-0.30724457	-0.48469216	0
402.5166	-0.79035461	0.92940998	-0.30720669	-0.48471272	0
403.0166	-0.79095364	0.72360569	-0.307289	-0.48480958	1
403.5166	-0.79116821	0.53180009	-0.30728424	-0.48480839	0
404.0166	-0.79135001	-0.045693345	-0.30724338	-0.48481911	0
404.5166	-0.79098344	2.3893566	-0.30722788	-0.48480272	0
405.0166	-0.79033375	3.0466714	-0.30732864	-0.48485786	0
405.5166	-0.79212189	2.2333755	-0.307275	-0.48485368	0
406.0166	-0.79155564	3.1581583	-0.30724517	-0.48489362	0
406.5166	-0.79217255	0.96107537	-0.30715749	-0.48487157	0
407.0166	-0.79269409	2.1355832	-0.30722579	-0.48491567	0
407.5166	-0.79099834	1.8015966	-0.30724129	-0.4848662	0
408.0166	-0.79271197	2.6350276	-0.30719507	-0.48493117	0
408.5166	-0.79126954	4.8170586	-0.30727407	-0.48490316	0
409.0166	-0.79253912	5.9783635	-0.30732596	-0.48489273	0
409.5166	-0.79182684	2.968014	-0.30715272	-0.48484087	0
410.0166	-0.79117417	1.6813993	-0.30718404	-0.48503846	0
410.5166	-0.79168081	1.9008514	-0.30725917	-0.48499674	0
411.0166	-0.79070926	3.6682553	-0.3071903	-0.48487186	0
411.5166	-0.79137981	3.9412105	-0.30728513	-0.48503637	0
412.0166	-0.79136789	3.7089062	-0.30724069	-0.48507035	0
412.5166	-0.79212487	2.9779415	-0.30724815	-0.48489958	0
413.0166	-0.79071522	4.2248826	-0.30720609	-0.4850167	0
413.5166	-0.79147518	3.4931629	-0.30712947	-0.48497885	1
414.0166	-0.79129338	4.1737781	-0.30717301	-0.4850626	0
414.5166	-0.79124272	5.1167769	-0.30724576	-0.48507869	0
415.0166	-0.79178214	0.08288683	-0.30716467	-0.48508555	0
415.5166	-0.79111159	1.9597186	-0.30731583	-0.48503041	0
416.0166	-0.79161525	0.46283597	-0.30721864	-0.48512071	0
416.5166	-0.79133809	1.0308995	-0.30722043	-0.48515916	0
417.0166	-0.79210401	2.792594	-0.30727679	-0.48511982	0
417.5166	-0.79036355	3.3329232	-0.30717331	-0.48508644	0
418.0166	-0.79229772	2.6013968	-0.30725768	-0.48520595	0
418.5166	-0.79190731	4.5506968	-0.30731553	-0.48510998	0
419.0166	-0.79192519	3.3110917	-0.30732447	-0.48514605	0
419.5166	-0.79190433	2.6566839	-0.30721655	-0.48514396	0
420.0166	-0.7907927	-0.27807364	-0.30724248	-0.48517436	0
420.5166	-0.79088211	3.274559	-0.30719298	-0.48517823	0
421.0166	-0.79043508	2.697902	-0.30727139	-0.48512578	0
421.5166	-0.79041123	0.84074348	-0.30724159	-0.48519015	0
422.0166	-0.789994	3.5958281	-0.30728096	-0.48517168	0
422.5166	-0.79039633	3.5256412	-0.3072744	-0.48523009	0
423.0166	-0.79033077	3.0401254	-0.30723414	-0.48516333	0
423.5166	-0.79116821	2.8758552	-0.30704689	-0.48517734	0
424.0166	-0.79085231	4.880805	-0.30724874	-0.4852888	1
424.5166	-0.79115033	2.7741201	-0.30720907	-0.48524082	0
425.0166	-0.79109669	5.6036153	-0.30728781	-0.48523009	0
425.5166	-0.79072416	4.2858729	-0.30725351	-0.48524082	0
426.0166	-0.79103112	0.42959699	-0.30733404	-0.48523575	0
426.5166	-0.79182088	2.9321368	-0.30722848	-0.48524439	0
427.0166	-0.79220235	2.9088836	-0.30727229	-0.48520327	0
427.5166	-0.79153478	5.079215	-0.30720043	-0.48513532	0
428.0166	-0.79083741	3.6615806	-0.30731553	-0.48524082	0
428.5166	-0.79223216	2.8814011	-0.30723503	-0.48530757	0
429.0166	-0.7907629	2.5724049	-0.30720758	-0.48516482	0
429.5166	-0.79062581	3.9325523	-0.30725202	-0.48521996	0
430.0166	-0.7907778	2.4690435	-0.30720133	-0.48526883	0
430.5166	-0.79172552	3.5098994	-0.30729258	-0.48528939	0
431.0166	-0.79173446	4.0795131	-0.30724874	-0.48525751	0
431.5166	-0.79062581	3.0126662	-0.30715272	-0.48528701	0
432.0166	-0.79059005	0.93176752	-0.30716676	-0.48520625	0
432.5166	-0.79217255	3.1795747	-0.3071757	-0.48533887	0
433.0166	-0.79216361	1.8058378	-0.30719715	-0.48517317	0
433.5166	-0.79103708	-0.0068150996	-0.30721444	-0.48521996	0
434.0166	-0.79064369	1.9556179	-0.30724189	-0.48529327	0
434.5166	-0.79089403	3.3990152	-0.30725679	-0.48530847	1
435.0166	-0.79068244	3.5217748	-0.30716348	-0.48538685	0
435.5166	-0.79143941	4.183547	-0.30721954	-0.48534662	0
436.0166	-0.7920891	5.2506986	-0.30719447	-0.48529685	0
436.5166	-0.79113245	3.8855197	-0.30703732	-0.48532158	0
437.0166	-0.79050064	2.0948796	-0.30716497	-0.4853338	0
437.5166	-0.79142749	2.9946835	-0.30731851	-0.48536867	0
438.0166	-0.79103112	4.7166228	-0.30723801	-0.48534095	0
438.5166	-0.79128742	1.4690899	-0.30720669	-0.48526078	0
439.0166	-0.79061687	5.8663855	-0.3072392	-0.4852131	0
439.5166	-0.79112947	3.047543	-0.3072693	-0.48522294	0
440.0166	-0.79140067	4.1282482	-0.30727258	-0.48527181	0
440.5166	-0.79127252	3.7558336	-0.3072392	-0.48527211	0
441.0166	-0.79021156	6.4999614	-0.30724606	-0.4852125	0
441.5166	-0.79076886	4.9115639	-0.3072401	-0.48516512	0
442.0166	-0.78943372	2.7269642	-0.30719686	-0.48521072	0
442.5166	-0.79098344	2.7565296	-0.30721265	-0.48505515	0
443.0166	-0.79165101	3.0611968	-0.30724755	-0.48504859	0
443.5166	-0.79075396	3.4242046	-0.30721954	-0.48502922	0
444.0166	-0.79146326	4.6726141	-0.30719984	-0.48486739	0
444.5166	-0.79075396	5.1109686	-0.30713871	-0.48482865	0
445.0166	-0.79015791	4.6060953	-0.30721563	-0.48475951	1
445.5166	-0.78947544	2.0567269	-0.30705822	-0.48467815	1
446.0166	-0.79047084	3.9913087	-0.3071599	-0.48459113	0
446.5166	-0.78946948	4.9061933	-0.30702361	-0.48435301	0
447.0166	-0.78969598	5.3249564	-0.30698007	-0.48401386	0
447.5166	-0.78909099	5.9005489	-0.30690822	-0.48402846	0
448.0166	-0.78913867	7.0823631	-0.30690524	-0.48393101	0
448.5166	-0.78977942	7.328701	-0.30669951	-0.48362851	0
449.0166	-0.78826845	5.3089805	-0.30679134	-0.48340201	0
449.5166	-0.78702271	6.6326423	-0.30663359	-0.48324436	0
450.0166	-0.7883817	6.555284	-0.30669326	-0.48315704	0
450.5166	-0.7876724	7.3038158	-0.30654296	-0.4827711	0
451.0166	-0.78651607	8.1243134	-0.30655429	-0.4825294	0
451.5166	-0.78694522	8.572238	-0.30632678	-0.48219264	0
452.0166	-0.78669786	7.0480189	-0.30629012	-0.48202187	0
452.5166	-0.78658164	8.8137093	-0.3062081	-0.48176855	0
453.0166	-0.78495443	10.371243	-0.3061142	-0.48156708	0
453.5166	-0.78545511	11.310311	-0.30599403	-0.48131466	0
454.0166	-0.78454018	9.1004276	-0.30577099	-0.4809764	0
454.5166	-0.78311563	9.39645	-0.3056547	-0.48075944	0
455.0166	-0.78204572	3.9833705	-0.30545431	-0.48431903	0
455.5166	-0.78096092	0.99784762	-0.30486214	-0.48664778	0
456.0166	-0.77751577	2.4103224	-0.30450314	-0.48695654	1
456.5166	-0.77716708	3.8318293	-0.30409107	-0.48730582	0
457.0166	-0.7745415	5.1966572	-0.30379677	-0.48777312	0
457.5166	-0.77161491	2.2005343	-0.30328926	-0.48810542	0
458.0166	-0.77212453	3.7254732	-0.30277848	-0.48826337	0
458.5166	-0.76949298	2.9558523	-0.30229366	-0.48846185	0
459.0166	-0.76723397	2.7063494	-0.30182046	-0.48872292	0
459.5166	-0.7637918	2.6193559	-0.30141434	-0.48876077	0
460.0166	-0.76150298	2.3460791	-0.30089104	-0.48886836	0
460.5166	-0.76108575	0.84846532	-0.30052698	-0.48847497	0
461.0166	-0.75874627	2.2661464	-0.30002096	-0.48849225	0
461.5166	-0.75508058	1.5000474	-0.29946277	-0.48848033	0
462.0166	-0.75412989	3.246731	-0.29885003	-0.48852295	0
462.5166	-0.75178444	3.0326085	-0.29836011	-0.48873633	0
463.0166	-0.7479459	2.3866012	-0.29787469	-0.48867702	0
463.5166	-0.74671209	2.2013183	-0.29719365	-0.48876554	0
464.0166	-0.74293613	1.7771266	-0.29660326	-0.48867553	0
464.5166	-0.7408917	2.8605635	-0.29601407	-0.48863888	0
465.0166	-0.73908865	2.919384	-0.2954365	-0.48876822	0
465.5166	-0.73412359	2.6063342	-0.29471374	-0.48876852	0
466.0166	-0.73254406	2.4280827	-0.2940321	-0.48891068	0
466.5166	-0.72847605	2.3907077	-0.29331291	-0.48896372	1
467.0166	-0.72562695	4.2958589	-0.29256389	-0.48890829	0
467.5166	-0.72170198	1.347313	-0.29186168	-0.48878819	0
468.0166	-0.71929097	3.4218938	-0.2911064	-0.48884392	0
468.5166	-0.71616769	4.9429836	-0.29030281	-0.48903525	0
469.0166	-0.71159601	2.5863276	-0.28970349	-0.48913181	0
469.5166	-0.70932806	3.6154194	-0.28891689	-0.48930049	0
470.0166	-0.70596933	3.6078379	-0.28826299	-0.48908204	0
470.5166	-0.70219338	1.7660528	-0.287494	-0.4889366	0
471.0166	-0.69916248	3.4336345	-0.28662631	-0.48912734	0
471.5166	-0.69518983	3.8489287	-0.2858108	-0.48923463	0
472.0166	-0.69232881	2.5619862	-0.28503284	-0.48940957	0
472.5166	-0.68724453	2.1321027	-0.28416249	-0.48932016	0
473.0166	-0.68529546	3.3948207	-0.2832948	-0.48921227	0
473.5166	-0.67997277	1.9258595	-0.28250283	-0.48933208	0
474.0166	-0.67531168	3.2948289	-0.28157371	-0.4892993	0
474.5166	-0.67197382	3.5373528	-0.28058645	-0.48959136	0
475.0166	-0.66632032	3.2294624	-0.27943817	-0.48950642	0
475.5166	-0.66241026	1.9988366	-0.27835879	-0.48951149	0
476.0166	-0.65704584	2.3948262	-0.27716249	-0.48957378	0
476.5166	-0.65063834	1.8200588	-0.27596444	-0.48957258	0
477.0166	-0.64352155	4.0896039	-0.27464291	-0.48978597	1
477.5166	-0.63854456	2.5380018	-0.27325252	-0.48968256	0
478.0166	-0.63340068	3.1526361	-0.27200228	-0.48979878	0
478.5166	-0.62752664	3.2440169	-0.27062201	-0.48982829	0
479.0166	-0.62099993	4.2932615	-0.26914337	-0.48998892	0
479.5166	-0.61337054	1.704167	-0.26754096	-0.49009711	0
480.0166	-0.59598684	3.5541244	-0.2639575	-0.4899478	0
480.5166	-0.57856143	5.1460381	-0.25953496	-0.490188	0
481.0166	-0.5595088	5.4357586	-0.25526863	-0.49031496	0
481.5166	-0.53955317	6.5819416	-0.2510232	-0.49038261	0
482.0166	-0.52035153	7.3851409	-0.24634811	-0.49060345	0
482.5166	-0.49592257	3.1329746	-0.2412359	-0.49060434	0
483.0166	-0.47335625	4.250762	-0.23597845	-0.49070835	0
483.5166	-0.4494369	4.4768891	-0.23083343	-0.49083412	0
484.0166	-0.42642653	2.990144	-0.22540872	-0.49089402	0
484.5166	-0.40234923	2.1186304	-0.22015993	-0.49108863	0
485.0166	-0.37881434	3.2481644	-0.21479484	-0.49119234	0
485.5166	-0.35396218	3.024009	-0.20908657	-0.49136847	0
486.0166	-0.32842159	4.4932275	-0.20106356	-0.49155056	0
486.5166	-0.30363798	6.267365	-0.19003254	-0.49153388	0
487.0166	-0.27823746	5.2764025	-0.17873555	-0.49147904	0
487.5166	-0.25169253	5.7801294	-0.16199715	-0.49137175	1
488.0166	-0.22708178	4.0920553	-0.14496326	-0.49153715	1
488.5166	-0.20055473	6.3838296	-0.12798542	-0.49156487	0
489.0166	-0.17374456	6.1975937	-0.11052186	-0.49130857	0
489.5166	-0.14490187	5.2690902	-0.093355283	-0.49129933	0
490.0166	-0.11983216	6.6089096	-0.075975507	-0.49149483	0
490.5166	-0.093385577	8.0722551	-0.058493752	-0.49151778	0
491.0166	-0.066784024	4.6410189	-0.041024823	-0.49147129	0
491.5166	-0.039839745	5.1112547	-0.023478068	-0.49154401	0
492.0166	-0.010579824	5.8294029	-0.0055031334	-0.49162567	0
492.5166	0.014477968	6.4299388	0.012796813	-0.49152404	0
493.0166	0.0446558	7.4603348	0.03113582	-0.49156129	0
493.5166	0.071805716	7.4843721	0.049232114	-0.49033999	0
494.0166	0.1000613	11.207108	0.067409806	-0.48703432	0
494.5166	0.1271069	11.692588	0.085320339	-0.48639536	0
495.0166	0.15511811	11.950591	0.10310116	-0.48605502	0
495.5166	0.18264949	11.895783	0.12452003	-0.48572689	0
496.0166	0.21068454	11.34049	0.14817342	-0.48524946	0
496.5166	0.24029315	12.079703	0.1723507	-0.48471391	0
497.0166	0.26626587	11.511003	0.19618033	-0.4845041	0
497.5166	0.29452741	12.424706	0.22046049	-0.48441648	0
498.0166	0.32204092	10.356337	0.2443888	-0.48435926	0
498.5166	0.34991205	10.001678	0.26842117	-0.48427969	1
499.0166	0.37727058	8.2767315	0.29187837	-0.4842779	0
499.5166	0.40592253	11.610222	0.31577629	-0.48425496	0
500.0166	0.43186247	11.991563	0.33936825	-0.48420101	0
500.5166	0.45996904	11.042217	0.36359176	-0.48413128	0
501.0166	0.48933923	13.064237	0.38710859	-0.48409879	0
501.5166	0.51583648	9.1157379	0.41070384	-0.48412204	0
502.0166	0.54434538	12.44081	0.43378562	-0.48409849	0
502.5166	0.57200193	13.043295	0.45731437	-0.48410863	0
503.0166	0.598526	15.100998	0.48013288	-0.48415035	0
503.5166	0.62478781	12.395847	0.50303757	-0.48407346	0
504.0166	0.65323412	10.808427	0.52582598	-0.48399448	0
504.5166	0.68132877	11.623776	0.54884213	-0.48402518	0
505.0166	0.70748627	12.515437	0.571751	-0.48399746	0
505.5166	0.73552728	15.121748	0.59484112	-0.48396528	0
506.0166	0.76268017	10.422517	0.61786896	-0.48388779	0
506.5166	0.78902543	12.54306	0.64083266	-0.4838708	0
507.0166	0.81661344	13.964989	0.66375315	-0.48382938	0
507.5166	0.84252954	10.381146	0.68632627	-0.4837364	0
508.0166	0.87186694	12.080066	0.70899391	-0.48377514	0
508.5166	0.89910328	12.850465	0.73172355	-0.48365027	0
509.0166	0.92497766	12.061621	0.76032335	-0.48366904	1
509.5166	0.95321834	11.968392	0.79226607	-0.48371851	0
510.0166	0.98005831	12.979858	0.82600611	-0.4837355	0
510.5166	1.007551	14.573182	0.85956705	-0.48368245	0
511.0166	1.033777	13.0877	0.89385396	-0.48369586	0
511.5166	1.0610372	13.115317	0.92729169	-0.4836759	0
512.0166	1.087293	12.101909	0.96147281	-0.48374563	0
512.5166	1.1135608	10.880895	0.99437469	-0.48371077	0
513.0166	1.1401623	13.171612	1.0271382	-0.4836911	0
513.5166	1.1662602	10.597416	1.0599322	-0.48368841	0
514.0166	1.1915177	12.555438	1.0919199	-0.48365086	0
514.5166	1.2178272	12.318711	1.1232767	-0.48357219	0
515.0166	1.2428284	10.573525	1.1540955	-0.48365682	0
515.5166	1.2659341	12.782432	1.184581	-0.48356742	0
