 0.000000000000000e+00    0.000000000000000e+00 
 1.091743119266054e-01    0.000000000000000e+00 
 1.168807339449541e-01    8.450704225352084e-01 
 1.271559633027523e-01    2.042253521126760e+00 
 1.335779816513761e-01    3.521126760563380e+00 
 1.374311926605504e-01    4.999999999999999e+00 
 1.477064220183486e-01    7.112676056338030e+00 
 1.579816513761468e-01    9.647887323943660e+00 
 1.682568807339449e-01    1.190140845070423e+01 
 1.836697247706422e-01    1.394366197183099e+01 
 2.067889908256881e-01    1.549295774647887e+01 
 2.427522935779816e-01    1.760563380281690e+01 
 2.851376146788990e-01    1.950704225352112e+01 
 3.300917431192659e-01    2.147887323943662e+01 
 3.711926605504587e-01    2.288732394366197e+01 
 4.187155963302752e-01    2.457746478873240e+01 
 4.713761467889909e-01    2.619718309859155e+01 
 5.124770642201835e-01    2.739436619718310e+01 
 5.612844036697247e-01    2.852112676056338e+01 
 6.075229357798164e-01    2.873239436619719e+01 
 6.460550458715596e-01    2.894366197183099e+01 
 6.897247706422018e-01    2.908450704225352e+01 
