0.00000000000000000E+00  0.00000000000000000E+00  0.00000000000000000E+00  0.00000000000000000E+00  0.00000000000000000E+00  0.00000000000000000E+00  0.00000000000000000E+00  0.00000000000000000E+00
9.99999999999999370E-05  0.00000000000000000E+00  0.00000000000000000E+00  1.10357159188000986E-01  0.00000000000000000E+00  0.00000000000000000E+00  0.00000000000000000E+00  0.00000000000000000E+00
1.39999999999999825E-04  0.00000000000000000E+00  0.00000000000000000E+00  1.26204797561196180E-01  0.00000000000000000E+00  0.00000000000000000E+00  0.00000000000000000E+00  0.00000000000000000E+00
1.79999999999999578E-04  0.00000000000000000E+00  0.00000000000000000E+00  1.24189299148115717E-01  0.00000000000000000E+00  0.00000000000000000E+00  0.00000000000000000E+00  0.00000000000000000E+00
2.19999999999999655E-04  0.00000000000000000E+00  0.00000000000000000E+00  1.40115080952644744E-01  0.00000000000000000E+00  0.00000000000000000E+00  0.00000000000000000E+00  0.00000000000000000E+00
2.59999999999999760E-04  0.00000000000000000E+00  0.00000000000000000E+00  1.42939360248941910E-01  0.00000000000000000E+00  0.00000000000000000E+00  0.00000000000000000E+00  0.00000000000000000E+00
2.99999999999999432E-04  0.00000000000000000E+00  0.00000000000000000E+00  1.41143157620236742E-01  0.00000000000000000E+00  0.00000000000000000E+00  0.00000000000000000E+00  0.00000000000000000E+00
3.39999999999998832E-04  0.00000000000000000E+00  0.00000000000000000E+00  1.50855961380177539E-01  0.00000000000000000E+00  0.00000000000000000E+00  0.00000000000000000E+00  0.00000000000000000E+00
3.79999999999998232E-04  0.00000000000000000E+00  0.00000000000000000E+00  1.46266589524474439E-01  0.00000000000000000E+00  0.00000000000000000E+00  0.00000000000000000E+00  0.00000000000000000E+00
4.19999999999997198E-04  0.00000000000000000E+00  0.00000000000000000E+00  1.50562657526146282E-01  0.00000000000000000E+00  0.00000000000000000E+00  0.00000000000000000E+00  0.00000000000000000E+00
4.59999999999997087E-04  0.00000000000000000E+00  0.00000000000000000E+00  1.57840928316995005E-01  0.00000000000000000E+00  0.00000000000000000E+00  0.00000000000000000E+00  5.00000000000000000E-01
4.99999999999994915E-04  0.00000000000000000E+00  0.00000000000000000E+00  1.52246450738446920E-01  0.00000000000000000E+00  0.00000000000000000E+00  0.00000000000000000E+00  0.00000000000000000E+00
5.39999999999997513E-04  0.00000000000000000E+00  0.00000000000000000E+00  1.56500857582986597E-01  0.00000000000000000E+00  0.00000000000000000E+00  0.00000000000000000E+00  0.00000000000000000E+00
5.79999999999997618E-04  0.00000000000000000E+00  0.00000000000000000E+00  1.62868093705697992E-01  0.00000000000000000E+00  0.00000000000000000E+00  0.00000000000000000E+00  5.00000000000000000E-01
6.19999999999998699E-04  0.00000000000000000E+00  0.00000000000000000E+00  1.60648910312195109E-01  0.00000000000000000E+00  0.00000000000000000E+00  0.00000000000000000E+00  0.00000000000000000E+00
6.59999999999998479E-04  0.00000000000000000E+00  0.00000000000000000E+00  1.59239114639374901E-01  0.00000000000000000E+00  0.00000000000000000E+00  0.00000000000000000E+00  1.00000000000000000E+00
6.99999999999999126E-04  0.00000000000000000E+00  0.00000000000000000E+00  1.67965430270214711E-01  0.00000000000000000E+00  0.00000000000000000E+00  0.00000000000000000E+00  1.00000000000000000E+00
7.39999999999997496E-04  0.00000000000000000E+00  0.00000000000000000E+00  1.61253269074666167E-01  0.00000000000000000E+00  0.00000000000000000E+00  0.00000000000000000E+00  1.00000000000000000E+00
7.79999999999998468E-04  0.00000000000000000E+00  0.00000000000000000E+00  1.69159204905917959E-01  0.00000000000000000E+00  0.00000000000000000E+00  0.00000000000000000E+00  1.50000000000000000E+00
8.19999999999997706E-04  0.00000000000000000E+00  0.00000000000000000E+00  1.70796378031582680E-01  0.00000000000000000E+00  0.00000000000000000E+00  0.00000000000000000E+00  1.50000000000000000E+00
8.59999999999996509E-04  0.00000000000000000E+00  0.00000000000000000E+00  1.77269638157582371E-01  0.00000000000000000E+00  0.00000000000000000E+00  0.00000000000000000E+00  1.50000000000000000E+00
8.99999999999997807E-04  0.00000000000000000E+00  0.00000000000000000E+00  1.80681610053935682E-01  0.00000000000000000E+00  0.00000000000000000E+00  0.00000000000000000E+00  2.00000000000000000E+00
9.39999999999997153E-04  0.00000000000000000E+00  0.00000000000000000E+00  1.86264870756333689E-01  0.00000000000000000E+00  0.00000000000000000E+00  0.00000000000000000E+00  2.00000000000000000E+00
9.79999999999997366E-04  0.00000000000000000E+00  0.00000000000000000E+00  1.91288573861363886E-01  0.00000000000000000E+00  0.00000000000000000E+00  0.00000000000000000E+00  3.00000000000000000E+00
1.01999999999999747E-03  0.00000000000000000E+00  0.00000000000000000E+00  1.96066867419840613E-01  0.00000000000000000E+00  0.00000000000000000E+00  0.00000000000000000E+00  3.00000000000000000E+00
1.05999999999999758E-03  0.00000000000000000E+00  0.00000000000000000E+00  2.01378734384759367E-01  0.00000000000000000E+00  0.00000000000000000E+00  0.00000000000000000E+00  3.00000000000000000E+00
1.09999999999999660E-03  0.00000000000000000E+00  0.00000000000000000E+00  2.06223798756609428E-01  0.00000000000000000E+00  0.00000000000000000E+00  0.00000000000000000E+00  3.50000000000000000E+00
1.13999999999999583E-03  0.00000000000000000E+00  0.00000000000000000E+00  2.12588112787857775E-01  0.00000000000000000E+00  0.00000000000000000E+00  0.00000000000000000E+00  4.00000000000000000E+00
1.17999999999999594E-03  0.00000000000000000E+00  0.00000000000000000E+00  2.17936856611647106E-01  0.00000000000000000E+00  0.00000000000000000E+00  0.00000000000000000E+00  4.00000000000000000E+00
1.21999999999999648E-03  0.00000000000000000E+00  0.00000000000000000E+00  2.23676713377825021E-01  0.00000000000000000E+00  0.00000000000000000E+00  0.00000000000000000E+00  4.50000000000000000E+00
1.25999999999999658E-03  0.00000000000000000E+00  0.00000000000000000E+00  2.28263935187390132E-01  0.00000000000000000E+00  0.00000000000000000E+00  0.00000000000000000E+00  4.50000000000000000E+00
1.29999999999999582E-03  0.00000000000000000E+00  0.00000000000000000E+00  2.33812506855558572E-01  0.00000000000000000E+00  0.00000000000000000E+00  0.00000000000000000E+00  6.00000000000000000E+00
1.33999999999999571E-03  0.00000000000000000E+00  0.00000000000000000E+00  2.39005097679163586E-01  0.00000000000000000E+00  0.00000000000000000E+00  0.00000000000000000E+00  6.50000000000000000E+00
1.37999999999999430E-03  0.00000000000000000E+00  0.00000000000000000E+00  2.43208380278811004E-01  0.00000000000000000E+00  0.00000000000000000E+00  0.00000000000000000E+00  6.50000000000000000E+00
1.41999999999999592E-03  0.00000000000000000E+00  0.00000000000000000E+00  2.48959716206898413E-01  0.00000000000000000E+00  0.00000000000000000E+00  0.00000000000000000E+00  7.00000000000000000E+00
1.45999999999999537E-03  0.00000000000000000E+00  0.00000000000000000E+00  2.53873155908156456E-01  0.00000000000000000E+00  0.00000000000000000E+00  0.00000000000000000E+00  7.00000000000000000E+00
1.49999999999999374E-03  0.00000000000000000E+00  0.00000000000000000E+00  2.59117449045875525E-01  0.00000000000000000E+00  0.00000000000000000E+00  0.00000000000000000E+00  7.00000000000000000E+00
1.53999999999999276E-03  0.00000000000000000E+00  0.00000000000000000E+00  2.65030788742257717E-01  0.00000000000000000E+00  0.00000000000000000E+00  0.00000000000000000E+00  8.50000000000000000E+00
1.57999999999999157E-03  0.00000000000000000E+00  0.00000000000000000E+00  2.69012712994577796E-01  0.00000000000000000E+00  0.00000000000000000E+00  0.00000000000000000E+00  8.50000000000000000E+00
1.61999999999999102E-03  0.00000000000000000E+00  0.00000000000000000E+00  2.74311100759718096E-01  0.00000000000000000E+00  0.00000000000000000E+00  0.00000000000000000E+00  8.50000000000000000E+00
1.65999999999999286E-03  0.00000000000000000E+00  0.00000000000000000E+00  2.79698245329701722E-01  0.00000000000000000E+00  0.00000000000000000E+00  0.00000000000000000E+00  8.50000000000000000E+00
1.69999999999999188E-03  0.00000000000000000E+00  0.00000000000000000E+00  2.85176850064627840E-01  0.00000000000000000E+00  0.00000000000000000E+00  0.00000000000000000E+00  9.00000000000000000E+00
1.73999999999999112E-03  0.00000000000000000E+00  0.00000000000000000E+00  2.91017306355706329E-01  0.00000000000000000E+00  0.00000000000000000E+00  0.00000000000000000E+00  1.15000000000000000E+01
1.77999999999999036E-03  0.00000000000000000E+00  0.00000000000000000E+00  2.96452968178533338E-01  0.00000000000000000E+00  0.00000000000000000E+00  0.00000000000000000E+00  1.15000000000000000E+01
1.81999999999998981E-03  0.00000000000000000E+00  0.00000000000000000E+00  3.02413629378335658E-01  0.00000000000000000E+00  0.00000000000000000E+00  0.00000000000000000E+00  1.20000000000000000E+01
1.85999999999999165E-03  0.00000000000000000E+00  0.00000000000000000E+00  3.08201344667702215E-01  0.00000000000000000E+00  0.00000000000000000E+00  0.00000000000000000E+00  1.20000000000000000E+01
1.89999999999999089E-03  0.00000000000000000E+00  0.00000000000000000E+00  3.13638822419651353E-01  0.00000000000000000E+00  0.00000000000000000E+00  0.00000000000000000E+00  1.20000000000000000E+01
1.93999999999998948E-03  0.00000000000000000E+00  0.00000000000000000E+00  3.19706547353992065E-01  0.00000000000000000E+00  0.00000000000000000E+00  0.00000000000000000E+00  1.20000000000000000E+01
1.97999999999999088E-03  0.00000000000000000E+00  0.00000000000000000E+00  3.24016120960526011E-01  0.00000000000000000E+00  0.00000000000000000E+00  0.00000000000000000E+00  1.15000000000000000E+01
2.01999999999999272E-03  0.00000000000000000E+00  0.00000000000000000E+00  3.29614949496624676E-01  0.00000000000000000E+00  0.00000000000000000E+00  0.00000000000000000E+00  1.15000000000000000E+01
2.05999999999999196E-03  0.00000000000000000E+00  0.00000000000000000E+00  3.34782077563173908E-01  0.00000000000000000E+00  0.00000000000000000E+00  0.00000000000000000E+00  1.20000000000000000E+01
2.09999999999999120E-03  0.00000000000000000E+00  0.00000000000000000E+00  3.40372872583266428E-01  0.00000000000000000E+00  0.00000000000000000E+00  0.00000000000000000E+00  1.20000000000000000E+01
2.13999999999998957E-03  0.00000000000000000E+00  0.00000000000000000E+00  3.44686028181734994E-01  0.00000000000000000E+00  0.00000000000000000E+00  0.00000000000000000E+00  1.20000000000000000E+01
2.17999999999998924E-03  0.00000000000000000E+00  0.00000000000000000E+00  3.50139409574307670E-01  0.00000000000000000E+00  0.00000000000000000E+00  0.00000000000000000E+00  1.20000000000000000E+01
2.21999999999999108E-03  0.00000000000000000E+00  0.00000000000000000E+00  3.56098856025557520E-01  0.00000000000000000E+00  0.00000000000000000E+00  0.00000000000000000E+00  1.25000000000000000E+01
2.25999999999998945E-03  0.00000000000000000E+00  0.00000000000000000E+00  3.62009225985757910E-01  0.00000000000000000E+00  0.00000000000000000E+00  0.00000000000000000E+00  1.25000000000000000E+01
2.29999999999999215E-03  0.00000000000000000E+00  0.00000000000000000E+00  3.67005443213534621E-01  0.00000000000000000E+00  0.00000000000000000E+00  0.00000000000000000E+00  1.30000000000000000E+01
2.33999999999999356E-03  0.00000000000000000E+00  0.00000000000000000E+00  3.73029786092731908E-01  0.00000000000000000E+00  0.00000000000000000E+00  0.00000000000000000E+00  1.30000000000000000E+01
2.37999999999999280E-03  0.00000000000000000E+00  0.00000000000000000E+00  3.78907213972751788E-01  0.00000000000000000E+00  0.00000000000000000E+00  0.00000000000000000E+00  1.30000000000000000E+01
2.41999999999999204E-03  0.00000000000000000E+00  0.00000000000000000E+00  3.84620885418435310E-01  0.00000000000000000E+00  0.00000000000000000E+00  0.00000000000000000E+00  1.30000000000000000E+01
2.45999999999999127E-03  0.00000000000000000E+00  0.00000000000000000E+00  3.89747766758768821E-01  0.00000000000000000E+00  0.00000000000000000E+00  0.00000000000000000E+00  1.30000000000000000E+01
2.49999999999999311E-03  0.00000000000000000E+00  0.00000000000000000E+00  3.95695781358333887E-01  0.00000000000000000E+00  0.00000000000000000E+00  0.00000000000000000E+00  1.30000000000000000E+01
2.53999999999999148E-03  0.00000000000000000E+00  0.00000000000000000E+00  4.01035232854778823E-01  0.00000000000000000E+00  0.00000000000000000E+00  0.00000000000000000E+00  1.30000000000000000E+01
2.57999999999999462E-03  0.00000000000000000E+00  0.00000000000000000E+00  4.06976963996608987E-01  0.00000000000000000E+00  0.00000000000000000E+00  0.00000000000000000E+00  1.30000000000000000E+01
2.61999999999999603E-03  0.00000000000000000E+00  0.00000000000000000E+00  4.12477561285108152E-01  0.00000000000000000E+00  0.00000000000000000E+00  0.00000000000000000E+00  1.35000000000000000E+01
2.65999999999999440E-03  0.00000000000000000E+00  0.00000000000000000E+00  4.18340206330619857E-01  0.00000000000000000E+00  0.00000000000000000E+00  0.00000000000000000E+00  1.40000000000000000E+01
2.69999999999999407E-03  0.00000000000000000E+00  0.00000000000000000E+00  4.24182297162102262E-01  0.00000000000000000E+00  0.00000000000000000E+00  0.00000000000000000E+00  1.40000000000000000E+01
2.73999999999999374E-03  0.00000000000000000E+00  0.00000000000000000E+00  4.30060633666404346E-01  0.00000000000000000E+00  0.00000000000000000E+00  0.00000000000000000E+00  1.45000000000000000E+01
2.77999999999999471E-03  0.00000000000000000E+00  0.00000000000000000E+00  4.35972337945628341E-01  0.00000000000000000E+00  0.00000000000000000E+00  0.00000000000000000E+00  1.45000000000000000E+01
2.81999999999999352E-03  0.00000000000000000E+00  0.00000000000000000E+00  4.40851509935973218E-01  0.00000000000000000E+00  0.00000000000000000E+00  0.00000000000000000E+00  1.50000000000000000E+01
2.85999999999999666E-03  0.00000000000000000E+00  0.00000000000000000E+00  4.46391953223524152E-01  0.00000000000000000E+00  0.00000000000000000E+00  0.00000000000000000E+00  1.50000000000000000E+01
2.89999999999999633E-03  0.00000000000000000E+00  0.00000000000000000E+00  4.52247867851409580E-01  0.00000000000000000E+00  0.00000000000000000E+00  0.00000000000000000E+00  1.55000000000000000E+01
2.93999999999999687E-03  0.00000000000000000E+00  0.00000000000000000E+00  4.55772039402422391E-01  0.00000000000000000E+00  0.00000000000000000E+00  0.00000000000000000E+00  1.55000000000000000E+01
2.97999999999999611E-03  0.00000000000000000E+00  0.00000000000000000E+00  4.61718495103904669E-01  0.00000000000000000E+00  0.00000000000000000E+00  0.00000000000000000E+00  1.55000000000000000E+01
3.01999999999999534E-03  0.00000000000000000E+00  0.00000000000000000E+00  4.67386177605140951E-01  0.00000000000000000E+00  0.00000000000000000E+00  0.00000000000000000E+00  1.55000000000000000E+01
3.05999999999999458E-03  0.00000000000000000E+00  0.00000000000000000E+00  4.72922666157311988E-01  0.00000000000000000E+00  0.00000000000000000E+00  0.00000000000000000E+00  1.55000000000000000E+01
3.09999999999999469E-03  0.00000000000000000E+00  0.00000000000000000E+00  4.78737546546951165E-01  0.00000000000000000E+00  0.00000000000000000E+00  0.00000000000000000E+00  1.65000000000000000E+01
3.14000000000000043E-03  0.00000000000000000E+00  0.00000000000000000E+00  4.84659110371265300E-01  0.00000000000000000E+00  0.00000000000000000E+00  0.00000000000000000E+00  1.65000000000000000E+01
3.17999999999999923E-03  0.00000000000000000E+00  0.00000000000000000E+00  4.90312965863912098E-01  0.00000000000000000E+00  0.00000000000000000E+00  0.00000000000000000E+00  1.65000000000000000E+01
3.22000000000000021E-03  0.00000000000000000E+00  0.00000000000000000E+00  4.94571737923250487E-01  0.00000000000000000E+00  0.00000000000000000E+00  0.00000000000000000E+00  1.65000000000000000E+01
3.25999999999999944E-03  0.00000000000000000E+00  0.00000000000000000E+00  5.00579025710160219E-01  0.00000000000000000E+00  0.00000000000000000E+00  0.00000000000000000E+00  1.65000000000000000E+01
3.29999999999999868E-03  0.00000000000000000E+00  0.00000000000000000E+00  5.05766935325575262E-01  0.00000000000000000E+00  0.00000000000000000E+00  0.00000000000000000E+00  1.65000000000000000E+01
3.33999999999999705E-03  0.00000000000000000E+00  0.00000000000000000E+00  5.10124248866060448E-01  0.00000000000000000E+00  0.00000000000000000E+00  0.00000000000000000E+00  1.65000000000000000E+01
3.37999999999999759E-03  0.00000000000000000E+00  0.00000000000000000E+00  5.15401020892038431E-01  0.00000000000000000E+00  0.00000000000000000E+00  0.00000000000000000E+00  1.65000000000000000E+01
3.42000000000000377E-03  0.00000000000000000E+00  0.00000000000000000E+00  5.20832440056802404E-01  0.00000000000000000E+00  0.00000000000000000E+00  0.00000000000000000E+00  1.65000000000000000E+01
3.46000000000000430E-03  0.00000000000000000E+00  0.00000000000000000E+00  5.26520821226683200E-01  0.00000000000000000E+00  0.00000000000000000E+00  0.00000000000000000E+00  1.65000000000000000E+01
3.50000000000000311E-03  0.00000000000000000E+00  0.00000000000000000E+00  5.32258525548705563E-01  0.00000000000000000E+00  0.00000000000000000E+00  0.00000000000000000E+00  1.70000000000000000E+01
3.54000000000000235E-03  0.00000000000000000E+00  0.00000000000000000E+00  5.38034502662044889E-01  0.00000000000000000E+00  0.00000000000000000E+00  0.00000000000000000E+00  1.75000000000000000E+01
3.58000000000000288E-03  0.00000000000000000E+00  0.00000000000000000E+00  5.43504398503701247E-01  0.00000000000000000E+00  0.00000000000000000E+00  0.00000000000000000E+00  1.75000000000000000E+01
3.62000000000000212E-03  0.00000000000000000E+00  0.00000000000000000E+00  5.49510169400570181E-01  0.00000000000000000E+00  0.00000000000000000E+00  0.00000000000000000E+00  1.75000000000000000E+01
3.66000000000000656E-03  0.00000000000000000E+00  0.00000000000000000E+00  5.54863576977145723E-01  0.00000000000000000E+00  0.00000000000000000E+00  0.00000000000000000E+00  1.75000000000000000E+01
3.70000000000000797E-03  0.00000000000000000E+00  0.00000000000000000E+00  5.60750114308085412E-01  0.00000000000000000E+00  0.00000000000000000E+00  0.00000000000000000E+00  1.75000000000000000E+01
3.74000000000000721E-03  0.00000000000000000E+00  0.00000000000000000E+00  5.66594150452526257E-01  0.00000000000000000E+00  0.00000000000000000E+00  0.00000000000000000E+00  1.80000000000000000E+01
3.78000000000000645E-03  0.00000000000000000E+00  0.00000000000000000E+00  5.71938621250012491E-01  0.00000000000000000E+00  0.00000000000000000E+00  0.00000000000000000E+00  1.80000000000000000E+01
3.82000000000000785E-03  0.00000000000000000E+00  0.00000000000000000E+00  5.77915633174455268E-01  0.00000000000000000E+00  0.00000000000000000E+00  0.00000000000000000E+00  1.80000000000000000E+01
3.86000000000000535E-03  0.00000000000000000E+00  0.00000000000000000E+00  5.83531305988856386E-01  0.00000000000000000E+00  0.00000000000000000E+00  0.00000000000000000E+00  1.85000000000000000E+01
3.90000000000001153E-03  0.00000000000000000E+00  0.00000000000000000E+00  5.89339178216296999E-01  0.00000000000000000E+00  0.00000000000000000E+00  0.00000000000000000E+00  1.95000000000000000E+01
3.94000000000001554E-03  0.00000000000000000E+00  0.00000000000000000E+00  5.92515415070348550E-01  0.00000000000000000E+00  0.00000000000000000E+00  0.00000000000000000E+00  1.95000000000000000E+01
3.98000000000001217E-03  0.00000000000000000E+00  0.00000000000000000E+00  5.98115388496972877E-01  0.00000000000000000E+00  0.00000000000000000E+00  0.00000000000000000E+00  2.10000000000000000E+01
4.02000000000001401E-03  0.00000000000000000E+00  0.00000000000000000E+00  6.04080152370777834E-01  0.00000000000000000E+00  0.00000000000000000E+00  0.00000000000000000E+00  2.10000000000000000E+01
4.06000000000001759E-03  0.00000000000000000E+00  0.00000000000000000E+00  6.09029472958938278E-01  0.00000000000000000E+00  0.00000000000000000E+00  0.00000000000000000E+00  2.05000000000000000E+01
4.10000000000001943E-03  0.00000000000000000E+00  0.00000000000000000E+00  6.14745392140594871E-01  0.00000000000000000E+00  0.00000000000000000E+00  0.00000000000000000E+00  1.95000000000000000E+01
4.14000000000002127E-03  0.00000000000000000E+00  0.00000000000000000E+00  6.20363255554862048E-01  0.00000000000000000E+00  0.00000000000000000E+00  0.00000000000000000E+00  2.00000000000000000E+01
4.18000000000001790E-03  0.00000000000000000E+00  0.00000000000000000E+00  6.26288175620175136E-01  0.00000000000000000E+00  0.00000000000000000E+00  0.00000000000000000E+00  2.00000000000000000E+01
4.22000000000002581E-03  0.00000000000000000E+00  0.00000000000000000E+00  6.32007788807845361E-01  0.00000000000000000E+00  0.00000000000000000E+00  0.00000000000000000E+00  2.05000000000000000E+01
4.26000000000002332E-03  0.00000000000000000E+00  0.00000000000000000E+00  6.37895748300584042E-01  0.00000000000000000E+00  0.00000000000000000E+00  0.00000000000000000E+00  2.10000000000000000E+01
4.30000000000002516E-03  0.00000000000000000E+00  0.00000000000000000E+00  6.43195840748660319E-01  0.00000000000000000E+00  0.00000000000000000E+00  0.00000000000000000E+00  2.10000000000000000E+01
4.34000000000002092E-03  0.00000000000000000E+00  0.00000000000000000E+00  6.48460351122145617E-01  0.00000000000000000E+00  0.00000000000000000E+00  0.00000000000000000E+00  2.15000000000000000E+01
4.38000000000002363E-03  0.00000000000000000E+00  0.00000000000000000E+00  6.54150098650159384E-01  0.00000000000000000E+00  0.00000000000000000E+00  0.00000000000000000E+00  2.15000000000000000E+01
4.42000000000002460E-03  0.00000000000000000E+00  0.00000000000000000E+00  6.58120977359336945E-01  0.00000000000000000E+00  0.00000000000000000E+00  0.00000000000000000E+00  2.15000000000000000E+01
4.46000000000002297E-03  0.00000000000000000E+00  0.00000000000000000E+00  6.63954195701463856E-01  0.00000000000000000E+00  0.00000000000000000E+00  0.00000000000000000E+00  2.15000000000000000E+01
4.50000000000002915E-03  0.00000000000000000E+00  0.00000000000000000E+00  6.69347303312244568E-01  0.00000000000000000E+00  0.00000000000000000E+00  0.00000000000000000E+00  2.20000000000000000E+01
4.54000000000002665E-03  0.00000000000000000E+00  0.00000000000000000E+00  6.74599196147528279E-01  0.00000000000000000E+00  0.00000000000000000E+00  0.00000000000000000E+00  2.20000000000000000E+01
4.58000000000002936E-03  0.00000000000000000E+00  0.00000000000000000E+00  6.79953474543750214E-01  0.00000000000000000E+00  0.00000000000000000E+00  0.00000000000000000E+00  2.25000000000000000E+01
4.62000000000003033E-03  0.00000000000000000E+00  0.00000000000000000E+00  6.85154103670866155E-01  0.00000000000000000E+00  0.00000000000000000E+00  0.00000000000000000E+00  2.25000000000000000E+01
4.66000000000002784E-03  0.00000000000000000E+00  0.00000000000000000E+00  6.90222799895957473E-01  0.00000000000000000E+00  0.00000000000000000E+00  0.00000000000000000E+00  2.25000000000000000E+01
4.70000000000003488E-03  0.00000000000000000E+00  0.00000000000000000E+00  6.95539189810461811E-01  0.00000000000000000E+00  0.00000000000000000E+00  0.00000000000000000E+00  2.25000000000000000E+01
4.74000000000003065E-03  0.00000000000000000E+00  0.00000000000000000E+00  7.00845494367642874E-01  0.00000000000000000E+00  0.00000000000000000E+00  0.00000000000000000E+00  2.25000000000000000E+01
4.78000000000003335E-03  0.00000000000000000E+00  0.00000000000000000E+00  7.06451983941478234E-01  0.00000000000000000E+00  0.00000000000000000E+00  0.00000000000000000E+00  2.25000000000000000E+01
4.82000000000003606E-03  0.00000000000000000E+00  0.00000000000000000E+00  7.10978770161691975E-01  0.00000000000000000E+00  0.00000000000000000E+00  0.00000000000000000E+00  2.20000000000000000E+01
4.86000000000003183E-03  0.00000000000000000E+00  0.00000000000000000E+00  7.16163621214232049E-01  0.00000000000000000E+00  0.00000000000000000E+00  0.00000000000000000E+00  2.25000000000000000E+01
4.90000000000003540E-03  0.00000000000000000E+00  0.00000000000000000E+00  7.19989749996345907E-01  0.00000000000000000E+00  0.00000000000000000E+00  0.00000000000000000E+00  2.30000000000000000E+01
4.94000000000003030E-03  0.00000000000000000E+00  0.00000000000000000E+00  7.25368838812680217E-01  0.00000000000000000E+00  0.00000000000000000E+00  0.00000000000000000E+00  2.30000000000000000E+01
4.98000000000003735E-03  0.00000000000000000E+00  0.00000000000000000E+00  7.30845303822753811E-01  0.00000000000000000E+00  0.00000000000000000E+00  0.00000000000000000E+00  2.30000000000000000E+01
5.02000000000004266E-03  0.00000000000000000E+00  0.00000000000000000E+00  7.36177297617704784E-01  0.00000000000000000E+00  0.00000000000000000E+00  0.00000000000000000E+00  2.30000000000000000E+01
5.06000000000003756E-03  0.00000000000000000E+00  0.00000000000000000E+00  7.41786550188928917E-01  0.00000000000000000E+00  0.00000000000000000E+00  0.00000000000000000E+00  2.30000000000000000E+01
5.10000000000004113E-03  0.00000000000000000E+00  0.00000000000000000E+00  7.47251327179192848E-01  0.00000000000000000E+00  0.00000000000000000E+00  0.00000000000000000E+00  2.30000000000000000E+01
5.14000000000004037E-03  0.00000000000000000E+00  0.00000000000000000E+00  7.52248654956199858E-01  0.00000000000000000E+00  0.00000000000000000E+00  0.00000000000000000E+00  2.30000000000000000E+01
5.18000000000004481E-03  0.00000000000000000E+00  0.00000000000000000E+00  7.57880811251803732E-01  0.00000000000000000E+00  0.00000000000000000E+00  0.00000000000000000E+00  2.30000000000000000E+01
5.22000000000003885E-03  0.00000000000000000E+00  0.00000000000000000E+00  7.62738831608140044E-01  0.00000000000000000E+00  0.00000000000000000E+00  0.00000000000000000E+00  2.35000000000000000E+01
5.26000000000004329E-03  0.00000000000000000E+00  0.00000000000000000E+00  7.67811466712680635E-01  0.00000000000000000E+00  0.00000000000000000E+00  0.00000000000000000E+00  2.35000000000000000E+01
5.30000000000004599E-03  0.00000000000000000E+00  0.00000000000000000E+00  7.71102195728181727E-01  0.00000000000000000E+00  0.00000000000000000E+00  0.00000000000000000E+00  2.35000000000000000E+01
5.34000000000004003E-03  0.00000000000000000E+00  0.00000000000000000E+00  7.74622178380985349E-01  0.00000000000000000E+00  0.00000000000000000E+00  0.00000000000000000E+00  2.40000000000000000E+01
5.38000000000004273E-03  0.00000000000000000E+00  0.00000000000000000E+00  7.79976148582882445E-01  0.00000000000000000E+00  0.00000000000000000E+00  0.00000000000000000E+00  2.45000000000000000E+01
5.42000000000003677E-03  0.00000000000000000E+00  0.00000000000000000E+00  7.85351286382873659E-01  0.00000000000000000E+00  0.00000000000000000E+00  0.00000000000000000E+00  2.45000000000000000E+01
5.46000000000004121E-03  0.00000000000000000E+00  0.00000000000000000E+00  7.90217904840531005E-01  0.00000000000000000E+00  0.00000000000000000E+00  0.00000000000000000E+00  2.45000000000000000E+01
5.50000000000003351E-03  0.00000000000000000E+00  0.00000000000000000E+00  7.94122288500308637E-01  0.00000000000000000E+00  0.00000000000000000E+00  0.00000000000000000E+00  2.45000000000000000E+01
5.54000000000003795E-03  0.00000000000000000E+00  0.00000000000000000E+00  7.99200715863570554E-01  0.00000000000000000E+00  0.00000000000000000E+00  0.00000000000000000E+00  2.50000000000000000E+01
5.58000000000003198E-03  0.00000000000000000E+00  0.00000000000000000E+00  8.04748029331333492E-01  0.00000000000000000E+00  0.00000000000000000E+00  0.00000000000000000E+00  2.50000000000000000E+01
5.62000000000003469E-03  0.00000000000000000E+00  0.00000000000000000E+00  8.09680734588796414E-01  0.00000000000000000E+00  0.00000000000000000E+00  0.00000000000000000E+00  2.50000000000000000E+01
5.66000000000002525E-03  0.00000000000000000E+00  0.00000000000000000E+00  8.13734226419191686E-01  0.00000000000000000E+00  0.00000000000000000E+00  0.00000000000000000E+00  2.50000000000000000E+01
5.70000000000001842E-03  0.00000000000000000E+00  0.00000000000000000E+00  8.19416116025989072E-01  0.00000000000000000E+00  0.00000000000000000E+00  0.00000000000000000E+00  2.55000000000000000E+01
5.74000000000002373E-03  0.00000000000000000E+00  0.00000000000000000E+00  8.24915271695657260E-01  0.00000000000000000E+00  0.00000000000000000E+00  0.00000000000000000E+00  2.55000000000000000E+01
5.78000000000002730E-03  0.00000000000000000E+00  0.00000000000000000E+00  8.30548568552342159E-01  0.00000000000000000E+00  0.00000000000000000E+00  0.00000000000000000E+00  2.55000000000000000E+01
5.82000000000002134E-03  0.00000000000000000E+00  0.00000000000000000E+00  8.35916312955195751E-01  0.00000000000000000E+00  0.00000000000000000E+00  0.00000000000000000E+00  2.55000000000000000E+01
5.86000000000002578E-03  0.00000000000000000E+00  0.00000000000000000E+00  8.41405429464300969E-01  0.00000000000000000E+00  0.00000000000000000E+00  0.00000000000000000E+00  2.55000000000000000E+01
5.90000000000001894E-03  0.00000000000000000E+00  0.00000000000000000E+00  8.43650320434188083E-01  0.00000000000000000E+00  0.00000000000000000E+00  0.00000000000000000E+00  2.55000000000000000E+01
5.94000000000002599E-03  0.00000000000000000E+00  0.00000000000000000E+00  8.49075946255579916E-01  0.00000000000000000E+00  0.00000000000000000E+00  0.00000000000000000E+00  2.55000000000000000E+01
5.98000000000001915E-03  0.00000000000000000E+00  0.00000000000000000E+00  8.54027498678763042E-01  0.00000000000000000E+00  0.00000000000000000E+00  0.00000000000000000E+00  2.60000000000000000E+01
6.02000000000002273E-03  0.00000000000000000E+00  0.00000000000000000E+00  8.58378459515613423E-01  0.00000000000000000E+00  0.00000000000000000E+00  0.00000000000000000E+00  2.55000000000000000E+01
6.06000000000001676E-03  0.00000000000000000E+00  0.00000000000000000E+00  8.63673767356068822E-01  0.00000000000000000E+00  0.00000000000000000E+00  0.00000000000000000E+00  2.55000000000000000E+01
6.10000000000002120E-03  0.00000000000000000E+00  0.00000000000000000E+00  8.69084434416944274E-01  0.00000000000000000E+00  0.00000000000000000E+00  0.00000000000000000E+00  2.60000000000000000E+01
6.14000000000001437E-03  0.00000000000000000E+00  0.00000000000000000E+00  8.74410513012662038E-01  0.00000000000000000E+00  0.00000000000000000E+00  0.00000000000000000E+00  2.60000000000000000E+01
6.18000000000001794E-03  0.00000000000000000E+00  0.00000000000000000E+00  8.79453634511569993E-01  0.00000000000000000E+00  0.00000000000000000E+00  0.00000000000000000E+00  2.60000000000000000E+01
6.22000000000002325E-03  0.00000000000000000E+00  0.00000000000000000E+00  8.84762116154488076E-01  0.00000000000000000E+00  0.00000000000000000E+00  0.00000000000000000E+00  2.60000000000000000E+01
6.26000000000001729E-03  0.00000000000000000E+00  0.00000000000000000E+00  8.89331482335732559E-01  0.00000000000000000E+00  0.00000000000000000E+00  0.00000000000000000E+00  2.60000000000000000E+01
6.30000000000002173E-03  0.00000000000000000E+00  0.00000000000000000E+00  8.94575252813894828E-01  0.00000000000000000E+00  0.00000000000000000E+00  0.00000000000000000E+00  2.60000000000000000E+01
6.34000000000001403E-03  0.00000000000000000E+00  0.00000000000000000E+00  8.99878929396372595E-01  0.00000000000000000E+00  0.00000000000000000E+00  0.00000000000000000E+00  2.60000000000000000E+01
6.38000000000002194E-03  0.00000000000000000E+00  0.00000000000000000E+00  9.05275380667679652E-01  0.00000000000000000E+00  0.00000000000000000E+00  0.00000000000000000E+00  2.60000000000000000E+01
6.42000000000001597E-03  0.00000000000000000E+00  0.00000000000000000E+00  9.10504770444710121E-01  0.00000000000000000E+00  0.00000000000000000E+00  0.00000000000000000E+00  2.65000000000000000E+01
6.46000000000002041E-03  0.00000000000000000E+00  0.00000000000000000E+00  9.15460384550120132E-01  0.00000000000000000E+00  0.00000000000000000E+00  0.00000000000000000E+00  2.70000000000000000E+01
6.50000000000001358E-03  0.00000000000000000E+00  0.00000000000000000E+00  9.21092466307563140E-01  0.00000000000000000E+00  0.00000000000000000E+00  0.00000000000000000E+00  2.70000000000000000E+01
6.54000000000001889E-03  0.00000000000000000E+00  0.00000000000000000E+00  9.26542444263199760E-01  0.00000000000000000E+00  0.00000000000000000E+00  0.00000000000000000E+00  2.70000000000000000E+01
6.58000000000002333E-03  0.00000000000000000E+00  0.00000000000000000E+00  9.31111625274178678E-01  0.00000000000000000E+00  0.00000000000000000E+00  0.00000000000000000E+00  2.75000000000000000E+01
6.62000000000001563E-03  0.00000000000000000E+00  0.00000000000000000E+00  9.36568132054950819E-01  0.00000000000000000E+00  0.00000000000000000E+00  0.00000000000000000E+00  2.75000000000000000E+01
6.66000000000002181E-03  0.00000000000000000E+00  0.00000000000000000E+00  9.41988529722683210E-01  0.00000000000000000E+00  0.00000000000000000E+00  0.00000000000000000E+00  2.75000000000000000E+01
6.70000000000001324E-03  0.00000000000000000E+00  0.00000000000000000E+00  9.46814455715106029E-01  0.00000000000000000E+00  0.00000000000000000E+00  0.00000000000000000E+00  2.75000000000000000E+01
6.74000000000001855E-03  0.00000000000000000E+00  0.00000000000000000E+00  9.52318741875901598E-01  0.00000000000000000E+00  0.00000000000000000E+00  0.00000000000000000E+00  2.75000000000000000E+01
6.78000000000001084E-03  0.00000000000000000E+00  0.00000000000000000E+00  9.57722974555949125E-01  0.00000000000000000E+00  0.00000000000000000E+00  0.00000000000000000E+00  2.75000000000000000E+01
6.82000000000001876E-03  0.00000000000000000E+00  0.00000000000000000E+00  9.63357169227293197E-01  0.00000000000000000E+00  0.00000000000000000E+00  0.00000000000000000E+00  2.75000000000000000E+01
6.86000000000001019E-03  0.00000000000000000E+00  0.00000000000000000E+00  9.68701245272280631E-01  0.00000000000000000E+00  0.00000000000000000E+00  0.00000000000000000E+00  2.75000000000000000E+01
6.90000000000001636E-03  0.00000000000000000E+00  0.00000000000000000E+00  9.73749259624459351E-01  0.00000000000000000E+00  0.00000000000000000E+00  0.00000000000000000E+00  2.75000000000000000E+01
6.94000000000000866E-03  0.00000000000000000E+00  0.00000000000000000E+00  9.77700807249183290E-01  0.00000000000000000E+00  0.00000000000000000E+00  0.00000000000000000E+00  2.75000000000000000E+01
6.98000000000001224E-03  0.00000000000000000E+00  0.00000000000000000E+00  9.83208882128074446E-01  0.00000000000000000E+00  0.00000000000000000E+00  0.00000000000000000E+00  2.75000000000000000E+01
7.02000000000000453E-03  0.00000000000000000E+00  0.00000000000000000E+00  9.88785499320584682E-01  0.00000000000000000E+00  0.00000000000000000E+00  0.00000000000000000E+00  2.75000000000000000E+01
7.06000000000001245E-03  0.00000000000000000E+00  0.00000000000000000E+00  9.72448482547771054E-01  0.00000000000000000E+00  0.00000000000000000E+00  0.00000000000000000E+00  2.75000000000000000E+01
7.10000000000001689E-03  0.00000000000000000E+00  0.00000000000000000E+00  9.77957955316294814E-01  0.00000000000000000E+00  0.00000000000000000E+00  0.00000000000000000E+00  2.75000000000000000E+01
7.14000000000000919E-03  0.00000000000000000E+00  0.00000000000000000E+00  9.83440327356227328E-01  0.00000000000000000E+00  0.00000000000000000E+00  0.00000000000000000E+00  2.75000000000000000E+01
7.18000000000001363E-03  0.00000000000000000E+00  0.00000000000000000E+00  9.88949466649234554E-01  0.00000000000000000E+00  0.00000000000000000E+00  0.00000000000000000E+00  2.75000000000000000E+01
7.22000000000000593E-03  0.00000000000000000E+00  0.00000000000000000E+00  9.94458918027588124E-01  0.00000000000000000E+00  0.00000000000000000E+00  0.00000000000000000E+00  2.75000000000000000E+01
7.26000000000001037E-03  0.00000000000000000E+00  0.00000000000000000E+00  9.97999884536801440E-01  0.00000000000000000E+00  0.00000000000000000E+00  0.00000000000000000E+00  2.75000000000000000E+01
7.30000000000000440E-03  0.00000000000000000E+00  0.00000000000000000E+00  1.00329295814611608E+00  0.00000000000000000E+00  0.00000000000000000E+00  0.00000000000000000E+00  2.75000000000000000E+01
7.34000000000000711E-03  0.00000000000000000E+00  0.00000000000000000E+00  1.00873832346545678E+00  0.00000000000000000E+00  0.00000000000000000E+00  0.00000000000000000E+00  2.75000000000000000E+01
7.38000000000000201E-03  0.00000000000000000E+00  0.00000000000000000E+00  1.01423281517403074E+00  0.00000000000000000E+00  0.00000000000000000E+00  0.00000000000000000E+00  2.75000000000000000E+01
7.42000000000000645E-03  0.00000000000000000E+00  0.00000000000000000E+00  1.01965273528810885E+00  0.00000000000000000E+00  0.00000000000000000E+00  0.00000000000000000E+00  2.75000000000000000E+01
7.46000000000000222E-03  0.00000000000000000E+00  0.00000000000000000E+00  1.02512252896586853E+00  0.00000000000000000E+00  0.00000000000000000E+00  0.00000000000000000E+00  2.75000000000000000E+01
7.50000000000000493E-03  0.00000000000000000E+00  0.00000000000000000E+00  1.02935147267975080E+00  0.00000000000000000E+00  0.00000000000000000E+00  0.00000000000000000E+00  2.75000000000000000E+01
7.53999999999999723E-03  0.00000000000000000E+00  0.00000000000000000E+00  1.03292056603979665E+00  0.00000000000000000E+00  0.00000000000000000E+00  0.00000000000000000E+00  2.80000000000000000E+01
