0.00000000000000000E+00  0.00000000000000000E+00  0.00000000000000000E+00  0.00000000000000000E+00  0.00000000000000000E+00  0.00000000000000000E+00  0.00000000000000000E+00  0.00000000000000000E+00
9.99999999999999370E-05  0.00000000000000000E+00  0.00000000000000000E+00  1.10357159188000986E-01  0.00000000000000000E+00  0.00000000000000000E+00  0.00000000000000000E+00  0.00000000000000000E+00
1.39999999999999825E-04  0.00000000000000000E+00  0.00000000000000000E+00  1.26204797561196180E-01  0.00000000000000000E+00  0.00000000000000000E+00  0.00000000000000000E+00  0.00000000000000000E+00
1.79999999999999578E-04  0.00000000000000000E+00  0.00000000000000000E+00  1.24189299148115717E-01  0.00000000000000000E+00  0.00000000000000000E+00  0.00000000000000000E+00  0.00000000000000000E+00
2.19999999999999655E-04  0.00000000000000000E+00  0.00000000000000000E+00  1.40115080952644744E-01  0.00000000000000000E+00  0.00000000000000000E+00  0.00000000000000000E+00  0.00000000000000000E+00
2.59999999999999760E-04  0.00000000000000000E+00  0.00000000000000000E+00  1.42939360248941910E-01  0.00000000000000000E+00  0.00000000000000000E+00  0.00000000000000000E+00  0.00000000000000000E+00
2.99999999999999432E-04  0.00000000000000000E+00  0.00000000000000000E+00  1.41143157620236742E-01  0.00000000000000000E+00  0.00000000000000000E+00  0.00000000000000000E+00  0.00000000000000000E+00
3.39999999999998832E-04  0.00000000000000000E+00  0.00000000000000000E+00  1.50855961380177539E-01  0.00000000000000000E+00  0.00000000000000000E+00  0.00000000000000000E+00  0.00000000000000000E+00
3.79999999999998232E-04  0.00000000000000000E+00  0.00000000000000000E+00  1.46266589524474439E-01  0.00000000000000000E+00  0.00000000000000000E+00  0.00000000000000000E+00  0.00000000000000000E+00
4.19999999999997198E-04  0.00000000000000000E+00  0.00000000000000000E+00  1.50562657526146282E-01  0.00000000000000000E+00  0.00000000000000000E+00  0.00000000000000000E+00  0.00000000000000000E+00
4.59999999999997087E-04  0.00000000000000000E+00  0.00000000000000000E+00  1.57840928316995005E-01  0.00000000000000000E+00  0.00000000000000000E+00  0.00000000000000000E+00  5.00843775164559524E-05
4.99999999999994915E-04  0.00000000000000000E+00  0.00000000000000000E+00  1.52246450738446920E-01  0.00000000000000000E+00  0.00000000000000000E+00  0.00000000000000000E+00  0.00000000000000000E+00
5.39999999999997513E-04  0.00000000000000000E+00  0.00000000000000000E+00  1.56500857582986597E-01  0.00000000000000000E+00  0.00000000000000000E+00  0.00000000000000000E+00  0.00000000000000000E+00
5.79999999999997618E-04  0.00000000000000000E+00  0.00000000000000000E+00  1.62868093705697992E-01  0.00000000000000000E+00  0.00000000000000000E+00  0.00000000000000000E+00  5.17434635911581537E-05
6.19999999999998699E-04  0.00000000000000000E+00  0.00000000000000000E+00  1.60648910312195109E-01  0.00000000000000000E+00  0.00000000000000000E+00  0.00000000000000000E+00  0.00000000000000000E+00
6.59999999999998479E-04  0.00000000000000000E+00  0.00000000000000000E+00  1.59239114639374901E-01  0.00000000000000000E+00  0.00000000000000000E+00  0.00000000000000000E+00  1.04541590143241242E-04
6.99999999999999126E-04  0.00000000000000000E+00  0.00000000000000000E+00  1.67965430270214711E-01  0.00000000000000000E+00  0.00000000000000000E+00  0.00000000000000000E+00  1.11517368705261333E-04
7.39999999999997496E-04  0.00000000000000000E+00  0.00000000000000000E+00  1.61253269074666167E-01  0.00000000000000000E+00  0.00000000000000000E+00  0.00000000000000000E+00  1.06733635311035302E-04
7.79999999999998468E-04  0.00000000000000000E+00  0.00000000000000000E+00  1.69159204905917959E-01  0.00000000000000000E+00  0.00000000000000000E+00  0.00000000000000000E+00  1.09225562783096315E-04
8.19999999999997706E-04  0.00000000000000000E+00  0.00000000000000000E+00  1.70796378031582680E-01  0.00000000000000000E+00  0.00000000000000000E+00  0.00000000000000000E+00  1.06266463279798884E-04
8.59999999999996509E-04  0.00000000000000000E+00  0.00000000000000000E+00  1.77269638157582371E-01  0.00000000000000000E+00  0.00000000000000000E+00  0.00000000000000000E+00  1.10656367308868372E-04
8.99999999999997807E-04  0.00000000000000000E+00  0.00000000000000000E+00  1.80681610053935682E-01  0.00000000000000000E+00  0.00000000000000000E+00  0.00000000000000000E+00  1.11404920486733947E-04
9.39999999999997153E-04  0.00000000000000000E+00  0.00000000000000000E+00  1.86264870756333689E-01  0.00000000000000000E+00  0.00000000000000000E+00  0.00000000000000000E+00  1.17032244042653639E-04
9.79999999999997366E-04  0.00000000000000000E+00  0.00000000000000000E+00  1.91288573861363886E-01  0.00000000000000000E+00  0.00000000000000000E+00  0.00000000000000000E+00  1.14735035218486701E-04
1.01999999999999747E-03  0.00000000000000000E+00  0.00000000000000000E+00  1.96066867419840613E-01  0.00000000000000000E+00  0.00000000000000000E+00  0.00000000000000000E+00  1.16412369744682215E-04
1.05999999999999758E-03  0.00000000000000000E+00  0.00000000000000000E+00  2.01378734384759367E-01  0.00000000000000000E+00  0.00000000000000000E+00  0.00000000000000000E+00  1.17673392115654789E-04
1.09999999999999660E-03  0.00000000000000000E+00  0.00000000000000000E+00  2.06223798756609428E-01  0.00000000000000000E+00  0.00000000000000000E+00  0.00000000000000000E+00  1.18675209185912080E-04
1.13999999999999583E-03  0.00000000000000000E+00  0.00000000000000000E+00  2.12588112787857775E-01  0.00000000000000000E+00  0.00000000000000000E+00  0.00000000000000000E+00  1.20882396138739351E-04
1.17999999999999594E-03  0.00000000000000000E+00  0.00000000000000000E+00  2.17936856611647106E-01  0.00000000000000000E+00  0.00000000000000000E+00  0.00000000000000000E+00  1.24232912559699924E-04
1.21999999999999648E-03  0.00000000000000000E+00  0.00000000000000000E+00  2.23676713377825021E-01  0.00000000000000000E+00  0.00000000000000000E+00  0.00000000000000000E+00  1.24709423224614346E-04
1.25999999999999658E-03  0.00000000000000000E+00  0.00000000000000000E+00  2.28263935187390132E-01  0.00000000000000000E+00  0.00000000000000000E+00  0.00000000000000000E+00  1.25634979546371110E-04
1.29999999999999582E-03  0.00000000000000000E+00  0.00000000000000000E+00  2.33812506855558572E-01  0.00000000000000000E+00  0.00000000000000000E+00  0.00000000000000000E+00  1.22652154825605411E-04
1.33999999999999571E-03  0.00000000000000000E+00  0.00000000000000000E+00  2.39005097679163586E-01  0.00000000000000000E+00  0.00000000000000000E+00  0.00000000000000000E+00  1.23568383460452336E-04
1.37999999999999430E-03  0.00000000000000000E+00  0.00000000000000000E+00  2.43208380278811004E-01  0.00000000000000000E+00  0.00000000000000000E+00  0.00000000000000000E+00  1.26813290460023038E-04
1.41999999999999592E-03  0.00000000000000000E+00  0.00000000000000000E+00  2.48959716206898413E-01  0.00000000000000000E+00  0.00000000000000000E+00  0.00000000000000000E+00  1.29553284821606754E-04
1.45999999999999537E-03  0.00000000000000000E+00  0.00000000000000000E+00  2.53873155908156456E-01  0.00000000000000000E+00  0.00000000000000000E+00  0.00000000000000000E+00  1.31577768727115320E-04
1.49999999999999374E-03  0.00000000000000000E+00  0.00000000000000000E+00  2.59117449045875525E-01  0.00000000000000000E+00  0.00000000000000000E+00  0.00000000000000000E+00  1.34972751288673818E-04
1.53999999999999276E-03  0.00000000000000000E+00  0.00000000000000000E+00  2.65030788742257717E-01  0.00000000000000000E+00  0.00000000000000000E+00  0.00000000000000000E+00  1.30129900648631020E-04
1.57999999999999157E-03  0.00000000000000000E+00  0.00000000000000000E+00  2.69012712994577796E-01  0.00000000000000000E+00  0.00000000000000000E+00  0.00000000000000000E+00  1.29714346619214571E-04
1.61999999999999102E-03  0.00000000000000000E+00  0.00000000000000000E+00  2.74311100759718096E-01  0.00000000000000000E+00  0.00000000000000000E+00  0.00000000000000000E+00  1.33066672326512161E-04
1.65999999999999286E-03  0.00000000000000000E+00  0.00000000000000000E+00  2.79698245329701722E-01  0.00000000000000000E+00  0.00000000000000000E+00  0.00000000000000000E+00  1.36018436205229392E-04
1.69999999999999188E-03  0.00000000000000000E+00  0.00000000000000000E+00  2.85176850064627840E-01  0.00000000000000000E+00  0.00000000000000000E+00  0.00000000000000000E+00  1.36709354147815994E-04
1.73999999999999112E-03  0.00000000000000000E+00  0.00000000000000000E+00  2.91017306355706329E-01  0.00000000000000000E+00  0.00000000000000000E+00  0.00000000000000000E+00  1.31223512197256261E-04
1.77999999999999036E-03  0.00000000000000000E+00  0.00000000000000000E+00  2.96452968178533338E-01  0.00000000000000000E+00  0.00000000000000000E+00  0.00000000000000000E+00  1.34037234270629687E-04
1.81999999999998981E-03  0.00000000000000000E+00  0.00000000000000000E+00  3.02413629378335658E-01  0.00000000000000000E+00  0.00000000000000000E+00  0.00000000000000000E+00  1.35515915744486540E-04
1.85999999999999165E-03  0.00000000000000000E+00  0.00000000000000000E+00  3.08201344667702215E-01  0.00000000000000000E+00  0.00000000000000000E+00  0.00000000000000000E+00  1.38333087560416957E-04
1.89999999999999089E-03  0.00000000000000000E+00  0.00000000000000000E+00  3.13638822419651353E-01  0.00000000000000000E+00  0.00000000000000000E+00  0.00000000000000000E+00  1.41028605105771227E-04
1.93999999999998948E-03  0.00000000000000000E+00  0.00000000000000000E+00  3.19706547353992065E-01  0.00000000000000000E+00  0.00000000000000000E+00  0.00000000000000000E+00  1.44037341172313454E-04
1.97999999999999088E-03  0.00000000000000000E+00  0.00000000000000000E+00  3.24016120960526011E-01  0.00000000000000000E+00  0.00000000000000000E+00  0.00000000000000000E+00  1.46289730274555205E-04
2.01999999999999272E-03  0.00000000000000000E+00  0.00000000000000000E+00  3.29614949496624676E-01  0.00000000000000000E+00  0.00000000000000000E+00  0.00000000000000000E+00  1.49492506733470598E-04
2.05999999999999196E-03  0.00000000000000000E+00  0.00000000000000000E+00  3.34782077563173908E-01  0.00000000000000000E+00  0.00000000000000000E+00  0.00000000000000000E+00  1.50142727515879815E-04
2.09999999999999120E-03  0.00000000000000000E+00  0.00000000000000000E+00  3.40372872583266428E-01  0.00000000000000000E+00  0.00000000000000000E+00  0.00000000000000000E+00  1.53165351505375535E-04
2.13999999999998957E-03  0.00000000000000000E+00  0.00000000000000000E+00  3.44686028181734994E-01  0.00000000000000000E+00  0.00000000000000000E+00  0.00000000000000000E+00  1.55527575984578314E-04
2.17999999999998924E-03  0.00000000000000000E+00  0.00000000000000000E+00  3.50139409574307670E-01  0.00000000000000000E+00  0.00000000000000000E+00  0.00000000000000000E+00  1.58683404978661132E-04
2.21999999999999108E-03  0.00000000000000000E+00  0.00000000000000000E+00  3.56098856025557520E-01  0.00000000000000000E+00  0.00000000000000000E+00  0.00000000000000000E+00  1.59078181913581011E-04
2.25999999999998945E-03  0.00000000000000000E+00  0.00000000000000000E+00  3.62009225985757910E-01  0.00000000000000000E+00  0.00000000000000000E+00  0.00000000000000000E+00  1.61986683275915262E-04
2.29999999999999215E-03  0.00000000000000000E+00  0.00000000000000000E+00  3.67005443213534621E-01  0.00000000000000000E+00  0.00000000000000000E+00  0.00000000000000000E+00  1.60493552495967267E-04
2.33999999999999356E-03  0.00000000000000000E+00  0.00000000000000000E+00  3.73029786092731908E-01  0.00000000000000000E+00  0.00000000000000000E+00  0.00000000000000000E+00  1.63244654638080937E-04
2.37999999999999280E-03  0.00000000000000000E+00  0.00000000000000000E+00  3.78907213972751788E-01  0.00000000000000000E+00  0.00000000000000000E+00  0.00000000000000000E+00  1.65863689713634276E-04
2.41999999999999204E-03  0.00000000000000000E+00  0.00000000000000000E+00  3.84620885418435310E-01  0.00000000000000000E+00  0.00000000000000000E+00  0.00000000000000000E+00  1.68208537902703810E-04
2.45999999999999127E-03  0.00000000000000000E+00  0.00000000000000000E+00  3.89747766758768821E-01  0.00000000000000000E+00  0.00000000000000000E+00  0.00000000000000000E+00  1.69446577293575211E-04
2.49999999999999311E-03  0.00000000000000000E+00  0.00000000000000000E+00  3.95695781358333887E-01  0.00000000000000000E+00  0.00000000000000000E+00  0.00000000000000000E+00  1.72012546397556899E-04
2.53999999999999148E-03  0.00000000000000000E+00  0.00000000000000000E+00  4.01035232854778823E-01  0.00000000000000000E+00  0.00000000000000000E+00  0.00000000000000000E+00  1.74533027850865539E-04
2.57999999999999462E-03  0.00000000000000000E+00  0.00000000000000000E+00  4.06976963996608987E-01  0.00000000000000000E+00  0.00000000000000000E+00  0.00000000000000000E+00  1.77350845064207143E-04
2.61999999999999603E-03  0.00000000000000000E+00  0.00000000000000000E+00  4.12477561285108152E-01  0.00000000000000000E+00  0.00000000000000000E+00  0.00000000000000000E+00  1.77020879551837839E-04
2.65999999999999440E-03  0.00000000000000000E+00  0.00000000000000000E+00  4.18340206330619857E-01  0.00000000000000000E+00  0.00000000000000000E+00  0.00000000000000000E+00  1.76935568365111674E-04
2.69999999999999407E-03  0.00000000000000000E+00  0.00000000000000000E+00  4.24182297162102262E-01  0.00000000000000000E+00  0.00000000000000000E+00  0.00000000000000000E+00  1.79474354651489704E-04
2.73999999999999374E-03  0.00000000000000000E+00  0.00000000000000000E+00  4.30060633666404346E-01  0.00000000000000000E+00  0.00000000000000000E+00  0.00000000000000000E+00  1.79822374823402189E-04
2.77999999999999471E-03  0.00000000000000000E+00  0.00000000000000000E+00  4.35972337945628341E-01  0.00000000000000000E+00  0.00000000000000000E+00  0.00000000000000000E+00  1.82409329599155553E-04
2.81999999999999352E-03  0.00000000000000000E+00  0.00000000000000000E+00  4.40851509935973218E-01  0.00000000000000000E+00  0.00000000000000000E+00  0.00000000000000000E+00  1.79401422535958302E-04
2.85999999999999666E-03  0.00000000000000000E+00  0.00000000000000000E+00  4.46391953223524152E-01  0.00000000000000000E+00  0.00000000000000000E+00  0.00000000000000000E+00  1.81950258499042353E-04
2.89999999999999633E-03  0.00000000000000000E+00  0.00000000000000000E+00  4.52247867851409580E-01  0.00000000000000000E+00  0.00000000000000000E+00  0.00000000000000000E+00  1.81063346488566921E-04
2.93999999999999687E-03  0.00000000000000000E+00  0.00000000000000000E+00  4.55772039402422391E-01  0.00000000000000000E+00  0.00000000000000000E+00  0.00000000000000000E+00  1.84208056990007273E-04
2.97999999999999611E-03  0.00000000000000000E+00  0.00000000000000000E+00  4.61718495103904669E-01  0.00000000000000000E+00  0.00000000000000000E+00  0.00000000000000000E+00  1.86519393833738090E-04
3.01999999999999534E-03  0.00000000000000000E+00  0.00000000000000000E+00  4.67386177605140951E-01  0.00000000000000000E+00  0.00000000000000000E+00  0.00000000000000000E+00  1.88676105462501885E-04
3.05999999999999458E-03  0.00000000000000000E+00  0.00000000000000000E+00  4.72922666157311988E-01  0.00000000000000000E+00  0.00000000000000000E+00  0.00000000000000000E+00  1.91108744866663033E-04
3.09999999999999469E-03  0.00000000000000000E+00  0.00000000000000000E+00  4.78737546546951165E-01  0.00000000000000000E+00  0.00000000000000000E+00  0.00000000000000000E+00  1.85580998791204876E-04
3.14000000000000043E-03  0.00000000000000000E+00  0.00000000000000000E+00  4.84659110371265300E-01  0.00000000000000000E+00  0.00000000000000000E+00  0.00000000000000000E+00  1.87993670268041659E-04
3.17999999999999923E-03  0.00000000000000000E+00  0.00000000000000000E+00  4.90312965863912098E-01  0.00000000000000000E+00  0.00000000000000000E+00  0.00000000000000000E+00  1.90440888555896450E-04
3.22000000000000021E-03  0.00000000000000000E+00  0.00000000000000000E+00  4.94571737923250487E-01  0.00000000000000000E+00  0.00000000000000000E+00  0.00000000000000000E+00  1.89437743102618267E-04
3.25999999999999944E-03  0.00000000000000000E+00  0.00000000000000000E+00  5.00579025710160219E-01  0.00000000000000000E+00  0.00000000000000000E+00  0.00000000000000000E+00  1.91823696068847401E-04
3.29999999999999868E-03  0.00000000000000000E+00  0.00000000000000000E+00  5.05766935325575262E-01  0.00000000000000000E+00  0.00000000000000000E+00  0.00000000000000000E+00  1.93098002818101926E-04
3.33999999999999705E-03  0.00000000000000000E+00  0.00000000000000000E+00  5.10124248866060448E-01  0.00000000000000000E+00  0.00000000000000000E+00  0.00000000000000000E+00  1.90038926030473371E-04
3.37999999999999759E-03  0.00000000000000000E+00  0.00000000000000000E+00  5.15401020892038431E-01  0.00000000000000000E+00  0.00000000000000000E+00  0.00000000000000000E+00  1.89977274631795685E-04
3.42000000000000377E-03  0.00000000000000000E+00  0.00000000000000000E+00  5.20832440056802404E-01  0.00000000000000000E+00  0.00000000000000000E+00  0.00000000000000000E+00  1.91842527378427723E-04
3.46000000000000430E-03  0.00000000000000000E+00  0.00000000000000000E+00  5.26520821226683200E-01  0.00000000000000000E+00  0.00000000000000000E+00  0.00000000000000000E+00  1.94076209154903415E-04
3.50000000000000311E-03  0.00000000000000000E+00  0.00000000000000000E+00  5.32258525548705563E-01  0.00000000000000000E+00  0.00000000000000000E+00  0.00000000000000000E+00  1.93830886885234366E-04
3.54000000000000235E-03  0.00000000000000000E+00  0.00000000000000000E+00  5.38034502662044889E-01  0.00000000000000000E+00  0.00000000000000000E+00  0.00000000000000000E+00  1.93577029088207327E-04
3.58000000000000288E-03  0.00000000000000000E+00  0.00000000000000000E+00  5.43504398503701247E-01  0.00000000000000000E+00  0.00000000000000000E+00  0.00000000000000000E+00  1.95609466087088104E-04
3.62000000000000212E-03  0.00000000000000000E+00  0.00000000000000000E+00  5.49510169400570181E-01  0.00000000000000000E+00  0.00000000000000000E+00  0.00000000000000000E+00  1.97792619880466963E-04
3.66000000000000656E-03  0.00000000000000000E+00  0.00000000000000000E+00  5.54863576977145723E-01  0.00000000000000000E+00  0.00000000000000000E+00  0.00000000000000000E+00  2.00536622143173044E-04
3.70000000000000797E-03  0.00000000000000000E+00  0.00000000000000000E+00  5.60750114308085412E-01  0.00000000000000000E+00  0.00000000000000000E+00  0.00000000000000000E+00  2.02674534806052272E-04
3.74000000000000721E-03  0.00000000000000000E+00  0.00000000000000000E+00  5.66594150452526257E-01  0.00000000000000000E+00  0.00000000000000000E+00  0.00000000000000000E+00  2.01478286134046251E-04
3.78000000000000645E-03  0.00000000000000000E+00  0.00000000000000000E+00  5.71938621250012491E-01  0.00000000000000000E+00  0.00000000000000000E+00  0.00000000000000000E+00  2.03965363085415889E-04
3.82000000000000785E-03  0.00000000000000000E+00  0.00000000000000000E+00  5.77915633174455268E-01  0.00000000000000000E+00  0.00000000000000000E+00  0.00000000000000000E+00  2.06098714211807145E-04
3.86000000000000535E-03  0.00000000000000000E+00  0.00000000000000000E+00  5.83531305988856386E-01  0.00000000000000000E+00  0.00000000000000000E+00  0.00000000000000000E+00  2.04804774730787010E-04
3.90000000000001153E-03  0.00000000000000000E+00  0.00000000000000000E+00  5.89339178216296999E-01  0.00000000000000000E+00  0.00000000000000000E+00  0.00000000000000000E+00  2.01231492118633670E-04
3.94000000000001554E-03  0.00000000000000000E+00  0.00000000000000000E+00  5.92515415070348550E-01  0.00000000000000000E+00  0.00000000000000000E+00  0.00000000000000000E+00  2.00310614146505635E-04
3.98000000000001217E-03  0.00000000000000000E+00  0.00000000000000000E+00  5.98115388496972877E-01  0.00000000000000000E+00  0.00000000000000000E+00  0.00000000000000000E+00  1.95284815276903844E-04
4.02000000000001401E-03  0.00000000000000000E+00  0.00000000000000000E+00  6.04080152370777834E-01  0.00000000000000000E+00  0.00000000000000000E+00  0.00000000000000000E+00  1.97248908886742797E-04
4.06000000000001759E-03  0.00000000000000000E+00  0.00000000000000000E+00  6.09029472958938278E-01  0.00000000000000000E+00  0.00000000000000000E+00  0.00000000000000000E+00  1.98674640327344075E-04
4.10000000000001943E-03  0.00000000000000000E+00  0.00000000000000000E+00  6.14745392140594871E-01  0.00000000000000000E+00  0.00000000000000000E+00  0.00000000000000000E+00  2.05879139881611921E-04
4.14000000000002127E-03  0.00000000000000000E+00  0.00000000000000000E+00  6.20363255554862048E-01  0.00000000000000000E+00  0.00000000000000000E+00  0.00000000000000000E+00  2.02766474684879297E-04
4.18000000000001790E-03  0.00000000000000000E+00  0.00000000000000000E+00  6.26288175620175136E-01  0.00000000000000000E+00  0.00000000000000000E+00  0.00000000000000000E+00  2.04745503592538051E-04
4.22000000000002581E-03  0.00000000000000000E+00  0.00000000000000000E+00  6.32007788807845361E-01  0.00000000000000000E+00  0.00000000000000000E+00  0.00000000000000000E+00  2.04572500370818922E-04
4.26000000000002332E-03  0.00000000000000000E+00  0.00000000000000000E+00  6.37895748300584042E-01  0.00000000000000000E+00  0.00000000000000000E+00  0.00000000000000000E+00  2.03439725006109701E-04
4.30000000000002516E-03  0.00000000000000000E+00  0.00000000000000000E+00  6.43195840748660319E-01  0.00000000000000000E+00  0.00000000000000000E+00  0.00000000000000000E+00  2.05376008157727593E-04
4.34000000000002092E-03  0.00000000000000000E+00  0.00000000000000000E+00  6.48460351122145617E-01  0.00000000000000000E+00  0.00000000000000000E+00  0.00000000000000000E+00  2.04807835487259230E-04
4.38000000000002363E-03  0.00000000000000000E+00  0.00000000000000000E+00  6.54150098650159384E-01  0.00000000000000000E+00  0.00000000000000000E+00  0.00000000000000000E+00  2.04774182191737488E-04
4.42000000000002460E-03  0.00000000000000000E+00  0.00000000000000000E+00  6.58120977359336945E-01  0.00000000000000000E+00  0.00000000000000000E+00  0.00000000000000000E+00  2.04967941388845964E-04
4.46000000000002297E-03  0.00000000000000000E+00  0.00000000000000000E+00  6.63954195701463856E-01  0.00000000000000000E+00  0.00000000000000000E+00  0.00000000000000000E+00  2.06797469697922801E-04
4.50000000000002915E-03  0.00000000000000000E+00  0.00000000000000000E+00  6.69347303312244568E-01  0.00000000000000000E+00  0.00000000000000000E+00  0.00000000000000000E+00  2.05996272789549858E-04
4.54000000000002665E-03  0.00000000000000000E+00  0.00000000000000000E+00  6.74599196147528279E-01  0.00000000000000000E+00  0.00000000000000000E+00  0.00000000000000000E+00  2.07843285694258732E-04
4.58000000000002936E-03  0.00000000000000000E+00  0.00000000000000000E+00  6.79953474543750214E-01  0.00000000000000000E+00  0.00000000000000000E+00  0.00000000000000000E+00  2.07328621652001283E-04
4.62000000000003033E-03  0.00000000000000000E+00  0.00000000000000000E+00  6.85154103670866155E-01  0.00000000000000000E+00  0.00000000000000000E+00  0.00000000000000000E+00  2.08983010630021672E-04
4.66000000000002784E-03  0.00000000000000000E+00  0.00000000000000000E+00  6.90222799895957473E-01  0.00000000000000000E+00  0.00000000000000000E+00  0.00000000000000000E+00  2.10804310614715707E-04
4.70000000000003488E-03  0.00000000000000000E+00  0.00000000000000000E+00  6.95539189810461811E-01  0.00000000000000000E+00  0.00000000000000000E+00  0.00000000000000000E+00  2.12466536280927077E-04
4.74000000000003065E-03  0.00000000000000000E+00  0.00000000000000000E+00  7.00845494367642874E-01  0.00000000000000000E+00  0.00000000000000000E+00  0.00000000000000000E+00  2.14278161006065370E-04
4.78000000000003335E-03  0.00000000000000000E+00  0.00000000000000000E+00  7.06451983941478234E-01  0.00000000000000000E+00  0.00000000000000000E+00  0.00000000000000000E+00  2.16106863147449925E-04
4.82000000000003606E-03  0.00000000000000000E+00  0.00000000000000000E+00  7.10978770161691975E-01  0.00000000000000000E+00  0.00000000000000000E+00  0.00000000000000000E+00  2.21311672939888135E-04
4.86000000000003183E-03  0.00000000000000000E+00  0.00000000000000000E+00  7.16163621214232049E-01  0.00000000000000000E+00  0.00000000000000000E+00  0.00000000000000000E+00  2.19496259527407879E-04
4.90000000000003540E-03  0.00000000000000000E+00  0.00000000000000000E+00  7.19989749996345907E-01  0.00000000000000000E+00  0.00000000000000000E+00  0.00000000000000000E+00  2.16773629141035512E-04
4.94000000000003030E-03  0.00000000000000000E+00  0.00000000000000000E+00  7.25368838812680217E-01  0.00000000000000000E+00  0.00000000000000000E+00  0.00000000000000000E+00  2.18518366700601183E-04
4.98000000000003735E-03  0.00000000000000000E+00  0.00000000000000000E+00  7.30845303822753811E-01  0.00000000000000000E+00  0.00000000000000000E+00  0.00000000000000000E+00  2.20353507250724073E-04
5.02000000000004266E-03  0.00000000000000000E+00  0.00000000000000000E+00  7.36177297617704784E-01  0.00000000000000000E+00  0.00000000000000000E+00  0.00000000000000000E+00  2.22065616142329237E-04
5.06000000000003756E-03  0.00000000000000000E+00  0.00000000000000000E+00  7.41786550188928917E-01  0.00000000000000000E+00  0.00000000000000000E+00  0.00000000000000000E+00  2.23830916136789643E-04
5.10000000000004113E-03  0.00000000000000000E+00  0.00000000000000000E+00  7.47251327179192848E-01  0.00000000000000000E+00  0.00000000000000000E+00  0.00000000000000000E+00  2.25627022223443138E-04
5.14000000000004037E-03  0.00000000000000000E+00  0.00000000000000000E+00  7.52248654956199858E-01  0.00000000000000000E+00  0.00000000000000000E+00  0.00000000000000000E+00  2.27457347080433974E-04
5.18000000000004481E-03  0.00000000000000000E+00  0.00000000000000000E+00  7.57880811251803732E-01  0.00000000000000000E+00  0.00000000000000000E+00  0.00000000000000000E+00  2.29255510433954232E-04
5.22000000000003885E-03  0.00000000000000000E+00  0.00000000000000000E+00  7.62738831608140044E-01  0.00000000000000000E+00  0.00000000000000000E+00  0.00000000000000000E+00  2.28702573233846844E-04
5.26000000000004329E-03  0.00000000000000000E+00  0.00000000000000000E+00  7.67811466712680635E-01  0.00000000000000000E+00  0.00000000000000000E+00  0.00000000000000000E+00  2.28760729773477703E-04
5.30000000000004599E-03  0.00000000000000000E+00  0.00000000000000000E+00  7.71102195728181727E-01  0.00000000000000000E+00  0.00000000000000000E+00  0.00000000000000000E+00  2.30499170105569445E-04
5.34000000000004003E-03  0.00000000000000000E+00  0.00000000000000000E+00  7.74622178380985349E-01  0.00000000000000000E+00  0.00000000000000000E+00  0.00000000000000000E+00  2.28411565907461278E-04
5.38000000000004273E-03  0.00000000000000000E+00  0.00000000000000000E+00  7.79976148582882445E-01  0.00000000000000000E+00  0.00000000000000000E+00  0.00000000000000000E+00  2.26289632384614903E-04
5.42000000000003677E-03  0.00000000000000000E+00  0.00000000000000000E+00  7.85351286382873659E-01  0.00000000000000000E+00  0.00000000000000000E+00  0.00000000000000000E+00  2.28011442834692929E-04
5.46000000000004121E-03  0.00000000000000000E+00  0.00000000000000000E+00  7.90217904840531005E-01  0.00000000000000000E+00  0.00000000000000000E+00  0.00000000000000000E+00  2.29736896483820498E-04
5.50000000000003351E-03  0.00000000000000000E+00  0.00000000000000000E+00  7.94122288500308637E-01  0.00000000000000000E+00  0.00000000000000000E+00  0.00000000000000000E+00  2.32009311131165788E-04
5.54000000000003795E-03  0.00000000000000000E+00  0.00000000000000000E+00  7.99200715863570554E-01  0.00000000000000000E+00  0.00000000000000000E+00  0.00000000000000000E+00  2.29815592228393897E-04
5.58000000000003198E-03  0.00000000000000000E+00  0.00000000000000000E+00  8.04748029331333492E-01  0.00000000000000000E+00  0.00000000000000000E+00  0.00000000000000000E+00  2.31515456556655934E-04
5.62000000000003469E-03  0.00000000000000000E+00  0.00000000000000000E+00  8.09680734588796414E-01  0.00000000000000000E+00  0.00000000000000000E+00  0.00000000000000000E+00  2.33074109012003036E-04
5.66000000000002525E-03  0.00000000000000000E+00  0.00000000000000000E+00  8.13734226419191686E-01  0.00000000000000000E+00  0.00000000000000000E+00  0.00000000000000000E+00  2.34234838180899302E-04
5.70000000000001842E-03  0.00000000000000000E+00  0.00000000000000000E+00  8.19416116025989072E-01  0.00000000000000000E+00  0.00000000000000000E+00  0.00000000000000000E+00  2.33654813865467284E-04
5.74000000000002373E-03  0.00000000000000000E+00  0.00000000000000000E+00  8.24915271695657260E-01  0.00000000000000000E+00  0.00000000000000000E+00  0.00000000000000000E+00  2.35275963355637083E-04
5.78000000000002730E-03  0.00000000000000000E+00  0.00000000000000000E+00  8.30548568552342159E-01  0.00000000000000000E+00  0.00000000000000000E+00  0.00000000000000000E+00  2.36205405206654925E-04
5.82000000000002134E-03  0.00000000000000000E+00  0.00000000000000000E+00  8.35916312955195751E-01  0.00000000000000000E+00  0.00000000000000000E+00  0.00000000000000000E+00  2.37798875105589016E-04
5.86000000000002578E-03  0.00000000000000000E+00  0.00000000000000000E+00  8.41405429464300969E-01  0.00000000000000000E+00  0.00000000000000000E+00  0.00000000000000000E+00  2.39455070120643386E-04
5.90000000000001894E-03  0.00000000000000000E+00  0.00000000000000000E+00  8.43650320434188083E-01  0.00000000000000000E+00  0.00000000000000000E+00  0.00000000000000000E+00  2.40032826205749861E-04
5.94000000000002599E-03  0.00000000000000000E+00  0.00000000000000000E+00  8.49075946255579916E-01  0.00000000000000000E+00  0.00000000000000000E+00  0.00000000000000000E+00  2.41954807426879163E-04
5.98000000000001915E-03  0.00000000000000000E+00  0.00000000000000000E+00  8.54027498678763042E-01  0.00000000000000000E+00  0.00000000000000000E+00  0.00000000000000000E+00  2.38517183823066083E-04
6.02000000000002273E-03  0.00000000000000000E+00  0.00000000000000000E+00  8.58378459515613423E-01  0.00000000000000000E+00  0.00000000000000000E+00  0.00000000000000000E+00  2.43375767699453833E-04
6.06000000000001676E-03  0.00000000000000000E+00  0.00000000000000000E+00  8.63673767356068822E-01  0.00000000000000000E+00  0.00000000000000000E+00  0.00000000000000000E+00  2.44984431498640270E-04
6.10000000000002120E-03  0.00000000000000000E+00  0.00000000000000000E+00  8.69084434416944274E-01  0.00000000000000000E+00  0.00000000000000000E+00  0.00000000000000000E+00  2.43211332656694250E-04
6.14000000000001437E-03  0.00000000000000000E+00  0.00000000000000000E+00  8.74410513012662038E-01  0.00000000000000000E+00  0.00000000000000000E+00  0.00000000000000000E+00  2.44827501186586569E-04
6.18000000000001794E-03  0.00000000000000000E+00  0.00000000000000000E+00  8.79453634511569993E-01  0.00000000000000000E+00  0.00000000000000000E+00  0.00000000000000000E+00  2.44987006330189036E-04
6.22000000000002325E-03  0.00000000000000000E+00  0.00000000000000000E+00  8.84762116154488076E-01  0.00000000000000000E+00  0.00000000000000000E+00  0.00000000000000000E+00  2.46420791687738440E-04
6.26000000000001729E-03  0.00000000000000000E+00  0.00000000000000000E+00  8.89331482335732559E-01  0.00000000000000000E+00  0.00000000000000000E+00  0.00000000000000000E+00  2.47951446729175785E-04
6.30000000000002173E-03  0.00000000000000000E+00  0.00000000000000000E+00  8.94575252813894828E-01  0.00000000000000000E+00  0.00000000000000000E+00  0.00000000000000000E+00  2.49164904038903920E-04
6.34000000000001403E-03  0.00000000000000000E+00  0.00000000000000000E+00  8.99878929396372595E-01  0.00000000000000000E+00  0.00000000000000000E+00  0.00000000000000000E+00  2.50888987312232134E-04
6.38000000000002194E-03  0.00000000000000000E+00  0.00000000000000000E+00  9.05275380667679652E-01  0.00000000000000000E+00  0.00000000000000000E+00  0.00000000000000000E+00  2.52573509748477013E-04
6.42000000000001597E-03  0.00000000000000000E+00  0.00000000000000000E+00  9.10504770444710121E-01  0.00000000000000000E+00  0.00000000000000000E+00  0.00000000000000000E+00  2.51499544927170199E-04
6.46000000000002041E-03  0.00000000000000000E+00  0.00000000000000000E+00  9.15460384550120132E-01  0.00000000000000000E+00  0.00000000000000000E+00  0.00000000000000000E+00  2.48561834258526364E-04
6.50000000000001358E-03  0.00000000000000000E+00  0.00000000000000000E+00  9.21092466307563140E-01  0.00000000000000000E+00  0.00000000000000000E+00  0.00000000000000000E+00  2.50106016834453367E-04
6.54000000000001889E-03  0.00000000000000000E+00  0.00000000000000000E+00  9.26542444263199760E-01  0.00000000000000000E+00  0.00000000000000000E+00  0.00000000000000000E+00  2.51409064145811131E-04
6.58000000000002333E-03  0.00000000000000000E+00  0.00000000000000000E+00  9.31111625274178678E-01  0.00000000000000000E+00  0.00000000000000000E+00  0.00000000000000000E+00  2.49256366313434881E-04
6.62000000000001563E-03  0.00000000000000000E+00  0.00000000000000000E+00  9.36568132054950819E-01  0.00000000000000000E+00  0.00000000000000000E+00  0.00000000000000000E+00  2.50804441797850182E-04
6.66000000000002181E-03  0.00000000000000000E+00  0.00000000000000000E+00  9.41988529722683210E-01  0.00000000000000000E+00  0.00000000000000000E+00  0.00000000000000000E+00  2.52052725605103243E-04
6.70000000000001324E-03  0.00000000000000000E+00  0.00000000000000000E+00  9.46814455715106029E-01  0.00000000000000000E+00  0.00000000000000000E+00  0.00000000000000000E+00  2.53859215568903599E-04
6.74000000000001855E-03  0.00000000000000000E+00  0.00000000000000000E+00  9.52318741875901598E-01  0.00000000000000000E+00  0.00000000000000000E+00  0.00000000000000000E+00  2.55403577449363846E-04
6.78000000000001084E-03  0.00000000000000000E+00  0.00000000000000000E+00  9.57722974555949125E-01  0.00000000000000000E+00  0.00000000000000000E+00  0.00000000000000000E+00  2.57112445921775295E-04
6.82000000000001876E-03  0.00000000000000000E+00  0.00000000000000000E+00  9.63357169227293197E-01  0.00000000000000000E+00  0.00000000000000000E+00  0.00000000000000000E+00  2.58626555651956982E-04
6.86000000000001019E-03  0.00000000000000000E+00  0.00000000000000000E+00  9.68701245272280631E-01  0.00000000000000000E+00  0.00000000000000000E+00  0.00000000000000000E+00  2.60703014571954687E-04
6.90000000000001636E-03  0.00000000000000000E+00  0.00000000000000000E+00  9.73749259624459351E-01  0.00000000000000000E+00  0.00000000000000000E+00  0.00000000000000000E+00  2.62414317373169559E-04
6.94000000000000866E-03  0.00000000000000000E+00  0.00000000000000000E+00  9.77700807249183290E-01  0.00000000000000000E+00  0.00000000000000000E+00  0.00000000000000000E+00  2.64900806062407185E-04
6.98000000000001224E-03  0.00000000000000000E+00  0.00000000000000000E+00  9.83208882128074446E-01  0.00000000000000000E+00  0.00000000000000000E+00  0.00000000000000000E+00  2.66364362917345318E-04
7.02000000000000453E-03  0.00000000000000000E+00  0.00000000000000000E+00  9.88785499320584682E-01  0.00000000000000000E+00  0.00000000000000000E+00  0.00000000000000000E+00  2.67887107729716388E-04
7.06000000000001245E-03  0.00000000000000000E+00  0.00000000000000000E+00  9.72448482547771054E-01  0.00000000000000000E+00  0.00000000000000000E+00  0.00000000000000000E+00  2.67711919280504162E-04
7.10000000000001689E-03  0.00000000000000000E+00  0.00000000000000000E+00  9.77957955316294814E-01  0.00000000000000000E+00  0.00000000000000000E+00  0.00000000000000000E+00  2.69228823676582281E-04
7.14000000000000919E-03  0.00000000000000000E+00  0.00000000000000000E+00  9.83440327356227328E-01  0.00000000000000000E+00  0.00000000000000000E+00  0.00000000000000000E+00  2.70745533863468973E-04
7.18000000000001363E-03  0.00000000000000000E+00  0.00000000000000000E+00  9.88949466649234554E-01  0.00000000000000000E+00  0.00000000000000000E+00  0.00000000000000000E+00  2.72262536375598020E-04
7.22000000000000593E-03  0.00000000000000000E+00  0.00000000000000000E+00  9.94458918027588124E-01  0.00000000000000000E+00  0.00000000000000000E+00  0.00000000000000000E+00  2.73779360201895799E-04
7.26000000000001037E-03  0.00000000000000000E+00  0.00000000000000000E+00  9.97999884536801440E-01  0.00000000000000000E+00  0.00000000000000000E+00  0.00000000000000000E+00  2.75151887424927659E-04
7.30000000000000440E-03  0.00000000000000000E+00  0.00000000000000000E+00  1.00329295814611608E+00  0.00000000000000000E+00  0.00000000000000000E+00  0.00000000000000000E+00  2.76556420303721582E-04
7.34000000000000711E-03  0.00000000000000000E+00  0.00000000000000000E+00  1.00873832346545678E+00  0.00000000000000000E+00  0.00000000000000000E+00  0.00000000000000000E+00  2.78217234785208944E-04
7.38000000000000201E-03  0.00000000000000000E+00  0.00000000000000000E+00  1.01423281517403074E+00  0.00000000000000000E+00  0.00000000000000000E+00  0.00000000000000000E+00  2.79734941646720141E-04
7.42000000000000645E-03  0.00000000000000000E+00  0.00000000000000000E+00  1.01965273528810885E+00  0.00000000000000000E+00  0.00000000000000000E+00  0.00000000000000000E+00  2.81277251113952031E-04
7.46000000000000222E-03  0.00000000000000000E+00  0.00000000000000000E+00  1.02512252896586853E+00  0.00000000000000000E+00  0.00000000000000000E+00  0.00000000000000000E+00  2.82827947387289096E-04
7.50000000000000493E-03  0.00000000000000000E+00  0.00000000000000000E+00  1.02935147267975080E+00  0.00000000000000000E+00  0.00000000000000000E+00  0.00000000000000000E+00  2.84578218129712601E-04
7.53999999999999723E-03  0.00000000000000000E+00  0.00000000000000000E+00  1.03292056603979665E+00  0.00000000000000000E+00  0.00000000000000000E+00  0.00000000000000000E+00  2.82391427904306064E-04
