0.00000000000000000E+00  0.00000000000000000E+00  0.00000000000000000E+00  0.00000000000000000E+00  0.00000000000000000E+00  0.00000000000000000E+00  0.00000000000000000E+00  1.69999999999999996E+00
9.99999999999999370E-05  0.00000000000000000E+00  0.00000000000000000E+00  1.10357209568437337E-01  0.00000000000000000E+00  0.00000000000000000E+00  0.00000000000000000E+00  1.69999999999999996E+00
1.39999999999999825E-04  0.00000000000000000E+00  0.00000000000000000E+00  1.20590106904996830E-01  0.00000000000000000E+00  0.00000000000000000E+00  0.00000000000000000E+00  1.69999999999999996E+00
1.79999999999999849E-04  0.00000000000000000E+00  0.00000000000000000E+00  1.34038063996670703E-01  0.00000000000000000E+00  0.00000000000000000E+00  0.00000000000000000E+00  1.69999999999999996E+00
2.20000000000000387E-04  0.00000000000000000E+00  0.00000000000000000E+00  1.35300178038608360E-01  0.00000000000000000E+00  0.00000000000000000E+00  0.00000000000000000E+00  1.69999999999999996E+00
2.60000000000000031E-04  0.00000000000000000E+00  0.00000000000000000E+00  1.49160010451175107E-01  0.00000000000000000E+00  0.00000000000000000E+00  0.00000000000000000E+00  1.69999999999999996E+00
2.99999999999999974E-04  0.00000000000000000E+00  0.00000000000000000E+00  1.46676024551365525E-01  0.00000000000000000E+00  0.00000000000000000E+00  0.00000000000000000E+00  1.69999999999999996E+00
3.39999999999999862E-04  0.00000000000000000E+00  0.00000000000000000E+00  1.47789800593610077E-01  0.00000000000000000E+00  0.00000000000000000E+00  0.00000000000000000E+00  1.69999999999999996E+00
3.79999999999998557E-04  0.00000000000000000E+00  0.00000000000000000E+00  1.50433396008222114E-01  0.00000000000000000E+00  0.00000000000000000E+00  0.00000000000000000E+00  1.69999999999999996E+00
4.19999999999998825E-04  0.00000000000000000E+00  0.00000000000000000E+00  1.49843191358542044E-01  0.00000000000000000E+00  0.00000000000000000E+00  0.00000000000000000E+00  1.69999999999999996E+00
4.59999999999998496E-04  0.00000000000000000E+00  0.00000000000000000E+00  1.49746724886937965E-01  0.00000000000000000E+00  0.00000000000000000E+00  0.00000000000000000E+00  1.69999999999999996E+00
4.99999999999998384E-04  0.00000000000000000E+00  0.00000000000000000E+00  1.58250016461068954E-01  0.00000000000000000E+00  0.00000000000000000E+00  0.00000000000000000E+00  1.69999999999999996E+00
5.39999999999998706E-04  0.00000000000000000E+00  0.00000000000000000E+00  1.62749949614290373E-01  0.00000000000000000E+00  0.00000000000000000E+00  0.00000000000000000E+00  1.69999999999999996E+00
5.79999999999997293E-04  0.00000000000000000E+00  0.00000000000000000E+00  1.57711724042528728E-01  0.00000000000000000E+00  0.00000000000000000E+00  0.00000000000000000E+00  1.69999999999999996E+00
6.19999999999997831E-04  0.00000000000000000E+00  0.00000000000000000E+00  1.63056160201666800E-01  0.00000000000000000E+00  0.00000000000000000E+00  0.00000000000000000E+00  1.69999999999999996E+00
6.59999999999998479E-04  0.00000000000000000E+00  0.00000000000000000E+00  1.51931741081934107E-01  0.00000000000000000E+00  0.00000000000000000E+00  0.00000000000000000E+00  1.69999999999999996E+00
6.99999999999999126E-04  0.00000000000000000E+00  0.00000000000000000E+00  1.60447179686677183E-01  0.00000000000000000E+00  0.00000000000000000E+00  0.00000000000000000E+00  1.69999999999999996E+00
7.39999999999998363E-04  0.00000000000000000E+00  0.00000000000000000E+00  1.68150350004455551E-01  0.00000000000000000E+00  0.00000000000000000E+00  0.00000000000000000E+00  1.69999999999999996E+00
7.79999999999998685E-04  0.00000000000000000E+00  0.00000000000000000E+00  1.73582654180087947E-01  0.00000000000000000E+00  0.00000000000000000E+00  0.00000000000000000E+00  4.64492499999999975E-01
8.19999999999997706E-04  0.00000000000000000E+00  0.00000000000000000E+00  1.77373197389126686E-01  0.00000000000000000E+00  0.00000000000000000E+00  0.00000000000000000E+00  6.11172500000000118E-01
8.59999999999999654E-04  0.00000000000000000E+00  0.00000000000000000E+00  1.72838211625794880E-01  0.00000000000000000E+00  0.00000000000000000E+00  0.00000000000000000E+00  5.79204999999999970E-01
9.00000000000000517E-04  0.00000000000000000E+00  0.00000000000000000E+00  1.79286182884619283E-01  0.00000000000000000E+00  0.00000000000000000E+00  0.00000000000000000E+00  4.13717500000000071E-01
9.40000000000000622E-04  0.00000000000000000E+00  0.00000000000000000E+00  1.82796658276156709E-01  0.00000000000000000E+00  0.00000000000000000E+00  0.00000000000000000E+00  4.00549166666666623E-01
9.80000000000001053E-04  0.00000000000000000E+00  0.00000000000000000E+00  1.88501047468115884E-01  0.00000000000000000E+00  0.00000000000000000E+00  0.00000000000000000E+00  3.54788666666666641E-01
1.02000000000000029E-03  0.00000000000000000E+00  0.00000000000000000E+00  1.93130766242454260E-01  0.00000000000000000E+00  0.00000000000000000E+00  0.00000000000000000E+00  3.14170999999999978E-01
1.06000000000000061E-03  0.00000000000000000E+00  0.00000000000000000E+00  1.99161337420387857E-01  0.00000000000000000E+00  0.00000000000000000E+00  0.00000000000000000E+00  2.90226166666666674E-01
1.10000000000000115E-03  0.00000000000000000E+00  0.00000000000000000E+00  2.04832309699574611E-01  0.00000000000000000E+00  0.00000000000000000E+00  0.00000000000000000E+00  2.73122714285714330E-01
1.13999999999999995E-03  0.00000000000000000E+00  0.00000000000000000E+00  2.10697354079765559E-01  0.00000000000000000E+00  0.00000000000000000E+00  0.00000000000000000E+00  2.30497214285714291E-01
1.18000000000000049E-03  0.00000000000000000E+00  0.00000000000000000E+00  2.16103351713125003E-01  0.00000000000000000E+00  0.00000000000000000E+00  0.00000000000000000E+00  2.30497214285714291E-01
1.21999999999999951E-03  0.00000000000000000E+00  0.00000000000000000E+00  2.21096871997731759E-01  0.00000000000000000E+00  0.00000000000000000E+00  0.00000000000000000E+00  2.36511914285714303E-01
1.25999999999999962E-03  0.00000000000000000E+00  0.00000000000000000E+00  2.26467841804272013E-01  0.00000000000000000E+00  0.00000000000000000E+00  0.00000000000000000E+00  2.36511914285714303E-01
1.30000000000000189E-03  0.00000000000000000E+00  0.00000000000000000E+00  2.30239408677259977E-01  0.00000000000000000E+00  0.00000000000000000E+00  0.00000000000000000E+00  2.36511914285714303E-01
1.34000000000000113E-03  0.00000000000000000E+00  0.00000000000000000E+00  2.36788333164302311E-01  0.00000000000000000E+00  0.00000000000000000E+00  0.00000000000000000E+00  2.01369125000000010E-01
1.38000000000000102E-03  0.00000000000000000E+00  0.00000000000000000E+00  2.42535571497351304E-01  0.00000000000000000E+00  0.00000000000000000E+00  0.00000000000000000E+00  1.98914277777777759E-01
1.41999999999999982E-03  0.00000000000000000E+00  0.00000000000000000E+00  2.48305778617077977E-01  0.00000000000000000E+00  0.00000000000000000E+00  0.00000000000000000E+00  1.98914277777777759E-01
1.46000000000000144E-03  0.00000000000000000E+00  0.00000000000000000E+00  2.50109044542895786E-01  0.00000000000000000E+00  0.00000000000000000E+00  0.00000000000000000E+00  2.32146762499999992E-01
1.50000000000000112E-03  0.00000000000000000E+00  0.00000000000000000E+00  2.55170726262831493E-01  0.00000000000000000E+00  0.00000000000000000E+00  0.00000000000000000E+00  1.93892133928571408E-01
1.53999999999999992E-03  0.00000000000000000E+00  0.00000000000000000E+00  2.60850663671748362E-01  0.00000000000000000E+00  0.00000000000000000E+00  0.00000000000000000E+00  1.81937562499999983E-01
1.57999999999999851E-03  0.00000000000000000E+00  0.00000000000000000E+00  2.66899917343985438E-01  0.00000000000000000E+00  0.00000000000000000E+00  0.00000000000000000E+00  1.81937562499999983E-01
1.61999999999999839E-03  0.00000000000000000E+00  0.00000000000000000E+00  2.71741526801446642E-01  0.00000000000000000E+00  0.00000000000000000E+00  0.00000000000000000E+00  1.81937562499999983E-01
1.66000000000000045E-03  0.00000000000000000E+00  0.00000000000000000E+00  2.77385022960135896E-01  0.00000000000000000E+00  0.00000000000000000E+00  0.00000000000000000E+00  1.72639562500000010E-01
1.69999999999999969E-03  0.00000000000000000E+00  0.00000000000000000E+00  2.81117514171556337E-01  0.00000000000000000E+00  0.00000000000000000E+00  0.00000000000000000E+00  1.72639562500000010E-01
1.73999999999999893E-03  0.00000000000000000E+00  0.00000000000000000E+00  2.86456565103649585E-01  0.00000000000000000E+00  0.00000000000000000E+00  0.00000000000000000E+00  1.72639562500000010E-01
1.77999999999999730E-03  0.00000000000000000E+00  0.00000000000000000E+00  2.91952907575832976E-01  0.00000000000000000E+00  0.00000000000000000E+00  0.00000000000000000E+00  1.72639562500000010E-01
1.81999999999999718E-03  0.00000000000000000E+00  0.00000000000000000E+00  2.96037765782673490E-01  0.00000000000000000E+00  0.00000000000000000E+00  0.00000000000000000E+00  1.72639562500000010E-01
1.85999999999999902E-03  0.00000000000000000E+00  0.00000000000000000E+00  3.01684211118343593E-01  0.00000000000000000E+00  0.00000000000000000E+00  0.00000000000000000E+00  1.72639562500000010E-01
1.89999999999999848E-03  0.00000000000000000E+00  0.00000000000000000E+00  3.06854930809535853E-01  0.00000000000000000E+00  0.00000000000000000E+00  0.00000000000000000E+00  1.61722277777777756E-01
1.93999999999999685E-03  0.00000000000000000E+00  0.00000000000000000E+00  3.12490826793202225E-01  0.00000000000000000E+00  0.00000000000000000E+00  0.00000000000000000E+00  1.61722277777777756E-01
1.97999999999999609E-03  0.00000000000000000E+00  0.00000000000000000E+00  3.17925591193033263E-01  0.00000000000000000E+00  0.00000000000000000E+00  0.00000000000000000E+00  1.61722277777777756E-01
2.01999999999999446E-03  0.00000000000000000E+00  0.00000000000000000E+00  3.22383659384684940E-01  0.00000000000000000E+00  0.00000000000000000E+00  0.00000000000000000E+00  1.61722277777777756E-01
2.05999999999999413E-03  0.00000000000000000E+00  0.00000000000000000E+00  3.28040933600809825E-01  0.00000000000000000E+00  0.00000000000000000E+00  0.00000000000000000E+00  1.61722277777777756E-01
2.09999999999999510E-03  0.00000000000000000E+00  0.00000000000000000E+00  3.33161304354975263E-01  0.00000000000000000E+00  0.00000000000000000E+00  0.00000000000000000E+00  1.61722277777777756E-01
2.13999999999999390E-03  0.00000000000000000E+00  0.00000000000000000E+00  3.37653925766799590E-01  0.00000000000000000E+00  0.00000000000000000E+00  0.00000000000000000E+00  1.61722277777777756E-01
2.17999999999999271E-03  0.00000000000000000E+00  0.00000000000000000E+00  3.43403309272938662E-01  0.00000000000000000E+00  0.00000000000000000E+00  0.00000000000000000E+00  1.61722277777777756E-01
2.21999999999999455E-03  0.00000000000000000E+00  0.00000000000000000E+00  3.49153857048112248E-01  0.00000000000000000E+00  0.00000000000000000E+00  0.00000000000000000E+00  1.52984277777777761E-01
2.25999999999999682E-03  0.00000000000000000E+00  0.00000000000000000E+00  3.54376458112676873E-01  0.00000000000000000E+00  0.00000000000000000E+00  0.00000000000000000E+00  1.47513777777777771E-01
2.29999999999999606E-03  0.00000000000000000E+00  0.00000000000000000E+00  3.59796465889220818E-01  0.00000000000000000E+00  0.00000000000000000E+00  0.00000000000000000E+00  1.47513777777777771E-01
2.33999999999999530E-03  0.00000000000000000E+00  0.00000000000000000E+00  3.65548031812672758E-01  0.00000000000000000E+00  0.00000000000000000E+00  0.00000000000000000E+00  1.38779949999999985E-01
2.37999999999999453E-03  0.00000000000000000E+00  0.00000000000000000E+00  3.71308772063224157E-01  0.00000000000000000E+00  0.00000000000000000E+00  0.00000000000000000E+00  1.38779949999999985E-01
2.41999999999999551E-03  0.00000000000000000E+00  0.00000000000000000E+00  3.77082103466653384E-01  0.00000000000000000E+00  0.00000000000000000E+00  0.00000000000000000E+00  1.34151065384615381E-01
2.45999999999999474E-03  0.00000000000000000E+00  0.00000000000000000E+00  3.82503182303241873E-01  0.00000000000000000E+00  0.00000000000000000E+00  0.00000000000000000E+00  1.34151065384615381E-01
2.49999999999999745E-03  0.00000000000000000E+00  0.00000000000000000E+00  3.88449153837960137E-01  0.00000000000000000E+00  0.00000000000000000E+00  0.00000000000000000E+00  1.34151065384615381E-01
2.53999999999999712E-03  0.00000000000000000E+00  0.00000000000000000E+00  3.94124329682388364E-01  0.00000000000000000E+00  0.00000000000000000E+00  0.00000000000000000E+00  1.27005206293706291E-01
2.57999999999999766E-03  0.00000000000000000E+00  0.00000000000000000E+00  3.98325882503006434E-01  0.00000000000000000E+00  0.00000000000000000E+00  0.00000000000000000E+00  1.38779949999999985E-01
2.61999999999999690E-03  0.00000000000000000E+00  0.00000000000000000E+00  4.03894575563382097E-01  0.00000000000000000E+00  0.00000000000000000E+00  0.00000000000000000E+00  1.27005206293706291E-01
2.65999999999999570E-03  0.00000000000000000E+00  0.00000000000000000E+00  4.09016786231984730E-01  0.00000000000000000E+00  0.00000000000000000E+00  0.00000000000000000E+00  1.27069733766233761E-01
2.69999999999999451E-03  0.00000000000000000E+00  0.00000000000000000E+00  4.14166341156053275E-01  0.00000000000000000E+00  0.00000000000000000E+00  0.00000000000000000E+00  1.16076104395604396E-01
2.73999999999999591E-03  0.00000000000000000E+00  0.00000000000000000E+00  4.19833126089067810E-01  0.00000000000000000E+00  0.00000000000000000E+00  0.00000000000000000E+00  1.16076104395604396E-01
2.77999999999999515E-03  0.00000000000000000E+00  0.00000000000000000E+00  4.24742347209566218E-01  0.00000000000000000E+00  0.00000000000000000E+00  0.00000000000000000E+00  1.20353884615384599E-01
2.81999999999999959E-03  0.00000000000000000E+00  0.00000000000000000E+00  4.30476850767645747E-01  0.00000000000000000E+00  0.00000000000000000E+00  0.00000000000000000E+00  1.20353884615384599E-01
2.86000000000000013E-03  0.00000000000000000E+00  0.00000000000000000E+00  4.36285357023423637E-01  0.00000000000000000E+00  0.00000000000000000E+00  0.00000000000000000E+00  1.20353884615384599E-01
2.89999999999999937E-03  0.00000000000000000E+00  0.00000000000000000E+00  4.40974588671452117E-01  0.00000000000000000E+00  0.00000000000000000E+00  0.00000000000000000E+00  1.20353884615384599E-01
2.93999999999999860E-03  0.00000000000000000E+00  0.00000000000000000E+00  4.45957294379069114E-01  0.00000000000000000E+00  0.00000000000000000E+00  0.00000000000000000E+00  1.20353884615384599E-01
2.97999999999999958E-03  0.00000000000000000E+00  0.00000000000000000E+00  4.50994128049089782E-01  0.00000000000000000E+00  0.00000000000000000E+00  0.00000000000000000E+00  1.16034958791208787E-01
3.02000000000000489E-03  0.00000000000000000E+00  0.00000000000000000E+00  4.55512874141749846E-01  0.00000000000000000E+00  0.00000000000000000E+00  0.00000000000000000E+00  1.13581799999999997E-01
3.06000000000000412E-03  0.00000000000000000E+00  0.00000000000000000E+00  4.61401885511640131E-01  0.00000000000000000E+00  0.00000000000000000E+00  0.00000000000000000E+00  1.13581799999999997E-01
3.10000000000000510E-03  0.00000000000000000E+00  0.00000000000000000E+00  4.66635044751619987E-01  0.00000000000000000E+00  0.00000000000000000E+00  0.00000000000000000E+00  1.13581799999999997E-01
3.14000000000000433E-03  0.00000000000000000E+00  0.00000000000000000E+00  4.72460164298511565E-01  0.00000000000000000E+00  0.00000000000000000E+00  0.00000000000000000E+00  1.13581799999999997E-01
3.18000000000000314E-03  0.00000000000000000E+00  0.00000000000000000E+00  4.78361797233061936E-01  0.00000000000000000E+00  0.00000000000000000E+00  0.00000000000000000E+00  1.08952915384615379E-01
3.22000000000000411E-03  0.00000000000000000E+00  0.00000000000000000E+00  4.84146411220989614E-01  0.00000000000000000E+00  0.00000000000000000E+00  0.00000000000000000E+00  1.08952915384615379E-01
3.26000000000000942E-03  0.00000000000000000E+00  0.00000000000000000E+00  4.89839773767815678E-01  0.00000000000000000E+00  0.00000000000000000E+00  0.00000000000000000E+00  1.08952915384615379E-01
3.30000000000000996E-03  0.00000000000000000E+00  0.00000000000000000E+00  4.95607320238675708E-01  0.00000000000000000E+00  0.00000000000000000E+00  0.00000000000000000E+00  1.08952915384615379E-01
3.34000000000000876E-03  0.00000000000000000E+00  0.00000000000000000E+00  4.23770469466575761E-01  0.00000000000000000E+00  0.00000000000000000E+00  0.00000000000000000E+00  9.08924305555555562E-02
3.38000000000000843E-03  0.00000000000000000E+00  0.00000000000000000E+00  4.28824557831790965E-01  0.00000000000000000E+00  0.00000000000000000E+00  0.00000000000000000E+00  9.08924305555555562E-02
3.42000000000000724E-03  0.00000000000000000E+00  0.00000000000000000E+00  4.33739817235401059E-01  0.00000000000000000E+00  0.00000000000000000E+00  0.00000000000000000E+00  9.08924305555555562E-02
3.46000000000000734E-03  0.00000000000000000E+00  0.00000000000000000E+00  4.38783007641058209E-01  0.00000000000000000E+00  0.00000000000000000E+00  0.00000000000000000E+00  9.08924305555555562E-02
3.50000000000000614E-03  0.00000000000000000E+00  0.00000000000000000E+00  4.43452133452213293E-01  0.00000000000000000E+00  0.00000000000000000E+00  0.00000000000000000E+00  9.08924305555555562E-02
3.54000000000001232E-03  0.00000000000000000E+00  0.00000000000000000E+00  4.48287850628455609E-01  0.00000000000000000E+00  0.00000000000000000E+00  0.00000000000000000E+00  8.84839671052631560E-02
3.58000000000001069E-03  0.00000000000000000E+00  0.00000000000000000E+00  4.53113298574834178E-01  0.00000000000000000E+00  0.00000000000000000E+00  0.00000000000000000E+00  8.84839671052631560E-02
3.62000000000001123E-03  0.00000000000000000E+00  0.00000000000000000E+00  4.58126601895751218E-01  0.00000000000000000E+00  0.00000000000000000E+00  0.00000000000000000E+00  8.84839671052631560E-02
3.66000000000000960E-03  0.00000000000000000E+00  0.00000000000000000E+00  4.63131159471439180E-01  0.00000000000000000E+00  0.00000000000000000E+00  0.00000000000000000E+00  8.84839671052631560E-02
3.70000000000000970E-03  0.00000000000000000E+00  0.00000000000000000E+00  4.68051012784232112E-01  0.00000000000000000E+00  0.00000000000000000E+00  0.00000000000000000E+00  8.84839671052631560E-02
3.74000000000000894E-03  0.00000000000000000E+00  0.00000000000000000E+00  4.73045831742307021E-01  0.00000000000000000E+00  0.00000000000000000E+00  0.00000000000000000E+00  8.84839671052631560E-02
3.78000000000000861E-03  0.00000000000000000E+00  0.00000000000000000E+00  4.77838445605530404E-01  0.00000000000000000E+00  0.00000000000000000E+00  0.00000000000000000E+00  8.84839671052631560E-02
3.82000000000001479E-03  0.00000000000000000E+00  0.00000000000000000E+00  4.82438422047915039E-01  0.00000000000000000E+00  0.00000000000000000E+00  0.00000000000000000E+00  8.63163500000000000E-02
3.86000000000001403E-03  0.00000000000000000E+00  0.00000000000000000E+00  4.87326216159858272E-01  0.00000000000000000E+00  0.00000000000000000E+00  0.00000000000000000E+00  8.69821367647058835E-02
3.90000000000001370E-03  0.00000000000000000E+00  0.00000000000000000E+00  4.92046769485199764E-01  0.00000000000000000E+00  0.00000000000000000E+00  0.00000000000000000E+00  8.44378361111111087E-02
3.94000000000001554E-03  0.00000000000000000E+00  0.00000000000000000E+00  4.96863972818024136E-01  0.00000000000000000E+00  0.00000000000000000E+00  0.00000000000000000E+00  8.44378361111111087E-02
3.98000000000001478E-03  0.00000000000000000E+00  0.00000000000000000E+00  5.01875572915588930E-01  0.00000000000000000E+00  0.00000000000000000E+00  0.00000000000000000E+00  8.44378361111111087E-02
4.02000000000002009E-03  0.00000000000000000E+00  0.00000000000000000E+00  5.06630760202934294E-01  0.00000000000000000E+00  0.00000000000000000E+00  0.00000000000000000E+00  8.24766587301587195E-02
4.06000000000001759E-03  0.00000000000000000E+00  0.00000000000000000E+00  5.11596586575781553E-01  0.00000000000000000E+00  0.00000000000000000E+00  0.00000000000000000E+00  8.24766587301587195E-02
4.10000000000001769E-03  0.00000000000000000E+00  0.00000000000000000E+00  5.16251954871406404E-01  0.00000000000000000E+00  0.00000000000000000E+00  0.00000000000000000E+00  8.24766587301587195E-02
4.14000000000001606E-03  0.00000000000000000E+00  0.00000000000000000E+00  5.21044534901525358E-01  0.00000000000000000E+00  0.00000000000000000E+00  0.00000000000000000E+00  8.21613565789473671E-02
4.18000000000001790E-03  0.00000000000000000E+00  0.00000000000000000E+00  5.26747197997327499E-01  0.00000000000000000E+00  0.00000000000000000E+00  0.00000000000000000E+00  8.13017249999999914E-02
4.22000000000001887E-03  0.00000000000000000E+00  0.00000000000000000E+00  5.30365342500237036E-01  0.00000000000000000E+00  0.00000000000000000E+00  0.00000000000000000E+00  8.21613565789473671E-02
4.26000000000001725E-03  0.00000000000000000E+00  0.00000000000000000E+00  5.34956507840940176E-01  0.00000000000000000E+00  0.00000000000000000E+00  0.00000000000000000E+00  8.21613565789473671E-02
4.30000000000002255E-03  0.00000000000000000E+00  0.00000000000000000E+00  5.39919287273121107E-01  0.00000000000000000E+00  0.00000000000000000E+00  0.00000000000000000E+00  8.21613565789473671E-02
4.34000000000002092E-03  0.00000000000000000E+00  0.00000000000000000E+00  5.44892466629488426E-01  0.00000000000000000E+00  0.00000000000000000E+00  0.00000000000000000E+00  8.21613565789473671E-02
4.38000000000002190E-03  0.00000000000000000E+00  0.00000000000000000E+00  5.49711768567684222E-01  0.00000000000000000E+00  0.00000000000000000E+00  0.00000000000000000E+00  8.21613565789473671E-02
4.42000000000002460E-03  0.00000000000000000E+00  0.00000000000000000E+00  5.54670046829374042E-01  0.00000000000000000E+00  0.00000000000000000E+00  0.00000000000000000E+00  8.21613565789473671E-02
4.46000000000002037E-03  0.00000000000000000E+00  0.00000000000000000E+00  5.59536768844771992E-01  0.00000000000000000E+00  0.00000000000000000E+00  0.00000000000000000E+00  8.21613565789473671E-02
4.50000000000002134E-03  0.00000000000000000E+00  0.00000000000000000E+00  5.64520106644238795E-01  0.00000000000000000E+00  0.00000000000000000E+00  0.00000000000000000E+00  8.21613565789473671E-02
4.54000000000001885E-03  0.00000000000000000E+00  0.00000000000000000E+00  5.69428288386451653E-01  0.00000000000000000E+00  0.00000000000000000E+00  0.00000000000000000E+00  7.81513476190476147E-02
4.58000000000002589E-03  0.00000000000000000E+00  0.00000000000000000E+00  5.74348696230818079E-01  0.00000000000000000E+00  0.00000000000000000E+00  0.00000000000000000E+00  7.68349523809523788E-02
4.62000000000002166E-03  0.00000000000000000E+00  0.00000000000000000E+00  5.78650075473187919E-01  0.00000000000000000E+00  0.00000000000000000E+00  0.00000000000000000E+00  8.00318976190476095E-02
4.66000000000002437E-03  0.00000000000000000E+00  0.00000000000000000E+00  5.83613751215677379E-01  0.00000000000000000E+00  0.00000000000000000E+00  0.00000000000000000E+00  7.82490090909090941E-02
4.70000000000001927E-03  0.00000000000000000E+00  0.00000000000000000E+00  5.88451841192892067E-01  0.00000000000000000E+00  0.00000000000000000E+00  0.00000000000000000E+00  7.82490090909090941E-02
4.74000000000002111E-03  0.00000000000000000E+00  0.00000000000000000E+00  5.93408777925940600E-01  0.00000000000000000E+00  0.00000000000000000E+00  0.00000000000000000E+00  7.82490090909090941E-02
4.78000000000002381E-03  0.00000000000000000E+00  0.00000000000000000E+00  5.98409843663686214E-01  0.00000000000000000E+00  0.00000000000000000E+00  0.00000000000000000E+00  7.82490090909090941E-02
4.82000000000001958E-03  0.00000000000000000E+00  0.00000000000000000E+00  6.03188628917306735E-01  0.00000000000000000E+00  0.00000000000000000E+00  0.00000000000000000E+00  7.46778995859213313E-02
4.86000000000002316E-03  0.00000000000000000E+00  0.00000000000000000E+00  6.08052492235835684E-01  0.00000000000000000E+00  0.00000000000000000E+00  0.00000000000000000E+00  7.46778995859213313E-02
4.90000000000001806E-03  0.00000000000000000E+00  0.00000000000000000E+00  6.12922554600535463E-01  0.00000000000000000E+00  0.00000000000000000E+00  0.00000000000000000E+00  7.29113043478260836E-02
4.94000000000002510E-03  0.00000000000000000E+00  0.00000000000000000E+00  6.17679906985440508E-01  0.00000000000000000E+00  0.00000000000000000E+00  0.00000000000000000E+00  6.98061259057971006E-02
4.98000000000002174E-03  0.00000000000000000E+00  0.00000000000000000E+00  6.22661991087412603E-01  0.00000000000000000E+00  0.00000000000000000E+00  0.00000000000000000E+00  6.98061259057971006E-02
5.02000000000002358E-03  0.00000000000000000E+00  0.00000000000000000E+00  6.27372355723960884E-01  0.00000000000000000E+00  0.00000000000000000E+00  0.00000000000000000E+00  6.98061259057971006E-02
5.06000000000002715E-03  0.00000000000000000E+00  0.00000000000000000E+00  6.32359504453885779E-01  0.00000000000000000E+00  0.00000000000000000E+00  0.00000000000000000E+00  6.98061259057971006E-02
5.10000000000002379E-03  0.00000000000000000E+00  0.00000000000000000E+00  6.36620201329204494E-01  0.00000000000000000E+00  0.00000000000000000E+00  0.00000000000000000E+00  6.98061259057971006E-02
5.14000000000003083E-03  0.00000000000000000E+00  0.00000000000000000E+00  6.40332147141797314E-01  0.00000000000000000E+00  0.00000000000000000E+00  0.00000000000000000E+00  7.14191041666666637E-02
5.18000000000002573E-03  0.00000000000000000E+00  0.00000000000000000E+00  6.45149095893396307E-01  0.00000000000000000E+00  0.00000000000000000E+00  0.00000000000000000E+00  7.14191041666666637E-02
5.22000000000002930E-03  0.00000000000000000E+00  0.00000000000000000E+00  6.50039305842081583E-01  0.00000000000000000E+00  0.00000000000000000E+00  0.00000000000000000E+00  7.14191041666666637E-02
5.26000000000002334E-03  0.00000000000000000E+00  0.00000000000000000E+00  6.54854570662121382E-01  0.00000000000000000E+00  0.00000000000000000E+00  0.00000000000000000E+00  7.14191041666666637E-02
5.30000000000002691E-03  0.00000000000000000E+00  0.00000000000000000E+00  6.59826081344875415E-01  0.00000000000000000E+00  0.00000000000000000E+00  0.00000000000000000E+00  7.14191041666666637E-02
5.34000000000003049E-03  0.00000000000000000E+00  0.00000000000000000E+00  6.64437747200153472E-01  0.00000000000000000E+00  0.00000000000000000E+00  0.00000000000000000E+00  7.00462800000000024E-02
5.38000000000002452E-03  0.00000000000000000E+00  0.00000000000000000E+00  6.69197224879570562E-01  0.00000000000000000E+00  0.00000000000000000E+00  0.00000000000000000E+00  7.00462800000000024E-02
5.42000000000002723E-03  0.00000000000000000E+00  0.00000000000000000E+00  6.74112984167329676E-01  0.00000000000000000E+00  0.00000000000000000E+00  0.00000000000000000E+00  7.00462800000000024E-02
5.46000000000002299E-03  0.00000000000000000E+00  0.00000000000000000E+00  6.78928948219120976E-01  0.00000000000000000E+00  0.00000000000000000E+00  0.00000000000000000E+00  7.00462800000000024E-02
5.50000000000003004E-03  0.00000000000000000E+00  0.00000000000000000E+00  6.83808778401240103E-01  0.00000000000000000E+00  0.00000000000000000E+00  0.00000000000000000E+00  7.00462800000000024E-02
5.54000000000002407E-03  0.00000000000000000E+00  0.00000000000000000E+00  6.88401328508552623E-01  0.00000000000000000E+00  0.00000000000000000E+00  0.00000000000000000E+00  7.00462800000000024E-02
5.58000000000002678E-03  0.00000000000000000E+00  0.00000000000000000E+00  6.92951314550259378E-01  0.00000000000000000E+00  0.00000000000000000E+00  0.00000000000000000E+00  6.87790576923076880E-02
5.62000000000002081E-03  0.00000000000000000E+00  0.00000000000000000E+00  6.97881694213601356E-01  0.00000000000000000E+00  0.00000000000000000E+00  0.00000000000000000E+00  6.87790576923076880E-02
5.66000000000002352E-03  0.00000000000000000E+00  0.00000000000000000E+00  7.02157384404174412E-01  0.00000000000000000E+00  0.00000000000000000E+00  0.00000000000000000E+00  6.49031824534161556E-02
5.70000000000001842E-03  0.00000000000000000E+00  0.00000000000000000E+00  7.07048262937366445E-01  0.00000000000000000E+00  0.00000000000000000E+00  0.00000000000000000E+00  6.49031824534161556E-02
5.74000000000002199E-03  0.00000000000000000E+00  0.00000000000000000E+00  7.11978033954428491E-01  0.00000000000000000E+00  0.00000000000000000E+00  0.00000000000000000E+00  6.49031824534161556E-02
5.78000000000001516E-03  0.00000000000000000E+00  0.00000000000000000E+00  7.16902300636338197E-01  0.00000000000000000E+00  0.00000000000000000E+00  0.00000000000000000E+00  6.49031824534161556E-02
5.82000000000002047E-03  0.00000000000000000E+00  0.00000000000000000E+00  7.21774980094138874E-01  0.00000000000000000E+00  0.00000000000000000E+00  0.00000000000000000E+00  6.49031824534161556E-02
5.86000000000002404E-03  0.00000000000000000E+00  0.00000000000000000E+00  7.26438743582314084E-01  0.00000000000000000E+00  0.00000000000000000E+00  0.00000000000000000E+00  6.34246190476190491E-02
5.90000000000001721E-03  0.00000000000000000E+00  0.00000000000000000E+00  7.31193356851298715E-01  0.00000000000000000E+00  0.00000000000000000E+00  0.00000000000000000E+00  6.34246190476190491E-02
5.94000000000002252E-03  0.00000000000000000E+00  0.00000000000000000E+00  7.36134123963739784E-01  0.00000000000000000E+00  0.00000000000000000E+00  0.00000000000000000E+00  6.34246190476190491E-02
5.98000000000001568E-03  0.00000000000000000E+00  0.00000000000000000E+00  7.41026685613149771E-01  0.00000000000000000E+00  0.00000000000000000E+00  0.00000000000000000E+00  6.34246190476190491E-02
6.02000000000002273E-03  0.00000000000000000E+00  0.00000000000000000E+00  7.45665513930713453E-01  0.00000000000000000E+00  0.00000000000000000E+00  0.00000000000000000E+00  6.34246190476190491E-02
6.06000000000001589E-03  0.00000000000000000E+00  0.00000000000000000E+00  7.50125290417007928E-01  0.00000000000000000E+00  0.00000000000000000E+00  0.00000000000000000E+00  6.34246190476190491E-02
6.10000000000002120E-03  0.00000000000000000E+00  0.00000000000000000E+00  7.54712480115433459E-01  0.00000000000000000E+00  0.00000000000000000E+00  0.00000000000000000E+00  6.34246190476190491E-02
6.14000000000001437E-03  0.00000000000000000E+00  0.00000000000000000E+00  7.59649588307025558E-01  0.00000000000000000E+00  0.00000000000000000E+00  0.00000000000000000E+00  6.34246190476190491E-02
6.18000000000001794E-03  0.00000000000000000E+00  0.00000000000000000E+00  7.64570659425707899E-01  0.00000000000000000E+00  0.00000000000000000E+00  0.00000000000000000E+00  6.34246190476190491E-02
6.22000000000001111E-03  0.00000000000000000E+00  0.00000000000000000E+00  7.69508697128168828E-01  0.00000000000000000E+00  0.00000000000000000E+00  0.00000000000000000E+00  6.34246190476190491E-02
6.26000000000001642E-03  0.00000000000000000E+00  0.00000000000000000E+00  7.74124759327928569E-01  0.00000000000000000E+00  0.00000000000000000E+00  0.00000000000000000E+00  6.34246190476190491E-02
6.30000000000002086E-03  0.00000000000000000E+00  0.00000000000000000E+00  7.78697455154896190E-01  0.00000000000000000E+00  0.00000000000000000E+00  0.00000000000000000E+00  6.34246190476190491E-02
6.34000000000001316E-03  0.00000000000000000E+00  0.00000000000000000E+00  7.83466710278562295E-01  0.00000000000000000E+00  0.00000000000000000E+00  0.00000000000000000E+00  6.34246190476190491E-02
6.38000000000001760E-03  0.00000000000000000E+00  0.00000000000000000E+00  7.87937564064000950E-01  0.00000000000000000E+00  0.00000000000000000E+00  0.00000000000000000E+00  6.34246190476190491E-02
6.42000000000001077E-03  0.00000000000000000E+00  0.00000000000000000E+00  7.92576771189084206E-01  0.00000000000000000E+00  0.00000000000000000E+00  0.00000000000000000E+00  6.34246190476190491E-02
6.46000000000001521E-03  0.00000000000000000E+00  0.00000000000000000E+00  7.97099005223779633E-01  0.00000000000000000E+00  0.00000000000000000E+00  0.00000000000000000E+00  6.34246190476190491E-02
6.50000000000000751E-03  0.00000000000000000E+00  0.00000000000000000E+00  8.02022618725054648E-01  0.00000000000000000E+00  0.00000000000000000E+00  0.00000000000000000E+00  6.34246190476190491E-02
6.54000000000001195E-03  0.00000000000000000E+00  0.00000000000000000E+00  8.06544984329224723E-01  0.00000000000000000E+00  0.00000000000000000E+00  0.00000000000000000E+00  6.34246190476190491E-02
6.58000000000000425E-03  0.00000000000000000E+00  0.00000000000000000E+00  8.10843802517670076E-01  0.00000000000000000E+00  0.00000000000000000E+00  0.00000000000000000E+00  6.34246190476190491E-02
6.62000000000000956E-03  0.00000000000000000E+00  0.00000000000000000E+00  8.15405897526096934E-01  0.00000000000000000E+00  0.00000000000000000E+00  0.00000000000000000E+00  6.34246190476190491E-02
6.66000000000000186E-03  0.00000000000000000E+00  0.00000000000000000E+00  8.20321203184580683E-01  0.00000000000000000E+00  0.00000000000000000E+00  0.00000000000000000E+00  6.34246190476190491E-02
6.70000000000000977E-03  0.00000000000000000E+00  0.00000000000000000E+00  8.24982844519740577E-01  0.00000000000000000E+00  0.00000000000000000E+00  0.00000000000000000E+00  6.34246190476190491E-02
6.74000000000000120E-03  0.00000000000000000E+00  0.00000000000000000E+00  8.29693154444359315E-01  0.00000000000000000E+00  0.00000000000000000E+00  0.00000000000000000E+00  6.34246190476190491E-02
6.78000000000000737E-03  0.00000000000000000E+00  0.00000000000000000E+00  8.34606743016445218E-01  0.00000000000000000E+00  0.00000000000000000E+00  0.00000000000000000E+00  6.34246190476190491E-02
6.81999999999999967E-03  0.00000000000000000E+00  0.00000000000000000E+00  8.39311055591811628E-01  0.00000000000000000E+00  0.00000000000000000E+00  0.00000000000000000E+00  6.34246190476190491E-02
6.86000000000000412E-03  0.00000000000000000E+00  0.00000000000000000E+00  8.44145262680767061E-01  0.00000000000000000E+00  0.00000000000000000E+00  0.00000000000000000E+00  6.20643407142857095E-02
6.90000000000000942E-03  0.00000000000000000E+00  0.00000000000000000E+00  8.48585612983208559E-01  0.00000000000000000E+00  0.00000000000000000E+00  0.00000000000000000E+00  6.20643407142857095E-02
6.94000000000000259E-03  0.00000000000000000E+00  0.00000000000000000E+00  8.53343267573996811E-01  0.00000000000000000E+00  0.00000000000000000E+00  0.00000000000000000E+00  6.20643407142857095E-02
6.98000000000000790E-03  0.00000000000000000E+00  0.00000000000000000E+00  8.58074205022520187E-01  0.00000000000000000E+00  0.00000000000000000E+00  0.00000000000000000E+00  6.20643407142857095E-02
7.02000000000000020E-03  0.00000000000000000E+00  0.00000000000000000E+00  8.62949933219921972E-01  0.00000000000000000E+00  0.00000000000000000E+00  0.00000000000000000E+00  6.20643407142857095E-02
7.06000000000000464E-03  0.00000000000000000E+00  0.00000000000000000E+00  8.67518684563351683E-01  0.00000000000000000E+00  0.00000000000000000E+00  0.00000000000000000E+00  6.20643407142857095E-02
7.10000000000000128E-03  0.00000000000000000E+00  0.00000000000000000E+00  8.71704276593716409E-01  0.00000000000000000E+00  0.00000000000000000E+00  0.00000000000000000E+00  6.10499386206896505E-02
7.14000000000000572E-03  0.00000000000000000E+00  0.00000000000000000E+00  8.76218002895540637E-01  0.00000000000000000E+00  0.00000000000000000E+00  0.00000000000000000E+00  6.10499386206896505E-02
7.17999999999999975E-03  0.00000000000000000E+00  0.00000000000000000E+00  8.80958996867393096E-01  0.00000000000000000E+00  0.00000000000000000E+00  0.00000000000000000E+00  5.88475217948717932E-02
7.22000000000000246E-03  0.00000000000000000E+00  0.00000000000000000E+00  8.85114310270984639E-01  0.00000000000000000E+00  0.00000000000000000E+00  0.00000000000000000E+00  5.88475217948717932E-02
7.25999999999999476E-03  0.00000000000000000E+00  0.00000000000000000E+00  8.90014031993260679E-01  0.00000000000000000E+00  0.00000000000000000E+00  0.00000000000000000E+00  5.88475217948717932E-02
7.30000000000000267E-03  0.00000000000000000E+00  0.00000000000000000E+00  8.94866349986120690E-01  0.00000000000000000E+00  0.00000000000000000E+00  0.00000000000000000E+00  5.88475217948717932E-02
7.34000000000000711E-03  0.00000000000000000E+00  0.00000000000000000E+00  8.99600196658629558E-01  0.00000000000000000E+00  0.00000000000000000E+00  0.00000000000000000E+00  5.76848907407407352E-02
7.37999999999999941E-03  0.00000000000000000E+00  0.00000000000000000E+00  9.04385823189330362E-01  0.00000000000000000E+00  0.00000000000000000E+00  0.00000000000000000E+00  5.76848907407407352E-02
7.42000000000000211E-03  0.00000000000000000E+00  0.00000000000000000E+00  9.09228398376833336E-01  0.00000000000000000E+00  0.00000000000000000E+00  0.00000000000000000E+00  5.76848907407407352E-02
7.45999999999999788E-03  0.00000000000000000E+00  0.00000000000000000E+00  9.13737628775937560E-01  0.00000000000000000E+00  0.00000000000000000E+00  0.00000000000000000E+00  5.76848907407407352E-02
7.50000000000000493E-03  0.00000000000000000E+00  0.00000000000000000E+00  9.18501809136283098E-01  0.00000000000000000E+00  0.00000000000000000E+00  0.00000000000000000E+00  5.76848907407407352E-02
7.53999999999999549E-03  0.00000000000000000E+00  0.00000000000000000E+00  9.23155113980898778E-01  0.00000000000000000E+00  0.00000000000000000E+00  0.00000000000000000E+00  5.76848907407407352E-02
7.57999999999999906E-03  0.00000000000000000E+00  0.00000000000000000E+00  9.28021718069103052E-01  0.00000000000000000E+00  0.00000000000000000E+00  0.00000000000000000E+00  5.76848907407407352E-02
7.61999999999999570E-03  0.00000000000000000E+00  0.00000000000000000E+00  9.31281691803681921E-01  0.00000000000000000E+00  0.00000000000000000E+00  0.00000000000000000E+00  5.57196117511520733E-02
7.65999999999999841E-03  0.00000000000000000E+00  0.00000000000000000E+00  9.34611208072786304E-01  0.00000000000000000E+00  0.00000000000000000E+00  0.00000000000000000E+00  5.47144799777530555E-02
7.69999999999999071E-03  0.00000000000000000E+00  0.00000000000000000E+00  9.39485999103240488E-01  0.00000000000000000E+00  0.00000000000000000E+00  0.00000000000000000E+00  5.47144799777530555E-02
7.73999999999999341E-03  0.00000000000000000E+00  0.00000000000000000E+00  9.44319200303833761E-01  0.00000000000000000E+00  0.00000000000000000E+00  0.00000000000000000E+00  5.47144799777530555E-02
7.78000000000000306E-03  0.00000000000000000E+00  0.00000000000000000E+00  9.49192243297736105E-01  0.00000000000000000E+00  0.00000000000000000E+00  0.00000000000000000E+00  5.47144799777530555E-02
7.81999999999999536E-03  0.00000000000000000E+00  0.00000000000000000E+00  9.54065805846622594E-01  0.00000000000000000E+00  0.00000000000000000E+00  0.00000000000000000E+00  5.47144799777530555E-02
7.85999999999999720E-03  0.00000000000000000E+00  0.00000000000000000E+00  9.58639912480432899E-01  0.00000000000000000E+00  0.00000000000000000E+00  0.00000000000000000E+00  5.47144799777530555E-02
7.89999999999999557E-03  0.00000000000000000E+00  0.00000000000000000E+00  9.63504466846652141E-01  0.00000000000000000E+00  0.00000000000000000E+00  0.00000000000000000E+00  5.47144799777530555E-02
7.94000000000000088E-03  0.00000000000000000E+00  0.00000000000000000E+00  9.68273214753272882E-01  0.00000000000000000E+00  0.00000000000000000E+00  0.00000000000000000E+00  5.47144799777530555E-02
7.97999999999998884E-03  0.00000000000000000E+00  0.00000000000000000E+00  9.72745462108764558E-01  0.00000000000000000E+00  0.00000000000000000E+00  0.00000000000000000E+00  5.47144799777530555E-02
8.01999999999999415E-03  0.00000000000000000E+00  0.00000000000000000E+00  9.77614151298098033E-01  0.00000000000000000E+00  0.00000000000000000E+00  0.00000000000000000E+00  5.47144799777530555E-02
8.05999999999999078E-03  0.00000000000000000E+00  0.00000000000000000E+00  9.82220842656373327E-01  0.00000000000000000E+00  0.00000000000000000E+00  0.00000000000000000E+00  5.47144799777530555E-02
8.09999999999999436E-03  0.00000000000000000E+00  0.00000000000000000E+00  9.86895176192710610E-01  0.00000000000000000E+00  0.00000000000000000E+00  0.00000000000000000E+00  5.47144799777530555E-02
8.13999999999998579E-03  0.00000000000000000E+00  0.00000000000000000E+00  9.91629360786308145E-01  0.00000000000000000E+00  0.00000000000000000E+00  0.00000000000000000E+00  5.47144799777530555E-02
8.17999999999998589E-03  0.00000000000000000E+00  0.00000000000000000E+00  9.96495798752513706E-01  0.00000000000000000E+00  0.00000000000000000E+00  0.00000000000000000E+00  5.47144799777530555E-02
8.21999999999998600E-03  0.00000000000000000E+00  0.00000000000000000E+00  1.00136269958214941E+00  0.00000000000000000E+00  0.00000000000000000E+00  0.00000000000000000E+00  5.47144799777530555E-02
8.25999999999998784E-03  0.00000000000000000E+00  0.00000000000000000E+00  1.00622991782603144E+00  0.00000000000000000E+00  0.00000000000000000E+00  0.00000000000000000E+00  5.47144799777530555E-02
8.29999999999997927E-03  0.00000000000000000E+00  0.00000000000000000E+00  1.01101952289374841E+00  0.00000000000000000E+00  0.00000000000000000E+00  0.00000000000000000E+00  5.47144799777530555E-02
8.33999999999997937E-03  0.00000000000000000E+00  0.00000000000000000E+00  1.01550627507274216E+00  0.00000000000000000E+00  0.00000000000000000E+00  0.00000000000000000E+00  5.47144799777530555E-02
8.37999999999998121E-03  0.00000000000000000E+00  0.00000000000000000E+00  1.01992222666096377E+00  0.00000000000000000E+00  0.00000000000000000E+00  0.00000000000000000E+00  5.47144799777530555E-02
8.41999999999998132E-03  0.00000000000000000E+00  0.00000000000000000E+00  1.02478455982558314E+00  0.00000000000000000E+00  0.00000000000000000E+00  0.00000000000000000E+00  5.47144799777530555E-02
8.45999999999997448E-03  0.00000000000000000E+00  0.00000000000000000E+00  1.02934220246673380E+00  0.00000000000000000E+00  0.00000000000000000E+00  0.00000000000000000E+00  5.38841427801724088E-02
8.49999999999997286E-03  0.00000000000000000E+00  0.00000000000000000E+00  1.03420577652337053E+00  0.00000000000000000E+00  0.00000000000000000E+00  0.00000000000000000E+00  5.38841427801724088E-02
8.53999999999997469E-03  0.00000000000000000E+00  0.00000000000000000E+00  1.03904884697379485E+00  0.00000000000000000E+00  0.00000000000000000E+00  0.00000000000000000E+00  5.38841427801724088E-02
8.57999999999997480E-03  0.00000000000000000E+00  0.00000000000000000E+00  1.04340296123312704E+00  0.00000000000000000E+00  0.00000000000000000E+00  0.00000000000000000E+00  5.31041290491118048E-02
8.61999999999996797E-03  0.00000000000000000E+00  0.00000000000000000E+00  1.04817204501243122E+00  0.00000000000000000E+00  0.00000000000000000E+00  0.00000000000000000E+00  5.31041290491118048E-02
8.65999999999996634E-03  0.00000000000000000E+00  0.00000000000000000E+00  1.05294309437069633E+00  0.00000000000000000E+00  0.00000000000000000E+00  0.00000000000000000E+00  5.31041290491118048E-02
8.69999999999996818E-03  0.00000000000000000E+00  0.00000000000000000E+00  1.05780302763874468E+00  0.00000000000000000E+00  0.00000000000000000E+00  0.00000000000000000E+00  5.31041290491118048E-02
8.73999999999996308E-03  0.00000000000000000E+00  0.00000000000000000E+00  1.06148090617402091E+00  0.00000000000000000E+00  0.00000000000000000E+00  0.00000000000000000E+00  5.29460197916666667E-02
8.77999999999995624E-03  0.00000000000000000E+00  0.00000000000000000E+00  1.06636354223997198E+00  0.00000000000000000E+00  0.00000000000000000E+00  0.00000000000000000E+00  5.29460197916666667E-02
8.81999999999995635E-03  0.00000000000000000E+00  0.00000000000000000E+00  1.07121953229085265E+00  0.00000000000000000E+00  0.00000000000000000E+00  0.00000000000000000E+00  5.29460197916666667E-02
8.85999999999995819E-03  0.00000000000000000E+00  0.00000000000000000E+00  1.07605078041241731E+00  0.00000000000000000E+00  0.00000000000000000E+00  0.00000000000000000E+00  5.29460197916666667E-02
8.89999999999995656E-03  0.00000000000000000E+00  0.00000000000000000E+00  1.08083304515680645E+00  0.00000000000000000E+00  0.00000000000000000E+00  0.00000000000000000E+00  5.29460197916666667E-02
8.93999999999994972E-03  0.00000000000000000E+00  0.00000000000000000E+00  1.08568684331004151E+00  0.00000000000000000E+00  0.00000000000000000E+00  0.00000000000000000E+00  5.21660060606060627E-02
8.97999999999994983E-03  0.00000000000000000E+00  0.00000000000000000E+00  1.09050914838154167E+00  0.00000000000000000E+00  0.00000000000000000E+00  0.00000000000000000E+00  5.21660060606060627E-02
9.01999999999993779E-03  0.00000000000000000E+00  0.00000000000000000E+00  1.09423238196437267E+00  0.00000000000000000E+00  0.00000000000000000E+00  0.00000000000000000E+00  5.29460197916666667E-02
9.05999999999993963E-03  0.00000000000000000E+00  0.00000000000000000E+00  1.09908330704717394E+00  0.00000000000000000E+00  0.00000000000000000E+00  0.00000000000000000E+00  5.29460197916666667E-02
9.09999999999994147E-03  0.00000000000000000E+00  0.00000000000000000E+00  1.10384329612266430E+00  0.00000000000000000E+00  0.00000000000000000E+00  0.00000000000000000E+00  5.29460197916666667E-02
9.13999999999993290E-03  0.00000000000000000E+00  0.00000000000000000E+00  1.10865600631904493E+00  0.00000000000000000E+00  0.00000000000000000E+00  0.00000000000000000E+00  5.29460197916666667E-02
9.17999999999994515E-03  0.00000000000000000E+00  0.00000000000000000E+00  1.11348446387679600E+00  0.00000000000000000E+00  0.00000000000000000E+00  0.00000000000000000E+00  5.29460197916666667E-02
9.21999999999994352E-03  0.00000000000000000E+00  0.00000000000000000E+00  1.11833262471376860E+00  0.00000000000000000E+00  0.00000000000000000E+00  0.00000000000000000E+00  5.21660060606060627E-02
9.25999999999993668E-03  0.00000000000000000E+00  0.00000000000000000E+00  1.12264738932138197E+00  0.00000000000000000E+00  0.00000000000000000E+00  0.00000000000000000E+00  5.21660060606060627E-02
9.29999999999993505E-03  0.00000000000000000E+00  0.00000000000000000E+00  1.12744986257503088E+00  0.00000000000000000E+00  0.00000000000000000E+00  0.00000000000000000E+00  5.21660060606060627E-02
9.33999999999993863E-03  0.00000000000000000E+00  0.00000000000000000E+00  1.13204039611458707E+00  0.00000000000000000E+00  0.00000000000000000E+00  0.00000000000000000E+00  5.21660060606060627E-02
9.37999999999993873E-03  0.00000000000000000E+00  0.00000000000000000E+00  1.13688576297273403E+00  0.00000000000000000E+00  0.00000000000000000E+00  0.00000000000000000E+00  5.21660060606060627E-02
9.41999999999993017E-03  0.00000000000000000E+00  0.00000000000000000E+00  1.14139304743221826E+00  0.00000000000000000E+00  0.00000000000000000E+00  0.00000000000000000E+00  5.12884071358748750E-02
9.45999999999993027E-03  0.00000000000000000E+00  0.00000000000000000E+00  1.14623719241883948E+00  0.00000000000000000E+00  0.00000000000000000E+00  0.00000000000000000E+00  5.12884071358748750E-02
9.49999999999993384E-03  0.00000000000000000E+00  0.00000000000000000E+00  1.15108148371325525E+00  0.00000000000000000E+00  0.00000000000000000E+00  0.00000000000000000E+00  5.12884071358748750E-02
9.53999999999993221E-03  0.00000000000000000E+00  0.00000000000000000E+00  1.15571095853317063E+00  0.00000000000000000E+00  0.00000000000000000E+00  0.00000000000000000E+00  5.04656581439393917E-02
9.57999999999992365E-03  0.00000000000000000E+00  0.00000000000000000E+00  1.16055442366967032E+00  0.00000000000000000E+00  0.00000000000000000E+00  0.00000000000000000E+00  5.04656581439393917E-02
9.61999999999992202E-03  0.00000000000000000E+00  0.00000000000000000E+00  1.16533141183222955E+00  0.00000000000000000E+00  0.00000000000000000E+00  0.00000000000000000E+00  5.04656581439393917E-02
9.65999999999992733E-03  0.00000000000000000E+00  0.00000000000000000E+00  1.16989703937751477E+00  0.00000000000000000E+00  0.00000000000000000E+00  0.00000000000000000E+00  5.04656581439393917E-02
9.69999999999992570E-03  0.00000000000000000E+00  0.00000000000000000E+00  1.17473854899079222E+00  0.00000000000000000E+00  0.00000000000000000E+00  0.00000000000000000E+00  5.04656581439393917E-02
9.73999999999991713E-03  0.00000000000000000E+00  0.00000000000000000E+00  1.17939438061803092E+00  0.00000000000000000E+00  0.00000000000000000E+00  0.00000000000000000E+00  4.96927727272727243E-02
9.77999999999991550E-03  0.00000000000000000E+00  0.00000000000000000E+00  1.18385993052918392E+00  0.00000000000000000E+00  0.00000000000000000E+00  0.00000000000000000E+00  4.89586421568627417E-02
9.81999999999992081E-03  0.00000000000000000E+00  0.00000000000000000E+00  1.18869919544423253E+00  0.00000000000000000E+00  0.00000000000000000E+00  0.00000000000000000E+00  4.89586421568627417E-02
9.85999999999991918E-03  0.00000000000000000E+00  0.00000000000000000E+00  1.19346636110030557E+00  0.00000000000000000E+00  0.00000000000000000E+00  0.00000000000000000E+00  4.89586421568627417E-02
9.89999999999991061E-03  0.00000000000000000E+00  0.00000000000000000E+00  1.19758042889684568E+00  0.00000000000000000E+00  0.00000000000000000E+00  0.00000000000000000E+00  4.75390403361344582E-02
9.93999999999990898E-03  0.00000000000000000E+00  0.00000000000000000E+00  1.20241743447143157E+00  0.00000000000000000E+00  0.00000000000000000E+00  0.00000000000000000E+00  4.75390403361344582E-02
9.97999999999991429E-03  0.00000000000000000E+00  0.00000000000000000E+00  1.20719484872108418E+00  0.00000000000000000E+00  0.00000000000000000E+00  0.00000000000000000E+00  4.75390403361344582E-02
