0.00000000000000000E+00  0.00000000000000000E+00  0.00000000000000000E+00  0.00000000000000000E+00  0.00000000000000000E+00  0.00000000000000000E+00  0.00000000000000000E+00  0.00000000000000000E+00
8.00000000000000608E-05  0.00000000000000000E+00  0.00000000000000000E+00  8.57621574006054987E-02  0.00000000000000000E+00  0.00000000000000000E+00  0.00000000000000000E+00  0.00000000000000000E+00
1.20000000000000030E-04  0.00000000000000000E+00  0.00000000000000000E+00  1.14693687540071754E-01  0.00000000000000000E+00  0.00000000000000000E+00  0.00000000000000000E+00  0.00000000000000000E+00
1.60000000000000338E-04  0.00000000000000000E+00  0.00000000000000000E+00  1.20687402055210891E-01  0.00000000000000000E+00  0.00000000000000000E+00  0.00000000000000000E+00  0.00000000000000000E+00
2.00000000000000470E-04  0.00000000000000000E+00  0.00000000000000000E+00  1.31017767705928267E-01  0.00000000000000000E+00  0.00000000000000000E+00  0.00000000000000000E+00  0.00000000000000000E+00
2.39999999999999898E-04  0.00000000000000000E+00  0.00000000000000000E+00  1.26525471303081644E-01  0.00000000000000000E+00  0.00000000000000000E+00  0.00000000000000000E+00  0.00000000000000000E+00
2.80000000000000572E-04  0.00000000000000000E+00  0.00000000000000000E+00  1.33397684790665189E-01  0.00000000000000000E+00  0.00000000000000000E+00  0.00000000000000000E+00  0.00000000000000000E+00
3.20000000000000894E-04  0.00000000000000000E+00  0.00000000000000000E+00  1.31499612533704041E-01  0.00000000000000000E+00  0.00000000000000000E+00  0.00000000000000000E+00  0.00000000000000000E+00
3.60000000000000998E-04  0.00000000000000000E+00  0.00000000000000000E+00  1.25283915602438817E-01  0.00000000000000000E+00  0.00000000000000000E+00  0.00000000000000000E+00  0.00000000000000000E+00
4.00000000000000995E-04  0.00000000000000000E+00  0.00000000000000000E+00  1.38362166790032909E-01  0.00000000000000000E+00  0.00000000000000000E+00  0.00000000000000000E+00  0.00000000000000000E+00
4.40000000000001046E-04  0.00000000000000000E+00  0.00000000000000000E+00  1.47081326287705066E-01  0.00000000000000000E+00  0.00000000000000000E+00  0.00000000000000000E+00  0.00000000000000000E+00
4.80000000000001367E-04  0.00000000000000000E+00  0.00000000000000000E+00  1.47357809184098715E-01  0.00000000000000000E+00  0.00000000000000000E+00  0.00000000000000000E+00  0.00000000000000000E+00
5.20000000000000822E-04  0.00000000000000000E+00  0.00000000000000000E+00  1.49048774210579354E-01  0.00000000000000000E+00  0.00000000000000000E+00  0.00000000000000000E+00  5.39325756644635650E-05
5.60000000000001144E-04  0.00000000000000000E+00  0.00000000000000000E+00  1.39755055984666421E-01  0.00000000000000000E+00  0.00000000000000000E+00  0.00000000000000000E+00  5.42156084450505296E-05
6.00000000000000815E-04  0.00000000000000000E+00  0.00000000000000000E+00  1.49017567759123781E-01  0.00000000000000000E+00  0.00000000000000000E+00  0.00000000000000000E+00  5.77481261588260177E-05
6.39999999999999402E-04  0.00000000000000000E+00  0.00000000000000000E+00  1.51858089046639999E-01  0.00000000000000000E+00  0.00000000000000000E+00  0.00000000000000000E+00  1.08263175058184667E-04
6.79999999999997664E-04  0.00000000000000000E+00  0.00000000000000000E+00  1.45752028227297048E-01  0.00000000000000000E+00  0.00000000000000000E+00  0.00000000000000000E+00  1.35679825244700063E-04
7.19999999999998527E-04  0.00000000000000000E+00  0.00000000000000000E+00  1.45766049545083126E-01  0.00000000000000000E+00  0.00000000000000000E+00  0.00000000000000000E+00  1.31969054324116396E-04
7.59999999999999283E-04  0.00000000000000000E+00  0.00000000000000000E+00  1.48555300441419624E-01  0.00000000000000000E+00  0.00000000000000000E+00  0.00000000000000000E+00  1.31600506477485196E-04
7.99999999999998737E-04  0.00000000000000000E+00  0.00000000000000000E+00  1.51202946620632023E-01  0.00000000000000000E+00  0.00000000000000000E+00  0.00000000000000000E+00  1.34366347242218670E-04
8.40000000000000360E-04  0.00000000000000000E+00  0.00000000000000000E+00  1.51156130905611558E-01  0.00000000000000000E+00  0.00000000000000000E+00  0.00000000000000000E+00  1.35758519980535989E-04
8.79999999999999598E-04  0.00000000000000000E+00  0.00000000000000000E+00  1.54580298243721104E-01  0.00000000000000000E+00  0.00000000000000000E+00  0.00000000000000000E+00  1.20462783839314337E-04
9.19999999999997426E-04  0.00000000000000000E+00  0.00000000000000000E+00  1.49175697034820504E-01  0.00000000000000000E+00  0.00000000000000000E+00  0.00000000000000000E+00  1.17297814669109935E-04
9.59999999999998506E-04  0.00000000000000000E+00  0.00000000000000000E+00  1.55011668239437184E-01  0.00000000000000000E+00  0.00000000000000000E+00  0.00000000000000000E+00  1.20138837353892436E-04
9.99999999999998503E-04  0.00000000000000000E+00  0.00000000000000000E+00  1.57968270258272703E-01  0.00000000000000000E+00  0.00000000000000000E+00  0.00000000000000000E+00  1.22376064406677090E-04
1.03999999999999948E-03  0.00000000000000000E+00  0.00000000000000000E+00  1.59826878987107152E-01  0.00000000000000000E+00  0.00000000000000000E+00  0.00000000000000000E+00  1.21797320479228631E-04
1.08000000000000435E-03  0.00000000000000000E+00  0.00000000000000000E+00  1.54774292227880389E-01  0.00000000000000000E+00  0.00000000000000000E+00  0.00000000000000000E+00  1.18830225079711704E-04
1.12000000000000359E-03  0.00000000000000000E+00  0.00000000000000000E+00  1.59862507790572789E-01  0.00000000000000000E+00  0.00000000000000000E+00  0.00000000000000000E+00  1.21876590702492654E-04
1.16000000000000326E-03  0.00000000000000000E+00  0.00000000000000000E+00  1.62272080800178103E-01  0.00000000000000000E+00  0.00000000000000000E+00  0.00000000000000000E+00  1.21439250817414134E-04
1.20000000000001377E-03  0.00000000000000000E+00  0.00000000000000000E+00  1.53415347990547818E-01  0.00000000000000000E+00  0.00000000000000000E+00  0.00000000000000000E+00  1.18116919174252911E-04
1.24000000000001388E-03  0.00000000000000000E+00  0.00000000000000000E+00  1.57701550905799931E-01  0.00000000000000000E+00  0.00000000000000000E+00  0.00000000000000000E+00  1.19694742727837942E-04
1.28000000000001485E-03  0.00000000000000000E+00  0.00000000000000000E+00  1.62737862568017699E-01  0.00000000000000000E+00  0.00000000000000000E+00  0.00000000000000000E+00  1.23518662794066950E-04
1.32000000000001495E-03  0.00000000000000000E+00  0.00000000000000000E+00  1.66202390264922395E-01  0.00000000000000000E+00  0.00000000000000000E+00  0.00000000000000000E+00  1.16536036002699991E-04
1.36000000000001419E-03  0.00000000000000000E+00  0.00000000000000000E+00  1.70196255261214291E-01  0.00000000000000000E+00  0.00000000000000000E+00  0.00000000000000000E+00  1.16711617758113653E-04
1.40000000000001408E-03  0.00000000000000000E+00  0.00000000000000000E+00  1.74055142812960056E-01  0.00000000000000000E+00  0.00000000000000000E+00  0.00000000000000000E+00  1.20183924638846796E-04
1.44000000000001570E-03  0.00000000000000000E+00  0.00000000000000000E+00  1.75129509181413068E-01  0.00000000000000000E+00  0.00000000000000000E+00  0.00000000000000000E+00  1.19111202569918093E-04
1.48000000000001537E-03  0.00000000000000000E+00  0.00000000000000000E+00  1.78691856779787661E-01  0.00000000000000000E+00  0.00000000000000000E+00  0.00000000000000000E+00  1.16119351905996006E-04
1.52000000000001440E-03  0.00000000000000000E+00  0.00000000000000000E+00  1.82797399896394069E-01  0.00000000000000000E+00  0.00000000000000000E+00  0.00000000000000000E+00  1.19227368384085757E-04
1.56000000000001342E-03  0.00000000000000000E+00  0.00000000000000000E+00  1.86538854672694043E-01  0.00000000000000000E+00  0.00000000000000000E+00  0.00000000000000000E+00  1.20819566970124424E-04
1.60000000000001287E-03  0.00000000000000000E+00  0.00000000000000000E+00  1.90394638793967230E-01  0.00000000000000000E+00  0.00000000000000000E+00  0.00000000000000000E+00  1.19317444626270666E-04
1.64000000000001493E-03  0.00000000000000000E+00  0.00000000000000000E+00  1.94315301134010465E-01  0.00000000000000000E+00  0.00000000000000000E+00  0.00000000000000000E+00  1.20720038885141481E-04
1.68000000000001481E-03  0.00000000000000000E+00  0.00000000000000000E+00  1.97703705040287891E-01  0.00000000000000000E+00  0.00000000000000000E+00  0.00000000000000000E+00  1.23152078205672450E-04
1.72000000000001362E-03  0.00000000000000000E+00  0.00000000000000000E+00  2.01297249543163276E-01  0.00000000000000000E+00  0.00000000000000000E+00  0.00000000000000000E+00  1.22197902436071206E-04
1.76000000000001307E-03  0.00000000000000000E+00  0.00000000000000000E+00  2.05198619434068391E-01  0.00000000000000000E+00  0.00000000000000000E+00  0.00000000000000000E+00  1.25071601424584053E-04
1.80000000000001535E-03  0.00000000000000000E+00  0.00000000000000000E+00  2.09076946222230997E-01  0.00000000000000000E+00  0.00000000000000000E+00  0.00000000000000000E+00  1.28190492218830179E-04
1.84000000000001437E-03  0.00000000000000000E+00  0.00000000000000000E+00  2.12132662507128200E-01  0.00000000000000000E+00  0.00000000000000000E+00  0.00000000000000000E+00  1.26199793151466938E-04
1.88000000000001447E-03  0.00000000000000000E+00  0.00000000000000000E+00  2.15591664052102228E-01  0.00000000000000000E+00  0.00000000000000000E+00  0.00000000000000000E+00  1.27845544291995420E-04
1.92000000000001436E-03  0.00000000000000000E+00  0.00000000000000000E+00  2.19434517618040614E-01  0.00000000000000000E+00  0.00000000000000000E+00  0.00000000000000000E+00  1.28933124895561036E-04
1.96000000000001555E-03  0.00000000000000000E+00  0.00000000000000000E+00  2.22777713206156303E-01  0.00000000000000000E+00  0.00000000000000000E+00  0.00000000000000000E+00  1.29144579679803489E-04
2.00000000000001002E-03  0.00000000000000000E+00  0.00000000000000000E+00  2.22713880007362197E-01  0.00000000000000000E+00  0.00000000000000000E+00  0.00000000000000000E+00  1.27946690368360553E-04
2.04000000000000882E-03  0.00000000000000000E+00  0.00000000000000000E+00  2.26736846289465471E-01  0.00000000000000000E+00  0.00000000000000000E+00  0.00000000000000000E+00  1.29637218259063105E-04
2.08000000000001066E-03  0.00000000000000000E+00  0.00000000000000000E+00  2.30665702919343990E-01  0.00000000000000000E+00  0.00000000000000000E+00  0.00000000000000000E+00  1.32194142538392685E-04
2.12000000000000903E-03  0.00000000000000000E+00  0.00000000000000000E+00  2.32092947878553724E-01  0.00000000000000000E+00  0.00000000000000000E+00  0.00000000000000000E+00  1.30532866215914172E-04
2.16000000000000870E-03  0.00000000000000000E+00  0.00000000000000000E+00  2.36049952569822058E-01  0.00000000000000000E+00  0.00000000000000000E+00  0.00000000000000000E+00  1.32896538896584281E-04
2.20000000000000794E-03  0.00000000000000000E+00  0.00000000000000000E+00  2.39434241739156506E-01  0.00000000000000000E+00  0.00000000000000000E+00  0.00000000000000000E+00  1.34363347801550663E-04
2.24000000000000718E-03  0.00000000000000000E+00  0.00000000000000000E+00  2.42614104874868092E-01  0.00000000000000000E+00  0.00000000000000000E+00  0.00000000000000000E+00  1.37533188271863499E-04
2.28000000000000555E-03  0.00000000000000000E+00  0.00000000000000000E+00  2.45672722143453232E-01  0.00000000000000000E+00  0.00000000000000000E+00  0.00000000000000000E+00  1.38240304345193583E-04
2.32000000000000652E-03  0.00000000000000000E+00  0.00000000000000000E+00  2.49667029197236989E-01  0.00000000000000000E+00  0.00000000000000000E+00  0.00000000000000000E+00  1.39568795346777929E-04
2.36000000000000619E-03  0.00000000000000000E+00  0.00000000000000000E+00  2.52349496963819808E-01  0.00000000000000000E+00  0.00000000000000000E+00  0.00000000000000000E+00  1.41701136250279929E-04
2.40000000000000846E-03  0.00000000000000000E+00  0.00000000000000000E+00  2.56397094690818395E-01  0.00000000000000000E+00  0.00000000000000000E+00  0.00000000000000000E+00  1.43052963776617743E-04
2.44000000000001030E-03  0.00000000000000000E+00  0.00000000000000000E+00  2.59550549651617835E-01  0.00000000000000000E+00  0.00000000000000000E+00  0.00000000000000000E+00  1.44421858775222530E-04
2.48000000000000954E-03  0.00000000000000000E+00  0.00000000000000000E+00  2.63099375328678386E-01  0.00000000000000000E+00  0.00000000000000000E+00  0.00000000000000000E+00  1.46689501510707235E-04
2.52000000000000791E-03  0.00000000000000000E+00  0.00000000000000000E+00  2.66541091820280518E-01  0.00000000000000000E+00  0.00000000000000000E+00  0.00000000000000000E+00  1.48275915988549346E-04
2.56000000000000715E-03  0.00000000000000000E+00  0.00000000000000000E+00  2.70141821577732477E-01  0.00000000000000000E+00  0.00000000000000000E+00  0.00000000000000000E+00  1.47543463777436058E-04
2.60000000000000639E-03  0.00000000000000000E+00  0.00000000000000000E+00  2.73430263712356014E-01  0.00000000000000000E+00  0.00000000000000000E+00  0.00000000000000000E+00  1.47540007510744400E-04
2.64000000000000476E-03  0.00000000000000000E+00  0.00000000000000000E+00  2.76606331737242694E-01  0.00000000000000000E+00  0.00000000000000000E+00  0.00000000000000000E+00  1.50806129407176373E-04
2.68000000000000616E-03  0.00000000000000000E+00  0.00000000000000000E+00  2.80058196842275120E-01  0.00000000000000000E+00  0.00000000000000000E+00  0.00000000000000000E+00  1.53189398583429093E-04
2.72000000000000974E-03  0.00000000000000000E+00  0.00000000000000000E+00  2.82574229666399557E-01  0.00000000000000000E+00  0.00000000000000000E+00  0.00000000000000000E+00  1.51352420594648462E-04
2.76000000000001114E-03  0.00000000000000000E+00  0.00000000000000000E+00  2.84896150171031481E-01  0.00000000000000000E+00  0.00000000000000000E+00  0.00000000000000000E+00  1.55624384952467566E-04
2.80000000000001038E-03  0.00000000000000000E+00  0.00000000000000000E+00  2.88738833555041263E-01  0.00000000000000000E+00  0.00000000000000000E+00  0.00000000000000000E+00  1.57855668469641984E-04
2.84000000000000962E-03  0.00000000000000000E+00  0.00000000000000000E+00  2.92086753532926235E-01  0.00000000000000000E+00  0.00000000000000000E+00  0.00000000000000000E+00  1.59892057571600800E-04
2.88000000000000799E-03  0.00000000000000000E+00  0.00000000000000000E+00  2.95225444127329040E-01  0.00000000000000000E+00  0.00000000000000000E+00  0.00000000000000000E+00  1.60768405709023820E-04
2.92000000000000896E-03  0.00000000000000000E+00  0.00000000000000000E+00  2.98686938362835441E-01  0.00000000000000000E+00  0.00000000000000000E+00  0.00000000000000000E+00  1.61229252200029290E-04
2.96000000000000820E-03  0.00000000000000000E+00  0.00000000000000000E+00  3.02319944250397488E-01  0.00000000000000000E+00  0.00000000000000000E+00  0.00000000000000000E+00  1.64745580536063987E-04
3.00000000000000657E-03  0.00000000000000000E+00  0.00000000000000000E+00  3.05819638583141873E-01  0.00000000000000000E+00  0.00000000000000000E+00  0.00000000000000000E+00  1.61793375552375576E-04
3.04000000000001144E-03  0.00000000000000000E+00  0.00000000000000000E+00  3.09569522130460073E-01  0.00000000000000000E+00  0.00000000000000000E+00  0.00000000000000000E+00  1.64035820303247919E-04
3.08000000000001025E-03  0.00000000000000000E+00  0.00000000000000000E+00  3.13197827221266989E-01  0.00000000000000000E+00  0.00000000000000000E+00  0.00000000000000000E+00  1.64599915491228698E-04
3.12000000000001035E-03  0.00000000000000000E+00  0.00000000000000000E+00  3.16929277184927471E-01  0.00000000000000000E+00  0.00000000000000000E+00  0.00000000000000000E+00  1.66651946291315544E-04
3.16000000000000959E-03  0.00000000000000000E+00  0.00000000000000000E+00  3.20306514521830621E-01  0.00000000000000000E+00  0.00000000000000000E+00  0.00000000000000000E+00  1.66120741832162148E-04
3.20000000000000796E-03  0.00000000000000000E+00  0.00000000000000000E+00  3.23102058000736048E-01  0.00000000000000000E+00  0.00000000000000000E+00  0.00000000000000000E+00  1.66156745613268162E-04
3.24000000000000720E-03  0.00000000000000000E+00  0.00000000000000000E+00  3.26977183380121772E-01  0.00000000000000000E+00  0.00000000000000000E+00  0.00000000000000000E+00  1.68236207176468845E-04
3.28000000000000600E-03  0.00000000000000000E+00  0.00000000000000000E+00  3.30272765516427813E-01  0.00000000000000000E+00  0.00000000000000000E+00  0.00000000000000000E+00  1.69367655490872918E-04
3.32000000000000611E-03  0.00000000000000000E+00  0.00000000000000000E+00  3.33571667310841813E-01  0.00000000000000000E+00  0.00000000000000000E+00  0.00000000000000000E+00  1.74145158464735969E-04
3.36000000000000534E-03  0.00000000000000000E+00  0.00000000000000000E+00  3.37030147139694203E-01  0.00000000000000000E+00  0.00000000000000000E+00  0.00000000000000000E+00  1.76225759471058756E-04
3.40000000000001065E-03  0.00000000000000000E+00  0.00000000000000000E+00  3.40652055778994767E-01  0.00000000000000000E+00  0.00000000000000000E+00  0.00000000000000000E+00  1.78305414831924150E-04
3.44000000000000989E-03  0.00000000000000000E+00  0.00000000000000000E+00  3.43822035905333945E-01  0.00000000000000000E+00  0.00000000000000000E+00  0.00000000000000000E+00  1.77403628353131024E-04
3.48000000000001000E-03  0.00000000000000000E+00  0.00000000000000000E+00  3.47185078348064113E-01  0.00000000000000000E+00  0.00000000000000000E+00  0.00000000000000000E+00  1.79384405854862131E-04
3.52000000000000923E-03  0.00000000000000000E+00  0.00000000000000000E+00  3.50923371594620559E-01  0.00000000000000000E+00  0.00000000000000000E+00  0.00000000000000000E+00  1.81469041497707634E-04
3.56000000000000847E-03  0.00000000000000000E+00  0.00000000000000000E+00  3.54381049858032149E-01  0.00000000000000000E+00  0.00000000000000000E+00  0.00000000000000000E+00  1.83486166851166141E-04
3.60000000000000771E-03  0.00000000000000000E+00  0.00000000000000000E+00  3.57491350907645278E-01  0.00000000000000000E+00  0.00000000000000000E+00  0.00000000000000000E+00  1.85601441275421857E-04
3.64000000000000738E-03  0.00000000000000000E+00  0.00000000000000000E+00  3.60988016463268446E-01  0.00000000000000000E+00  0.00000000000000000E+00  0.00000000000000000E+00  1.85921250439349757E-04
3.68000000000000662E-03  0.00000000000000000E+00  0.00000000000000000E+00  3.64280243003075488E-01  0.00000000000000000E+00  0.00000000000000000E+00  0.00000000000000000E+00  1.88567197097107189E-04
3.72000000000001106E-03  0.00000000000000000E+00  0.00000000000000000E+00  3.67556532634173871E-01  0.00000000000000000E+00  0.00000000000000000E+00  0.00000000000000000E+00  1.87740814944380846E-04
3.76000000000001030E-03  0.00000000000000000E+00  0.00000000000000000E+00  3.71101013114366163E-01  0.00000000000000000E+00  0.00000000000000000E+00  0.00000000000000000E+00  1.89697968938866434E-04
3.80000000000000780E-03  0.00000000000000000E+00  0.00000000000000000E+00  3.74608524372528284E-01  0.00000000000000000E+00  0.00000000000000000E+00  0.00000000000000000E+00  1.91658246700977233E-04
3.84000000000000920E-03  0.00000000000000000E+00  0.00000000000000000E+00  3.78342952632103491E-01  0.00000000000000000E+00  0.00000000000000000E+00  0.00000000000000000E+00  1.91531318505382841E-04
3.88000000000000671E-03  0.00000000000000000E+00  0.00000000000000000E+00  3.81966813528037241E-01  0.00000000000000000E+00  0.00000000000000000E+00  0.00000000000000000E+00  1.93539550390305494E-04
3.92000000000000768E-03  0.00000000000000000E+00  0.00000000000000000E+00  3.85653076182328691E-01  0.00000000000000000E+00  0.00000000000000000E+00  0.00000000000000000E+00  1.94258617764725384E-04
3.96000000000000778E-03  0.00000000000000000E+00  0.00000000000000000E+00  3.88735844578787293E-01  0.00000000000000000E+00  0.00000000000000000E+00  0.00000000000000000E+00  1.96284189597629175E-04
4.00000000000000442E-03  0.00000000000000000E+00  0.00000000000000000E+00  3.92370921375221060E-01  0.00000000000000000E+00  0.00000000000000000E+00  0.00000000000000000E+00  1.98237644004299195E-04
4.04000000000000626E-03  0.00000000000000000E+00  0.00000000000000000E+00  3.96149118301306780E-01  0.00000000000000000E+00  0.00000000000000000E+00  0.00000000000000000E+00  2.00123236019064313E-04
4.08000000000000983E-03  0.00000000000000000E+00  0.00000000000000000E+00  3.98945433389560511E-01  0.00000000000000000E+00  0.00000000000000000E+00  0.00000000000000000E+00  1.95931661647788741E-04
4.12000000000000994E-03  0.00000000000000000E+00  0.00000000000000000E+00  4.02755203610517309E-01  0.00000000000000000E+00  0.00000000000000000E+00  0.00000000000000000E+00  1.97847761171771736E-04
4.16000000000000831E-03  0.00000000000000000E+00  0.00000000000000000E+00  4.06345674162364168E-01  0.00000000000000000E+00  0.00000000000000000E+00  0.00000000000000000E+00  1.99740683347778599E-04
4.20000000000000841E-03  0.00000000000000000E+00  0.00000000000000000E+00  4.10164266402895161E-01  0.00000000000000000E+00  0.00000000000000000E+00  0.00000000000000000E+00  2.01631230842127797E-04
4.24000000000001112E-03  0.00000000000000000E+00  0.00000000000000000E+00  4.14030365348970864E-01  0.00000000000000000E+00  0.00000000000000000E+00  0.00000000000000000E+00  2.03549147996517790E-04
4.28000000000000689E-03  0.00000000000000000E+00  0.00000000000000000E+00  4.17104446501906700E-01  0.00000000000000000E+00  0.00000000000000000E+00  0.00000000000000000E+00  2.05287634201260967E-04
4.32000000000000786E-03  0.00000000000000000E+00  0.00000000000000000E+00  4.20800316042020395E-01  0.00000000000000000E+00  0.00000000000000000E+00  0.00000000000000000E+00  2.07292962453574663E-04
4.36000000000000623E-03  0.00000000000000000E+00  0.00000000000000000E+00  4.24016066694637150E-01  0.00000000000000000E+00  0.00000000000000000E+00  0.00000000000000000E+00  2.08310648269185880E-04
4.40000000000000634E-03  0.00000000000000000E+00  0.00000000000000000E+00  4.26997920672393450E-01  0.00000000000000000E+00  0.00000000000000000E+00  0.00000000000000000E+00  2.10456431991787373E-04
4.44000000000000297E-03  0.00000000000000000E+00  0.00000000000000000E+00  4.30811208349086261E-01  0.00000000000000000E+00  0.00000000000000000E+00  0.00000000000000000E+00  2.12342657353603429E-04
4.48000000000000915E-03  0.00000000000000000E+00  0.00000000000000000E+00  4.34103597801812402E-01  0.00000000000000000E+00  0.00000000000000000E+00  0.00000000000000000E+00  2.12966323693429923E-04
4.52000000000000665E-03  0.00000000000000000E+00  0.00000000000000000E+00  4.37826494093014551E-01  0.00000000000000000E+00  0.00000000000000000E+00  0.00000000000000000E+00  2.14920523206953601E-04
4.56000000000000762E-03  0.00000000000000000E+00  0.00000000000000000E+00  4.40979826570168876E-01  0.00000000000000000E+00  0.00000000000000000E+00  0.00000000000000000E+00  2.15708693581020744E-04
4.60000000000000339E-03  0.00000000000000000E+00  0.00000000000000000E+00  4.44739182299916547E-01  0.00000000000000000E+00  0.00000000000000000E+00  0.00000000000000000E+00  2.17579770262182296E-04
4.64000000000000610E-03  0.00000000000000000E+00  0.00000000000000000E+00  4.48549106814050302E-01  0.00000000000000000E+00  0.00000000000000000E+00  0.00000000000000000E+00  2.19473712555900329E-04
4.68000000000000967E-03  0.00000000000000000E+00  0.00000000000000000E+00  4.51658440899726399E-01  0.00000000000000000E+00  0.00000000000000000E+00  0.00000000000000000E+00  2.21282075213757260E-04
4.72000000000000544E-03  0.00000000000000000E+00  0.00000000000000000E+00  4.55300477220474453E-01  0.00000000000000000E+00  0.00000000000000000E+00  0.00000000000000000E+00  2.23124525138771823E-04
4.76000000000001335E-03  0.00000000000000000E+00  0.00000000000000000E+00  4.58636912661886442E-01  0.00000000000000000E+00  0.00000000000000000E+00  0.00000000000000000E+00  2.25080627239173802E-04
4.80000000000000739E-03  0.00000000000000000E+00  0.00000000000000000E+00  4.60978309119621787E-01  0.00000000000000000E+00  0.00000000000000000E+00  0.00000000000000000E+00  2.14173159033325257E-04
4.84000000000001009E-03  0.00000000000000000E+00  0.00000000000000000E+00  4.64465676102040537E-01  0.00000000000000000E+00  0.00000000000000000E+00  0.00000000000000000E+00  2.14140682849405200E-04
4.88000000000000499E-03  0.00000000000000000E+00  0.00000000000000000E+00  4.68051983736719690E-01  0.00000000000000000E+00  0.00000000000000000E+00  0.00000000000000000E+00  2.15904362948524830E-04
4.92000000000000857E-03  0.00000000000000000E+00  0.00000000000000000E+00  4.71824266586254926E-01  0.00000000000000000E+00  0.00000000000000000E+00  0.00000000000000000E+00  2.17676619413108703E-04
4.96000000000001041E-03  0.00000000000000000E+00  0.00000000000000000E+00  4.75594968448731670E-01  0.00000000000000000E+00  0.00000000000000000E+00  0.00000000000000000E+00  2.16254876766765181E-04
5.00000000000000704E-03  0.00000000000000000E+00  0.00000000000000000E+00  4.78732120416309914E-01  0.00000000000000000E+00  0.00000000000000000E+00  0.00000000000000000E+00  2.20343929108119177E-04
5.04000000000000975E-03  0.00000000000000000E+00  0.00000000000000000E+00  4.82527540083059370E-01  0.00000000000000000E+00  0.00000000000000000E+00  0.00000000000000000E+00  2.22099489615662727E-04
5.08000000000000812E-03  0.00000000000000000E+00  0.00000000000000000E+00  4.86269357506299460E-01  0.00000000000000000E+00  0.00000000000000000E+00  0.00000000000000000E+00  2.23846772706840771E-04
5.12000000000001083E-03  0.00000000000000000E+00  0.00000000000000000E+00  4.90021558082284814E-01  0.00000000000000000E+00  0.00000000000000000E+00  0.00000000000000000E+00  2.25559918219325837E-04
5.16000000000000746E-03  0.00000000000000000E+00  0.00000000000000000E+00  4.93221098768140076E-01  0.00000000000000000E+00  0.00000000000000000E+00  0.00000000000000000E+00  2.27301845127549605E-04
5.20000000000001104E-03  0.00000000000000000E+00  0.00000000000000000E+00  4.97004052140938624E-01  0.00000000000000000E+00  0.00000000000000000E+00  0.00000000000000000E+00  2.29068051906290704E-04
5.24000000000001374E-03  0.00000000000000000E+00  0.00000000000000000E+00  5.00794597602892355E-01  0.00000000000000000E+00  0.00000000000000000E+00  0.00000000000000000E+00  2.30837517706530652E-04
5.28000000000000951E-03  0.00000000000000000E+00  0.00000000000000000E+00  5.03896794646814694E-01  0.00000000000000000E+00  0.00000000000000000E+00  0.00000000000000000E+00  2.26681680453778210E-04
5.32000000000001222E-03  0.00000000000000000E+00  0.00000000000000000E+00  5.07689834160905629E-01  0.00000000000000000E+00  0.00000000000000000E+00  0.00000000000000000E+00  2.28404439725784326E-04
5.36000000000000625E-03  0.00000000000000000E+00  0.00000000000000000E+00  5.10906872351625352E-01  0.00000000000000000E+00  0.00000000000000000E+00  0.00000000000000000E+00  2.30081551269513580E-04
5.40000000000001330E-03  0.00000000000000000E+00  0.00000000000000000E+00  5.14159983590628866E-01  0.00000000000000000E+00  0.00000000000000000E+00  0.00000000000000000E+00  2.29432084408776472E-04
5.44000000000000906E-03  0.00000000000000000E+00  0.00000000000000000E+00  5.17893255178909273E-01  0.00000000000000000E+00  0.00000000000000000E+00  0.00000000000000000E+00  2.31159210404274014E-04
5.48000000000001177E-03  0.00000000000000000E+00  0.00000000000000000E+00  5.21075947227543912E-01  0.00000000000000000E+00  0.00000000000000000E+00  0.00000000000000000E+00  2.30671981133540027E-04
5.52000000000000580E-03  0.00000000000000000E+00  0.00000000000000000E+00  5.24493156543042294E-01  0.00000000000000000E+00  0.00000000000000000E+00  0.00000000000000000E+00  2.32477778067197074E-04
5.56000000000001025E-03  0.00000000000000000E+00  0.00000000000000000E+00  5.27861556183140679E-01  0.00000000000000000E+00  0.00000000000000000E+00  0.00000000000000000E+00  2.34252585711070552E-04
5.60000000000001382E-03  0.00000000000000000E+00  0.00000000000000000E+00  5.30736395333065269E-01  0.00000000000000000E+00  0.00000000000000000E+00  0.00000000000000000E+00  2.35939941604044036E-04
5.64000000000000872E-03  0.00000000000000000E+00  0.00000000000000000E+00  5.33835327306532714E-01  0.00000000000000000E+00  0.00000000000000000E+00  0.00000000000000000E+00  2.37408259066551402E-04
5.68000000000001577E-03  0.00000000000000000E+00  0.00000000000000000E+00  5.37009551316068978E-01  0.00000000000000000E+00  0.00000000000000000E+00  0.00000000000000000E+00  2.43296884056675355E-04
5.72000000000001067E-03  0.00000000000000000E+00  0.00000000000000000E+00  5.40410709821543267E-01  0.00000000000000000E+00  0.00000000000000000E+00  0.00000000000000000E+00  2.44941941133903596E-04
5.76000000000001598E-03  0.00000000000000000E+00  0.00000000000000000E+00  5.43092369717989576E-01  0.00000000000000000E+00  0.00000000000000000E+00  0.00000000000000000E+00  2.42868081728852723E-04
5.80000000000002042E-03  0.00000000000000000E+00  0.00000000000000000E+00  5.46849473950949738E-01  0.00000000000000000E+00  0.00000000000000000E+00  0.00000000000000000E+00  2.40743273071239905E-04
5.84000000000001792E-03  0.00000000000000000E+00  0.00000000000000000E+00  5.50230823459255225E-01  0.00000000000000000E+00  0.00000000000000000E+00  0.00000000000000000E+00  2.42372034191906715E-04
5.88000000000002236E-03  0.00000000000000000E+00  0.00000000000000000E+00  5.53617292863126331E-01  0.00000000000000000E+00  0.00000000000000000E+00  0.00000000000000000E+00  2.44643293571916677E-04
5.92000000000001639E-03  0.00000000000000000E+00  0.00000000000000000E+00  5.56998908791324410E-01  0.00000000000000000E+00  0.00000000000000000E+00  0.00000000000000000E+00  2.50032151613409619E-04
5.96000000000002170E-03  0.00000000000000000E+00  0.00000000000000000E+00  5.59977079047103143E-01  0.00000000000000000E+00  0.00000000000000000E+00  0.00000000000000000E+00  2.46985369371120896E-04
6.00000000000002701E-03  0.00000000000000000E+00  0.00000000000000000E+00  5.63565960225454132E-01  0.00000000000000000E+00  0.00000000000000000E+00  0.00000000000000000E+00  2.48607331113518304E-04
6.04000000000002018E-03  0.00000000000000000E+00  0.00000000000000000E+00  5.66577962786464329E-01  0.00000000000000000E+00  0.00000000000000000E+00  0.00000000000000000E+00  2.50297647991798205E-04
6.08000000000002722E-03  0.00000000000000000E+00  0.00000000000000000E+00  5.69656929534537393E-01  0.00000000000000000E+00  0.00000000000000000E+00  0.00000000000000000E+00  2.49549223506210832E-04
6.12000000000002212E-03  0.00000000000000000E+00  0.00000000000000000E+00  5.72927369409571674E-01  0.00000000000000000E+00  0.00000000000000000E+00  0.00000000000000000E+00  2.51041885126880452E-04
6.16000000000002570E-03  0.00000000000000000E+00  0.00000000000000000E+00  5.76148136800719635E-01  0.00000000000000000E+00  0.00000000000000000E+00  0.00000000000000000E+00  2.50397840231284311E-04
6.20000000000003101E-03  0.00000000000000000E+00  0.00000000000000000E+00  5.78425936147673903E-01  0.00000000000000000E+00  0.00000000000000000E+00  0.00000000000000000E+00  2.51239417560846466E-04
6.24000000000002417E-03  0.00000000000000000E+00  0.00000000000000000E+00  5.81958901607816159E-01  0.00000000000000000E+00  0.00000000000000000E+00  0.00000000000000000E+00  2.52860677668350351E-04
6.28000000000002861E-03  0.00000000000000000E+00  0.00000000000000000E+00  5.84750785759818981E-01  0.00000000000000000E+00  0.00000000000000000E+00  0.00000000000000000E+00  2.56928639387934000E-04
6.32000000000002265E-03  0.00000000000000000E+00  0.00000000000000000E+00  5.87958356389523651E-01  0.00000000000000000E+00  0.00000000000000000E+00  0.00000000000000000E+00  2.60993441934151329E-04
6.36000000000003056E-03  0.00000000000000000E+00  0.00000000000000000E+00  5.91162812678484695E-01  0.00000000000000000E+00  0.00000000000000000E+00  0.00000000000000000E+00  2.58511817576002130E-04
6.40000000000002286E-03  0.00000000000000000E+00  0.00000000000000000E+00  5.94740340452978078E-01  0.00000000000000000E+00  0.00000000000000000E+00  0.00000000000000000E+00  2.60101857011361341E-04
6.44000000000002817E-03  0.00000000000000000E+00  0.00000000000000000E+00  5.97669832660147060E-01  0.00000000000000000E+00  0.00000000000000000E+00  0.00000000000000000E+00  2.63510185967500083E-04
6.48000000000003348E-03  0.00000000000000000E+00  0.00000000000000000E+00  6.01152240992060216E-01  0.00000000000000000E+00  0.00000000000000000E+00  0.00000000000000000E+00  2.65477692826295323E-04
6.52000000000002664E-03  0.00000000000000000E+00  0.00000000000000000E+00  6.04603810040651446E-01  0.00000000000000000E+00  0.00000000000000000E+00  0.00000000000000000E+00  2.61835683687575388E-04
6.56000000000003195E-03  0.00000000000000000E+00  0.00000000000000000E+00  6.07439438625144157E-01  0.00000000000000000E+00  0.00000000000000000E+00  0.00000000000000000E+00  2.63332006747247962E-04
6.60000000000002772E-03  0.00000000000000000E+00  0.00000000000000000E+00  6.10618243143019712E-01  0.00000000000000000E+00  0.00000000000000000E+00  0.00000000000000000E+00  2.64014274729074041E-04
6.64000000000003303E-03  0.00000000000000000E+00  0.00000000000000000E+00  6.14069722952910513E-01  0.00000000000000000E+00  0.00000000000000000E+00  0.00000000000000000E+00  2.63259366207077908E-04
6.68000000000002619E-03  0.00000000000000000E+00  0.00000000000000000E+00  6.17463731129562654E-01  0.00000000000000000E+00  0.00000000000000000E+00  0.00000000000000000E+00  2.64933351887231341E-04
6.72000000000003064E-03  0.00000000000000000E+00  0.00000000000000000E+00  6.20427738184165856E-01  0.00000000000000000E+00  0.00000000000000000E+00  0.00000000000000000E+00  2.64273517668978737E-04
6.76000000000002293E-03  0.00000000000000000E+00  0.00000000000000000E+00  6.23418790860302274E-01  0.00000000000000000E+00  0.00000000000000000E+00  0.00000000000000000E+00  2.65883478115974074E-04
6.80000000000002911E-03  0.00000000000000000E+00  0.00000000000000000E+00  6.26756199929624391E-01  0.00000000000000000E+00  0.00000000000000000E+00  0.00000000000000000E+00  2.67455113055863926E-04
6.84000000000003529E-03  0.00000000000000000E+00  0.00000000000000000E+00  6.30166932207544828E-01  0.00000000000000000E+00  0.00000000000000000E+00  0.00000000000000000E+00  2.68968087195445651E-04
6.88000000000002672E-03  0.00000000000000000E+00  0.00000000000000000E+00  6.33822373318157828E-01  0.00000000000000000E+00  0.00000000000000000E+00  0.00000000000000000E+00  2.70535562647052888E-04
6.92000000000003550E-03  0.00000000000000000E+00  0.00000000000000000E+00  6.36681802960577969E-01  0.00000000000000000E+00  0.00000000000000000E+00  0.00000000000000000E+00  2.77669155025143520E-04
6.96000000000002780E-03  0.00000000000000000E+00  0.00000000000000000E+00  6.39843439359495836E-01  0.00000000000000000E+00  0.00000000000000000E+00  0.00000000000000000E+00  2.77232989586652075E-04
7.00000000000003224E-03  0.00000000000000000E+00  0.00000000000000000E+00  6.43219671958988659E-01  0.00000000000000000E+00  0.00000000000000000E+00  0.00000000000000000E+00  2.78533102662077974E-04
7.04000000000002454E-03  0.00000000000000000E+00  0.00000000000000000E+00  6.46013395395735213E-01  0.00000000000000000E+00  0.00000000000000000E+00  0.00000000000000000E+00  2.82952997201292513E-04
7.08000000000003245E-03  0.00000000000000000E+00  0.00000000000000000E+00  6.49675898843494193E-01  0.00000000000000000E+00  0.00000000000000000E+00  0.00000000000000000E+00  2.84619832645972035E-04
7.12000000000003689E-03  0.00000000000000000E+00  0.00000000000000000E+00  6.53319560688744749E-01  0.00000000000000000E+00  0.00000000000000000E+00  0.00000000000000000E+00  2.86297497099728270E-04
7.16000000000003092E-03  0.00000000000000000E+00  0.00000000000000000E+00  6.56690478541664291E-01  0.00000000000000000E+00  0.00000000000000000E+00  0.00000000000000000E+00  2.88169653410875982E-04
7.20000000000003797E-03  0.00000000000000000E+00  0.00000000000000000E+00  6.60303436547343803E-01  0.00000000000000000E+00  0.00000000000000000E+00  0.00000000000000000E+00  2.89850988983330368E-04
7.24000000000003027E-03  0.00000000000000000E+00  0.00000000000000000E+00  6.63510886948729062E-01  0.00000000000000000E+00  0.00000000000000000E+00  0.00000000000000000E+00  2.91514617724247934E-04
7.28000000000003818E-03  0.00000000000000000E+00  0.00000000000000000E+00  6.66700613187503066E-01  0.00000000000000000E+00  0.00000000000000000E+00  0.00000000000000000E+00  2.90441918411505056E-04
7.32000000000004262E-03  0.00000000000000000E+00  0.00000000000000000E+00  6.69839403410517176E-01  0.00000000000000000E+00  0.00000000000000000E+00  0.00000000000000000E+00  2.92105101839879706E-04
7.36000000000003492E-03  0.00000000000000000E+00  0.00000000000000000E+00  6.72355979879491583E-01  0.00000000000000000E+00  0.00000000000000000E+00  0.00000000000000000E+00  2.93031869465719169E-04
7.40000000000003762E-03  0.00000000000000000E+00  0.00000000000000000E+00  6.75648617366208737E-01  0.00000000000000000E+00  0.00000000000000000E+00  0.00000000000000000E+00  2.93612102750769651E-04
7.44000000000003339E-03  0.00000000000000000E+00  0.00000000000000000E+00  6.78912395664158286E-01  0.00000000000000000E+00  0.00000000000000000E+00  0.00000000000000000E+00  2.95327118629955373E-04
7.48000000000004044E-03  0.00000000000000000E+00  0.00000000000000000E+00  6.82370668301366945E-01  0.00000000000000000E+00  0.00000000000000000E+00  0.00000000000000000E+00  2.96961670291400175E-04
7.52000000000003100E-03  0.00000000000000000E+00  0.00000000000000000E+00  6.85273887851877928E-01  0.00000000000000000E+00  0.00000000000000000E+00  0.00000000000000000E+00  2.94475873554278977E-04
7.56000000000003544E-03  0.00000000000000000E+00  0.00000000000000000E+00  6.88909261963063901E-01  0.00000000000000000E+00  0.00000000000000000E+00  0.00000000000000000E+00  2.96058197750938431E-04
7.60000000000003294E-03  0.00000000000000000E+00  0.00000000000000000E+00  6.92430621309274130E-01  0.00000000000000000E+00  0.00000000000000000E+00  0.00000000000000000E+00  2.97615926480667456E-04
7.64000000000003565E-03  0.00000000000000000E+00  0.00000000000000000E+00  6.95906603164146653E-01  0.00000000000000000E+00  0.00000000000000000E+00  0.00000000000000000E+00  2.99115662172894721E-04
7.68000000000003836E-03  0.00000000000000000E+00  0.00000000000000000E+00  6.99540019474799601E-01  0.00000000000000000E+00  0.00000000000000000E+00  0.00000000000000000E+00  3.00684192327786085E-04
7.72000000000003586E-03  0.00000000000000000E+00  0.00000000000000000E+00  7.03115517058885531E-01  0.00000000000000000E+00  0.00000000000000000E+00  0.00000000000000000E+00  3.02193122109191653E-04
7.76000000000004291E-03  0.00000000000000000E+00  0.00000000000000000E+00  7.06250350399126980E-01  0.00000000000000000E+00  0.00000000000000000E+00  0.00000000000000000E+00  3.03096735259442672E-04
7.80000000000003520E-03  0.00000000000000000E+00  0.00000000000000000E+00  7.09592730812307115E-01  0.00000000000000000E+00  0.00000000000000000E+00  0.00000000000000000E+00  2.99858580972991572E-04
7.84000000000003618E-03  0.00000000000000000E+00  0.00000000000000000E+00  7.12809219403101268E-01  0.00000000000000000E+00  0.00000000000000000E+00  0.00000000000000000E+00  3.01386116642298309E-04
7.88000000000004669E-03  0.00000000000000000E+00  0.00000000000000000E+00  7.16088519965950465E-01  0.00000000000000000E+00  0.00000000000000000E+00  0.00000000000000000E+00  3.03023132691619115E-04
7.92000000000003639E-03  0.00000000000000000E+00  0.00000000000000000E+00  7.19042218981970183E-01  0.00000000000000000E+00  0.00000000000000000E+00  0.00000000000000000E+00  3.04720668603450026E-04
7.96000000000002955E-03  0.00000000000000000E+00  0.00000000000000000E+00  7.22023963772094768E-01  0.00000000000000000E+00  0.00000000000000000E+00  0.00000000000000000E+00  3.06161588116481728E-04
8.00000000000004007E-03  0.00000000000000000E+00  0.00000000000000000E+00  7.25147812375974810E-01  0.00000000000000000E+00  0.00000000000000000E+00  0.00000000000000000E+00  3.10780393207375923E-04
8.00000000000004007E-03  0.00000000000000000E+00  0.00000000000000000E+00  7.25147813975473565E-01  0.00000000000000000E+00  0.00000000000000000E+00  0.00000000000000000E+00  3.10780377825746901E-04
8.04000000000004190E-03  0.00000000000000000E+00  0.00000000000000000E+00  7.28617326268386267E-01  0.00000000000000000E+00  0.00000000000000000E+00  0.00000000000000000E+00  3.12371170287961610E-04
8.08000000000003334E-03  0.00000000000000000E+00  0.00000000000000000E+00  7.32027507007995570E-01  0.00000000000000000E+00  0.00000000000000000E+00  0.00000000000000000E+00  3.14516863354413279E-04
8.12000000000003691E-03  0.00000000000000000E+00  0.00000000000000000E+00  7.35540679561876187E-01  0.00000000000000000E+00  0.00000000000000000E+00  0.00000000000000000E+00  3.16080924892102192E-04
8.16000000000003702E-03  0.00000000000000000E+00  0.00000000000000000E+00  7.39157736482274674E-01  0.00000000000000000E+00  0.00000000000000000E+00  0.00000000000000000E+00  3.17637451335848044E-04
8.20000000000004232E-03  0.00000000000000000E+00  0.00000000000000000E+00  7.42508737747237246E-01  0.00000000000000000E+00  0.00000000000000000E+00  0.00000000000000000E+00  3.19214573335715665E-04
8.24000000000004416E-03  0.00000000000000000E+00  0.00000000000000000E+00  7.44481477945161729E-01  0.00000000000000000E+00  0.00000000000000000E+00  0.00000000000000000E+00  3.19602103069156285E-04
8.28000000000004427E-03  0.00000000000000000E+00  0.00000000000000000E+00  7.48091042086011071E-01  0.00000000000000000E+00  0.00000000000000000E+00  0.00000000000000000E+00  3.21153184401678951E-04
8.32000000000004437E-03  0.00000000000000000E+00  0.00000000000000000E+00  7.51350054038213200E-01  0.00000000000000000E+00  0.00000000000000000E+00  0.00000000000000000E+00  3.22675629938578917E-04
8.36000000000003581E-03  0.00000000000000000E+00  0.00000000000000000E+00  7.54731573433969016E-01  0.00000000000000000E+00  0.00000000000000000E+00  0.00000000000000000E+00  3.24499865275597928E-04
8.40000000000003938E-03  0.00000000000000000E+00  0.00000000000000000E+00  7.58281921763284572E-01  0.00000000000000000E+00  0.00000000000000000E+00  0.00000000000000000E+00  3.25978854402864961E-04
8.44000000000004122E-03  0.00000000000000000E+00  0.00000000000000000E+00  7.61886757333440578E-01  0.00000000000000000E+00  0.00000000000000000E+00  0.00000000000000000E+00  3.27530584666318645E-04
8.48000000000004306E-03  0.00000000000000000E+00  0.00000000000000000E+00  7.65491595772232691E-01  0.00000000000000000E+00  0.00000000000000000E+00  0.00000000000000000E+00  3.29082461501039930E-04
8.52000000000004490E-03  0.00000000000000000E+00  0.00000000000000000E+00  7.68969148191300467E-01  0.00000000000000000E+00  0.00000000000000000E+00  0.00000000000000000E+00  3.30639728656929963E-04
8.56000000000004674E-03  0.00000000000000000E+00  0.00000000000000000E+00  7.72573491819779634E-01  0.00000000000000000E+00  0.00000000000000000E+00  0.00000000000000000E+00  3.32192551486172518E-04
8.60000000000005031E-03  0.00000000000000000E+00  0.00000000000000000E+00  7.76014988947350992E-01  0.00000000000000000E+00  0.00000000000000000E+00  0.00000000000000000E+00  3.33747993122503629E-04
8.64000000000004348E-03  0.00000000000000000E+00  0.00000000000000000E+00  7.79256949778150076E-01  0.00000000000000000E+00  0.00000000000000000E+00  0.00000000000000000E+00  3.35200353416146299E-04
8.68000000000004185E-03  0.00000000000000000E+00  0.00000000000000000E+00  7.82858865436888318E-01  0.00000000000000000E+00  0.00000000000000000E+00  0.00000000000000000E+00  3.36753022371601065E-04
8.72000000000005410E-03  0.00000000000000000E+00  0.00000000000000000E+00  7.85720636306173947E-01  0.00000000000000000E+00  0.00000000000000000E+00  0.00000000000000000E+00  3.20776196946358683E-04
8.76000000000004726E-03  0.00000000000000000E+00  0.00000000000000000E+00  7.89183387889832000E-01  0.00000000000000000E+00  0.00000000000000000E+00  0.00000000000000000E+00  3.22225771804128243E-04
8.80000000000005084E-03  0.00000000000000000E+00  0.00000000000000000E+00  7.92649874998465509E-01  0.00000000000000000E+00  0.00000000000000000E+00  0.00000000000000000E+00  3.23694849270866165E-04
8.84000000000005268E-03  0.00000000000000000E+00  0.00000000000000000E+00  7.96210748552455327E-01  0.00000000000000000E+00  0.00000000000000000E+00  0.00000000000000000E+00  3.23991880810421977E-04
8.88000000000005278E-03  0.00000000000000000E+00  0.00000000000000000E+00  7.99525238387686410E-01  0.00000000000000000E+00  0.00000000000000000E+00  0.00000000000000000E+00  3.17940041521539416E-04
8.92000000000004595E-03  0.00000000000000000E+00  0.00000000000000000E+00  8.03110679091293300E-01  0.00000000000000000E+00  0.00000000000000000E+00  0.00000000000000000E+00  3.19396434763129363E-04
8.96000000000005820E-03  0.00000000000000000E+00  0.00000000000000000E+00  8.06707867308020687E-01  0.00000000000000000E+00  0.00000000000000000E+00  0.00000000000000000E+00  3.20857887091584889E-04
9.00000000000005830E-03  0.00000000000000000E+00  0.00000000000000000E+00  8.09892291541986831E-01  0.00000000000000000E+00  0.00000000000000000E+00  0.00000000000000000E+00  3.19363479161816695E-04
9.04000000000004973E-03  0.00000000000000000E+00  0.00000000000000000E+00  8.13459441670621120E-01  0.00000000000000000E+00  0.00000000000000000E+00  0.00000000000000000E+00  3.20820827752530888E-04
9.08000000000005331E-03  0.00000000000000000E+00  0.00000000000000000E+00  8.17045275902676948E-01  0.00000000000000000E+00  0.00000000000000000E+00  0.00000000000000000E+00  3.22294752057762516E-04
9.12000000000006555E-03  0.00000000000000000E+00  0.00000000000000000E+00  8.20074969497534223E-01  0.00000000000000000E+00  0.00000000000000000E+00  0.00000000000000000E+00  3.17289565756550878E-04
9.16000000000005872E-03  0.00000000000000000E+00  0.00000000000000000E+00  8.23520758081517035E-01  0.00000000000000000E+00  0.00000000000000000E+00  0.00000000000000000E+00  3.18738238341883878E-04
9.20000000000005883E-03  0.00000000000000000E+00  0.00000000000000000E+00  8.27103108158932065E-01  0.00000000000000000E+00  0.00000000000000000E+00  0.00000000000000000E+00  3.20194084153719357E-04
9.24000000000006066E-03  0.00000000000000000E+00  0.00000000000000000E+00  8.30541711078474743E-01  0.00000000000000000E+00  0.00000000000000000E+00  0.00000000000000000E+00  3.21654131186037829E-04
9.28000000000006424E-03  0.00000000000000000E+00  0.00000000000000000E+00  8.34100468503671699E-01  0.00000000000000000E+00  0.00000000000000000E+00  0.00000000000000000E+00  3.23102105813669375E-04
9.32000000000005567E-03  0.00000000000000000E+00  0.00000000000000000E+00  8.37691505025644600E-01  0.00000000000000000E+00  0.00000000000000000E+00  0.00000000000000000E+00  3.24560976444132035E-04
9.36000000000006965E-03  0.00000000000000000E+00  0.00000000000000000E+00  8.41005933497194547E-01  0.00000000000000000E+00  0.00000000000000000E+00  0.00000000000000000E+00  3.19523614089266251E-04
9.40000000000006976E-03  0.00000000000000000E+00  0.00000000000000000E+00  8.44308193129450379E-01  0.00000000000000000E+00  0.00000000000000000E+00  0.00000000000000000E+00  3.14759307627640172E-04
9.44000000000006119E-03  0.00000000000000000E+00  0.00000000000000000E+00  8.47897854927419425E-01  0.00000000000000000E+00  0.00000000000000000E+00  0.00000000000000000E+00  3.16171965326007462E-04
9.48000000000006303E-03  0.00000000000000000E+00  0.00000000000000000E+00  8.51478211583812983E-01  0.00000000000000000E+00  0.00000000000000000E+00  0.00000000000000000E+00  3.17595300182946260E-04
9.52000000000006834E-03  0.00000000000000000E+00  0.00000000000000000E+00  8.55067602392828974E-01  0.00000000000000000E+00  0.00000000000000000E+00  0.00000000000000000E+00  3.19013164499254811E-04
9.56000000000006671E-03  0.00000000000000000E+00  0.00000000000000000E+00  8.58657099465455320E-01  0.00000000000000000E+00  0.00000000000000000E+00  0.00000000000000000E+00  3.20433378106628648E-04
9.60000000000006855E-03  0.00000000000000000E+00  0.00000000000000000E+00  8.62246623281416658E-01  0.00000000000000000E+00  0.00000000000000000E+00  0.00000000000000000E+00  3.21855816155931806E-04
9.64000000000007386E-03  0.00000000000000000E+00  0.00000000000000000E+00  8.65835889763575617E-01  0.00000000000000000E+00  0.00000000000000000E+00  0.00000000000000000E+00  3.23280784651909156E-04
9.68000000000007570E-03  0.00000000000000000E+00  0.00000000000000000E+00  8.69038958826030661E-01  0.00000000000000000E+00  0.00000000000000000E+00  0.00000000000000000E+00  3.24806089992446404E-04
9.72000000000006713E-03  0.00000000000000000E+00  0.00000000000000000E+00  8.72621917940603620E-01  0.00000000000000000E+00  0.00000000000000000E+00  0.00000000000000000E+00  3.26141866257662776E-04
9.76000000000006550E-03  0.00000000000000000E+00  0.00000000000000000E+00  8.76124628642844350E-01  0.00000000000000000E+00  0.00000000000000000E+00  0.00000000000000000E+00  3.27442795101764105E-04
9.80000000000008122E-03  0.00000000000000000E+00  0.00000000000000000E+00  8.79689922614732334E-01  0.00000000000000000E+00  0.00000000000000000E+00  0.00000000000000000E+00  3.27641726121172564E-04
9.84000000000007265E-03  0.00000000000000000E+00  0.00000000000000000E+00  8.83202907193723519E-01  0.00000000000000000E+00  0.00000000000000000E+00  0.00000000000000000E+00  3.28959673275069572E-04
9.88000000000007102E-03  0.00000000000000000E+00  0.00000000000000000E+00  8.86790320191308656E-01  0.00000000000000000E+00  0.00000000000000000E+00  0.00000000000000000E+00  3.30315015157369362E-04
9.92000000000007633E-03  0.00000000000000000E+00  0.00000000000000000E+00  8.90256716402052284E-01  0.00000000000000000E+00  0.00000000000000000E+00  0.00000000000000000E+00  3.31660512064314134E-04
9.96000000000007817E-03  0.00000000000000000E+00  0.00000000000000000E+00  8.93836856132905644E-01  0.00000000000000000E+00  0.00000000000000000E+00  0.00000000000000000E+00  3.33006661582480154E-04
