0.00000000000000000E+00  0.00000000000000000E+00  0.00000000000000000E+00  0.00000000000000000E+00  0.00000000000000000E+00  0.00000000000000000E+00  0.00000000000000000E+00  0.00000000000000000E+00
8.00000000000000608E-05  0.00000000000000000E+00  0.00000000000000000E+00  8.57621574006054987E-02  0.00000000000000000E+00  0.00000000000000000E+00  0.00000000000000000E+00  0.00000000000000000E+00
1.20000000000000003E-04  0.00000000000000000E+00  0.00000000000000000E+00  1.13921402969523050E-01  0.00000000000000000E+00  0.00000000000000000E+00  0.00000000000000000E+00  0.00000000000000000E+00
1.60000000000000149E-04  0.00000000000000000E+00  0.00000000000000000E+00  1.21229953118574332E-01  0.00000000000000000E+00  0.00000000000000000E+00  0.00000000000000000E+00  0.00000000000000000E+00
1.99999999999999847E-04  0.00000000000000000E+00  0.00000000000000000E+00  1.24338620141768511E-01  0.00000000000000000E+00  0.00000000000000000E+00  0.00000000000000000E+00  0.00000000000000000E+00
2.40000000000000060E-04  0.00000000000000000E+00  0.00000000000000000E+00  1.21869210379334236E-01  0.00000000000000000E+00  0.00000000000000000E+00  0.00000000000000000E+00  0.00000000000000000E+00
2.80000000000000192E-04  0.00000000000000000E+00  0.00000000000000000E+00  1.36267506472520089E-01  0.00000000000000000E+00  0.00000000000000000E+00  0.00000000000000000E+00  0.00000000000000000E+00
3.20000000000000297E-04  0.00000000000000000E+00  0.00000000000000000E+00  1.46300764474133954E-01  0.00000000000000000E+00  0.00000000000000000E+00  0.00000000000000000E+00  0.00000000000000000E+00
3.59999999999999372E-04  0.00000000000000000E+00  0.00000000000000000E+00  1.35802973115728198E-01  0.00000000000000000E+00  0.00000000000000000E+00  0.00000000000000000E+00  0.00000000000000000E+00
3.99999999999999206E-04  0.00000000000000000E+00  0.00000000000000000E+00  1.42548797608026440E-01  0.00000000000000000E+00  0.00000000000000000E+00  0.00000000000000000E+00  0.00000000000000000E+00
4.39999999999999040E-04  0.00000000000000000E+00  0.00000000000000000E+00  1.31503098712705074E-01  0.00000000000000000E+00  0.00000000000000000E+00  0.00000000000000000E+00  0.00000000000000000E+00
4.79999999999998928E-04  0.00000000000000000E+00  0.00000000000000000E+00  1.36836271305556811E-01  0.00000000000000000E+00  0.00000000000000000E+00  0.00000000000000000E+00  0.00000000000000000E+00
5.19999999999998437E-04  0.00000000000000000E+00  0.00000000000000000E+00  1.45882166184554546E-01  0.00000000000000000E+00  0.00000000000000000E+00  0.00000000000000000E+00  0.00000000000000000E+00
5.59999999999998325E-04  0.00000000000000000E+00  0.00000000000000000E+00  1.51927223189866872E-01  0.00000000000000000E+00  0.00000000000000000E+00  0.00000000000000000E+00  0.00000000000000000E+00
5.99999999999999947E-04  0.00000000000000000E+00  0.00000000000000000E+00  1.43366158828768769E-01  0.00000000000000000E+00  0.00000000000000000E+00  0.00000000000000000E+00  0.00000000000000000E+00
6.40000000000000811E-04  0.00000000000000000E+00  0.00000000000000000E+00  1.45555977394096037E-01  0.00000000000000000E+00  0.00000000000000000E+00  0.00000000000000000E+00  0.00000000000000000E+00
6.80000000000000374E-04  0.00000000000000000E+00  0.00000000000000000E+00  1.53972222514084212E-01  0.00000000000000000E+00  0.00000000000000000E+00  0.00000000000000000E+00  0.00000000000000000E+00
7.19999999999998636E-04  0.00000000000000000E+00  0.00000000000000000E+00  1.45157662666732939E-01  0.00000000000000000E+00  0.00000000000000000E+00  0.00000000000000000E+00  0.00000000000000000E+00
7.59999999999999391E-04  0.00000000000000000E+00  0.00000000000000000E+00  1.53136707147594281E-01  0.00000000000000000E+00  0.00000000000000000E+00  0.00000000000000000E+00  0.00000000000000000E+00
7.99999999999997762E-04  0.00000000000000000E+00  0.00000000000000000E+00  1.55070641234135886E-01  0.00000000000000000E+00  0.00000000000000000E+00  0.00000000000000000E+00  0.00000000000000000E+00
8.39999999999997107E-04  0.00000000000000000E+00  0.00000000000000000E+00  1.59091836501818545E-01  0.00000000000000000E+00  0.00000000000000000E+00  0.00000000000000000E+00  0.00000000000000000E+00
8.80000000000005561E-04  0.00000000000000000E+00  0.00000000000000000E+00  1.48403865220277681E-01  0.00000000000000000E+00  0.00000000000000000E+00  0.00000000000000000E+00  0.00000000000000000E+00
9.20000000000004365E-04  0.00000000000000000E+00  0.00000000000000000E+00  1.53592510226938261E-01  0.00000000000000000E+00  0.00000000000000000E+00  0.00000000000000000E+00  0.00000000000000000E+00
9.60000000000002301E-04  0.00000000000000000E+00  0.00000000000000000E+00  1.51115849754966586E-01  0.00000000000000000E+00  0.00000000000000000E+00  0.00000000000000000E+00  0.00000000000000000E+00
1.00000000000000176E-03  0.00000000000000000E+00  0.00000000000000000E+00  1.53037459384913116E-01  0.00000000000000000E+00  0.00000000000000000E+00  0.00000000000000000E+00  0.00000000000000000E+00
1.04000000000000208E-03  0.00000000000000000E+00  0.00000000000000000E+00  1.51887025997815256E-01  0.00000000000000000E+00  0.00000000000000000E+00  0.00000000000000000E+00  0.00000000000000000E+00
1.08000000000000240E-03  0.00000000000000000E+00  0.00000000000000000E+00  1.57101708212087465E-01  0.00000000000000000E+00  0.00000000000000000E+00  0.00000000000000000E+00  0.00000000000000000E+00
1.11999999999999513E-03  0.00000000000000000E+00  0.00000000000000000E+00  1.49257876147731089E-01  0.00000000000000000E+00  0.00000000000000000E+00  0.00000000000000000E+00  0.00000000000000000E+00
1.15999999999999675E-03  0.00000000000000000E+00  0.00000000000000000E+00  1.48425800113686945E-01  0.00000000000000000E+00  0.00000000000000000E+00  0.00000000000000000E+00  0.00000000000000000E+00
1.19999999999999751E-03  0.00000000000000000E+00  0.00000000000000000E+00  1.53516009802884712E-01  0.00000000000000000E+00  0.00000000000000000E+00  0.00000000000000000E+00  0.00000000000000000E+00
1.23999999999999783E-03  0.00000000000000000E+00  0.00000000000000000E+00  1.58552932046477080E-01  0.00000000000000000E+00  0.00000000000000000E+00  0.00000000000000000E+00  0.00000000000000000E+00
1.27999999999999707E-03  0.00000000000000000E+00  0.00000000000000000E+00  1.62883509409056604E-01  0.00000000000000000E+00  0.00000000000000000E+00  0.00000000000000000E+00  0.00000000000000000E+00
1.31999999999999956E-03  0.00000000000000000E+00  0.00000000000000000E+00  1.66529175418660164E-01  0.00000000000000000E+00  0.00000000000000000E+00  0.00000000000000000E+00  0.00000000000000000E+00
1.35999999999999988E-03  0.00000000000000000E+00  0.00000000000000000E+00  1.70538361457466536E-01  0.00000000000000000E+00  0.00000000000000000E+00  0.00000000000000000E+00  0.00000000000000000E+00
1.39999999999999868E-03  0.00000000000000000E+00  0.00000000000000000E+00  1.73634103678637630E-01  0.00000000000000000E+00  0.00000000000000000E+00  0.00000000000000000E+00  0.00000000000000000E+00
1.43999999999999836E-03  0.00000000000000000E+00  0.00000000000000000E+00  1.77553765129974145E-01  0.00000000000000000E+00  0.00000000000000000E+00  0.00000000000000000E+00  0.00000000000000000E+00
1.48000000000000020E-03  0.00000000000000000E+00  0.00000000000000000E+00  1.80739835056714732E-01  0.00000000000000000E+00  0.00000000000000000E+00  0.00000000000000000E+00  0.00000000000000000E+00
1.51999999999999987E-03  0.00000000000000000E+00  0.00000000000000000E+00  1.82622137201044255E-01  0.00000000000000000E+00  0.00000000000000000E+00  0.00000000000000000E+00  0.00000000000000000E+00
1.55999999999999889E-03  0.00000000000000000E+00  0.00000000000000000E+00  1.86949054965436706E-01  0.00000000000000000E+00  0.00000000000000000E+00  0.00000000000000000E+00  0.00000000000000000E+00
1.59999999999999769E-03  0.00000000000000000E+00  0.00000000000000000E+00  1.90719863089409580E-01  0.00000000000000000E+00  0.00000000000000000E+00  0.00000000000000000E+00  0.00000000000000000E+00
1.63999999999999736E-03  0.00000000000000000E+00  0.00000000000000000E+00  1.94097767474128990E-01  0.00000000000000000E+00  0.00000000000000000E+00  0.00000000000000000E+00  0.00000000000000000E+00
1.67999999999999899E-03  0.00000000000000000E+00  0.00000000000000000E+00  1.96113010452379666E-01  0.00000000000000000E+00  0.00000000000000000E+00  0.00000000000000000E+00  0.00000000000000000E+00
1.71999999999999801E-03  0.00000000000000000E+00  0.00000000000000000E+00  1.99950711876963644E-01  0.00000000000000000E+00  0.00000000000000000E+00  0.00000000000000000E+00  0.00000000000000000E+00
1.75999999999999724E-03  0.00000000000000000E+00  0.00000000000000000E+00  2.03383573767587172E-01  0.00000000000000000E+00  0.00000000000000000E+00  0.00000000000000000E+00  0.00000000000000000E+00
1.79999999999999648E-03  0.00000000000000000E+00  0.00000000000000000E+00  2.06763029584179081E-01  0.00000000000000000E+00  0.00000000000000000E+00  0.00000000000000000E+00  0.00000000000000000E+00
1.83999999999999594E-03  0.00000000000000000E+00  0.00000000000000000E+00  2.10642450646555346E-01  0.00000000000000000E+00  0.00000000000000000E+00  0.00000000000000000E+00  0.00000000000000000E+00
1.87999999999999778E-03  0.00000000000000000E+00  0.00000000000000000E+00  2.14055365617413285E-01  0.00000000000000000E+00  0.00000000000000000E+00  0.00000000000000000E+00  0.00000000000000000E+00
1.91999999999999701E-03  0.00000000000000000E+00  0.00000000000000000E+00  2.16624216769576022E-01  0.00000000000000000E+00  0.00000000000000000E+00  0.00000000000000000E+00  0.00000000000000000E+00
1.95999999999999517E-03  0.00000000000000000E+00  0.00000000000000000E+00  2.20096192036215166E-01  0.00000000000000000E+00  0.00000000000000000E+00  0.00000000000000000E+00  0.00000000000000000E+00
1.99999999999999614E-03  0.00000000000000000E+00  0.00000000000000000E+00  2.23723815256247238E-01  0.00000000000000000E+00  0.00000000000000000E+00  0.00000000000000000E+00  0.00000000000000000E+00
2.03999999999999538E-03  0.00000000000000000E+00  0.00000000000000000E+00  2.27521378161796101E-01  0.00000000000000000E+00  0.00000000000000000E+00  0.00000000000000000E+00  0.00000000000000000E+00
2.07999999999999375E-03  0.00000000000000000E+00  0.00000000000000000E+00  2.31199393818591531E-01  0.00000000000000000E+00  0.00000000000000000E+00  0.00000000000000000E+00  0.00000000000000000E+00
2.11999999999999515E-03  0.00000000000000000E+00  0.00000000000000000E+00  2.34742149996750277E-01  0.00000000000000000E+00  0.00000000000000000E+00  0.00000000000000000E+00  0.00000000000000000E+00
2.15999999999999482E-03  0.00000000000000000E+00  0.00000000000000000E+00  2.37494208459981565E-01  0.00000000000000000E+00  0.00000000000000000E+00  0.00000000000000000E+00  0.00000000000000000E+00
2.19999999999999406E-03  0.00000000000000000E+00  0.00000000000000000E+00  2.41316285470270481E-01  0.00000000000000000E+00  0.00000000000000000E+00  0.00000000000000000E+00  0.00000000000000000E+00
2.23999999999999243E-03  0.00000000000000000E+00  0.00000000000000000E+00  2.44231354298736103E-01  0.00000000000000000E+00  0.00000000000000000E+00  0.00000000000000000E+00  0.00000000000000000E+00
2.27999999999999210E-03  0.00000000000000000E+00  0.00000000000000000E+00  2.47992313490436961E-01  0.00000000000000000E+00  0.00000000000000000E+00  0.00000000000000000E+00  0.00000000000000000E+00
2.31999999999999264E-03  0.00000000000000000E+00  0.00000000000000000E+00  2.49704862631186547E-01  0.00000000000000000E+00  0.00000000000000000E+00  0.00000000000000000E+00  0.00000000000000000E+00
2.35999999999999231E-03  0.00000000000000000E+00  0.00000000000000000E+00  2.52419861461567918E-01  0.00000000000000000E+00  0.00000000000000000E+00  0.00000000000000000E+00  0.00000000000000000E+00
2.39999999999999415E-03  0.00000000000000000E+00  0.00000000000000000E+00  2.56409821688022954E-01  0.00000000000000000E+00  0.00000000000000000E+00  0.00000000000000000E+00  0.00000000000000000E+00
2.43999999999999382E-03  0.00000000000000000E+00  0.00000000000000000E+00  2.59989888273007175E-01  0.00000000000000000E+00  0.00000000000000000E+00  0.00000000000000000E+00  0.00000000000000000E+00
2.47999999999999480E-03  0.00000000000000000E+00  0.00000000000000000E+00  2.63895736006318438E-01  0.00000000000000000E+00  0.00000000000000000E+00  0.00000000000000000E+00  0.00000000000000000E+00
2.51999999999999403E-03  0.00000000000000000E+00  0.00000000000000000E+00  2.67126277613479901E-01  0.00000000000000000E+00  0.00000000000000000E+00  0.00000000000000000E+00  0.00000000000000000E+00
2.55999999999999327E-03  0.00000000000000000E+00  0.00000000000000000E+00  2.70098899111955004E-01  0.00000000000000000E+00  0.00000000000000000E+00  0.00000000000000000E+00  0.00000000000000000E+00
2.59999999999999251E-03  0.00000000000000000E+00  0.00000000000000000E+00  2.73362569542885958E-01  0.00000000000000000E+00  0.00000000000000000E+00  0.00000000000000000E+00  0.00000000000000000E+00
2.63999999999999305E-03  0.00000000000000000E+00  0.00000000000000000E+00  2.76965916805971990E-01  0.00000000000000000E+00  0.00000000000000000E+00  0.00000000000000000E+00  0.00000000000000000E+00
2.67999999999999228E-03  0.00000000000000000E+00  0.00000000000000000E+00  2.79845844510844655E-01  0.00000000000000000E+00  0.00000000000000000E+00  0.00000000000000000E+00  0.00000000000000000E+00
2.71999999999999542E-03  0.00000000000000000E+00  0.00000000000000000E+00  2.82922363379057129E-01  0.00000000000000000E+00  0.00000000000000000E+00  0.00000000000000000E+00  0.00000000000000000E+00
2.75999999999999423E-03  0.00000000000000000E+00  0.00000000000000000E+00  2.85877624619360449E-01  0.00000000000000000E+00  0.00000000000000000E+00  0.00000000000000000E+00  0.00000000000000000E+00
2.79999999999999563E-03  0.00000000000000000E+00  0.00000000000000000E+00  2.89265046613860211E-01  0.00000000000000000E+00  0.00000000000000000E+00  0.00000000000000000E+00  0.00000000000000000E+00
2.83999999999999487E-03  0.00000000000000000E+00  0.00000000000000000E+00  2.92830141187740089E-01  0.00000000000000000E+00  0.00000000000000000E+00  0.00000000000000000E+00  0.00000000000000000E+00
2.87999999999999324E-03  0.00000000000000000E+00  0.00000000000000000E+00  2.95974416423588627E-01  0.00000000000000000E+00  0.00000000000000000E+00  0.00000000000000000E+00  0.00000000000000000E+00
2.91999999999999161E-03  0.00000000000000000E+00  0.00000000000000000E+00  2.99695638653925789E-01  0.00000000000000000E+00  0.00000000000000000E+00  0.00000000000000000E+00  0.00000000000000000E+00
2.95999999999999085E-03  0.00000000000000000E+00  0.00000000000000000E+00  3.03342820962494875E-01  0.00000000000000000E+00  0.00000000000000000E+00  0.00000000000000000E+00  0.00000000000000000E+00
2.99999999999998965E-03  0.00000000000000000E+00  0.00000000000000000E+00  3.07163401262007141E-01  0.00000000000000000E+00  0.00000000000000000E+00  0.00000000000000000E+00  0.00000000000000000E+00
3.03999999999998802E-03  0.00000000000000000E+00  0.00000000000000000E+00  3.10505433211659576E-01  0.00000000000000000E+00  0.00000000000000000E+00  0.00000000000000000E+00  0.00000000000000000E+00
3.07999999999998856E-03  0.00000000000000000E+00  0.00000000000000000E+00  3.13497797668113032E-01  0.00000000000000000E+00  0.00000000000000000E+00  0.00000000000000000E+00  0.00000000000000000E+00
3.11999999999998780E-03  0.00000000000000000E+00  0.00000000000000000E+00  3.16926717462159502E-01  0.00000000000000000E+00  0.00000000000000000E+00  0.00000000000000000E+00  0.00000000000000000E+00
3.15999999999999268E-03  0.00000000000000000E+00  0.00000000000000000E+00  3.20558539604337334E-01  0.00000000000000000E+00  0.00000000000000000E+00  0.00000000000000000E+00  5.00000000000000000E-01
3.19999999999999321E-03  0.00000000000000000E+00  0.00000000000000000E+00  3.24346612278062940E-01  0.00000000000000000E+00  0.00000000000000000E+00  0.00000000000000000E+00  5.00000000000000000E-01
3.23999999999999245E-03  0.00000000000000000E+00  0.00000000000000000E+00  3.28141022164416651E-01  0.00000000000000000E+00  0.00000000000000000E+00  0.00000000000000000E+00  5.00000000000000000E-01
3.27999999999999126E-03  0.00000000000000000E+00  0.00000000000000000E+00  3.31603165708911907E-01  0.00000000000000000E+00  0.00000000000000000E+00  0.00000000000000000E+00  5.00000000000000000E-01
3.31999999999999006E-03  0.00000000000000000E+00  0.00000000000000000E+00  3.35323527238426955E-01  0.00000000000000000E+00  0.00000000000000000E+00  0.00000000000000000E+00  5.00000000000000000E-01
3.35999999999998886E-03  0.00000000000000000E+00  0.00000000000000000E+00  3.39146190054726460E-01  0.00000000000000000E+00  0.00000000000000000E+00  0.00000000000000000E+00  1.00000000000000000E+00
3.39999999999999677E-03  0.00000000000000000E+00  0.00000000000000000E+00  3.41685256221812894E-01  0.00000000000000000E+00  0.00000000000000000E+00  0.00000000000000000E+00  5.00000000000000000E-01
3.43999999999999731E-03  0.00000000000000000E+00  0.00000000000000000E+00  3.45286842505103941E-01  0.00000000000000000E+00  0.00000000000000000E+00  0.00000000000000000E+00  5.00000000000000000E-01
3.47999999999999612E-03  0.00000000000000000E+00  0.00000000000000000E+00  3.48540144398526042E-01  0.00000000000000000E+00  0.00000000000000000E+00  0.00000000000000000E+00  1.00000000000000000E+00
3.51999999999999535E-03  0.00000000000000000E+00  0.00000000000000000E+00  3.50734018296771755E-01  0.00000000000000000E+00  0.00000000000000000E+00  0.00000000000000000E+00  5.00000000000000000E-01
3.55999999999999459E-03  0.00000000000000000E+00  0.00000000000000000E+00  3.54443769967212274E-01  0.00000000000000000E+00  0.00000000000000000E+00  0.00000000000000000E+00  5.00000000000000000E-01
3.59999999999999296E-03  0.00000000000000000E+00  0.00000000000000000E+00  3.58342958110129950E-01  0.00000000000000000E+00  0.00000000000000000E+00  0.00000000000000000E+00  5.00000000000000000E-01
3.63999999999999350E-03  0.00000000000000000E+00  0.00000000000000000E+00  3.62116554788279477E-01  0.00000000000000000E+00  0.00000000000000000E+00  0.00000000000000000E+00  5.00000000000000000E-01
3.67999999999999187E-03  0.00000000000000000E+00  0.00000000000000000E+00  3.66008400114981258E-01  0.00000000000000000E+00  0.00000000000000000E+00  0.00000000000000000E+00  1.00000000000000000E+00
3.71999999999999805E-03  0.00000000000000000E+00  0.00000000000000000E+00  3.69377429871762253E-01  0.00000000000000000E+00  0.00000000000000000E+00  0.00000000000000000E+00  2.00000000000000000E+00
3.75999999999999555E-03  0.00000000000000000E+00  0.00000000000000000E+00  3.72881170786467819E-01  0.00000000000000000E+00  0.00000000000000000E+00  0.00000000000000000E+00  2.00000000000000000E+00
3.79999999999999696E-03  0.00000000000000000E+00  0.00000000000000000E+00  3.76581591209555033E-01  0.00000000000000000E+00  0.00000000000000000E+00  0.00000000000000000E+00  2.00000000000000000E+00
3.83999999999999403E-03  0.00000000000000000E+00  0.00000000000000000E+00  3.79296199294287983E-01  0.00000000000000000E+00  0.00000000000000000E+00  0.00000000000000000E+00  2.00000000000000000E+00
3.87999999999999370E-03  0.00000000000000000E+00  0.00000000000000000E+00  3.83155407568296968E-01  0.00000000000000000E+00  0.00000000000000000E+00  0.00000000000000000E+00  2.00000000000000000E+00
3.91999999999999120E-03  0.00000000000000000E+00  0.00000000000000000E+00  3.86673628778034129E-01  0.00000000000000000E+00  0.00000000000000000E+00  0.00000000000000000E+00  2.00000000000000000E+00
3.95999999999999217E-03  0.00000000000000000E+00  0.00000000000000000E+00  3.90283458774602188E-01  0.00000000000000000E+00  0.00000000000000000E+00  0.00000000000000000E+00  2.00000000000000000E+00
3.99999999999999228E-03  0.00000000000000000E+00  0.00000000000000000E+00  3.93582261957736657E-01  0.00000000000000000E+00  0.00000000000000000E+00  0.00000000000000000E+00  2.00000000000000000E+00
4.03999999999999065E-03  0.00000000000000000E+00  0.00000000000000000E+00  3.97199342322329396E-01  0.00000000000000000E+00  0.00000000000000000E+00  0.00000000000000000E+00  2.00000000000000000E+00
4.07999999999999075E-03  0.00000000000000000E+00  0.00000000000000000E+00  4.01085151190005151E-01  0.00000000000000000E+00  0.00000000000000000E+00  0.00000000000000000E+00  2.00000000000000000E+00
4.11999999999999433E-03  0.00000000000000000E+00  0.00000000000000000E+00  4.04594151813780278E-01  0.00000000000000000E+00  0.00000000000000000E+00  0.00000000000000000E+00  2.00000000000000000E+00
4.15999999999999617E-03  0.00000000000000000E+00  0.00000000000000000E+00  4.08143738678979462E-01  0.00000000000000000E+00  0.00000000000000000E+00  0.00000000000000000E+00  2.00000000000000000E+00
4.19999999999999193E-03  0.00000000000000000E+00  0.00000000000000000E+00  4.11118963754187272E-01  0.00000000000000000E+00  0.00000000000000000E+00  0.00000000000000000E+00  2.00000000000000000E+00
4.23999999999999377E-03  0.00000000000000000E+00  0.00000000000000000E+00  4.14781972637122798E-01  0.00000000000000000E+00  0.00000000000000000E+00  0.00000000000000000E+00  2.50000000000000000E+00
4.27999999999999561E-03  0.00000000000000000E+00  0.00000000000000000E+00  4.18634685704866893E-01  0.00000000000000000E+00  0.00000000000000000E+00  0.00000000000000000E+00  2.50000000000000000E+00
4.31999999999999138E-03  0.00000000000000000E+00  0.00000000000000000E+00  4.22515752969894742E-01  0.00000000000000000E+00  0.00000000000000000E+00  0.00000000000000000E+00  2.50000000000000000E+00
4.35999999999999409E-03  0.00000000000000000E+00  0.00000000000000000E+00  4.26176673972776310E-01  0.00000000000000000E+00  0.00000000000000000E+00  0.00000000000000000E+00  2.50000000000000000E+00
4.39999999999999072E-03  0.00000000000000000E+00  0.00000000000000000E+00  4.30022968185863497E-01  0.00000000000000000E+00  0.00000000000000000E+00  0.00000000000000000E+00  2.50000000000000000E+00
4.43999999999999603E-03  0.00000000000000000E+00  0.00000000000000000E+00  4.33835724208312512E-01  0.00000000000000000E+00  0.00000000000000000E+00  0.00000000000000000E+00  2.50000000000000000E+00
4.47999999999999267E-03  0.00000000000000000E+00  0.00000000000000000E+00  4.37543909642348683E-01  0.00000000000000000E+00  0.00000000000000000E+00  0.00000000000000000E+00  2.50000000000000000E+00
4.51999999999999538E-03  0.00000000000000000E+00  0.00000000000000000E+00  4.40834608814667961E-01  0.00000000000000000E+00  0.00000000000000000E+00  0.00000000000000000E+00  2.50000000000000000E+00
4.55999999999999114E-03  0.00000000000000000E+00  0.00000000000000000E+00  4.44639976794480585E-01  0.00000000000000000E+00  0.00000000000000000E+00  0.00000000000000000E+00  3.50000000000000000E+00
4.59999999999999298E-03  0.00000000000000000E+00  0.00000000000000000E+00  4.47898833917977246E-01  0.00000000000000000E+00  0.00000000000000000E+00  0.00000000000000000E+00  3.50000000000000000E+00
4.63999999999999482E-03  0.00000000000000000E+00  0.00000000000000000E+00  4.51688444887542062E-01  0.00000000000000000E+00  0.00000000000000000E+00  0.00000000000000000E+00  3.50000000000000000E+00
4.67999999999999059E-03  0.00000000000000000E+00  0.00000000000000000E+00  4.55502941223307978E-01  0.00000000000000000E+00  0.00000000000000000E+00  0.00000000000000000E+00  4.00000000000000000E+00
4.71999999999999417E-03  0.00000000000000000E+00  0.00000000000000000E+00  4.58915763685706357E-01  0.00000000000000000E+00  0.00000000000000000E+00  0.00000000000000000E+00  4.50000000000000000E+00
4.75999999999998907E-03  0.00000000000000000E+00  0.00000000000000000E+00  4.62343528796663017E-01  0.00000000000000000E+00  0.00000000000000000E+00  0.00000000000000000E+00  4.50000000000000000E+00
4.79999999999999611E-03  0.00000000000000000E+00  0.00000000000000000E+00  4.64837061249413597E-01  0.00000000000000000E+00  0.00000000000000000E+00  0.00000000000000000E+00  4.50000000000000000E+00
4.83999999999999101E-03  0.00000000000000000E+00  0.00000000000000000E+00  4.68411154017591147E-01  0.00000000000000000E+00  0.00000000000000000E+00  0.00000000000000000E+00  4.50000000000000000E+00
4.87999999999999459E-03  0.00000000000000000E+00  0.00000000000000000E+00  4.71872762118456857E-01  0.00000000000000000E+00  0.00000000000000000E+00  0.00000000000000000E+00  4.50000000000000000E+00
4.91999999999999035E-03  0.00000000000000000E+00  0.00000000000000000E+00  4.74708218981887864E-01  0.00000000000000000E+00  0.00000000000000000E+00  0.00000000000000000E+00  4.50000000000000000E+00
4.95999999999999306E-03  0.00000000000000000E+00  0.00000000000000000E+00  4.78500321530379524E-01  0.00000000000000000E+00  0.00000000000000000E+00  0.00000000000000000E+00  4.50000000000000000E+00
4.99999999999999490E-03  0.00000000000000000E+00  0.00000000000000000E+00  4.82243213843689567E-01  0.00000000000000000E+00  0.00000000000000000E+00  0.00000000000000000E+00  4.50000000000000000E+00
5.03999999999999154E-03  0.00000000000000000E+00  0.00000000000000000E+00  4.85515953522579091E-01  0.00000000000000000E+00  0.00000000000000000E+00  0.00000000000000000E+00  4.50000000000000000E+00
5.07999999999999424E-03  0.00000000000000000E+00  0.00000000000000000E+00  4.88896072117162683E-01  0.00000000000000000E+00  0.00000000000000000E+00  0.00000000000000000E+00  4.00000000000000000E+00
5.11999999999999261E-03  0.00000000000000000E+00  0.00000000000000000E+00  4.92629852607144314E-01  0.00000000000000000E+00  0.00000000000000000E+00  0.00000000000000000E+00  4.00000000000000000E+00
5.15999999999999532E-03  0.00000000000000000E+00  0.00000000000000000E+00  4.95349284257302125E-01  0.00000000000000000E+00  0.00000000000000000E+00  0.00000000000000000E+00  4.00000000000000000E+00
5.19999999999999109E-03  0.00000000000000000E+00  0.00000000000000000E+00  4.98678175272649571E-01  0.00000000000000000E+00  0.00000000000000000E+00  0.00000000000000000E+00  5.00000000000000000E+00
5.23999999999999379E-03  0.00000000000000000E+00  0.00000000000000000E+00  5.02279183844959953E-01  0.00000000000000000E+00  0.00000000000000000E+00  0.00000000000000000E+00  5.00000000000000000E+00
5.27999999999999737E-03  0.00000000000000000E+00  0.00000000000000000E+00  5.06056654713382015E-01  0.00000000000000000E+00  0.00000000000000000E+00  0.00000000000000000E+00  5.50000000000000000E+00
5.31999999999999227E-03  0.00000000000000000E+00  0.00000000000000000E+00  5.09836708241797165E-01  0.00000000000000000E+00  0.00000000000000000E+00  0.00000000000000000E+00  5.50000000000000000E+00
5.35999999999999498E-03  0.00000000000000000E+00  0.00000000000000000E+00  5.13486481992745825E-01  0.00000000000000000E+00  0.00000000000000000E+00  0.00000000000000000E+00  5.50000000000000000E+00
5.39999999999999074E-03  0.00000000000000000E+00  0.00000000000000000E+00  5.16766531566518861E-01  0.00000000000000000E+00  0.00000000000000000E+00  0.00000000000000000E+00  6.00000000000000000E+00
5.43999999999999779E-03  0.00000000000000000E+00  0.00000000000000000E+00  5.20226840680311997E-01  0.00000000000000000E+00  0.00000000000000000E+00  0.00000000000000000E+00  6.00000000000000000E+00
5.47999999999999182E-03  0.00000000000000000E+00  0.00000000000000000E+00  5.23728701917809292E-01  0.00000000000000000E+00  0.00000000000000000E+00  0.00000000000000000E+00  6.00000000000000000E+00
5.51999999999999626E-03  0.00000000000000000E+00  0.00000000000000000E+00  5.27088327658026046E-01  0.00000000000000000E+00  0.00000000000000000E+00  0.00000000000000000E+00  6.50000000000000000E+00
5.55999999999999984E-03  0.00000000000000000E+00  0.00000000000000000E+00  5.30167965960164911E-01  0.00000000000000000E+00  0.00000000000000000E+00  0.00000000000000000E+00  6.50000000000000000E+00
5.59999999999999474E-03  0.00000000000000000E+00  0.00000000000000000E+00  5.33961321379143872E-01  0.00000000000000000E+00  0.00000000000000000E+00  0.00000000000000000E+00  6.50000000000000000E+00
5.63999999999999918E-03  0.00000000000000000E+00  0.00000000000000000E+00  5.37751078702146112E-01  0.00000000000000000E+00  0.00000000000000000E+00  0.00000000000000000E+00  7.00000000000000000E+00
5.67999999999999755E-03  0.00000000000000000E+00  0.00000000000000000E+00  5.40922141504700527E-01  0.00000000000000000E+00  0.00000000000000000E+00  0.00000000000000000E+00  7.50000000000000000E+00
5.72000000000000113E-03  0.00000000000000000E+00  0.00000000000000000E+00  5.44090072434675776E-01  0.00000000000000000E+00  0.00000000000000000E+00  0.00000000000000000E+00  7.50000000000000000E+00
5.75999999999999516E-03  0.00000000000000000E+00  0.00000000000000000E+00  5.46735278869321828E-01  0.00000000000000000E+00  0.00000000000000000E+00  0.00000000000000000E+00  8.00000000000000000E+00
5.79999999999999873E-03  0.00000000000000000E+00  0.00000000000000000E+00  5.50011185609351028E-01  0.00000000000000000E+00  0.00000000000000000E+00  0.00000000000000000E+00  8.50000000000000000E+00
5.84000000000000404E-03  0.00000000000000000E+00  0.00000000000000000E+00  5.52387940828678592E-01  0.00000000000000000E+00  0.00000000000000000E+00  0.00000000000000000E+00  8.50000000000000000E+00
5.87999999999999721E-03  0.00000000000000000E+00  0.00000000000000000E+00  5.55182808727366361E-01  0.00000000000000000E+00  0.00000000000000000E+00  0.00000000000000000E+00  9.00000000000000000E+00
5.92000000000000252E-03  0.00000000000000000E+00  0.00000000000000000E+00  5.58243148660790500E-01  0.00000000000000000E+00  0.00000000000000000E+00  0.00000000000000000E+00  9.00000000000000000E+00
5.95999999999999915E-03  0.00000000000000000E+00  0.00000000000000000E+00  5.61182887942712316E-01  0.00000000000000000E+00  0.00000000000000000E+00  0.00000000000000000E+00  9.00000000000000000E+00
6.00000000000000446E-03  0.00000000000000000E+00  0.00000000000000000E+00  5.64420258594359736E-01  0.00000000000000000E+00  0.00000000000000000E+00  0.00000000000000000E+00  9.00000000000000000E+00
6.03999999999999763E-03  0.00000000000000000E+00  0.00000000000000000E+00  5.67924784050070075E-01  0.00000000000000000E+00  0.00000000000000000E+00  0.00000000000000000E+00  9.00000000000000000E+00
6.08000000000000294E-03  0.00000000000000000E+00  0.00000000000000000E+00  5.70704697201613542E-01  0.00000000000000000E+00  0.00000000000000000E+00  0.00000000000000000E+00  9.50000000000000000E+00
6.12000000000000825E-03  0.00000000000000000E+00  0.00000000000000000E+00  5.73632302118747051E-01  0.00000000000000000E+00  0.00000000000000000E+00  0.00000000000000000E+00  1.00000000000000000E+01
6.16000000000000488E-03  0.00000000000000000E+00  0.00000000000000000E+00  5.76651123742208838E-01  0.00000000000000000E+00  0.00000000000000000E+00  0.00000000000000000E+00  1.00000000000000000E+01
6.20000000000000846E-03  0.00000000000000000E+00  0.00000000000000000E+00  5.79634412872820248E-01  0.00000000000000000E+00  0.00000000000000000E+00  0.00000000000000000E+00  1.05000000000000000E+01
6.24000000000000249E-03  0.00000000000000000E+00  0.00000000000000000E+00  5.83267960491156034E-01  0.00000000000000000E+00  0.00000000000000000E+00  0.00000000000000000E+00  1.05000000000000000E+01
6.28000000000000693E-03  0.00000000000000000E+00  0.00000000000000000E+00  5.86565575481170387E-01  0.00000000000000000E+00  0.00000000000000000E+00  0.00000000000000000E+00  1.05000000000000000E+01
6.32000000000001311E-03  0.00000000000000000E+00  0.00000000000000000E+00  5.89380249817626711E-01  0.00000000000000000E+00  0.00000000000000000E+00  0.00000000000000000E+00  1.05000000000000000E+01
6.36000000000000541E-03  0.00000000000000000E+00  0.00000000000000000E+00  5.92789081080860036E-01  0.00000000000000000E+00  0.00000000000000000E+00  0.00000000000000000E+00  1.05000000000000000E+01
6.40000000000000985E-03  0.00000000000000000E+00  0.00000000000000000E+00  5.96061903869362419E-01  0.00000000000000000E+00  0.00000000000000000E+00  0.00000000000000000E+00  1.00000000000000000E+01
6.44000000000000301E-03  0.00000000000000000E+00  0.00000000000000000E+00  5.98910659042935278E-01  0.00000000000000000E+00  0.00000000000000000E+00  0.00000000000000000E+00  1.00000000000000000E+01
6.48000000000001092E-03  0.00000000000000000E+00  0.00000000000000000E+00  6.01948298512480773E-01  0.00000000000000000E+00  0.00000000000000000E+00  0.00000000000000000E+00  1.05000000000000000E+01
6.52000000000000496E-03  0.00000000000000000E+00  0.00000000000000000E+00  6.05489121739788638E-01  0.00000000000000000E+00  0.00000000000000000E+00  0.00000000000000000E+00  1.05000000000000000E+01
6.56000000000000940E-03  0.00000000000000000E+00  0.00000000000000000E+00  6.08255487979796006E-01  0.00000000000000000E+00  0.00000000000000000E+00  0.00000000000000000E+00  1.10000000000000000E+01
6.60000000000001558E-03  0.00000000000000000E+00  0.00000000000000000E+00  6.11690810466088197E-01  0.00000000000000000E+00  0.00000000000000000E+00  0.00000000000000000E+00  1.10000000000000000E+01
6.64000000000000788E-03  0.00000000000000000E+00  0.00000000000000000E+00  6.14792564603247160E-01  0.00000000000000000E+00  0.00000000000000000E+00  0.00000000000000000E+00  1.10000000000000000E+01
6.68000000000001405E-03  0.00000000000000000E+00  0.00000000000000000E+00  6.18007737096801124E-01  0.00000000000000000E+00  0.00000000000000000E+00  0.00000000000000000E+00  1.10000000000000000E+01
6.72000000000000895E-03  0.00000000000000000E+00  0.00000000000000000E+00  6.21000645335364920E-01  0.00000000000000000E+00  0.00000000000000000E+00  0.00000000000000000E+00  1.10000000000000000E+01
6.76000000000001426E-03  0.00000000000000000E+00  0.00000000000000000E+00  6.23958313787426055E-01  0.00000000000000000E+00  0.00000000000000000E+00  0.00000000000000000E+00  1.20000000000000000E+01
6.80000000000000743E-03  0.00000000000000000E+00  0.00000000000000000E+00  6.26613314325661475E-01  0.00000000000000000E+00  0.00000000000000000E+00  0.00000000000000000E+00  1.10000000000000000E+01
6.84000000000001360E-03  0.00000000000000000E+00  0.00000000000000000E+00  6.30249335093556073E-01  0.00000000000000000E+00  0.00000000000000000E+00  0.00000000000000000E+00  1.15000000000000000E+01
6.88000000000001805E-03  0.00000000000000000E+00  0.00000000000000000E+00  6.33753406172763767E-01  0.00000000000000000E+00  0.00000000000000000E+00  0.00000000000000000E+00  1.15000000000000000E+01
6.92000000000001121E-03  0.00000000000000000E+00  0.00000000000000000E+00  6.37314051185180586E-01  0.00000000000000000E+00  0.00000000000000000E+00  0.00000000000000000E+00  1.15000000000000000E+01
6.96000000000001999E-03  0.00000000000000000E+00  0.00000000000000000E+00  6.40382957469781466E-01  0.00000000000000000E+00  0.00000000000000000E+00  0.00000000000000000E+00  1.15000000000000000E+01
7.00000000000001229E-03  0.00000000000000000E+00  0.00000000000000000E+00  6.44053472117850800E-01  0.00000000000000000E+00  0.00000000000000000E+00  0.00000000000000000E+00  1.20000000000000000E+01
7.04000000000001847E-03  0.00000000000000000E+00  0.00000000000000000E+00  6.47424894180374855E-01  0.00000000000000000E+00  0.00000000000000000E+00  0.00000000000000000E+00  1.10000000000000000E+01
7.08000000000002464E-03  0.00000000000000000E+00  0.00000000000000000E+00  6.50922391130065447E-01  0.00000000000000000E+00  0.00000000000000000E+00  0.00000000000000000E+00  1.15000000000000000E+01
7.12000000000001694E-03  0.00000000000000000E+00  0.00000000000000000E+00  6.54061079727523254E-01  0.00000000000000000E+00  0.00000000000000000E+00  0.00000000000000000E+00  1.15000000000000000E+01
7.16000000000002398E-03  0.00000000000000000E+00  0.00000000000000000E+00  6.57686333469058693E-01  0.00000000000000000E+00  0.00000000000000000E+00  0.00000000000000000E+00  1.15000000000000000E+01
7.20000000000001975E-03  0.00000000000000000E+00  0.00000000000000000E+00  6.60986663532740826E-01  0.00000000000000000E+00  0.00000000000000000E+00  0.00000000000000000E+00  1.15000000000000000E+01
7.24000000000002246E-03  0.00000000000000000E+00  0.00000000000000000E+00  6.64055303900904503E-01  0.00000000000000000E+00  0.00000000000000000E+00  0.00000000000000000E+00  1.10000000000000000E+01
7.28000000000002864E-03  0.00000000000000000E+00  0.00000000000000000E+00  6.67404088233412573E-01  0.00000000000000000E+00  0.00000000000000000E+00  0.00000000000000000E+00  1.15000000000000000E+01
7.32000000000002267E-03  0.00000000000000000E+00  0.00000000000000000E+00  6.70691975907309779E-01  0.00000000000000000E+00  0.00000000000000000E+00  0.00000000000000000E+00  1.10000000000000000E+01
7.36000000000002711E-03  0.00000000000000000E+00  0.00000000000000000E+00  6.74123638466611275E-01  0.00000000000000000E+00  0.00000000000000000E+00  0.00000000000000000E+00  1.15000000000000000E+01
7.40000000000002201E-03  0.00000000000000000E+00  0.00000000000000000E+00  6.77594322278148198E-01  0.00000000000000000E+00  0.00000000000000000E+00  0.00000000000000000E+00  1.20000000000000000E+01
7.44000000000002645E-03  0.00000000000000000E+00  0.00000000000000000E+00  6.81065538031965123E-01  0.00000000000000000E+00  0.00000000000000000E+00  0.00000000000000000E+00  1.20000000000000000E+01
7.48000000000002222E-03  0.00000000000000000E+00  0.00000000000000000E+00  6.84697323602392105E-01  0.00000000000000000E+00  0.00000000000000000E+00  0.00000000000000000E+00  1.20000000000000000E+01
7.52000000000002666E-03  0.00000000000000000E+00  0.00000000000000000E+00  6.87588564160863336E-01  0.00000000000000000E+00  0.00000000000000000E+00  0.00000000000000000E+00  1.25000000000000000E+01
7.56000000000003110E-03  0.00000000000000000E+00  0.00000000000000000E+00  6.90990754152687403E-01  0.00000000000000000E+00  0.00000000000000000E+00  0.00000000000000000E+00  1.25000000000000000E+01
7.60000000000002774E-03  0.00000000000000000E+00  0.00000000000000000E+00  6.94457247296711544E-01  0.00000000000000000E+00  0.00000000000000000E+00  0.00000000000000000E+00  1.25000000000000000E+01
7.64000000000003131E-03  0.00000000000000000E+00  0.00000000000000000E+00  6.97735633427559954E-01  0.00000000000000000E+00  0.00000000000000000E+00  0.00000000000000000E+00  1.20000000000000000E+01
7.68000000000002448E-03  0.00000000000000000E+00  0.00000000000000000E+00  7.00895652084080334E-01  0.00000000000000000E+00  0.00000000000000000E+00  0.00000000000000000E+00  1.20000000000000000E+01
7.72000000000002892E-03  0.00000000000000000E+00  0.00000000000000000E+00  7.04240913725775908E-01  0.00000000000000000E+00  0.00000000000000000E+00  0.00000000000000000E+00  1.20000000000000000E+01
7.76000000000002643E-03  0.00000000000000000E+00  0.00000000000000000E+00  7.07747052408306265E-01  0.00000000000000000E+00  0.00000000000000000E+00  0.00000000000000000E+00  1.20000000000000000E+01
7.80000000000002740E-03  0.00000000000000000E+00  0.00000000000000000E+00  7.09962414036186984E-01  0.00000000000000000E+00  0.00000000000000000E+00  0.00000000000000000E+00  1.15000000000000000E+01
7.84000000000003271E-03  0.00000000000000000E+00  0.00000000000000000E+00  7.13339022082326357E-01  0.00000000000000000E+00  0.00000000000000000E+00  0.00000000000000000E+00  1.15000000000000000E+01
7.88000000000003108E-03  0.00000000000000000E+00  0.00000000000000000E+00  7.16972408146153817E-01  0.00000000000000000E+00  0.00000000000000000E+00  0.00000000000000000E+00  1.15000000000000000E+01
7.92000000000003292E-03  0.00000000000000000E+00  0.00000000000000000E+00  7.20116823926123750E-01  0.00000000000000000E+00  0.00000000000000000E+00  0.00000000000000000E+00  1.15000000000000000E+01
7.96000000000002435E-03  0.00000000000000000E+00  0.00000000000000000E+00  7.23351642962948849E-01  0.00000000000000000E+00  0.00000000000000000E+00  0.00000000000000000E+00  1.15000000000000000E+01
8.00000000000002966E-03  0.00000000000000000E+00  0.00000000000000000E+00  7.26642326016840312E-01  0.00000000000000000E+00  0.00000000000000000E+00  0.00000000000000000E+00  1.15000000000000000E+01
8.00000000000002966E-03  0.00000000000000000E+00  0.00000000000000000E+00  7.26642317782844271E-01  0.00000000000000000E+00  0.00000000000000000E+00  0.00000000000000000E+00  1.15000000000000000E+01
8.04000000000004017E-03  0.00000000000000000E+00  0.00000000000000000E+00  7.30159860137740258E-01  0.00000000000000000E+00  0.00000000000000000E+00  0.00000000000000000E+00  1.15000000000000000E+01
8.08000000000003334E-03  0.00000000000000000E+00  0.00000000000000000E+00  7.33339452465902264E-01  0.00000000000000000E+00  0.00000000000000000E+00  0.00000000000000000E+00  1.15000000000000000E+01
8.12000000000003691E-03  0.00000000000000000E+00  0.00000000000000000E+00  7.36769253180484807E-01  0.00000000000000000E+00  0.00000000000000000E+00  0.00000000000000000E+00  1.15000000000000000E+01
8.16000000000003702E-03  0.00000000000000000E+00  0.00000000000000000E+00  7.40393266939185724E-01  0.00000000000000000E+00  0.00000000000000000E+00  0.00000000000000000E+00  1.15000000000000000E+01
8.20000000000003886E-03  0.00000000000000000E+00  0.00000000000000000E+00  7.43734228419981824E-01  0.00000000000000000E+00  0.00000000000000000E+00  0.00000000000000000E+00  1.15000000000000000E+01
8.24000000000004416E-03  0.00000000000000000E+00  0.00000000000000000E+00  7.47357395657149648E-01  0.00000000000000000E+00  0.00000000000000000E+00  0.00000000000000000E+00  1.15000000000000000E+01
8.28000000000004253E-03  0.00000000000000000E+00  0.00000000000000000E+00  7.50856562077432454E-01  0.00000000000000000E+00  0.00000000000000000E+00  0.00000000000000000E+00  1.20000000000000000E+01
8.32000000000004437E-03  0.00000000000000000E+00  0.00000000000000000E+00  7.54288230973029328E-01  0.00000000000000000E+00  0.00000000000000000E+00  0.00000000000000000E+00  1.20000000000000000E+01
8.36000000000003581E-03  0.00000000000000000E+00  0.00000000000000000E+00  7.57622816595889925E-01  0.00000000000000000E+00  0.00000000000000000E+00  0.00000000000000000E+00  1.20000000000000000E+01
8.40000000000003938E-03  0.00000000000000000E+00  0.00000000000000000E+00  7.61243196852613990E-01  0.00000000000000000E+00  0.00000000000000000E+00  0.00000000000000000E+00  1.20000000000000000E+01
8.44000000000004122E-03  0.00000000000000000E+00  0.00000000000000000E+00  7.64417517681841407E-01  0.00000000000000000E+00  0.00000000000000000E+00  0.00000000000000000E+00  1.20000000000000000E+01
8.48000000000004479E-03  0.00000000000000000E+00  0.00000000000000000E+00  7.67438775182385791E-01  0.00000000000000000E+00  0.00000000000000000E+00  0.00000000000000000E+00  1.35000000000000000E+01
8.52000000000004663E-03  0.00000000000000000E+00  0.00000000000000000E+00  7.70735462758563750E-01  0.00000000000000000E+00  0.00000000000000000E+00  0.00000000000000000E+00  1.35000000000000000E+01
8.56000000000004674E-03  0.00000000000000000E+00  0.00000000000000000E+00  7.74220043255107515E-01  0.00000000000000000E+00  0.00000000000000000E+00  0.00000000000000000E+00  1.40000000000000000E+01
8.60000000000005031E-03  0.00000000000000000E+00  0.00000000000000000E+00  7.77606488767360826E-01  0.00000000000000000E+00  0.00000000000000000E+00  0.00000000000000000E+00  1.35000000000000000E+01
8.64000000000004348E-03  0.00000000000000000E+00  0.00000000000000000E+00  7.81186150229660536E-01  0.00000000000000000E+00  0.00000000000000000E+00  0.00000000000000000E+00  1.35000000000000000E+01
8.68000000000006960E-03  0.00000000000000000E+00  0.00000000000000000E+00  7.83399430541676711E-01  0.00000000000000000E+00  0.00000000000000000E+00  0.00000000000000000E+00  1.30000000000000000E+01
8.72000000000006277E-03  0.00000000000000000E+00  0.00000000000000000E+00  7.86885685094172227E-01  0.00000000000000000E+00  0.00000000000000000E+00  0.00000000000000000E+00  1.30000000000000000E+01
8.76000000000006288E-03  0.00000000000000000E+00  0.00000000000000000E+00  7.90069054428643947E-01  0.00000000000000000E+00  0.00000000000000000E+00  0.00000000000000000E+00  1.30000000000000000E+01
8.80000000000006818E-03  0.00000000000000000E+00  0.00000000000000000E+00  7.93646797508698154E-01  0.00000000000000000E+00  0.00000000000000000E+00  0.00000000000000000E+00  1.30000000000000000E+01
8.84000000000006829E-03  0.00000000000000000E+00  0.00000000000000000E+00  7.97250053152248506E-01  0.00000000000000000E+00  0.00000000000000000E+00  0.00000000000000000E+00  1.30000000000000000E+01
8.88000000000006146E-03  0.00000000000000000E+00  0.00000000000000000E+00  8.00757620759291022E-01  0.00000000000000000E+00  0.00000000000000000E+00  0.00000000000000000E+00  1.30000000000000000E+01
8.92000000000007370E-03  0.00000000000000000E+00  0.00000000000000000E+00  8.04360028088463852E-01  0.00000000000000000E+00  0.00000000000000000E+00  0.00000000000000000E+00  1.30000000000000000E+01
8.96000000000007381E-03  0.00000000000000000E+00  0.00000000000000000E+00  8.07839582592855598E-01  0.00000000000000000E+00  0.00000000000000000E+00  0.00000000000000000E+00  1.30000000000000000E+01
9.00000000000006871E-03  0.00000000000000000E+00  0.00000000000000000E+00  8.11441560900904246E-01  0.00000000000000000E+00  0.00000000000000000E+00  0.00000000000000000E+00  1.30000000000000000E+01
9.04000000000006881E-03  0.00000000000000000E+00  0.00000000000000000E+00  8.14927847186086574E-01  0.00000000000000000E+00  0.00000000000000000E+00  0.00000000000000000E+00  1.30000000000000000E+01
9.08000000000007065E-03  0.00000000000000000E+00  0.00000000000000000E+00  8.18273341334019966E-01  0.00000000000000000E+00  0.00000000000000000E+00  0.00000000000000000E+00  1.35000000000000000E+01
9.12000000000007076E-03  0.00000000000000000E+00  0.00000000000000000E+00  8.21874698737380283E-01  0.00000000000000000E+00  0.00000000000000000E+00  0.00000000000000000E+00  1.35000000000000000E+01
9.16000000000006392E-03  0.00000000000000000E+00  0.00000000000000000E+00  8.24994731967684358E-01  0.00000000000000000E+00  0.00000000000000000E+00  0.00000000000000000E+00  1.45000000000000000E+01
9.20000000000007617E-03  0.00000000000000000E+00  0.00000000000000000E+00  8.28594546488199857E-01  0.00000000000000000E+00  0.00000000000000000E+00  0.00000000000000000E+00  1.50000000000000000E+01
9.24000000000007628E-03  0.00000000000000000E+00  0.00000000000000000E+00  8.31947650937286731E-01  0.00000000000000000E+00  0.00000000000000000E+00  0.00000000000000000E+00  1.50000000000000000E+01
9.28000000000007118E-03  0.00000000000000000E+00  0.00000000000000000E+00  8.35545984785097562E-01  0.00000000000000000E+00  0.00000000000000000E+00  0.00000000000000000E+00  1.50000000000000000E+01
9.32000000000007128E-03  0.00000000000000000E+00  0.00000000000000000E+00  8.39076290714883988E-01  0.00000000000000000E+00  0.00000000000000000E+00  0.00000000000000000E+00  1.50000000000000000E+01
9.36000000000008353E-03  0.00000000000000000E+00  0.00000000000000000E+00  8.42665058372975673E-01  0.00000000000000000E+00  0.00000000000000000E+00  0.00000000000000000E+00  1.50000000000000000E+01
9.40000000000007670E-03  0.00000000000000000E+00  0.00000000000000000E+00  8.46262978588085746E-01  0.00000000000000000E+00  0.00000000000000000E+00  0.00000000000000000E+00  1.50000000000000000E+01
9.44000000000007680E-03  0.00000000000000000E+00  0.00000000000000000E+00  8.49860798193338707E-01  0.00000000000000000E+00  0.00000000000000000E+00  0.00000000000000000E+00  1.50000000000000000E+01
9.48000000000008211E-03  0.00000000000000000E+00  0.00000000000000000E+00  8.53458878794908893E-01  0.00000000000000000E+00  0.00000000000000000E+00  0.00000000000000000E+00  1.50000000000000000E+01
9.52000000000008222E-03  0.00000000000000000E+00  0.00000000000000000E+00  8.57027086872590105E-01  0.00000000000000000E+00  0.00000000000000000E+00  0.00000000000000000E+00  1.50000000000000000E+01
9.56000000000007538E-03  0.00000000000000000E+00  0.00000000000000000E+00  8.60625193793407184E-01  0.00000000000000000E+00  0.00000000000000000E+00  0.00000000000000000E+00  1.50000000000000000E+01
9.60000000000007375E-03  0.00000000000000000E+00  0.00000000000000000E+00  8.63995950949652425E-01  0.00000000000000000E+00  0.00000000000000000E+00  0.00000000000000000E+00  1.50000000000000000E+01
9.64000000000008773E-03  0.00000000000000000E+00  0.00000000000000000E+00  8.66670249701065987E-01  0.00000000000000000E+00  0.00000000000000000E+00  0.00000000000000000E+00  1.50000000000000000E+01
9.68000000000007917E-03  0.00000000000000000E+00  0.00000000000000000E+00  8.70051764489493062E-01  0.00000000000000000E+00  0.00000000000000000E+00  0.00000000000000000E+00  1.50000000000000000E+01
9.72000000000008101E-03  0.00000000000000000E+00  0.00000000000000000E+00  8.73511696148915995E-01  0.00000000000000000E+00  0.00000000000000000E+00  0.00000000000000000E+00  1.50000000000000000E+01
9.76000000000009672E-03  0.00000000000000000E+00  0.00000000000000000E+00  8.76575397140613721E-01  0.00000000000000000E+00  0.00000000000000000E+00  0.00000000000000000E+00  1.50000000000000000E+01
9.80000000000008815E-03  0.00000000000000000E+00  0.00000000000000000E+00  8.80013889599323362E-01  0.00000000000000000E+00  0.00000000000000000E+00  0.00000000000000000E+00  1.40000000000000000E+01
9.84000000000008652E-03  0.00000000000000000E+00  0.00000000000000000E+00  8.83604277492610501E-01  0.00000000000000000E+00  0.00000000000000000E+00  0.00000000000000000E+00  1.45000000000000000E+01
9.88000000000009183E-03  0.00000000000000000E+00  0.00000000000000000E+00  8.87194434244616748E-01  0.00000000000000000E+00  0.00000000000000000E+00  0.00000000000000000E+00  1.45000000000000000E+01
9.92000000000009367E-03  0.00000000000000000E+00  0.00000000000000000E+00  8.90569889445052776E-01  0.00000000000000000E+00  0.00000000000000000E+00  0.00000000000000000E+00  1.50000000000000000E+01
9.96000000000008510E-03  0.00000000000000000E+00  0.00000000000000000E+00  8.94159175228295577E-01  0.00000000000000000E+00  0.00000000000000000E+00  0.00000000000000000E+00  1.50000000000000000E+01
