0.00000000000000000E+00  0.00000000000000000E+00  0.00000000000000000E+00  0.00000000000000000E+00  0.00000000000000000E+00  0.00000000000000000E+00  0.00000000000000000E+00  0.00000000000000000E+00
8.00000000000000608E-05  0.00000000000000000E+00  0.00000000000000000E+00  8.57620996494458387E-02  0.00000000000000000E+00  0.00000000000000000E+00  0.00000000000000000E+00  0.00000000000000000E+00
1.20000000000000003E-04  0.00000000000000000E+00  0.00000000000000000E+00  1.28332201548487790E-01  0.00000000000000000E+00  0.00000000000000000E+00  0.00000000000000000E+00  0.00000000000000000E+00
1.60000000000000338E-04  0.00000000000000000E+00  0.00000000000000000E+00  1.26935718145264526E-01  0.00000000000000000E+00  0.00000000000000000E+00  0.00000000000000000E+00  0.00000000000000000E+00
1.99999999999999874E-04  0.00000000000000000E+00  0.00000000000000000E+00  1.35903522209169958E-01  0.00000000000000000E+00  0.00000000000000000E+00  0.00000000000000000E+00  0.00000000000000000E+00
2.39999999999999654E-04  0.00000000000000000E+00  0.00000000000000000E+00  1.24431469540903589E-01  0.00000000000000000E+00  0.00000000000000000E+00  0.00000000000000000E+00  0.00000000000000000E+00
2.79999999999999650E-04  0.00000000000000000E+00  0.00000000000000000E+00  1.27987527996024558E-01  0.00000000000000000E+00  0.00000000000000000E+00  0.00000000000000000E+00  0.00000000000000000E+00
3.19999999999999701E-04  0.00000000000000000E+00  0.00000000000000000E+00  1.39794749069673790E-01  0.00000000000000000E+00  0.00000000000000000E+00  0.00000000000000000E+00  0.00000000000000000E+00
3.59999999999999264E-04  0.00000000000000000E+00  0.00000000000000000E+00  1.42054068373141107E-01  0.00000000000000000E+00  0.00000000000000000E+00  0.00000000000000000E+00  0.00000000000000000E+00
3.99999999999999369E-04  0.00000000000000000E+00  0.00000000000000000E+00  1.37858498840627230E-01  0.00000000000000000E+00  0.00000000000000000E+00  0.00000000000000000E+00  0.00000000000000000E+00
4.39999999999999528E-04  0.00000000000000000E+00  0.00000000000000000E+00  1.42682546507825775E-01  0.00000000000000000E+00  0.00000000000000000E+00  0.00000000000000000E+00  0.00000000000000000E+00
4.80000000000000121E-04  0.00000000000000000E+00  0.00000000000000000E+00  1.41844405331985030E-01  0.00000000000000000E+00  0.00000000000000000E+00  0.00000000000000000E+00  0.00000000000000000E+00
5.20000000000000063E-04  0.00000000000000000E+00  0.00000000000000000E+00  1.43063852348106452E-01  0.00000000000000000E+00  0.00000000000000000E+00  0.00000000000000000E+00  0.00000000000000000E+00
5.59999999999999084E-04  0.00000000000000000E+00  0.00000000000000000E+00  1.45909081145591507E-01  0.00000000000000000E+00  0.00000000000000000E+00  0.00000000000000000E+00  0.00000000000000000E+00
6.00000000000001140E-04  0.00000000000000000E+00  0.00000000000000000E+00  1.42130645052264137E-01  0.00000000000000000E+00  0.00000000000000000E+00  0.00000000000000000E+00  0.00000000000000000E+00
6.40000000000001570E-04  0.00000000000000000E+00  0.00000000000000000E+00  1.50256966521772395E-01  0.00000000000000000E+00  0.00000000000000000E+00  0.00000000000000000E+00  0.00000000000000000E+00
6.80000000000001133E-04  0.00000000000000000E+00  0.00000000000000000E+00  1.49447037672593402E-01  0.00000000000000000E+00  0.00000000000000000E+00  0.00000000000000000E+00  0.00000000000000000E+00
7.20000000000001780E-04  0.00000000000000000E+00  0.00000000000000000E+00  1.49749646540041720E-01  0.00000000000000000E+00  0.00000000000000000E+00  0.00000000000000000E+00  0.00000000000000000E+00
7.60000000000001126E-04  0.00000000000000000E+00  0.00000000000000000E+00  1.40596075450053759E-01  0.00000000000000000E+00  0.00000000000000000E+00  0.00000000000000000E+00  0.00000000000000000E+00
8.00000000000001990E-04  0.00000000000000000E+00  0.00000000000000000E+00  1.47665268359953555E-01  0.00000000000000000E+00  0.00000000000000000E+00  0.00000000000000000E+00  0.00000000000000000E+00
8.40000000000001119E-04  0.00000000000000000E+00  0.00000000000000000E+00  1.52745732631107217E-01  0.00000000000000000E+00  0.00000000000000000E+00  0.00000000000000000E+00  0.00000000000000000E+00
8.80000000000002091E-04  0.00000000000000000E+00  0.00000000000000000E+00  1.45873408800367477E-01  0.00000000000000000E+00  0.00000000000000000E+00  0.00000000000000000E+00  0.00000000000000000E+00
9.20000000000003931E-04  0.00000000000000000E+00  0.00000000000000000E+00  1.42908078398919725E-01  0.00000000000000000E+00  0.00000000000000000E+00  0.00000000000000000E+00  0.00000000000000000E+00
9.60000000000002735E-04  0.00000000000000000E+00  0.00000000000000000E+00  1.48841407018893507E-01  0.00000000000000000E+00  0.00000000000000000E+00  0.00000000000000000E+00  0.00000000000000000E+00
1.00000000000000349E-03  0.00000000000000000E+00  0.00000000000000000E+00  1.47122278079774460E-01  0.00000000000000000E+00  0.00000000000000000E+00  0.00000000000000000E+00  0.00000000000000000E+00
1.04000000000000360E-03  0.00000000000000000E+00  0.00000000000000000E+00  1.52667839962265683E-01  0.00000000000000000E+00  0.00000000000000000E+00  0.00000000000000000E+00  0.00000000000000000E+00
1.07999999999999546E-03  0.00000000000000000E+00  0.00000000000000000E+00  1.46085666385250251E-01  0.00000000000000000E+00  0.00000000000000000E+00  0.00000000000000000E+00  0.00000000000000000E+00
1.11999999999999578E-03  0.00000000000000000E+00  0.00000000000000000E+00  1.50975669024464937E-01  0.00000000000000000E+00  0.00000000000000000E+00  0.00000000000000000E+00  0.00000000000000000E+00
1.15999999999999502E-03  0.00000000000000000E+00  0.00000000000000000E+00  1.56115635202545844E-01  0.00000000000000000E+00  0.00000000000000000E+00  0.00000000000000000E+00  0.00000000000000000E+00
1.19999999999999512E-03  0.00000000000000000E+00  0.00000000000000000E+00  1.55028456111893975E-01  0.00000000000000000E+00  0.00000000000000000E+00  0.00000000000000000E+00  0.00000000000000000E+00
1.23999999999999566E-03  0.00000000000000000E+00  0.00000000000000000E+00  1.57279123369833324E-01  0.00000000000000000E+00  0.00000000000000000E+00  0.00000000000000000E+00  0.00000000000000000E+00
1.27999999999999577E-03  0.00000000000000000E+00  0.00000000000000000E+00  1.61566777916067605E-01  0.00000000000000000E+00  0.00000000000000000E+00  0.00000000000000000E+00  0.00000000000000000E+00
1.31999999999999479E-03  0.00000000000000000E+00  0.00000000000000000E+00  1.65705420578079798E-01  0.00000000000000000E+00  0.00000000000000000E+00  0.00000000000000000E+00  0.00000000000000000E+00
1.35999999999999489E-03  0.00000000000000000E+00  0.00000000000000000E+00  1.66266196594428095E-01  0.00000000000000000E+00  0.00000000000000000E+00  0.00000000000000000E+00  0.00000000000000000E+00
1.39999999999999608E-03  0.00000000000000000E+00  0.00000000000000000E+00  1.69908832026192363E-01  0.00000000000000000E+00  0.00000000000000000E+00  0.00000000000000000E+00  0.00000000000000000E+00
1.43999999999999510E-03  0.00000000000000000E+00  0.00000000000000000E+00  1.73704967241059521E-01  0.00000000000000000E+00  0.00000000000000000E+00  0.00000000000000000E+00  0.00000000000000000E+00
1.47999999999999499E-03  0.00000000000000000E+00  0.00000000000000000E+00  1.77493641724597417E-01  0.00000000000000000E+00  0.00000000000000000E+00  0.00000000000000000E+00  0.00000000000000000E+00
1.51999999999999423E-03  0.00000000000000000E+00  0.00000000000000000E+00  1.80684641635067311E-01  0.00000000000000000E+00  0.00000000000000000E+00  0.00000000000000000E+00  0.00000000000000000E+00
1.55999999999999390E-03  0.00000000000000000E+00  0.00000000000000000E+00  1.84099895579558248E-01  0.00000000000000000E+00  0.00000000000000000E+00  0.00000000000000000E+00  0.00000000000000000E+00
1.59999999999999574E-03  0.00000000000000000E+00  0.00000000000000000E+00  1.87848085155234074E-01  0.00000000000000000E+00  0.00000000000000000E+00  0.00000000000000000E+00  0.00000000000000000E+00
1.63999999999999541E-03  0.00000000000000000E+00  0.00000000000000000E+00  1.91596830228756926E-01  0.00000000000000000E+00  0.00000000000000000E+00  0.00000000000000000E+00  0.00000000000000000E+00
1.67999999999999421E-03  0.00000000000000000E+00  0.00000000000000000E+00  1.95112750360251608E-01  0.00000000000000000E+00  0.00000000000000000E+00  0.00000000000000000E+00  0.00000000000000000E+00
1.71999999999999302E-03  0.00000000000000000E+00  0.00000000000000000E+00  1.98893762186602124E-01  0.00000000000000000E+00  0.00000000000000000E+00  0.00000000000000000E+00  0.00000000000000000E+00
1.75999999999999616E-03  0.00000000000000000E+00  0.00000000000000000E+00  2.01949434485126061E-01  0.00000000000000000E+00  0.00000000000000000E+00  0.00000000000000000E+00  0.00000000000000000E+00
1.79999999999999561E-03  0.00000000000000000E+00  0.00000000000000000E+00  2.05788629233824627E-01  0.00000000000000000E+00  0.00000000000000000E+00  0.00000000000000000E+00  0.00000000000000000E+00
1.83999999999999398E-03  0.00000000000000000E+00  0.00000000000000000E+00  2.09596675525164838E-01  0.00000000000000000E+00  0.00000000000000000E+00  0.00000000000000000E+00  0.00000000000000000E+00
1.87999999999999322E-03  0.00000000000000000E+00  0.00000000000000000E+00  2.13026706298107993E-01  0.00000000000000000E+00  0.00000000000000000E+00  0.00000000000000000E+00  0.00000000000000000E+00
1.91999999999999268E-03  0.00000000000000000E+00  0.00000000000000000E+00  2.17031613943527740E-01  0.00000000000000000E+00  0.00000000000000000E+00  0.00000000000000000E+00  0.00000000000000000E+00
1.95999999999999430E-03  0.00000000000000000E+00  0.00000000000000000E+00  2.20579614242824545E-01  0.00000000000000000E+00  0.00000000000000000E+00  0.00000000000000000E+00  0.00000000000000000E+00
1.99999999999999354E-03  0.00000000000000000E+00  0.00000000000000000E+00  2.24363639255613451E-01  0.00000000000000000E+00  0.00000000000000000E+00  0.00000000000000000E+00  0.00000000000000000E+00
2.03999999999999191E-03  0.00000000000000000E+00  0.00000000000000000E+00  2.27877198334668879E-01  0.00000000000000000E+00  0.00000000000000000E+00  0.00000000000000000E+00  0.00000000000000000E+00
2.07999999999999288E-03  0.00000000000000000E+00  0.00000000000000000E+00  2.30323737776872761E-01  0.00000000000000000E+00  0.00000000000000000E+00  0.00000000000000000E+00  0.00000000000000000E+00
2.11999999999999255E-03  0.00000000000000000E+00  0.00000000000000000E+00  2.34119749837482100E-01  0.00000000000000000E+00  0.00000000000000000E+00  0.00000000000000000E+00  0.00000000000000000E+00
2.15999999999999352E-03  0.00000000000000000E+00  0.00000000000000000E+00  2.37865103590524790E-01  0.00000000000000000E+00  0.00000000000000000E+00  0.00000000000000000E+00  0.00000000000000000E+00
2.19999999999999189E-03  0.00000000000000000E+00  0.00000000000000000E+00  2.41287910156923358E-01  0.00000000000000000E+00  0.00000000000000000E+00  0.00000000000000000E+00  0.00000000000000000E+00
2.23999999999999156E-03  0.00000000000000000E+00  0.00000000000000000E+00  2.45081534742784629E-01  0.00000000000000000E+00  0.00000000000000000E+00  0.00000000000000000E+00  0.00000000000000000E+00
2.27999999999999080E-03  0.00000000000000000E+00  0.00000000000000000E+00  2.48959477638851345E-01  0.00000000000000000E+00  0.00000000000000000E+00  0.00000000000000000E+00  0.00000000000000000E+00
2.31999999999998917E-03  0.00000000000000000E+00  0.00000000000000000E+00  2.52305141786288045E-01  0.00000000000000000E+00  0.00000000000000000E+00  0.00000000000000000E+00  0.00000000000000000E+00
2.35999999999998884E-03  0.00000000000000000E+00  0.00000000000000000E+00  2.56136383243108556E-01  0.00000000000000000E+00  0.00000000000000000E+00  0.00000000000000000E+00  0.00000000000000000E+00
2.39999999999998982E-03  0.00000000000000000E+00  0.00000000000000000E+00  2.59017377865517484E-01  0.00000000000000000E+00  0.00000000000000000E+00  0.00000000000000000E+00  0.00000000000000000E+00
2.43999999999998862E-03  0.00000000000000000E+00  0.00000000000000000E+00  2.60945653689600876E-01  0.00000000000000000E+00  0.00000000000000000E+00  0.00000000000000000E+00  0.00000000000000000E+00
2.47999999999999133E-03  0.00000000000000000E+00  0.00000000000000000E+00  2.64875190006246153E-01  0.00000000000000000E+00  0.00000000000000000E+00  0.00000000000000000E+00  0.00000000000000000E+00
2.51999999999999056E-03  0.00000000000000000E+00  0.00000000000000000E+00  2.67751483556969705E-01  0.00000000000000000E+00  0.00000000000000000E+00  0.00000000000000000E+00  0.00000000000000000E+00
2.55999999999998937E-03  0.00000000000000000E+00  0.00000000000000000E+00  2.71296539672293502E-01  0.00000000000000000E+00  0.00000000000000000E+00  0.00000000000000000E+00  0.00000000000000000E+00
2.59999999999998991E-03  0.00000000000000000E+00  0.00000000000000000E+00  2.74925474245981571E-01  0.00000000000000000E+00  0.00000000000000000E+00  0.00000000000000000E+00  0.00000000000000000E+00
2.63999999999998914E-03  0.00000000000000000E+00  0.00000000000000000E+00  2.78406727540673804E-01  0.00000000000000000E+00  0.00000000000000000E+00  0.00000000000000000E+00  0.00000000000000000E+00
2.67999999999998838E-03  0.00000000000000000E+00  0.00000000000000000E+00  2.81780888024599219E-01  0.00000000000000000E+00  0.00000000000000000E+00  0.00000000000000000E+00  0.00000000000000000E+00
2.71999999999998762E-03  0.00000000000000000E+00  0.00000000000000000E+00  2.85049690268335987E-01  0.00000000000000000E+00  0.00000000000000000E+00  0.00000000000000000E+00  1.50565795047880063E-04
2.75999999999998599E-03  0.00000000000000000E+00  0.00000000000000000E+00  2.88662071241659157E-01  0.00000000000000000E+00  0.00000000000000000E+00  0.00000000000000000E+00  1.52614801348457236E-04
2.79999999999998739E-03  0.00000000000000000E+00  0.00000000000000000E+00  2.91034045683734810E-01  0.00000000000000000E+00  0.00000000000000000E+00  0.00000000000000000E+00  0.00000000000000000E+00
2.83999999999999097E-03  0.00000000000000000E+00  0.00000000000000000E+00  2.94218739691598397E-01  0.00000000000000000E+00  0.00000000000000000E+00  0.00000000000000000E+00  1.50589708439564083E-04
2.87999999999999064E-03  0.00000000000000000E+00  0.00000000000000000E+00  2.97786210039863886E-01  0.00000000000000000E+00  0.00000000000000000E+00  0.00000000000000000E+00  3.03858979690527491E-04
2.91999999999999075E-03  0.00000000000000000E+00  0.00000000000000000E+00  3.01087932070541076E-01  0.00000000000000000E+00  0.00000000000000000E+00  0.00000000000000000E+00  3.07627214389886148E-04
2.95999999999998998E-03  0.00000000000000000E+00  0.00000000000000000E+00  3.04576703861005382E-01  0.00000000000000000E+00  0.00000000000000000E+00  0.00000000000000000E+00  3.11299256173402385E-04
2.99999999999998922E-03  0.00000000000000000E+00  0.00000000000000000E+00  3.08370303266479406E-01  0.00000000000000000E+00  0.00000000000000000E+00  0.00000000000000000E+00  3.15358429000517251E-04
3.03999999999998846E-03  0.00000000000000000E+00  0.00000000000000000E+00  3.11285927720737376E-01  0.00000000000000000E+00  0.00000000000000000E+00  0.00000000000000000E+00  3.13893492297979602E-04
3.07999999999998856E-03  0.00000000000000000E+00  0.00000000000000000E+00  3.15103666988349462E-01  0.00000000000000000E+00  0.00000000000000000E+00  0.00000000000000000E+00  3.17958098174250109E-04
3.11999999999998780E-03  0.00000000000000000E+00  0.00000000000000000E+00  3.17992071744314764E-01  0.00000000000000000E+00  0.00000000000000000E+00  0.00000000000000000E+00  3.25745040621772119E-04
3.15999999999999268E-03  0.00000000000000000E+00  0.00000000000000000E+00  3.21888998102955348E-01  0.00000000000000000E+00  0.00000000000000000E+00  0.00000000000000000E+00  3.29872006989019649E-04
3.19999999999999148E-03  0.00000000000000000E+00  0.00000000000000000E+00  3.25826616292494264E-01  0.00000000000000000E+00  0.00000000000000000E+00  0.00000000000000000E+00  3.34079536511823179E-04
3.23999999999999202E-03  0.00000000000000000E+00  0.00000000000000000E+00  3.29337645842258497E-01  0.00000000000000000E+00  0.00000000000000000E+00  0.00000000000000000E+00  3.37816520684231577E-04
3.27999999999999039E-03  0.00000000000000000E+00  0.00000000000000000E+00  3.32873686983270578E-01  0.00000000000000000E+00  0.00000000000000000E+00  0.00000000000000000E+00  3.32634733088612005E-04
3.31999999999998919E-03  0.00000000000000000E+00  0.00000000000000000E+00  3.36703696051852519E-01  0.00000000000000000E+00  0.00000000000000000E+00  0.00000000000000000E+00  3.36587649087636024E-04
3.35999999999998756E-03  0.00000000000000000E+00  0.00000000000000000E+00  3.39926767573024813E-01  0.00000000000000000E+00  0.00000000000000000E+00  0.00000000000000000E+00  3.40101116200407791E-04
3.39999999999998680E-03  0.00000000000000000E+00  0.00000000000000000E+00  3.43509359982656581E-01  0.00000000000000000E+00  0.00000000000000000E+00  0.00000000000000000E+00  3.43825572169539797E-04
3.43999999999998604E-03  0.00000000000000000E+00  0.00000000000000000E+00  3.46612871765979547E-01  0.00000000000000000E+00  0.00000000000000000E+00  0.00000000000000000E+00  3.48084673177642939E-04
3.47999999999998397E-03  0.00000000000000000E+00  0.00000000000000000E+00  3.49395912892836724E-01  0.00000000000000000E+00  0.00000000000000000E+00  0.00000000000000000E+00  1.61562582697677567E-04
3.51999999999998451E-03  0.00000000000000000E+00  0.00000000000000000E+00  3.53275030869661444E-01  0.00000000000000000E+00  0.00000000000000000E+00  0.00000000000000000E+00  1.63413112536331493E-04
3.55999999999999069E-03  0.00000000000000000E+00  0.00000000000000000E+00  3.56433959909630005E-01  0.00000000000000000E+00  0.00000000000000000E+00  0.00000000000000000E+00  1.65618349159601973E-04
3.59999999999998906E-03  0.00000000000000000E+00  0.00000000000000000E+00  3.60366589393302184E-01  0.00000000000000000E+00  0.00000000000000000E+00  0.00000000000000000E+00  1.61740968376364183E-04
3.63999999999998743E-03  0.00000000000000000E+00  0.00000000000000000E+00  3.63521471853520628E-01  0.00000000000000000E+00  0.00000000000000000E+00  0.00000000000000000E+00  1.63542316762610852E-04
3.67999999999998580E-03  0.00000000000000000E+00  0.00000000000000000E+00  3.66273110169357541E-01  0.00000000000000000E+00  0.00000000000000000E+00  0.00000000000000000E+00  1.62295927587426808E-04
3.71999999999998417E-03  0.00000000000000000E+00  0.00000000000000000E+00  3.70090820988599689E-01  0.00000000000000000E+00  0.00000000000000000E+00  0.00000000000000000E+00  1.64019196286333951E-04
3.75999999999998471E-03  0.00000000000000000E+00  0.00000000000000000E+00  3.73901331008769044E-01  0.00000000000000000E+00  0.00000000000000000E+00  0.00000000000000000E+00  1.65444019382931265E-04
3.79999999999998221E-03  0.00000000000000000E+00  0.00000000000000000E+00  3.77699651636703548E-01  0.00000000000000000E+00  0.00000000000000000E+00  0.00000000000000000E+00  1.66213475671723922E-04
3.83999999999998232E-03  0.00000000000000000E+00  0.00000000000000000E+00  3.81293315055685977E-01  0.00000000000000000E+00  0.00000000000000000E+00  0.00000000000000000E+00  3.19141225325972398E-04
3.87999999999998242E-03  0.00000000000000000E+00  0.00000000000000000E+00  3.85086918924742450E-01  0.00000000000000000E+00  0.00000000000000000E+00  0.00000000000000000E+00  3.17755739368028197E-04
3.91999999999997992E-03  0.00000000000000000E+00  0.00000000000000000E+00  3.87629915457609220E-01  0.00000000000000000E+00  0.00000000000000000E+00  0.00000000000000000E+00  3.26021784453754573E-04
3.95999999999998003E-03  0.00000000000000000E+00  0.00000000000000000E+00  3.90293637065234678E-01  0.00000000000000000E+00  0.00000000000000000E+00  0.00000000000000000E+00  3.32652045040357849E-04
3.99999999999997927E-03  0.00000000000000000E+00  0.00000000000000000E+00  3.94100531162425216E-01  0.00000000000000000E+00  0.00000000000000000E+00  0.00000000000000000E+00  3.27521480026622940E-04
4.03999999999998458E-03  0.00000000000000000E+00  0.00000000000000000E+00  3.97790766047815103E-01  0.00000000000000000E+00  0.00000000000000000E+00  0.00000000000000000E+00  3.26250156555253287E-04
4.07999999999998295E-03  0.00000000000000000E+00  0.00000000000000000E+00  4.01351436520827942E-01  0.00000000000000000E+00  0.00000000000000000E+00  0.00000000000000000E+00  3.29430395505151113E-04
4.11999999999998392E-03  0.00000000000000000E+00  0.00000000000000000E+00  4.05180651958805926E-01  0.00000000000000000E+00  0.00000000000000000E+00  0.00000000000000000E+00  3.32553626431478385E-04
4.15999999999998055E-03  0.00000000000000000E+00  0.00000000000000000E+00  4.08165735584865352E-01  0.00000000000000000E+00  0.00000000000000000E+00  0.00000000000000000E+00  3.33755958034301012E-04
4.19999999999998239E-03  0.00000000000000000E+00  0.00000000000000000E+00  4.12058764318257609E-01  0.00000000000000000E+00  0.00000000000000000E+00  0.00000000000000000E+00  3.36961149090464680E-04
4.23999999999998337E-03  0.00000000000000000E+00  0.00000000000000000E+00  4.15427222602027912E-01  0.00000000000000000E+00  0.00000000000000000E+00  0.00000000000000000E+00  3.33779059574306185E-04
4.27999999999998174E-03  0.00000000000000000E+00  0.00000000000000000E+00  4.19217266112659359E-01  0.00000000000000000E+00  0.00000000000000000E+00  0.00000000000000000E+00  3.36218250763074475E-04
4.31999999999998704E-03  0.00000000000000000E+00  0.00000000000000000E+00  4.22918687363789791E-01  0.00000000000000000E+00  0.00000000000000000E+00  0.00000000000000000E+00  3.33074868281468144E-04
4.35999999999998368E-03  0.00000000000000000E+00  0.00000000000000000E+00  4.26347649983519983E-01  0.00000000000000000E+00  0.00000000000000000E+00  0.00000000000000000E+00  3.35841580930321343E-04
4.39999999999998639E-03  0.00000000000000000E+00  0.00000000000000000E+00  4.29894054794728919E-01  0.00000000000000000E+00  0.00000000000000000E+00  0.00000000000000000E+00  3.32088372415569922E-04
4.43999999999998216E-03  0.00000000000000000E+00  0.00000000000000000E+00  4.32338739498995928E-01  0.00000000000000000E+00  0.00000000000000000E+00  0.00000000000000000E+00  3.26742890574585197E-04
4.47999999999998400E-03  0.00000000000000000E+00  0.00000000000000000E+00  4.36039571103637558E-01  0.00000000000000000E+00  0.00000000000000000E+00  0.00000000000000000E+00  3.28797502039393540E-04
4.51999999999998583E-03  0.00000000000000000E+00  0.00000000000000000E+00  4.39859649001635211E-01  0.00000000000000000E+00  0.00000000000000000E+00  0.00000000000000000E+00  3.31677142259507345E-04
4.55999999999998160E-03  0.00000000000000000E+00  0.00000000000000000E+00  4.43691091502913582E-01  0.00000000000000000E+00  0.00000000000000000E+00  0.00000000000000000E+00  3.34547729720889218E-04
4.59999999999998431E-03  0.00000000000000000E+00  0.00000000000000000E+00  4.47213061297869974E-01  0.00000000000000000E+00  0.00000000000000000E+00  0.00000000000000000E+00  3.33829220381712179E-04
4.63999999999998615E-03  0.00000000000000000E+00  0.00000000000000000E+00  4.50803465647323487E-01  0.00000000000000000E+00  0.00000000000000000E+00  0.00000000000000000E+00  3.36482543107535434E-04
4.67999999999998886E-03  0.00000000000000000E+00  0.00000000000000000E+00  4.54360839036882125E-01  0.00000000000000000E+00  0.00000000000000000E+00  0.00000000000000000E+00  3.39027784968837969E-04
4.71999999999998462E-03  0.00000000000000000E+00  0.00000000000000000E+00  4.58177576596567937E-01  0.00000000000000000E+00  0.00000000000000000E+00  0.00000000000000000E+00  3.41781294567501778E-04
4.75999999999998646E-03  0.00000000000000000E+00  0.00000000000000000E+00  4.61734770801365435E-01  0.00000000000000000E+00  0.00000000000000000E+00  0.00000000000000000E+00  3.38678072596988993E-04
4.79999999999998830E-03  0.00000000000000000E+00  0.00000000000000000E+00  4.65268785899618342E-01  0.00000000000000000E+00  0.00000000000000000E+00  0.00000000000000000E+00  3.41534202272351212E-04
4.83999999999998407E-03  0.00000000000000000E+00  0.00000000000000000E+00  4.68945804790054044E-01  0.00000000000000000E+00  0.00000000000000000E+00  0.00000000000000000E+00  3.37889199749474844E-04
4.87999999999998591E-03  0.00000000000000000E+00  0.00000000000000000E+00  4.72420032010342938E-01  0.00000000000000000E+00  0.00000000000000000E+00  0.00000000000000000E+00  3.33181150873276810E-04
4.91999999999998255E-03  0.00000000000000000E+00  0.00000000000000000E+00  4.75727212052625914E-01  0.00000000000000000E+00  0.00000000000000000E+00  0.00000000000000000E+00  3.35512584243369554E-04
4.95999999999998959E-03  0.00000000000000000E+00  0.00000000000000000E+00  4.79055666363330468E-01  0.00000000000000000E+00  0.00000000000000000E+00  0.00000000000000000E+00  3.36652334782438210E-04
4.99999999999998449E-03  0.00000000000000000E+00  0.00000000000000000E+00  4.82879547793115982E-01  0.00000000000000000E+00  0.00000000000000000E+00  0.00000000000000000E+00  3.39007300518598018E-04
5.03999999999998807E-03  0.00000000000000000E+00  0.00000000000000000E+00  4.84864994622686618E-01  0.00000000000000000E+00  0.00000000000000000E+00  0.00000000000000000E+00  3.41825675331299916E-04
5.07999999999998297E-03  0.00000000000000000E+00  0.00000000000000000E+00  4.88697428604139061E-01  0.00000000000000000E+00  0.00000000000000000E+00  0.00000000000000000E+00  3.44523374612166762E-04
5.11999999999998654E-03  0.00000000000000000E+00  0.00000000000000000E+00  4.92527688208733883E-01  0.00000000000000000E+00  0.00000000000000000E+00  0.00000000000000000E+00  3.47220580205953729E-04
5.15999999999998925E-03  0.00000000000000000E+00  0.00000000000000000E+00  4.96062043339376979E-01  0.00000000000000000E+00  0.00000000000000000E+00  0.00000000000000000E+00  3.43307931025280360E-04
5.19999999999998328E-03  0.00000000000000000E+00  0.00000000000000000E+00  4.98402597474224718E-01  0.00000000000000000E+00  0.00000000000000000E+00  0.00000000000000000E+00  3.39682054355604386E-04
5.23999999999998599E-03  0.00000000000000000E+00  0.00000000000000000E+00  5.02023744257611093E-01  0.00000000000000000E+00  0.00000000000000000E+00  0.00000000000000000E+00  3.42154950217260620E-04
5.27999999999998176E-03  0.00000000000000000E+00  0.00000000000000000E+00  5.05004508955454123E-01  0.00000000000000000E+00  0.00000000000000000E+00  0.00000000000000000E+00  3.45633474156051583E-04
5.31999999999998880E-03  0.00000000000000000E+00  0.00000000000000000E+00  5.08819869518317147E-01  0.00000000000000000E+00  0.00000000000000000E+00  0.00000000000000000E+00  3.48239888466711088E-04
5.35999999999998283E-03  0.00000000000000000E+00  0.00000000000000000E+00  5.12255103261931466E-01  0.00000000000000000E+00  0.00000000000000000E+00  0.00000000000000000E+00  3.44173073627786728E-04
5.39999999999998728E-03  0.00000000000000000E+00  0.00000000000000000E+00  5.15783534099019003E-01  0.00000000000000000E+00  0.00000000000000000E+00  0.00000000000000000E+00  3.44441585570953290E-04
5.43999999999999085E-03  0.00000000000000000E+00  0.00000000000000000E+00  5.18513888636176534E-01  0.00000000000000000E+00  0.00000000000000000E+00  0.00000000000000000E+00  3.51477514363032198E-04
5.47999999999998749E-03  0.00000000000000000E+00  0.00000000000000000E+00  5.22008870481363685E-01  0.00000000000000000E+00  0.00000000000000000E+00  0.00000000000000000E+00  3.53605914671255512E-04
5.51999999999999019E-03  0.00000000000000000E+00  0.00000000000000000E+00  5.25300886620391094E-01  0.00000000000000000E+00  0.00000000000000000E+00  0.00000000000000000E+00  3.58249505189462574E-04
5.55999999999998856E-03  0.00000000000000000E+00  0.00000000000000000E+00  5.28833212537058062E-01  0.00000000000000000E+00  0.00000000000000000E+00  0.00000000000000000E+00  3.59104584230309106E-04
5.59999999999999300E-03  0.00000000000000000E+00  0.00000000000000000E+00  5.32476172731715769E-01  0.00000000000000000E+00  0.00000000000000000E+00  0.00000000000000000E+00  3.61481940136510773E-04
5.63999999999999745E-03  0.00000000000000000E+00  0.00000000000000000E+00  5.35694882744208511E-01  0.00000000000000000E+00  0.00000000000000000E+00  0.00000000000000000E+00  3.60194520040425640E-04
5.67999999999999148E-03  0.00000000000000000E+00  0.00000000000000000E+00  5.39359540409944827E-01  0.00000000000000000E+00  0.00000000000000000E+00  0.00000000000000000E+00  3.62955284709144373E-04
5.71999999999999505E-03  0.00000000000000000E+00  0.00000000000000000E+00  5.43103730424969067E-01  0.00000000000000000E+00  0.00000000000000000E+00  0.00000000000000000E+00  3.60550223624133272E-04
5.75999999999999342E-03  0.00000000000000000E+00  0.00000000000000000E+00  5.46563132996167544E-01  0.00000000000000000E+00  0.00000000000000000E+00  0.00000000000000000E+00  3.57038108939488025E-04
5.79999999999999873E-03  0.00000000000000000E+00  0.00000000000000000E+00  5.49573680500461292E-01  0.00000000000000000E+00  0.00000000000000000E+00  0.00000000000000000E+00  3.59205394140656772E-04
5.84000000000000404E-03  0.00000000000000000E+00  0.00000000000000000E+00  5.52759133357974330E-01  0.00000000000000000E+00  0.00000000000000000E+00  0.00000000000000000E+00  3.68307892616045703E-04
5.87999999999999808E-03  0.00000000000000000E+00  0.00000000000000000E+00  5.55909339925647172E-01  0.00000000000000000E+00  0.00000000000000000E+00  0.00000000000000000E+00  3.66931513229799399E-04
5.92000000000000252E-03  0.00000000000000000E+00  0.00000000000000000E+00  5.59353788237930805E-01  0.00000000000000000E+00  0.00000000000000000E+00  0.00000000000000000E+00  3.68810215379136090E-04
5.95999999999999915E-03  0.00000000000000000E+00  0.00000000000000000E+00  5.62607747527391289E-01  0.00000000000000000E+00  0.00000000000000000E+00  0.00000000000000000E+00  3.73516550899747701E-04
6.00000000000000446E-03  0.00000000000000000E+00  0.00000000000000000E+00  5.65511323364358054E-01  0.00000000000000000E+00  0.00000000000000000E+00  0.00000000000000000E+00  3.75226445810347611E-04
6.04000000000000977E-03  0.00000000000000000E+00  0.00000000000000000E+00  5.68796458607420341E-01  0.00000000000000000E+00  0.00000000000000000E+00  0.00000000000000000E+00  3.75748689580197924E-04
6.08000000000000294E-03  0.00000000000000000E+00  0.00000000000000000E+00  5.72553083365315518E-01  0.00000000000000000E+00  0.00000000000000000E+00  0.00000000000000000E+00  3.78235786195616950E-04
6.12000000000000738E-03  0.00000000000000000E+00  0.00000000000000000E+00  5.75585474038240119E-01  0.00000000000000000E+00  0.00000000000000000E+00  0.00000000000000000E+00  3.81013222113374709E-04
6.16000000000000054E-03  0.00000000000000000E+00  0.00000000000000000E+00  5.78742025795458970E-01  0.00000000000000000E+00  0.00000000000000000E+00  0.00000000000000000E+00  3.83476971118973538E-04
6.20000000000000499E-03  0.00000000000000000E+00  0.00000000000000000E+00  5.81883088463769238E-01  0.00000000000000000E+00  0.00000000000000000E+00  0.00000000000000000E+00  3.80650922128563079E-04
6.24000000000000162E-03  0.00000000000000000E+00  0.00000000000000000E+00  5.85082129597723988E-01  0.00000000000000000E+00  0.00000000000000000E+00  0.00000000000000000E+00  3.83133976666285084E-04
6.28000000000000693E-03  0.00000000000000000E+00  0.00000000000000000E+00  5.88220580359650635E-01  0.00000000000000000E+00  0.00000000000000000E+00  0.00000000000000000E+00  3.84620153503274613E-04
6.31999999999999923E-03  0.00000000000000000E+00  0.00000000000000000E+00  5.90251565832909941E-01  0.00000000000000000E+00  0.00000000000000000E+00  0.00000000000000000E+00  3.89591040248871623E-04
6.36000000000000541E-03  0.00000000000000000E+00  0.00000000000000000E+00  5.93405765837845212E-01  0.00000000000000000E+00  0.00000000000000000E+00  0.00000000000000000E+00  3.92059265333516329E-04
6.40000000000000985E-03  0.00000000000000000E+00  0.00000000000000000E+00  5.96858535477919228E-01  0.00000000000000000E+00  0.00000000000000000E+00  0.00000000000000000E+00  3.93883322448973809E-04
6.44000000000000735E-03  0.00000000000000000E+00  0.00000000000000000E+00  6.00204693413219470E-01  0.00000000000000000E+00  0.00000000000000000E+00  0.00000000000000000E+00  4.00994823941287109E-04
6.48000000000001179E-03  0.00000000000000000E+00  0.00000000000000000E+00  6.03015971098365022E-01  0.00000000000000000E+00  0.00000000000000000E+00  0.00000000000000000E+00  4.06450343528881597E-04
6.52000000000000496E-03  0.00000000000000000E+00  0.00000000000000000E+00  6.06314643144118537E-01  0.00000000000000000E+00  0.00000000000000000E+00  0.00000000000000000E+00  3.92703900868855097E-04
6.56000000000000940E-03  0.00000000000000000E+00  0.00000000000000000E+00  6.09505001814111824E-01  0.00000000000000000E+00  0.00000000000000000E+00  0.00000000000000000E+00  3.94680407088898733E-04
6.60000000000001558E-03  0.00000000000000000E+00  0.00000000000000000E+00  6.13022990271208768E-01  0.00000000000000000E+00  0.00000000000000000E+00  0.00000000000000000E+00  3.97278725766340513E-04
6.64000000000000788E-03  0.00000000000000000E+00  0.00000000000000000E+00  6.16084567678133688E-01  0.00000000000000000E+00  0.00000000000000000E+00  0.00000000000000000E+00  4.01778118641888619E-04
6.68000000000001232E-03  0.00000000000000000E+00  0.00000000000000000E+00  6.19398847539525010E-01  0.00000000000000000E+00  0.00000000000000000E+00  0.00000000000000000E+00  4.03832747457328906E-04
6.72000000000000548E-03  0.00000000000000000E+00  0.00000000000000000E+00  6.22703791959905439E-01  0.00000000000000000E+00  0.00000000000000000E+00  0.00000000000000000E+00  4.05784246881793617E-04
6.76000000000001426E-03  0.00000000000000000E+00  0.00000000000000000E+00  6.25964711838980281E-01  0.00000000000000000E+00  0.00000000000000000E+00  0.00000000000000000E+00  4.11481721150413636E-04
6.80000000000000743E-03  0.00000000000000000E+00  0.00000000000000000E+00  6.29221740596441315E-01  0.00000000000000000E+00  0.00000000000000000E+00  0.00000000000000000E+00  4.07096933166842430E-04
6.84000000000001187E-03  0.00000000000000000E+00  0.00000000000000000E+00  6.32527441437637727E-01  0.00000000000000000E+00  0.00000000000000000E+00  0.00000000000000000E+00  4.09159069045732758E-04
6.88000000000001805E-03  0.00000000000000000E+00  0.00000000000000000E+00  6.35883736648967690E-01  0.00000000000000000E+00  0.00000000000000000E+00  0.00000000000000000E+00  4.12038699727513061E-04
6.92000000000001034E-03  0.00000000000000000E+00  0.00000000000000000E+00  6.38758715616950634E-01  0.00000000000000000E+00  0.00000000000000000E+00  0.00000000000000000E+00  3.96244318665745724E-04
6.96000000000001565E-03  0.00000000000000000E+00  0.00000000000000000E+00  6.42277109135633406E-01  0.00000000000000000E+00  0.00000000000000000E+00  0.00000000000000000E+00  3.98763968533930090E-04
7.00000000000000795E-03  0.00000000000000000E+00  0.00000000000000000E+00  6.45737190754323453E-01  0.00000000000000000E+00  0.00000000000000000E+00  0.00000000000000000E+00  4.00729667395274521E-04
7.04000000000001673E-03  0.00000000000000000E+00  0.00000000000000000E+00  6.49009314931646264E-01  0.00000000000000000E+00  0.00000000000000000E+00  0.00000000000000000E+00  4.02943242427898076E-04
7.08000000000000903E-03  0.00000000000000000E+00  0.00000000000000000E+00  6.52394283060384716E-01  0.00000000000000000E+00  0.00000000000000000E+00  0.00000000000000000E+00  4.04675603131754403E-04
7.12000000000001521E-03  0.00000000000000000E+00  0.00000000000000000E+00  6.56005837386236745E-01  0.00000000000000000E+00  0.00000000000000000E+00  0.00000000000000000E+00  4.07033793991688048E-04
7.16000000000000577E-03  0.00000000000000000E+00  0.00000000000000000E+00  6.57753963243983608E-01  0.00000000000000000E+00  0.00000000000000000E+00  0.00000000000000000E+00  4.07543821759103592E-04
7.20000000000001021E-03  0.00000000000000000E+00  0.00000000000000000E+00  6.61233545133091294E-01  0.00000000000000000E+00  0.00000000000000000E+00  0.00000000000000000E+00  4.09586491143859501E-04
7.24000000000001812E-03  0.00000000000000000E+00  0.00000000000000000E+00  6.64355029262041263E-01  0.00000000000000000E+00  0.00000000000000000E+00  0.00000000000000000E+00  4.11241044770058878E-04
7.28000000000001042E-03  0.00000000000000000E+00  0.00000000000000000E+00  6.67873701117299046E-01  0.00000000000000000E+00  0.00000000000000000E+00  0.00000000000000000E+00  4.12164586739759121E-04
7.32000000000001486E-03  0.00000000000000000E+00  0.00000000000000000E+00  6.71144373278078632E-01  0.00000000000000000E+00  0.00000000000000000E+00  0.00000000000000000E+00  4.21708718671179013E-04
7.36000000000000890E-03  0.00000000000000000E+00  0.00000000000000000E+00  6.74145578048523597E-01  0.00000000000000000E+00  0.00000000000000000E+00  0.00000000000000000E+00  4.28789965177475869E-04
7.40000000000001594E-03  0.00000000000000000E+00  0.00000000000000000E+00  6.77639328655193274E-01  0.00000000000000000E+00  0.00000000000000000E+00  0.00000000000000000E+00  4.31487784823521639E-04
7.44000000000000824E-03  0.00000000000000000E+00  0.00000000000000000E+00  6.80671461354507179E-01  0.00000000000000000E+00  0.00000000000000000E+00  0.00000000000000000E+00  4.38511200918201825E-04
7.48000000000001442E-03  0.00000000000000000E+00  0.00000000000000000E+00  6.84127678394672700E-01  0.00000000000000000E+00  0.00000000000000000E+00  0.00000000000000000E+00  4.39623526583864826E-04
7.52000000000002059E-03  0.00000000000000000E+00  0.00000000000000000E+00  6.87777855523828419E-01  0.00000000000000000E+00  0.00000000000000000E+00  0.00000000000000000E+00  4.41981386756182021E-04
7.56000000000001289E-03  0.00000000000000000E+00  0.00000000000000000E+00  6.90433580641000577E-01  0.00000000000000000E+00  0.00000000000000000E+00  0.00000000000000000E+00  4.60824977064691501E-04
7.60000000000001560E-03  0.00000000000000000E+00  0.00000000000000000E+00  6.93841261860109748E-01  0.00000000000000000E+00  0.00000000000000000E+00  0.00000000000000000E+00  4.62183518200728113E-04
7.64000000000001223E-03  0.00000000000000000E+00  0.00000000000000000E+00  6.97154889165587210E-01  0.00000000000000000E+00  0.00000000000000000E+00  0.00000000000000000E+00  4.64321230798579536E-04
7.68000000000001841E-03  0.00000000000000000E+00  0.00000000000000000E+00  7.00401571170483184E-01  0.00000000000000000E+00  0.00000000000000000E+00  0.00000000000000000E+00  4.71024953502818160E-04
7.72000000000001071E-03  0.00000000000000000E+00  0.00000000000000000E+00  7.03881433994095085E-01  0.00000000000000000E+00  0.00000000000000000E+00  0.00000000000000000E+00  4.73670611804988761E-04
7.76000000000001341E-03  0.00000000000000000E+00  0.00000000000000000E+00  7.07329829732727511E-01  0.00000000000000000E+00  0.00000000000000000E+00  0.00000000000000000E+00  4.76519566255413337E-04
7.80000000000002306E-03  0.00000000000000000E+00  0.00000000000000000E+00  7.10408103234172028E-01  0.00000000000000000E+00  0.00000000000000000E+00  0.00000000000000000E+00  4.78824895323172028E-04
7.84000000000001536E-03  0.00000000000000000E+00  0.00000000000000000E+00  7.13857700662378414E-01  0.00000000000000000E+00  0.00000000000000000E+00  0.00000000000000000E+00  4.56866016058865283E-04
7.88000000000001720E-03  0.00000000000000000E+00  0.00000000000000000E+00  7.17343714806690236E-01  0.00000000000000000E+00  0.00000000000000000E+00  0.00000000000000000E+00  4.59254783289991223E-04
7.92000000000001557E-03  0.00000000000000000E+00  0.00000000000000000E+00  7.20814187725558719E-01  0.00000000000000000E+00  0.00000000000000000E+00  0.00000000000000000E+00  4.62964389893843835E-04
7.96000000000001741E-03  0.00000000000000000E+00  0.00000000000000000E+00  7.24073836840296803E-01  0.00000000000000000E+00  0.00000000000000000E+00  0.00000000000000000E+00  4.55152516741668723E-04
8.00000000000000884E-03  0.00000000000000000E+00  0.00000000000000000E+00  7.27561687259107748E-01  0.00000000000000000E+00  0.00000000000000000E+00  0.00000000000000000E+00  4.57132858236612271E-04
8.00000000000001231E-03  0.00000000000000000E+00  0.00000000000000000E+00  7.27561692234170443E-01  0.00000000000000000E+00  0.00000000000000000E+00  0.00000000000000000E+00  4.57132851397614533E-04
8.04000000000001415E-03  0.00000000000000000E+00  0.00000000000000000E+00  7.30985155801300523E-01  0.00000000000000000E+00  0.00000000000000000E+00  0.00000000000000000E+00  4.57933323286380950E-04
8.08000000000001252E-03  0.00000000000000000E+00  0.00000000000000000E+00  7.34180096889605394E-01  0.00000000000000000E+00  0.00000000000000000E+00  0.00000000000000000E+00  4.51315631917257112E-04
8.12000000000001609E-03  0.00000000000000000E+00  0.00000000000000000E+00  7.37621820149677032E-01  0.00000000000000000E+00  0.00000000000000000E+00  0.00000000000000000E+00  4.65231571592839065E-04
8.16000000000001967E-03  0.00000000000000000E+00  0.00000000000000000E+00  7.41066407212425227E-01  0.00000000000000000E+00  0.00000000000000000E+00  0.00000000000000000E+00  4.66567237403659753E-04
8.20000000000001977E-03  0.00000000000000000E+00  0.00000000000000000E+00  7.44143497262457321E-01  0.00000000000000000E+00  0.00000000000000000E+00  0.00000000000000000E+00  4.39191549910811457E-04
8.24000000000002335E-03  0.00000000000000000E+00  0.00000000000000000E+00  7.47637723587134317E-01  0.00000000000000000E+00  0.00000000000000000E+00  0.00000000000000000E+00  4.41319218911728284E-04
8.28000000000001651E-03  0.00000000000000000E+00  0.00000000000000000E+00  7.51151602566217935E-01  0.00000000000000000E+00  0.00000000000000000E+00  0.00000000000000000E+00  4.43374547057148456E-04
8.32000000000001835E-03  0.00000000000000000E+00  0.00000000000000000E+00  7.54675822332187773E-01  0.00000000000000000E+00  0.00000000000000000E+00  0.00000000000000000E+00  4.45451518954856438E-04
8.36000000000002713E-03  0.00000000000000000E+00  0.00000000000000000E+00  7.58136402095913486E-01  0.00000000000000000E+00  0.00000000000000000E+00  0.00000000000000000E+00  4.47900268044199457E-04
8.40000000000002030E-03  0.00000000000000000E+00  0.00000000000000000E+00  7.61486504547561283E-01  0.00000000000000000E+00  0.00000000000000000E+00  0.00000000000000000E+00  4.49626591703353531E-04
8.44000000000002387E-03  0.00000000000000000E+00  0.00000000000000000E+00  7.64978405442196863E-01  0.00000000000000000E+00  0.00000000000000000E+00  0.00000000000000000E+00  4.51304767607735757E-04
8.48000000000002224E-03  0.00000000000000000E+00  0.00000000000000000E+00  7.68114328985595729E-01  0.00000000000000000E+00  0.00000000000000000E+00  0.00000000000000000E+00  4.54432591856965187E-04
8.52000000000002582E-03  0.00000000000000000E+00  0.00000000000000000E+00  7.71542393524450087E-01  0.00000000000000000E+00  0.00000000000000000E+00  0.00000000000000000E+00  4.45376939517402230E-04
8.56000000000001898E-03  0.00000000000000000E+00  0.00000000000000000E+00  7.75160142183753287E-01  0.00000000000000000E+00  0.00000000000000000E+00  0.00000000000000000E+00  4.47469710167170927E-04
8.60000000000001735E-03  0.00000000000000000E+00  0.00000000000000000E+00  7.78559646328293997E-01  0.00000000000000000E+00  0.00000000000000000E+00  0.00000000000000000E+00  4.41474482526437882E-04
8.64000000000002960E-03  0.00000000000000000E+00  0.00000000000000000E+00  7.82107525382008117E-01  0.00000000000000000E+00  0.00000000000000000E+00  0.00000000000000000E+00  4.43563875078935321E-04
8.68000000000002277E-03  0.00000000000000000E+00  0.00000000000000000E+00  7.85577108633078058E-01  0.00000000000000000E+00  0.00000000000000000E+00  0.00000000000000000E+00  4.45632218932062100E-04
8.72000000000002634E-03  0.00000000000000000E+00  0.00000000000000000E+00  7.89192186109903715E-01  0.00000000000000000E+00  0.00000000000000000E+00  0.00000000000000000E+00  4.47691155507313630E-04
8.76000000000002818E-03  0.00000000000000000E+00  0.00000000000000000E+00  7.92628528061708360E-01  0.00000000000000000E+00  0.00000000000000000E+00  0.00000000000000000E+00  4.49607826477682279E-04
8.80000000000003002E-03  0.00000000000000000E+00  0.00000000000000000E+00  7.95312423208119235E-01  0.00000000000000000E+00  0.00000000000000000E+00  0.00000000000000000E+00  4.44273953119258722E-04
8.84000000000003186E-03  0.00000000000000000E+00  0.00000000000000000E+00  7.98924629358686134E-01  0.00000000000000000E+00  0.00000000000000000E+00  0.00000000000000000E+00  4.46293321446805430E-04
8.88000000000003370E-03  0.00000000000000000E+00  0.00000000000000000E+00  8.02535513986791904E-01  0.00000000000000000E+00  0.00000000000000000E+00  0.00000000000000000E+00  4.40722980434169126E-04
8.92000000000003727E-03  0.00000000000000000E+00  0.00000000000000000E+00  8.06077787662039413E-01  0.00000000000000000E+00  0.00000000000000000E+00  0.00000000000000000E+00  4.50428598979401673E-04
8.96000000000002871E-03  0.00000000000000000E+00  0.00000000000000000E+00  8.09687775209560034E-01  0.00000000000000000E+00  0.00000000000000000E+00  0.00000000000000000E+00  4.44602466711017811E-04
9.00000000000002881E-03  0.00000000000000000E+00  0.00000000000000000E+00  8.13225046486875658E-01  0.00000000000000000E+00  0.00000000000000000E+00  0.00000000000000000E+00  4.46654338212104369E-04
9.04000000000003065E-03  0.00000000000000000E+00  0.00000000000000000E+00  8.16331096789806310E-01  0.00000000000000000E+00  0.00000000000000000E+00  0.00000000000000000E+00  4.57295003294334076E-04
9.08000000000003075E-03  0.00000000000000000E+00  0.00000000000000000E+00  8.19940226956723528E-01  0.00000000000000000E+00  0.00000000000000000E+00  0.00000000000000000E+00  4.54125298073656137E-04
9.12000000000003433E-03  0.00000000000000000E+00  0.00000000000000000E+00  8.23549055370359939E-01  0.00000000000000000E+00  0.00000000000000000E+00  0.00000000000000000E+00  4.46459773015455753E-04
9.16000000000003617E-03  0.00000000000000000E+00  0.00000000000000000E+00  8.26941075691228766E-01  0.00000000000000000E+00  0.00000000000000000E+00  0.00000000000000000E+00  4.48301566308290371E-04
9.20000000000003974E-03  0.00000000000000000E+00  0.00000000000000000E+00  8.30549086037509432E-01  0.00000000000000000E+00  0.00000000000000000E+00  0.00000000000000000E+00  4.50258450671818912E-04
9.24000000000003117E-03  0.00000000000000000E+00  0.00000000000000000E+00  8.33090785426249703E-01  0.00000000000000000E+00  0.00000000000000000E+00  0.00000000000000000E+00  4.18760688627354801E-04
9.28000000000004516E-03  0.00000000000000000E+00  0.00000000000000000E+00  8.36688383717644424E-01  0.00000000000000000E+00  0.00000000000000000E+00  0.00000000000000000E+00  4.20592896976148970E-04
9.32000000000004353E-03  0.00000000000000000E+00  0.00000000000000000E+00  8.40210773687938284E-01  0.00000000000000000E+00  0.00000000000000000E+00  0.00000000000000000E+00  4.22539165504715280E-04
9.36000000000003669E-03  0.00000000000000000E+00  0.00000000000000000E+00  8.43814021439472262E-01  0.00000000000000000E+00  0.00000000000000000E+00  0.00000000000000000E+00  4.24352276681828184E-04
9.40000000000003506E-03  0.00000000000000000E+00  0.00000000000000000E+00  8.47391774588931224E-01  0.00000000000000000E+00  0.00000000000000000E+00  0.00000000000000000E+00  4.26104599450160041E-04
9.44000000000004037E-03  0.00000000000000000E+00  0.00000000000000000E+00  8.50973663068034347E-01  0.00000000000000000E+00  0.00000000000000000E+00  0.00000000000000000E+00  4.27930604731149031E-04
9.48000000000004221E-03  0.00000000000000000E+00  0.00000000000000000E+00  8.54202135054547118E-01  0.00000000000000000E+00  0.00000000000000000E+00  0.00000000000000000E+00  4.25618438277027629E-04
9.52000000000003364E-03  0.00000000000000000E+00  0.00000000000000000E+00  8.57803668911198414E-01  0.00000000000000000E+00  0.00000000000000000E+00  0.00000000000000000E+00  4.27415500382088520E-04
9.56000000000003375E-03  0.00000000000000000E+00  0.00000000000000000E+00  8.61324332711865925E-01  0.00000000000000000E+00  0.00000000000000000E+00  0.00000000000000000E+00  4.25212996635357420E-04
9.60000000000004773E-03  0.00000000000000000E+00  0.00000000000000000E+00  8.64925475488676598E-01  0.00000000000000000E+00  0.00000000000000000E+00  0.00000000000000000E+00  4.26992911212765894E-04
9.64000000000003916E-03  0.00000000000000000E+00  0.00000000000000000E+00  8.68441926870251013E-01  0.00000000000000000E+00  0.00000000000000000E+00  0.00000000000000000E+00  4.24972684645919733E-04
9.68000000000003753E-03  0.00000000000000000E+00  0.00000000000000000E+00  8.71950345030109264E-01  0.00000000000000000E+00  0.00000000000000000E+00  0.00000000000000000E+00  4.27040879210126420E-04
9.72000000000004284E-03  0.00000000000000000E+00  0.00000000000000000E+00  8.75550804968158958E-01  0.00000000000000000E+00  0.00000000000000000E+00  0.00000000000000000E+00  4.28809157419334885E-04
9.76000000000004468E-03  0.00000000000000000E+00  0.00000000000000000E+00  8.79115874363355365E-01  0.00000000000000000E+00  0.00000000000000000E+00  0.00000000000000000E+00  4.30592603154704824E-04
9.80000000000003611E-03  0.00000000000000000E+00  0.00000000000000000E+00  8.82632274808870854E-01  0.00000000000000000E+00  0.00000000000000000E+00  0.00000000000000000E+00  4.26259728391411761E-04
9.84000000000003448E-03  0.00000000000000000E+00  0.00000000000000000E+00  8.86232376777559061E-01  0.00000000000000000E+00  0.00000000000000000E+00  0.00000000000000000E+00  4.28003051078242264E-04
9.88000000000005020E-03  0.00000000000000000E+00  0.00000000000000000E+00  8.89702652654177806E-01  0.00000000000000000E+00  0.00000000000000000E+00  0.00000000000000000E+00  4.29749579700057483E-04
9.92000000000003990E-03  0.00000000000000000E+00  0.00000000000000000E+00  8.93248220489878286E-01  0.00000000000000000E+00  0.00000000000000000E+00  0.00000000000000000E+00  4.31529621100881766E-04
9.96000000000004000E-03  0.00000000000000000E+00  0.00000000000000000E+00  8.96755419653110231E-01  0.00000000000000000E+00  0.00000000000000000E+00  0.00000000000000000E+00  4.33608708814126032E-04
