0.00000000000000000E+00  0.00000000000000000E+00  0.00000000000000000E+00  0.00000000000000000E+00  0.00000000000000000E+00  0.00000000000000000E+00  0.00000000000000000E+00  0.00000000000000000E+00
8.00000000000000201E-05  0.00000000000000000E+00  0.00000000000000000E+00  6.46220394863236264E-02  0.00000000000000000E+00  0.00000000000000000E+00  0.00000000000000000E+00  0.00000000000000000E+00
1.19999999999999989E-04  0.00000000000000000E+00  0.00000000000000000E+00  8.95255664938544304E-02  0.00000000000000000E+00  0.00000000000000000E+00  0.00000000000000000E+00  0.00000000000000000E+00
1.60000000000000040E-04  0.00000000000000000E+00  0.00000000000000000E+00  9.69647063478951410E-02  0.00000000000000000E+00  0.00000000000000000E+00  0.00000000000000000E+00  0.00000000000000000E+00
2.00000000000000281E-04  0.00000000000000000E+00  0.00000000000000000E+00  8.76917141286961688E-02  0.00000000000000000E+00  0.00000000000000000E+00  0.00000000000000000E+00  0.00000000000000000E+00
2.40000000000000386E-04  0.00000000000000000E+00  0.00000000000000000E+00  1.01332728709499068E-01  0.00000000000000000E+00  0.00000000000000000E+00  0.00000000000000000E+00  0.00000000000000000E+00
2.79999999999999921E-04  0.00000000000000000E+00  0.00000000000000000E+00  9.69290859712525071E-02  0.00000000000000000E+00  0.00000000000000000E+00  0.00000000000000000E+00  0.00000000000000000E+00
3.19999999999999864E-04  0.00000000000000000E+00  0.00000000000000000E+00  1.05650655545463226E-01  0.00000000000000000E+00  0.00000000000000000E+00  0.00000000000000000E+00  0.00000000000000000E+00
3.59999999999999806E-04  0.00000000000000000E+00  0.00000000000000000E+00  1.07805561165238595E-01  0.00000000000000000E+00  0.00000000000000000E+00  0.00000000000000000E+00  0.00000000000000000E+00
3.99999999999999477E-04  0.00000000000000000E+00  0.00000000000000000E+00  1.09193176513309440E-01  0.00000000000000000E+00  0.00000000000000000E+00  0.00000000000000000E+00  0.00000000000000000E+00
4.39999999999999365E-04  0.00000000000000000E+00  0.00000000000000000E+00  1.09371793718700067E-01  0.00000000000000000E+00  0.00000000000000000E+00  0.00000000000000000E+00  0.00000000000000000E+00
4.79999999999999416E-04  0.00000000000000000E+00  0.00000000000000000E+00  1.07528409679254103E-01  0.00000000000000000E+00  0.00000000000000000E+00  0.00000000000000000E+00  5.28600688669741677E-05
5.19999999999999196E-04  0.00000000000000000E+00  0.00000000000000000E+00  1.15561594784017091E-01  0.00000000000000000E+00  0.00000000000000000E+00  0.00000000000000000E+00  5.58583592610061502E-05
5.59999999999998325E-04  0.00000000000000000E+00  0.00000000000000000E+00  1.15827977758799563E-01  0.00000000000000000E+00  0.00000000000000000E+00  0.00000000000000000E+00  5.41666219790678415E-05
5.99999999999999731E-04  0.00000000000000000E+00  0.00000000000000000E+00  1.09555591517096082E-01  0.00000000000000000E+00  0.00000000000000000E+00  0.00000000000000000E+00  5.52759792333407649E-05
6.39999999999999619E-04  0.00000000000000000E+00  0.00000000000000000E+00  1.16391896678611106E-01  0.00000000000000000E+00  0.00000000000000000E+00  0.00000000000000000E+00  5.43390141361193137E-05
6.80000000000000374E-04  0.00000000000000000E+00  0.00000000000000000E+00  1.17044388619958972E-01  0.00000000000000000E+00  0.00000000000000000E+00  0.00000000000000000E+00  5.36327698325533402E-05
7.19999999999999612E-04  0.00000000000000000E+00  0.00000000000000000E+00  1.14664552935053982E-01  0.00000000000000000E+00  0.00000000000000000E+00  0.00000000000000000E+00  5.67013872082598180E-05
7.59999999999999933E-04  0.00000000000000000E+00  0.00000000000000000E+00  1.15676271029630795E-01  0.00000000000000000E+00  0.00000000000000000E+00  0.00000000000000000E+00  5.15703438589273913E-05
7.99999999999998954E-04  0.00000000000000000E+00  0.00000000000000000E+00  1.20093302714263869E-01  0.00000000000000000E+00  0.00000000000000000E+00  0.00000000000000000E+00  0.00000000000000000E+00
8.39999999999999384E-04  0.00000000000000000E+00  0.00000000000000000E+00  1.20698968416854430E-01  0.00000000000000000E+00  0.00000000000000000E+00  0.00000000000000000E+00  0.00000000000000000E+00
8.79999999999998947E-04  0.00000000000000000E+00  0.00000000000000000E+00  1.22920605206935540E-01  0.00000000000000000E+00  0.00000000000000000E+00  0.00000000000000000E+00  5.06625128245503256E-05
9.19999999999997426E-04  0.00000000000000000E+00  0.00000000000000000E+00  1.18198564924196253E-01  0.00000000000000000E+00  0.00000000000000000E+00  0.00000000000000000E+00  0.00000000000000000E+00
9.59999999999998290E-04  0.00000000000000000E+00  0.00000000000000000E+00  1.20125242907830748E-01  0.00000000000000000E+00  0.00000000000000000E+00  0.00000000000000000E+00  0.00000000000000000E+00
9.99999999999997636E-04  0.00000000000000000E+00  0.00000000000000000E+00  1.22913420443699725E-01  0.00000000000000000E+00  0.00000000000000000E+00  0.00000000000000000E+00  0.00000000000000000E+00
1.03999999999999839E-03  0.00000000000000000E+00  0.00000000000000000E+00  1.26606192507923238E-01  0.00000000000000000E+00  0.00000000000000000E+00  0.00000000000000000E+00  0.00000000000000000E+00
1.07999999999999785E-03  0.00000000000000000E+00  0.00000000000000000E+00  1.27608219752245733E-01  0.00000000000000000E+00  0.00000000000000000E+00  0.00000000000000000E+00  0.00000000000000000E+00
1.11999999999999882E-03  0.00000000000000000E+00  0.00000000000000000E+00  1.27656598210567684E-01  0.00000000000000000E+00  0.00000000000000000E+00  0.00000000000000000E+00  0.00000000000000000E+00
1.15999999999999806E-03  0.00000000000000000E+00  0.00000000000000000E+00  1.30586196574615537E-01  0.00000000000000000E+00  0.00000000000000000E+00  0.00000000000000000E+00  0.00000000000000000E+00
1.19999999999999903E-03  0.00000000000000000E+00  0.00000000000000000E+00  1.29829687597749932E-01  0.00000000000000000E+00  0.00000000000000000E+00  0.00000000000000000E+00  0.00000000000000000E+00
1.23999999999999827E-03  0.00000000000000000E+00  0.00000000000000000E+00  1.33398198923190381E-01  0.00000000000000000E+00  0.00000000000000000E+00  0.00000000000000000E+00  0.00000000000000000E+00
1.27999999999999859E-03  0.00000000000000000E+00  0.00000000000000000E+00  1.35922982470234183E-01  0.00000000000000000E+00  0.00000000000000000E+00  0.00000000000000000E+00  5.07383028318011473E-05
1.31999999999999761E-03  0.00000000000000000E+00  0.00000000000000000E+00  1.39012703099407470E-01  0.00000000000000000E+00  0.00000000000000000E+00  0.00000000000000000E+00  1.02940776424274077E-04
1.35999999999999793E-03  0.00000000000000000E+00  0.00000000000000000E+00  1.41093639415170946E-01  0.00000000000000000E+00  0.00000000000000000E+00  0.00000000000000000E+00  1.05737478917444135E-04
1.39999999999999825E-03  0.00000000000000000E+00  0.00000000000000000E+00  1.43963439619172545E-01  0.00000000000000000E+00  0.00000000000000000E+00  0.00000000000000000E+00  1.08816755650355815E-04
1.43999999999999705E-03  0.00000000000000000E+00  0.00000000000000000E+00  1.45991102740986978E-01  0.00000000000000000E+00  0.00000000000000000E+00  0.00000000000000000E+00  1.11527650920720175E-04
1.47999999999999738E-03  0.00000000000000000E+00  0.00000000000000000E+00  1.48035173108590740E-01  0.00000000000000000E+00  0.00000000000000000E+00  0.00000000000000000E+00  1.10671696856674237E-04
1.51999999999999813E-03  0.00000000000000000E+00  0.00000000000000000E+00  1.50262525400767066E-01  0.00000000000000000E+00  0.00000000000000000E+00  0.00000000000000000E+00  1.09754994807208500E-04
1.55999999999999694E-03  0.00000000000000000E+00  0.00000000000000000E+00  1.52268303559048468E-01  0.00000000000000000E+00  0.00000000000000000E+00  0.00000000000000000E+00  1.12615073990115743E-04
1.59999999999999704E-03  0.00000000000000000E+00  0.00000000000000000E+00  1.55337304682752170E-01  0.00000000000000000E+00  0.00000000000000000E+00  0.00000000000000000E+00  1.07870822294456087E-04
1.63999999999999584E-03  0.00000000000000000E+00  0.00000000000000000E+00  1.58093775828618305E-01  0.00000000000000000E+00  0.00000000000000000E+00  0.00000000000000000E+00  1.10140439535417068E-04
1.67999999999999617E-03  0.00000000000000000E+00  0.00000000000000000E+00  1.60390824724250841E-01  0.00000000000000000E+00  0.00000000000000000E+00  0.00000000000000000E+00  1.08832525824065392E-04
1.71999999999999714E-03  0.00000000000000000E+00  0.00000000000000000E+00  1.63334453582088729E-01  0.00000000000000000E+00  0.00000000000000000E+00  0.00000000000000000E+00  1.10741985924298422E-04
1.75999999999999724E-03  0.00000000000000000E+00  0.00000000000000000E+00  1.66407394169113265E-01  0.00000000000000000E+00  0.00000000000000000E+00  0.00000000000000000E+00  1.09950116299425700E-04
1.79999999999999583E-03  0.00000000000000000E+00  0.00000000000000000E+00  1.68528686400508748E-01  0.00000000000000000E+00  0.00000000000000000E+00  0.00000000000000000E+00  1.07918915965030297E-04
1.83999999999999485E-03  0.00000000000000000E+00  0.00000000000000000E+00  1.70500821809569159E-01  0.00000000000000000E+00  0.00000000000000000E+00  0.00000000000000000E+00  1.09504626289060937E-04
1.87999999999999474E-03  0.00000000000000000E+00  0.00000000000000000E+00  1.73474813589971633E-01  0.00000000000000000E+00  0.00000000000000000E+00  0.00000000000000000E+00  1.09129369921653359E-04
1.91999999999999615E-03  0.00000000000000000E+00  0.00000000000000000E+00  1.74924346263990005E-01  0.00000000000000000E+00  0.00000000000000000E+00  0.00000000000000000E+00  1.09877348456631312E-04
1.95999999999999603E-03  0.00000000000000000E+00  0.00000000000000000E+00  1.77662062339540183E-01  0.00000000000000000E+00  0.00000000000000000E+00  0.00000000000000000E+00  1.10866673630510522E-04
1.99999999999999527E-03  0.00000000000000000E+00  0.00000000000000000E+00  1.80445105016639379E-01  0.00000000000000000E+00  0.00000000000000000E+00  0.00000000000000000E+00  1.11358473655454851E-04
2.03999999999999451E-03  0.00000000000000000E+00  0.00000000000000000E+00  1.83408747908730102E-01  0.00000000000000000E+00  0.00000000000000000E+00  0.00000000000000000E+00  1.11462124538691071E-04
2.07999999999999635E-03  0.00000000000000000E+00  0.00000000000000000E+00  1.85481132056382197E-01  0.00000000000000000E+00  0.00000000000000000E+00  0.00000000000000000E+00  1.12833190827730308E-04
2.11999999999999645E-03  0.00000000000000000E+00  0.00000000000000000E+00  1.88224322975228980E-01  0.00000000000000000E+00  0.00000000000000000E+00  0.00000000000000000E+00  1.16203067745042864E-04
2.15999999999999569E-03  0.00000000000000000E+00  0.00000000000000000E+00  1.91097858970563611E-01  0.00000000000000000E+00  0.00000000000000000E+00  0.00000000000000000E+00  1.17477690005713564E-04
2.19999999999999493E-03  0.00000000000000000E+00  0.00000000000000000E+00  1.93327507467765503E-01  0.00000000000000000E+00  0.00000000000000000E+00  0.00000000000000000E+00  1.20180227712453824E-04
2.23999999999999417E-03  0.00000000000000000E+00  0.00000000000000000E+00  1.95213712014487978E-01  0.00000000000000000E+00  0.00000000000000000E+00  0.00000000000000000E+00  1.20812265299385767E-04
2.27999999999999687E-03  0.00000000000000000E+00  0.00000000000000000E+00  1.97728323319855709E-01  0.00000000000000000E+00  0.00000000000000000E+00  0.00000000000000000E+00  1.19752204458283543E-04
2.31999999999999611E-03  0.00000000000000000E+00  0.00000000000000000E+00  2.00417881654309710E-01  0.00000000000000000E+00  0.00000000000000000E+00  0.00000000000000000E+00  1.20329418188872128E-04
2.35999999999999448E-03  0.00000000000000000E+00  0.00000000000000000E+00  2.01223586237421009E-01  0.00000000000000000E+00  0.00000000000000000E+00  0.00000000000000000E+00  1.21819541113154427E-04
2.39999999999999372E-03  0.00000000000000000E+00  0.00000000000000000E+00  2.04260086108676242E-01  0.00000000000000000E+00  0.00000000000000000E+00  0.00000000000000000E+00  1.21033344605360718E-04
2.43999999999999643E-03  0.00000000000000000E+00  0.00000000000000000E+00  2.06883754376501333E-01  0.00000000000000000E+00  0.00000000000000000E+00  0.00000000000000000E+00  1.20949504518644781E-04
2.47999999999999566E-03  0.00000000000000000E+00  0.00000000000000000E+00  2.09774798155369757E-01  0.00000000000000000E+00  0.00000000000000000E+00  0.00000000000000000E+00  1.22912738845343527E-04
2.51999999999999447E-03  0.00000000000000000E+00  0.00000000000000000E+00  2.12849667913269119E-01  0.00000000000000000E+00  0.00000000000000000E+00  0.00000000000000000E+00  1.24987342955073968E-04
2.55999999999999327E-03  0.00000000000000000E+00  0.00000000000000000E+00  2.15563246850627332E-01  0.00000000000000000E+00  0.00000000000000000E+00  0.00000000000000000E+00  1.26494646389226811E-04
2.59999999999999251E-03  0.00000000000000000E+00  0.00000000000000000E+00  2.18149625625496751E-01  0.00000000000000000E+00  0.00000000000000000E+00  0.00000000000000000E+00  1.28444620075610289E-04
2.63999999999999391E-03  0.00000000000000000E+00  0.00000000000000000E+00  2.19410895166545550E-01  0.00000000000000000E+00  0.00000000000000000E+00  0.00000000000000000E+00  1.30217084637367797E-04
2.67999999999999359E-03  0.00000000000000000E+00  0.00000000000000000E+00  2.22272658732606848E-01  0.00000000000000000E+00  0.00000000000000000E+00  0.00000000000000000E+00  1.30639359972886942E-04
2.71999999999999456E-03  0.00000000000000000E+00  0.00000000000000000E+00  2.24817336591369127E-01  0.00000000000000000E+00  0.00000000000000000E+00  0.00000000000000000E+00  1.32623069809598512E-04
2.75999999999999423E-03  0.00000000000000000E+00  0.00000000000000000E+00  2.27568410759647483E-01  0.00000000000000000E+00  0.00000000000000000E+00  0.00000000000000000E+00  1.35733671722155515E-04
2.79999999999999563E-03  0.00000000000000000E+00  0.00000000000000000E+00  2.30029838964051048E-01  0.00000000000000000E+00  0.00000000000000000E+00  0.00000000000000000E+00  1.36220779087843982E-04
2.83999999999999487E-03  0.00000000000000000E+00  0.00000000000000000E+00  2.32295443203035995E-01  0.00000000000000000E+00  0.00000000000000000E+00  0.00000000000000000E+00  1.36724819735220581E-04
2.87999999999999411E-03  0.00000000000000000E+00  0.00000000000000000E+00  2.35121565834384705E-01  0.00000000000000000E+00  0.00000000000000000E+00  0.00000000000000000E+00  1.36225281828658193E-04
2.91999999999999335E-03  0.00000000000000000E+00  0.00000000000000000E+00  2.37724713853708414E-01  0.00000000000000000E+00  0.00000000000000000E+00  0.00000000000000000E+00  1.38120513532565334E-04
2.95999999999999475E-03  0.00000000000000000E+00  0.00000000000000000E+00  2.40608914107520333E-01  0.00000000000000000E+00  0.00000000000000000E+00  0.00000000000000000E+00  1.40209164409821829E-04
2.99999999999999312E-03  0.00000000000000000E+00  0.00000000000000000E+00  2.43349367902762737E-01  0.00000000000000000E+00  0.00000000000000000E+00  0.00000000000000000E+00  1.41024392157124492E-04
3.03999999999999193E-03  0.00000000000000000E+00  0.00000000000000000E+00  2.46031980690631230E-01  0.00000000000000000E+00  0.00000000000000000E+00  0.00000000000000000E+00  1.43000412861655216E-04
3.07999999999999463E-03  0.00000000000000000E+00  0.00000000000000000E+00  2.48845308751312139E-01  0.00000000000000000E+00  0.00000000000000000E+00  0.00000000000000000E+00  1.40573006601278508E-04
3.11999999999999387E-03  0.00000000000000000E+00  0.00000000000000000E+00  2.51900241634788302E-01  0.00000000000000000E+00  0.00000000000000000E+00  0.00000000000000000E+00  1.41822193185098938E-04
3.15999999999999224E-03  0.00000000000000000E+00  0.00000000000000000E+00  2.54569087186177934E-01  0.00000000000000000E+00  0.00000000000000000E+00  0.00000000000000000E+00  1.43629019496971464E-04
3.19999999999999061E-03  0.00000000000000000E+00  0.00000000000000000E+00  2.57322662534228697E-01  0.00000000000000000E+00  0.00000000000000000E+00  0.00000000000000000E+00  1.43236537170629520E-04
3.23999999999999158E-03  0.00000000000000000E+00  0.00000000000000000E+00  2.59718917875651323E-01  0.00000000000000000E+00  0.00000000000000000E+00  0.00000000000000000E+00  1.45555486072617254E-04
3.27999999999999039E-03  0.00000000000000000E+00  0.00000000000000000E+00  2.62234656081842765E-01  0.00000000000000000E+00  0.00000000000000000E+00  0.00000000000000000E+00  1.47327812979646000E-04
3.31999999999998919E-03  0.00000000000000000E+00  0.00000000000000000E+00  2.65211026459040822E-01  0.00000000000000000E+00  0.00000000000000000E+00  0.00000000000000000E+00  1.48635391638308524E-04
3.35999999999998843E-03  0.00000000000000000E+00  0.00000000000000000E+00  2.67253854352250575E-01  0.00000000000000000E+00  0.00000000000000000E+00  0.00000000000000000E+00  1.49198110881481287E-04
3.39999999999998723E-03  0.00000000000000000E+00  0.00000000000000000E+00  2.70122879835661245E-01  0.00000000000000000E+00  0.00000000000000000E+00  0.00000000000000000E+00  1.51798169110275749E-04
3.43999999999998821E-03  0.00000000000000000E+00  0.00000000000000000E+00  2.72197205106048556E-01  0.00000000000000000E+00  0.00000000000000000E+00  0.00000000000000000E+00  1.54244115481971448E-04
3.47999999999998701E-03  0.00000000000000000E+00  0.00000000000000000E+00  2.75215999395035604E-01  0.00000000000000000E+00  0.00000000000000000E+00  0.00000000000000000E+00  1.56021930684981883E-04
3.51999999999998538E-03  0.00000000000000000E+00  0.00000000000000000E+00  2.77710212679008139E-01  0.00000000000000000E+00  0.00000000000000000E+00  0.00000000000000000E+00  1.56204322162901022E-04
3.55999999999998982E-03  0.00000000000000000E+00  0.00000000000000000E+00  2.80023229214610037E-01  0.00000000000000000E+00  0.00000000000000000E+00  0.00000000000000000E+00  1.57911270610941587E-04
3.59999999999998863E-03  0.00000000000000000E+00  0.00000000000000000E+00  2.82833552212777561E-01  0.00000000000000000E+00  0.00000000000000000E+00  0.00000000000000000E+00  1.59455623343742316E-04
3.63999999999998700E-03  0.00000000000000000E+00  0.00000000000000000E+00  2.85528517319992792E-01  0.00000000000000000E+00  0.00000000000000000E+00  0.00000000000000000E+00  1.59644750902701691E-04
3.67999999999998537E-03  0.00000000000000000E+00  0.00000000000000000E+00  2.88519758065555521E-01  0.00000000000000000E+00  0.00000000000000000E+00  0.00000000000000000E+00  1.60820144900686957E-04
3.71999999999998374E-03  0.00000000000000000E+00  0.00000000000000000E+00  2.90944613952054898E-01  0.00000000000000000E+00  0.00000000000000000E+00  0.00000000000000000E+00  1.60325446314447809E-04
3.75999999999998254E-03  0.00000000000000000E+00  0.00000000000000000E+00  2.93571474685996203E-01  0.00000000000000000E+00  0.00000000000000000E+00  0.00000000000000000E+00  1.59315567166755769E-04
3.79999999999998351E-03  0.00000000000000000E+00  0.00000000000000000E+00  2.96609797064914915E-01  0.00000000000000000E+00  0.00000000000000000E+00  0.00000000000000000E+00  1.56925522306474092E-04
3.83999999999998188E-03  0.00000000000000000E+00  0.00000000000000000E+00  2.99196036281838773E-01  0.00000000000000000E+00  0.00000000000000000E+00  0.00000000000000000E+00  1.58281737425791571E-04
3.87999999999998069E-03  0.00000000000000000E+00  0.00000000000000000E+00  3.01901032708670358E-01  0.00000000000000000E+00  0.00000000000000000E+00  0.00000000000000000E+00  1.58613397250293201E-04
3.91999999999997992E-03  0.00000000000000000E+00  0.00000000000000000E+00  3.04727919775565459E-01  0.00000000000000000E+00  0.00000000000000000E+00  0.00000000000000000E+00  1.61356376009779903E-04
3.95999999999997829E-03  0.00000000000000000E+00  0.00000000000000000E+00  3.07747440644859427E-01  0.00000000000000000E+00  0.00000000000000000E+00  0.00000000000000000E+00  1.62985420155318779E-04
3.99999999999997666E-03  0.00000000000000000E+00  0.00000000000000000E+00  3.10282131472290668E-01  0.00000000000000000E+00  0.00000000000000000E+00  0.00000000000000000E+00  1.64675396009914156E-04
4.03999999999997503E-03  0.00000000000000000E+00  0.00000000000000000E+00  3.13011800634704185E-01  0.00000000000000000E+00  0.00000000000000000E+00  0.00000000000000000E+00  1.62870614200062410E-04
4.07999999999997601E-03  0.00000000000000000E+00  0.00000000000000000E+00  3.15860291508031910E-01  0.00000000000000000E+00  0.00000000000000000E+00  0.00000000000000000E+00  1.64482554346748167E-04
4.11999999999997438E-03  0.00000000000000000E+00  0.00000000000000000E+00  3.18593470855152605E-01  0.00000000000000000E+00  0.00000000000000000E+00  0.00000000000000000E+00  1.66094936409563428E-04
4.15999999999997969E-03  0.00000000000000000E+00  0.00000000000000000E+00  3.21488451906322359E-01  0.00000000000000000E+00  0.00000000000000000E+00  0.00000000000000000E+00  1.67645480631556647E-04
4.19999999999997806E-03  0.00000000000000000E+00  0.00000000000000000E+00  3.24289038989264256E-01  0.00000000000000000E+00  0.00000000000000000E+00  0.00000000000000000E+00  1.69298120252949489E-04
4.23999999999997903E-03  0.00000000000000000E+00  0.00000000000000000E+00  3.26285371656366063E-01  0.00000000000000000E+00  0.00000000000000000E+00  0.00000000000000000E+00  1.70916459862944722E-04
4.27999999999997740E-03  0.00000000000000000E+00  0.00000000000000000E+00  3.29022145695272772E-01  0.00000000000000000E+00  0.00000000000000000E+00  0.00000000000000000E+00  1.72463930894744134E-04
4.31999999999997750E-03  0.00000000000000000E+00  0.00000000000000000E+00  3.31383514682099534E-01  0.00000000000000000E+00  0.00000000000000000E+00  0.00000000000000000E+00  1.74045028609505557E-04
4.35999999999997587E-03  0.00000000000000000E+00  0.00000000000000000E+00  3.34428635675012631E-01  0.00000000000000000E+00  0.00000000000000000E+00  0.00000000000000000E+00  1.75598341687285055E-04
4.39999999999997424E-03  0.00000000000000000E+00  0.00000000000000000E+00  3.37243332610832391E-01  0.00000000000000000E+00  0.00000000000000000E+00  0.00000000000000000E+00  1.73233099217119153E-04
4.43999999999997261E-03  0.00000000000000000E+00  0.00000000000000000E+00  3.39895520085085445E-01  0.00000000000000000E+00  0.00000000000000000E+00  0.00000000000000000E+00  1.71617602237097018E-04
4.47999999999997272E-03  0.00000000000000000E+00  0.00000000000000000E+00  3.42881211497462868E-01  0.00000000000000000E+00  0.00000000000000000E+00  0.00000000000000000E+00  1.71796896454309812E-04
4.51999999999997109E-03  0.00000000000000000E+00  0.00000000000000000E+00  3.45588818155086519E-01  0.00000000000000000E+00  0.00000000000000000E+00  0.00000000000000000E+00  1.71755020139131517E-04
4.55999999999997640E-03  0.00000000000000000E+00  0.00000000000000000E+00  3.48631171926677252E-01  0.00000000000000000E+00  0.00000000000000000E+00  0.00000000000000000E+00  1.71981508406018272E-04
4.59999999999997650E-03  0.00000000000000000E+00  0.00000000000000000E+00  3.51186277753470777E-01  0.00000000000000000E+00  0.00000000000000000E+00  0.00000000000000000E+00  1.73417118796703252E-04
4.63999999999997487E-03  0.00000000000000000E+00  0.00000000000000000E+00  3.54225588547303460E-01  0.00000000000000000E+00  0.00000000000000000E+00  0.00000000000000000E+00  1.73707724180038116E-04
4.67999999999997411E-03  0.00000000000000000E+00  0.00000000000000000E+00  3.57196949713049772E-01  0.00000000000000000E+00  0.00000000000000000E+00  0.00000000000000000E+00  1.75195646255117975E-04
4.71999999999997335E-03  0.00000000000000000E+00  0.00000000000000000E+00  3.59141338505943764E-01  0.00000000000000000E+00  0.00000000000000000E+00  0.00000000000000000E+00  1.77195126805084120E-04
4.75999999999997259E-03  0.00000000000000000E+00  0.00000000000000000E+00  3.61294166060505184E-01  0.00000000000000000E+00  0.00000000000000000E+00  0.00000000000000000E+00  1.72572786208354591E-04
4.79999999999997182E-03  0.00000000000000000E+00  0.00000000000000000E+00  3.63976514505549464E-01  0.00000000000000000E+00  0.00000000000000000E+00  0.00000000000000000E+00  1.71944476562908187E-04
4.83999999999997106E-03  0.00000000000000000E+00  0.00000000000000000E+00  3.66000702485978935E-01  0.00000000000000000E+00  0.00000000000000000E+00  0.00000000000000000E+00  1.71074321754641765E-04
4.87999999999996856E-03  0.00000000000000000E+00  0.00000000000000000E+00  3.68700901222951016E-01  0.00000000000000000E+00  0.00000000000000000E+00  0.00000000000000000E+00  1.72480883765058722E-04
4.91999999999996780E-03  0.00000000000000000E+00  0.00000000000000000E+00  3.70788146198302637E-01  0.00000000000000000E+00  0.00000000000000000E+00  0.00000000000000000E+00  1.70714932159236307E-04
4.95999999999996704E-03  0.00000000000000000E+00  0.00000000000000000E+00  3.72927352046659277E-01  0.00000000000000000E+00  0.00000000000000000E+00  0.00000000000000000E+00  1.74418026747592500E-04
4.99999999999997408E-03  0.00000000000000000E+00  0.00000000000000000E+00  3.75227383347427945E-01  0.00000000000000000E+00  0.00000000000000000E+00  0.00000000000000000E+00  1.75739572119320512E-04
5.03999999999996985E-03  0.00000000000000000E+00  0.00000000000000000E+00  3.77614201248397952E-01  0.00000000000000000E+00  0.00000000000000000E+00  0.00000000000000000E+00  1.75263492432502319E-04
5.07999999999997256E-03  0.00000000000000000E+00  0.00000000000000000E+00  3.80480166245558638E-01  0.00000000000000000E+00  0.00000000000000000E+00  0.00000000000000000E+00  1.74993682245108630E-04
5.11999999999996919E-03  0.00000000000000000E+00  0.00000000000000000E+00  3.83469530108015655E-01  0.00000000000000000E+00  0.00000000000000000E+00  0.00000000000000000E+00  1.76294696152145929E-04
5.15999999999996930E-03  0.00000000000000000E+00  0.00000000000000000E+00  3.86084545441748306E-01  0.00000000000000000E+00  0.00000000000000000E+00  0.00000000000000000E+00  1.77788030210507069E-04
5.19999999999997027E-03  0.00000000000000000E+00  0.00000000000000000E+00  3.88606815266943406E-01  0.00000000000000000E+00  0.00000000000000000E+00  0.00000000000000000E+00  1.79273429972199910E-04
5.23999999999996777E-03  0.00000000000000000E+00  0.00000000000000000E+00  3.91589966414217061E-01  0.00000000000000000E+00  0.00000000000000000E+00  0.00000000000000000E+00  1.80597458377135896E-04
5.27999999999996788E-03  0.00000000000000000E+00  0.00000000000000000E+00  3.94541358398164732E-01  0.00000000000000000E+00  0.00000000000000000E+00  0.00000000000000000E+00  1.81916781404399747E-04
5.31999999999996625E-03  0.00000000000000000E+00  0.00000000000000000E+00  3.97287738461852336E-01  0.00000000000000000E+00  0.00000000000000000E+00  0.00000000000000000E+00  1.83238248205461836E-04
5.35999999999996722E-03  0.00000000000000000E+00  0.00000000000000000E+00  3.99859458900401477E-01  0.00000000000000000E+00  0.00000000000000000E+00  0.00000000000000000E+00  1.84603983113113251E-04
5.39999999999996299E-03  0.00000000000000000E+00  0.00000000000000000E+00  4.02666955838868745E-01  0.00000000000000000E+00  0.00000000000000000E+00  0.00000000000000000E+00  1.85930816564061651E-04
5.43999999999997003E-03  0.00000000000000000E+00  0.00000000000000000E+00  4.05466345013456964E-01  0.00000000000000000E+00  0.00000000000000000E+00  0.00000000000000000E+00  1.87146628941369918E-04
5.47999999999996580E-03  0.00000000000000000E+00  0.00000000000000000E+00  4.08113448787677580E-01  0.00000000000000000E+00  0.00000000000000000E+00  0.00000000000000000E+00  1.86944023078774925E-04
5.51999999999996677E-03  0.00000000000000000E+00  0.00000000000000000E+00  4.10711557199931854E-01  0.00000000000000000E+00  0.00000000000000000E+00  0.00000000000000000E+00  1.83356088359713722E-04
5.55999999999996514E-03  0.00000000000000000E+00  0.00000000000000000E+00  4.13311158174906990E-01  0.00000000000000000E+00  0.00000000000000000E+00  0.00000000000000000E+00  1.85250262262501189E-04
5.59999999999996525E-03  0.00000000000000000E+00  0.00000000000000000E+00  4.16241415411622906E-01  0.00000000000000000E+00  0.00000000000000000E+00  0.00000000000000000E+00  1.86691179921788194E-04
5.63999999999996622E-03  0.00000000000000000E+00  0.00000000000000000E+00  4.18942743190677258E-01  0.00000000000000000E+00  0.00000000000000000E+00  0.00000000000000000E+00  1.84538540115103996E-04
5.67999999999996372E-03  0.00000000000000000E+00  0.00000000000000000E+00  4.20676433238185377E-01  0.00000000000000000E+00  0.00000000000000000E+00  0.00000000000000000E+00  1.83606561174697860E-04
5.71999999999996556E-03  0.00000000000000000E+00  0.00000000000000000E+00  4.22946938653950333E-01  0.00000000000000000E+00  0.00000000000000000E+00  0.00000000000000000E+00  1.82078293613375380E-04
5.75999999999996046E-03  0.00000000000000000E+00  0.00000000000000000E+00  4.25717589923622297E-01  0.00000000000000000E+00  0.00000000000000000E+00  0.00000000000000000E+00  1.82662631990064171E-04
5.79999999999996404E-03  0.00000000000000000E+00  0.00000000000000000E+00  4.28241183380891566E-01  0.00000000000000000E+00  0.00000000000000000E+00  0.00000000000000000E+00  1.84410728839330012E-04
5.83999999999995894E-03  0.00000000000000000E+00  0.00000000000000000E+00  4.30694290043150130E-01  0.00000000000000000E+00  0.00000000000000000E+00  0.00000000000000000E+00  1.83225693590293863E-04
5.87999999999996598E-03  0.00000000000000000E+00  0.00000000000000000E+00  4.33216420552657577E-01  0.00000000000000000E+00  0.00000000000000000E+00  0.00000000000000000E+00  1.84449164857412493E-04
5.91999999999996088E-03  0.00000000000000000E+00  0.00000000000000000E+00  4.35295966785705979E-01  0.00000000000000000E+00  0.00000000000000000E+00  0.00000000000000000E+00  1.85703706570384999E-04
5.95999999999996359E-03  0.00000000000000000E+00  0.00000000000000000E+00  4.37390016547050731E-01  0.00000000000000000E+00  0.00000000000000000E+00  0.00000000000000000E+00  1.89001976853422373E-04
5.99999999999995936E-03  0.00000000000000000E+00  0.00000000000000000E+00  4.39787782765814650E-01  0.00000000000000000E+00  0.00000000000000000E+00  0.00000000000000000E+00  1.88411581722079668E-04
6.03999999999996293E-03  0.00000000000000000E+00  0.00000000000000000E+00  4.42551640361248722E-01  0.00000000000000000E+00  0.00000000000000000E+00  0.00000000000000000E+00  1.90701066167414473E-04
6.07999999999996477E-03  0.00000000000000000E+00  0.00000000000000000E+00  4.44982469806969649E-01  0.00000000000000000E+00  0.00000000000000000E+00  0.00000000000000000E+00  1.88661897005992069E-04
6.11999999999996054E-03  0.00000000000000000E+00  0.00000000000000000E+00  4.47409313498268346E-01  0.00000000000000000E+00  0.00000000000000000E+00  0.00000000000000000E+00  1.89912975850695207E-04
6.15999999999996845E-03  0.00000000000000000E+00  0.00000000000000000E+00  4.49791809728963488E-01  0.00000000000000000E+00  0.00000000000000000E+00  0.00000000000000000E+00  1.91547399452856047E-04
6.19999999999996335E-03  0.00000000000000000E+00  0.00000000000000000E+00  4.52316559253683526E-01  0.00000000000000000E+00  0.00000000000000000E+00  0.00000000000000000E+00  1.92910822809948994E-04
6.23999999999996693E-03  0.00000000000000000E+00  0.00000000000000000E+00  4.55039970706625996E-01  0.00000000000000000E+00  0.00000000000000000E+00  0.00000000000000000E+00  1.92165213731124000E-04
6.27999999999996096E-03  0.00000000000000000E+00  0.00000000000000000E+00  4.57593610284475927E-01  0.00000000000000000E+00  0.00000000000000000E+00  0.00000000000000000E+00  1.96867383012433873E-04
6.31999999999996540E-03  0.00000000000000000E+00  0.00000000000000000E+00  4.60295707830016609E-01  0.00000000000000000E+00  0.00000000000000000E+00  0.00000000000000000E+00  1.98530228865798476E-04
6.35999999999995770E-03  0.00000000000000000E+00  0.00000000000000000E+00  4.62487242950537225E-01  0.00000000000000000E+00  0.00000000000000000E+00  0.00000000000000000E+00  1.98934061255747006E-04
6.39999999999996128E-03  0.00000000000000000E+00  0.00000000000000000E+00  4.64680777145900170E-01  0.00000000000000000E+00  0.00000000000000000E+00  0.00000000000000000E+00  1.99572338201135790E-04
6.43999999999996485E-03  0.00000000000000000E+00  0.00000000000000000E+00  4.67279914133760188E-01  0.00000000000000000E+00  0.00000000000000000E+00  0.00000000000000000E+00  2.00909037518835488E-04
6.47999999999995975E-03  0.00000000000000000E+00  0.00000000000000000E+00  4.70075418501528897E-01  0.00000000000000000E+00  0.00000000000000000E+00  0.00000000000000000E+00  2.02045554340003297E-04
6.51999999999996853E-03  0.00000000000000000E+00  0.00000000000000000E+00  4.72565863016239152E-01  0.00000000000000000E+00  0.00000000000000000E+00  0.00000000000000000E+00  2.04695920309750734E-04
6.55999999999996256E-03  0.00000000000000000E+00  0.00000000000000000E+00  4.75079057055199094E-01  0.00000000000000000E+00  0.00000000000000000E+00  0.00000000000000000E+00  2.05674586293898423E-04
6.59999999999996700E-03  0.00000000000000000E+00  0.00000000000000000E+00  4.77418267180752198E-01  0.00000000000000000E+00  0.00000000000000000E+00  0.00000000000000000E+00  1.99802041937704620E-04
6.63999999999997058E-03  0.00000000000000000E+00  0.00000000000000000E+00  4.79984332640509659E-01  0.00000000000000000E+00  0.00000000000000000E+00  0.00000000000000000E+00  1.97805584423216345E-04
6.67999999999996548E-03  0.00000000000000000E+00  0.00000000000000000E+00  4.82366578715338556E-01  0.00000000000000000E+00  0.00000000000000000E+00  0.00000000000000000E+00  2.03714837760907543E-04
6.71999999999996905E-03  0.00000000000000000E+00  0.00000000000000000E+00  4.84817335810647287E-01  0.00000000000000000E+00  0.00000000000000000E+00  0.00000000000000000E+00  2.03518315932714586E-04
6.75999999999996742E-03  0.00000000000000000E+00  0.00000000000000000E+00  4.87452495099897853E-01  0.00000000000000000E+00  0.00000000000000000E+00  0.00000000000000000E+00  2.03987527228674981E-04
6.79999999999997100E-03  0.00000000000000000E+00  0.00000000000000000E+00  4.90334207724068549E-01  0.00000000000000000E+00  0.00000000000000000E+00  0.00000000000000000E+00  2.05115916400753747E-04
6.83999999999996590E-03  0.00000000000000000E+00  0.00000000000000000E+00  4.92912619082708670E-01  0.00000000000000000E+00  0.00000000000000000E+00  0.00000000000000000E+00  2.06079625973755839E-04
6.87999999999996861E-03  0.00000000000000000E+00  0.00000000000000000E+00  4.95300567487546139E-01  0.00000000000000000E+00  0.00000000000000000E+00  0.00000000000000000E+00  2.11865800699706454E-04
6.91999999999997218E-03  0.00000000000000000E+00  0.00000000000000000E+00  4.97670018064208353E-01  0.00000000000000000E+00  0.00000000000000000E+00  0.00000000000000000E+00  2.09400940791643151E-04
6.95999999999996708E-03  0.00000000000000000E+00  0.00000000000000000E+00  5.00082326063639671E-01  0.00000000000000000E+00  0.00000000000000000E+00  0.00000000000000000E+00  2.10473330725434996E-04
6.99999999999997066E-03  0.00000000000000000E+00  0.00000000000000000E+00  5.02763165756735297E-01  0.00000000000000000E+00  0.00000000000000000E+00  0.00000000000000000E+00  2.12096130157879886E-04
7.03999999999996469E-03  0.00000000000000000E+00  0.00000000000000000E+00  5.04542651004360132E-01  0.00000000000000000E+00  0.00000000000000000E+00  0.00000000000000000E+00  2.11233296079148790E-04
7.07999999999997347E-03  0.00000000000000000E+00  0.00000000000000000E+00  5.07238808559954846E-01  0.00000000000000000E+00  0.00000000000000000E+00  0.00000000000000000E+00  2.10478962815976577E-04
7.11999999999996750E-03  0.00000000000000000E+00  0.00000000000000000E+00  5.09595492845783649E-01  0.00000000000000000E+00  0.00000000000000000E+00  0.00000000000000000E+00  2.11782649826521490E-04
7.15999999999997194E-03  0.00000000000000000E+00  0.00000000000000000E+00  5.12265214589251783E-01  0.00000000000000000E+00  0.00000000000000000E+00  0.00000000000000000E+00  2.13280317505030288E-04
7.19999999999997638E-03  0.00000000000000000E+00  0.00000000000000000E+00  5.14967077672795703E-01  0.00000000000000000E+00  0.00000000000000000E+00  0.00000000000000000E+00  2.14271849609993343E-04
7.23999999999996955E-03  0.00000000000000000E+00  0.00000000000000000E+00  5.17824722699835815E-01  0.00000000000000000E+00  0.00000000000000000E+00  0.00000000000000000E+00  2.13288357014574596E-04
7.27999999999997399E-03  0.00000000000000000E+00  0.00000000000000000E+00  5.20118409347050448E-01  0.00000000000000000E+00  0.00000000000000000E+00  0.00000000000000000E+00  2.14643710612118937E-04
7.31999999999996716E-03  0.00000000000000000E+00  0.00000000000000000E+00  5.22726565533985554E-01  0.00000000000000000E+00  0.00000000000000000E+00  0.00000000000000000E+00  2.11795560622844616E-04
7.35999999999997594E-03  0.00000000000000000E+00  0.00000000000000000E+00  5.25434849480351795E-01  0.00000000000000000E+00  0.00000000000000000E+00  0.00000000000000000E+00  2.11647097181496277E-04
7.39999999999996997E-03  0.00000000000000000E+00  0.00000000000000000E+00  5.28103869622225552E-01  0.00000000000000000E+00  0.00000000000000000E+00  0.00000000000000000E+00  2.13913603517668007E-04
7.43999999999997354E-03  0.00000000000000000E+00  0.00000000000000000E+00  5.30827998754786368E-01  0.00000000000000000E+00  0.00000000000000000E+00  0.00000000000000000E+00  2.15383210026707297E-04
7.47999999999997885E-03  0.00000000000000000E+00  0.00000000000000000E+00  5.33514349391045251E-01  0.00000000000000000E+00  0.00000000000000000E+00  0.00000000000000000E+00  2.16582499498220693E-04
7.51999999999997289E-03  0.00000000000000000E+00  0.00000000000000000E+00  5.35776188415318044E-01  0.00000000000000000E+00  0.00000000000000000E+00  0.00000000000000000E+00  2.16347108617878235E-04
7.55999999999997733E-03  0.00000000000000000E+00  0.00000000000000000E+00  5.38312124645963563E-01  0.00000000000000000E+00  0.00000000000000000E+00  0.00000000000000000E+00  2.15407847706328506E-04
7.59999999999997396E-03  0.00000000000000000E+00  0.00000000000000000E+00  5.40719334208103808E-01  0.00000000000000000E+00  0.00000000000000000E+00  0.00000000000000000E+00  2.15214916599730581E-04
7.63999999999997841E-03  0.00000000000000000E+00  0.00000000000000000E+00  5.43205125590385474E-01  0.00000000000000000E+00  0.00000000000000000E+00  0.00000000000000000E+00  2.15873210444376170E-04
7.67999999999997244E-03  0.00000000000000000E+00  0.00000000000000000E+00  5.45826113920286349E-01  0.00000000000000000E+00  0.00000000000000000E+00  0.00000000000000000E+00  2.17003439734555446E-04
7.71999999999997601E-03  0.00000000000000000E+00  0.00000000000000000E+00  5.48386655294678338E-01  0.00000000000000000E+00  0.00000000000000000E+00  0.00000000000000000E+00  2.18151437856889315E-04
7.75999999999998132E-03  0.00000000000000000E+00  0.00000000000000000E+00  5.51084825449342897E-01  0.00000000000000000E+00  0.00000000000000000E+00  0.00000000000000000E+00  2.13265353988240113E-04
7.79999999999997449E-03  0.00000000000000000E+00  0.00000000000000000E+00  5.53764948721192307E-01  0.00000000000000000E+00  0.00000000000000000E+00  0.00000000000000000E+00  2.14370538533716830E-04
7.83999999999998066E-03  0.00000000000000000E+00  0.00000000000000000E+00  5.56364701658432215E-01  0.00000000000000000E+00  0.00000000000000000E+00  0.00000000000000000E+00  2.15499011658800218E-04
7.87999999999997557E-03  0.00000000000000000E+00  0.00000000000000000E+00  5.58701447273086349E-01  0.00000000000000000E+00  0.00000000000000000E+00  0.00000000000000000E+00  2.10145024468867431E-04
7.91999999999998087E-03  0.00000000000000000E+00  0.00000000000000000E+00  5.61398596330904054E-01  0.00000000000000000E+00  0.00000000000000000E+00  0.00000000000000000E+00  2.11213183102517440E-04
7.95999999999997404E-03  0.00000000000000000E+00  0.00000000000000000E+00  5.64060203217436995E-01  0.00000000000000000E+00  0.00000000000000000E+00  0.00000000000000000E+00  2.12272910009662843E-04
7.99999999999997935E-03  0.00000000000000000E+00  0.00000000000000000E+00  5.66065314587782309E-01  0.00000000000000000E+00  0.00000000000000000E+00  0.00000000000000000E+00  2.13378583902614589E-04
7.99999999999997935E-03  0.00000000000000000E+00  0.00000000000000000E+00  5.66065314488218396E-01  0.00000000000000000E+00  0.00000000000000000E+00  0.00000000000000000E+00  2.13378576961348288E-04
8.03999999999998466E-03  0.00000000000000000E+00  0.00000000000000000E+00  5.68188627682147618E-01  0.00000000000000000E+00  0.00000000000000000E+00  0.00000000000000000E+00  2.14443594841329547E-04
8.07999999999997782E-03  0.00000000000000000E+00  0.00000000000000000E+00  5.71012460188337068E-01  0.00000000000000000E+00  0.00000000000000000E+00  0.00000000000000000E+00  2.15587460861187314E-04
8.11999999999998660E-03  0.00000000000000000E+00  0.00000000000000000E+00  5.73360206439153197E-01  0.00000000000000000E+00  0.00000000000000000E+00  0.00000000000000000E+00  2.15685735612633869E-04
8.15999999999997457E-03  0.00000000000000000E+00  0.00000000000000000E+00  5.75806306217242492E-01  0.00000000000000000E+00  0.00000000000000000E+00  0.00000000000000000E+00  2.16759456184233796E-04
8.19999999999998334E-03  0.00000000000000000E+00  0.00000000000000000E+00  5.78500748628587247E-01  0.00000000000000000E+00  0.00000000000000000E+00  0.00000000000000000E+00  2.17553526205668173E-04
8.23999999999997651E-03  0.00000000000000000E+00  0.00000000000000000E+00  5.81093282986690940E-01  0.00000000000000000E+00  0.00000000000000000E+00  0.00000000000000000E+00  2.17128849695004541E-04
8.27999999999998182E-03  0.00000000000000000E+00  0.00000000000000000E+00  5.83650249218209294E-01  0.00000000000000000E+00  0.00000000000000000E+00  0.00000000000000000E+00  2.18184108615221103E-04
8.31999999999998713E-03  0.00000000000000000E+00  0.00000000000000000E+00  5.86337718229903770E-01  0.00000000000000000E+00  0.00000000000000000E+00  0.00000000000000000E+00  2.19182132478599654E-04
8.35999999999998029E-03  0.00000000000000000E+00  0.00000000000000000E+00  5.89153844571486229E-01  0.00000000000000000E+00  0.00000000000000000E+00  0.00000000000000000E+00  2.20237134610039558E-04
8.39999999999998907E-03  0.00000000000000000E+00  0.00000000000000000E+00  5.91746505854166216E-01  0.00000000000000000E+00  0.00000000000000000E+00  0.00000000000000000E+00  2.19907113554977250E-04
8.43999999999998050E-03  0.00000000000000000E+00  0.00000000000000000E+00  5.94428322009577959E-01  0.00000000000000000E+00  0.00000000000000000E+00  0.00000000000000000E+00  2.20969287201918936E-04
8.47999999999998581E-03  0.00000000000000000E+00  0.00000000000000000E+00  5.97170455692463409E-01  0.00000000000000000E+00  0.00000000000000000E+00  0.00000000000000000E+00  2.22006861349922826E-04
8.51999999999997898E-03  0.00000000000000000E+00  0.00000000000000000E+00  5.99792835378595068E-01  0.00000000000000000E+00  0.00000000000000000E+00  0.00000000000000000E+00  2.23055170556454754E-04
8.55999999999998602E-03  0.00000000000000000E+00  0.00000000000000000E+00  6.02061974834585123E-01  0.00000000000000000E+00  0.00000000000000000E+00  0.00000000000000000E+00  2.24028312357143193E-04
8.59999999999998960E-03  0.00000000000000000E+00  0.00000000000000000E+00  6.04873094540780198E-01  0.00000000000000000E+00  0.00000000000000000E+00  0.00000000000000000E+00  2.23346865201405772E-04
8.63999999999998276E-03  0.00000000000000000E+00  0.00000000000000000E+00  6.07609999967321346E-01  0.00000000000000000E+00  0.00000000000000000E+00  0.00000000000000000E+00  2.24406596553355291E-04
8.67999999999998807E-03  0.00000000000000000E+00  0.00000000000000000E+00  6.09912057011876008E-01  0.00000000000000000E+00  0.00000000000000000E+00  0.00000000000000000E+00  2.25451013681224604E-04
8.71999999999998297E-03  0.00000000000000000E+00  0.00000000000000000E+00  6.12594727527752347E-01  0.00000000000000000E+00  0.00000000000000000E+00  0.00000000000000000E+00  2.26504767590295292E-04
8.75999999999998828E-03  0.00000000000000000E+00  0.00000000000000000E+00  6.15153055029315610E-01  0.00000000000000000E+00  0.00000000000000000E+00  0.00000000000000000E+00  2.27562445718802200E-04
8.79999999999998318E-03  0.00000000000000000E+00  0.00000000000000000E+00  6.17631892912716030E-01  0.00000000000000000E+00  0.00000000000000000E+00  0.00000000000000000E+00  2.28602138732754835E-04
8.83999999999998849E-03  0.00000000000000000E+00  0.00000000000000000E+00  6.20434758036224276E-01  0.00000000000000000E+00  0.00000000000000000E+00  0.00000000000000000E+00  2.29638520614109548E-04
8.87999999999999207E-03  0.00000000000000000E+00  0.00000000000000000E+00  6.23093334675752786E-01  0.00000000000000000E+00  0.00000000000000000E+00  0.00000000000000000E+00  2.27629420469993159E-04
8.91999999999998523E-03  0.00000000000000000E+00  0.00000000000000000E+00  6.25783668031770324E-01  0.00000000000000000E+00  0.00000000000000000E+00  0.00000000000000000E+00  2.28654800271336947E-04
8.95999999999999401E-03  0.00000000000000000E+00  0.00000000000000000E+00  6.28367087181579187E-01  0.00000000000000000E+00  0.00000000000000000E+00  0.00000000000000000E+00  2.29680218794558273E-04
8.99999999999998544E-03  0.00000000000000000E+00  0.00000000000000000E+00  6.31169471737124010E-01  0.00000000000000000E+00  0.00000000000000000E+00  0.00000000000000000E+00  2.30704528431757992E-04
9.03999999999999249E-03  0.00000000000000000E+00  0.00000000000000000E+00  6.33742502817837616E-01  0.00000000000000000E+00  0.00000000000000000E+00  0.00000000000000000E+00  2.27985515471333878E-04
9.07999999999999953E-03  0.00000000000000000E+00  0.00000000000000000E+00  6.36446015357070571E-01  0.00000000000000000E+00  0.00000000000000000E+00  0.00000000000000000E+00  2.28993976636979819E-04
9.11999999999999096E-03  0.00000000000000000E+00  0.00000000000000000E+00  6.39209657319902869E-01  0.00000000000000000E+00  0.00000000000000000E+00  0.00000000000000000E+00  2.29992430261690903E-04
9.15999999999999627E-03  0.00000000000000000E+00  0.00000000000000000E+00  6.41864751471464712E-01  0.00000000000000000E+00  0.00000000000000000E+00  0.00000000000000000E+00  2.30930394852708865E-04
9.19999999999998770E-03  0.00000000000000000E+00  0.00000000000000000E+00  6.44379112237930540E-01  0.00000000000000000E+00  0.00000000000000000E+00  0.00000000000000000E+00  2.31777218970731725E-04
9.23999999999999648E-03  0.00000000000000000E+00  0.00000000000000000E+00  6.47178374157002412E-01  0.00000000000000000E+00  0.00000000000000000E+00  0.00000000000000000E+00  2.32783871335546112E-04
9.27999999999999138E-03  0.00000000000000000E+00  0.00000000000000000E+00  6.49959924039396397E-01  0.00000000000000000E+00  0.00000000000000000E+00  0.00000000000000000E+00  2.33798134931057254E-04
9.31999999999999496E-03  0.00000000000000000E+00  0.00000000000000000E+00  6.52549487141002582E-01  0.00000000000000000E+00  0.00000000000000000E+00  0.00000000000000000E+00  2.34805744257745262E-04
9.35999999999999853E-03  0.00000000000000000E+00  0.00000000000000000E+00  6.55348189671149828E-01  0.00000000000000000E+00  0.00000000000000000E+00  0.00000000000000000E+00  2.34059030819573459E-04
9.39999999999999343E-03  0.00000000000000000E+00  0.00000000000000000E+00  6.58041365710156478E-01  0.00000000000000000E+00  0.00000000000000000E+00  0.00000000000000000E+00  2.35067543888797136E-04
9.43999999999999874E-03  0.00000000000000000E+00  0.00000000000000000E+00  6.60839272317027437E-01  0.00000000000000000E+00  0.00000000000000000E+00  0.00000000000000000E+00  2.36067797833026493E-04
9.47999999999999364E-03  0.00000000000000000E+00  0.00000000000000000E+00  6.62856008802977459E-01  0.00000000000000000E+00  0.00000000000000000E+00  0.00000000000000000E+00  2.37068052392371096E-04
9.51999999999999895E-03  0.00000000000000000E+00  0.00000000000000000E+00  6.65652209971207998E-01  0.00000000000000000E+00  0.00000000000000000E+00  0.00000000000000000E+00  2.36453987188045279E-04
9.55999999999999385E-03  0.00000000000000000E+00  0.00000000000000000E+00  6.68412019350525188E-01  0.00000000000000000E+00  0.00000000000000000E+00  0.00000000000000000E+00  2.37425560941256157E-04
9.59999999999999742E-03  0.00000000000000000E+00  0.00000000000000000E+00  6.71207420746195216E-01  0.00000000000000000E+00  0.00000000000000000E+00  0.00000000000000000E+00  2.38418908686072357E-04
9.64000000000000100E-03  0.00000000000000000E+00  0.00000000000000000E+00  6.74002908570491721E-01  0.00000000000000000E+00  0.00000000000000000E+00  0.00000000000000000E+00  2.39412273072779603E-04
9.67999999999999763E-03  0.00000000000000000E+00  0.00000000000000000E+00  6.76779383782657784E-01  0.00000000000000000E+00  0.00000000000000000E+00  0.00000000000000000E+00  2.40405628845388888E-04
9.72000000000000468E-03  0.00000000000000000E+00  0.00000000000000000E+00  6.79574696456039629E-01  0.00000000000000000E+00  0.00000000000000000E+00  0.00000000000000000E+00  2.41398938177080655E-04
9.75999999999999611E-03  0.00000000000000000E+00  0.00000000000000000E+00  6.82369978222554630E-01  0.00000000000000000E+00  0.00000000000000000E+00  0.00000000000000000E+00  2.42392304038687855E-04
9.79999999999999968E-03  0.00000000000000000E+00  0.00000000000000000E+00  6.83707855080475047E-01  0.00000000000000000E+00  0.00000000000000000E+00  0.00000000000000000E+00  2.38837170360274489E-04
9.83999999999999632E-03  0.00000000000000000E+00  0.00000000000000000E+00  6.86498367531800380E-01  0.00000000000000000E+00  0.00000000000000000E+00  0.00000000000000000E+00  2.39811980899242946E-04
9.87999999999999989E-03  0.00000000000000000E+00  0.00000000000000000E+00  6.89288536114626815E-01  0.00000000000000000E+00  0.00000000000000000E+00  0.00000000000000000E+00  2.40775206562967019E-04
9.92000000000000347E-03  0.00000000000000000E+00  0.00000000000000000E+00  6.92078369375658919E-01  0.00000000000000000E+00  0.00000000000000000E+00  0.00000000000000000E+00  2.41950633468544492E-04
9.96000000000000010E-03  0.00000000000000000E+00  0.00000000000000000E+00  6.94867735066101888E-01  0.00000000000000000E+00  0.00000000000000000E+00  0.00000000000000000E+00  2.42926062481759592E-04
