0.00000000000000000E+00  0.00000000000000000E+00  0.00000000000000000E+00  0.00000000000000000E+00  0.00000000000000000E+00  0.00000000000000000E+00  0.00000000000000000E+00  1.69999999999999996E+00
8.00000000000000608E-05  0.00000000000000000E+00  0.00000000000000000E+00  8.43846107893952563E-02  0.00000000000000000E+00  0.00000000000000000E+00  0.00000000000000000E+00  1.69999999999999996E+00
1.19999999999999949E-04  0.00000000000000000E+00  0.00000000000000000E+00  1.26576668800131548E-01  0.00000000000000000E+00  0.00000000000000000E+00  0.00000000000000000E+00  1.69999999999999996E+00
1.59999999999999850E-04  0.00000000000000000E+00  0.00000000000000000E+00  1.15399920804257969E-01  0.00000000000000000E+00  0.00000000000000000E+00  0.00000000000000000E+00  1.69999999999999996E+00
2.00000000000000335E-04  0.00000000000000000E+00  0.00000000000000000E+00  1.24172517241721528E-01  0.00000000000000000E+00  0.00000000000000000E+00  0.00000000000000000E+00  1.69999999999999996E+00
2.40000000000000440E-04  0.00000000000000000E+00  0.00000000000000000E+00  1.13831066132493636E-01  0.00000000000000000E+00  0.00000000000000000E+00  0.00000000000000000E+00  1.69999999999999996E+00
2.80000000000000572E-04  0.00000000000000000E+00  0.00000000000000000E+00  1.14469630999979949E-01  0.00000000000000000E+00  0.00000000000000000E+00  0.00000000000000000E+00  1.69999999999999996E+00
3.20000000000000839E-04  0.00000000000000000E+00  0.00000000000000000E+00  1.15197548305557743E-01  0.00000000000000000E+00  0.00000000000000000E+00  0.00000000000000000E+00  1.69999999999999996E+00
3.60000000000000890E-04  0.00000000000000000E+00  0.00000000000000000E+00  1.26107893463011100E-01  0.00000000000000000E+00  0.00000000000000000E+00  0.00000000000000000E+00  9.25205000000000055E-01
4.00000000000001483E-04  0.00000000000000000E+00  0.00000000000000000E+00  1.26847546763136809E-01  0.00000000000000000E+00  0.00000000000000000E+00  0.00000000000000000E+00  9.94792499999999968E-01
4.40000000000002509E-04  0.00000000000000000E+00  0.00000000000000000E+00  1.26572907732291490E-01  0.00000000000000000E+00  0.00000000000000000E+00  0.00000000000000000E+00  4.98317499999999969E-01
4.80000000000001151E-04  0.00000000000000000E+00  0.00000000000000000E+00  1.28466527302309258E-01  0.00000000000000000E+00  0.00000000000000000E+00  0.00000000000000000E+00  9.94792499999999968E-01
5.20000000000000822E-04  0.00000000000000000E+00  0.00000000000000000E+00  1.37006287679473843E-01  0.00000000000000000E+00  0.00000000000000000E+00  0.00000000000000000E+00  3.21555000000000035E-01
5.60000000000002770E-04  0.00000000000000000E+00  0.00000000000000000E+00  1.33318276187719381E-01  0.00000000000000000E+00  0.00000000000000000E+00  0.00000000000000000E+00  2.53223333333333356E-01
6.00000000000003417E-04  0.00000000000000000E+00  0.00000000000000000E+00  1.39855906492723753E-01  0.00000000000000000E+00  0.00000000000000000E+00  0.00000000000000000E+00  3.22810833333333325E-01
6.40000000000002871E-04  0.00000000000000000E+00  0.00000000000000000E+00  1.44752844028112421E-01  0.00000000000000000E+00  0.00000000000000000E+00  0.00000000000000000E+00  3.04655833333333348E-01
6.80000000000003193E-04  0.00000000000000000E+00  0.00000000000000000E+00  1.32194261756193504E-01  0.00000000000000000E+00  0.00000000000000000E+00  0.00000000000000000E+00  2.78944166666666660E-01
7.20000000000002864E-04  0.00000000000000000E+00  0.00000000000000000E+00  1.35762530281490795E-01  0.00000000000000000E+00  0.00000000000000000E+00  0.00000000000000000E+00  2.97754166666666653E-01
7.60000000000003620E-04  0.00000000000000000E+00  0.00000000000000000E+00  1.35790186198791241E-01  0.00000000000000000E+00  0.00000000000000000E+00  0.00000000000000000E+00  2.42589583333333358E-01
8.00000000000002857E-04  0.00000000000000000E+00  0.00000000000000000E+00  1.31689180379675141E-01  0.00000000000000000E+00  0.00000000000000000E+00  0.00000000000000000E+00  2.78944166666666660E-01
8.40000000000003721E-04  0.00000000000000000E+00  0.00000000000000000E+00  1.38019439603241589E-01  0.00000000000000000E+00  0.00000000000000000E+00  0.00000000000000000E+00  2.69533666666666671E-01
8.80000000000002525E-04  0.00000000000000000E+00  0.00000000000000000E+00  1.37439966766099153E-01  0.00000000000000000E+00  0.00000000000000000E+00  0.00000000000000000E+00  2.62012000000000023E-01
9.20000000000003389E-04  0.00000000000000000E+00  0.00000000000000000E+00  1.42651210222904334E-01  0.00000000000000000E+00  0.00000000000000000E+00  0.00000000000000000E+00  2.44462000000000013E-01
9.60000000000002518E-04  0.00000000000000000E+00  0.00000000000000000E+00  1.48231260688457267E-01  0.00000000000000000E+00  0.00000000000000000E+00  0.00000000000000000E+00  2.24152999999999991E-01
1.00000000000000522E-03  0.00000000000000000E+00  0.00000000000000000E+00  1.43233610962126390E-01  0.00000000000000000E+00  0.00000000000000000E+00  0.00000000000000000E+00  2.32433000000000001E-01
1.04000000000000164E-03  0.00000000000000000E+00  0.00000000000000000E+00  1.31443513561936676E-01  0.00000000000000000E+00  0.00000000000000000E+00  0.00000000000000000E+00  2.78691000000000022E-01
1.08000000000000392E-03  0.00000000000000000E+00  0.00000000000000000E+00  1.32504705755777025E-01  0.00000000000000000E+00  0.00000000000000000E+00  0.00000000000000000E+00  2.61708750000000046E-01
1.12000000000000315E-03  0.00000000000000000E+00  0.00000000000000000E+00  1.37135873380172857E-01  0.00000000000000000E+00  0.00000000000000000E+00  0.00000000000000000E+00  2.60638250000000016E-01
1.16000000000000326E-03  0.00000000000000000E+00  0.00000000000000000E+00  1.39243782900869889E-01  0.00000000000000000E+00  0.00000000000000000E+00  0.00000000000000000E+00  2.38506249999999975E-01
1.20000000000000401E-03  0.00000000000000000E+00  0.00000000000000000E+00  1.43882813312972729E-01  0.00000000000000000E+00  0.00000000000000000E+00  0.00000000000000000E+00  2.06852499999999967E-01
1.24000000000000304E-03  0.00000000000000000E+00  0.00000000000000000E+00  1.48018435663835990E-01  0.00000000000000000E+00  0.00000000000000000E+00  0.00000000000000000E+00  2.06852499999999967E-01
1.28000000000000965E-03  0.00000000000000000E+00  0.00000000000000000E+00  1.33888771527010064E-01  0.00000000000000000E+00  0.00000000000000000E+00  0.00000000000000000E+00  1.96327000000000002E-01
1.32000000000000932E-03  0.00000000000000000E+00  0.00000000000000000E+00  1.35990310956104782E-01  0.00000000000000000E+00  0.00000000000000000E+00  0.00000000000000000E+00  1.92747321428571428E-01
1.36000000000001159E-03  0.00000000000000000E+00  0.00000000000000000E+00  1.39732503960704690E-01  0.00000000000000000E+00  0.00000000000000000E+00  0.00000000000000000E+00  1.87576250000000000E-01
1.40000000000001170E-03  0.00000000000000000E+00  0.00000000000000000E+00  1.43725837591775041E-01  0.00000000000000000E+00  0.00000000000000000E+00  0.00000000000000000E+00  1.87576250000000000E-01
1.44000000000001093E-03  0.00000000000000000E+00  0.00000000000000000E+00  1.43843506220612344E-01  0.00000000000000000E+00  0.00000000000000000E+00  0.00000000000000000E+00  1.81361944444444423E-01
1.48000000000000974E-03  0.00000000000000000E+00  0.00000000000000000E+00  1.47688372729816386E-01  0.00000000000000000E+00  0.00000000000000000E+00  0.00000000000000000E+00  1.81361944444444423E-01
1.52000000000001374E-03  0.00000000000000000E+00  0.00000000000000000E+00  1.48538352784425481E-01  0.00000000000000000E+00  0.00000000000000000E+00  0.00000000000000000E+00  1.41662777777777749E-01
1.56000000000001298E-03  0.00000000000000000E+00  0.00000000000000000E+00  1.50700442481001118E-01  0.00000000000000000E+00  0.00000000000000000E+00  0.00000000000000000E+00  1.51274277777777744E-01
1.60000000000001265E-03  0.00000000000000000E+00  0.00000000000000000E+00  1.53944354980277115E-01  0.00000000000000000E+00  0.00000000000000000E+00  0.00000000000000000E+00  1.51986683333333317E-01
1.64000000000001471E-03  0.00000000000000000E+00  0.00000000000000000E+00  1.56324537704703004E-01  0.00000000000000000E+00  0.00000000000000000E+00  0.00000000000000000E+00  1.52112222222222204E-01
1.68000000000001438E-03  0.00000000000000000E+00  0.00000000000000000E+00  1.59050526359778732E-01  0.00000000000000000E+00  0.00000000000000000E+00  0.00000000000000000E+00  1.40202472222222208E-01
1.72000000000001275E-03  0.00000000000000000E+00  0.00000000000000000E+00  1.60534426647213513E-01  0.00000000000000000E+00  0.00000000000000000E+00  0.00000000000000000E+00  1.37402099999999999E-01
1.76000000000001199E-03  0.00000000000000000E+00  0.00000000000000000E+00  1.63558846927366441E-01  0.00000000000000000E+00  0.00000000000000000E+00  0.00000000000000000E+00  1.37402099999999999E-01
1.80000000000001036E-03  0.00000000000000000E+00  0.00000000000000000E+00  1.65920921288166878E-01  0.00000000000000000E+00  0.00000000000000000E+00  0.00000000000000000E+00  1.37402099999999999E-01
1.84000000000000981E-03  0.00000000000000000E+00  0.00000000000000000E+00  1.68964502889535795E-01  0.00000000000000000E+00  0.00000000000000000E+00  0.00000000000000000E+00  1.30324522727272712E-01
1.88000000000001274E-03  0.00000000000000000E+00  0.00000000000000000E+00  1.70857254088580435E-01  0.00000000000000000E+00  0.00000000000000000E+00  0.00000000000000000E+00  1.22738945512820510E-01
1.92000000000001111E-03  0.00000000000000000E+00  0.00000000000000000E+00  1.73620087012309521E-01  0.00000000000000000E+00  0.00000000000000000E+00  0.00000000000000000E+00  1.17748346153846148E-01
1.96000000000001165E-03  0.00000000000000000E+00  0.00000000000000000E+00  1.76364103129657918E-01  0.00000000000000000E+00  0.00000000000000000E+00  0.00000000000000000E+00  1.17748346153846148E-01
2.00000000000001088E-03  0.00000000000000000E+00  0.00000000000000000E+00  1.78826285662747608E-01  0.00000000000000000E+00  0.00000000000000000E+00  0.00000000000000000E+00  1.17748346153846148E-01
2.04000000000001229E-03  0.00000000000000000E+00  0.00000000000000000E+00  1.81869233493294258E-01  0.00000000000000000E+00  0.00000000000000000E+00  0.00000000000000000E+00  1.13470689560439555E-01
2.08000000000001066E-03  0.00000000000000000E+00  0.00000000000000000E+00  1.84151609862927113E-01  0.00000000000000000E+00  0.00000000000000000E+00  0.00000000000000000E+00  1.17748346153846148E-01
2.12000000000001033E-03  0.00000000000000000E+00  0.00000000000000000E+00  1.86410450378751008E-01  0.00000000000000000E+00  0.00000000000000000E+00  0.00000000000000000E+00  1.22738945512820510E-01
2.16000000000000870E-03  0.00000000000000000E+00  0.00000000000000000E+00  1.88238163576070983E-01  0.00000000000000000E+00  0.00000000000000000E+00  0.00000000000000000E+00  1.22738945512820510E-01
2.20000000000000707E-03  0.00000000000000000E+00  0.00000000000000000E+00  1.91053534436743194E-01  0.00000000000000000E+00  0.00000000000000000E+00  0.00000000000000000E+00  1.19194499999999981E-01
2.24000000000000631E-03  0.00000000000000000E+00  0.00000000000000000E+00  1.93903478870853990E-01  0.00000000000000000E+00  0.00000000000000000E+00  0.00000000000000000E+00  1.19194499999999981E-01
2.28000000000000555E-03  0.00000000000000000E+00  0.00000000000000000E+00  1.95946621956841704E-01  0.00000000000000000E+00  0.00000000000000000E+00  0.00000000000000000E+00  1.19194499999999981E-01
2.32000000000000695E-03  0.00000000000000000E+00  0.00000000000000000E+00  1.98009107964806030E-01  0.00000000000000000E+00  0.00000000000000000E+00  0.00000000000000000E+00  1.19194499999999981E-01
2.36000000000000619E-03  0.00000000000000000E+00  0.00000000000000000E+00  1.99784590109064131E-01  0.00000000000000000E+00  0.00000000000000000E+00  0.00000000000000000E+00  1.15061560439560423E-01
2.40000000000000846E-03  0.00000000000000000E+00  0.00000000000000000E+00  2.02635666652229762E-01  0.00000000000000000E+00  0.00000000000000000E+00  0.00000000000000000E+00  1.03561558035714277E-01
2.44000000000000770E-03  0.00000000000000000E+00  0.00000000000000000E+00  2.05497746100990503E-01  0.00000000000000000E+00  0.00000000000000000E+00  0.00000000000000000E+00  1.06883780952380936E-01
2.48000000000000867E-03  0.00000000000000000E+00  0.00000000000000000E+00  2.08214473467611544E-01  0.00000000000000000E+00  0.00000000000000000E+00  0.00000000000000000E+00  1.10680607142857129E-01
2.52000000000000791E-03  0.00000000000000000E+00  0.00000000000000000E+00  2.10488370588543167E-01  0.00000000000000000E+00  0.00000000000000000E+00  0.00000000000000000E+00  1.10680607142857129E-01
2.56000000000000628E-03  0.00000000000000000E+00  0.00000000000000000E+00  2.12946384115224069E-01  0.00000000000000000E+00  0.00000000000000000E+00  0.00000000000000000E+00  1.10680607142857129E-01
2.60000000000000552E-03  0.00000000000000000E+00  0.00000000000000000E+00  2.15510114974010958E-01  0.00000000000000000E+00  0.00000000000000000E+00  0.00000000000000000E+00  1.10680607142857129E-01
2.64000000000000476E-03  0.00000000000000000E+00  0.00000000000000000E+00  2.18115173504900395E-01  0.00000000000000000E+00  0.00000000000000000E+00  0.00000000000000000E+00  1.06883780952380936E-01
2.68000000000000313E-03  0.00000000000000000E+00  0.00000000000000000E+00  2.20312105112500600E-01  0.00000000000000000E+00  0.00000000000000000E+00  0.00000000000000000E+00  9.99796770833333293E-02
2.72000000000000150E-03  0.00000000000000000E+00  0.00000000000000000E+00  2.22146965620163755E-01  0.00000000000000000E+00  0.00000000000000000E+00  0.00000000000000000E+00  9.70483039215686155E-02
2.76000000000000247E-03  0.00000000000000000E+00  0.00000000000000000E+00  2.24192400628107497E-01  0.00000000000000000E+00  0.00000000000000000E+00  0.00000000000000000E+00  9.70483039215686155E-02
2.80000000000000127E-03  0.00000000000000000E+00  0.00000000000000000E+00  2.26811582440865717E-01  0.00000000000000000E+00  0.00000000000000000E+00  0.00000000000000000E+00  9.70483039215686155E-02
2.84000000000000571E-03  0.00000000000000000E+00  0.00000000000000000E+00  2.28834346096000035E-01  0.00000000000000000E+00  0.00000000000000000E+00  0.00000000000000000E+00  9.99796770833333293E-02
2.88000000000000452E-03  0.00000000000000000E+00  0.00000000000000000E+00  2.30854541172201555E-01  0.00000000000000000E+00  0.00000000000000000E+00  0.00000000000000000E+00  9.99796770833333293E-02
2.92000000000000506E-03  0.00000000000000000E+00  0.00000000000000000E+00  2.33737073557742925E-01  0.00000000000000000E+00  0.00000000000000000E+00  0.00000000000000000E+00  9.99796770833333293E-02
2.96000000000000386E-03  0.00000000000000000E+00  0.00000000000000000E+00  2.36232174107664783E-01  0.00000000000000000E+00  0.00000000000000000E+00  0.00000000000000000E+00  1.03561558035714277E-01
3.00000000000000223E-03  0.00000000000000000E+00  0.00000000000000000E+00  2.38119165862131804E-01  0.00000000000000000E+00  0.00000000000000000E+00  0.00000000000000000E+00  9.68455312499999915E-02
3.04000000000000147E-03  0.00000000000000000E+00  0.00000000000000000E+00  2.40419570756649353E-01  0.00000000000000000E+00  0.00000000000000000E+00  0.00000000000000000E+00  9.68455312499999915E-02
3.08000000000000071E-03  0.00000000000000000E+00  0.00000000000000000E+00  2.42808396780610641E-01  0.00000000000000000E+00  0.00000000000000000E+00  0.00000000000000000E+00  9.68455312499999915E-02
3.12000000000000081E-03  0.00000000000000000E+00  0.00000000000000000E+00  2.45576338898721769E-01  0.00000000000000000E+00  0.00000000000000000E+00  0.00000000000000000E+00  9.68455312499999915E-02
3.15999999999999961E-03  0.00000000000000000E+00  0.00000000000000000E+00  2.48438491356718028E-01  0.00000000000000000E+00  0.00000000000000000E+00  0.00000000000000000E+00  9.68455312499999915E-02
3.20000000000000492E-03  0.00000000000000000E+00  0.00000000000000000E+00  2.50835370829346815E-01  0.00000000000000000E+00  0.00000000000000000E+00  0.00000000000000000E+00  9.39141580882352778E-02
3.24000000000000373E-03  0.00000000000000000E+00  0.00000000000000000E+00  2.53377301207838579E-01  0.00000000000000000E+00  0.00000000000000000E+00  0.00000000000000000E+00  8.88012472222222127E-02
3.28000000000000427E-03  0.00000000000000000E+00  0.00000000000000000E+00  2.55588274124007642E-01  0.00000000000000000E+00  0.00000000000000000E+00  0.00000000000000000E+00  8.88012472222222127E-02
3.32000000000000307E-03  0.00000000000000000E+00  0.00000000000000000E+00  2.58215393371368229E-01  0.00000000000000000E+00  0.00000000000000000E+00  0.00000000000000000E+00  8.88012472222222127E-02
3.36000000000000144E-03  0.00000000000000000E+00  0.00000000000000000E+00  2.60762224108832985E-01  0.00000000000000000E+00  0.00000000000000000E+00  0.00000000000000000E+00  8.88012472222222127E-02
3.40000000000000068E-03  0.00000000000000000E+00  0.00000000000000000E+00  2.62845375937814763E-01  0.00000000000000000E+00  0.00000000000000000E+00  0.00000000000000000E+00  8.90878004643962662E-02
3.43999999999999948E-03  0.00000000000000000E+00  0.00000000000000000E+00  2.65212207188240956E-01  0.00000000000000000E+00  0.00000000000000000E+00  0.00000000000000000E+00  8.90878004643962662E-02
3.48000000000000002E-03  0.00000000000000000E+00  0.00000000000000000E+00  2.68214591644349187E-01  0.00000000000000000E+00  0.00000000000000000E+00  0.00000000000000000E+00  8.90878004643962662E-02
3.51999999999999839E-03  0.00000000000000000E+00  0.00000000000000000E+00  2.71113317160717404E-01  0.00000000000000000E+00  0.00000000000000000E+00  0.00000000000000000E+00  8.90878004643962662E-02
3.55999999999999676E-03  0.00000000000000000E+00  0.00000000000000000E+00  2.73844317276984550E-01  0.00000000000000000E+00  0.00000000000000000E+00  0.00000000000000000E+00  8.90878004643962662E-02
3.60000000000000207E-03  0.00000000000000000E+00  0.00000000000000000E+00  2.76643065095663110E-01  0.00000000000000000E+00  0.00000000000000000E+00  0.00000000000000000E+00  8.90878004643962662E-02
3.64000000000000348E-03  0.00000000000000000E+00  0.00000000000000000E+00  2.79343679501929065E-01  0.00000000000000000E+00  0.00000000000000000E+00  0.00000000000000000E+00  8.87698627192982370E-02
3.68000000000000098E-03  0.00000000000000000E+00  0.00000000000000000E+00  2.82141297637411914E-01  0.00000000000000000E+00  0.00000000000000000E+00  0.00000000000000000E+00  8.63064447368420973E-02
3.72000000000000022E-03  0.00000000000000000E+00  0.00000000000000000E+00  2.84685646676503479E-01  0.00000000000000000E+00  0.00000000000000000E+00  0.00000000000000000E+00  8.63064447368420973E-02
3.76000000000000119E-03  0.00000000000000000E+00  0.00000000000000000E+00  2.87326763354834369E-01  0.00000000000000000E+00  0.00000000000000000E+00  0.00000000000000000E+00  8.40893685526315771E-02
3.79999999999999869E-03  0.00000000000000000E+00  0.00000000000000000E+00  2.89681842947058010E-01  0.00000000000000000E+00  0.00000000000000000E+00  0.00000000000000000E+00  8.40893685526315771E-02
3.83999999999999836E-03  0.00000000000000000E+00  0.00000000000000000E+00  2.92599076950228187E-01  0.00000000000000000E+00  0.00000000000000000E+00  0.00000000000000000E+00  8.40893685526315771E-02
3.87999999999999760E-03  0.00000000000000000E+00  0.00000000000000000E+00  2.95325523523300271E-01  0.00000000000000000E+00  0.00000000000000000E+00  0.00000000000000000E+00  8.40893685526315771E-02
3.91999999999999727E-03  0.00000000000000000E+00  0.00000000000000000E+00  2.97551337261191873E-01  0.00000000000000000E+00  0.00000000000000000E+00  0.00000000000000000E+00  8.20834424812030006E-02
3.96000000000000085E-03  0.00000000000000000E+00  0.00000000000000000E+00  3.00076133970315850E-01  0.00000000000000000E+00  0.00000000000000000E+00  0.00000000000000000E+00  8.20834424812030006E-02
4.00000000000000269E-03  0.00000000000000000E+00  0.00000000000000000E+00  3.02774002611026050E-01  0.00000000000000000E+00  0.00000000000000000E+00  0.00000000000000000E+00  8.20834424812030006E-02
4.03999999999999932E-03  0.00000000000000000E+00  0.00000000000000000E+00  3.05548868887542902E-01  0.00000000000000000E+00  0.00000000000000000E+00  0.00000000000000000E+00  8.20834424812030006E-02
4.08000000000000029E-03  0.00000000000000000E+00  0.00000000000000000E+00  3.08541990447387282E-01  0.00000000000000000E+00  0.00000000000000000E+00  0.00000000000000000E+00  8.02598733253588464E-02
4.12000000000000127E-03  0.00000000000000000E+00  0.00000000000000000E+00  3.10957629596829987E-01  0.00000000000000000E+00  0.00000000000000000E+00  0.00000000000000000E+00  8.02598733253588464E-02
4.15999999999999790E-03  0.00000000000000000E+00  0.00000000000000000E+00  3.13268245638965659E-01  0.00000000000000000E+00  0.00000000000000000E+00  0.00000000000000000E+00  8.02598733253588464E-02
4.19999999999999974E-03  0.00000000000000000E+00  0.00000000000000000E+00  3.15901962061999775E-01  0.00000000000000000E+00  0.00000000000000000E+00  0.00000000000000000E+00  8.02598733253588464E-02
4.23999999999999724E-03  0.00000000000000000E+00  0.00000000000000000E+00  3.18884139325086247E-01  0.00000000000000000E+00  0.00000000000000000E+00  0.00000000000000000E+00  8.02598733253588464E-02
4.28000000000000255E-03  0.00000000000000000E+00  0.00000000000000000E+00  3.21866382722117539E-01  0.00000000000000000E+00  0.00000000000000000E+00  0.00000000000000000E+00  8.02598733253588464E-02
4.31999999999999919E-03  0.00000000000000000E+00  0.00000000000000000E+00  3.24396406169388252E-01  0.00000000000000000E+00  0.00000000000000000E+00  0.00000000000000000E+00  8.02598733253588464E-02
4.36000000000000189E-03  0.00000000000000000E+00  0.00000000000000000E+00  3.27274247015215958E-01  0.00000000000000000E+00  0.00000000000000000E+00  0.00000000000000000E+00  8.02598733253588464E-02
4.39999999999999766E-03  0.00000000000000000E+00  0.00000000000000000E+00  3.30022372564322264E-01  0.00000000000000000E+00  0.00000000000000000E+00  0.00000000000000000E+00  8.02598733253588464E-02
4.43999999999999950E-03  0.00000000000000000E+00  0.00000000000000000E+00  3.32633145045736267E-01  0.00000000000000000E+00  0.00000000000000000E+00  0.00000000000000000E+00  7.81616272727272687E-02
4.48000000000000134E-03  0.00000000000000000E+00  0.00000000000000000E+00  3.35613290353412752E-01  0.00000000000000000E+00  0.00000000000000000E+00  0.00000000000000000E+00  7.81616272727272687E-02
4.51999999999999711E-03  0.00000000000000000E+00  0.00000000000000000E+00  3.38344765599566777E-01  0.00000000000000000E+00  0.00000000000000000E+00  0.00000000000000000E+00  7.81616272727272687E-02
4.55999999999999808E-03  0.00000000000000000E+00  0.00000000000000000E+00  3.41064963075379313E-01  0.00000000000000000E+00  0.00000000000000000E+00  0.00000000000000000E+00  7.81616272727272687E-02
4.59999999999999559E-03  0.00000000000000000E+00  0.00000000000000000E+00  3.43684209090236614E-01  0.00000000000000000E+00  0.00000000000000000E+00  0.00000000000000000E+00  7.81616272727272687E-02
4.64000000000000176E-03  0.00000000000000000E+00  0.00000000000000000E+00  3.45965453386566257E-01  0.00000000000000000E+00  0.00000000000000000E+00  0.00000000000000000E+00  7.62632141774891720E-02
4.67999999999999753E-03  0.00000000000000000E+00  0.00000000000000000E+00  3.48895329348244798E-01  0.00000000000000000E+00  0.00000000000000000E+00  0.00000000000000000E+00  7.62632141774891720E-02
4.72000000000000110E-03  0.00000000000000000E+00  0.00000000000000000E+00  3.51537549356254808E-01  0.00000000000000000E+00  0.00000000000000000E+00  0.00000000000000000E+00  7.62632141774891720E-02
4.75999999999999687E-03  0.00000000000000000E+00  0.00000000000000000E+00  3.54453637894474427E-01  0.00000000000000000E+00  0.00000000000000000E+00  0.00000000000000000E+00  7.62632141774891720E-02
4.79999999999999871E-03  0.00000000000000000E+00  0.00000000000000000E+00  3.57372666884621104E-01  0.00000000000000000E+00  0.00000000000000000E+00  0.00000000000000000E+00  7.62632141774891720E-02
4.84000000000000142E-03  0.00000000000000000E+00  0.00000000000000000E+00  3.59450904466701193E-01  0.00000000000000000E+00  0.00000000000000000E+00  0.00000000000000000E+00  7.45373840909090840E-02
4.87999999999999632E-03  0.00000000000000000E+00  0.00000000000000000E+00  3.62412222379642657E-01  0.00000000000000000E+00  0.00000000000000000E+00  0.00000000000000000E+00  7.45373840909090840E-02
4.91999999999999989E-03  0.00000000000000000E+00  0.00000000000000000E+00  3.65151557763170764E-01  0.00000000000000000E+00  0.00000000000000000E+00  0.00000000000000000E+00  7.45373840909090840E-02
4.95999999999999479E-03  0.00000000000000000E+00  0.00000000000000000E+00  3.68110125328032556E-01  0.00000000000000000E+00  0.00000000000000000E+00  0.00000000000000000E+00  7.45373840909090840E-02
5.00000000000000184E-03  0.00000000000000000E+00  0.00000000000000000E+00  3.71023032466198055E-01  0.00000000000000000E+00  0.00000000000000000E+00  0.00000000000000000E+00  7.45373840909090840E-02
5.03999999999999761E-03  0.00000000000000000E+00  0.00000000000000000E+00  3.73830431642274474E-01  0.00000000000000000E+00  0.00000000000000000E+00  0.00000000000000000E+00  7.45373840909090840E-02
5.08000000000000031E-03  0.00000000000000000E+00  0.00000000000000000E+00  3.76470774176241141E-01  0.00000000000000000E+00  0.00000000000000000E+00  0.00000000000000000E+00  7.45373840909090840E-02
5.12000000000000389E-03  0.00000000000000000E+00  0.00000000000000000E+00  3.78688999149621008E-01  0.00000000000000000E+00  0.00000000000000000E+00  0.00000000000000000E+00  7.45373840909090840E-02
5.15999999999999879E-03  0.00000000000000000E+00  0.00000000000000000E+00  3.81254528502261880E-01  0.00000000000000000E+00  0.00000000000000000E+00  0.00000000000000000E+00  7.45373840909090840E-02
5.20000000000000150E-03  0.00000000000000000E+00  0.00000000000000000E+00  3.84202746459021194E-01  0.00000000000000000E+00  0.00000000000000000E+00  0.00000000000000000E+00  7.45373840909090840E-02
5.23999999999999726E-03  0.00000000000000000E+00  0.00000000000000000E+00  3.86401444280118023E-01  0.00000000000000000E+00  0.00000000000000000E+00  0.00000000000000000E+00  7.28723861660078853E-02
5.28000000000000431E-03  0.00000000000000000E+00  0.00000000000000000E+00  3.89344996715465630E-01  0.00000000000000000E+00  0.00000000000000000E+00  0.00000000000000000E+00  7.28723861660078853E-02
5.31999999999999834E-03  0.00000000000000000E+00  0.00000000000000000E+00  3.92060846396891149E-01  0.00000000000000000E+00  0.00000000000000000E+00  0.00000000000000000E+00  7.28723861660078853E-02
5.36000000000000278E-03  0.00000000000000000E+00  0.00000000000000000E+00  3.95002735307092234E-01  0.00000000000000000E+00  0.00000000000000000E+00  0.00000000000000000E+00  7.28723861660078853E-02
5.39999999999999682E-03  0.00000000000000000E+00  0.00000000000000000E+00  3.97622225486720660E-01  0.00000000000000000E+00  0.00000000000000000E+00  0.00000000000000000E+00  7.45982162525879733E-02
5.44000000000000126E-03  0.00000000000000000E+00  0.00000000000000000E+00  4.00304783888332016E-01  0.00000000000000000E+00  0.00000000000000000E+00  0.00000000000000000E+00  7.45982162525879733E-02
5.48000000000000570E-03  0.00000000000000000E+00  0.00000000000000000E+00  4.02629548852822594E-01  0.00000000000000000E+00  0.00000000000000000E+00  0.00000000000000000E+00  7.28723861660078853E-02
5.52000000000000407E-03  0.00000000000000000E+00  0.00000000000000000E+00  4.05501290162231798E-01  0.00000000000000000E+00  0.00000000000000000E+00  0.00000000000000000E+00  7.28723861660078853E-02
5.56000000000000851E-03  0.00000000000000000E+00  0.00000000000000000E+00  4.08113572393623336E-01  0.00000000000000000E+00  0.00000000000000000E+00  0.00000000000000000E+00  7.28723861660078853E-02
5.60000000000000255E-03  0.00000000000000000E+00  0.00000000000000000E+00  4.10658182873054833E-01  0.00000000000000000E+00  0.00000000000000000E+00  0.00000000000000000E+00  7.28723861660078853E-02
5.64000000000000699E-03  0.00000000000000000E+00  0.00000000000000000E+00  4.13296487641645061E-01  0.00000000000000000E+00  0.00000000000000000E+00  0.00000000000000000E+00  7.28723861660078853E-02
5.68000000000001056E-03  0.00000000000000000E+00  0.00000000000000000E+00  4.16014418645576645E-01  0.00000000000000000E+00  0.00000000000000000E+00  0.00000000000000000E+00  7.28723861660078853E-02
5.72000000000000546E-03  0.00000000000000000E+00  0.00000000000000000E+00  4.18463401813805536E-01  0.00000000000000000E+00  0.00000000000000000E+00  0.00000000000000000E+00  7.13461380681818108E-02
5.76000000000001337E-03  0.00000000000000000E+00  0.00000000000000000E+00  4.20702421149256323E-01  0.00000000000000000E+00  0.00000000000000000E+00  0.00000000000000000E+00  6.97703801630434745E-02
5.80000000000000741E-03  0.00000000000000000E+00  0.00000000000000000E+00  4.23343522811050588E-01  0.00000000000000000E+00  0.00000000000000000E+00  0.00000000000000000E+00  6.97703801630434745E-02
5.84000000000001098E-03  0.00000000000000000E+00  0.00000000000000000E+00  4.26259986522976697E-01  0.00000000000000000E+00  0.00000000000000000E+00  0.00000000000000000E+00  6.97703801630434745E-02
5.88000000000000588E-03  0.00000000000000000E+00  0.00000000000000000E+00  4.29152314253011091E-01  0.00000000000000000E+00  0.00000000000000000E+00  0.00000000000000000E+00  6.97703801630434745E-02
5.92000000000000946E-03  0.00000000000000000E+00  0.00000000000000000E+00  4.31201302210600990E-01  0.00000000000000000E+00  0.00000000000000000E+00  0.00000000000000000E+00  6.97703801630434745E-02
5.96000000000001477E-03  0.00000000000000000E+00  0.00000000000000000E+00  4.33841224202424158E-01  0.00000000000000000E+00  0.00000000000000000E+00  0.00000000000000000E+00  6.97703801630434745E-02
6.00000000000000793E-03  0.00000000000000000E+00  0.00000000000000000E+00  4.36700401974671581E-01  0.00000000000000000E+00  0.00000000000000000E+00  0.00000000000000000E+00  6.97703801630434745E-02
6.04000000000001671E-03  0.00000000000000000E+00  0.00000000000000000E+00  4.39244960267537843E-01  0.00000000000000000E+00  0.00000000000000000E+00  0.00000000000000000E+00  6.97703801630434745E-02
6.08000000000000988E-03  0.00000000000000000E+00  0.00000000000000000E+00  4.40863078006265396E-01  0.00000000000000000E+00  0.00000000000000000E+00  0.00000000000000000E+00  6.97703801630434745E-02
6.12000000000001518E-03  0.00000000000000000E+00  0.00000000000000000E+00  4.43462502931677605E-01  0.00000000000000000E+00  0.00000000000000000E+00  0.00000000000000000E+00  6.83259354166666638E-02
6.16000000000001876E-03  0.00000000000000000E+00  0.00000000000000000E+00  4.45822062034341049E-01  0.00000000000000000E+00  0.00000000000000000E+00  0.00000000000000000E+00  6.83259354166666638E-02
6.20000000000001279E-03  0.00000000000000000E+00  0.00000000000000000E+00  4.48022729246472351E-01  0.00000000000000000E+00  0.00000000000000000E+00  0.00000000000000000E+00  6.83259354166666638E-02
6.24000000000002070E-03  0.00000000000000000E+00  0.00000000000000000E+00  4.50910878348681377E-01  0.00000000000000000E+00  0.00000000000000000E+00  0.00000000000000000E+00  6.83259354166666638E-02
6.28000000000001474E-03  0.00000000000000000E+00  0.00000000000000000E+00  4.53482091221417472E-01  0.00000000000000000E+00  0.00000000000000000E+00  0.00000000000000000E+00  6.69217871666666630E-02
6.32000000000002005E-03  0.00000000000000000E+00  0.00000000000000000E+00  4.55845513152634607E-01  0.00000000000000000E+00  0.00000000000000000E+00  0.00000000000000000E+00  6.83259354166666638E-02
6.36000000000002536E-03  0.00000000000000000E+00  0.00000000000000000E+00  4.58257007986716924E-01  0.00000000000000000E+00  0.00000000000000000E+00  0.00000000000000000E+00  6.83259354166666638E-02
6.40000000000001765E-03  0.00000000000000000E+00  0.00000000000000000E+00  4.60216237728387156E-01  0.00000000000000000E+00  0.00000000000000000E+00  0.00000000000000000E+00  6.55928979999999967E-02
6.44000000000002296E-03  0.00000000000000000E+00  0.00000000000000000E+00  4.62459804579122336E-01  0.00000000000000000E+00  0.00000000000000000E+00  0.00000000000000000E+00  6.55928979999999967E-02
6.48000000000001526E-03  0.00000000000000000E+00  0.00000000000000000E+00  4.64817893652671010E-01  0.00000000000000000E+00  0.00000000000000000E+00  0.00000000000000000E+00  6.55928979999999967E-02
6.52000000000002404E-03  0.00000000000000000E+00  0.00000000000000000E+00  4.67343237603869532E-01  0.00000000000000000E+00  0.00000000000000000E+00  0.00000000000000000E+00  6.55928979999999967E-02
6.56000000000001721E-03  0.00000000000000000E+00  0.00000000000000000E+00  4.69848858859915341E-01  0.00000000000000000E+00  0.00000000000000000E+00  0.00000000000000000E+00  6.55928979999999967E-02
6.60000000000002338E-03  0.00000000000000000E+00  0.00000000000000000E+00  4.72318212993179165E-01  0.00000000000000000E+00  0.00000000000000000E+00  0.00000000000000000E+00  6.55928979999999967E-02
6.64000000000002782E-03  0.00000000000000000E+00  0.00000000000000000E+00  4.75093687832156053E-01  0.00000000000000000E+00  0.00000000000000000E+00  0.00000000000000000E+00  6.55928979999999967E-02
6.68000000000002012E-03  0.00000000000000000E+00  0.00000000000000000E+00  4.77809240324895634E-01  0.00000000000000000E+00  0.00000000000000000E+00  0.00000000000000000E+00  6.55928979999999967E-02
6.72000000000002890E-03  0.00000000000000000E+00  0.00000000000000000E+00  4.80439599073008428E-01  0.00000000000000000E+00  0.00000000000000000E+00  0.00000000000000000E+00  6.55928979999999967E-02
6.76000000000002120E-03  0.00000000000000000E+00  0.00000000000000000E+00  4.83035341636580795E-01  0.00000000000000000E+00  0.00000000000000000E+00  0.00000000000000000E+00  6.55928979999999967E-02
6.80000000000002738E-03  0.00000000000000000E+00  0.00000000000000000E+00  4.85244218409819128E-01  0.00000000000000000E+00  0.00000000000000000E+00  0.00000000000000000E+00  6.55928979999999967E-02
6.84000000000001968E-03  0.00000000000000000E+00  0.00000000000000000E+00  4.87984893896828698E-01  0.00000000000000000E+00  0.00000000000000000E+00  0.00000000000000000E+00  6.55928979999999967E-02
6.88000000000002498E-03  0.00000000000000000E+00  0.00000000000000000E+00  4.90317548921468505E-01  0.00000000000000000E+00  0.00000000000000000E+00  0.00000000000000000E+00  6.55928979999999967E-02
6.92000000000003029E-03  0.00000000000000000E+00  0.00000000000000000E+00  4.93132797194466788E-01  0.00000000000000000E+00  0.00000000000000000E+00  0.00000000000000000E+00  6.55928979999999967E-02
6.96000000000002346E-03  0.00000000000000000E+00  0.00000000000000000E+00  4.95682403766338431E-01  0.00000000000000000E+00  0.00000000000000000E+00  0.00000000000000000E+00  6.55928979999999967E-02
7.00000000000003224E-03  0.00000000000000000E+00  0.00000000000000000E+00  4.98528580593405823E-01  0.00000000000000000E+00  0.00000000000000000E+00  0.00000000000000000E+00  6.55928979999999967E-02
7.04000000000002454E-03  0.00000000000000000E+00  0.00000000000000000E+00  5.01169606722137395E-01  0.00000000000000000E+00  0.00000000000000000E+00  0.00000000000000000E+00  6.55928979999999967E-02
7.08000000000002898E-03  0.00000000000000000E+00  0.00000000000000000E+00  5.03456160557868793E-01  0.00000000000000000E+00  0.00000000000000000E+00  0.00000000000000000E+00  6.55928979999999967E-02
7.12000000000003689E-03  0.00000000000000000E+00  0.00000000000000000E+00  5.06156711063769915E-01  0.00000000000000000E+00  0.00000000000000000E+00  0.00000000000000000E+00  6.55928979999999967E-02
7.16000000000002919E-03  0.00000000000000000E+00  0.00000000000000000E+00  5.08840089117120642E-01  0.00000000000000000E+00  0.00000000000000000E+00  0.00000000000000000E+00  6.55928979999999967E-02
7.20000000000003363E-03  0.00000000000000000E+00  0.00000000000000000E+00  5.11249536711266606E-01  0.00000000000000000E+00  0.00000000000000000E+00  0.00000000000000000E+00  6.69217871666666630E-02
7.24000000000002593E-03  0.00000000000000000E+00  0.00000000000000000E+00  5.13959626507847656E-01  0.00000000000000000E+00  0.00000000000000000E+00  0.00000000000000000E+00  6.69217871666666630E-02
7.28000000000003297E-03  0.00000000000000000E+00  0.00000000000000000E+00  5.16607642499543052E-01  0.00000000000000000E+00  0.00000000000000000E+00  0.00000000000000000E+00  6.69217871666666630E-02
7.32000000000002874E-03  0.00000000000000000E+00  0.00000000000000000E+00  5.19293144025582132E-01  0.00000000000000000E+00  0.00000000000000000E+00  0.00000000000000000E+00  6.69217871666666630E-02
7.36000000000003318E-03  0.00000000000000000E+00  0.00000000000000000E+00  5.22128383940890561E-01  0.00000000000000000E+00  0.00000000000000000E+00  0.00000000000000000E+00  6.69217871666666630E-02
7.40000000000003762E-03  0.00000000000000000E+00  0.00000000000000000E+00  5.24785100499262858E-01  0.00000000000000000E+00  0.00000000000000000E+00  0.00000000000000000E+00  6.55928979999999967E-02
7.44000000000003339E-03  0.00000000000000000E+00  0.00000000000000000E+00  5.27619028521643219E-01  0.00000000000000000E+00  0.00000000000000000E+00  0.00000000000000000E+00  6.55928979999999967E-02
7.48000000000004044E-03  0.00000000000000000E+00  0.00000000000000000E+00  5.30139172001887427E-01  0.00000000000000000E+00  0.00000000000000000E+00  0.00000000000000000E+00  6.55928979999999967E-02
7.52000000000003100E-03  0.00000000000000000E+00  0.00000000000000000E+00  5.32727705388848727E-01  0.00000000000000000E+00  0.00000000000000000E+00  0.00000000000000000E+00  6.55928979999999967E-02
7.56000000000003544E-03  0.00000000000000000E+00  0.00000000000000000E+00  5.35272388206812999E-01  0.00000000000000000E+00  0.00000000000000000E+00  0.00000000000000000E+00  6.55928979999999967E-02
7.60000000000003294E-03  0.00000000000000000E+00  0.00000000000000000E+00  5.37946253858924472E-01  0.00000000000000000E+00  0.00000000000000000E+00  0.00000000000000000E+00  6.55928979999999967E-02
7.64000000000003565E-03  0.00000000000000000E+00  0.00000000000000000E+00  5.40499787245197760E-01  0.00000000000000000E+00  0.00000000000000000E+00  0.00000000000000000E+00  6.55928979999999967E-02
7.68000000000003836E-03  0.00000000000000000E+00  0.00000000000000000E+00  5.42171221355170818E-01  0.00000000000000000E+00  0.00000000000000000E+00  0.00000000000000000E+00  6.55928979999999967E-02
7.72000000000003673E-03  0.00000000000000000E+00  0.00000000000000000E+00  5.44505323294186772E-01  0.00000000000000000E+00  0.00000000000000000E+00  0.00000000000000000E+00  6.69217871666666630E-02
7.76000000000004291E-03  0.00000000000000000E+00  0.00000000000000000E+00  5.47319026138976428E-01  0.00000000000000000E+00  0.00000000000000000E+00  0.00000000000000000E+00  6.69217871666666630E-02
7.80000000000003520E-03  0.00000000000000000E+00  0.00000000000000000E+00  5.49924617393192650E-01  0.00000000000000000E+00  0.00000000000000000E+00  0.00000000000000000E+00  6.55928979999999967E-02
7.84000000000004658E-03  0.00000000000000000E+00  0.00000000000000000E+00  5.52194064353383585E-01  0.00000000000000000E+00  0.00000000000000000E+00  0.00000000000000000E+00  6.69217871666666630E-02
7.88000000000005189E-03  0.00000000000000000E+00  0.00000000000000000E+00  5.54895840766763793E-01  0.00000000000000000E+00  0.00000000000000000E+00  0.00000000000000000E+00  6.69217871666666630E-02
7.92000000000004332E-03  0.00000000000000000E+00  0.00000000000000000E+00  5.57696402236546596E-01  0.00000000000000000E+00  0.00000000000000000E+00  0.00000000000000000E+00  6.69217871666666630E-02
7.96000000000004516E-03  0.00000000000000000E+00  0.00000000000000000E+00  5.60510593461515882E-01  0.00000000000000000E+00  0.00000000000000000E+00  0.00000000000000000E+00  6.69217871666666630E-02
8.00000000000005568E-03  0.00000000000000000E+00  0.00000000000000000E+00  5.63199694198507572E-01  0.00000000000000000E+00  0.00000000000000000E+00  0.00000000000000000E+00  6.69217871666666630E-02
8.00000000000005568E-03  0.00000000000000000E+00  0.00000000000000000E+00  5.63199669676118453E-01  0.00000000000000000E+00  0.00000000000000000E+00  0.00000000000000000E+00  6.69217871666666630E-02
8.04000000000004884E-03  0.00000000000000000E+00  0.00000000000000000E+00  5.65456100433952669E-01  0.00000000000000000E+00  0.00000000000000000E+00  0.00000000000000000E+00  6.69217871666666630E-02
8.08000000000005068E-03  0.00000000000000000E+00  0.00000000000000000E+00  5.68048473760407235E-01  0.00000000000000000E+00  0.00000000000000000E+00  0.00000000000000000E+00  6.69217871666666630E-02
8.12000000000005079E-03  0.00000000000000000E+00  0.00000000000000000E+00  5.70079721291185226E-01  0.00000000000000000E+00  0.00000000000000000E+00  0.00000000000000000E+00  6.69217871666666630E-02
8.16000000000005436E-03  0.00000000000000000E+00  0.00000000000000000E+00  5.72286315638015686E-01  0.00000000000000000E+00  0.00000000000000000E+00  0.00000000000000000E+00  6.69217871666666630E-02
8.20000000000005967E-03  0.00000000000000000E+00  0.00000000000000000E+00  5.74780955234582946E-01  0.00000000000000000E+00  0.00000000000000000E+00  0.00000000000000000E+00  6.69217871666666630E-02
8.24000000000005804E-03  0.00000000000000000E+00  0.00000000000000000E+00  5.77411403169947546E-01  0.00000000000000000E+00  0.00000000000000000E+00  0.00000000000000000E+00  6.55928979999999967E-02
8.28000000000006335E-03  0.00000000000000000E+00  0.00000000000000000E+00  5.80116234204964942E-01  0.00000000000000000E+00  0.00000000000000000E+00  0.00000000000000000E+00  6.55928979999999967E-02
8.32000000000005478E-03  0.00000000000000000E+00  0.00000000000000000E+00  5.82815825746421656E-01  0.00000000000000000E+00  0.00000000000000000E+00  0.00000000000000000E+00  6.55928979999999967E-02
8.36000000000005489E-03  0.00000000000000000E+00  0.00000000000000000E+00  5.85512677856147912E-01  0.00000000000000000E+00  0.00000000000000000E+00  0.00000000000000000E+00  6.55928979999999967E-02
8.40000000000005673E-03  0.00000000000000000E+00  0.00000000000000000E+00  5.87930662746346311E-01  0.00000000000000000E+00  0.00000000000000000E+00  0.00000000000000000E+00  6.69217871666666630E-02
8.44000000000006030E-03  0.00000000000000000E+00  0.00000000000000000E+00  5.90602675256566512E-01  0.00000000000000000E+00  0.00000000000000000E+00  0.00000000000000000E+00  6.69217871666666630E-02
8.48000000000006041E-03  0.00000000000000000E+00  0.00000000000000000E+00  5.93296503577000034E-01  0.00000000000000000E+00  0.00000000000000000E+00  0.00000000000000000E+00  6.69217871666666630E-02
8.52000000000006225E-03  0.00000000000000000E+00  0.00000000000000000E+00  5.95824215841954552E-01  0.00000000000000000E+00  0.00000000000000000E+00  0.00000000000000000E+00  6.69217871666666630E-02
8.56000000000006582E-03  0.00000000000000000E+00  0.00000000000000000E+00  5.98470651487207017E-01  0.00000000000000000E+00  0.00000000000000000E+00  0.00000000000000000E+00  6.69217871666666630E-02
8.60000000000005899E-03  0.00000000000000000E+00  0.00000000000000000E+00  6.00912001909938875E-01  0.00000000000000000E+00  0.00000000000000000E+00  0.00000000000000000E+00  6.69217871666666630E-02
8.64000000000005736E-03  0.00000000000000000E+00  0.00000000000000000E+00  6.03573447947650887E-01  0.00000000000000000E+00  0.00000000000000000E+00  0.00000000000000000E+00  6.69217871666666630E-02
8.68000000000006960E-03  0.00000000000000000E+00  0.00000000000000000E+00  6.05739564342808623E-01  0.00000000000000000E+00  0.00000000000000000E+00  0.00000000000000000E+00  6.69217871666666630E-02
8.72000000000006277E-03  0.00000000000000000E+00  0.00000000000000000E+00  6.08202659342172547E-01  0.00000000000000000E+00  0.00000000000000000E+00  0.00000000000000000E+00  6.69217871666666630E-02
8.76000000000006634E-03  0.00000000000000000E+00  0.00000000000000000E+00  6.10989703635506309E-01  0.00000000000000000E+00  0.00000000000000000E+00  0.00000000000000000E+00  6.69217871666666630E-02
8.80000000000006818E-03  0.00000000000000000E+00  0.00000000000000000E+00  6.13680728632804651E-01  0.00000000000000000E+00  0.00000000000000000E+00  0.00000000000000000E+00  6.69217871666666630E-02
8.84000000000006829E-03  0.00000000000000000E+00  0.00000000000000000E+00  6.16376717994959078E-01  0.00000000000000000E+00  0.00000000000000000E+00  0.00000000000000000E+00  6.69217871666666630E-02
8.88000000000006146E-03  0.00000000000000000E+00  0.00000000000000000E+00  6.19069702130629174E-01  0.00000000000000000E+00  0.00000000000000000E+00  0.00000000000000000E+00  6.69217871666666630E-02
8.92000000000007370E-03  0.00000000000000000E+00  0.00000000000000000E+00  6.21652506634552515E-01  0.00000000000000000E+00  0.00000000000000000E+00  0.00000000000000000E+00  6.69217871666666630E-02
8.96000000000007381E-03  0.00000000000000000E+00  0.00000000000000000E+00  6.24436797034052749E-01  0.00000000000000000E+00  0.00000000000000000E+00  0.00000000000000000E+00  6.69217871666666630E-02
9.00000000000006871E-03  0.00000000000000000E+00  0.00000000000000000E+00  6.27203796301677330E-01  0.00000000000000000E+00  0.00000000000000000E+00  0.00000000000000000E+00  6.69217871666666630E-02
9.04000000000006881E-03  0.00000000000000000E+00  0.00000000000000000E+00  6.29787908369302207E-01  0.00000000000000000E+00  0.00000000000000000E+00  0.00000000000000000E+00  6.69217871666666630E-02
9.08000000000007065E-03  0.00000000000000000E+00  0.00000000000000000E+00  6.32571387209935776E-01  0.00000000000000000E+00  0.00000000000000000E+00  0.00000000000000000E+00  6.69217871666666630E-02
9.12000000000007423E-03  0.00000000000000000E+00  0.00000000000000000E+00  6.35354846330552392E-01  0.00000000000000000E+00  0.00000000000000000E+00  0.00000000000000000E+00  6.69217871666666630E-02
9.16000000000007433E-03  0.00000000000000000E+00  0.00000000000000000E+00  6.37911997952681276E-01  0.00000000000000000E+00  0.00000000000000000E+00  0.00000000000000000E+00  6.42967611538461520E-02
9.20000000000007617E-03  0.00000000000000000E+00  0.00000000000000000E+00  6.40393154063169101E-01  0.00000000000000000E+00  0.00000000000000000E+00  0.00000000000000000E+00  6.42967611538461520E-02
9.24000000000007975E-03  0.00000000000000000E+00  0.00000000000000000E+00  6.43077207304375231E-01  0.00000000000000000E+00  0.00000000000000000E+00  0.00000000000000000E+00  6.42967611538461520E-02
9.28000000000007118E-03  0.00000000000000000E+00  0.00000000000000000E+00  6.45760562738465493E-01  0.00000000000000000E+00  0.00000000000000000E+00  0.00000000000000000E+00  6.42967611538461520E-02
9.32000000000008516E-03  0.00000000000000000E+00  0.00000000000000000E+00  6.48397512124691655E-01  0.00000000000000000E+00  0.00000000000000000E+00  0.00000000000000000E+00  6.42967611538461520E-02
9.36000000000007486E-03  0.00000000000000000E+00  0.00000000000000000E+00  6.50639238457064728E-01  0.00000000000000000E+00  0.00000000000000000E+00  0.00000000000000000E+00  6.42967611538461520E-02
9.40000000000007670E-03  0.00000000000000000E+00  0.00000000000000000E+00  6.53417768621370243E-01  0.00000000000000000E+00  0.00000000000000000E+00  0.00000000000000000E+00  6.42967611538461520E-02
9.44000000000007507E-03  0.00000000000000000E+00  0.00000000000000000E+00  6.56195898996378313E-01  0.00000000000000000E+00  0.00000000000000000E+00  0.00000000000000000E+00  6.42967611538461520E-02
9.48000000000008038E-03  0.00000000000000000E+00  0.00000000000000000E+00  6.58838537063195728E-01  0.00000000000000000E+00  0.00000000000000000E+00  0.00000000000000000E+00  6.42967611538461520E-02
9.52000000000008222E-03  0.00000000000000000E+00  0.00000000000000000E+00  6.61503572664494777E-01  0.00000000000000000E+00  0.00000000000000000E+00  0.00000000000000000E+00  6.42967611538461520E-02
9.56000000000007365E-03  0.00000000000000000E+00  0.00000000000000000E+00  6.64280686318071467E-01  0.00000000000000000E+00  0.00000000000000000E+00  0.00000000000000000E+00  6.42967611538461520E-02
9.60000000000007375E-03  0.00000000000000000E+00  0.00000000000000000E+00  6.67028882356714869E-01  0.00000000000000000E+00  0.00000000000000000E+00  0.00000000000000000E+00  6.42967611538461520E-02
9.64000000000008773E-03  0.00000000000000000E+00  0.00000000000000000E+00  6.69805323612826298E-01  0.00000000000000000E+00  0.00000000000000000E+00  0.00000000000000000E+00  6.42967611538461520E-02
9.68000000000007917E-03  0.00000000000000000E+00  0.00000000000000000E+00  6.72516999037626739E-01  0.00000000000000000E+00  0.00000000000000000E+00  0.00000000000000000E+00  6.42967611538461520E-02
9.72000000000007754E-03  0.00000000000000000E+00  0.00000000000000000E+00  6.75293417272554208E-01  0.00000000000000000E+00  0.00000000000000000E+00  0.00000000000000000E+00  6.42967611538461520E-02
9.76000000000008631E-03  0.00000000000000000E+00  0.00000000000000000E+00  6.78069832646568504E-01  0.00000000000000000E+00  0.00000000000000000E+00  0.00000000000000000E+00  6.42967611538461520E-02
9.80000000000008469E-03  0.00000000000000000E+00  0.00000000000000000E+00  6.80846248441931534E-01  0.00000000000000000E+00  0.00000000000000000E+00  0.00000000000000000E+00  6.42967611538461520E-02
9.84000000000007612E-03  0.00000000000000000E+00  0.00000000000000000E+00  6.83622706069759611E-01  0.00000000000000000E+00  0.00000000000000000E+00  0.00000000000000000E+00  6.42967611538461520E-02
9.88000000000009183E-03  0.00000000000000000E+00  0.00000000000000000E+00  6.85888702044386012E-01  0.00000000000000000E+00  0.00000000000000000E+00  0.00000000000000000E+00  6.42967611538461520E-02
9.92000000000009020E-03  0.00000000000000000E+00  0.00000000000000000E+00  6.88670862613934065E-01  0.00000000000000000E+00  0.00000000000000000E+00  0.00000000000000000E+00  6.42967611538461520E-02
9.96000000000008164E-03  0.00000000000000000E+00  0.00000000000000000E+00  6.91446003727000491E-01  0.00000000000000000E+00  0.00000000000000000E+00  0.00000000000000000E+00  6.30700942307692303E-02
