0.00000000000000000E+00  0.00000000000000000E+00  0.00000000000000000E+00  0.00000000000000000E+00  0.00000000000000000E+00  0.00000000000000000E+00  0.00000000000000000E+00  0.00000000000000000E+00
8.00000000000000608E-05  0.00000000000000000E+00  0.00000000000000000E+00  8.43846107893952563E-02  0.00000000000000000E+00  0.00000000000000000E+00  0.00000000000000000E+00  0.00000000000000000E+00
1.20000000000000030E-04  0.00000000000000000E+00  0.00000000000000000E+00  1.05716730649134213E-01  0.00000000000000000E+00  0.00000000000000000E+00  0.00000000000000000E+00  0.00000000000000000E+00
1.60000000000000338E-04  0.00000000000000000E+00  0.00000000000000000E+00  9.94288097871725701E-02  0.00000000000000000E+00  0.00000000000000000E+00  0.00000000000000000E+00  0.00000000000000000E+00
2.00000000000000470E-04  0.00000000000000000E+00  0.00000000000000000E+00  1.07737320099040704E-01  0.00000000000000000E+00  0.00000000000000000E+00  0.00000000000000000E+00  0.00000000000000000E+00
2.40000000000000440E-04  0.00000000000000000E+00  0.00000000000000000E+00  1.19079055393114169E-01  0.00000000000000000E+00  0.00000000000000000E+00  0.00000000000000000E+00  0.00000000000000000E+00
2.80000000000000518E-04  0.00000000000000000E+00  0.00000000000000000E+00  1.27974812192691134E-01  0.00000000000000000E+00  0.00000000000000000E+00  0.00000000000000000E+00  0.00000000000000000E+00
3.20000000000000406E-04  0.00000000000000000E+00  0.00000000000000000E+00  1.22298675843695470E-01  0.00000000000000000E+00  0.00000000000000000E+00  0.00000000000000000E+00  5.50094601967483993E-05
3.60000000000000511E-04  0.00000000000000000E+00  0.00000000000000000E+00  1.25213397416751970E-01  0.00000000000000000E+00  0.00000000000000000E+00  0.00000000000000000E+00  1.06594366743339883E-04
4.00000000000000670E-04  0.00000000000000000E+00  0.00000000000000000E+00  1.26917156008397286E-01  0.00000000000000000E+00  0.00000000000000000E+00  0.00000000000000000E+00  1.06594697632148206E-04
4.40000000000001046E-04  0.00000000000000000E+00  0.00000000000000000E+00  1.19942621193816615E-01  0.00000000000000000E+00  0.00000000000000000E+00  0.00000000000000000E+00  5.17880955598597412E-05
4.80000000000001151E-04  0.00000000000000000E+00  0.00000000000000000E+00  1.28695373011509212E-01  0.00000000000000000E+00  0.00000000000000000E+00  0.00000000000000000E+00  1.06187341702615576E-04
5.20000000000000063E-04  0.00000000000000000E+00  0.00000000000000000E+00  1.26973980478958776E-01  0.00000000000000000E+00  0.00000000000000000E+00  0.00000000000000000E+00  5.65856855773007956E-05
5.59999999999999300E-04  0.00000000000000000E+00  0.00000000000000000E+00  1.27822282168214979E-01  0.00000000000000000E+00  0.00000000000000000E+00  0.00000000000000000E+00  1.04826362926521737E-04
5.99999999999999731E-04  0.00000000000000000E+00  0.00000000000000000E+00  1.35579171345806743E-01  0.00000000000000000E+00  0.00000000000000000E+00  0.00000000000000000E+00  1.06131191439641975E-04
6.39999999999999402E-04  0.00000000000000000E+00  0.00000000000000000E+00  1.28908222383467330E-01  0.00000000000000000E+00  0.00000000000000000E+00  0.00000000000000000E+00  1.04093041570167319E-04
6.79999999999999940E-04  0.00000000000000000E+00  0.00000000000000000E+00  1.35554770868120344E-01  0.00000000000000000E+00  0.00000000000000000E+00  0.00000000000000000E+00  1.07653165099905109E-04
7.20000000000000913E-04  0.00000000000000000E+00  0.00000000000000000E+00  1.37254801722507730E-01  0.00000000000000000E+00  0.00000000000000000E+00  0.00000000000000000E+00  1.06989042991977737E-04
7.60000000000000367E-04  0.00000000000000000E+00  0.00000000000000000E+00  1.36317677694687361E-01  0.00000000000000000E+00  0.00000000000000000E+00  0.00000000000000000E+00  1.06429822583012780E-04
8.00000000000001231E-04  0.00000000000000000E+00  0.00000000000000000E+00  1.42967925034089172E-01  0.00000000000000000E+00  0.00000000000000000E+00  0.00000000000000000E+00  1.10032093552026863E-04
8.40000000000000469E-04  0.00000000000000000E+00  0.00000000000000000E+00  1.24566718362326967E-01  0.00000000000000000E+00  0.00000000000000000E+00  0.00000000000000000E+00  1.03619649987282583E-04
8.79999999999999598E-04  0.00000000000000000E+00  0.00000000000000000E+00  1.30094098498262839E-01  0.00000000000000000E+00  0.00000000000000000E+00  0.00000000000000000E+00  1.07191487005922823E-04
9.20000000000000245E-04  0.00000000000000000E+00  0.00000000000000000E+00  1.35776655531290175E-01  0.00000000000000000E+00  0.00000000000000000E+00  0.00000000000000000E+00  1.10627960128154278E-04
9.59999999999999591E-04  0.00000000000000000E+00  0.00000000000000000E+00  1.36478315527797128E-01  0.00000000000000000E+00  0.00000000000000000E+00  0.00000000000000000E+00  1.08641719139932193E-04
1.00000000000000024E-03  0.00000000000000000E+00  0.00000000000000000E+00  1.41806328017183209E-01  0.00000000000000000E+00  0.00000000000000000E+00  0.00000000000000000E+00  1.12900930212045703E-04
1.03999999999999861E-03  0.00000000000000000E+00  0.00000000000000000E+00  1.41589873896692531E-01  0.00000000000000000E+00  0.00000000000000000E+00  0.00000000000000000E+00  1.11019714558441187E-04
1.07999999999999785E-03  0.00000000000000000E+00  0.00000000000000000E+00  1.38027753592070368E-01  0.00000000000000000E+00  0.00000000000000000E+00  0.00000000000000000E+00  1.08555597137662864E-04
1.11999999999999817E-03  0.00000000000000000E+00  0.00000000000000000E+00  1.43094327819964617E-01  0.00000000000000000E+00  0.00000000000000000E+00  0.00000000000000000E+00  1.11252944056297517E-04
1.15999999999999892E-03  0.00000000000000000E+00  0.00000000000000000E+00  1.47653501017826400E-01  0.00000000000000000E+00  0.00000000000000000E+00  0.00000000000000000E+00  1.13323234188726732E-04
1.19999999999999903E-03  0.00000000000000000E+00  0.00000000000000000E+00  1.47867557312704623E-01  0.00000000000000000E+00  0.00000000000000000E+00  0.00000000000000000E+00  1.09069064749728320E-04
1.23999999999999827E-03  0.00000000000000000E+00  0.00000000000000000E+00  1.42585691015247179E-01  0.00000000000000000E+00  0.00000000000000000E+00  0.00000000000000000E+00  1.07655655079478223E-04
1.27999999999999815E-03  0.00000000000000000E+00  0.00000000000000000E+00  1.47085667316021768E-01  0.00000000000000000E+00  0.00000000000000000E+00  0.00000000000000000E+00  1.10310252395285775E-04
1.31999999999999934E-03  0.00000000000000000E+00  0.00000000000000000E+00  1.51529630246700769E-01  0.00000000000000000E+00  0.00000000000000000E+00  0.00000000000000000E+00  1.12244885123775778E-04
1.36000000000000725E-03  0.00000000000000000E+00  0.00000000000000000E+00  1.42803683272493515E-01  0.00000000000000000E+00  0.00000000000000000E+00  0.00000000000000000E+00  1.08221283313568412E-04
1.40000000000000736E-03  0.00000000000000000E+00  0.00000000000000000E+00  1.39880829579272753E-01  0.00000000000000000E+00  0.00000000000000000E+00  0.00000000000000000E+00  1.08311496469038244E-04
1.44000000000000876E-03  0.00000000000000000E+00  0.00000000000000000E+00  1.43841307947943753E-01  0.00000000000000000E+00  0.00000000000000000E+00  0.00000000000000000E+00  1.07878819746652692E-04
1.48000000000000887E-03  0.00000000000000000E+00  0.00000000000000000E+00  1.47444821950080324E-01  0.00000000000000000E+00  0.00000000000000000E+00  0.00000000000000000E+00  1.08415787249329336E-04
1.52000000000001418E-03  0.00000000000000000E+00  0.00000000000000000E+00  1.44588790078743867E-01  0.00000000000000000E+00  0.00000000000000000E+00  0.00000000000000000E+00  1.06522654253849672E-04
1.56000000000001320E-03  0.00000000000000000E+00  0.00000000000000000E+00  1.48364153287469713E-01  0.00000000000000000E+00  0.00000000000000000E+00  0.00000000000000000E+00  1.06690324330981583E-04
1.60000000000001287E-03  0.00000000000000000E+00  0.00000000000000000E+00  1.51662695052233620E-01  0.00000000000000000E+00  0.00000000000000000E+00  0.00000000000000000E+00  1.09340793069262964E-04
1.64000000000001471E-03  0.00000000000000000E+00  0.00000000000000000E+00  1.55005869363489729E-01  0.00000000000000000E+00  0.00000000000000000E+00  0.00000000000000000E+00  1.10950396504218415E-04
1.68000000000001438E-03  0.00000000000000000E+00  0.00000000000000000E+00  1.57999687508256409E-01  0.00000000000000000E+00  0.00000000000000000E+00  0.00000000000000000E+00  1.12935869560119509E-04
1.72000000000001340E-03  0.00000000000000000E+00  0.00000000000000000E+00  1.61021212090116689E-01  0.00000000000000000E+00  0.00000000000000000E+00  0.00000000000000000E+00  1.15253433197127911E-04
1.76000000000001307E-03  0.00000000000000000E+00  0.00000000000000000E+00  1.63769488508413330E-01  0.00000000000000000E+00  0.00000000000000000E+00  0.00000000000000000E+00  1.17082448852059621E-04
1.80000000000001491E-03  0.00000000000000000E+00  0.00000000000000000E+00  1.66077481488475176E-01  0.00000000000000000E+00  0.00000000000000000E+00  0.00000000000000000E+00  1.19416565607598853E-04
1.84000000000001437E-03  0.00000000000000000E+00  0.00000000000000000E+00  1.69060340820999050E-01  0.00000000000000000E+00  0.00000000000000000E+00  0.00000000000000000E+00  1.21885613187438653E-04
1.88000000000001447E-03  0.00000000000000000E+00  0.00000000000000000E+00  1.72087873376325362E-01  0.00000000000000000E+00  0.00000000000000000E+00  0.00000000000000000E+00  1.23734393602076189E-04
1.92000000000001306E-03  0.00000000000000000E+00  0.00000000000000000E+00  1.75068658627289209E-01  0.00000000000000000E+00  0.00000000000000000E+00  0.00000000000000000E+00  1.24006561376285591E-04
1.96000000000001555E-03  0.00000000000000000E+00  0.00000000000000000E+00  1.77343049473111691E-01  0.00000000000000000E+00  0.00000000000000000E+00  0.00000000000000000E+00  1.27228637443077173E-04
2.00000000000001435E-03  0.00000000000000000E+00  0.00000000000000000E+00  1.80364656646030214E-01  0.00000000000000000E+00  0.00000000000000000E+00  0.00000000000000000E+00  1.29593678822158699E-04
2.04000000000001402E-03  0.00000000000000000E+00  0.00000000000000000E+00  1.83413762309844436E-01  0.00000000000000000E+00  0.00000000000000000E+00  0.00000000000000000E+00  1.30947568874761986E-04
2.08000000000001283E-03  0.00000000000000000E+00  0.00000000000000000E+00  1.85208464510950216E-01  0.00000000000000000E+00  0.00000000000000000E+00  0.00000000000000000E+00  1.31270307899752171E-04
2.12000000000001207E-03  0.00000000000000000E+00  0.00000000000000000E+00  1.87939825511079933E-01  0.00000000000000000E+00  0.00000000000000000E+00  0.00000000000000000E+00  1.34183249866429914E-04
2.16000000000001087E-03  0.00000000000000000E+00  0.00000000000000000E+00  1.89944274891838960E-01  0.00000000000000000E+00  0.00000000000000000E+00  0.00000000000000000E+00  1.32061547165208997E-04
2.20000000000001184E-03  0.00000000000000000E+00  0.00000000000000000E+00  1.91587975009577693E-01  0.00000000000000000E+00  0.00000000000000000E+00  0.00000000000000000E+00  1.32166704750144549E-04
2.24000000000001108E-03  0.00000000000000000E+00  0.00000000000000000E+00  1.93944891283868381E-01  0.00000000000000000E+00  0.00000000000000000E+00  0.00000000000000000E+00  1.33230323438835905E-04
2.28000000000001292E-03  0.00000000000000000E+00  0.00000000000000000E+00  1.96152008338802558E-01  0.00000000000000000E+00  0.00000000000000000E+00  0.00000000000000000E+00  1.37305884585495511E-04
2.32000000000001172E-03  0.00000000000000000E+00  0.00000000000000000E+00  1.98294997251732830E-01  0.00000000000000000E+00  0.00000000000000000E+00  0.00000000000000000E+00  1.38877356758166661E-04
2.36000000000001096E-03  0.00000000000000000E+00  0.00000000000000000E+00  2.01071249189317763E-01  0.00000000000000000E+00  0.00000000000000000E+00  0.00000000000000000E+00  1.41040521970172913E-04
2.40000000000001193E-03  0.00000000000000000E+00  0.00000000000000000E+00  2.03245256592560486E-01  0.00000000000000000E+00  0.00000000000000000E+00  0.00000000000000000E+00  1.44051522079206113E-04
2.44000000000001117E-03  0.00000000000000000E+00  0.00000000000000000E+00  2.05600683440257975E-01  0.00000000000000000E+00  0.00000000000000000E+00  0.00000000000000000E+00  1.45186801687233582E-04
2.48000000000000954E-03  0.00000000000000000E+00  0.00000000000000000E+00  2.08269879645596984E-01  0.00000000000000000E+00  0.00000000000000000E+00  0.00000000000000000E+00  1.48016438738818822E-04
2.52000000000000878E-03  0.00000000000000000E+00  0.00000000000000000E+00  2.10533075441852846E-01  0.00000000000000000E+00  0.00000000000000000E+00  0.00000000000000000E+00  1.47522559999361608E-04
2.56000000000000715E-03  0.00000000000000000E+00  0.00000000000000000E+00  2.13356822468030699E-01  0.00000000000000000E+00  0.00000000000000000E+00  0.00000000000000000E+00  1.49737892867553215E-04
2.60000000000000639E-03  0.00000000000000000E+00  0.00000000000000000E+00  2.15401441726887827E-01  0.00000000000000000E+00  0.00000000000000000E+00  0.00000000000000000E+00  1.53715772839113033E-04
2.64000000000000692E-03  0.00000000000000000E+00  0.00000000000000000E+00  2.17302755458056746E-01  0.00000000000000000E+00  0.00000000000000000E+00  0.00000000000000000E+00  1.56191581050414566E-04
2.68000000000001093E-03  0.00000000000000000E+00  0.00000000000000000E+00  2.19939593844112019E-01  0.00000000000000000E+00  0.00000000000000000E+00  0.00000000000000000E+00  1.57074735876072257E-04
2.72000000000001017E-03  0.00000000000000000E+00  0.00000000000000000E+00  2.22659308641657339E-01  0.00000000000000000E+00  0.00000000000000000E+00  0.00000000000000000E+00  1.59202154550274432E-04
2.76000000000000897E-03  0.00000000000000000E+00  0.00000000000000000E+00  2.24810051620296353E-01  0.00000000000000000E+00  0.00000000000000000E+00  0.00000000000000000E+00  1.59864611400760707E-04
2.80000000000000951E-03  0.00000000000000000E+00  0.00000000000000000E+00  2.27246121414857644E-01  0.00000000000000000E+00  0.00000000000000000E+00  0.00000000000000000E+00  1.62525354689871176E-04
2.84000000000000875E-03  0.00000000000000000E+00  0.00000000000000000E+00  2.29648228811884514E-01  0.00000000000000000E+00  0.00000000000000000E+00  0.00000000000000000E+00  1.64686783562467502E-04
2.88000000000000799E-03  0.00000000000000000E+00  0.00000000000000000E+00  2.32177355357145732E-01  0.00000000000000000E+00  0.00000000000000000E+00  0.00000000000000000E+00  1.67455773290814359E-04
2.92000000000000636E-03  0.00000000000000000E+00  0.00000000000000000E+00  2.34847539296814678E-01  0.00000000000000000E+00  0.00000000000000000E+00  0.00000000000000000E+00  1.69457067861538140E-04
2.96000000000000516E-03  0.00000000000000000E+00  0.00000000000000000E+00  2.37624868563012903E-01  0.00000000000000000E+00  0.00000000000000000E+00  0.00000000000000000E+00  1.71616185423743340E-04
3.00000000000000397E-03  0.00000000000000000E+00  0.00000000000000000E+00  2.39942594414188165E-01  0.00000000000000000E+00  0.00000000000000000E+00  0.00000000000000000E+00  1.71588699345250057E-04
3.04000000000000407E-03  0.00000000000000000E+00  0.00000000000000000E+00  2.42533676688694327E-01  0.00000000000000000E+00  0.00000000000000000E+00  0.00000000000000000E+00  1.73909253810963327E-04
3.08000000000000331E-03  0.00000000000000000E+00  0.00000000000000000E+00  2.45581028781091032E-01  0.00000000000000000E+00  0.00000000000000000E+00  0.00000000000000000E+00  1.76142286318666267E-04
3.12000000000000775E-03  0.00000000000000000E+00  0.00000000000000000E+00  2.48468231595372402E-01  0.00000000000000000E+00  0.00000000000000000E+00  0.00000000000000000E+00  1.78442199218519946E-04
3.16000000000000872E-03  0.00000000000000000E+00  0.00000000000000000E+00  2.51063387741402133E-01  0.00000000000000000E+00  0.00000000000000000E+00  0.00000000000000000E+00  1.78165189367846043E-04
3.20000000000000753E-03  0.00000000000000000E+00  0.00000000000000000E+00  2.53757614968520617E-01  0.00000000000000000E+00  0.00000000000000000E+00  0.00000000000000000E+00  1.80583875425250576E-04
3.24000000000000633E-03  0.00000000000000000E+00  0.00000000000000000E+00  2.55780716301275302E-01  0.00000000000000000E+00  0.00000000000000000E+00  0.00000000000000000E+00  1.82007234426187644E-04
3.28000000000000557E-03  0.00000000000000000E+00  0.00000000000000000E+00  2.57667662366322769E-01  0.00000000000000000E+00  0.00000000000000000E+00  0.00000000000000000E+00  1.83632335788904853E-04
3.32000000000000437E-03  0.00000000000000000E+00  0.00000000000000000E+00  2.60546773763226658E-01  0.00000000000000000E+00  0.00000000000000000E+00  0.00000000000000000E+00  1.81167451529028423E-04
3.36000000000000448E-03  0.00000000000000000E+00  0.00000000000000000E+00  2.63533034569393976E-01  0.00000000000000000E+00  0.00000000000000000E+00  0.00000000000000000E+00  1.83376127224080352E-04
3.40000000000000285E-03  0.00000000000000000E+00  0.00000000000000000E+00  2.65813533959557202E-01  0.00000000000000000E+00  0.00000000000000000E+00  0.00000000000000000E+00  1.82767867558973710E-04
3.44000000000000208E-03  0.00000000000000000E+00  0.00000000000000000E+00  2.68287081224770463E-01  0.00000000000000000E+00  0.00000000000000000E+00  0.00000000000000000E+00  1.82926985587727564E-04
3.48000000000000696E-03  0.00000000000000000E+00  0.00000000000000000E+00  2.70952295397004606E-01  0.00000000000000000E+00  0.00000000000000000E+00  0.00000000000000000E+00  1.82936526024973740E-04
3.52000000000000620E-03  0.00000000000000000E+00  0.00000000000000000E+00  2.73752116598269146E-01  0.00000000000000000E+00  0.00000000000000000E+00  0.00000000000000000E+00  1.84161842389167171E-04
3.56000000000000674E-03  0.00000000000000000E+00  0.00000000000000000E+00  2.76332109018937844E-01  0.00000000000000000E+00  0.00000000000000000E+00  0.00000000000000000E+00  1.86299633642292512E-04
3.60000000000000511E-03  0.00000000000000000E+00  0.00000000000000000E+00  2.79288508068373797E-01  0.00000000000000000E+00  0.00000000000000000E+00  0.00000000000000000E+00  1.88417448596258578E-04
3.64000000000000348E-03  0.00000000000000000E+00  0.00000000000000000E+00  2.82223815844903692E-01  0.00000000000000000E+00  0.00000000000000000E+00  0.00000000000000000E+00  1.90494018034403163E-04
3.68000000000000445E-03  0.00000000000000000E+00  0.00000000000000000E+00  2.84768663288652468E-01  0.00000000000000000E+00  0.00000000000000000E+00  0.00000000000000000E+00  1.89396501703348476E-04
3.72000000000000195E-03  0.00000000000000000E+00  0.00000000000000000E+00  2.87661597166275929E-01  0.00000000000000000E+00  0.00000000000000000E+00  0.00000000000000000E+00  1.91503919040938227E-04
3.76000000000000336E-03  0.00000000000000000E+00  0.00000000000000000E+00  2.90283355204021154E-01  0.00000000000000000E+00  0.00000000000000000E+00  0.00000000000000000E+00  1.91449692411195982E-04
3.80000000000000693E-03  0.00000000000000000E+00  0.00000000000000000E+00  2.92998988689044726E-01  0.00000000000000000E+00  0.00000000000000000E+00  0.00000000000000000E+00  1.93591142714148696E-04
3.84000000000000704E-03  0.00000000000000000E+00  0.00000000000000000E+00  2.95416070663664099E-01  0.00000000000000000E+00  0.00000000000000000E+00  0.00000000000000000E+00  1.95600798334363065E-04
3.88000000000000454E-03  0.00000000000000000E+00  0.00000000000000000E+00  2.98282956254737441E-01  0.00000000000000000E+00  0.00000000000000000E+00  0.00000000000000000E+00  1.96603738388378491E-04
3.92000000000000594E-03  0.00000000000000000E+00  0.00000000000000000E+00  3.01142326765310553E-01  0.00000000000000000E+00  0.00000000000000000E+00  0.00000000000000000E+00  2.01219122876435575E-04
3.96000000000000258E-03  0.00000000000000000E+00  0.00000000000000000E+00  3.03816454989808138E-01  0.00000000000000000E+00  0.00000000000000000E+00  0.00000000000000000E+00  2.03372785643909904E-04
4.00000000000000442E-03  0.00000000000000000E+00  0.00000000000000000E+00  3.05933109505998169E-01  0.00000000000000000E+00  0.00000000000000000E+00  0.00000000000000000E+00  2.00412070214609563E-04
4.04000000000000626E-03  0.00000000000000000E+00  0.00000000000000000E+00  3.08661312710787561E-01  0.00000000000000000E+00  0.00000000000000000E+00  0.00000000000000000E+00  1.99724553386005776E-04
4.08000000000000983E-03  0.00000000000000000E+00  0.00000000000000000E+00  3.11094145286134771E-01  0.00000000000000000E+00  0.00000000000000000E+00  0.00000000000000000E+00  2.02228117496529178E-04
4.12000000000001167E-03  0.00000000000000000E+00  0.00000000000000000E+00  3.13469714997853810E-01  0.00000000000000000E+00  0.00000000000000000E+00  0.00000000000000000E+00  1.99183599575254592E-04
4.16000000000000831E-03  0.00000000000000000E+00  0.00000000000000000E+00  3.16361935452316057E-01  0.00000000000000000E+00  0.00000000000000000E+00  0.00000000000000000E+00  2.01092178783578862E-04
4.20000000000001015E-03  0.00000000000000000E+00  0.00000000000000000E+00  3.18616286826199469E-01  0.00000000000000000E+00  0.00000000000000000E+00  0.00000000000000000E+00  1.97781348432464422E-04
4.24000000000001112E-03  0.00000000000000000E+00  0.00000000000000000E+00  3.21595276240432215E-01  0.00000000000000000E+00  0.00000000000000000E+00  0.00000000000000000E+00  1.99649242745982697E-04
4.28000000000000862E-03  0.00000000000000000E+00  0.00000000000000000E+00  3.24359383825842118E-01  0.00000000000000000E+00  0.00000000000000000E+00  0.00000000000000000E+00  2.01529490841279989E-04
4.32000000000000960E-03  0.00000000000000000E+00  0.00000000000000000E+00  3.26741292713621567E-01  0.00000000000000000E+00  0.00000000000000000E+00  0.00000000000000000E+00  1.99760607613841537E-04
4.36000000000000536E-03  0.00000000000000000E+00  0.00000000000000000E+00  3.29361624150040833E-01  0.00000000000000000E+00  0.00000000000000000E+00  0.00000000000000000E+00  1.99133564242400950E-04
4.40000000000001154E-03  0.00000000000000000E+00  0.00000000000000000E+00  3.32044672095300974E-01  0.00000000000000000E+00  0.00000000000000000E+00  0.00000000000000000E+00  1.98449861753120696E-04
4.44000000000000818E-03  0.00000000000000000E+00  0.00000000000000000E+00  3.34685221571245306E-01  0.00000000000000000E+00  0.00000000000000000E+00  0.00000000000000000E+00  2.02308069975751893E-04
4.48000000000001088E-03  0.00000000000000000E+00  0.00000000000000000E+00  3.37425455095798632E-01  0.00000000000000000E+00  0.00000000000000000E+00  0.00000000000000000E+00  2.03866464194518357E-04
4.52000000000001359E-03  0.00000000000000000E+00  0.00000000000000000E+00  3.40311409008782706E-01  0.00000000000000000E+00  0.00000000000000000E+00  0.00000000000000000E+00  2.03346926573343199E-04
4.56000000000000936E-03  0.00000000000000000E+00  0.00000000000000000E+00  3.42867950234414354E-01  0.00000000000000000E+00  0.00000000000000000E+00  0.00000000000000000E+00  2.00465292413573972E-04
4.60000000000001207E-03  0.00000000000000000E+00  0.00000000000000000E+00  3.45377783394776483E-01  0.00000000000000000E+00  0.00000000000000000E+00  0.00000000000000000E+00  2.02389738223903587E-04
4.64000000000000870E-03  0.00000000000000000E+00  0.00000000000000000E+00  3.48372311353078390E-01  0.00000000000000000E+00  0.00000000000000000E+00  0.00000000000000000E+00  2.04145540559316633E-04
4.68000000000001488E-03  0.00000000000000000E+00  0.00000000000000000E+00  3.51297642623981554E-01  0.00000000000000000E+00  0.00000000000000000E+00  0.00000000000000000E+00  2.05893088475319968E-04
4.72000000000001151E-03  0.00000000000000000E+00  0.00000000000000000E+00  3.53813895233386244E-01  0.00000000000000000E+00  0.00000000000000000E+00  0.00000000000000000E+00  2.07567102894879791E-04
4.76000000000001335E-03  0.00000000000000000E+00  0.00000000000000000E+00  3.56804059232583515E-01  0.00000000000000000E+00  0.00000000000000000E+00  0.00000000000000000E+00  2.09321586137326226E-04
4.80000000000000912E-03  0.00000000000000000E+00  0.00000000000000000E+00  3.59717167898154722E-01  0.00000000000000000E+00  0.00000000000000000E+00  0.00000000000000000E+00  2.11044519371223459E-04
4.84000000000001183E-03  0.00000000000000000E+00  0.00000000000000000E+00  3.62651831650900147E-01  0.00000000000000000E+00  0.00000000000000000E+00  0.00000000000000000E+00  2.12713211014580844E-04
4.88000000000001540E-03  0.00000000000000000E+00  0.00000000000000000E+00  3.65087441786745348E-01  0.00000000000000000E+00  0.00000000000000000E+00  0.00000000000000000E+00  2.07112068835325317E-04
4.92000000000001030E-03  0.00000000000000000E+00  0.00000000000000000E+00  3.68074788114801654E-01  0.00000000000000000E+00  0.00000000000000000E+00  0.00000000000000000E+00  2.08809145105243589E-04
4.96000000000001735E-03  0.00000000000000000E+00  0.00000000000000000E+00  3.70263333836546915E-01  0.00000000000000000E+00  0.00000000000000000E+00  0.00000000000000000E+00  2.07034828459650176E-04
5.00000000000001138E-03  0.00000000000000000E+00  0.00000000000000000E+00  3.72994044239491562E-01  0.00000000000000000E+00  0.00000000000000000E+00  0.00000000000000000E+00  2.08802879059092673E-04
5.04000000000001582E-03  0.00000000000000000E+00  0.00000000000000000E+00  3.75472338916942205E-01  0.00000000000000000E+00  0.00000000000000000E+00  0.00000000000000000E+00  2.08500302613512020E-04
5.08000000000001072E-03  0.00000000000000000E+00  0.00000000000000000E+00  3.78272419640860835E-01  0.00000000000000000E+00  0.00000000000000000E+00  0.00000000000000000E+00  2.05931642807497786E-04
5.12000000000001430E-03  0.00000000000000000E+00  0.00000000000000000E+00  3.81166481425822656E-01  0.00000000000000000E+00  0.00000000000000000E+00  0.00000000000000000E+00  2.07602790539620293E-04
5.16000000000001700E-03  0.00000000000000000E+00  0.00000000000000000E+00  3.83986664978112402E-01  0.00000000000000000E+00  0.00000000000000000E+00  0.00000000000000000E+00  2.09241556162838370E-04
5.20000000000001104E-03  0.00000000000000000E+00  0.00000000000000000E+00  3.86412234694330170E-01  0.00000000000000000E+00  0.00000000000000000E+00  0.00000000000000000E+00  2.10723934957628308E-04
5.24000000000001548E-03  0.00000000000000000E+00  0.00000000000000000E+00  3.89333229143314308E-01  0.00000000000000000E+00  0.00000000000000000E+00  0.00000000000000000E+00  2.12351269026345906E-04
5.28000000000000951E-03  0.00000000000000000E+00  0.00000000000000000E+00  3.92195312876722546E-01  0.00000000000000000E+00  0.00000000000000000E+00  0.00000000000000000E+00  2.13929763299834435E-04
5.32000000000001656E-03  0.00000000000000000E+00  0.00000000000000000E+00  3.94301099991198223E-01  0.00000000000000000E+00  0.00000000000000000E+00  0.00000000000000000E+00  2.15593449131147916E-04
5.36000000000001232E-03  0.00000000000000000E+00  0.00000000000000000E+00  3.96932790215141107E-01  0.00000000000000000E+00  0.00000000000000000E+00  0.00000000000000000E+00  2.17160957240190476E-04
5.40000000000001503E-03  0.00000000000000000E+00  0.00000000000000000E+00  3.99416114912362730E-01  0.00000000000000000E+00  0.00000000000000000E+00  0.00000000000000000E+00  2.20614943878251544E-04
5.44000000000000906E-03  0.00000000000000000E+00  0.00000000000000000E+00  4.02035978862697430E-01  0.00000000000000000E+00  0.00000000000000000E+00  0.00000000000000000E+00  2.22191730239364692E-04
5.48000000000001351E-03  0.00000000000000000E+00  0.00000000000000000E+00  4.04187582994768202E-01  0.00000000000000000E+00  0.00000000000000000E+00  0.00000000000000000E+00  2.25304526611677750E-04
5.52000000000001795E-03  0.00000000000000000E+00  0.00000000000000000E+00  4.06878301232263817E-01  0.00000000000000000E+00  0.00000000000000000E+00  0.00000000000000000E+00  2.26009430315444516E-04
5.56000000000001632E-03  0.00000000000000000E+00  0.00000000000000000E+00  4.09605728488083465E-01  0.00000000000000000E+00  0.00000000000000000E+00  0.00000000000000000E+00  2.25131453254157564E-04
5.60000000000001903E-03  0.00000000000000000E+00  0.00000000000000000E+00  4.11903541624846603E-01  0.00000000000000000E+00  0.00000000000000000E+00  0.00000000000000000E+00  2.22776215687459154E-04
5.64000000000001479E-03  0.00000000000000000E+00  0.00000000000000000E+00  4.14843438191047409E-01  0.00000000000000000E+00  0.00000000000000000E+00  0.00000000000000000E+00  2.24367278026583582E-04
5.68000000000001750E-03  0.00000000000000000E+00  0.00000000000000000E+00  4.17480794528634125E-01  0.00000000000000000E+00  0.00000000000000000E+00  0.00000000000000000E+00  2.25899231865133294E-04
5.72000000000001240E-03  0.00000000000000000E+00  0.00000000000000000E+00  4.20418519169231453E-01  0.00000000000000000E+00  0.00000000000000000E+00  0.00000000000000000E+00  2.27490301620081456E-04
5.76000000000001598E-03  0.00000000000000000E+00  0.00000000000000000E+00  4.22567201733441422E-01  0.00000000000000000E+00  0.00000000000000000E+00  0.00000000000000000E+00  2.29024714982464870E-04
5.80000000000001955E-03  0.00000000000000000E+00  0.00000000000000000E+00  4.25500276483493534E-01  0.00000000000000000E+00  0.00000000000000000E+00  0.00000000000000000E+00  2.28026977829159645E-04
5.84000000000001272E-03  0.00000000000000000E+00  0.00000000000000000E+00  4.28074853353055285E-01  0.00000000000000000E+00  0.00000000000000000E+00  0.00000000000000000E+00  2.29742811894176249E-04
5.88000000000001802E-03  0.00000000000000000E+00  0.00000000000000000E+00  4.30482518052379970E-01  0.00000000000000000E+00  0.00000000000000000E+00  0.00000000000000000E+00  2.31409034772215130E-04
5.92000000000001466E-03  0.00000000000000000E+00  0.00000000000000000E+00  4.33203538581694858E-01  0.00000000000000000E+00  0.00000000000000000E+00  0.00000000000000000E+00  2.32956221139716602E-04
5.96000000000001997E-03  0.00000000000000000E+00  0.00000000000000000E+00  4.36091571992874849E-01  0.00000000000000000E+00  0.00000000000000000E+00  0.00000000000000000E+00  2.34531993604066057E-04
6.00000000000001314E-03  0.00000000000000000E+00  0.00000000000000000E+00  4.38309554348611574E-01  0.00000000000000000E+00  0.00000000000000000E+00  0.00000000000000000E+00  2.35714140617018883E-04
6.04000000000001844E-03  0.00000000000000000E+00  0.00000000000000000E+00  4.39972469791233556E-01  0.00000000000000000E+00  0.00000000000000000E+00  0.00000000000000000E+00  2.36539083977488449E-04
6.08000000000002202E-03  0.00000000000000000E+00  0.00000000000000000E+00  4.42697736033197731E-01  0.00000000000000000E+00  0.00000000000000000E+00  0.00000000000000000E+00  2.38100354652496377E-04
6.12000000000001518E-03  0.00000000000000000E+00  0.00000000000000000E+00  4.45168991116455970E-01  0.00000000000000000E+00  0.00000000000000000E+00  0.00000000000000000E+00  2.39389603045542438E-04
6.16000000000002049E-03  0.00000000000000000E+00  0.00000000000000000E+00  4.47756348784850822E-01  0.00000000000000000E+00  0.00000000000000000E+00  0.00000000000000000E+00  2.35402300688083380E-04
6.20000000000001366E-03  0.00000000000000000E+00  0.00000000000000000E+00  4.50024574353902640E-01  0.00000000000000000E+00  0.00000000000000000E+00  0.00000000000000000E+00  2.36879126837004881E-04
6.24000000000002070E-03  0.00000000000000000E+00  0.00000000000000000E+00  4.52683906694494098E-01  0.00000000000000000E+00  0.00000000000000000E+00  0.00000000000000000E+00  2.38527715149741823E-04
6.28000000000001474E-03  0.00000000000000000E+00  0.00000000000000000E+00  4.55235501315565672E-01  0.00000000000000000E+00  0.00000000000000000E+00  0.00000000000000000E+00  2.39557709172292990E-04
6.32000000000001918E-03  0.00000000000000000E+00  0.00000000000000000E+00  4.57685452704717444E-01  0.00000000000000000E+00  0.00000000000000000E+00  0.00000000000000000E+00  2.38229315447647291E-04
6.36000000000002449E-03  0.00000000000000000E+00  0.00000000000000000E+00  4.59866100884837870E-01  0.00000000000000000E+00  0.00000000000000000E+00  0.00000000000000000E+00  2.42704166243214940E-04
6.40000000000001765E-03  0.00000000000000000E+00  0.00000000000000000E+00  4.62296457036917297E-01  0.00000000000000000E+00  0.00000000000000000E+00  0.00000000000000000E+00  2.45003849513330543E-04
6.44000000000002296E-03  0.00000000000000000E+00  0.00000000000000000E+00  4.64575433978910268E-01  0.00000000000000000E+00  0.00000000000000000E+00  0.00000000000000000E+00  2.46845705538559581E-04
6.48000000000001526E-03  0.00000000000000000E+00  0.00000000000000000E+00  4.66940344546678099E-01  0.00000000000000000E+00  0.00000000000000000E+00  0.00000000000000000E+00  2.52019015855167792E-04
6.52000000000002404E-03  0.00000000000000000E+00  0.00000000000000000E+00  4.69412894493137667E-01  0.00000000000000000E+00  0.00000000000000000E+00  0.00000000000000000E+00  2.53765648340762513E-04
6.56000000000001721E-03  0.00000000000000000E+00  0.00000000000000000E+00  4.72095210794072462E-01  0.00000000000000000E+00  0.00000000000000000E+00  0.00000000000000000E+00  2.55315183240513357E-04
6.60000000000002252E-03  0.00000000000000000E+00  0.00000000000000000E+00  4.74646745342970577E-01  0.00000000000000000E+00  0.00000000000000000E+00  0.00000000000000000E+00  2.54089793687378880E-04
6.64000000000002782E-03  0.00000000000000000E+00  0.00000000000000000E+00  4.76750637778665554E-01  0.00000000000000000E+00  0.00000000000000000E+00  0.00000000000000000E+00  2.51368833564540929E-04
6.68000000000002012E-03  0.00000000000000000E+00  0.00000000000000000E+00  4.79225529273904882E-01  0.00000000000000000E+00  0.00000000000000000E+00  0.00000000000000000E+00  2.52906425373546561E-04
6.72000000000002630E-03  0.00000000000000000E+00  0.00000000000000000E+00  4.81502352910120945E-01  0.00000000000000000E+00  0.00000000000000000E+00  0.00000000000000000E+00  2.54873942025836539E-04
6.76000000000001860E-03  0.00000000000000000E+00  0.00000000000000000E+00  4.84082895844429040E-01  0.00000000000000000E+00  0.00000000000000000E+00  0.00000000000000000E+00  2.56691752597870660E-04
6.80000000000002651E-03  0.00000000000000000E+00  0.00000000000000000E+00  4.86313144699902444E-01  0.00000000000000000E+00  0.00000000000000000E+00  0.00000000000000000E+00  2.55862975000603783E-04
6.84000000000001968E-03  0.00000000000000000E+00  0.00000000000000000E+00  4.89172516906055954E-01  0.00000000000000000E+00  0.00000000000000000E+00  0.00000000000000000E+00  2.57440659900467768E-04
6.88000000000002412E-03  0.00000000000000000E+00  0.00000000000000000E+00  4.91258656751328293E-01  0.00000000000000000E+00  0.00000000000000000E+00  0.00000000000000000E+00  2.57990463475736131E-04
6.92000000000003029E-03  0.00000000000000000E+00  0.00000000000000000E+00  4.94016664765956348E-01  0.00000000000000000E+00  0.00000000000000000E+00  0.00000000000000000E+00  2.59532148918951858E-04
6.96000000000002346E-03  0.00000000000000000E+00  0.00000000000000000E+00  4.96387831515123334E-01  0.00000000000000000E+00  0.00000000000000000E+00  0.00000000000000000E+00  2.61201555929181889E-04
7.00000000000002790E-03  0.00000000000000000E+00  0.00000000000000000E+00  4.98499620001828958E-01  0.00000000000000000E+00  0.00000000000000000E+00  0.00000000000000000E+00  2.61892281727326478E-04
7.04000000000002454E-03  0.00000000000000000E+00  0.00000000000000000E+00  5.00370468787385891E-01  0.00000000000000000E+00  0.00000000000000000E+00  0.00000000000000000E+00  2.62355371429110102E-04
7.08000000000002898E-03  0.00000000000000000E+00  0.00000000000000000E+00  5.03091707930909182E-01  0.00000000000000000E+00  0.00000000000000000E+00  0.00000000000000000E+00  2.63906530119412618E-04
7.12000000000002301E-03  0.00000000000000000E+00  0.00000000000000000E+00  5.05640217092733213E-01  0.00000000000000000E+00  0.00000000000000000E+00  0.00000000000000000E+00  2.61522143156176184E-04
7.16000000000002919E-03  0.00000000000000000E+00  0.00000000000000000E+00  5.07996838567814302E-01  0.00000000000000000E+00  0.00000000000000000E+00  0.00000000000000000E+00  2.60182974510712981E-04
7.20000000000003363E-03  0.00000000000000000E+00  0.00000000000000000E+00  5.10650414877790060E-01  0.00000000000000000E+00  0.00000000000000000E+00  0.00000000000000000E+00  2.64515461935147466E-04
7.24000000000002593E-03  0.00000000000000000E+00  0.00000000000000000E+00  5.13352627090885472E-01  0.00000000000000000E+00  0.00000000000000000E+00  0.00000000000000000E+00  2.65502132323062318E-04
7.28000000000003297E-03  0.00000000000000000E+00  0.00000000000000000E+00  5.16024576339912389E-01  0.00000000000000000E+00  0.00000000000000000E+00  0.00000000000000000E+00  2.64426526374740838E-04
7.32000000000002874E-03  0.00000000000000000E+00  0.00000000000000000E+00  5.18090229123912005E-01  0.00000000000000000E+00  0.00000000000000000E+00  0.00000000000000000E+00  2.68691186638616447E-04
7.36000000000003145E-03  0.00000000000000000E+00  0.00000000000000000E+00  5.20503142485123971E-01  0.00000000000000000E+00  0.00000000000000000E+00  0.00000000000000000E+00  2.67460069699509040E-04
7.40000000000003762E-03  0.00000000000000000E+00  0.00000000000000000E+00  5.23147400189672429E-01  0.00000000000000000E+00  0.00000000000000000E+00  0.00000000000000000E+00  2.68828197888490569E-04
7.44000000000003339E-03  0.00000000000000000E+00  0.00000000000000000E+00  5.25648132072979335E-01  0.00000000000000000E+00  0.00000000000000000E+00  0.00000000000000000E+00  2.72258394743033285E-04
7.48000000000004044E-03  0.00000000000000000E+00  0.00000000000000000E+00  5.27995922371121029E-01  0.00000000000000000E+00  0.00000000000000000E+00  0.00000000000000000E+00  2.70774198089508656E-04
7.52000000000003273E-03  0.00000000000000000E+00  0.00000000000000000E+00  5.30816531837547401E-01  0.00000000000000000E+00  0.00000000000000000E+00  0.00000000000000000E+00  2.72217961032215992E-04
7.56000000000003544E-03  0.00000000000000000E+00  0.00000000000000000E+00  5.33445206011774031E-01  0.00000000000000000E+00  0.00000000000000000E+00  0.00000000000000000E+00  2.73619212853112642E-04
7.60000000000004509E-03  0.00000000000000000E+00  0.00000000000000000E+00  5.35899332254986538E-01  0.00000000000000000E+00  0.00000000000000000E+00  0.00000000000000000E+00  2.71373002570888210E-04
7.64000000000003739E-03  0.00000000000000000E+00  0.00000000000000000E+00  5.38463725893506107E-01  0.00000000000000000E+00  0.00000000000000000E+00  0.00000000000000000E+00  2.73065718393533750E-04
7.68000000000004009E-03  0.00000000000000000E+00  0.00000000000000000E+00  5.40960777792803493E-01  0.00000000000000000E+00  0.00000000000000000E+00  0.00000000000000000E+00  2.74442079576465384E-04
7.72000000000003673E-03  0.00000000000000000E+00  0.00000000000000000E+00  5.43648400974399704E-01  0.00000000000000000E+00  0.00000000000000000E+00  0.00000000000000000E+00  2.75729617246883978E-04
7.76000000000004291E-03  0.00000000000000000E+00  0.00000000000000000E+00  5.46171041841730265E-01  0.00000000000000000E+00  0.00000000000000000E+00  0.00000000000000000E+00  2.77091381294640373E-04
7.80000000000003520E-03  0.00000000000000000E+00  0.00000000000000000E+00  5.48846987748264792E-01  0.00000000000000000E+00  0.00000000000000000E+00  0.00000000000000000E+00  2.78485254960391423E-04
7.84000000000003618E-03  0.00000000000000000E+00  0.00000000000000000E+00  5.51320939989487502E-01  0.00000000000000000E+00  0.00000000000000000E+00  0.00000000000000000E+00  2.79877256849449686E-04
7.88000000000003455E-03  0.00000000000000000E+00  0.00000000000000000E+00  5.54060568970903944E-01  0.00000000000000000E+00  0.00000000000000000E+00  0.00000000000000000E+00  2.78396327330127612E-04
7.92000000000003812E-03  0.00000000000000000E+00  0.00000000000000000E+00  5.56614728633823441E-01  0.00000000000000000E+00  0.00000000000000000E+00  0.00000000000000000E+00  2.79754228323648838E-04
7.96000000000004169E-03  0.00000000000000000E+00  0.00000000000000000E+00  5.58847190299765151E-01  0.00000000000000000E+00  0.00000000000000000E+00  0.00000000000000000E+00  2.81024217211732540E-04
8.00000000000004007E-03  0.00000000000000000E+00  0.00000000000000000E+00  5.61366039721149290E-01  0.00000000000000000E+00  0.00000000000000000E+00  0.00000000000000000E+00  2.82459403793615610E-04
8.00000000000004007E-03  0.00000000000000000E+00  0.00000000000000000E+00  5.61366039548397144E-01  0.00000000000000000E+00  0.00000000000000000E+00  0.00000000000000000E+00  2.82459403824442405E-04
8.04000000000004537E-03  0.00000000000000000E+00  0.00000000000000000E+00  5.64050804265638805E-01  0.00000000000000000E+00  0.00000000000000000E+00  0.00000000000000000E+00  2.84008681247283447E-04
8.08000000000003681E-03  0.00000000000000000E+00  0.00000000000000000E+00  5.66495502317369226E-01  0.00000000000000000E+00  0.00000000000000000E+00  0.00000000000000000E+00  2.85412955728780863E-04
8.12000000000004038E-03  0.00000000000000000E+00  0.00000000000000000E+00  5.68912878821509205E-01  0.00000000000000000E+00  0.00000000000000000E+00  0.00000000000000000E+00  2.86878036904536407E-04
8.16000000000004916E-03  0.00000000000000000E+00  0.00000000000000000E+00  5.71685100928619683E-01  0.00000000000000000E+00  0.00000000000000000E+00  0.00000000000000000E+00  2.88293963782758963E-04
8.20000000000004232E-03  0.00000000000000000E+00  0.00000000000000000E+00  5.73932701277314883E-01  0.00000000000000000E+00  0.00000000000000000E+00  0.00000000000000000E+00  2.89873580002694589E-04
8.24000000000004763E-03  0.00000000000000000E+00  0.00000000000000000E+00  5.76614140196255787E-01  0.00000000000000000E+00  0.00000000000000000E+00  0.00000000000000000E+00  2.91263873753180857E-04
8.28000000000004600E-03  0.00000000000000000E+00  0.00000000000000000E+00  5.79120575902923429E-01  0.00000000000000000E+00  0.00000000000000000E+00  0.00000000000000000E+00  2.92670057049538841E-04
8.32000000000004958E-03  0.00000000000000000E+00  0.00000000000000000E+00  5.81813386402530330E-01  0.00000000000000000E+00  0.00000000000000000E+00  0.00000000000000000E+00  2.94087966816607084E-04
8.36000000000005142E-03  0.00000000000000000E+00  0.00000000000000000E+00  5.84352130203008691E-01  0.00000000000000000E+00  0.00000000000000000E+00  0.00000000000000000E+00  2.95546134731722353E-04
8.40000000000005326E-03  0.00000000000000000E+00  0.00000000000000000E+00  5.86886215851185056E-01  0.00000000000000000E+00  0.00000000000000000E+00  0.00000000000000000E+00  2.96864227379254675E-04
8.44000000000005683E-03  0.00000000000000000E+00  0.00000000000000000E+00  5.89520859166354438E-01  0.00000000000000000E+00  0.00000000000000000E+00  0.00000000000000000E+00  2.98278800544636352E-04
8.48000000000004826E-03  0.00000000000000000E+00  0.00000000000000000E+00  5.92311417957843811E-01  0.00000000000000000E+00  0.00000000000000000E+00  0.00000000000000000E+00  2.99693853621729039E-04
8.52000000000004837E-03  0.00000000000000000E+00  0.00000000000000000E+00  5.95089973215019774E-01  0.00000000000000000E+00  0.00000000000000000E+00  0.00000000000000000E+00  3.01104103012532758E-04
8.56000000000005021E-03  0.00000000000000000E+00  0.00000000000000000E+00  5.97682166752137367E-01  0.00000000000000000E+00  0.00000000000000000E+00  0.00000000000000000E+00  3.02510370694652358E-04
8.60000000000005205E-03  0.00000000000000000E+00  0.00000000000000000E+00  6.00430672414924427E-01  0.00000000000000000E+00  0.00000000000000000E+00  0.00000000000000000E+00  3.03897165373557968E-04
8.64000000000005389E-03  0.00000000000000000E+00  0.00000000000000000E+00  6.02815040911721667E-01  0.00000000000000000E+00  0.00000000000000000E+00  0.00000000000000000E+00  3.05309076840024930E-04
8.68000000000005573E-03  0.00000000000000000E+00  0.00000000000000000E+00  6.05455839375729443E-01  0.00000000000000000E+00  0.00000000000000000E+00  0.00000000000000000E+00  3.06768646550727793E-04
8.72000000000005930E-03  0.00000000000000000E+00  0.00000000000000000E+00  6.08217177358183925E-01  0.00000000000000000E+00  0.00000000000000000E+00  0.00000000000000000E+00  3.08135277653186809E-04
8.76000000000005073E-03  0.00000000000000000E+00  0.00000000000000000E+00  6.11004069250039805E-01  0.00000000000000000E+00  0.00000000000000000E+00  0.00000000000000000E+00  3.09551945011564693E-04
8.80000000000005084E-03  0.00000000000000000E+00  0.00000000000000000E+00  6.13618979303477974E-01  0.00000000000000000E+00  0.00000000000000000E+00  0.00000000000000000E+00  3.10969566394769976E-04
8.84000000000006309E-03  0.00000000000000000E+00  0.00000000000000000E+00  6.16405060094481927E-01  0.00000000000000000E+00  0.00000000000000000E+00  0.00000000000000000E+00  3.12381260006940379E-04
8.88000000000005625E-03  0.00000000000000000E+00  0.00000000000000000E+00  6.19191326233836437E-01  0.00000000000000000E+00  0.00000000000000000E+00  0.00000000000000000E+00  3.13799181267866516E-04
8.92000000000005636E-03  0.00000000000000000E+00  0.00000000000000000E+00  6.14279120174949567E-01  0.00000000000000000E+00  0.00000000000000000E+00  0.00000000000000000E+00  3.67318782886016373E-04
8.96000000000005820E-03  0.00000000000000000E+00  0.00000000000000000E+00  6.17033516600445586E-01  0.00000000000000000E+00  0.00000000000000000E+00  0.00000000000000000E+00  3.68674488973301398E-04
9.00000000000005830E-03  0.00000000000000000E+00  0.00000000000000000E+00  6.19691519672959212E-01  0.00000000000000000E+00  0.00000000000000000E+00  0.00000000000000000E+00  3.70050881814463161E-04
9.04000000000004973E-03  0.00000000000000000E+00  0.00000000000000000E+00  6.22335802370066693E-01  0.00000000000000000E+00  0.00000000000000000E+00  0.00000000000000000E+00  3.71431651323185790E-04
9.08000000000005331E-03  0.00000000000000000E+00  0.00000000000000000E+00  6.25089186819169917E-01  0.00000000000000000E+00  0.00000000000000000E+00  0.00000000000000000E+00  3.72799620967798171E-04
9.12000000000005515E-03  0.00000000000000000E+00  0.00000000000000000E+00  6.27842571375585634E-01  0.00000000000000000E+00  0.00000000000000000E+00  0.00000000000000000E+00  3.74171330981464749E-04
9.16000000000005699E-03  0.00000000000000000E+00  0.00000000000000000E+00  6.30595819119347811E-01  0.00000000000000000E+00  0.00000000000000000E+00  0.00000000000000000E+00  3.75546769033136853E-04
9.20000000000005883E-03  0.00000000000000000E+00  0.00000000000000000E+00  6.33348941327578241E-01  0.00000000000000000E+00  0.00000000000000000E+00  0.00000000000000000E+00  3.76925795773621979E-04
9.24000000000006066E-03  0.00000000000000000E+00  0.00000000000000000E+00  6.36102010241233806E-01  0.00000000000000000E+00  0.00000000000000000E+00  0.00000000000000000E+00  3.78308173365012176E-04
9.28000000000006424E-03  0.00000000000000000E+00  0.00000000000000000E+00  6.38855125822900383E-01  0.00000000000000000E+00  0.00000000000000000E+00  0.00000000000000000E+00  3.79693612174955000E-04
9.32000000000005567E-03  0.00000000000000000E+00  0.00000000000000000E+00  6.41560705159878175E-01  0.00000000000000000E+00  0.00000000000000000E+00  0.00000000000000000E+00  3.81055835632513045E-04
9.36000000000005578E-03  0.00000000000000000E+00  0.00000000000000000E+00  6.44313500042399179E-01  0.00000000000000000E+00  0.00000000000000000E+00  0.00000000000000000E+00  3.82447261264133598E-04
9.40000000000006802E-03  0.00000000000000000E+00  0.00000000000000000E+00  6.46968770442638008E-01  0.00000000000000000E+00  0.00000000000000000E+00  0.00000000000000000E+00  3.83841013326725357E-04
9.44000000000006119E-03  0.00000000000000000E+00  0.00000000000000000E+00  6.49721020057297260E-01  0.00000000000000000E+00  0.00000000000000000E+00  0.00000000000000000E+00  3.85238150812901162E-04
9.48000000000006129E-03  0.00000000000000000E+00  0.00000000000000000E+00  6.52473111785418114E-01  0.00000000000000000E+00  0.00000000000000000E+00  0.00000000000000000E+00  3.86637930436592849E-04
9.52000000000006487E-03  0.00000000000000000E+00  0.00000000000000000E+00  6.54947897712638727E-01  0.00000000000000000E+00  0.00000000000000000E+00  0.00000000000000000E+00  3.86439632574054259E-04
9.56000000000006671E-03  0.00000000000000000E+00  0.00000000000000000E+00  6.57698709491137179E-01  0.00000000000000000E+00  0.00000000000000000E+00  0.00000000000000000E+00  3.87838234949732625E-04
9.60000000000005814E-03  0.00000000000000000E+00  0.00000000000000000E+00  6.60449811030402900E-01  0.00000000000000000E+00  0.00000000000000000E+00  0.00000000000000000E+00  3.89240349237062128E-04
9.64000000000007212E-03  0.00000000000000000E+00  0.00000000000000000E+00  6.63170833111424551E-01  0.00000000000000000E+00  0.00000000000000000E+00  0.00000000000000000E+00  3.90632901153362567E-04
9.68000000000007223E-03  0.00000000000000000E+00  0.00000000000000000E+00  6.65921749742323987E-01  0.00000000000000000E+00  0.00000000000000000E+00  0.00000000000000000E+00  3.92039336318013700E-04
9.72000000000006366E-03  0.00000000000000000E+00  0.00000000000000000E+00  6.68672557186588468E-01  0.00000000000000000E+00  0.00000000000000000E+00  0.00000000000000000E+00  3.93447927662450656E-04
9.76000000000006550E-03  0.00000000000000000E+00  0.00000000000000000E+00  6.71403280694107485E-01  0.00000000000000000E+00  0.00000000000000000E+00  0.00000000000000000E+00  3.94864545681300689E-04
9.80000000000007081E-03  0.00000000000000000E+00  0.00000000000000000E+00  6.74154094330615572E-01  0.00000000000000000E+00  0.00000000000000000E+00  0.00000000000000000E+00  3.96276930621701322E-04
9.84000000000006918E-03  0.00000000000000000E+00  0.00000000000000000E+00  6.76904673878199525E-01  0.00000000000000000E+00  0.00000000000000000E+00  0.00000000000000000E+00  3.97691298203312396E-04
9.88000000000007102E-03  0.00000000000000000E+00  0.00000000000000000E+00  6.79655383950716896E-01  0.00000000000000000E+00  0.00000000000000000E+00  0.00000000000000000E+00  3.99107274575255706E-04
9.92000000000007633E-03  0.00000000000000000E+00  0.00000000000000000E+00  6.82406047928890480E-01  0.00000000000000000E+00  0.00000000000000000E+00  0.00000000000000000E+00  4.00524972107204117E-04
9.96000000000007817E-03  0.00000000000000000E+00  0.00000000000000000E+00  6.84771528406262098E-01  0.00000000000000000E+00  0.00000000000000000E+00  0.00000000000000000E+00  4.70810382444421293E-04
