0.00000000000000000E+00  0.00000000000000000E+00  0.00000000000000000E+00  0.00000000000000000E+00  0.00000000000000000E+00  0.00000000000000000E+00  0.00000000000000000E+00  0.00000000000000000E+00
8.00000000000000608E-05  0.00000000000000000E+00  0.00000000000000000E+00  8.43846107893952563E-02  0.00000000000000000E+00  0.00000000000000000E+00  0.00000000000000000E+00  0.00000000000000000E+00
1.20000000000000220E-04  0.00000000000000000E+00  0.00000000000000000E+00  1.14235259456539007E-01  0.00000000000000000E+00  0.00000000000000000E+00  0.00000000000000000E+00  0.00000000000000000E+00
1.60000000000000338E-04  0.00000000000000000E+00  0.00000000000000000E+00  1.09245769476369298E-01  0.00000000000000000E+00  0.00000000000000000E+00  0.00000000000000000E+00  0.00000000000000000E+00
2.00000000000000443E-04  0.00000000000000000E+00  0.00000000000000000E+00  1.12350233252185780E-01  0.00000000000000000E+00  0.00000000000000000E+00  0.00000000000000000E+00  0.00000000000000000E+00
2.40000000000000440E-04  0.00000000000000000E+00  0.00000000000000000E+00  1.18039065240154270E-01  0.00000000000000000E+00  0.00000000000000000E+00  0.00000000000000000E+00  5.30972083555434271E-05
2.80000000000000192E-04  0.00000000000000000E+00  0.00000000000000000E+00  1.17946371728088112E-01  0.00000000000000000E+00  0.00000000000000000E+00  0.00000000000000000E+00  1.17677289309950296E-04
3.20000000000000297E-04  0.00000000000000000E+00  0.00000000000000000E+00  1.18585451378116449E-01  0.00000000000000000E+00  0.00000000000000000E+00  0.00000000000000000E+00  1.17464880317403526E-04
3.59999999999999589E-04  0.00000000000000000E+00  0.00000000000000000E+00  1.22046419478434934E-01  0.00000000000000000E+00  0.00000000000000000E+00  0.00000000000000000E+00  1.18814027396511212E-04
4.00000000000000670E-04  0.00000000000000000E+00  0.00000000000000000E+00  1.23076697263701143E-01  0.00000000000000000E+00  0.00000000000000000E+00  0.00000000000000000E+00  1.23115111461059948E-04
4.40000000000001154E-04  0.00000000000000000E+00  0.00000000000000000E+00  1.27907234020604582E-01  0.00000000000000000E+00  0.00000000000000000E+00  0.00000000000000000E+00  1.34129944151321011E-04
4.80000000000001367E-04  0.00000000000000000E+00  0.00000000000000000E+00  1.28988552401404583E-01  0.00000000000000000E+00  0.00000000000000000E+00  0.00000000000000000E+00  1.30071390543224220E-04
5.20000000000001039E-04  0.00000000000000000E+00  0.00000000000000000E+00  1.24651581325336838E-01  0.00000000000000000E+00  0.00000000000000000E+00  0.00000000000000000E+00  1.22860371935186642E-04
5.60000000000001360E-04  0.00000000000000000E+00  0.00000000000000000E+00  1.30221480739521445E-01  0.00000000000000000E+00  0.00000000000000000E+00  0.00000000000000000E+00  1.28924406424978783E-04
6.00000000000002116E-04  0.00000000000000000E+00  0.00000000000000000E+00  1.30533844803747412E-01  0.00000000000000000E+00  0.00000000000000000E+00  0.00000000000000000E+00  1.24231153516583082E-04
6.40000000000001787E-04  0.00000000000000000E+00  0.00000000000000000E+00  1.38214531227288051E-01  0.00000000000000000E+00  0.00000000000000000E+00  0.00000000000000000E+00  1.24385654323639781E-04
6.79999999999997555E-04  0.00000000000000000E+00  0.00000000000000000E+00  1.25067786578993562E-01  0.00000000000000000E+00  0.00000000000000000E+00  0.00000000000000000E+00  1.23108606796630494E-04
7.19999999999998311E-04  0.00000000000000000E+00  0.00000000000000000E+00  1.31040229896644211E-01  0.00000000000000000E+00  0.00000000000000000E+00  0.00000000000000000E+00  1.24775710128608136E-04
7.59999999999997114E-04  0.00000000000000000E+00  0.00000000000000000E+00  1.32981779089839380E-01  0.00000000000000000E+00  0.00000000000000000E+00  0.00000000000000000E+00  1.29423115259997900E-04
7.99999999999998412E-04  0.00000000000000000E+00  0.00000000000000000E+00  1.38885486064510122E-01  0.00000000000000000E+00  0.00000000000000000E+00  0.00000000000000000E+00  1.28517475809836955E-04
8.39999999999997216E-04  0.00000000000000000E+00  0.00000000000000000E+00  1.41788627885750695E-01  0.00000000000000000E+00  0.00000000000000000E+00  0.00000000000000000E+00  1.28846357017375142E-04
8.79999999999998622E-04  0.00000000000000000E+00  0.00000000000000000E+00  1.42359728159303034E-01  0.00000000000000000E+00  0.00000000000000000E+00  0.00000000000000000E+00  1.23869836503065630E-04
9.19999999999997426E-04  0.00000000000000000E+00  0.00000000000000000E+00  1.38305889960274125E-01  0.00000000000000000E+00  0.00000000000000000E+00  0.00000000000000000E+00  1.21139221714058063E-04
9.59999999999997856E-04  0.00000000000000000E+00  0.00000000000000000E+00  1.44239507826014746E-01  0.00000000000000000E+00  0.00000000000000000E+00  0.00000000000000000E+00  1.23736012173347558E-04
9.99999999999998069E-04  0.00000000000000000E+00  0.00000000000000000E+00  1.40300583646474269E-01  0.00000000000000000E+00  0.00000000000000000E+00  0.00000000000000000E+00  1.21343479698596702E-04
1.03999999999999514E-03  0.00000000000000000E+00  0.00000000000000000E+00  1.39860517825549202E-01  0.00000000000000000E+00  0.00000000000000000E+00  0.00000000000000000E+00  1.26678284661322531E-04
1.07999999999999546E-03  0.00000000000000000E+00  0.00000000000000000E+00  1.45189303297246497E-01  0.00000000000000000E+00  0.00000000000000000E+00  0.00000000000000000E+00  1.23600959394930764E-04
1.11999999999999578E-03  0.00000000000000000E+00  0.00000000000000000E+00  1.49954407989976501E-01  0.00000000000000000E+00  0.00000000000000000E+00  0.00000000000000000E+00  1.27872010912696350E-04
1.15999999999998721E-03  0.00000000000000000E+00  0.00000000000000000E+00  1.41277875960904326E-01  0.00000000000000000E+00  0.00000000000000000E+00  0.00000000000000000E+00  1.22704847658916728E-04
1.19999999999998602E-03  0.00000000000000000E+00  0.00000000000000000E+00  1.45936772604170567E-01  0.00000000000000000E+00  0.00000000000000000E+00  0.00000000000000000E+00  1.26912065066735061E-04
1.23999999999998656E-03  0.00000000000000000E+00  0.00000000000000000E+00  1.48502797918559276E-01  0.00000000000000000E+00  0.00000000000000000E+00  0.00000000000000000E+00  1.28057227373954514E-04
1.27999999999999468E-03  0.00000000000000000E+00  0.00000000000000000E+00  1.42726780256587055E-01  0.00000000000000000E+00  0.00000000000000000E+00  0.00000000000000000E+00  1.21715978450099882E-04
1.31999999999999457E-03  0.00000000000000000E+00  0.00000000000000000E+00  1.47022542729044831E-01  0.00000000000000000E+00  0.00000000000000000E+00  0.00000000000000000E+00  1.25661053244353860E-04
1.35999999999999381E-03  0.00000000000000000E+00  0.00000000000000000E+00  1.48328769816384987E-01  0.00000000000000000E+00  0.00000000000000000E+00  0.00000000000000000E+00  1.26117202630560740E-04
1.39999999999999370E-03  0.00000000000000000E+00  0.00000000000000000E+00  1.52406018830963302E-01  0.00000000000000000E+00  0.00000000000000000E+00  0.00000000000000000E+00  1.29734808022906534E-04
1.43999999999999510E-03  0.00000000000000000E+00  0.00000000000000000E+00  1.55415091056129939E-01  0.00000000000000000E+00  0.00000000000000000E+00  0.00000000000000000E+00  1.32259022889303431E-04
1.48000000000000193E-03  0.00000000000000000E+00  0.00000000000000000E+00  1.48747498848735255E-01  0.00000000000000000E+00  0.00000000000000000E+00  0.00000000000000000E+00  1.24853359947771532E-04
1.52000000000000095E-03  0.00000000000000000E+00  0.00000000000000000E+00  1.52693962427859570E-01  0.00000000000000000E+00  0.00000000000000000E+00  0.00000000000000000E+00  1.26475860346129487E-04
1.56000000000000062E-03  0.00000000000000000E+00  0.00000000000000000E+00  1.56463050209668803E-01  0.00000000000000000E+00  0.00000000000000000E+00  0.00000000000000000E+00  1.23926564829971266E-04
1.60000000000000225E-03  0.00000000000000000E+00  0.00000000000000000E+00  1.59545344872462053E-01  0.00000000000000000E+00  0.00000000000000000E+00  0.00000000000000000E+00  1.27421554438621139E-04
1.64000000000000408E-03  0.00000000000000000E+00  0.00000000000000000E+00  1.50565326163280527E-01  0.00000000000000000E+00  0.00000000000000000E+00  0.00000000000000000E+00  1.26309097490321276E-04
1.68000000000000614E-03  0.00000000000000000E+00  0.00000000000000000E+00  1.54132656771615223E-01  0.00000000000000000E+00  0.00000000000000000E+00  0.00000000000000000E+00  1.29198234714775548E-04
1.72000000000000581E-03  0.00000000000000000E+00  0.00000000000000000E+00  1.57613360839278821E-01  0.00000000000000000E+00  0.00000000000000000E+00  0.00000000000000000E+00  1.26347192765721532E-04
1.76000000000000505E-03  0.00000000000000000E+00  0.00000000000000000E+00  1.61161268410908443E-01  0.00000000000000000E+00  0.00000000000000000E+00  0.00000000000000000E+00  1.27145156239881143E-04
1.80000000000000385E-03  0.00000000000000000E+00  0.00000000000000000E+00  1.63645756982806506E-01  0.00000000000000000E+00  0.00000000000000000E+00  0.00000000000000000E+00  1.28392063943944147E-04
1.84000000000000331E-03  0.00000000000000000E+00  0.00000000000000000E+00  1.66926733001939942E-01  0.00000000000000000E+00  0.00000000000000000E+00  0.00000000000000000E+00  1.29488858568525822E-04
1.88000000000000558E-03  0.00000000000000000E+00  0.00000000000000000E+00  1.69797386245052140E-01  0.00000000000000000E+00  0.00000000000000000E+00  0.00000000000000000E+00  1.30715410257929081E-04
1.92000000000000460E-03  0.00000000000000000E+00  0.00000000000000000E+00  1.72736239208692327E-01  0.00000000000000000E+00  0.00000000000000000E+00  0.00000000000000000E+00  1.30362521339598306E-04
1.96000000000000384E-03  0.00000000000000000E+00  0.00000000000000000E+00  1.75753496038249774E-01  0.00000000000000000E+00  0.00000000000000000E+00  0.00000000000000000E+00  1.31674607039328309E-04
2.00000000000000351E-03  0.00000000000000000E+00  0.00000000000000000E+00  1.78617569671498055E-01  0.00000000000000000E+00  0.00000000000000000E+00  0.00000000000000000E+00  1.34184654098891697E-04
2.04000000000000535E-03  0.00000000000000000E+00  0.00000000000000000E+00  1.80957578655254969E-01  0.00000000000000000E+00  0.00000000000000000E+00  0.00000000000000000E+00  1.33837570714476423E-04
2.08000000000000459E-03  0.00000000000000000E+00  0.00000000000000000E+00  1.83100731707744546E-01  0.00000000000000000E+00  0.00000000000000000E+00  0.00000000000000000E+00  1.37380121453963466E-04
2.12000000000000599E-03  0.00000000000000000E+00  0.00000000000000000E+00  1.85847686869677065E-01  0.00000000000000000E+00  0.00000000000000000E+00  0.00000000000000000E+00  1.38011092012501029E-04
2.16000000000000480E-03  0.00000000000000000E+00  0.00000000000000000E+00  1.87946289194829835E-01  0.00000000000000000E+00  0.00000000000000000E+00  0.00000000000000000E+00  1.40637726095125420E-04
2.20000000000000577E-03  0.00000000000000000E+00  0.00000000000000000E+00  1.90465675963040648E-01  0.00000000000000000E+00  0.00000000000000000E+00  0.00000000000000000E+00  1.40242705413633813E-04
2.24000000000000544E-03  0.00000000000000000E+00  0.00000000000000000E+00  1.93355740757866323E-01  0.00000000000000000E+00  0.00000000000000000E+00  0.00000000000000000E+00  1.40528031355239592E-04
2.28000000000000425E-03  0.00000000000000000E+00  0.00000000000000000E+00  1.95771297573852809E-01  0.00000000000000000E+00  0.00000000000000000E+00  0.00000000000000000E+00  1.38393646378472829E-04
2.32000000000000305E-03  0.00000000000000000E+00  0.00000000000000000E+00  1.98179639128741064E-01  0.00000000000000000E+00  0.00000000000000000E+00  0.00000000000000000E+00  1.39129315358695689E-04
2.36000000000000229E-03  0.00000000000000000E+00  0.00000000000000000E+00  2.00862500268424393E-01  0.00000000000000000E+00  0.00000000000000000E+00  0.00000000000000000E+00  1.41344837855310963E-04
2.40000000000000369E-03  0.00000000000000000E+00  0.00000000000000000E+00  2.03265370537258905E-01  0.00000000000000000E+00  0.00000000000000000E+00  0.00000000000000000E+00  1.44165994757690851E-04
2.44000000000000250E-03  0.00000000000000000E+00  0.00000000000000000E+00  2.05979872495408056E-01  0.00000000000000000E+00  0.00000000000000000E+00  0.00000000000000000E+00  1.46049185838157563E-04
2.48000000000000520E-03  0.00000000000000000E+00  0.00000000000000000E+00  2.08311345984837692E-01  0.00000000000000000E+00  0.00000000000000000E+00  0.00000000000000000E+00  1.45748904226921787E-04
2.52000000000000487E-03  0.00000000000000000E+00  0.00000000000000000E+00  2.10794563698031234E-01  0.00000000000000000E+00  0.00000000000000000E+00  0.00000000000000000E+00  1.48214984723719776E-04
2.56000000000000541E-03  0.00000000000000000E+00  0.00000000000000000E+00  2.12316176548790675E-01  0.00000000000000000E+00  0.00000000000000000E+00  0.00000000000000000E+00  1.51457173996411812E-04
2.60000000000000378E-03  0.00000000000000000E+00  0.00000000000000000E+00  2.14336120085542176E-01  0.00000000000000000E+00  0.00000000000000000E+00  0.00000000000000000E+00  1.54391595637559491E-04
2.64000000000000389E-03  0.00000000000000000E+00  0.00000000000000000E+00  2.16702758754610564E-01  0.00000000000000000E+00  0.00000000000000000E+00  0.00000000000000000E+00  1.56823168965656949E-04
2.68000000000000226E-03  0.00000000000000000E+00  0.00000000000000000E+00  2.19300863615994268E-01  0.00000000000000000E+00  0.00000000000000000E+00  0.00000000000000000E+00  1.53709388552803513E-04
2.72000000000000410E-03  0.00000000000000000E+00  0.00000000000000000E+00  2.21266340720511712E-01  0.00000000000000000E+00  0.00000000000000000E+00  0.00000000000000000E+00  1.55674001320993784E-04
2.76000000000000290E-03  0.00000000000000000E+00  0.00000000000000000E+00  2.23447076324434918E-01  0.00000000000000000E+00  0.00000000000000000E+00  0.00000000000000000E+00  1.53987304794958493E-04
2.80000000000000648E-03  0.00000000000000000E+00  0.00000000000000000E+00  2.25404315134909800E-01  0.00000000000000000E+00  0.00000000000000000E+00  0.00000000000000000E+00  1.56862318719920590E-04
2.84000000000000571E-03  0.00000000000000000E+00  0.00000000000000000E+00  2.28133641018813810E-01  0.00000000000000000E+00  0.00000000000000000E+00  0.00000000000000000E+00  1.59264645629108225E-04
2.88000000000000625E-03  0.00000000000000000E+00  0.00000000000000000E+00  2.30784959253787919E-01  0.00000000000000000E+00  0.00000000000000000E+00  0.00000000000000000E+00  1.61752466062875880E-04
2.92000000000000549E-03  0.00000000000000000E+00  0.00000000000000000E+00  2.33538281174694440E-01  0.00000000000000000E+00  0.00000000000000000E+00  0.00000000000000000E+00  1.60225682914334950E-04
2.96000000000000386E-03  0.00000000000000000E+00  0.00000000000000000E+00  2.35470731887987228E-01  0.00000000000000000E+00  0.00000000000000000E+00  0.00000000000000000E+00  1.66013762091771861E-04
3.00000000000000310E-03  0.00000000000000000E+00  0.00000000000000000E+00  2.38407747848464080E-01  0.00000000000000000E+00  0.00000000000000000E+00  0.00000000000000000E+00  1.68161601186420150E-04
3.04000000000000234E-03  0.00000000000000000E+00  0.00000000000000000E+00  2.40948112241097356E-01  0.00000000000000000E+00  0.00000000000000000E+00  0.00000000000000000E+00  1.70349170442869432E-04
3.08000000000000244E-03  0.00000000000000000E+00  0.00000000000000000E+00  2.43013942138737227E-01  0.00000000000000000E+00  0.00000000000000000E+00  0.00000000000000000E+00  1.73175504644919299E-04
3.12000000000000168E-03  0.00000000000000000E+00  0.00000000000000000E+00  2.45796207172772396E-01  0.00000000000000000E+00  0.00000000000000000E+00  0.00000000000000000E+00  1.73044486469586611E-04
3.16000000000000655E-03  0.00000000000000000E+00  0.00000000000000000E+00  2.48586372376502801E-01  0.00000000000000000E+00  0.00000000000000000E+00  0.00000000000000000E+00  1.75290840586191782E-04
3.20000000000000492E-03  0.00000000000000000E+00  0.00000000000000000E+00  2.51358294184150510E-01  0.00000000000000000E+00  0.00000000000000000E+00  0.00000000000000000E+00  1.77895219847713239E-04
3.24000000000000590E-03  0.00000000000000000E+00  0.00000000000000000E+00  2.53669236972853485E-01  0.00000000000000000E+00  0.00000000000000000E+00  0.00000000000000000E+00  1.80298362824308155E-04
3.28000000000000470E-03  0.00000000000000000E+00  0.00000000000000000E+00  2.56159019411637101E-01  0.00000000000000000E+00  0.00000000000000000E+00  0.00000000000000000E+00  1.82407227337775196E-04
3.32000000000000394E-03  0.00000000000000000E+00  0.00000000000000000E+00  2.58901451583596509E-01  0.00000000000000000E+00  0.00000000000000000E+00  0.00000000000000000E+00  1.84574492717828057E-04
3.36000000000000231E-03  0.00000000000000000E+00  0.00000000000000000E+00  2.61739683715123461E-01  0.00000000000000000E+00  0.00000000000000000E+00  0.00000000000000000E+00  1.86646971812085450E-04
3.40000000000000068E-03  0.00000000000000000E+00  0.00000000000000000E+00  2.63191256077100477E-01  0.00000000000000000E+00  0.00000000000000000E+00  0.00000000000000000E+00  1.79763292598283079E-04
3.43999999999999948E-03  0.00000000000000000E+00  0.00000000000000000E+00  2.66195631409042122E-01  0.00000000000000000E+00  0.00000000000000000E+00  0.00000000000000000E+00  1.81860104739285764E-04
3.47999999999999785E-03  0.00000000000000000E+00  0.00000000000000000E+00  2.67968714290373444E-01  0.00000000000000000E+00  0.00000000000000000E+00  0.00000000000000000E+00  1.83014630323982794E-04
3.51999999999999839E-03  0.00000000000000000E+00  0.00000000000000000E+00  2.70553663672860045E-01  0.00000000000000000E+00  0.00000000000000000E+00  0.00000000000000000E+00  1.84874582819399749E-04
3.55999999999999676E-03  0.00000000000000000E+00  0.00000000000000000E+00  2.73140263256810956E-01  0.00000000000000000E+00  0.00000000000000000E+00  0.00000000000000000E+00  1.87027685050980444E-04
3.59999999999999513E-03  0.00000000000000000E+00  0.00000000000000000E+00  2.75895758806006086E-01  0.00000000000000000E+00  0.00000000000000000E+00  0.00000000000000000E+00  1.89069863635935026E-04
3.64000000000000131E-03  0.00000000000000000E+00  0.00000000000000000E+00  2.78795020613916145E-01  0.00000000000000000E+00  0.00000000000000000E+00  0.00000000000000000E+00  1.91198579832245539E-04
3.67999999999999881E-03  0.00000000000000000E+00  0.00000000000000000E+00  2.81512455111942339E-01  0.00000000000000000E+00  0.00000000000000000E+00  0.00000000000000000E+00  1.93282481194072758E-04
3.71999999999999892E-03  0.00000000000000000E+00  0.00000000000000000E+00  2.84261965271371764E-01  0.00000000000000000E+00  0.00000000000000000E+00  0.00000000000000000E+00  1.95239432734524340E-04
3.75999999999999772E-03  0.00000000000000000E+00  0.00000000000000000E+00  2.86729610991995676E-01  0.00000000000000000E+00  0.00000000000000000E+00  0.00000000000000000E+00  2.00280435279757984E-04
3.79999999999999696E-03  0.00000000000000000E+00  0.00000000000000000E+00  2.89269749349615968E-01  0.00000000000000000E+00  0.00000000000000000E+00  0.00000000000000000E+00  1.99054610262781059E-04
3.83999999999999793E-03  0.00000000000000000E+00  0.00000000000000000E+00  2.91799017058786192E-01  0.00000000000000000E+00  0.00000000000000000E+00  0.00000000000000000E+00  2.04014584367857030E-04
3.87999999999999543E-03  0.00000000000000000E+00  0.00000000000000000E+00  2.94295178428873427E-01  0.00000000000000000E+00  0.00000000000000000E+00  0.00000000000000000E+00  2.01357955431821865E-04
3.91999999999999640E-03  0.00000000000000000E+00  0.00000000000000000E+00  2.96994132233900587E-01  0.00000000000000000E+00  0.00000000000000000E+00  0.00000000000000000E+00  2.03985761363244077E-04
3.95999999999999477E-03  0.00000000000000000E+00  0.00000000000000000E+00  2.99489713753668285E-01  0.00000000000000000E+00  0.00000000000000000E+00  0.00000000000000000E+00  2.06022284523132851E-04
4.00000000000000008E-03  0.00000000000000000E+00  0.00000000000000000E+00  3.02132615567538343E-01  0.00000000000000000E+00  0.00000000000000000E+00  0.00000000000000000E+00  2.05731352098448934E-04
4.03999999999999759E-03  0.00000000000000000E+00  0.00000000000000000E+00  3.04535707412183831E-01  0.00000000000000000E+00  0.00000000000000000E+00  0.00000000000000000E+00  2.07544832920510873E-04
4.07999999999999943E-03  0.00000000000000000E+00  0.00000000000000000E+00  3.06937268661836682E-01  0.00000000000000000E+00  0.00000000000000000E+00  0.00000000000000000E+00  2.07154392169602648E-04
4.12000000000000127E-03  0.00000000000000000E+00  0.00000000000000000E+00  3.09335973239069417E-01  0.00000000000000000E+00  0.00000000000000000E+00  0.00000000000000000E+00  2.08473999476301453E-04
4.15999999999999790E-03  0.00000000000000000E+00  0.00000000000000000E+00  3.12196163873466437E-01  0.00000000000000000E+00  0.00000000000000000E+00  0.00000000000000000E+00  2.07291632218529472E-04
4.19999999999999974E-03  0.00000000000000000E+00  0.00000000000000000E+00  3.14648999873453683E-01  0.00000000000000000E+00  0.00000000000000000E+00  0.00000000000000000E+00  2.05675859442954357E-04
4.23999999999999724E-03  0.00000000000000000E+00  0.00000000000000000E+00  3.17494914706234033E-01  0.00000000000000000E+00  0.00000000000000000E+00  0.00000000000000000E+00  2.07606156828222735E-04
4.28000000000000255E-03  0.00000000000000000E+00  0.00000000000000000E+00  3.19889340731977501E-01  0.00000000000000000E+00  0.00000000000000000E+00  0.00000000000000000E+00  2.08292452341843836E-04
4.32000000000000092E-03  0.00000000000000000E+00  0.00000000000000000E+00  3.22702575544071280E-01  0.00000000000000000E+00  0.00000000000000000E+00  0.00000000000000000E+00  2.10185116737037891E-04
4.36000000000000189E-03  0.00000000000000000E+00  0.00000000000000000E+00  3.25580852605053650E-01  0.00000000000000000E+00  0.00000000000000000E+00  0.00000000000000000E+00  2.06733863953548419E-04
4.39999999999999766E-03  0.00000000000000000E+00  0.00000000000000000E+00  3.28421792206629259E-01  0.00000000000000000E+00  0.00000000000000000E+00  0.00000000000000000E+00  2.08668945342182480E-04
4.44000000000000037E-03  0.00000000000000000E+00  0.00000000000000000E+00  3.30841197857650537E-01  0.00000000000000000E+00  0.00000000000000000E+00  0.00000000000000000E+00  2.09228848792225087E-04
4.48000000000000134E-03  0.00000000000000000E+00  0.00000000000000000E+00  3.33427298239590664E-01  0.00000000000000000E+00  0.00000000000000000E+00  0.00000000000000000E+00  2.11222234068225690E-04
4.51999999999999885E-03  0.00000000000000000E+00  0.00000000000000000E+00  3.36373268900405697E-01  0.00000000000000000E+00  0.00000000000000000E+00  0.00000000000000000E+00  2.10417012509838476E-04
4.55999999999999982E-03  0.00000000000000000E+00  0.00000000000000000E+00  3.39011598546911763E-01  0.00000000000000000E+00  0.00000000000000000E+00  0.00000000000000000E+00  2.12233475267307808E-04
4.59999999999999559E-03  0.00000000000000000E+00  0.00000000000000000E+00  3.41971225821184166E-01  0.00000000000000000E+00  0.00000000000000000E+00  0.00000000000000000E+00  2.11560058907625455E-04
4.64000000000000263E-03  0.00000000000000000E+00  0.00000000000000000E+00  3.44683897847470111E-01  0.00000000000000000E+00  0.00000000000000000E+00  0.00000000000000000E+00  2.13477880445506353E-04
4.67999999999999840E-03  0.00000000000000000E+00  0.00000000000000000E+00  3.47482216948123535E-01  0.00000000000000000E+00  0.00000000000000000E+00  0.00000000000000000E+00  2.15276921492873086E-04
4.72000000000000110E-03  0.00000000000000000E+00  0.00000000000000000E+00  3.49706282518282674E-01  0.00000000000000000E+00  0.00000000000000000E+00  0.00000000000000000E+00  2.15464964184130359E-04
4.75999999999999687E-03  0.00000000000000000E+00  0.00000000000000000E+00  3.52375646079676197E-01  0.00000000000000000E+00  0.00000000000000000E+00  0.00000000000000000E+00  2.17481778268788283E-04
4.79999999999999784E-03  0.00000000000000000E+00  0.00000000000000000E+00  3.55093146540392479E-01  0.00000000000000000E+00  0.00000000000000000E+00  0.00000000000000000E+00  2.19231514713427332E-04
4.84000000000000055E-03  0.00000000000000000E+00  0.00000000000000000E+00  3.58041284646525293E-01  0.00000000000000000E+00  0.00000000000000000E+00  0.00000000000000000E+00  2.18161906711002694E-04
4.87999999999999632E-03  0.00000000000000000E+00  0.00000000000000000E+00  3.60840244862662862E-01  0.00000000000000000E+00  0.00000000000000000E+00  0.00000000000000000E+00  2.19973613241097757E-04
4.91999999999999816E-03  0.00000000000000000E+00  0.00000000000000000E+00  3.63748330295347755E-01  0.00000000000000000E+00  0.00000000000000000E+00  0.00000000000000000E+00  2.21745624562397052E-04
4.95999999999999479E-03  0.00000000000000000E+00  0.00000000000000000E+00  3.66500713375647824E-01  0.00000000000000000E+00  0.00000000000000000E+00  0.00000000000000000E+00  2.23516629269109143E-04
5.00000000000000184E-03  0.00000000000000000E+00  0.00000000000000000E+00  3.68915663930002635E-01  0.00000000000000000E+00  0.00000000000000000E+00  0.00000000000000000E+00  2.20416701766678756E-04
5.03999999999999587E-03  0.00000000000000000E+00  0.00000000000000000E+00  3.71472032768340787E-01  0.00000000000000000E+00  0.00000000000000000E+00  0.00000000000000000E+00  2.21603901458631929E-04
5.08000000000000031E-03  0.00000000000000000E+00  0.00000000000000000E+00  3.74380675441502886E-01  0.00000000000000000E+00  0.00000000000000000E+00  0.00000000000000000E+00  2.20811400575944658E-04
5.11999999999999521E-03  0.00000000000000000E+00  0.00000000000000000E+00  3.76886117231614082E-01  0.00000000000000000E+00  0.00000000000000000E+00  0.00000000000000000E+00  2.19580702913580621E-04
5.15999999999999792E-03  0.00000000000000000E+00  0.00000000000000000E+00  3.79750337705234531E-01  0.00000000000000000E+00  0.00000000000000000E+00  0.00000000000000000E+00  2.21238027171243484E-04
5.20000000000000150E-03  0.00000000000000000E+00  0.00000000000000000E+00  3.82226964432986760E-01  0.00000000000000000E+00  0.00000000000000000E+00  0.00000000000000000E+00  2.26202150355301235E-04
5.23999999999999553E-03  0.00000000000000000E+00  0.00000000000000000E+00  3.85127166945137045E-01  0.00000000000000000E+00  0.00000000000000000E+00  0.00000000000000000E+00  2.28003182151814688E-04
5.27999999999999997E-03  0.00000000000000000E+00  0.00000000000000000E+00  3.87422699232987666E-01  0.00000000000000000E+00  0.00000000000000000E+00  0.00000000000000000E+00  2.27684572378480628E-04
5.31999999999999834E-03  0.00000000000000000E+00  0.00000000000000000E+00  3.90311053456005363E-01  0.00000000000000000E+00  0.00000000000000000E+00  0.00000000000000000E+00  2.29441274639423766E-04
5.36000000000000278E-03  0.00000000000000000E+00  0.00000000000000000E+00  3.92613834821349594E-01  0.00000000000000000E+00  0.00000000000000000E+00  0.00000000000000000E+00  2.30108325527240146E-04
5.40000000000000722E-03  0.00000000000000000E+00  0.00000000000000000E+00  3.95517693393309999E-01  0.00000000000000000E+00  0.00000000000000000E+00  0.00000000000000000E+00  2.29083450522778658E-04
5.44000000000000126E-03  0.00000000000000000E+00  0.00000000000000000E+00  3.98442248897189377E-01  0.00000000000000000E+00  0.00000000000000000E+00  0.00000000000000000E+00  2.30780198724029998E-04
5.48000000000000570E-03  0.00000000000000000E+00  0.00000000000000000E+00  4.01326799189362426E-01  0.00000000000000000E+00  0.00000000000000000E+00  0.00000000000000000E+00  2.32470537250990469E-04
5.51999999999999973E-03  0.00000000000000000E+00  0.00000000000000000E+00  4.03784991478652378E-01  0.00000000000000000E+00  0.00000000000000000E+00  0.00000000000000000E+00  2.34283437441267216E-04
5.56000000000000678E-03  0.00000000000000000E+00  0.00000000000000000E+00  4.06682189494800728E-01  0.00000000000000000E+00  0.00000000000000000E+00  0.00000000000000000E+00  2.35888613711641797E-04
5.60000000000000081E-03  0.00000000000000000E+00  0.00000000000000000E+00  4.09390474002068405E-01  0.00000000000000000E+00  0.00000000000000000E+00  0.00000000000000000E+00  2.34681812137199652E-04
5.64000000000000525E-03  0.00000000000000000E+00  0.00000000000000000E+00  4.11978938234401737E-01  0.00000000000000000E+00  0.00000000000000000E+00  0.00000000000000000E+00  2.36148420283567595E-04
5.68000000000000883E-03  0.00000000000000000E+00  0.00000000000000000E+00  4.14328120669481381E-01  0.00000000000000000E+00  0.00000000000000000E+00  0.00000000000000000E+00  2.37574612142622018E-04
5.72000000000000373E-03  0.00000000000000000E+00  0.00000000000000000E+00  4.16908024517599674E-01  0.00000000000000000E+00  0.00000000000000000E+00  0.00000000000000000E+00  2.39882536341252191E-04
5.76000000000000817E-03  0.00000000000000000E+00  0.00000000000000000E+00  4.19128340379064601E-01  0.00000000000000000E+00  0.00000000000000000E+00  0.00000000000000000E+00  2.37261143518470875E-04
5.80000000000000220E-03  0.00000000000000000E+00  0.00000000000000000E+00  4.21560405170411434E-01  0.00000000000000000E+00  0.00000000000000000E+00  0.00000000000000000E+00  2.36175340550714887E-04
5.84000000000001011E-03  0.00000000000000000E+00  0.00000000000000000E+00  4.24441489816565654E-01  0.00000000000000000E+00  0.00000000000000000E+00  0.00000000000000000E+00  2.37772873180723662E-04
5.88000000000000415E-03  0.00000000000000000E+00  0.00000000000000000E+00  4.27235560078886856E-01  0.00000000000000000E+00  0.00000000000000000E+00  0.00000000000000000E+00  2.39367409446247835E-04
5.92000000000000859E-03  0.00000000000000000E+00  0.00000000000000000E+00  4.29646534345477726E-01  0.00000000000000000E+00  0.00000000000000000E+00  0.00000000000000000E+00  2.44202874286092474E-04
5.96000000000001390E-03  0.00000000000000000E+00  0.00000000000000000E+00  4.31833460748553832E-01  0.00000000000000000E+00  0.00000000000000000E+00  0.00000000000000000E+00  2.42762704281982632E-04
6.00000000000000620E-03  0.00000000000000000E+00  0.00000000000000000E+00  4.33686626518578366E-01  0.00000000000000000E+00  0.00000000000000000E+00  0.00000000000000000E+00  2.41506579989016288E-04
6.04000000000001151E-03  0.00000000000000000E+00  0.00000000000000000E+00  4.36542086919110062E-01  0.00000000000000000E+00  0.00000000000000000E+00  0.00000000000000000E+00  2.43080010128831188E-04
6.08000000000000467E-03  0.00000000000000000E+00  0.00000000000000000E+00  4.38947698613507409E-01  0.00000000000000000E+00  0.00000000000000000E+00  0.00000000000000000E+00  2.44733603599681104E-04
6.12000000000001258E-03  0.00000000000000000E+00  0.00000000000000000E+00  4.41386766323029367E-01  0.00000000000000000E+00  0.00000000000000000E+00  0.00000000000000000E+00  2.45528606161821920E-04
6.16000000000000575E-03  0.00000000000000000E+00  0.00000000000000000E+00  4.44242618003674095E-01  0.00000000000000000E+00  0.00000000000000000E+00  0.00000000000000000E+00  2.47118943447172112E-04
6.20000000000001019E-03  0.00000000000000000E+00  0.00000000000000000E+00  4.46926537853254202E-01  0.00000000000000000E+00  0.00000000000000000E+00  0.00000000000000000E+00  2.48855688065043284E-04
6.24000000000001550E-03  0.00000000000000000E+00  0.00000000000000000E+00  4.49807972200584216E-01  0.00000000000000000E+00  0.00000000000000000E+00  0.00000000000000000E+00  2.50459959678897570E-04
6.28000000000000867E-03  0.00000000000000000E+00  0.00000000000000000E+00  4.52240809291034773E-01  0.00000000000000000E+00  0.00000000000000000E+00  0.00000000000000000E+00  2.52234773380847425E-04
6.32000000000001397E-03  0.00000000000000000E+00  0.00000000000000000E+00  4.54960549299308126E-01  0.00000000000000000E+00  0.00000000000000000E+00  0.00000000000000000E+00  2.53940911475425543E-04
6.36000000000000627E-03  0.00000000000000000E+00  0.00000000000000000E+00  4.57838508245077602E-01  0.00000000000000000E+00  0.00000000000000000E+00  0.00000000000000000E+00  2.55548214852767820E-04
6.40000000000001505E-03  0.00000000000000000E+00  0.00000000000000000E+00  4.59669858078008364E-01  0.00000000000000000E+00  0.00000000000000000E+00  0.00000000000000000E+00  2.57653487547156016E-04
6.44000000000000822E-03  0.00000000000000000E+00  0.00000000000000000E+00  4.62403751652514017E-01  0.00000000000000000E+00  0.00000000000000000E+00  0.00000000000000000E+00  2.59237293804182641E-04
6.48000000000001266E-03  0.00000000000000000E+00  0.00000000000000000E+00  4.65101472859366205E-01  0.00000000000000000E+00  0.00000000000000000E+00  0.00000000000000000E+00  2.60898064849846814E-04
6.52000000000000496E-03  0.00000000000000000E+00  0.00000000000000000E+00  4.67251992772016789E-01  0.00000000000000000E+00  0.00000000000000000E+00  0.00000000000000000E+00  2.62547488928197969E-04
6.56000000000001113E-03  0.00000000000000000E+00  0.00000000000000000E+00  4.69891063973796541E-01  0.00000000000000000E+00  0.00000000000000000E+00  0.00000000000000000E+00  2.64285684549042568E-04
6.60000000000001558E-03  0.00000000000000000E+00  0.00000000000000000E+00  4.72093512203200671E-01  0.00000000000000000E+00  0.00000000000000000E+00  0.00000000000000000E+00  2.63640227862471882E-04
6.64000000000000874E-03  0.00000000000000000E+00  0.00000000000000000E+00  4.74661309972904122E-01  0.00000000000000000E+00  0.00000000000000000E+00  0.00000000000000000E+00  2.65182242758558789E-04
6.68000000000001752E-03  0.00000000000000000E+00  0.00000000000000000E+00  4.77099294177944167E-01  0.00000000000000000E+00  0.00000000000000000E+00  0.00000000000000000E+00  2.66905095422659798E-04
6.72000000000001069E-03  0.00000000000000000E+00  0.00000000000000000E+00  4.79213372980241192E-01  0.00000000000000000E+00  0.00000000000000000E+00  0.00000000000000000E+00  2.65594847315316779E-04
6.76000000000001513E-03  0.00000000000000000E+00  0.00000000000000000E+00  4.81786509755104009E-01  0.00000000000000000E+00  0.00000000000000000E+00  0.00000000000000000E+00  2.67142139197816899E-04
6.80000000000002044E-03  0.00000000000000000E+00  0.00000000000000000E+00  4.84440923330577755E-01  0.00000000000000000E+00  0.00000000000000000E+00  0.00000000000000000E+00  2.68787294438696826E-04
6.84000000000001360E-03  0.00000000000000000E+00  0.00000000000000000E+00  4.86829775444539314E-01  0.00000000000000000E+00  0.00000000000000000E+00  0.00000000000000000E+00  2.66722324239126866E-04
6.88000000000001805E-03  0.00000000000000000E+00  0.00000000000000000E+00  4.88754282131380169E-01  0.00000000000000000E+00  0.00000000000000000E+00  0.00000000000000000E+00  2.63643730190872539E-04
6.92000000000001121E-03  0.00000000000000000E+00  0.00000000000000000E+00  4.91094115971650425E-01  0.00000000000000000E+00  0.00000000000000000E+00  0.00000000000000000E+00  2.65277828795194653E-04
6.96000000000001999E-03  0.00000000000000000E+00  0.00000000000000000E+00  4.93304782633585737E-01  0.00000000000000000E+00  0.00000000000000000E+00  0.00000000000000000E+00  2.66852715947457284E-04
7.00000000000001229E-03  0.00000000000000000E+00  0.00000000000000000E+00  4.96114853973804670E-01  0.00000000000000000E+00  0.00000000000000000E+00  0.00000000000000000E+00  2.68389375980202167E-04
7.04000000000001673E-03  0.00000000000000000E+00  0.00000000000000000E+00  4.98654511368850695E-01  0.00000000000000000E+00  0.00000000000000000E+00  0.00000000000000000E+00  2.69687356006830957E-04
7.08000000000002464E-03  0.00000000000000000E+00  0.00000000000000000E+00  5.01486323094998188E-01  0.00000000000000000E+00  0.00000000000000000E+00  0.00000000000000000E+00  2.71222139059623842E-04
7.12000000000001694E-03  0.00000000000000000E+00  0.00000000000000000E+00  5.04173897725789244E-01  0.00000000000000000E+00  0.00000000000000000E+00  0.00000000000000000E+00  2.68391589478548858E-04
7.16000000000001965E-03  0.00000000000000000E+00  0.00000000000000000E+00  5.06732332916635997E-01  0.00000000000000000E+00  0.00000000000000000E+00  0.00000000000000000E+00  2.69321126784369562E-04
7.20000000000001542E-03  0.00000000000000000E+00  0.00000000000000000E+00  5.09414588654474643E-01  0.00000000000000000E+00  0.00000000000000000E+00  0.00000000000000000E+00  2.69782769394678000E-04
7.24000000000002246E-03  0.00000000000000000E+00  0.00000000000000000E+00  5.11865928518715041E-01  0.00000000000000000E+00  0.00000000000000000E+00  0.00000000000000000E+00  2.68176575540247366E-04
7.28000000000001476E-03  0.00000000000000000E+00  0.00000000000000000E+00  5.14503473051595717E-01  0.00000000000000000E+00  0.00000000000000000E+00  0.00000000000000000E+00  2.69533402953482833E-04
7.32000000000002093E-03  0.00000000000000000E+00  0.00000000000000000E+00  5.16953164524039166E-01  0.00000000000000000E+00  0.00000000000000000E+00  0.00000000000000000E+00  2.64536284596425531E-04
7.36000000000002711E-03  0.00000000000000000E+00  0.00000000000000000E+00  5.19526154323517453E-01  0.00000000000000000E+00  0.00000000000000000E+00  0.00000000000000000E+00  2.66126336722085754E-04
7.40000000000001941E-03  0.00000000000000000E+00  0.00000000000000000E+00  5.22242927228581899E-01  0.00000000000000000E+00  0.00000000000000000E+00  0.00000000000000000E+00  2.67557389860699360E-04
7.44000000000002385E-03  0.00000000000000000E+00  0.00000000000000000E+00  5.24924439800600662E-01  0.00000000000000000E+00  0.00000000000000000E+00  0.00000000000000000E+00  2.69204653967275291E-04
7.48000000000002222E-03  0.00000000000000000E+00  0.00000000000000000E+00  5.27243186930602903E-01  0.00000000000000000E+00  0.00000000000000000E+00  0.00000000000000000E+00  2.70510035144626477E-04
7.52000000000002493E-03  0.00000000000000000E+00  0.00000000000000000E+00  5.28852419896138515E-01  0.00000000000000000E+00  0.00000000000000000E+00  0.00000000000000000E+00  2.67970946609735012E-04
7.56000000000001723E-03  0.00000000000000000E+00  0.00000000000000000E+00  5.31635349217512099E-01  0.00000000000000000E+00  0.00000000000000000E+00  0.00000000000000000E+00  2.69372571960425293E-04
7.60000000000002687E-03  0.00000000000000000E+00  0.00000000000000000E+00  5.34196165595449246E-01  0.00000000000000000E+00  0.00000000000000000E+00  0.00000000000000000E+00  2.70736357628183135E-04
7.64000000000002958E-03  0.00000000000000000E+00  0.00000000000000000E+00  5.36621097982237893E-01  0.00000000000000000E+00  0.00000000000000000E+00  0.00000000000000000E+00  2.72125197787194081E-04
7.68000000000002188E-03  0.00000000000000000E+00  0.00000000000000000E+00  5.39317618611660499E-01  0.00000000000000000E+00  0.00000000000000000E+00  0.00000000000000000E+00  2.73535691115002889E-04
7.72000000000002806E-03  0.00000000000000000E+00  0.00000000000000000E+00  5.41689823253188152E-01  0.00000000000000000E+00  0.00000000000000000E+00  0.00000000000000000E+00  2.74781966018850833E-04
7.76000000000002643E-03  0.00000000000000000E+00  0.00000000000000000E+00  5.44130976029785773E-01  0.00000000000000000E+00  0.00000000000000000E+00  0.00000000000000000E+00  2.76209613774795444E-04
7.80000000000002740E-03  0.00000000000000000E+00  0.00000000000000000E+00  5.46655658364893826E-01  0.00000000000000000E+00  0.00000000000000000E+00  0.00000000000000000E+00  2.77653560284843036E-04
7.84000000000002056E-03  0.00000000000000000E+00  0.00000000000000000E+00  5.48863080357023692E-01  0.00000000000000000E+00  0.00000000000000000E+00  0.00000000000000000E+00  2.75971196429679886E-04
7.88000000000002240E-03  0.00000000000000000E+00  0.00000000000000000E+00  5.51126438628393944E-01  0.00000000000000000E+00  0.00000000000000000E+00  0.00000000000000000E+00  2.73381027644024877E-04
7.92000000000003118E-03  0.00000000000000000E+00  0.00000000000000000E+00  5.53693931649131943E-01  0.00000000000000000E+00  0.00000000000000000E+00  0.00000000000000000E+00  2.74785307160328577E-04
7.96000000000002435E-03  0.00000000000000000E+00  0.00000000000000000E+00  5.56034807523608676E-01  0.00000000000000000E+00  0.00000000000000000E+00  0.00000000000000000E+00  2.76401905321524899E-04
8.00000000000002966E-03  0.00000000000000000E+00  0.00000000000000000E+00  5.58826154168459488E-01  0.00000000000000000E+00  0.00000000000000000E+00  0.00000000000000000E+00  2.77790951341112097E-04
8.00000000000002966E-03  0.00000000000000000E+00  0.00000000000000000E+00  5.58826154124167807E-01  0.00000000000000000E+00  0.00000000000000000E+00  0.00000000000000000E+00  2.77790951360563552E-04
8.04000000000002803E-03  0.00000000000000000E+00  0.00000000000000000E+00  5.61124145641363037E-01  0.00000000000000000E+00  0.00000000000000000E+00  0.00000000000000000E+00  2.79472283728198932E-04
8.08000000000003160E-03  0.00000000000000000E+00  0.00000000000000000E+00  5.63868343511739201E-01  0.00000000000000000E+00  0.00000000000000000E+00  0.00000000000000000E+00  2.80798327545487279E-04
8.12000000000003518E-03  0.00000000000000000E+00  0.00000000000000000E+00  5.66072181186949575E-01  0.00000000000000000E+00  0.00000000000000000E+00  0.00000000000000000E+00  2.82095006426210586E-04
8.16000000000003528E-03  0.00000000000000000E+00  0.00000000000000000E+00  5.68739923608560849E-01  0.00000000000000000E+00  0.00000000000000000E+00  0.00000000000000000E+00  2.83552569941702515E-04
8.20000000000003886E-03  0.00000000000000000E+00  0.00000000000000000E+00  5.71182772505640313E-01  0.00000000000000000E+00  0.00000000000000000E+00  0.00000000000000000E+00  2.84343309475267568E-04
8.24000000000003202E-03  0.00000000000000000E+00  0.00000000000000000E+00  5.73746253664398687E-01  0.00000000000000000E+00  0.00000000000000000E+00  0.00000000000000000E+00  2.85762888513348677E-04
8.28000000000003213E-03  0.00000000000000000E+00  0.00000000000000000E+00  5.76434959379396927E-01  0.00000000000000000E+00  0.00000000000000000E+00  0.00000000000000000E+00  2.87179827959839398E-04
8.32000000000004264E-03  0.00000000000000000E+00  0.00000000000000000E+00  5.78864196766458283E-01  0.00000000000000000E+00  0.00000000000000000E+00  0.00000000000000000E+00  2.88699418618300406E-04
8.36000000000003581E-03  0.00000000000000000E+00  0.00000000000000000E+00  5.81644271290675863E-01  0.00000000000000000E+00  0.00000000000000000E+00  0.00000000000000000E+00  2.90088749324218375E-04
8.40000000000003764E-03  0.00000000000000000E+00  0.00000000000000000E+00  5.84423845790951080E-01  0.00000000000000000E+00  0.00000000000000000E+00  0.00000000000000000E+00  2.91478292140481148E-04
8.44000000000003948E-03  0.00000000000000000E+00  0.00000000000000000E+00  5.87096175644514884E-01  0.00000000000000000E+00  0.00000000000000000E+00  0.00000000000000000E+00  2.92839436613905003E-04
8.48000000000004132E-03  0.00000000000000000E+00  0.00000000000000000E+00  5.89565960446468473E-01  0.00000000000000000E+00  0.00000000000000000E+00  0.00000000000000000E+00  2.94197701653494152E-04
8.52000000000003449E-03  0.00000000000000000E+00  0.00000000000000000E+00  5.92343664059088448E-01  0.00000000000000000E+00  0.00000000000000000E+00  0.00000000000000000E+00  2.95586982436399457E-04
8.56000000000003286E-03  0.00000000000000000E+00  0.00000000000000000E+00  5.94702519125602014E-01  0.00000000000000000E+00  0.00000000000000000E+00  0.00000000000000000E+00  2.93970444728663407E-04
8.60000000000003470E-03  0.00000000000000000E+00  0.00000000000000000E+00  5.97380961430978963E-01  0.00000000000000000E+00  0.00000000000000000E+00  0.00000000000000000E+00  2.95363900755768623E-04
8.64000000000003654E-03  0.00000000000000000E+00  0.00000000000000000E+00  6.00156236357494155E-01  0.00000000000000000E+00  0.00000000000000000E+00  0.00000000000000000E+00  2.96738882758586123E-04
8.68000000000003838E-03  0.00000000000000000E+00  0.00000000000000000E+00  6.02931658221368960E-01  0.00000000000000000E+00  0.00000000000000000E+00  0.00000000000000000E+00  2.98113691154091556E-04
8.72000000000004022E-03  0.00000000000000000E+00  0.00000000000000000E+00  6.05381987988309778E-01  0.00000000000000000E+00  0.00000000000000000E+00  0.00000000000000000E+00  2.99352680213255367E-04
8.76000000000004032E-03  0.00000000000000000E+00  0.00000000000000000E+00  6.08155773245859010E-01  0.00000000000000000E+00  0.00000000000000000E+00  0.00000000000000000E+00  3.00726481983399339E-04
8.80000000000003522E-03  0.00000000000000000E+00  0.00000000000000000E+00  6.10929343772934952E-01  0.00000000000000000E+00  0.00000000000000000E+00  0.00000000000000000E+00  3.02100333262304605E-04
8.84000000000003533E-03  0.00000000000000000E+00  0.00000000000000000E+00  6.13478921470544947E-01  0.00000000000000000E+00  0.00000000000000000E+00  0.00000000000000000E+00  3.03507860427496077E-04
8.88000000000003370E-03  0.00000000000000000E+00  0.00000000000000000E+00  6.15808602934406646E-01  0.00000000000000000E+00  0.00000000000000000E+00  0.00000000000000000E+00  3.04865093797092627E-04
8.92000000000003727E-03  0.00000000000000000E+00  0.00000000000000000E+00  6.18478911357420502E-01  0.00000000000000000E+00  0.00000000000000000E+00  0.00000000000000000E+00  3.06228755762425972E-04
8.96000000000002871E-03  0.00000000000000000E+00  0.00000000000000000E+00  6.21248281767743382E-01  0.00000000000000000E+00  0.00000000000000000E+00  0.00000000000000000E+00  3.07602889726089706E-04
9.00000000000002881E-03  0.00000000000000000E+00  0.00000000000000000E+00  6.23862834471924699E-01  0.00000000000000000E+00  0.00000000000000000E+00  0.00000000000000000E+00  3.09229500667807455E-04
9.04000000000004279E-03  0.00000000000000000E+00  0.00000000000000000E+00  6.26631581782504665E-01  0.00000000000000000E+00  0.00000000000000000E+00  0.00000000000000000E+00  3.10604356754535171E-04
9.08000000000003422E-03  0.00000000000000000E+00  0.00000000000000000E+00  6.29400367147117334E-01  0.00000000000000000E+00  0.00000000000000000E+00  0.00000000000000000E+00  3.11979165930629685E-04
9.12000000000003780E-03  0.00000000000000000E+00  0.00000000000000000E+00  6.32169517920201263E-01  0.00000000000000000E+00  0.00000000000000000E+00  0.00000000000000000E+00  3.13354017854288749E-04
9.16000000000003964E-03  0.00000000000000000E+00  0.00000000000000000E+00  6.34938854289871069E-01  0.00000000000000000E+00  0.00000000000000000E+00  0.00000000000000000E+00  3.14728889713960071E-04
9.20000000000003974E-03  0.00000000000000000E+00  0.00000000000000000E+00  6.37708292902861462E-01  0.00000000000000000E+00  0.00000000000000000E+00  0.00000000000000000E+00  3.16103794082618649E-04
9.24000000000003291E-03  0.00000000000000000E+00  0.00000000000000000E+00  6.40477734289497280E-01  0.00000000000000000E+00  0.00000000000000000E+00  0.00000000000000000E+00  3.17478668356720607E-04
9.28000000000004516E-03  0.00000000000000000E+00  0.00000000000000000E+00  6.43247185476939820E-01  0.00000000000000000E+00  0.00000000000000000E+00  0.00000000000000000E+00  3.18853634365631007E-04
9.32000000000004526E-03  0.00000000000000000E+00  0.00000000000000000E+00  6.46016588089736943E-01  0.00000000000000000E+00  0.00000000000000000E+00  0.00000000000000000E+00  3.20228924685134978E-04
9.36000000000003669E-03  0.00000000000000000E+00  0.00000000000000000E+00  6.48785813019322810E-01  0.00000000000000000E+00  0.00000000000000000E+00  0.00000000000000000E+00  3.21604249150292485E-04
9.40000000000004027E-03  0.00000000000000000E+00  0.00000000000000000E+00  6.51445699277609980E-01  0.00000000000000000E+00  0.00000000000000000E+00  0.00000000000000000E+00  3.22975213280512910E-04
9.44000000000004384E-03  0.00000000000000000E+00  0.00000000000000000E+00  6.54006426503208393E-01  0.00000000000000000E+00  0.00000000000000000E+00  0.00000000000000000E+00  3.24294513301993719E-04
9.48000000000004395E-03  0.00000000000000000E+00  0.00000000000000000E+00  6.56774543729835125E-01  0.00000000000000000E+00  0.00000000000000000E+00  0.00000000000000000E+00  3.25669523019753160E-04
9.52000000000004405E-03  0.00000000000000000E+00  0.00000000000000000E+00  6.59542734903101446E-01  0.00000000000000000E+00  0.00000000000000000E+00  0.00000000000000000E+00  3.27044576914601237E-04
9.56000000000004763E-03  0.00000000000000000E+00  0.00000000000000000E+00  6.62157950321790589E-01  0.00000000000000000E+00  0.00000000000000000E+00  0.00000000000000000E+00  3.28424934665072022E-04
9.60000000000004773E-03  0.00000000000000000E+00  0.00000000000000000E+00  6.64815668978632424E-01  0.00000000000000000E+00  0.00000000000000000E+00  0.00000000000000000E+00  3.29754213646187358E-04
9.64000000000003916E-03  0.00000000000000000E+00  0.00000000000000000E+00  6.67583194448541417E-01  0.00000000000000000E+00  0.00000000000000000E+00  0.00000000000000000E+00  3.31128862729894338E-04
9.68000000000004100E-03  0.00000000000000000E+00  0.00000000000000000E+00  6.70350721390924553E-01  0.00000000000000000E+00  0.00000000000000000E+00  0.00000000000000000E+00  3.32503512500804108E-04
9.72000000000004631E-03  0.00000000000000000E+00  0.00000000000000000E+00  6.73118249783763778E-01  0.00000000000000000E+00  0.00000000000000000E+00  0.00000000000000000E+00  3.33878163016742321E-04
9.76000000000004815E-03  0.00000000000000000E+00  0.00000000000000000E+00  6.75769523811746819E-01  0.00000000000000000E+00  0.00000000000000000E+00  0.00000000000000000E+00  3.35240293903339053E-04
9.80000000000004652E-03  0.00000000000000000E+00  0.00000000000000000E+00  6.78134658738186902E-01  0.00000000000000000E+00  0.00000000000000000E+00  0.00000000000000000E+00  3.34482700603752246E-04
9.84000000000005183E-03  0.00000000000000000E+00  0.00000000000000000E+00  6.80797007872185000E-01  0.00000000000000000E+00  0.00000000000000000E+00  0.00000000000000000E+00  3.35857278357096440E-04
9.88000000000005367E-03  0.00000000000000000E+00  0.00000000000000000E+00  6.83562623264447500E-01  0.00000000000000000E+00  0.00000000000000000E+00  0.00000000000000000E+00  3.37222761402277522E-04
9.92000000000004510E-03  0.00000000000000000E+00  0.00000000000000000E+00  6.85760411461384445E-01  0.00000000000000000E+00  0.00000000000000000E+00  0.00000000000000000E+00  3.29146351715335021E-04
9.96000000000006082E-03  0.00000000000000000E+00  0.00000000000000000E+00  6.88523890975112685E-01  0.00000000000000000E+00  0.00000000000000000E+00  0.00000000000000000E+00  3.30474376241030824E-04
