0.00000000000000000E+00  0.00000000000000000E+00
4.70577545456357711E-05  1.33507091990336479E+00
7.05314341282677374E-05  2.00106064598039302E+00
7.73523174625464588E-05  2.16464658882116368E+00
8.88395475427343728E-05  2.41184060768395003E+00
9.18207719985559819E-05  2.51033243336410283E+00
9.72528648153746369E-05  2.65254538678780127E+00
9.68143072636584441E-05  2.63995927435356537E+00
1.01048840030335926E-04  2.74918778828511723E+00
1.03698213886999240E-04  2.82482217256306889E+00
1.02242294744250289E-04  2.78708125606475132E+00
4.16934143065209354E-04  2.73309923482062089E+00
4.37398662132965294E-04  2.87264916978645690E+00
4.64838357818876387E-04  2.93899338196825965E+00
4.48394457820551506E-04  2.86483114312693665E+00
7.08884811972558971E-04  2.98640042232213965E+00
7.26927509020607173E-04  3.02435086564847166E+00
7.37687248573609396E-04  3.06151089220634187E+00
7.46300556045036818E-04  3.09043153441749485E+00
7.72278514721259045E-04  3.17682511161374137E+00
7.81051266928244211E-04  3.20547313016430335E+00
8.02616484185244118E-04  3.27667568798860698E+00
8.23440399604466423E-04  3.34302689738320336E+00
8.56497815647091435E-04  3.45566935012487830E+00
8.80541434699112086E-04  3.52849957213712173E+00
9.12055382131301369E-04  3.63534052265190244E+00
9.69720965115561991E-04  3.72629500027380534E+00
9.92602792726293443E-04  3.79904039124771264E+00
9.62921021757571485E-04  3.88130429617054684E+00
9.89505864190441328E-04  3.97229060606917939E+00
1.01924778719805699E-03  4.07064246887329517E+00
1.04675133494066576E-03  4.16565312315981284E+00
1.06537338789591948E-03  4.22784684486554774E+00
1.09517193408633869E-03  4.33014369699150681E+00
1.08892234287375324E-03  4.39648790996183791E+00
1.11804034620640886E-03  4.50865933225807503E+00
1.14757817854978759E-03  4.61812261293742754E+00
1.15772665443067998E-03  4.69583075413349071E+00
1.18528926272376566E-03  4.80452334654356505E+00
1.21559213319998309E-03  4.91442120125841608E+00
1.24294892481562947E-03  5.02281786075424108E+00
1.26150541194859113E-03  5.09907731495974659E+00
1.28915928715853264E-03  5.20610517405680806E+00
1.30808267822743094E-03  5.27915181592215088E+00
1.28645262367589825E-03  5.37690839358062966E+00
1.31414341072868006E-03  5.48815039115185854E+00
1.34126174214655542E-03  5.59794193519649053E+00
1.36521245192952221E-03  5.68959436952165287E+00
1.37004552056842416E-03  5.73831056461582278E+00
1.39743690363642735E-03  5.84015555524906382E+00
1.42453822439511028E-03  5.95247440981409870E+00
1.45073699511224651E-03  6.06386536354807948E+00
1.47590517719315968E-03  6.16878242015193745E+00
1.49291189638593963E-03  6.23899348915058738E+00
1.51156754481582127E-03  6.33525025719214430E+00
1.53553888079522227E-03  6.43694478288959449E+00
1.56220259392020897E-03  6.54860081304061037E+00
1.58716311416314763E-03  6.65006984752030927E+00
1.61387766766758322E-03  6.76206779903502841E+00
1.63596511455280178E-03  6.85838195927912153E+00
1.62577511324007149E-03  6.94118245206264461E+00
1.64588940835778920E-03  7.04289472544651929E+00
1.67189737232191515E-03  7.15071676720260996E+00
1.69653378569047217E-03  7.23554292303887703E+00
1.71545027678698622E-03  7.34038868159074198E+00
1.72670199310176985E-03  7.39227563643982410E+00
1.74085073636977370E-03  7.45592982387385739E+00
1.77172688262873372E-03  7.54686221051353989E+00
1.78930781884775367E-03  7.62994601934207672E+00
1.81359403684914979E-03  7.72850441780597652E+00
1.83920205337134105E-03  7.83770548899584174E+00
1.90050298758124951E-03  7.94171870684235515E+00
1.92626929909495647E-03  8.04783694879713174E+00
1.95175368986832097E-03  8.15209178019490999E+00
1.97412214044813449E-03  8.24301367641110438E+00
2.00029637212002266E-03  8.35100612271476095E+00
2.02325674061129340E-03  8.43917586790819918E+00
2.04226104167005507E-03  8.52897641472302226E+00
2.06112719701162300E-03  8.58627878280237411E+00
2.08672588302701110E-03  8.69190107509029986E+00
2.10751035484123142E-03  8.77525555332547214E+00
2.13269789711564850E-03  8.87948363800035700E+00
2.15780777065890158E-03  8.97484177304258957E+00
2.18087535712872902E-03  9.07514505649216829E+00
2.20597761696512745E-03  9.18079158478640167E+00
2.21103560680485037E-03  9.21419757182530752E+00
2.23605241896820918E-03  9.31956420568510957E+00
2.26148380260652367E-03  9.42571278689488778E+00
2.27945478446885509E-03  9.49629973274429950E+00
2.30102712604449621E-03  9.59060278168598579E+00
2.35152035057473868E-03  9.69295104822207776E+00
2.37500752788382362E-03  9.78890651477219897E+00
2.39909385504996804E-03  9.88735070774297498E+00
2.42346709617902775E-03  9.98508941156275931E+00
2.44682770586510676E-03  1.00791370086450947E+01
2.46340483671858785E-03  1.01626982674252666E+01
2.48694459575776955E-03  1.02422602963561200E+01
2.62068320002608202E-03  1.03304694462869442E+01
2.64090407559354305E-03  1.04260117089445572E+01
2.66029543744806607E-03  1.05023333117584166E+01
2.68088452502824584E-03  1.05826976121697225E+01
2.69984236133605530E-03  1.06705536653920490E+01
2.71664670894576719E-03  1.07526960946276962E+01
2.73560951296793285E-03  1.08355033152220273E+01
2.75787163644566164E-03  1.09242747602707642E+01
2.77814233750534696E-03  1.10063080101364275E+01
2.79797078974524608E-03  1.10896691560156597E+01
2.89341215768040144E-03  1.11600638642545018E+01
2.91274359664663897E-03  1.12336493753623827E+01
2.93000036455786988E-03  1.13012899980960757E+01
2.93834156855806751E-03  1.13539105835865737E+01
2.96277168065008437E-03  1.14492123388390770E+01
3.27087179907832289E-03  1.15409125179424752E+01
3.29262663081405973E-03  1.16153722056236788E+01
3.30970108960673129E-03  1.16747472652073938E+01
3.32584044042522151E-03  1.17348444451891343E+01
3.35060403321823380E-03  1.18258542750537163E+01
3.46379035416461041E-03  1.18892348775546637E+01
3.48866054472104755E-03  1.19718270822020418E+01
3.50914038291605650E-03  1.20400738437413182E+01
3.53789685159586155E-03  1.21346091912810738E+01
3.56426676154176494E-03  1.22235452853324098E+01
3.58863448632734889E-03  1.22894653798398270E+01
3.61345685338632355E-03  1.23741643716807737E+01
3.63665814965778060E-03  1.24544413204640136E+01
3.66022926172521971E-03  1.25375993829250110E+01
3.68785464381677199E-03  1.26294492661252242E+01
3.70816310638903256E-03  1.27034479564121323E+01
3.73085696424532015E-03  1.27804640709014201E+01
3.75992715114124116E-03  1.28776747421138431E+01
3.78888611432575805E-03  1.29748760124128069E+01
3.81615831337473550E-03  1.30668669398066548E+01
3.84263434520269471E-03  1.31582528950549698E+01
3.87655518060031753E-03  1.32562866993690989E+01
3.90222742273080769E-03  1.33371008128328068E+01
3.93155015900186876E-03  1.34356532277999943E+01
3.95240612345897687E-03  1.35055099659584510E+01
3.98149339272458463E-03  1.36038611162049463E+01
3.88986218552417589E-03  1.36899109294620231E+01
3.91584045968295259E-03  1.37833844819317317E+01
3.94136634616606713E-03  1.38735384475850285E+01
3.96618651058091090E-03  1.39619055873508700E+01
3.99062624895687914E-03  1.40512484852621444E+01
4.01722824089649141E-03  1.41451977119603303E+01
4.04278851132767320E-03  1.42355256269619641E+01
4.06353997933425488E-03  1.42740163597219905E+01
4.08886577118606348E-03  1.43618473590613238E+01
4.11368414370275742E-03  1.44501867914939854E+01
4.14159710746356616E-03  1.45476690505964559E+01
4.16957939262965586E-03  1.46451403227889863E+01
4.19623848625941525E-03  1.47390237221327354E+01
4.22392222561456931E-03  1.48364615218906053E+01
4.24963616930154782E-03  1.49281271734665122E+01
4.27731464507105121E-03  1.50255442125679064E+01
4.30467578665254692E-03  1.51218836846292817E+01
4.33232981765707507E-03  1.52192201313035032E+01
4.35969019854352130E-03  1.53155590886885093E+01
4.38728497053924790E-03  1.54127325201304100E+01
4.41391269769863485E-03  1.55066796799598734E+01
4.43506910403435907E-03  1.55832409665650058E+01
4.45597210716812148E-03  1.56600493595566999E+01
4.48352134764737429E-03  1.57571756542533485E+01
4.51109839648898472E-03  1.58543021884147457E+01
4.53869262480080353E-03  1.59509747300308895E+01
4.55858168392232407E-03  1.60178953549468304E+01
4.58414564649823036E-03  1.61074083136982473E+01
4.61255955028556756E-03  1.61972576521541818E+01
4.63785723539393482E-03  1.62874807122498915E+01
4.41329461082218093E-03  1.63746868564457522E+01
4.43882532159380928E-03  1.64689610387311269E+01
4.46468499275019890E-03  1.65643425112848135E+01
4.48951918375336580E-03  1.66537227466050091E+01
4.51574885355552659E-03  1.67504499301915004E+01
4.54202305866166327E-03  1.68470807603174464E+01
4.56821718202301327E-03  1.69436065839207401E+01
4.59219330782236965E-03  1.70318375436886846E+01
4.61690965672072358E-03  1.71230483062294567E+01
4.64297651375024812E-03  1.72190276223365863E+01
4.66922807802271425E-03  1.73156655288226844E+01
4.79252759718552367E-03  1.74061963582302859E+01
4.81536165095931834E-03  1.74959998322383825E+01
4.84186793991592691E-03  1.75923000583471634E+01
4.86815909456370446E-03  1.76884348818265664E+01
4.89979468801511348E-03  1.77745646445369339E+01
4.92640179062579960E-03  1.78711020524718052E+01
4.95030555883083870E-03  1.79589755945316689E+01
4.97686634035934567E-03  1.80552800816519827E+01
4.99780729802112508E-03  1.81310896600028286E+01
5.02197133809334333E-03  1.82171916730549484E+01
5.04852585036677948E-03  1.83135119941875679E+01
5.07222061945772958E-03  1.84000241337370944E+01
5.09874094688057139E-03  1.84962173262848495E+01
5.12588515529712081E-03  1.85895367793460551E+01
5.15149455871184974E-03  1.86856546330443081E+01
5.17617637336381838E-03  1.87769244998144664E+01
5.20270407163156336E-03  1.88731621074005211E+01
5.17474754596001542E-03  1.87940593601293102E+01
5.19195798027596682E-03  1.88711101334648603E+01
5.21817908774058117E-03  1.89664115121473955E+01
5.24439847686086237E-03  1.90617036368287778E+01
5.24440466027822384E-03  1.90617123936508932E+01
5.26458367128627373E-03  1.91197627129352448E+01
5.29068384357923253E-03  1.92145447095007604E+01
5.31733637058780326E-03  1.93062284355983458E+01
5.34352006963017059E-03  1.94012971325569339E+01
5.36970241549348734E-03  1.94963624694924000E+01
5.39515843186179605E-03  1.95869395665553014E+01
5.42122709811398030E-03  1.96814387140604303E+01
5.44737364756363134E-03  1.97754812893178347E+01
5.47355335055403364E-03  1.98705178052475020E+01
5.49848081758441600E-03  1.99632205501469322E+01
5.52466913723554092E-03  2.00581108857292527E+01
5.55084257667362666E-03  2.01531330650041269E+01
5.57698804782028219E-03  2.02480654519598993E+01
5.60316267859046254E-03  2.03430941664760354E+01
5.62907984798943599E-03  2.04372006914182123E+01
5.65525230805917142E-03  2.05322207454352750E+01
5.68461308075113476E-03  2.06159898118211906E+01
5.70849180521342935E-03  2.07062726720880192E+01
6.29231284359943639E-03  2.07274104437902409E+01
6.32103719249228931E-03  2.08219804048390813E+01
6.34975814772896410E-03  2.09165965931147824E+01
6.37628396194583977E-03  2.10046200316079457E+01
6.40499472731622960E-03  2.10992072745455701E+01
6.43356267320431031E-03  2.11929455081364821E+01
6.46202998967919037E-03  2.12864439531492877E+01
6.49074150826416466E-03  2.13810140852819330E+01
6.44153641056552807E-03  2.12471046445642600E+01
6.46296507075589700E-03  2.13207480100384110E+01
6.49130980144060812E-03  2.14142548751555033E+01
6.51965177655459797E-03  2.15077515841156170E+01
6.54799226016024652E-03  2.16012475171594076E+01
6.57633331679077521E-03  2.16947432122678237E+01
6.60435254849177367E-03  2.17873099715556187E+01
6.63164985807540228E-03  2.18778978191595428E+01
6.65661493044546020E-03  2.19702647582255288E+01
6.68493775569785689E-03  2.20637439491944889E+01
6.71314927837472937E-03  2.21568472237545215E+01
6.74124742004753811E-03  2.22495041100384583E+01
6.76713354896728726E-03  2.23367280577827820E+01
6.79544557706643002E-03  2.24301795374688560E+01
6.80155046928306549E-03  2.24521978234812600E+01
6.79390703617371427E-03  2.24298287707709498E+01
6.82182664321883889E-03  2.25219712158525667E+01
6.84989986658776032E-03  2.26146542763533134E+01
6.87565022501162963E-03  2.26990808669651436E+01
6.89952917671462183E-03  2.27784810036466574E+01
6.92754418171416184E-03  2.28709808824235665E+01
6.95558989130236338E-03  2.29635724217846615E+01
6.98363627802957299E-03  2.30561636266271144E+01
