0.00000000000000000E+00  0.00000000000000000E+00
4.70700716531184378E-05  1.33507091990336479E+00
7.05483253228774451E-05  2.00106064598039302E+00
7.65971741380618249E-05  2.16464658882116368E+00
8.53959997099500270E-05  2.41184060768395003E+00
3.45629487363676130E-04  2.51033243336410283E+00
3.72749890393297631E-04  2.65254538678780127E+00
3.88874921433374145E-04  2.63995927435356537E+00
4.06236849580733650E-04  2.74918778828511723E+00
4.22841186026271887E-04  2.82482217256306889E+00
3.80712637083069848E-04  2.78708125606475132E+00
3.74656366467272014E-04  2.73309923482062089E+00
4.11092028937144077E-04  2.87264916978645690E+00
4.37639182170108726E-04  2.93899338196825965E+00
4.18397812094173577E-04  2.86483114312693665E+00
4.48199709553559066E-04  2.98640042232213965E+00
4.59812813786927800E-04  3.02435086564847166E+00
4.65144788831584326E-04  3.06151089220634187E+00
4.64106689185529275E-04  3.09043153441749485E+00
4.89957217689759080E-04  3.17682511161374137E+00
4.88120566088795017E-04  3.20547313016430335E+00
5.01292412388187479E-04  3.27667568798860698E+00
5.96375309419799036E-04  3.34302689738320336E+00
6.19754517477809873E-04  3.45566935012487830E+00
6.39141048704619302E-04  3.52849957213712173E+00
6.61144791155354131E-04  3.63534052265190244E+00
6.84668843965466670E-04  3.72629500027380534E+00
6.93045028820236876E-04  3.79904039124771264E+00
7.10457961665469321E-04  3.88130429617054684E+00
7.78999935866990728E-04  3.97229060606917939E+00
8.09521052356197831E-04  4.07064246887329517E+00
8.29849298333424062E-04  4.16565312315981284E+00
8.43899258381527605E-04  4.22784684486554774E+00
8.68309613620753436E-04  4.33014369699150681E+00
8.90282897091130708E-04  4.39648790996183791E+00
9.15229357558929122E-04  4.50865933225807503E+00
9.41040060549814704E-04  4.61812261293742754E+00
9.79269203249044174E-04  4.69583075413349071E+00
1.00393872485015907E-03  4.80452334654356505E+00
1.03224998737010284E-03  4.91442120125841608E+00
1.05652636405309378E-03  5.02281786075424108E+00
1.07240669600812345E-03  5.09907731495974659E+00
1.09593125389031336E-03  5.20610517405680806E+00
1.11656665962769582E-03  5.27915181592215088E+00
1.14476972504150526E-03  5.37690839358062966E+00
1.16936619375270488E-03  5.48815039115185854E+00
1.19395439823966336E-03  5.59794193519649053E+00
1.21907384177871747E-03  5.68959436952165287E+00
1.22382722243755473E-03  5.73831056461582278E+00
1.25169776788649329E-03  5.84015555524906382E+00
1.27651974074987945E-03  5.95247440981409870E+00
1.30052267710595261E-03  6.06386536354807948E+00
1.32362852882630792E-03  6.16878242015193745E+00
1.34084059882611808E-03  6.23899348915058738E+00
1.41948788820247000E-03  6.33525025719214430E+00
1.44283497024087922E-03  6.43694478288959449E+00
1.46831506404351006E-03  6.54860081304061037E+00
1.49271043036710562E-03  6.65006984752030927E+00
1.51820895176925440E-03  6.76206779903502841E+00
1.53764781264960002E-03  6.85838195927912153E+00
1.55936908756353727E-03  6.94118245206264461E+00
1.58087477450099059E-03  7.04289472544651929E+00
1.60536590494812976E-03  7.15071676720260996E+00
1.62721918312048325E-03  7.23554292303887703E+00
1.64879939203431999E-03  7.34038868159074198E+00
1.65862773382592578E-03  7.39227563643982410E+00
1.67032769150377101E-03  7.45592982387385739E+00
1.69493637157025522E-03  7.54686221051353989E+00
1.71455626363838489E-03  7.62994601934207672E+00
1.73776462667534046E-03  7.72850441780597652E+00
1.76259974564843677E-03  7.83770548899584174E+00
1.78590851998288304E-03  7.94171870684235515E+00
1.81004814342093992E-03  8.04783694879713174E+00
1.83699016613972474E-03  8.15209178019490999E+00
1.85891528348173596E-03  8.24301367641110438E+00
1.88361087720768884E-03  8.35100612271476095E+00
2.01283102907923346E-03  8.43917586790819918E+00
2.03114346812162698E-03  8.52897641472302226E+00
2.04744579365848936E-03  8.58627878280237411E+00
2.07272142626489971E-03  8.69190107509029986E+00
2.09163573641830058E-03  8.77525555332547214E+00
2.11674220805657589E-03  8.87948363800035700E+00
2.14304598929124408E-03  8.97484177304258957E+00
2.26296475161175256E-03  9.07514505649216829E+00
2.29004756909626309E-03  9.18079158478640167E+00
2.22638656672714905E-03  9.21419757182530752E+00
2.25211510451765523E-03  9.31956420568510957E+00
2.27821913779363214E-03  9.42571278689488778E+00
2.29424501948854911E-03  9.49629973274429950E+00
2.31631727184283950E-03  9.59060278168598579E+00
2.34166751922569843E-03  9.69295104822207776E+00
2.36574828087314981E-03  9.78890651477219897E+00
2.38920598701471490E-03  9.88735070774297498E+00
2.41356474957035759E-03  9.98508941156275931E+00
2.43555532927561182E-03  1.00791370086450947E+01
2.45538820984460716E-03  1.01626982674252666E+01
2.47672032178244050E-03  1.02422602963561200E+01
2.49807453591033074E-03  1.03304694462869442E+01
2.52176726313188158E-03  1.04260117089445572E+01
2.54060590704827680E-03  1.05023333117584166E+01
2.55941970400735182E-03  1.05826976121697225E+01
2.57940524346840028E-03  1.06705536653920490E+01
2.59967169272033380E-03  1.07526960946276962E+01
2.61997445136490136E-03  1.08355033152220273E+01
2.64131821265707611E-03  1.09242747602707642E+01
2.66085885986980545E-03  1.10063080101364275E+01
2.68073100639231289E-03  1.10896691560156597E+01
2.58117162706335800E-03  1.11600638642545018E+01
2.59825329235100844E-03  1.12336493753623827E+01
2.95982853798961842E-03  1.13012899980960757E+01
2.97195538452153579E-03  1.13539105835865737E+01
2.99529618919000540E-03  1.14492123388390770E+01
3.02961604443539997E-03  1.15409125179424752E+01
3.04719418999491913E-03  1.16153722056236788E+01
2.99727081086919927E-03  1.16747472652073938E+01
3.01375748732755390E-03  1.17348444451891343E+01
3.03623981248236788E-03  1.18258542750537163E+01
3.05840684543746749E-03  1.18892348775546637E+01
3.07905816661054130E-03  1.19718270822020418E+01
3.09538333791219275E-03  1.20400738437413182E+01
3.12065834728943213E-03  1.21346091912810738E+01
3.14360479109538011E-03  1.22235452853324098E+01
3.16346128180727132E-03  1.22894653798398270E+01
3.18516516134060559E-03  1.23741643716807737E+01
3.20617672864205753E-03  1.24544413204640136E+01
3.22775556865544620E-03  1.25375993829250110E+01
3.25449915428029915E-03  1.26294492661252242E+01
3.27023537971809272E-03  1.27034479564121323E+01
3.29054348562835127E-03  1.27804640709014201E+01
3.31588188838364065E-03  1.28776747421138431E+01
3.34078527548260654E-03  1.29748760124128069E+01
3.36475346013961635E-03  1.30668669398066548E+01
3.38692839741352959E-03  1.31582528950549698E+01
3.41208649546696514E-03  1.32562866993690989E+01
3.43709117587265084E-03  1.33371008128328068E+01
3.46248503676220044E-03  1.34356532277999943E+01
3.48224600418508895E-03  1.35055099659584510E+01
3.50759831265435532E-03  1.36038611162049463E+01
3.61213730165935295E-03  1.36899109294620231E+01
3.63747078099841597E-03  1.37833844819317317E+01
3.66102541905359092E-03  1.38735384475850285E+01
3.68545311043134505E-03  1.39619055873508700E+01
3.70826406653899194E-03  1.40512484852621444E+01
3.73324402619556973E-03  1.41451977119603303E+01
3.75804894159188774E-03  1.42355256269619641E+01
3.76451676656759963E-03  1.42740163597219905E+01
3.78949931322873461E-03  1.43618473590613238E+01
3.81358616817955177E-03  1.44501867914939854E+01
3.83930749715986506E-03  1.45476690505964559E+01
3.86502578040095850E-03  1.46451403227889863E+01
3.88990254110790695E-03  1.47390237221327354E+01
3.91561075933020888E-03  1.48364615218906053E+01
3.93973053218826981E-03  1.49281271734665122E+01
3.96543403152889353E-03  1.50255442125679064E+01
3.99087354870992974E-03  1.51218836846292817E+01
4.01655081820868724E-03  1.52192201313035032E+01
4.04197777986880190E-03  1.53155590886885093E+01
4.06763960712720404E-03  1.54127325201304100E+01
4.09165733531497398E-03  1.55066796799598734E+01
4.11368304372460459E-03  1.55832409665650058E+01
4.13545008851019542E-03  1.56600493595566999E+01
4.16109705354237008E-03  1.57571756542533485E+01
4.18674253129584697E-03  1.58543021884147457E+01
4.21221655423777066E-03  1.59509747300308895E+01
4.22836334878920906E-03  1.60178953549468304E+01
4.25301386981479391E-03  1.61074083136982473E+01
4.27676643297240228E-03  1.61972576521541818E+01
4.30049821740710082E-03  1.62874807122498915E+01
4.32142083556200964E-03  1.63746868564457522E+01
4.34627940161731469E-03  1.64689610387311269E+01
4.37134967958432725E-03  1.65643425112848135E+01
4.39370209683628225E-03  1.66537227466050091E+01
4.41922187902841698E-03  1.67504499301915004E+01
4.44471688570307992E-03  1.68470807603174464E+01
4.47020270756150282E-03  1.69436065839207401E+01
4.49394311604750605E-03  1.70318375436886846E+01
4.51815844036220111E-03  1.71230483062294567E+01
4.54352252827055006E-03  1.72190276223365863E+01
4.56902317248034009E-03  1.73156655288226844E+01
4.59381958663147415E-03  1.74061963582302859E+01
4.61829755858728097E-03  1.74959998322383825E+01
4.64374951669093219E-03  1.75923000583471634E+01
4.66920615803447566E-03  1.76884348818265664E+01
4.68971615802773155E-03  1.77745646445369339E+01
4.71518816099771466E-03  1.78711020524718052E+01
4.73786245340404935E-03  1.79589755945316689E+01
4.76328265217125166E-03  1.80552800816519827E+01
4.78329973425151416E-03  1.81310896600028286E+01
4.80510133065739815E-03  1.82171916730549484E+01
4.83050711264701189E-03  1.83135119941875679E+01
4.85385563210280046E-03  1.84000241337370944E+01
4.87922948683759683E-03  1.84962173262848495E+01
4.90341430655156455E-03  1.85895367793460551E+01
4.92878738190202260E-03  1.86856546330443081E+01
4.95353994641638522E-03  1.87769244998144664E+01
4.97892921417752900E-03  1.88731621074005211E+01
4.96305337682469063E-03  1.87940593601293102E+01
4.98511414268855424E-03  1.88711101334648603E+01
5.01028791619817677E-03  1.89664115121473955E+01
5.03545894828168368E-03  1.90617036368287778E+01
5.03526040991320901E-03  1.90617123936508932E+01
5.04686668893574754E-03  1.91197627129352448E+01
5.07188793569492060E-03  1.92145447095007604E+01
5.09551148234520593E-03  1.93062284355983458E+01
5.12060202764082813E-03  1.94012971325569339E+01
5.14569180000937296E-03  1.94963624694924000E+01
5.16937530678632500E-03  1.95869395665553014E+01
5.19434954688039949E-03  1.96814387140604303E+01
5.21910263975845085E-03  1.97754812893178347E+01
5.24418373677981459E-03  1.98705178052475020E+01
5.26876192772187443E-03  1.99632205501469322E+01
5.29388106779852576E-03  2.00581108857292527E+01
5.31895957370070831E-03  2.01531330650041269E+01
5.34401797242216835E-03  2.02480654519598993E+01
5.36909763578273351E-03  2.03430941664760354E+01
5.39392725904453731E-03  2.04372006914182123E+01
5.41900490144095730E-03  2.05322207454352750E+01
5.43934170996338701E-03  2.06159898118211906E+01
5.46376696268055431E-03  2.07062726720880192E+01
5.46427757128850524E-03  2.07274104437902409E+01
5.48919706729197703E-03  2.08219804048390813E+01
5.51414066629782925E-03  2.09165965931147824E+01
5.53728517746835801E-03  2.10046200316079457E+01
5.56222123243260182E-03  2.10992072745455701E+01
5.58685490374339917E-03  2.11929455081364821E+01
5.61144438586968011E-03  2.12864439531492877E+01
5.63637186388318140E-03  2.13810140852819330E+01
5.58476387365325344E-03  2.12471046445642600E+01
5.60656123523430288E-03  2.13207480100384110E+01
5.63114888510443407E-03  2.14142548751555033E+01
5.65573314598473344E-03  2.15077515841156170E+01
5.68031993058837857E-03  2.16012475171594076E+01
5.70490525035658065E-03  2.16947432122678237E+01
5.72933047321922805E-03  2.17873099715556187E+01
5.75350378474317244E-03  2.18778978191595428E+01
5.77792797741758998E-03  2.19702647582255288E+01
5.80251025281992676E-03  2.20637439491944889E+01
5.82698798822895402E-03  2.21568472237545215E+01
5.85130047651761381E-03  2.22495041100384583E+01
5.87542359543390211E-03  2.23367280577827820E+01
5.90000384093681933E-03  2.24301795374688560E+01
5.90703331271903460E-03  2.24521978234812600E+01
5.91164946711385253E-03  2.24298287707709498E+01
5.93589756493965830E-03  2.25219712158525667E+01
5.96032454234214030E-03  2.26146542763533134E+01
5.98131050356615849E-03  2.26990808669651436E+01
6.00234675134891493E-03  2.27784810036466574E+01
6.02670241423442464E-03  2.28709808824235665E+01
6.05110021808732187E-03  2.29635724217846615E+01
6.07550296441657783E-03  2.30561636266271144E+01
