0.00000000000000000E+00  0.00000000000000000E+00
4.70577528160301631E-05  1.33507091990336479E+00
7.05289141779322064E-05  2.00106064598039302E+00
7.63181543299074793E-05  2.16464658882116368E+00
8.51446486732496057E-05  2.41184060768395003E+00
9.28931370292293736E-05  2.51033243336410283E+00
9.81955078852583628E-05  2.65254538678780127E+00
3.56465896155071140E-04  2.63995927435356537E+00
3.82232238113655023E-04  2.74918778828511723E+00
3.99653765169091042E-04  2.82482217256306889E+00
4.00154255459147005E-04  2.78708125606475132E+00
3.96351550818413694E-04  2.73309923482062089E+00
4.25126821828126339E-04  2.87264916978645690E+00
4.44235010979747566E-04  2.93899338196825965E+00
4.50559647563398636E-04  2.86483114312693665E+00
4.70735777096160815E-04  2.98640042232213965E+00
4.60992366858786696E-04  3.02435086564847166E+00
4.72135158495398004E-04  3.06151089220634187E+00
4.81800785072449543E-04  3.09043153441749485E+00
4.95430832031026371E-04  3.17682511161374137E+00
5.09448951837169757E-04  3.20547313016430335E+00
5.28649834606833256E-04  3.27667568798860698E+00
5.43239621406302765E-04  3.34302689738320336E+00
5.63621177109476976E-04  3.45566935012487830E+00
5.73782968948945171E-04  3.52849957213712173E+00
5.94324984127710338E-04  3.63534052265190244E+00
6.16798384844931638E-04  3.72629500027380534E+00
6.36935617695349337E-04  3.79904039124771264E+00
6.52196134861603941E-04  3.88130429617054684E+00
6.70836539653683677E-04  3.97229060606917939E+00
6.95281853572117460E-04  4.07064246887329517E+00
7.15208712761374391E-04  4.16565312315981284E+00
7.23017083735676765E-04  4.22784684486554774E+00
7.42982530740211975E-04  4.33014369699150681E+00
7.53185968708572199E-04  4.39648790996183791E+00
7.73717649337532683E-04  4.50865933225807503E+00
7.94230236975586876E-04  4.61812261293742754E+00
7.97564934270114461E-04  4.69583075413349071E+00
8.17262262312538142E-04  4.80452334654356505E+00
8.37119909317963692E-04  4.91442120125841608E+00
8.56460280595558693E-04  5.02281786075424108E+00
8.67370647821067201E-04  5.09907731495974659E+00
8.85861960795288430E-04  5.20610517405680806E+00
8.92486140229577251E-04  5.27915181592215088E+00
9.15519735428173167E-04  5.37690839358062966E+00
9.53173972315692346E-04  5.48815039115185854E+00
9.72470347952714294E-04  5.59794193519649053E+00
9.85026931771632031E-04  5.68959436952165287E+00
9.56186517756391074E-04  5.73831056461582278E+00
9.70734931670067815E-04  5.84015555524906382E+00
9.89711566446757878E-04  5.95247440981409870E+00
1.00859667830390854E-03  6.06386536354807948E+00
1.02644757772870081E-03  6.16878242015193745E+00
1.03690767331363412E-03  6.23899348915058738E+00
1.04981780658972338E-03  6.33525025719214430E+00
1.06684595059655077E-03  6.43694478288959449E+00
1.08569713677671240E-03  6.54860081304061037E+00
1.10165056790247464E-03  6.65006984752030927E+00
1.12061625891966593E-03  6.76206779903502841E+00
1.13996415177728631E-03  6.85838195927912153E+00
1.15435973928211945E-03  6.94118245206264461E+00
1.17136378897092865E-03  7.04289472544651929E+00
1.18963404872332330E-03  7.15071676720260996E+00
1.20443229944640633E-03  7.23554292303887703E+00
1.22210610609782945E-03  7.34038868159074198E+00
1.23365231306279055E-03  7.39227563643982410E+00
1.68037440650722599E-03  7.45592982387385739E+00
1.70107797386633984E-03  7.54686221051353989E+00
1.71972330678604865E-03  7.62994601934207672E+00
1.74210225516998728E-03  7.72850441780597652E+00
1.76691816193869024E-03  7.83770548899584174E+00
1.79057921567905821E-03  7.94171870684235515E+00
1.81471275837403264E-03  8.04783694879713174E+00
1.83838287549057582E-03  8.15209178019490999E+00
1.85879916078649995E-03  8.24301367641110438E+00
1.88314800545154727E-03  8.35100612271476095E+00
1.90301212203806296E-03  8.43917586790819918E+00
1.92339997674844353E-03  8.52897641472302226E+00
1.93626493075658469E-03  8.58627878280237411E+00
1.96020190321147389E-03  8.69190107509029986E+00
1.97908314646567723E-03  8.77525555332547214E+00
2.00257852117106125E-03  8.87948363800035700E+00
2.02390861140220278E-03  8.97484177304258957E+00
2.04657379509863221E-03  9.07514505649216829E+00
2.07037334541759722E-03  9.18079158478640167E+00
2.07807587598088719E-03  9.21419757182530752E+00
2.10183670132984895E-03  9.31956420568510957E+00
2.12569625563013452E-03  9.42571278689488778E+00
2.14175036435999833E-03  9.49629973274429950E+00
2.16305776554384958E-03  9.59060278168598579E+00
2.18613232324422341E-03  9.69295104822207776E+00
2.20774601566898088E-03  9.78890651477219897E+00
2.23231460617723905E-03  9.88735070774297498E+00
2.25437760655904183E-03  9.98508941156275931E+00
2.29403240968993486E-03  1.00791370086450947E+01
2.31302652371808033E-03  1.01626982674252666E+01
2.33112585397356057E-03  1.02422602963561200E+01
2.35100017662447092E-03  1.03304694462869442E+01
2.47392318843164772E-03  1.04260117089445572E+01
2.49199475808660215E-03  1.05023333117584166E+01
2.51128558272458845E-03  1.05826976121697225E+01
2.53226063815329208E-03  1.06705536653920490E+01
2.55139417494063166E-03  1.07526960946276962E+01
2.57091509649527272E-03  1.08355033152220273E+01
2.59203979817316382E-03  1.09242747602707642E+01
2.61158214044447971E-03  1.10063080101364275E+01
2.63165347915032431E-03  1.10896691560156597E+01
2.64833491074038070E-03  1.11600638642545018E+01
2.66764496731848990E-03  1.12336493753623827E+01
2.68337410092588059E-03  1.13012899980960757E+01
2.46115676557618355E-03  1.13539105835865737E+01
2.48206844473166863E-03  1.14492123388390770E+01
2.50194514996096747E-03  1.15409125179424752E+01
2.51910228543197282E-03  1.16153722056236788E+01
2.53194389249559396E-03  1.16747472652073938E+01
2.65129707508684510E-03  1.17348444451891343E+01
2.67202016263371573E-03  1.18258542750537163E+01
2.68708840526064646E-03  1.18892348775546637E+01
2.70635167610007313E-03  1.19718270822020418E+01
2.72277012402493595E-03  1.20400738437413182E+01
2.74406203177070523E-03  1.21346091912810738E+01
2.76581294263100914E-03  1.22235452853324098E+01
2.78103620606109719E-03  1.22894653798398270E+01
2.80035194948874237E-03  1.23741643716807737E+01
2.81825496697934693E-03  1.24544413204640136E+01
2.83676463484213316E-03  1.25375993829250110E+01
2.85671038852355940E-03  1.26294492661252242E+01
2.87462295802961903E-03  1.27034479564121323E+01
2.89151397501587843E-03  1.27804640709014201E+01
2.91340786560470924E-03  1.28776747421138431E+01
2.93549525235860384E-03  1.29748760124128069E+01
2.95614475248003701E-03  1.30668669398066548E+01
2.97729361210771933E-03  1.31582528950549698E+01
2.99946701807709106E-03  1.32562866993690989E+01
3.01793839959984319E-03  1.33371008128328068E+01
3.04023992872692580E-03  1.34356532277999943E+01
3.05511092376531531E-03  1.35055099659584510E+01
3.07736054485737527E-03  1.36038611162049463E+01
3.09628225121671985E-03  1.36899109294620231E+01
3.11758682591630571E-03  1.37833844819317317E+01
3.13810215510254521E-03  1.38735384475850285E+01
3.15853755497954788E-03  1.39619055873508700E+01
3.17870838703035279E-03  1.40512484852621444E+01
3.26930570302492963E-03  1.41451977119603303E+01
3.28908115685788358E-03  1.42355256269619641E+01
3.29805580405631831E-03  1.42740163597219905E+01
3.31541572848459984E-03  1.43618473590613238E+01
3.33758296631812747E-03  1.44501867914939854E+01
3.36009890779292390E-03  1.45476690505964559E+01
3.38261386814367460E-03  1.46451403227889863E+01
3.40427652545780479E-03  1.47390237221327354E+01
3.42678401762230855E-03  1.48364615218906053E+01
3.44794328649725059E-03  1.49281271734665122E+01
3.47044408431303013E-03  1.50255442125679064E+01
3.49268038988087776E-03  1.51218836846292817E+01
3.51515960263144552E-03  1.52192201313035032E+01
3.53740590803092083E-03  1.53155590886885093E+01
3.55983423654032552E-03  1.54127325201304100E+01
3.58250494898855335E-03  1.55066796799598734E+01
3.59970987499196428E-03  1.55832409665650058E+01
3.61707658039918303E-03  1.56600493595566999E+01
3.63950964090498487E-03  1.57571756542533485E+01
3.66194237750252106E-03  1.58543021884147457E+01
3.69096447088742424E-03  1.59509747300308895E+01
3.70634606478045196E-03  1.60178953549468304E+01
3.72604161923042370E-03  1.61074083136982473E+01
3.81280322476538515E-03  1.61972576521541818E+01
3.83341032566096671E-03  1.62874807122498915E+01
3.85393094254928925E-03  1.63746868564457522E+01
3.87617207695767482E-03  1.64689610387311269E+01
3.89874426942471083E-03  1.65643425112848135E+01
3.92022668361104512E-03  1.66537227466050091E+01
3.94299610864104651E-03  1.67504499301915004E+01
3.96574251560197818E-03  1.68470807603174464E+01
3.98846029866482040E-03  1.69436065839207401E+01
4.00877283388638948E-03  1.70318375436886846E+01
4.03011681576291060E-03  1.71230483062294567E+01
4.05265606956945867E-03  1.72190276223365863E+01
4.07540055010631105E-03  1.73156655288226844E+01
4.09664810025408156E-03  1.74061963582302859E+01
4.11760742575057598E-03  1.74959998322383825E+01
4.13579831930793729E-03  1.75923000583471634E+01
4.15837213816836870E-03  1.76884348818265664E+01
4.17833071113940871E-03  1.77745646445369339E+01
4.20102471599931651E-03  1.78711020524718052E+01
4.22228791694567208E-03  1.79589755945316689E+01
4.24491197952628786E-03  1.80552800816519827E+01
4.26270449276499545E-03  1.81310896600028286E+01
4.28371710282150504E-03  1.82171916730549484E+01
4.30636665271404151E-03  1.83135119941875679E+01
4.21133116868093252E-03  1.84000241337370944E+01
4.07382962609450540E-03  1.84962173262848495E+01
4.12439351691824049E-03  1.85895367793460551E+01
4.16134781851762708E-03  1.86856546330443081E+01
4.02440795863070241E-03  1.87769244998144664E+01
4.33341749470035880E-03  1.88731621074005211E+01
3.97039025067745435E-03  1.87940593601293102E+01
4.40994693591222585E-03  1.88711101334648603E+01
4.67638125862471395E-03  1.89664115121473955E+01
4.76124712097991936E-03  1.90617036368287778E+01
4.76163080007169139E-03  1.90617123936508932E+01
4.74260213544050110E-03  1.91197627129352448E+01
4.79019458296880366E-03  1.92145447095007604E+01
4.57199675253027078E-03  1.93062284355983458E+01
4.47492018475247489E-03  1.94012971325569339E+01
4.54835170185164967E-03  1.94963624694924000E+01
4.68676285242921545E-03  1.95869395665553014E+01
4.76303842152140007E-03  1.96814387140604303E+01
4.88343914097060395E-03  1.97754812893178347E+01
4.93424251334837697E-03  1.98705178052475020E+01
4.93953808239600001E-03  1.99632205501469322E+01
5.01147334868918149E-03  2.00581108857292527E+01
4.99997658706215035E-03  2.01531330650041269E+01
5.05422580151386990E-03  2.02480654519598993E+01
5.08070918886164430E-03  2.03430941664760354E+01
5.10633159790494558E-03  2.04372006914182123E+01
5.12995705460893119E-03  2.05322207454352750E+01
5.15226469433753293E-03  2.06159898118211906E+01
5.17469880600318968E-03  2.07062726720880192E+01
5.13493398414153947E-03  2.07274104437902409E+01
5.19763917755581249E-03  2.08219804048390813E+01
5.22628311699997565E-03  2.09165965931147824E+01
5.25195620983829291E-03  2.10046200316079457E+01
5.27560597093820315E-03  2.10992072745455701E+01
5.29907159175290864E-03  2.11929455081364821E+01
5.32247043768467164E-03  2.12864439531492877E+01
5.34223334082158975E-03  2.13810140852819330E+01
5.27790246531465237E-03  2.12471046445642600E+01
4.80267241288526246E-03  2.13207480100384110E+01
4.82934504461628427E-03  2.14142548751555033E+01
4.85606749157150783E-03  2.15077515841156170E+01
4.92271433741877946E-03  2.16012475171594076E+01
4.98688179505380347E-03  2.16947432122678237E+01
5.03793437371460179E-03  2.17873099715556187E+01
4.55229795801070751E-03  2.18778978191595428E+01
4.60486974025663305E-03  2.19702647582255288E+01
4.62945346084692871E-03  2.20637439491944889E+01
4.66710950679896045E-03  2.21568472237545215E+01
4.76404166896324862E-03  2.22495041100384583E+01
4.81602817250024497E-03  2.23367280577827820E+01
4.91080968713712707E-03  2.24301795374688560E+01
5.08155125667490975E-03  2.24521978234812600E+01
5.03166321757397492E-03  2.24298287707709498E+01
5.30173839976669746E-03  2.25219712158525667E+01
5.60340427139689040E-03  2.26146542763533134E+01
5.62484019595005900E-03  2.26990808669651436E+01
5.64496817219509780E-03  2.27784810036466574E+01
5.66754204616377703E-03  2.28709808824235665E+01
5.68302975490929310E-03  2.29635724217846615E+01
5.70514333688466792E-03  2.30561636266271144E+01
