0.00000000000000000E+00  0.00000000000000000E+00
4.70577529101022046E-05  1.33507091990336479E+00
7.05284040018843821E-05  2.00106064598039302E+00
7.63152617878300242E-05  2.16464658882116368E+00
8.52425327122427749E-05  2.41184060768395003E+00
8.87375223404603960E-05  2.51033243336410283E+00
9.36104238515708047E-05  2.65254538678780127E+00
4.46310074895461253E-04  2.63995927435356537E+00
4.48182586040605895E-04  2.74918778828511723E+00
4.47589831697342534E-04  2.82482217256306889E+00
4.37933517614401153E-04  2.78708125606475132E+00
4.26065053289248388E-04  2.73309923482062089E+00
4.42182654799125080E-04  2.87264916978645690E+00
4.68827558199941675E-04  2.93899338196825965E+00
4.49624517052442071E-04  2.86483114312693665E+00
4.65321141212605776E-04  2.98640042232213965E+00
4.69000305925792093E-04  3.02435086564847166E+00
4.66242971110866539E-04  3.06151089220634187E+00
4.65495607946171609E-04  3.09043153441749485E+00
4.84007393185434029E-04  3.17682511161374137E+00
4.74270353384464646E-04  3.20547313016430335E+00
4.79685171692421171E-04  3.27667568798860698E+00
4.84775884695257434E-04  3.34302689738320336E+00
5.04289761616741566E-04  3.45566935012487830E+00
5.23265790767564031E-04  3.52849957213712173E+00
5.42276536500681944E-04  3.63534052265190244E+00
5.63227352253113417E-04  3.72629500027380534E+00
5.69732939968202760E-04  3.79904039124771264E+00
5.85502501356440310E-04  3.88130429617054684E+00
6.01581609921142575E-04  3.97229060606917939E+00
6.18003550329681997E-04  4.07064246887329517E+00
6.33179737918965939E-04  4.16565312315981284E+00
6.51700710883740069E-04  4.22784684486554774E+00
6.70077465043928647E-04  4.33014369699150681E+00
7.12091922303760691E-04  4.39648790996183791E+00
7.30681642716664347E-04  4.50865933225807503E+00
7.50165552962913968E-04  4.61812261293742754E+00
7.81796723436063300E-04  4.69583075413349071E+00
8.01737208079773421E-04  4.80452334654356505E+00
8.21332509289419044E-04  4.91442120125841608E+00
8.41199490279588027E-04  5.02281786075424108E+00
8.60196879004998158E-04  5.09907731495974659E+00
8.79882499338225190E-04  5.20610517405680806E+00
9.25569803445851626E-04  5.27915181592215088E+00
9.41243115808775249E-04  5.37690839358062966E+00
9.61500595807559654E-04  5.48815039115185854E+00
9.81689813610767516E-04  5.59794193519649053E+00
1.00229147545884503E-03  5.68959436952165287E+00
1.01740717997695598E-03  5.73831056461582278E+00
1.03826803283761909E-03  5.84015555524906382E+00
1.05929695095187057E-03  5.95247440981409870E+00
1.08032553619143222E-03  6.06386536354807948E+00
1.09982145375956894E-03  6.16878242015193745E+00
1.20746678329939640E-03  6.23899348915058738E+00
1.22969747412896469E-03  6.33525025719214430E+00
1.24992128730724698E-03  6.43694478288959449E+00
1.26586835602579073E-03  6.54860081304061037E+00
1.28602436256329143E-03  6.65006984752030927E+00
1.30748801233522083E-03  6.76206779903502841E+00
1.32401021933866553E-03  6.85838195927912153E+00
1.33840962492842133E-03  6.94118245206264461E+00
1.35845831656486167E-03  7.04289472544651929E+00
1.37938795910332122E-03  7.15071676720260996E+00
1.40450368423684457E-03  7.23554292303887703E+00
1.42550240158744162E-03  7.34038868159074198E+00
1.43615003438711747E-03  7.39227563643982410E+00
1.44489997744059930E-03  7.45592982387385739E+00
1.46033064980924626E-03  7.54686221051353989E+00
1.47885003245422104E-03  7.62994601934207672E+00
1.49780745624667963E-03  7.72850441780597652E+00
1.51871970401375720E-03  7.83770548899584174E+00
1.53871809958620420E-03  7.94171870684235515E+00
1.55906651972425149E-03  8.04783694879713174E+00
1.57954679384021712E-03  8.15209178019490999E+00
1.59873018763849613E-03  8.24301367641110438E+00
1.62018900088732837E-03  8.35100612271476095E+00
1.63750060693505263E-03  8.43917586790819918E+00
1.65335552258955259E-03  8.52897641472302226E+00
1.65707470916579220E-03  8.58627878280237411E+00
1.68119561927684933E-03  8.69190107509029986E+00
1.60251833040203715E-03  8.77525555332547214E+00
1.62146343192015878E-03  8.87948363800035700E+00
1.64095398601320523E-03  8.97484177304258957E+00
1.65857894580912521E-03  9.07514505649216829E+00
1.67811555685493672E-03  9.18079158478640167E+00
1.68210788001786366E-03  9.21419757182530752E+00
1.70119311044923649E-03  9.31956420568510957E+00
1.72035477017616037E-03  9.42571278689488778E+00
1.73053355378837846E-03  9.49629973274429950E+00
1.74705596960672538E-03  9.59060278168598579E+00
1.76538638491608390E-03  9.69295104822207776E+00
1.78305488503817606E-03  9.78890651477219897E+00
1.79914070212723446E-03  9.88735070774297498E+00
1.81671006613820865E-03  9.98508941156275931E+00
1.87965211350332056E-03  1.00791370086450947E+01
1.89564910813393920E-03  1.01626982674252666E+01
1.90904128694116071E-03  1.02422602963561200E+01
1.92761142012002349E-03  1.03304694462869442E+01
1.94606561801444829E-03  1.04260117089445572E+01
1.96063146427429913E-03  1.05023333117584166E+01
1.97384837270365944E-03  1.05826976121697225E+01
1.99002435138471816E-03  1.06705536653920490E+01
2.00926487357738466E-03  1.07526960946276962E+01
1.80272227524761949E-03  1.08355033152220273E+01
1.81645649964089022E-03  1.09242747602707642E+01
1.82897306988824885E-03  1.10063080101364275E+01
1.84244277653922801E-03  1.10896691560156597E+01
1.85437433739869492E-03  1.11600638642545018E+01
2.15833451769681514E-03  1.12336493753623827E+01
2.17504050942218807E-03  1.13012899980960757E+01
2.18792476689644083E-03  1.13539105835865737E+01
2.20379450351078018E-03  1.14492123388390770E+01
2.22102943747762380E-03  1.15409125179424752E+01
2.23170564399052850E-03  1.16153722056236788E+01
2.24453593643656954E-03  1.16747472652073938E+01
2.25940676992831321E-03  1.17348444451891343E+01
2.27685407594929680E-03  1.18258542750537163E+01
2.28573954135877916E-03  1.18892348775546637E+01
2.49241589326391118E-03  1.19718270822020418E+01
2.49938935552191906E-03  1.20400738437413182E+01
2.52014577463934887E-03  1.21346091912810738E+01
2.53828803788714880E-03  1.22235452853324098E+01
2.54643044801876458E-03  1.22894653798398270E+01
2.56406744619220488E-03  1.23741643716807737E+01
2.58450047317081892E-03  1.24544413204640136E+01
2.60640704746804841E-03  1.25375993829250110E+01
2.63282363449001376E-03  1.26294492661252242E+01
2.63870836696124917E-03  1.27034479564121323E+01
2.66029446597581057E-03  1.27804640709014201E+01
2.68130957104563894E-03  1.28776747421138431E+01
2.70058804633791600E-03  1.29748760124128069E+01
2.72139863901069362E-03  1.30668669398066548E+01
2.73647701618742788E-03  1.31582528950549698E+01
2.75699242092641373E-03  1.32562866993690989E+01
2.78808937852694861E-03  1.33371008128328068E+01
2.80868044463846497E-03  1.34356532277999943E+01
2.83179745460514958E-03  1.35055099659584510E+01
2.85240680785376526E-03  1.36038611162049463E+01
2.87657155736415534E-03  1.36899109294620231E+01
2.89334060585013991E-03  1.37833844819317317E+01
2.91122918900789222E-03  1.38735384475850285E+01
2.93625187548290619E-03  1.39619055873508700E+01
2.95668623929932735E-03  1.40512484852621444E+01
2.97781480445133201E-03  1.41451977119603303E+01
3.00640691248279949E-03  1.42355256269619641E+01
3.02171467204052652E-03  1.42740163597219905E+01
3.06670645808412119E-03  1.43618473590613238E+01
3.06664594670170119E-03  1.44501867914939854E+01
3.08734281288632539E-03  1.45476690505964559E+01
3.10802203843890852E-03  1.46451403227889863E+01
3.12800829507509960E-03  1.47390237221327354E+01
3.14868009203267190E-03  1.48364615218906053E+01
3.16839012051432778E-03  1.49281271734665122E+01
3.18907301658453990E-03  1.50255442125679064E+01
3.20965254941451639E-03  1.51218836846292817E+01
3.23035762813028661E-03  1.52192201313035032E+01
3.25085554272318928E-03  1.53155590886885093E+01
3.27147791683712105E-03  1.54127325201304100E+01
3.28294141035836940E-03  1.55066796799598734E+01
3.30108545316377651E-03  1.55832409665650058E+01
3.31815942622609543E-03  1.56600493595566999E+01
3.33875574134866399E-03  1.57571756542533485E+01
3.35935464893483094E-03  1.58543021884147457E+01
3.37974657464719559E-03  1.59509747300308895E+01
3.39695677050441463E-03  1.60178953549468304E+01
3.42479008338584124E-03  1.61074083136982473E+01
3.44450348488548096E-03  1.61972576521541818E+01
3.46746570243526607E-03  1.62874807122498915E+01
3.48926894941694373E-03  1.63746868564457522E+01
3.50892324442144245E-03  1.64689610387311269E+01
3.52830776527373983E-03  1.65643425112848135E+01
3.54525924861847936E-03  1.66537227466050091E+01
3.56585327861440315E-03  1.67504499301915004E+01
3.58642873506317223E-03  1.68470807603174464E+01
3.60698850135007191E-03  1.69436065839207401E+01
3.62914735574887968E-03  1.70318375436886846E+01
3.64954284021945519E-03  1.71230483062294567E+01
3.66595093370401933E-03  1.72190276223365863E+01
3.68653404096969334E-03  1.73156655288226844E+01
3.70496947399132342E-03  1.74061963582302859E+01
3.72448614486824018E-03  1.74959998322383825E+01
3.74523801759127578E-03  1.75923000583471634E+01
3.76583164062836186E-03  1.76884348818265664E+01
3.79018213820271448E-03  1.77745646445369339E+01
3.81076919364028814E-03  1.78711020524718052E+01
3.82481601794236155E-03  1.79589755945316689E+01
3.84545011740710990E-03  1.80552800816519827E+01
3.86185525776516813E-03  1.81310896600028286E+01
3.87464108559765555E-03  1.82171916730549484E+01
3.89513591714022367E-03  1.83135119941875679E+01
3.91703394850218337E-03  1.84000241337370944E+01
3.93751617242663662E-03  1.84962173262848495E+01
3.95821096586409377E-03  1.85895367793460551E+01
3.97866716901251229E-03  1.86856546330443081E+01
4.00178795934296935E-03  1.87769244998144664E+01
4.02230551689545298E-03  1.88731621074005211E+01
4.04520000823892830E-03  1.87940593601293102E+01
4.06315760828502258E-03  1.88711101334648603E+01
4.08369180722949806E-03  1.89664115121473955E+01
4.10422432378193189E-03  1.90617036368287778E+01
4.10422180310832888E-03  1.90617123936508932E+01
4.09880504756880530E-03  1.91197627129352448E+01
4.11918000671859536E-03  1.92145447095007604E+01
4.13857021156679473E-03  1.93062284355983458E+01
4.15896334000413412E-03  1.94012971325569339E+01
4.17935815364681509E-03  1.94963624694924000E+01
4.19859126127108788E-03  1.95869395665553014E+01
4.21915773736966475E-03  1.96814387140604303E+01
4.23953783866572176E-03  1.97754812893178347E+01
4.25993325864264943E-03  1.98705178052475020E+01
4.27892193598539746E-03  1.99632205501469322E+01
4.30000365525183646E-03  2.00581108857292527E+01
4.32039826618431117E-03  2.01531330650041269E+01
4.34079513951771048E-03  2.02480654519598993E+01
4.36118144610666593E-03  2.03430941664760354E+01
4.38131394007932468E-03  2.04372006914182123E+01
4.40170470933551154E-03  2.05322207454352750E+01
4.42444399874423935E-03  2.06159898118211906E+01
4.44545976116716372E-03  2.07062726720880192E+01
4.43467475806044904E-03  2.07274104437902409E+01
4.45487988795701447E-03  2.08219804048390813E+01
4.47512711612070568E-03  2.09165965931147824E+01
4.49379849341307539E-03  2.10046200316079457E+01
4.51403976689940430E-03  2.10992072745455701E+01
4.53395469600184099E-03  2.11929455081364821E+01
4.55380231622008139E-03  2.12864439531492877E+01
4.57402923226445535E-03  2.13810140852819330E+01
4.49889012535991967E-03  2.12471046445642600E+01
4.52405327471564703E-03  2.13207480100384110E+01
4.54389471263873159E-03  2.14142548751555033E+01
4.56373214531637615E-03  2.15077515841156170E+01
4.58357660024359855E-03  2.16012475171594076E+01
4.60341731222788271E-03  2.16947432122678237E+01
4.62329104103678928E-03  2.17873099715556187E+01
4.64344292261960855E-03  2.18778978191595428E+01
4.66340124662013595E-03  2.19702647582255288E+01
4.68324180047650831E-03  2.20637439491944889E+01
4.70298762095675872E-03  2.21568472237545215E+01
4.72251276772207677E-03  2.22495041100384583E+01
4.74414484222768391E-03  2.23367280577827820E+01
4.76399334626865460E-03  2.24301795374688560E+01
4.77192910721181522E-03  2.24521978234812600E+01
5.45848006007400213E-03  2.24298287707709498E+01
5.48088494464229851E-03  2.25219712158525667E+01
5.50344032479333552E-03  2.26146542763533134E+01
5.52332842155555271E-03  2.26990808669651436E+01
5.54207640301135687E-03  2.27784810036466574E+01
5.56457266208454891E-03  2.28709808824235665E+01
5.58710057217065917E-03  2.29635724217846615E+01
5.60963101142405735E-03  2.30561636266271144E+01
