0.00000000000000000E+00  0.00000000000000000E+00
4.70577536176703165E-05  1.33507091990336479E+00
7.05288424630378210E-05  2.00106064598039302E+00
7.63158802888523543E-05  2.16464658882116368E+00
8.61443426520864809E-05  2.41184060768395003E+00
8.96742846802863521E-05  2.51033243336410283E+00
9.46765503597511937E-05  2.65254538678780127E+00
9.53264879639728326E-05  2.63995927435356537E+00
9.92961644598873379E-05  2.74918778828511723E+00
1.02042068361713788E-04  2.82482217256306889E+00
1.00694024073780860E-04  2.78708125606475132E+00
9.87605797727278970E-05  2.73309923482062089E+00
1.03827193905277015E-04  2.87264916978645690E+00
1.06261293309424184E-04  2.93899338196825965E+00
1.03493257385965954E-04  2.86483114312693665E+00
1.07894391877484016E-04  2.98640042232213965E+00
1.09246193079030307E-04  3.02435086564847166E+00
1.10595846201977122E-04  3.06151089220634187E+00
1.11647726639019853E-04  3.09043153441749485E+00
1.14785928329726628E-04  3.17682511161374137E+00
4.88702880793583289E-04  3.20547313016430335E+00
5.87407396161218490E-04  3.27667568798860698E+00
5.98254478933556003E-04  3.34302689738320336E+00
6.20711250915469636E-04  3.45566935012487830E+00
6.38351118539207205E-04  3.52849957213712173E+00
6.69408342734340934E-04  3.63534052265190244E+00
6.91166810044806300E-04  3.72629500027380534E+00
7.02417606162273472E-04  3.79904039124771264E+00
7.20604141773384605E-04  3.88130429617054684E+00
7.39581695668818130E-04  3.97229060606917939E+00
7.66919301875158463E-04  4.07064246887329517E+00
7.86068548837391343E-04  4.16565312315981284E+00
8.02917583193782543E-04  4.22784684486554774E+00
8.25755183279287320E-04  4.33014369699150681E+00
9.04199319704975554E-04  4.39648790996183791E+00
9.42018289203567323E-04  4.50865933225807503E+00
9.67792679796215826E-04  4.61812261293742754E+00
9.95293093443870005E-04  4.69583075413349071E+00
1.02014170070036992E-03  4.80452334654356505E+00
1.04544084091981460E-03  4.91442120125841608E+00
1.06923877259580214E-03  5.02281786075424108E+00
1.08774905342800816E-03  5.09907731495974659E+00
1.11142898420854715E-03  5.20610517405680806E+00
1.13230785830861075E-03  5.27915181592215088E+00
1.15844401210872202E-03  5.37690839358062966E+00
1.17861717350900520E-03  5.48815039115185854E+00
1.20300805950286681E-03  5.59794193519649053E+00
1.22549353475247757E-03  5.68959436952165287E+00
1.23832957937644616E-03  5.73831056461582278E+00
1.26244202364552837E-03  5.84015555524906382E+00
1.28711308151910429E-03  5.95247440981409870E+00
1.31155700560636941E-03  6.06386536354807948E+00
1.33451723870532126E-03  6.16878242015193745E+00
1.35125218498170232E-03  6.23899348915058738E+00
1.37523211827807320E-03  6.33525025719214430E+00
1.39767504735215467E-03  6.43694478288959449E+00
1.42223596641874862E-03  6.54860081304061037E+00
1.44552986933459506E-03  6.65006984752030927E+00
1.47011930255810898E-03  6.76206779903502841E+00
1.48873857836156424E-03  6.85838195927912153E+00
1.50612585938884771E-03  6.94118245206264461E+00
1.52860223735273816E-03  7.04289472544651929E+00
1.55226007732191121E-03  7.15071676720260996E+00
1.57044907334274032E-03  7.23554292303887703E+00
1.59361904550288087E-03  7.34038868159074198E+00
1.60271064655774227E-03  7.39227563643982410E+00
1.57941480928469710E-03  7.45592982387385739E+00
1.59872049938310397E-03  7.54686221051353989E+00
1.61652488994929876E-03  7.62994601934207672E+00
1.63747521625081977E-03  7.72850441780597652E+00
1.66066049736204001E-03  7.83770548899584174E+00
1.68274054482098938E-03  7.94171870684235515E+00
1.70527310011362723E-03  8.04783694879713174E+00
1.74588079488184351E-03  8.15209178019490999E+00
1.76557710713968357E-03  8.24301367641110438E+00
1.78871668128388096E-03  8.35100612271476095E+00
1.80762497491941372E-03  8.43917586790819918E+00
1.82657122798982768E-03  8.52897641472302226E+00
1.83891949469201029E-03  8.58627878280237411E+00
1.86226791895438082E-03  8.69190107509029986E+00
1.87993342916317600E-03  8.77525555332547214E+00
1.90228557027444733E-03  8.87948363800035700E+00
1.92307757902435085E-03  8.97484177304258957E+00
1.94448242636675460E-03  9.07514505649216829E+00
1.96717767600358608E-03  9.18079158478640167E+00
1.97399370723145033E-03  9.21419757182530752E+00
1.99660679585331527E-03  9.31956420568510957E+00
2.01991474027242261E-03  9.42571278689488778E+00
2.03548996019487990E-03  9.49629973274429950E+00
2.05553345604212291E-03  9.59060278168598579E+00
2.07452718001035650E-03  9.69295104822207776E+00
2.09518912348364899E-03  9.78890651477219897E+00
2.11605975067285330E-03  9.88735070774297498E+00
2.13692222129847594E-03  9.98508941156275931E+00
2.16251976599884108E-03  1.00791370086450947E+01
2.18030994242161651E-03  1.01626982674252666E+01
2.19720992809478363E-03  1.02422602963561200E+01
2.21611650619521830E-03  1.03304694462869442E+01
2.23643216903787138E-03  1.04260117089445572E+01
2.25281514722869888E-03  1.05023333117584166E+01
2.26979811764636309E-03  1.05826976121697225E+01
2.28843958554524572E-03  1.06705536653920490E+01
2.30610422086779910E-03  1.07526960946276962E+01
2.32393069944408261E-03  1.08355033152220273E+01
2.34309206436950426E-03  1.09242747602707642E+01
2.36048448373355488E-03  1.10063080101364275E+01
2.36175338476480147E-03  1.10896691560156597E+01
2.37665135192884069E-03  1.11600638642545018E+01
2.32902366215675472E-03  1.12336493753623827E+01
2.34329256236583692E-03  1.13012899980960757E+01
2.73049795713461909E-03  1.13539105835865737E+01
2.75309521439973028E-03  1.14492123388390770E+01
2.77511777486163678E-03  1.15409125179424752E+01
2.79251646876019699E-03  1.16153722056236788E+01
2.80680946242121022E-03  1.16747472652073938E+01
2.80050025534473064E-03  1.17348444451891343E+01
2.82205945554894018E-03  1.18258542750537163E+01
2.83657261453327397E-03  1.18892348775546637E+01
2.85721224364104704E-03  1.19718270822020418E+01
2.87280028088881482E-03  1.20400738437413182E+01
2.89531857815514704E-03  1.21346091912810738E+01
2.91630194537462152E-03  1.22235452853324098E+01
2.93174738011883025E-03  1.22894653798398270E+01
2.95177798338443339E-03  1.23741643716807737E+01
2.97102316361944540E-03  1.24544413204640136E+01
2.99103559794418328E-03  1.25375993829250110E+01
3.01337506113846581E-03  1.26294492661252242E+01
3.03015236220508617E-03  1.27034479564121323E+01
3.04877736928452908E-03  1.27804640709014201E+01
3.07189414263844395E-03  1.28776747421138431E+01
3.09457398301604854E-03  1.29748760124128069E+01
3.18147464254529616E-03  1.30668669398066548E+01
3.20343337910226249E-03  1.31582528950549698E+01
3.22733574936686458E-03  1.32562866993690989E+01
3.24806647349937683E-03  1.33371008128328068E+01
3.27206698082965633E-03  1.34356532277999943E+01
3.28963334286976484E-03  1.35055099659584510E+01
3.31358859939547088E-03  1.36038611162049463E+01
3.33488071545121967E-03  1.36899109294620231E+01
3.35752513762836973E-03  1.37833844819317317E+01
3.37938777724508402E-03  1.38735384475850285E+01
3.40127617558837235E-03  1.39619055873508700E+01
3.42306166117110466E-03  1.40512484852621444E+01
3.44667397316669993E-03  1.41451977119603303E+01
3.46926864588605879E-03  1.42355256269619641E+01
3.47862462661606029E-03  1.42740163597219905E+01
3.50160284401618239E-03  1.43618473590613238E+01
3.52217773967471084E-03  1.44501867914939854E+01
3.54592010507306108E-03  1.45476690505964559E+01
3.56965871167164422E-03  1.46451403227889863E+01
3.59253614541021286E-03  1.47390237221327354E+01
3.61626652079571637E-03  1.48364615218906053E+01
3.63954147331816595E-03  1.49281271734665122E+01
3.66328414566349835E-03  1.50255442125679064E+01
3.68676260767460216E-03  1.51218836846292817E+01
3.71047689201910906E-03  1.52192201313035032E+01
3.73394953848550648E-03  1.53155590886885093E+01
3.75762392368225945E-03  1.54127325201304100E+01
3.77997135324361798E-03  1.55066796799598734E+01
3.79887235784538702E-03  1.55832409665650058E+01
3.81779211997251931E-03  1.56600493595566999E+01
3.84145454541750175E-03  1.57571756542533485E+01
3.86511646015782941E-03  1.58543021884147457E+01
3.88388932166794333E-03  1.59509747300308895E+01
3.90023572762937358E-03  1.60178953549468304E+01
3.92256949000226608E-03  1.61074083136982473E+01
3.94382776564555868E-03  1.61972576521541818E+01
3.96608638779250011E-03  1.62874807122498915E+01
3.98731434790377745E-03  1.63746868564457522E+01
4.01024610455989836E-03  1.64689610387311269E+01
4.03341433920173346E-03  1.65643425112848135E+01
4.05497064132409168E-03  1.66537227466050091E+01
4.07852297261671135E-03  1.67504499301915004E+01
4.10205200724573366E-03  1.68470807603174464E+01
4.12555728189535533E-03  1.69436065839207401E+01
4.14725627971202805E-03  1.70318375436886846E+01
4.16974464837035087E-03  1.71230483062294567E+01
4.19314165015409294E-03  1.72190276223365863E+01
4.21667534340947493E-03  1.73156655288226844E+01
4.23874826115878608E-03  1.74061963582302859E+01
4.26069971109575927E-03  1.74959998322383825E+01
4.29218694382901313E-03  1.75923000583471634E+01
4.31565460567225577E-03  1.76884348818265664E+01
4.33680547806227380E-03  1.77745646445369339E+01
4.36035982501428547E-03  1.78711020524718052E+01
4.38152382607858923E-03  1.79589755945316689E+01
4.40502828050391790E-03  1.80552800816519827E+01
4.42354537831819890E-03  1.81310896600028286E+01
4.44418382661008592E-03  1.82171916730549484E+01
4.46768215469624166E-03  1.83135119941875679E+01
4.48901825752699799E-03  1.84000241337370944E+01
4.51248649586796086E-03  1.84962173262848495E+01
4.53526285614170611E-03  1.85895367793460551E+01
4.55871365037597859E-03  1.86856546330443081E+01
4.58121887318173240E-03  1.87769244998144664E+01
4.60469953729467866E-03  1.88731621074005211E+01
4.58367867823200863E-03  1.87940593601293102E+01
4.60085900293395397E-03  1.88711101334648603E+01
4.62409369234922582E-03  1.89664115121473955E+01
4.64732612843272302E-03  1.90617036368287778E+01
4.64732755876259666E-03  1.90617123936508932E+01
4.65959070610444479E-03  1.91197627129352448E+01
4.68269279314959420E-03  1.92145447095007604E+01
4.70494953936043299E-03  1.93062284355983458E+01
4.72811796264715686E-03  1.94012971325569339E+01
4.75128554412162975E-03  1.94963624694924000E+01
4.77332585158010692E-03  1.95869395665553014E+01
4.79638203697347991E-03  1.96814387140604303E+01
4.81930936565506778E-03  1.97754812893178347E+01
4.84247038001817294E-03  1.98705178052475020E+01
4.86501534994802226E-03  1.99632205501469322E+01
4.88819432885234228E-03  2.00581108857292527E+01
4.91135216732620575E-03  2.01531330650041269E+01
4.93448994847536879E-03  2.02480654519598993E+01
4.95764883472833706E-03  2.03430941664760354E+01
4.98158930969462132E-03  2.04372006914182123E+01
5.00475102982243705E-03  2.05322207454352750E+01
5.02535519602104273E-03  2.06159898118211906E+01
5.04756158581694866E-03  2.07062726720880192E+01
5.05139005095415518E-03  2.07274104437902409E+01
5.07443481188880018E-03  2.08219804048390813E+01
5.09749366695455303E-03  2.09165965931147824E+01
5.11893131136532432E-03  2.10046200316079457E+01
5.14198313339140310E-03  2.10992072745455701E+01
5.16480938541736233E-03  2.11929455081364821E+01
5.18758172045509849E-03  2.12864439531492877E+01
5.21062840591460241E-03  2.13810140852819330E+01
5.89579143660918636E-03  2.12471046445642600E+01
6.11742380370887320E-03  2.13207480100384110E+01
6.15218800090046921E-03  2.14142548751555033E+01
6.17515123576305863E-03  2.15077515841156170E+01
6.19654023493943201E-03  2.16012475171594076E+01
6.23094677113090589E-03  2.16947432122678237E+01
6.25397863764575422E-03  2.17873099715556187E+01
6.23326736463846853E-03  2.18778978191595428E+01
6.25839047720203566E-03  2.19702647582255288E+01
6.28600536503469073E-03  2.20637439491944889E+01
6.31694981832178759E-03  2.21568472237545215E+01
6.34980199634154092E-03  2.22495041100384583E+01
6.37648482371621587E-03  2.23367280577827820E+01
6.40313314694011728E-03  2.24301795374688560E+01
6.41104132726178812E-03  2.24521978234812600E+01
6.41767837653796011E-03  2.24298287707709498E+01
6.44407315539032282E-03  2.25219712158525667E+01
6.47060185772690283E-03  2.26146542763533134E+01
6.49222954507572628E-03  2.26990808669651436E+01
6.51263228624939395E-03  2.27784810036466574E+01
6.54028804265675660E-03  2.28709808824235665E+01
6.56652020556388206E-03  2.29635724217846615E+01
6.59383238359460746E-03  2.30561636266271144E+01
