0.00000000000000000E+00  0.00000000000000000E+00
4.70577539605497076E-05  1.33507091990336479E+00
7.05296751738990505E-05  2.00106064598039302E+00
7.63170779092764233E-05  2.16464658882116368E+00
8.50673717049879873E-05  2.41184060768395003E+00
8.84507032925951496E-05  2.51033243336410283E+00
9.34539309821481721E-05  2.65254538678780127E+00
9.30793612762952511E-05  2.63995927435356537E+00
9.68984653265506541E-05  2.74918778828511723E+00
1.00976437520838600E-04  2.82482217256306889E+00
4.55750710645443850E-04  2.78708125606475132E+00
4.50558437076344239E-04  2.73309923482062089E+00
4.67737685931729084E-04  2.87264916978645690E+00
4.84222590408975914E-04  2.93899338196825965E+00
4.65251421541588387E-04  2.86483114312693665E+00
4.91856996559453166E-04  2.98640042232213965E+00
5.08798742100322141E-04  3.02435086564847166E+00
5.13942865714037112E-04  3.06151089220634187E+00
5.14674314502247716E-04  3.09043153441749485E+00
5.25654707926215986E-04  3.17682511161374137E+00
5.23850913138461079E-04  3.20547313016430335E+00
5.35876623025785168E-04  3.27667568798860698E+00
5.49045156538761729E-04  3.34302689738320336E+00
5.71531550882233507E-04  3.45566935012487830E+00
5.89416776306419263E-04  3.52849957213712173E+00
6.09760029257313684E-04  3.63534052265190244E+00
6.38744821872395778E-04  3.72629500027380534E+00
5.97454581176836016E-04  3.79904039124771264E+00
6.11628711835826848E-04  3.88130429617054684E+00
6.27613996348532713E-04  3.97229060606917939E+00
6.47915959005368057E-04  4.07064246887329517E+00
6.70158757893195159E-04  4.16565312315981284E+00
6.80927120818548099E-04  4.22784684486554774E+00
6.99238277855299996E-04  4.33014369699150681E+00
7.15075837603156993E-04  4.39648790996183791E+00
7.34264567485235007E-04  4.50865933225807503E+00
7.53893725103703806E-04  4.61812261293742754E+00
7.73117560899576166E-04  4.69583075413349071E+00
7.91955325809015728E-04  4.80452334654356505E+00
8.33263628793812260E-04  4.91442120125841608E+00
8.52937546911519012E-04  5.02281786075424108E+00
8.67193125734689089E-04  5.09907731495974659E+00
8.86930381153827108E-04  5.20610517405680806E+00
9.04281989667768903E-04  5.27915181592215088E+00
9.25088881601207201E-04  5.37690839358062966E+00
9.44827571858206918E-04  5.48815039115185854E+00
9.64541077248603097E-04  5.59794193519649053E+00
9.84229826681457106E-04  5.68959436952165287E+00
1.35085754898856404E-03  5.73831056461582278E+00
1.38378696577967598E-03  5.84015555524906382E+00
1.41025165686285291E-03  5.95247440981409870E+00
1.43695632447087148E-03  6.06386536354807948E+00
1.46260199223421320E-03  6.16878242015193745E+00
1.51461437528849262E-03  6.23899348915058738E+00
1.53885835400532456E-03  6.33525025719214430E+00
1.56456216292937965E-03  6.43694478288959449E+00
1.59250433454291270E-03  6.54860081304061037E+00
1.62098254232924052E-03  6.65006984752030927E+00
1.64908693366850895E-03  6.76206779903502841E+00
1.66707676459106405E-03  6.85838195927912153E+00
1.69177805480499291E-03  6.94118245206264461E+00
1.71482602944324236E-03  7.04289472544651929E+00
1.74177766357142623E-03  7.15071676720260996E+00
1.76524448080253062E-03  7.23554292303887703E+00
1.78757801279067451E-03  7.34038868159074198E+00
1.76938040657023828E-03  7.39227563643982410E+00
1.77888269091092881E-03  7.45592982387385739E+00
1.80551766267121106E-03  7.54686221051353989E+00
1.82875672684244752E-03  7.62994601934207672E+00
1.85404675585871181E-03  7.72850441780597652E+00
1.88094493070134765E-03  7.83770548899584174E+00
1.90601999221352175E-03  7.94171870684235515E+00
1.93207744004482190E-03  8.04783694879713174E+00
1.95802100524323413E-03  8.15209178019490999E+00
1.98285773989651144E-03  8.24301367641110438E+00
2.00949933234925151E-03  8.35100612271476095E+00
2.03223071465391059E-03  8.43917586790819918E+00
2.11119826293514057E-03  8.52897641472302226E+00
2.12758192327116126E-03  8.58627878280237411E+00
2.15427281117877567E-03  8.69190107509029986E+00
2.17398063894966905E-03  8.77525555332547214E+00
2.20036082635680173E-03  8.87948363800035700E+00
2.34727519904279159E-03  8.97484177304258957E+00
2.37368661647924988E-03  9.07514505649216829E+00
2.40163060186795443E-03  9.18079158478640167E+00
2.41009227393727344E-03  9.21419757182530752E+00
2.43790821989591780E-03  9.31956420568510957E+00
2.46593116601931221E-03  9.42571278689488778E+00
2.48433554732374303E-03  9.49629973274429950E+00
2.50786483888312687E-03  9.59060278168598579E+00
2.53507252888274769E-03  9.69295104822207776E+00
2.56047370388039035E-03  9.78890651477219897E+00
2.58629781873684871E-03  9.88735070774297498E+00
2.61211019370736867E-03  9.98508941156275931E+00
2.63670285732859602E-03  1.00791370086450947E+01
2.65875657611948151E-03  1.01626982674252666E+01
2.67982712371863524E-03  1.02422602963561200E+01
2.70283977646073410E-03  1.03304694462869442E+01
2.72812936638347926E-03  1.04260117089445572E+01
2.74837571016377886E-03  1.05023333117584166E+01
2.77711625922910611E-03  1.05826976121697225E+01
2.80016116597269849E-03  1.06705536653920490E+01
2.81863766943702332E-03  1.07526960946276962E+01
2.84038818518154729E-03  1.08355033152220273E+01
2.86344902185992154E-03  1.09242747602707642E+01
2.88472399078690180E-03  1.10063080101364275E+01
2.90639273470135601E-03  1.10896691560156597E+01
2.92477484669458531E-03  1.11600638642545018E+01
2.94398553223088402E-03  1.12336493753623827E+01
2.95357461823864392E-03  1.13012899980960757E+01
2.96720860206687535E-03  1.13539105835865737E+01
2.99170709456632973E-03  1.14492123388390770E+01
3.01569066196874557E-03  1.15409125179424752E+01
3.03477368880764259E-03  1.16153722056236788E+01
3.13141686357648000E-03  1.16747472652073938E+01
3.14814514077424619E-03  1.17348444451891343E+01
3.17259611483566026E-03  1.18258542750537163E+01
3.18957912631602069E-03  1.18892348775546637E+01
3.21170302535312433E-03  1.19718270822020418E+01
3.22981090288146670E-03  1.20400738437413182E+01
3.25557061484605314E-03  1.21346091912810738E+01
3.27968862304978646E-03  1.22235452853324098E+01
2.89198366115602217E-03  1.22894653798398270E+01
2.91202590503374234E-03  1.23741643716807737E+01
2.93125231908424782E-03  1.24544413204640136E+01
2.95116147755606316E-03  1.25375993829250110E+01
2.97355751001837166E-03  1.26294492661252242E+01
2.99009770480218855E-03  1.27034479564121323E+01
3.00864084168838471E-03  1.27804640709014201E+01
3.08046271665232338E-03  1.28776747421138431E+01
3.10415069640917682E-03  1.29748760124128069E+01
3.12662391297819937E-03  1.30668669398066548E+01
3.46372981012499576E-03  1.31582528950549698E+01
3.48987295411970141E-03  1.32562866993690989E+01
3.51516056262793234E-03  1.33371008128328068E+01
3.54139826046659086E-03  1.34356532277999943E+01
3.56241728741175630E-03  1.35055099659584510E+01
3.58851951574315703E-03  1.36038611162049463E+01
3.61217775997467678E-03  1.36899109294620231E+01
3.63747987392662106E-03  1.37833844819317317E+01
3.66123779112876614E-03  1.38735384475850285E+01
3.68660276593601576E-03  1.39619055873508700E+01
3.70989901718854660E-03  1.40512484852621444E+01
3.73526569209033836E-03  1.41451977119603303E+01
3.76137091296117236E-03  1.42355256269619641E+01
3.76752778979304011E-03  1.42740163597219905E+01
4.10414114061333820E-03  1.43618473590613238E+01
4.12860258912784057E-03  1.44501867914939854E+01
4.15653872211435658E-03  1.45476690505964559E+01
4.18447139529199656E-03  1.46451403227889863E+01
4.21133563045417939E-03  1.47390237221327354E+01
4.23925592988413751E-03  1.48364615218906053E+01
4.26556549256783095E-03  1.49281271734665122E+01
4.29347846030039837E-03  1.50255442125679064E+01
4.32108206928004564E-03  1.51218836846292817E+01
4.34897989519813372E-03  1.52192201313035032E+01
4.37658867900467350E-03  1.53155590886885093E+01
4.40442491892546750E-03  1.54127325201304100E+01
4.43144742696280694E-03  1.55066796799598734E+01
4.45265067997023881E-03  1.55832409665650058E+01
4.47382865658214716E-03  1.56600493595566999E+01
4.50165067216399661E-03  1.57571756542533485E+01
4.52947430991949580E-03  1.58543021884147457E+01
4.55718978133329029E-03  1.59509747300308895E+01
4.57709986105587791E-03  1.60178953549468304E+01
4.60254711168723175E-03  1.61074083136982473E+01
4.62829348044717804E-03  1.61972576521541818E+01
4.65390188042926010E-03  1.62874807122498915E+01
4.67989835187968082E-03  1.63746868564457522E+01
4.70697142138892799E-03  1.64689610387311269E+01
4.73438143165674698E-03  1.65643425112848135E+01
4.76050237096673108E-03  1.66537227466050091E+01
4.78828472458050179E-03  1.67504499301915004E+01
4.81604202890050567E-03  1.68470807603174464E+01
4.84375840111547773E-03  1.69436065839207401E+01
4.86900767947346519E-03  1.70318375436886846E+01
4.89517198865168941E-03  1.71230483062294567E+01
4.92273388161819803E-03  1.72190276223365863E+01
4.95048955347652826E-03  1.73156655288226844E+01
4.95326232091970135E-03  1.74061963582302859E+01
4.97862101962300106E-03  1.74959998322383825E+01
5.00612662999598817E-03  1.75923000583471634E+01
5.03356416140559280E-03  1.76884348818265664E+01
5.05924570915326083E-03  1.77745646445369339E+01
5.08681505584872035E-03  1.78711020524718052E+01
5.11198986519127794E-03  1.79589755945316689E+01
5.13950885682788045E-03  1.80552800816519827E+01
5.16118728699683539E-03  1.81310896600028286E+01
5.18597657886556932E-03  1.82171916730549484E+01
5.21350213505158890E-03  1.83135119941875679E+01
5.23811773182663275E-03  1.84000241337370944E+01
5.26713033607900064E-03  1.84962173262848495E+01
5.29984922686280082E-03  1.85895367793460551E+01
5.32729722389096993E-03  1.86856546330443081E+01
5.35320441863779486E-03  1.87769244998144664E+01
5.38069138838342866E-03  1.88731621074005211E+01
5.35487630995056842E-03  1.87940593601293102E+01
5.37619325979925289E-03  1.88711101334648603E+01
5.40334388790370337E-03  1.89664115121473955E+01
5.43051863377147937E-03  1.90617036368287778E+01
5.43052195160824251E-03  1.90617123936508932E+01
5.44815913409959444E-03  1.91197627129352448E+01
5.47521129649449021E-03  1.92145447095007604E+01
5.50161104665018979E-03  1.93062284355983458E+01
5.52875070269822060E-03  1.94012971325569339E+01
5.55589193368394296E-03  1.94963624694924000E+01
5.58183533975818106E-03  1.95869395665553014E+01
5.60881216659825030E-03  1.96814387140604303E+01
5.63569398903208865E-03  1.97754812893178347E+01
5.66282762023342240E-03  1.98705178052475020E+01
5.68922374182791180E-03  1.99632205501469322E+01
5.71630514155366861E-03  2.00581108857292527E+01
5.74343427164835003E-03  2.01531330650041269E+01
5.77053720979478491E-03  2.02480654519598993E+01
5.79766787160578608E-03  2.03430941664760354E+01
5.82453660187213975E-03  2.04372006914182123E+01
5.85166412519175748E-03  2.05322207454352750E+01
5.87643018889132639E-03  2.06159898118211906E+01
5.90201251731572833E-03  2.07062726720880192E+01
5.90969814847780005E-03  2.07274104437902409E+01
5.93671212434159715E-03  2.08219804048390813E+01
5.96373542678736365E-03  2.09165965931147824E+01
5.98889563905209785E-03  2.10046200316079457E+01
6.01586338162592073E-03  2.10992072745455701E+01
6.04261459337865348E-03  2.11929455081364821E+01
6.06929124976186406E-03  2.12864439531492877E+01
6.09625543472808867E-03  2.13810140852819330E+01
6.05806865297080655E-03  2.12471046445642600E+01
6.08105336178678575E-03  2.13207480100384110E+01
6.10772322112995963E-03  2.14142548751555033E+01
6.13438970071816976E-03  2.15077515841156170E+01
6.16105783663452138E-03  2.16012475171594076E+01
6.18772493943979540E-03  2.16947432122678237E+01
6.21418723476162109E-03  2.17873099715556187E+01
6.24026753762562010E-03  2.18778978191595428E+01
6.26670602868345094E-03  2.19702647582255288E+01
6.29336929839569188E-03  2.20637439491944889E+01
6.31992142773157763E-03  2.21568472237545215E+01
6.34631332109325628E-03  2.22495041100384583E+01
6.30702849797251056E-03  2.23367280577827820E+01
6.33341564324374755E-03  2.24301795374688560E+01
6.34096676455567394E-03  2.24521978234812600E+01
6.33504716469124578E-03  2.24298287707709498E+01
6.36106907885393511E-03  2.25219712158525667E+01
6.38724637294232206E-03  2.26146542763533134E+01
6.41099825357595385E-03  2.26990808669651436E+01
6.43334176866556737E-03  2.27784810036466574E+01
6.45946525742032394E-03  2.28709808824235665E+01
6.48561596194045971E-03  2.29635724217846615E+01
6.51176694297562770E-03  2.30561636266271144E+01
