0.00000000000000000E+00  0.00000000000000000E+00
4.70577541374923763E-05  1.33507091990336479E+00
7.05300096546088086E-05  2.00106064598039302E+00
1.82266539044285655E-04  2.16464658882116368E+00
3.30369408791850367E-04  2.41184060768395003E+00
3.68252747406199170E-04  2.51033243336410283E+00
3.85079337329895818E-04  2.65254538678780127E+00
3.78786277365879710E-04  2.63995927435356537E+00
3.98243302688360543E-04  2.74918778828511723E+00
4.89849453003244825E-04  2.82482217256306889E+00
4.79214516220510616E-04  2.78708125606475132E+00
4.69137473870501545E-04  2.73309923482062089E+00
5.01041649195773341E-04  2.87264916978645690E+00
5.09324798494716763E-04  2.93899338196825965E+00
5.02928256538385512E-04  2.86483114312693665E+00
5.16004335645057783E-04  2.98640042232213965E+00
5.19889971420241172E-04  3.02435086564847166E+00
5.27161723117724177E-04  3.06151089220634187E+00
5.19437810932603817E-04  3.09043153441749485E+00
5.35330907053259203E-04  3.17682511161374137E+00
5.45336014832373175E-04  3.20547313016430335E+00
5.67928250446673370E-04  3.27667568798860698E+00
5.79169028339993151E-04  3.34302689738320336E+00
6.00718952456024075E-04  3.45566935012487830E+00
6.14031188918470077E-04  3.52849957213712173E+00
6.36441013504083337E-04  3.63534052265190244E+00
6.66505959315618333E-04  3.72629500027380534E+00
6.85978309204186626E-04  3.79904039124771264E+00
7.03615533717743494E-04  3.88130429617054684E+00
7.22387801197954451E-04  3.97229060606917939E+00
7.39883565087158046E-04  4.07064246887329517E+00
7.68028972830941698E-04  4.16565312315981284E+00
7.82033368677680519E-04  4.22784684486554774E+00
8.03398523778620609E-04  4.33014369699150681E+00
8.15852918141035579E-04  4.39648790996183791E+00
8.38348830218870042E-04  4.50865933225807503E+00
8.61837932832846946E-04  4.61812261293742754E+00
8.76134363715963364E-04  4.69583075413349071E+00
8.98997362645736695E-04  4.80452334654356505E+00
9.21908787297054952E-04  4.91442120125841608E+00
9.45697734008906616E-04  5.02281786075424108E+00
9.62277342185907962E-04  5.09907731495974659E+00
9.87938046581755000E-04  5.20610517405680806E+00
1.00044293629682505E-03  5.27915181592215088E+00
1.01549733835950944E-03  5.37690839358062966E+00
1.03789719371669446E-03  5.48815039115185854E+00
1.05984607241919144E-03  5.59794193519649053E+00
1.07495410209876210E-03  5.68959436952165287E+00
1.23806672676061709E-03  5.73831056461582278E+00
1.26318084170002416E-03  5.84015555524906382E+00
1.28803515954666612E-03  5.95247440981409870E+00
1.31261223680344849E-03  6.06386536354807948E+00
1.33582970211847661E-03  6.16878242015193745E+00
1.35148594497285250E-03  6.23899348915058738E+00
1.37236764288369809E-03  6.33525025719214430E+00
1.39467008624126021E-03  6.43694478288959449E+00
1.41936777844072501E-03  6.54860081304061037E+00
1.44192559452622831E-03  6.65006984752030927E+00
1.46670149232426702E-03  6.76206779903502841E+00
1.48783360171687753E-03  6.85838195927912153E+00
1.50675382029011014E-03  6.94118245206264461E+00
1.52891250343643978E-03  7.04289472544651929E+00
1.55274029593092488E-03  7.15071676720260996E+00
1.57192721071698453E-03  7.23554292303887703E+00
1.59475167135798433E-03  7.34038868159074198E+00
1.60609687240919848E-03  7.39227563643982410E+00
1.62008106614298453E-03  7.45592982387385739E+00
1.64091643405929965E-03  7.54686221051353989E+00
1.65922628383267478E-03  7.62994601934207672E+00
1.76557931293998987E-03  7.72850441780597652E+00
1.79124950514887582E-03  7.83770548899584174E+00
1.81568022842958023E-03  7.94171870684235515E+00
1.86124005228179468E-03  8.04783694879713174E+00
1.88562492114787480E-03  8.15209178019490999E+00
1.90679429241128406E-03  8.24301367641110438E+00
1.93205894182286466E-03  8.35100612271476095E+00
1.94403576908047659E-03  8.43917586790819918E+00
1.96505454742523311E-03  8.52897641472302226E+00
1.97835855139266584E-03  8.58627878280237411E+00
2.00282483341068535E-03  8.69190107509029986E+00
2.02230674989477494E-03  8.77525555332547214E+00
2.04631655246457784E-03  8.87948363800035700E+00
2.06807235948549542E-03  8.97484177304258957E+00
2.09104128800679427E-03  9.07514505649216829E+00
2.11527263845698614E-03  9.18079158478640167E+00
2.09038752285146305E-03  9.21419757182530752E+00
2.11423298581468180E-03  9.31956420568510957E+00
2.13823213004475567E-03  9.42571278689488778E+00
2.15433337093387219E-03  9.49629973274429950E+00
2.17566438791566086E-03  9.59060278168598579E+00
2.19882913022676190E-03  9.69295104822207776E+00
2.22051042513589456E-03  9.78890651477219897E+00
2.24281893999238573E-03  9.88735070774297498E+00
2.26492966727618369E-03  9.98508941156275931E+00
2.28628037496899934E-03  1.00791370086450947E+01
2.30509362325958178E-03  1.01626982674252666E+01
2.32324297379464962E-03  1.02422602963561200E+01
2.34306947907713531E-03  1.03304694462869442E+01
2.37712387202037873E-03  1.04260117089445572E+01
2.39446427239435990E-03  1.05023333117584166E+01
2.41281078057011293E-03  1.05826976121697225E+01
2.43275988349874860E-03  1.06705536653920490E+01
2.45127436132126439E-03  1.07526960946276962E+01
2.47002103736391468E-03  1.08355033152220273E+01
2.49022761750251854E-03  1.09242747602707642E+01
2.48273961646800715E-03  1.10063080101364275E+01
2.50161160588605047E-03  1.10896691560156597E+01
2.51748208808319929E-03  1.11600638642545018E+01
2.72510470662795830E-03  1.12336493753623827E+01
2.74129057011577486E-03  1.13012899980960757E+01
2.75427914287886032E-03  1.13539105835865737E+01
2.77767384357466588E-03  1.14492123388390770E+01
2.79983787527588075E-03  1.15409125179424752E+01
2.84317084087950612E-03  1.16153722056236788E+01
2.85766127945501994E-03  1.16747472652073938E+01
2.87216120658319871E-03  1.17348444451891343E+01
2.89458787160651494E-03  1.18258542750537163E+01
3.08394314905086975E-03  1.18892348775546637E+01
3.10557555843569066E-03  1.19718270822020418E+01
3.09590800470141599E-03  1.20400738437413182E+01
3.10963335839543669E-03  1.21346091912810738E+01
3.13238787271850113E-03  1.22235452853324098E+01
3.14754741113788166E-03  1.22894653798398270E+01
3.16930303580743346E-03  1.23741643716807737E+01
3.19025986347020287E-03  1.24544413204640136E+01
3.21154501476794696E-03  1.25375993829250110E+01
3.23395976208373835E-03  1.26294492661252242E+01
3.25486576555335076E-03  1.27034479564121323E+01
3.27441520486875534E-03  1.27804640709014201E+01
3.29913400808877879E-03  1.28776747421138431E+01
3.32410082780652035E-03  1.29748760124128069E+01
3.34751430652150067E-03  1.30668669398066548E+01
3.37159772911473869E-03  1.31582528950549698E+01
3.39675280093791870E-03  1.32562866993690989E+01
3.23661547162441355E-03  1.33371008128328068E+01
3.26026133405488226E-03  1.34356532277999943E+01
3.27719477837938459E-03  1.35055099659584510E+01
3.30079276225649001E-03  1.36038611162049463E+01
3.32128235452519788E-03  1.36899109294620231E+01
3.34396455170444520E-03  1.37833844819317317E+01
3.36555632776869718E-03  1.38735384475850285E+01
3.38692102819223868E-03  1.39619055873508700E+01
3.40810958589678149E-03  1.40512484852621444E+01
3.43067455381987655E-03  1.41451977119603303E+01
3.45239897393058914E-03  1.42355256269619641E+01
3.46002895359573447E-03  1.42740163597219905E+01
3.48102884642659781E-03  1.43618473590613238E+01
3.50286845498263763E-03  1.44501867914939854E+01
3.52625319910291387E-03  1.45476690505964559E+01
3.54963623788351595E-03  1.46451403227889863E+01
3.57218447321793224E-03  1.47390237221327354E+01
3.59556175211144273E-03  1.48364615218906053E+01
3.61752394698947825E-03  1.49281271734665122E+01
3.64089756131319138E-03  1.50255442125679064E+01
3.66401192365577513E-03  1.51218836846292817E+01
3.68736043177274797E-03  1.52192201313035032E+01
3.71047206417416970E-03  1.53155590886885093E+01
3.73379151662604986E-03  1.54127325201304100E+01
3.75630201385814899E-03  1.55066796799598734E+01
3.77513389700787896E-03  1.55832409665650058E+01
3.79411460815972561E-03  1.56600493595566999E+01
3.81742134119203566E-03  1.57571756542533485E+01
3.84072850667318416E-03  1.58543021884147457E+01
3.86391273099229637E-03  1.59509747300308895E+01
3.87947386432269201E-03  1.60178953549468304E+01
3.90104155903654845E-03  1.61074083136982473E+01
3.92259491480064382E-03  1.61972576521541818E+01
3.94449981072164668E-03  1.62874807122498915E+01
3.96476878150695770E-03  1.63746868564457522E+01
3.98744875323401096E-03  1.64689610387311269E+01
4.01032543878140045E-03  1.65643425112848135E+01
4.24507820906415857E-03  1.66537227466050091E+01
4.26952676510686507E-03  1.67504499301915004E+01
4.29394964582586157E-03  1.68470807603174464E+01
4.31836783401913678E-03  1.69436065839207401E+01
4.34098072962247738E-03  1.70318375436886846E+01
4.36413751521233777E-03  1.71230483062294567E+01
4.38842021837744945E-03  1.72190276223365863E+01
4.41284960079499008E-03  1.73156655288226844E+01
4.43669095728468129E-03  1.74061963582302859E+01
4.46015716445509729E-03  1.74959998322383825E+01
4.48453623245104269E-03  1.75923000583471634E+01
4.50889311799290791E-03  1.76884348818265664E+01
4.52812729788819052E-03  1.77745646445369339E+01
4.55252945569505681E-03  1.78711020524718052E+01
4.57446383801456136E-03  1.79589755945316689E+01
4.59880753014025451E-03  1.80552800816519827E+01
4.61795307391385957E-03  1.81310896600028286E+01
4.63908836664277471E-03  1.82171916730549484E+01
4.66342686322532805E-03  1.83135119941875679E+01
4.68564853935699369E-03  1.84000241337370944E+01
4.70995481835643180E-03  1.84962173262848495E+01
4.73306091888568963E-03  1.85895367793460551E+01
4.75777298036068018E-03  1.86856546330443081E+01
4.78092665883695939E-03  1.87769244998144664E+01
4.80525551350120209E-03  1.88731621074005211E+01
4.78890286506125726E-03  1.87940593601293102E+01
4.81019974849532760E-03  1.88711101334648603E+01
4.83449127156142418E-03  1.89664115121473955E+01
4.85870031206449889E-03  1.90617036368287778E+01
4.85869921439933440E-03  1.90617123936508932E+01
4.87020784933811859E-03  1.91197627129352448E+01
4.89419502866155712E-03  1.92145447095007604E+01
4.91680572583526147E-03  1.93062284355983458E+01
4.94084832053026321E-03  1.94012971325569339E+01
4.96488358259100128E-03  1.94963624694924000E+01
4.98757051489085931E-03  1.95869395665553014E+01
5.01147673356096279E-03  1.96814387140604303E+01
5.03517619494907483E-03  1.97754812893178347E+01
5.05920277160210648E-03  1.98705178052475020E+01
5.08279725628161226E-03  1.99632205501469322E+01
5.10682858963146247E-03  2.00581108857292527E+01
5.13085219583203894E-03  2.01531330650041269E+01
5.15485466463615639E-03  2.02480654519598993E+01
5.17888080554737475E-03  2.03430941664760354E+01
5.20266852845340574E-03  2.04372006914182123E+01
5.22669186375765860E-03  2.05322207454352750E+01
5.24584783797722720E-03  2.06159898118211906E+01
5.26919525437046475E-03  2.07062726720880192E+01
5.27054208446898695E-03  2.07274104437902409E+01
5.29397051704923096E-03  2.08219804048390813E+01
5.31786556691934021E-03  2.09165965931147824E+01
5.34004211236359296E-03  2.10046200316079457E+01
5.36393001129429042E-03  2.10992072745455701E+01
5.38753460119907861E-03  2.11929455081364821E+01
5.41155170482343802E-03  2.12864439531492877E+01
5.43497537611704797E-03  2.13810140852819330E+01
5.51656494924651197E-03  2.12471046445642600E+01
5.53643913370124169E-03  2.13207480100384110E+01
5.56063331865904592E-03  2.14142548751555033E+01
5.58477277175372516E-03  2.15077515841156170E+01
5.60887925663422927E-03  2.16012475171594076E+01
5.63300126572733977E-03  2.16947432122678237E+01
5.69486448317336937E-03  2.17873099715556187E+01
5.71872409836425392E-03  2.18778978191595428E+01
5.74291873487113667E-03  2.19702647582255288E+01
5.76736733883133085E-03  2.20637439491944889E+01
5.79168796096575338E-03  2.21568472237545215E+01
5.81588769170979236E-03  2.22495041100384583E+01
5.83913311904022195E-03  2.23367280577827820E+01
5.86356697542586135E-03  2.24301795374688560E+01
5.86978426147403455E-03  2.24521978234812600E+01
5.86761502116874001E-03  2.24298287707709498E+01
5.89178618112624810E-03  2.25219712158525667E+01
5.91594005151016913E-03  2.26146542763533134E+01
5.93713409030503791E-03  2.26990808669651436E+01
5.97029594371373002E-03  2.27784810036466574E+01
5.99453397108957401E-03  2.28709808824235665E+01
6.01880250794093342E-03  2.29635724217846615E+01
6.04084393106179077E-03  2.30561636266271144E+01
