0.00000000000000000E+00  0.00000000000000000E+00
4.70577536898993300E-05  1.33507091990336479E+00
7.05289879872653905E-05  2.00106064598039302E+00
7.63160379968881938E-05  2.16464658882116368E+00
8.51915185593045372E-05  2.41184060768395003E+00
8.85315685333417393E-05  2.51033243336410283E+00
9.34583572769718678E-05  2.65254538678780127E+00
9.64454507030743921E-05  2.63995927435356537E+00
3.56453695029521848E-04  2.74918778828511723E+00
3.73649971603092618E-04  2.82482217256306889E+00
3.65621959740491075E-04  2.78708125606475132E+00
3.57388997516027828E-04  2.73309923482062089E+00
3.70229712257634242E-04  2.87264916978645690E+00
3.75163948642994371E-04  2.93899338196825965E+00
3.59645195839093385E-04  2.86483114312693665E+00
3.75979096579743090E-04  2.98640042232213965E+00
3.71058549224841452E-04  3.02435086564847166E+00
3.71700236967149498E-04  3.06151089220634187E+00
3.71851496207133299E-04  3.09043153441749485E+00
3.84531209434783449E-04  3.17682511161374137E+00
3.80836442779817271E-04  3.20547313016430335E+00
3.87865432561299483E-04  3.27667568798860698E+00
3.94312895257066629E-04  3.34302689738320336E+00
4.09684677685025558E-04  3.45566935012487830E+00
4.23283165073707788E-04  3.52849957213712173E+00
4.37513887750647513E-04  3.63534052265190244E+00
4.52218558051887577E-04  3.72629500027380534E+00
4.58296433920440125E-04  3.79904039124771264E+00
4.70021681177810330E-04  3.88130429617054684E+00
4.81985498840346838E-04  3.97229060606917939E+00
5.08198948696816379E-04  4.07064246887329517E+00
5.26035563711975537E-04  4.16565312315981284E+00
5.37493872925599425E-04  4.22784684486554774E+00
5.51787322019964711E-04  4.33014369699150681E+00
5.63217515599742560E-04  4.39648790996183791E+00
5.77118924600707791E-04  4.50865933225807503E+00
5.91089615426865114E-04  4.61812261293742754E+00
6.08424337023823116E-04  4.69583075413349071E+00
6.21901825111442611E-04  4.80452334654356505E+00
6.39894774951386275E-04  4.91442120125841608E+00
6.54922479622528381E-04  5.02281786075424108E+00
6.66709831829479676E-04  5.09907731495974659E+00
6.81232292770120361E-04  5.20610517405680806E+00
6.95276049236505920E-04  5.27915181592215088E+00
7.08679498533702746E-04  5.37690839358062966E+00
7.43688678247952104E-04  5.48815039115185854E+00
7.58801672961345749E-04  5.59794193519649053E+00
7.74077218965831654E-04  5.68959436952165287E+00
9.89317796841299949E-04  5.73831056461582278E+00
1.00683581551611317E-03  5.84015555524906382E+00
1.02631294479880249E-03  5.95247440981409870E+00
1.04614459291251221E-03  6.06386536354807948E+00
1.06485026449157209E-03  6.16878242015193745E+00
1.07660257103810750E-03  6.23899348915058738E+00
1.09145626032306777E-03  6.33525025719214430E+00
1.10891338463887218E-03  6.43694478288959449E+00
1.12871336546815026E-03  6.54860081304061037E+00
1.14544269116988152E-03  6.65006984752030927E+00
1.16534328527535531E-03  6.76206779903502841E+00
1.18478353544321040E-03  6.85838195927912153E+00
1.28612184803151772E-03  6.94118245206264461E+00
1.30519112490754680E-03  7.04289472544651929E+00
1.32546186306658088E-03  7.15071676720260996E+00
1.34157350339542103E-03  7.23554292303887703E+00
1.36124746573079562E-03  7.34038868159074198E+00
1.37214742478114471E-03  7.39227563643982410E+00
1.39046485654430586E-03  7.45592982387385739E+00
1.40813508040976416E-03  7.54686221051353989E+00
1.42304814241484283E-03  7.62994601934207672E+00
1.44157591525533382E-03  7.72850441780597652E+00
1.46238588565191690E-03  7.83770548899584174E+00
1.48243572592686077E-03  7.94171870684235515E+00
1.50271754367552819E-03  8.04783694879713174E+00
1.52236581247911624E-03  8.15209178019490999E+00
1.53857944677284354E-03  8.24301367641110438E+00
1.55895967453043688E-03  8.35100612271476095E+00
1.57553367121141181E-03  8.43917586790819918E+00
1.59399592904775861E-03  8.52897641472302226E+00
1.60448570649344155E-03  8.58627878280237411E+00
1.63103578019868525E-03  8.69190107509029986E+00
1.64793244483410050E-03  8.77525555332547214E+00
1.66764232115086610E-03  8.87948363800035700E+00
1.68414258519671619E-03  8.97484177304258957E+00
1.70335642409765071E-03  9.07514505649216829E+00
1.72312908597011764E-03  9.18079158478640167E+00
1.73127608464749855E-03  9.21419757182530752E+00
1.75135218371005159E-03  9.31956420568510957E+00
1.77153468863976626E-03  9.42571278689488778E+00
1.78666239349351366E-03  9.49629973274429950E+00
1.80511871980465152E-03  9.59060278168598579E+00
1.82497547546330886E-03  9.69295104822207776E+00
1.84298423675131428E-03  9.78890651477219897E+00
1.99923516812622239E-03  9.88735070774297498E+00
2.01927926310707532E-03  9.98508941156275931E+00
2.03847177008309498E-03  1.00791370086450947E+01
2.05547826028250639E-03  1.01626982674252666E+01
2.07177963201474625E-03  1.02422602963561200E+01
2.09014244034060135E-03  1.03304694462869442E+01
2.08043185102375211E-03  1.04260117089445572E+01
2.09589477880318779E-03  1.05023333117584166E+01
2.11199276726023021E-03  1.05826976121697225E+01
2.12970039571911502E-03  1.06705536653920490E+01
2.14647237543987316E-03  1.07526960946276962E+01
2.16360422647124970E-03  1.08355033152220273E+01
2.18159852705379241E-03  1.09242747602707642E+01
2.19828842795613067E-03  1.10063080101364275E+01
1.97697792207664723E-03  1.10896691560156597E+01
1.98887844518748835E-03  1.11600638642545018E+01
2.00196746953385657E-03  1.12336493753623827E+01
2.01314332669155771E-03  1.13012899980960757E+01
2.02395739161833005E-03  1.13539105835865737E+01
2.04157324784623928E-03  1.14492123388390770E+01
2.05791390893563051E-03  1.15409125179424752E+01
2.07214327808457255E-03  1.16153722056236788E+01
2.08264375512583807E-03  1.16747472652073938E+01
2.09561099815439673E-03  1.17348444451891343E+01
2.11201094518564947E-03  1.18258542750537163E+01
2.12392643939751094E-03  1.18892348775546637E+01
2.13908888121052332E-03  1.19718270822020418E+01
2.15189255697465333E-03  1.20400738437413182E+01
2.16860409829418288E-03  1.21346091912810738E+01
2.18453416471042989E-03  1.22235452853324098E+01
2.19639481210845465E-03  1.22894653798398270E+01
2.21176117007720711E-03  1.23741643716807737E+01
2.22581149102033362E-03  1.24544413204640136E+01
2.24033193945249055E-03  1.25375993829250110E+01
2.25604082787119733E-03  1.26294492661252242E+01
2.27026156869788087E-03  1.27034479564121323E+01
2.28358893621490771E-03  1.27804640709014201E+01
2.30087327641301850E-03  1.28776747421138431E+01
2.31832022367851193E-03  1.29748760124128069E+01
2.33461321329455447E-03  1.30668669398066548E+01
2.35134592629482417E-03  1.31582528950549698E+01
2.36886382741156604E-03  1.32562866993690989E+01
2.54205314899293546E-03  1.33371008128328068E+01
2.56084039876535753E-03  1.34356532277999943E+01
2.57253746822710093E-03  1.35055099659584510E+01
2.59127539763711169E-03  1.36038611162049463E+01
2.60676936514855949E-03  1.36899109294620231E+01
2.62480148731783838E-03  1.37833844819317317E+01
2.64218638180038030E-03  1.38735384475850285E+01
2.65780954026278039E-03  1.39619055873508700E+01
2.67479305482109945E-03  1.40512484852621444E+01
2.66126295039372266E-03  1.41451977119603303E+01
2.67668697405984380E-03  1.42355256269619641E+01
2.68429415386216936E-03  1.42740163597219905E+01
2.69674214016717107E-03  1.43618473590613238E+01
2.71565883506426570E-03  1.44501867914939854E+01
2.73397522816599134E-03  1.45476690505964559E+01
2.75229163910784089E-03  1.46451403227889863E+01
2.76989689850538337E-03  1.47390237221327354E+01
2.78820743653432996E-03  1.48364615218906053E+01
2.80541536936432375E-03  1.49281271734665122E+01
2.82371967596411338E-03  1.50255442125679064E+01
2.84180068265145729E-03  1.51218836846292817E+01
2.86008588031428377E-03  1.52192201313035032E+01
2.87817962244654941E-03  1.53155590886885093E+01
2.89641196482478625E-03  1.54127325201304100E+01
2.91540285262976463E-03  1.55066796799598734E+01
2.92905292083731235E-03  1.55832409665650058E+01
2.94288235023749956E-03  1.56600493595566999E+01
2.96112993481956492E-03  1.57571756542533485E+01
2.97937699052981762E-03  1.58543021884147457E+01
2.99756497305045866E-03  1.59509747300308895E+01
3.01003746587500103E-03  1.60178953549468304E+01
3.02542077485305717E-03  1.61074083136982473E+01
3.04659087141349871E-03  1.61972576521541818E+01
3.06280352760960597E-03  1.62874807122498915E+01
3.07931663393744151E-03  1.63746868564457522E+01
3.09710094140109964E-03  1.64689610387311269E+01
3.11517437866053615E-03  1.65643425112848135E+01
3.13253471273678471E-03  1.66537227466050091E+01
3.15072626417039646E-03  1.67504499301915004E+01
3.16889929873560980E-03  1.68470807603174464E+01
3.18704728182303120E-03  1.69436065839207401E+01
3.20311919126031654E-03  1.70318375436886846E+01
3.22006991097716988E-03  1.71230483062294567E+01
3.23805935960223530E-03  1.72190276223365863E+01
3.25622928943232123E-03  1.73156655288226844E+01
3.27313376140182495E-03  1.74061963582302859E+01
3.28978177329588943E-03  1.74959998322383825E+01
3.30785171521764043E-03  1.75923000583471634E+01
3.32589120850727230E-03  1.76884348818265664E+01
3.34189398222181763E-03  1.77745646445369339E+01
3.36004245804539950E-03  1.78711020524718052E+01
3.37725699150823221E-03  1.79589755945316689E+01
3.39534444559034523E-03  1.80552800816519827E+01
3.40956376801208536E-03  1.81310896600028286E+01
3.42665078114235636E-03  1.82171916730549484E+01
3.44476618420449295E-03  1.83135119941875679E+01
3.66986369903006884E-03  1.84000241337370944E+01
3.84856642408742174E-03  1.84962173262848495E+01
3.83795768059115323E-03  1.85895367793460551E+01
3.84216643425817905E-03  1.86856546330443081E+01
4.01699400435527685E-03  1.87769244998144664E+01
3.74919668316211086E-03  1.88731621074005211E+01
4.76094090107119765E-03  1.87940593601293102E+01
4.42071637938429209E-03  1.88711101334648603E+01
4.19887921615330097E-03  1.89664115121473955E+01
4.15860622326442129E-03  1.90617036368287778E+01
4.15823067781318726E-03  1.90617123936508932E+01
4.21563525766053496E-03  1.91197627129352448E+01
4.21243296198126494E-03  1.92145447095007604E+01
4.47418691282028443E-03  1.93062284355983458E+01
4.61580868267427117E-03  1.94012971325569339E+01
4.58692092938300933E-03  1.94963624694924000E+01
4.49122108895720282E-03  1.95869395665553014E+01
4.45903089603786554E-03  1.96814387140604303E+01
4.38265945990701147E-03  1.97754812893178347E+01
4.37638404674930287E-03  1.98705178052475020E+01
4.41482599343488106E-03  1.99632205501469322E+01
4.38697260244761810E-03  2.00581108857292527E+01
4.44298862781290424E-03  2.01531330650041269E+01
4.43319670190097954E-03  2.02480654519598993E+01
4.45123869482502103E-03  2.03430941664760354E+01
4.46974125619067127E-03  2.04372006914182123E+01
4.49063575431106650E-03  2.05322207454352750E+01
4.50694123424272459E-03  2.06159898118211906E+01
4.41753165968832191E-03  2.07062726720880192E+01
4.47408046217776228E-03  2.07274104437902409E+01
4.45523137529016486E-03  2.08219804048390813E+01
4.47044854391561147E-03  2.09165965931147824E+01
4.48566454943799195E-03  2.10046200316079457E+01
4.50586235643006192E-03  2.10992072745455701E+01
4.52595908537940187E-03  2.11929455081364821E+01
4.54598516883194300E-03  2.12864439531492877E+01
4.57006751018595309E-03  2.13810140852819330E+01
4.59351512572744782E-03  2.12471046445642600E+01
5.09867716394027306E-03  2.13207480100384110E+01
5.11542899271865206E-03  2.14142548751555033E+01
5.13212723673141767E-03  2.15077515841156170E+01
5.10889703949913773E-03  2.16012475171594076E+01
5.08814801153374772E-03  2.16947432122678237E+01
5.07996453566537335E-03  2.17873099715556187E+01
5.60719341468625312E-03  2.18778978191595428E+01
5.59733285802150368E-03  2.19702647582255288E+01
5.61615819009980526E-03  2.20637439491944889E+01
5.62174429163415489E-03  2.21568472237545215E+01
5.56792305072611928E-03  2.22495041100384583E+01
5.57054123840685506E-03  2.23367280577827820E+01
5.51921454946709134E-03  2.24301795374688560E+01
5.36283266653396918E-03  2.24521978234812600E+01
5.39214110650194488E-03  2.24298287707709498E+01
5.16493627650559638E-03  2.25219712158525667E+01
4.90634241261538127E-03  2.26146542763533134E+01
4.92587279525322826E-03  2.26990808669651436E+01
4.94416591124911212E-03  2.27784810036466574E+01
4.96461721708744540E-03  2.28709808824235665E+01
4.99217269733543464E-03  2.29635724217846615E+01
5.01309528065124656E-03  2.30561636266271144E+01
