0.00000000000000000E+00  0.00000000000000000E+00
4.70700715022372043E-05  1.33507091990336479E+00
7.05477709206218825E-05  2.00106064598039302E+00
7.63366512636232667E-05  2.16464658882116368E+00
8.80917984113310614E-05  2.41184060768395003E+00
9.14889487232597721E-05  2.51033243336410283E+00
9.66335630612792369E-05  2.65254538678780127E+00
9.63640770634729813E-05  2.63995927435356537E+00
1.00204270234719223E-04  2.74918778828511723E+00
3.34262304331031667E-04  2.82482217256306889E+00
3.31879582806098668E-04  2.78708125606475132E+00
3.25358522085891918E-04  2.73309923482062089E+00
3.37128787166650237E-04  2.87264916978645690E+00
3.46240270923363054E-04  2.93899338196825965E+00
3.32868109436496972E-04  2.86483114312693665E+00
3.72979017004878470E-04  2.98640042232213965E+00
4.12198787785313017E-04  3.02435086564847166E+00
4.16217578664782625E-04  3.06151089220634187E+00
4.21098657693559295E-04  3.09043153441749485E+00
5.78871865342821387E-04  3.17682511161374137E+00
5.85092919029480503E-04  3.20547313016430335E+00
6.00014529671845072E-04  3.27667568798860698E+00
6.12604540803731216E-04  3.34302689738320336E+00
6.35374103444531985E-04  3.45566935012487830E+00
6.50250920114240445E-04  3.52849957213712173E+00
6.72929085964827549E-04  3.63534052265190244E+00
6.93884060021246951E-04  3.72629500027380534E+00
7.12512375249336268E-04  3.79904039124771264E+00
7.30836672347002841E-04  3.88130429617054684E+00
7.51281980071858107E-04  3.97229060606917939E+00
7.66711430763470140E-04  4.07064246887329517E+00
7.85310280500017854E-04  4.16565312315981284E+00
7.97829508407924709E-04  4.22784684486554774E+00
8.27376384084743070E-04  4.33014369699150681E+00
8.41116151247424675E-04  4.39648790996183791E+00
8.62932414731715182E-04  4.50865933225807503E+00
8.83921165039973410E-04  4.61812261293742754E+00
8.99473793243709459E-04  4.69583075413349071E+00
9.27603323349454134E-04  4.80452334654356505E+00
9.43084186222271285E-04  4.91442120125841608E+00
9.63960348651099019E-04  5.02281786075424108E+00
9.78997555997475170E-04  5.09907731495974659E+00
9.92136986704468364E-04  5.20610517405680806E+00
1.00643860497902880E-03  5.27915181592215088E+00
1.02529641038244502E-03  5.37690839358062966E+00
1.04671114061566589E-03  5.48815039115185854E+00
1.06785131995148813E-03  5.59794193519649053E+00
1.08563072621321822E-03  5.68959436952165287E+00
1.00782830944645663E-03  5.73831056461582278E+00
1.02348237463472757E-03  5.84015555524906382E+00
1.07987940703763272E-03  5.95247440981409870E+00
1.10104279457973880E-03  6.06386536354807948E+00
1.12078212683510803E-03  6.16878242015193745E+00
1.13391948636452195E-03  6.23899348915058738E+00
1.15182867872738802E-03  6.33525025719214430E+00
1.17063488878008386E-03  6.43694478288959449E+00
1.19145286639199565E-03  6.54860081304061037E+00
1.20960375201044205E-03  6.65006984752030927E+00
1.23057552346074570E-03  6.76206779903502841E+00
1.25037470425446991E-03  6.85838195927912153E+00
1.26484777141593519E-03  6.94118245206264461E+00
1.28451240201151243E-03  7.04289472544651929E+00
1.30472384608119581E-03  7.15071676720260996E+00
1.31968382866424431E-03  7.23554292303887703E+00
1.34036903701306872E-03  7.34038868159074198E+00
1.68758775960024983E-03  7.39227563643982410E+00
1.70225187420174973E-03  7.45592982387385739E+00
1.72302934933054046E-03  7.54686221051353989E+00
1.74190761710753175E-03  7.62994601934207672E+00
1.76440274729433664E-03  7.72850441780597652E+00
1.78933576635695746E-03  7.83770548899584174E+00
1.81308716324325172E-03  7.94171870684235515E+00
1.83731683353018918E-03  8.04783694879713174E+00
1.86111320205293814E-03  8.15209178019490999E+00
1.88181598860717985E-03  8.24301367641110438E+00
1.90647027794511523E-03  8.35100612271476095E+00
1.92662078570438218E-03  8.43917586790819918E+00
1.92597608212123281E-03  8.52897641472302226E+00
1.93988721469352983E-03  8.58627878280237411E+00
1.96373698902676088E-03  8.69190107509029986E+00
1.98192511731162119E-03  8.77525555332547214E+00
2.00553871418185413E-03  8.87948363800035700E+00
2.03295623107247391E-03  8.97484177304258957E+00
2.05523887679288442E-03  9.07514505649216829E+00
2.07931887303850057E-03  9.18079158478640167E+00
2.08532545068447180E-03  9.21419757182530752E+00
2.10915799437650341E-03  9.31956420568510957E+00
2.13319101307645224E-03  9.42571278689488778E+00
2.14867282899855114E-03  9.49629973274429950E+00
2.16958147055212837E-03  9.59060278168598579E+00
2.19278734525794753E-03  9.69295104822207776E+00
2.21469255121059484E-03  9.78890651477219897E+00
2.23647769484166528E-03  9.88735070774297498E+00
2.25867206581862419E-03  9.98508941156275931E+00
2.27913346505107927E-03  1.00791370086450947E+01
2.29778475236860338E-03  1.01626982674252666E+01
2.31631271922322834E-03  1.02422602963561200E+01
2.33673894499433765E-03  1.03304694462869442E+01
2.35857273658082386E-03  1.04260117089445572E+01
2.37591499772929916E-03  1.05023333117584166E+01
2.50153658556638266E-03  1.05826976121697225E+01
2.52169742466833635E-03  1.06705536653920490E+01
2.54165518243367047E-03  1.07526960946276962E+01
2.56156976367802628E-03  1.08355033152220273E+01
2.56585350987450405E-03  1.09242747602707642E+01
2.58495085588289226E-03  1.10063080101364275E+01
2.60438217825991955E-03  1.10896691560156597E+01
2.62105815443234224E-03  1.11600638642545018E+01
2.63849581081654870E-03  1.12336493753623827E+01
2.65524807222490208E-03  1.13012899980960757E+01
2.66742334466160561E-03  1.13539105835865737E+01
2.68928708997627107E-03  1.14492123388390770E+01
2.71112551267959495E-03  1.15409125179424752E+01
2.72782011364319224E-03  1.16153722056236788E+01
2.79736302441323421E-03  1.16747472652073938E+01
2.81239871464211222E-03  1.17348444451891343E+01
2.83374294887549271E-03  1.18258542750537163E+01
2.84855478317002416E-03  1.18892348775546637E+01
2.86784768685712952E-03  1.19718270822020418E+01
2.88340579361243523E-03  1.20400738437413182E+01
2.90660967874978044E-03  1.21346091912810738E+01
2.92804042751190416E-03  1.22235452853324098E+01
3.19923517596969664E-03  1.22894653798398270E+01
3.22141484113503329E-03  1.23741643716807737E+01
3.24229247905182026E-03  1.24544413204640136E+01
3.26397608805581874E-03  1.25375993829250110E+01
3.28758009834453175E-03  1.26294492661252242E+01
3.30763327285460125E-03  1.27034479564121323E+01
3.32759638358729772E-03  1.27804640709014201E+01
3.35298252462709872E-03  1.28776747421138431E+01
3.37834725889972704E-03  1.29748760124128069E+01
3.40225924924246947E-03  1.30668669398066548E+01
3.19772103036653540E-03  1.31582528950549698E+01
3.22165481708719089E-03  1.32562866993690989E+01
3.23745456605647238E-03  1.33371008128328068E+01
3.26145024143709985E-03  1.34356532277999943E+01
3.27624115146281673E-03  1.35055099659584510E+01
3.30016718455845197E-03  1.36038611162049463E+01
3.31719544565428929E-03  1.36899109294620231E+01
3.33945716089597156E-03  1.37833844819317317E+01
3.36139011202911397E-03  1.38735384475850285E+01
3.38101006861818258E-03  1.39619055873508700E+01
3.40337400396625031E-03  1.40512484852621444E+01
3.42584666689073596E-03  1.41451977119603303E+01
3.44578913686010169E-03  1.42355256269619641E+01
3.46006038649253941E-03  1.42740163597219905E+01
3.47712227567183781E-03  1.43618473590613238E+01
3.49971884350076161E-03  1.44501867914939854E+01
3.52355095035569808E-03  1.45476690505964559E+01
3.54738231881528187E-03  1.46451403227889863E+01
3.57021461325264652E-03  1.47390237221327354E+01
3.59403847333049278E-03  1.48364615218906053E+01
3.61650011309771254E-03  1.49281271734665122E+01
3.64031590948381582E-03  1.50255442125679064E+01
3.66383535989625196E-03  1.51218836846292817E+01
3.68763373188842319E-03  1.52192201313035032E+01
3.71117676283944271E-03  1.53155590886885093E+01
3.73491005393611223E-03  1.54127325201304100E+01
3.75955791932787746E-03  1.55066796799598734E+01
3.77610094198488865E-03  1.55832409665650058E+01
3.79264779928859376E-03  1.56600493595566999E+01
3.81639591365346776E-03  1.57571756542533485E+01
3.84014371319614132E-03  1.58543021884147457E+01
3.86462613612265603E-03  1.59509747300308895E+01
3.88228420006488497E-03  1.60178953549468304E+01
3.90224091665252598E-03  1.61074083136982473E+01
3.92411917531955510E-03  1.61972576521541818E+01
3.94451971493979276E-03  1.62874807122498915E+01
3.96777443962836526E-03  1.63746868564457522E+01
3.99069730430747643E-03  1.64689610387311269E+01
4.01402393686662966E-03  1.65643425112848135E+01
4.03722729550716475E-03  1.66537227466050091E+01
4.06068881628941000E-03  1.67504499301915004E+01
4.08412656461791188E-03  1.68470807603174464E+01
4.10751818021828571E-03  1.69436065839207401E+01
4.12809413376742738E-03  1.70318375436886846E+01
4.14995625291014487E-03  1.71230483062294567E+01
4.17315105479540340E-03  1.72190276223365863E+01
4.19658373310087627E-03  1.73156655288226844E+01
4.21764018822871553E-03  1.74061963582302859E+01
4.23853770873289324E-03  1.74959998322383825E+01
4.26182155127605242E-03  1.75923000583471634E+01
4.28502543643905290E-03  1.76884348818265664E+01
4.30771271323941198E-03  1.77745646445369339E+01
4.33111635385504193E-03  1.78711020524718052E+01
4.35343033125728043E-03  1.79589755945316689E+01
4.37675967003035068E-03  1.80552800816519827E+01
4.39510517661609312E-03  1.81310896600028286E+01
4.41750894895030170E-03  1.82171916730549484E+01
4.44087838974655154E-03  1.83135119941875679E+01
4.46095931735252058E-03  1.84000241337370944E+01
4.48371045527739057E-03  1.84962173262848495E+01
4.51252685221557176E-03  1.85895367793460551E+01
4.53583848393426109E-03  1.86856546330443081E+01
4.55693718433355932E-03  1.87769244998144664E+01
4.58029051165743158E-03  1.88731621074005211E+01
4.59485235310834635E-03  1.87940593601293102E+01
4.61194010310158383E-03  1.88711101334648603E+01
4.63523170003936249E-03  1.89664115121473955E+01
4.65852125980689442E-03  1.90617036368287778E+01
4.65852589383097121E-03  1.90617123936508932E+01
4.67827186225574197E-03  1.91197627129352448E+01
4.70145618043044024E-03  1.92145447095007604E+01
4.72451631629843688E-03  1.93062284355983458E+01
4.74778077216063583E-03  1.94012971325569339E+01
4.77104434990242247E-03  1.94963624694924000E+01
4.79345929845971866E-03  1.95869395665553014E+01
4.81651373549470650E-03  1.96814387140604303E+01
4.83957728423338712E-03  1.97754812893178347E+01
4.86283423938556596E-03  1.98705178052475020E+01
4.88548692271980559E-03  1.99632205501469322E+01
4.90856114461235733E-03  2.00581108857292527E+01
4.93181313986243083E-03  2.01531330650041269E+01
4.95503774445754837E-03  2.02480654519598993E+01
4.97829248926501527E-03  2.03430941664760354E+01
5.00133410224827112E-03  2.04372006914182123E+01
5.02458620601087778E-03  2.05322207454352750E+01
5.04648323192148120E-03  2.06159898118211906E+01
5.06779883215876213E-03  2.07062726720880192E+01
5.07957066025065650E-03  2.07274104437902409E+01
5.10276036561502656E-03  2.08219804048390813E+01
5.12594561342514469E-03  2.09165965931147824E+01
5.14759622442404266E-03  2.10046200316079457E+01
5.17077425869506575E-03  2.10992072745455701E+01
5.19384835743157743E-03  2.11929455081364821E+01
5.21683846486509055E-03  2.12864439531492877E+01
5.24001769623782827E-03  2.13810140852819330E+01
5.23343754084491710E-03  2.12471046445642600E+01
5.24568103177057085E-03  2.13207480100384110E+01
5.26868696086846278E-03  2.14142548751555033E+01
5.29169194206408240E-03  2.15077515841156170E+01
5.31469070276102250E-03  2.16012475171594076E+01
5.33769250312204728E-03  2.16947432122678237E+01
5.36027262903308530E-03  2.17873099715556187E+01
5.38178005938034620E-03  2.18778978191595428E+01
5.40420444703086384E-03  2.19702647582255288E+01
5.42719938111439586E-03  2.20637439491944889E+01
5.45012779384846605E-03  2.21568472237545215E+01
5.47303876874184574E-03  2.22495041100384583E+01
5.49186750602213229E-03  2.23367280577827820E+01
5.51484403095060458E-03  2.24301795374688560E+01
5.51752253753031059E-03  2.24521978234812600E+01
5.41640704017031134E-03  2.24298287707709498E+01
5.43868660807101615E-03  2.25219712158525667E+01
5.46106760762660529E-03  2.26146542763533134E+01
5.48246679965149527E-03  2.26990808669651436E+01
5.50252987011672166E-03  2.27784810036466574E+01
5.52488902258645078E-03  2.28709808824235665E+01
5.54725593735008304E-03  2.29635724217846615E+01
5.56961875670928131E-03  2.30561636266271144E+01
