0.00000000000000000E+00  0.00000000000000000E+00
4.70577535828187461E-05  1.33507091990336479E+00
7.05287694850768800E-05  2.00106064598039302E+00
7.63157960170082262E-05  2.16464658882116368E+00
2.88361544780198491E-04  2.41184060768395003E+00
3.19508829637592218E-04  2.51033243336410283E+00
3.57855806370196657E-04  2.65254538678780127E+00
3.79143664367113486E-04  2.63995927435356537E+00
4.09432730690282361E-04  2.74918778828511723E+00
4.21667758874831762E-04  2.82482217256306889E+00
4.21107640695428181E-04  2.78708125606475132E+00
4.16707984466121572E-04  2.73309923482062089E+00
4.46511019988101040E-04  2.87264916978645690E+00
4.68429052077342679E-04  2.93899338196825965E+00
4.66472328239804208E-04  2.86483114312693665E+00
4.89140704162601054E-04  2.98640042232213965E+00
4.76588489347794719E-04  3.02435086564847166E+00
4.88414457689027794E-04  3.06151089220634187E+00
4.97594732492474628E-04  3.09043153441749485E+00
5.11619146842941068E-04  3.17682511161374137E+00
5.34636843666471220E-04  3.20547313016430335E+00
6.52653872494150062E-04  3.27667568798860698E+00
6.72379549178139563E-04  3.34302689738320336E+00
6.96913669929133612E-04  3.45566935012487830E+00
7.08961889929080654E-04  3.52849957213712173E+00
7.34497438381570816E-04  3.63534052265190244E+00
7.51635172645345241E-04  3.72629500027380534E+00
7.77004921528838132E-04  3.79904039124771264E+00
7.95552391815343126E-04  3.88130429617054684E+00
8.33518540012011776E-04  3.97229060606917939E+00
8.57500694680827266E-04  4.07064246887329517E+00
8.82970142772216316E-04  4.16565312315981284E+00
8.91666030792506400E-04  4.22784684486554774E+00
9.40782521678308441E-04  4.33014369699150681E+00
9.87540881012320682E-04  4.39648790996183791E+00
1.01441660158062578E-03  4.50865933225807503E+00
1.04181154085053831E-03  4.61812261293742754E+00
1.04539541122826820E-03  4.69583075413349071E+00
1.06903684233064793E-03  4.80452334654356505E+00
1.09765296731892089E-03  4.91442120125841608E+00
1.12419888116139350E-03  5.02281786075424108E+00
1.13837355401233062E-03  5.09907731495974659E+00
1.16292053523263839E-03  5.20610517405680806E+00
1.10591140867550924E-03  5.27915181592215088E+00
1.12677292042390317E-03  5.37690839358062966E+00
1.15018011909674071E-03  5.48815039115185854E+00
1.18315680876371603E-03  5.59794193519649053E+00
1.19815394893624640E-03  5.68959436952165287E+00
1.20450588409423513E-03  5.73831056461582278E+00
1.22281759133074474E-03  5.84015555524906382E+00
1.24641160604479920E-03  5.95247440981409870E+00
1.26988061205989726E-03  6.06386536354807948E+00
1.29215354334143205E-03  6.16878242015193745E+00
1.30452962555089908E-03  6.23899348915058738E+00
1.31903903460658272E-03  6.33525025719214430E+00
1.34025604384100392E-03  6.43694478288959449E+00
1.36406950835549602E-03  6.54860081304061037E+00
1.38398237604922428E-03  6.65006984752030927E+00
1.40795116304707037E-03  6.76206779903502841E+00
1.43314953613273271E-03  6.85838195927912153E+00
1.45298080551351200E-03  6.94118245206264461E+00
1.47409404719761540E-03  7.04289472544651929E+00
1.49711903822211329E-03  7.15071676720260996E+00
1.51617308347009802E-03  7.23554292303887703E+00
1.53489425047205605E-03  7.34038868159074198E+00
1.54986893578043538E-03  7.39227563643982410E+00
1.54355429519425352E-03  7.45592982387385739E+00
1.56412918738869575E-03  7.54686221051353989E+00
1.57760215309289600E-03  7.62994601934207672E+00
1.59772220986712670E-03  7.72850441780597652E+00
1.62029486220197777E-03  7.83770548899584174E+00
1.64179267376521397E-03  7.94171870684235515E+00
1.66374113019199460E-03  8.04783694879713174E+00
1.69385879659038298E-03  8.15209178019490999E+00
1.71042450962272065E-03  8.24301367641110438E+00
1.73272541189883563E-03  8.35100612271476095E+00
1.75093448859817407E-03  8.43917586790819918E+00
1.77257275654770733E-03  8.52897641472302226E+00
1.78406258162317768E-03  8.58627878280237411E+00
1.81163243864300460E-03  8.69190107509029986E+00
1.83139491170530313E-03  8.77525555332547214E+00
1.85287588585667548E-03  8.87948363800035700E+00
1.86866117289866953E-03  8.97484177304258957E+00
1.89048083207292287E-03  9.07514505649216829E+00
1.91174743271917504E-03  9.18079158478640167E+00
1.92247608364718445E-03  9.21419757182530752E+00
1.93752303633018628E-03  9.31956420568510957E+00
1.95772698944303826E-03  9.42571278689488778E+00
1.87204628261943896E-03  9.49629973274429950E+00
1.89244467400374481E-03  9.59060278168598579E+00
1.92268633065417944E-03  9.69295104822207776E+00
1.94044700954118326E-03  9.78890651477219897E+00
1.96367460857703241E-03  9.88735070774297498E+00
1.98317210638056934E-03  9.98508941156275931E+00
2.00849970946690359E-03  1.00791370086450947E+01
2.02410752957992573E-03  1.01626982674252666E+01
2.04234076586307794E-03  1.02422602963561200E+01
2.05619556571864622E-03  1.03304694462869442E+01
2.07415694556891848E-03  1.04260117089445572E+01
2.06612961941206579E-03  1.05023333117584166E+01
2.08614569602968937E-03  1.05826976121697225E+01
2.10523534096302171E-03  1.06705536653920490E+01
2.11477109311303431E-03  1.07526960946276962E+01
2.12774881023915273E-03  1.08355033152220273E+01
2.14759408530537871E-03  1.09242747602707642E+01
2.16553512489716217E-03  1.10063080101364275E+01
2.27289691077538604E-03  1.10896691560156597E+01
2.28685460164521157E-03  1.11600638642545018E+01
2.45591437655507533E-03  1.12336493753623827E+01
2.46662250349884930E-03  1.13012899980960757E+01
2.48839894699151012E-03  1.13539105835865737E+01
2.51330374576535370E-03  1.14492123388390770E+01
2.53348420786328075E-03  1.15409125179424752E+01
2.55490474229674120E-03  1.16153722056236788E+01
2.56739660760433403E-03  1.16747472652073938E+01
2.57644541140768018E-03  1.17348444451891343E+01
2.59702040931007435E-03  1.18258542750537163E+01
2.61513810553196027E-03  1.18892348775546637E+01
2.89995330631067760E-03  1.19718270822020418E+01
2.92249732355210354E-03  1.20400738437413182E+01
2.94440588459135002E-03  1.21346091912810738E+01
2.96644613496350540E-03  1.22235452853324098E+01
2.98531462470330274E-03  1.22894653798398270E+01
3.00607086044817496E-03  1.23741643716807737E+01
3.02292626898352816E-03  1.24544413204640136E+01
2.92444243254593849E-03  1.25375993829250110E+01
2.94141721352043700E-03  1.26294492661252242E+01
2.96522139947638609E-03  1.27034479564121323E+01
2.98016919414126986E-03  1.27804640709014201E+01
3.00255753373700673E-03  1.28776747421138431E+01
3.02716600043579330E-03  1.29748760124128069E+01
3.05207519090172196E-03  1.30668669398066548E+01
3.07608446564845575E-03  1.31582528950549698E+01
3.09903283123153222E-03  1.32562866993690989E+01
3.10892572158610143E-03  1.33371008128328068E+01
3.13190273168484053E-03  1.34356532277999943E+01
3.14306668463674912E-03  1.35055099659584510E+01
3.16596127942813657E-03  1.36038611162049463E+01
3.18269734616474223E-03  1.36899109294620231E+01
3.20576132458650492E-03  1.37833844819317317E+01
3.22749383321165734E-03  1.38735384475850285E+01
3.24413074575684302E-03  1.39619055873508700E+01
3.26439164646239810E-03  1.40512484852621444E+01
3.28666569324023673E-03  1.41451977119603303E+01
3.30215599494507791E-03  1.42355256269619641E+01
3.30959721221977480E-03  1.42740163597219905E+01
3.31505871870230650E-03  1.43618473590613238E+01
3.34518713830457212E-03  1.44501867914939854E+01
3.36783149442669398E-03  1.45476690505964559E+01
3.39048164736306841E-03  1.46451403227889863E+01
3.41221105093159971E-03  1.47390237221327354E+01
3.43485389915288656E-03  1.48364615218906053E+01
3.45634173566591570E-03  1.49281271734665122E+01
3.47892841450224075E-03  1.50255442125679064E+01
3.50123238297214224E-03  1.51218836846292817E+01
3.52382698577659260E-03  1.52192201313035032E+01
3.54618115716230252E-03  1.53155590886885093E+01
3.56874995579237056E-03  1.54127325201304100E+01
3.59552528133793301E-03  1.55066796799598734E+01
3.61146680853185326E-03  1.55832409665650058E+01
3.62816966575513775E-03  1.56600493595566999E+01
3.65073592718386051E-03  1.57571756542533485E+01
3.67330385861861387E-03  1.58543021884147457E+01
3.69596929149176769E-03  1.59509747300308895E+01
3.71038640447904746E-03  1.60178953549468304E+01
3.72602162092770632E-03  1.61074083136982473E+01
3.74649315692148497E-03  1.61972576521541818E+01
3.76481633633651835E-03  1.62874807122498915E+01
3.78426259022378395E-03  1.63746868564457522E+01
3.80628851686959976E-03  1.64689610387311269E+01
3.82888270350499951E-03  1.65643425112848135E+01
3.85121690821035520E-03  1.66537227466050091E+01
3.87358094923692751E-03  1.67504499301915004E+01
3.89592127940867686E-03  1.68470807603174464E+01
3.91822533197638996E-03  1.69436065839207401E+01
3.93661540028560335E-03  1.70318375436886846E+01
3.95811012795599122E-03  1.71230483062294567E+01
3.98006388408212071E-03  1.72190276223365863E+01
4.00239548428479083E-03  1.73156655288226844E+01
4.02335378815131192E-03  1.74061963582302859E+01
4.04354268933032439E-03  1.74959998322383825E+01
4.06500108469890018E-03  1.75923000583471634E+01
4.08710975853501888E-03  1.76884348818265664E+01
4.10482156961163198E-03  1.77745646445369339E+01
4.12711383993514917E-03  1.78711020524718052E+01
4.15013947338151515E-03  1.79589755945316689E+01
4.17230830746101976E-03  1.80552800816519827E+01
4.18707820053963817E-03  1.81310896600028286E+01
4.21490447717510087E-03  1.82171916730549484E+01
4.23718551823882780E-03  1.83135119941875679E+01
4.25514262230816676E-03  1.84000241337370944E+01
4.27738601623368041E-03  1.84962173262848495E+01
4.29872841386564567E-03  1.85895367793460551E+01
4.32095104395652154E-03  1.86856546330443081E+01
4.33982840060256371E-03  1.87769244998144664E+01
4.36206691245063193E-03  1.88731621074005211E+01
4.33102333794395736E-03  1.87940593601293102E+01
4.34725611111709109E-03  1.88711101334648603E+01
4.36921144746692247E-03  1.89664115121473955E+01
4.39116456017340541E-03  1.90617036368287778E+01
4.39117037754767608E-03  1.90617123936508932E+01
4.41599471428663973E-03  1.91197627129352448E+01
4.43786583251264740E-03  1.92145447095007604E+01
4.45946050842016897E-03  1.93062284355983458E+01
4.48141953298964238E-03  1.94012971325569339E+01
4.50337799431226211E-03  1.94963624694924000E+01
4.52450410474097928E-03  1.95869395665553014E+01
4.54612113616948560E-03  1.96814387140604303E+01
4.56776502636871851E-03  1.97754812893178347E+01
4.58971347803504952E-03  1.98705178052475020E+01
4.61154160235715919E-03  1.99632205501469322E+01
4.63304842712895446E-03  2.00581108857292527E+01
4.65499180187043185E-03  2.01531330650041269E+01
4.67690329925234734E-03  2.02480654519598993E+01
4.69885163736854378E-03  2.03430941664760354E+01
4.74166476449071339E-03  2.04372006914182123E+01
4.76370740046987325E-03  2.05322207454352750E+01
4.78141288723219794E-03  2.06159898118211906E+01
4.80119173073538952E-03  2.07062726720880192E+01
4.81552533365408805E-03  2.07274104437902409E+01
4.83751576928108211E-03  2.08219804048390813E+01
4.85949495475857841E-03  2.09165965931147824E+01
4.88005533740438948E-03  2.10046200316079457E+01
4.90202763554969338E-03  2.10992072745455701E+01
4.92394774914469129E-03  2.11929455081364821E+01
4.94577700846007568E-03  2.12864439531492877E+01
4.96775283985805959E-03  2.13810140852819330E+01
6.11555218692712201E-03  2.12471046445642600E+01
6.12737238343884303E-03  2.13207480100384110E+01
6.14631044792043457E-03  2.14142548751555033E+01
6.17704369380510029E-03  2.15077515841156170E+01
6.20935052741707159E-03  2.16012475171594076E+01
6.22863979059486757E-03  2.16947432122678237E+01
6.25876374623650106E-03  2.17873099715556187E+01
6.35881833346988150E-03  2.18778978191595428E+01
6.38663790668917222E-03  2.19702647582255288E+01
6.41282520062605617E-03  2.20637439491944889E+01
6.43546717004511888E-03  2.21568472237545215E+01
6.45594955629302542E-03  2.22495041100384583E+01
6.47953167445811107E-03  2.23367280577827820E+01
6.50666981571146417E-03  2.24301795374688560E+01
6.51130288308870379E-03  2.24521978234812600E+01
6.49070582074243434E-03  2.24298287707709498E+01
6.51734290667886889E-03  2.25219712158525667E+01
6.54415333647721375E-03  2.26146542763533134E+01
6.57124723547499682E-03  2.26990808669651436E+01
6.59665715055878996E-03  2.27784810036466574E+01
6.62223807085241152E-03  2.28709808824235665E+01
6.64929343128741607E-03  2.29635724217846615E+01
6.67526805244751491E-03  2.30561636266271144E+01
