0.00000000000000000E+00  0.00000000000000000E+00
4.70510925946086102E-05  1.33507091990336479E+00
7.05181186163815195E-05  2.00106064598039302E+00
7.63044929843022045E-05  2.16464658882116368E+00
8.52555629544150546E-05  2.41184060768395003E+00
8.87717087896042602E-05  2.51033243336410283E+00
9.36162427177119293E-05  2.65254538678780127E+00
9.33248912238827141E-05  2.63995927435356537E+00
9.70163980790551058E-05  2.74918778828511723E+00
9.96956368225591227E-05  2.82482217256306889E+00
9.83280752666611062E-05  2.78708125606475132E+00
9.63869267319407208E-05  2.73309923482062089E+00
1.01257029167048005E-04  2.87264916978645690E+00
1.03498170154247806E-04  2.93899338196825965E+00
5.86430972482474195E-04  2.86483114312693665E+00
6.40645900287232367E-04  2.98640042232213965E+00
6.39716623213248394E-04  3.02435086564847166E+00
6.53071545296285525E-04  3.06151089220634187E+00
6.62267499044665313E-04  3.09043153441749485E+00
6.81097465702965423E-04  3.17682511161374137E+00
6.99482057413838192E-04  3.20547313016430335E+00
6.77191889506216027E-04  3.27667568798860698E+00
6.96686543335998552E-04  3.34302689738320336E+00
7.21510905037114881E-04  3.45566935012487830E+00
7.34374517397350102E-04  3.52849957213712173E+00
7.59840839439612889E-04  3.63534052265190244E+00
7.77963972463312898E-04  3.72629500027380534E+00
8.02632675531636443E-04  3.79904039124771264E+00
8.21848931824502239E-04  3.88130429617054684E+00
8.45223754845696564E-04  3.97229060606917939E+00
8.71237533224350491E-04  4.07064246887329517E+00
8.97047183490853471E-04  4.16565312315981284E+00
9.36269922590169941E-04  4.22784684486554774E+00
9.74110048168335459E-04  4.33014369699150681E+00
9.88266713171766014E-04  4.39648790996183791E+00
1.01601857082137285E-03  4.50865933225807503E+00
1.04441064049097814E-03  4.61812261293742754E+00
1.05290721704889086E-03  4.69583075413349071E+00
1.08032102413467383E-03  4.80452334654356505E+00
1.10764094438070863E-03  4.91442120125841608E+00
1.13404661278201924E-03  5.02281786075424108E+00
1.14576585591807771E-03  5.09907731495974659E+00
1.17061796773941301E-03  5.20610517405680806E+00
1.18058281191508519E-03  5.27915181592215088E+00
1.20741658596616361E-03  5.37690839358062966E+00
1.23383886422618293E-03  5.48815039115185854E+00
1.25985990820389046E-03  5.59794193519649053E+00
1.33580526589348434E-03  5.68959436952165287E+00
1.33951401388947441E-03  5.73831056461582278E+00
1.36170476378118482E-03  5.84015555524906382E+00
1.38904693843998361E-03  5.95247440981409870E+00
1.41589869580282688E-03  6.06386536354807948E+00
1.44143041299966404E-03  6.16878242015193745E+00
1.54557116577779983E-03  6.23899348915058738E+00
1.56948619082814705E-03  6.33525025719214430E+00
1.61125291279152864E-03  6.43694478288959449E+00
1.64001421443585467E-03  6.54860081304061037E+00
1.67513488661949050E-03  6.65006984752030927E+00
1.70386797742231363E-03  6.76206779903502841E+00
1.72896710755160378E-03  6.85838195927912153E+00
1.75049672381517060E-03  6.94118245206264461E+00
1.77636878049914834E-03  7.04289472544651929E+00
1.80394153004450968E-03  7.15071676720260996E+00
1.82584263733895835E-03  7.23554292303887703E+00
1.85246789931957584E-03  7.34038868159074198E+00
1.86614744354538821E-03  7.39227563643982410E+00
1.88306146825752271E-03  7.45592982387385739E+00
1.90639042844479266E-03  7.54686221051353989E+00
1.92699108480912681E-03  7.62994601934207672E+00
1.95194289778662664E-03  7.72850441780597652E+00
1.97963293547501022E-03  7.83770548899584174E+00
2.00600357242546870E-03  7.94171870684235515E+00
2.03291567503508831E-03  8.04783694879713174E+00
2.05933090489310647E-03  8.15209178019490999E+00
2.08215979401129734E-03  8.24301367641110438E+00
2.10951829080397932E-03  8.35100612271476095E+00
2.13183926557378297E-03  8.43917586790819918E+00
2.15488506182390845E-03  8.52897641472302226E+00
2.16935830014815820E-03  8.58627878280237411E+00
2.19606811889594888E-03  8.69190107509029986E+00
2.21740780286324790E-03  8.77525555332547214E+00
2.24353802286130985E-03  8.87948363800035700E+00
2.27393129700604203E-03  8.97484177304258957E+00
2.29975078506860445E-03  9.07514505649216829E+00
2.34947523845871128E-03  9.18079158478640167E+00
2.36026665663698326E-03  9.21419757182530752E+00
2.38738308400956393E-03  9.31956420568510957E+00
2.41480984067053879E-03  9.42571278689488778E+00
2.43589393180698201E-03  9.49629973274429950E+00
2.46074100373229031E-03  9.59060278168598579E+00
2.48730617666849917E-03  9.69295104822207776E+00
2.51173121240262599E-03  9.78890651477219897E+00
2.53840259251531669E-03  9.88735070774297498E+00
2.56374230556727931E-03  9.98508941156275931E+00
2.59027543935153861E-03  1.00791370086450947E+01
2.61130452420316747E-03  1.01626982674252666E+01
2.63325265321395861E-03  1.02422602963561200E+01
2.65473053714976705E-03  1.03304694462869442E+01
2.67935717490493325E-03  1.04260117089445572E+01
2.69529768738773282E-03  1.05023333117584166E+01
2.71774762584136393E-03  1.05826976121697225E+01
2.74104981884579126E-03  1.06705536653920490E+01
2.88866724903504577E-03  1.07526960946276962E+01
2.90890221881732504E-03  1.08355033152220273E+01
2.93391136361896522E-03  1.09242747602707642E+01
2.95719325505168842E-03  1.10063080101364275E+01
2.98005590347759711E-03  1.10896691560156597E+01
2.99881228495480498E-03  1.11600638642545018E+01
3.01872744638122205E-03  1.12336493753623827E+01
3.11618514971217543E-03  1.13012899980960757E+01
3.11259257649045776E-03  1.13539105835865737E+01
3.14189945724007314E-03  1.14492123388390770E+01
3.16753856234235466E-03  1.15409125179424752E+01
3.15218260408593135E-03  1.16153722056236788E+01
3.16778414028406246E-03  1.16747472652073938E+01
3.17971374649233434E-03  1.17348444451891343E+01
3.20470128797385257E-03  1.18258542750537163E+01
3.22648257303335484E-03  1.18892348775546637E+01
3.25148684226294390E-03  1.19718270822020418E+01
3.27366661434314032E-03  1.20400738437413182E+01
3.29885468030445680E-03  1.21346091912810738E+01
3.34913336462267603E-03  1.22235452853324098E+01
3.37033125633237358E-03  1.22894653798398270E+01
3.39357657980761916E-03  1.23741643716807737E+01
3.41386016620878795E-03  1.24544413204640136E+01
3.43435067547151560E-03  1.25375993829250110E+01
3.45600911493793017E-03  1.26294492661252242E+01
3.26218882392640633E-03  1.27034479564121323E+01
3.27439675558891755E-03  1.27804640709014201E+01
3.29830719055409756E-03  1.28776747421138431E+01
3.32407091412526565E-03  1.29748760124128069E+01
3.34541666505827878E-03  1.30668669398066548E+01
3.37373576983609732E-03  1.31582528950549698E+01
3.39866738475039318E-03  1.32562866993690989E+01
3.40132314151132733E-03  1.33371008128328068E+01
3.42646770888538300E-03  1.34356532277999943E+01
3.44805324919825662E-03  1.35055099659584510E+01
3.47317544867873501E-03  1.36038611162049463E+01
3.48676920353985145E-03  1.36899109294620231E+01
3.51471083150660651E-03  1.37833844819317317E+01
3.53903816027170953E-03  1.38735384475850285E+01
3.55318887880419487E-03  1.39619055873508700E+01
3.57343951980934995E-03  1.40512484852621444E+01
3.59556986697801440E-03  1.41451977119603303E+01
3.64168950092120993E-03  1.42355256269619641E+01
3.64308030196344246E-03  1.42740163597219905E+01
3.64697527676244131E-03  1.43618473590613238E+01
3.68162233100838591E-03  1.44501867914939854E+01
3.70644619650399403E-03  1.45476690505964559E+01
3.73128251382340726E-03  1.46451403227889863E+01
3.75516483186239371E-03  1.47390237221327354E+01
3.77999315595722212E-03  1.48364615218906053E+01
3.80307019280129270E-03  1.49281271734665122E+01
3.82787710949938952E-03  1.50255442125679064E+01
3.85228856764319042E-03  1.51218836846292817E+01
3.87703320842492901E-03  1.52192201313035032E+01
3.90152277938224335E-03  1.53155590886885093E+01
3.92628167348785858E-03  1.54127325201304100E+01
3.95849006484273996E-03  1.55066796799598734E+01
3.97658215492314310E-03  1.55832409665650058E+01
3.99606840446116961E-03  1.56600493595566999E+01
4.02083147130432878E-03  1.57571756542533485E+01
4.04559228993282664E-03  1.58543021884147457E+01
4.07033443057811667E-03  1.59509747300308895E+01
4.08357425107161009E-03  1.60178953549468304E+01
4.09791947599865130E-03  1.61074083136982473E+01
4.12287611772461059E-03  1.61972576521541818E+01
4.15002844077975649E-03  1.62874807122498915E+01
4.16868276072430207E-03  1.63746868564457522E+01
4.19307651597713646E-03  1.64689610387311269E+01
4.21821005032366365E-03  1.65643425112848135E+01
4.24263495606506513E-03  1.66537227466050091E+01
4.26726343077462027E-03  1.67504499301915004E+01
4.29247227521389885E-03  1.68470807603174464E+01
4.31704862337048412E-03  1.69436065839207401E+01
4.33650729934751452E-03  1.70318375436886846E+01
4.35897569918223572E-03  1.71230483062294567E+01
4.38319238211979344E-03  1.72190276223365863E+01
4.40795439433452722E-03  1.73156655288226844E+01
4.43217699128611083E-03  1.74061963582302859E+01
4.45504477043862004E-03  1.74959998322383825E+01
4.47945778401196478E-03  1.75923000583471634E+01
4.50399973403682423E-03  1.76884348818265664E+01
4.51986240171130434E-03  1.77745646445369339E+01
4.54452099392624147E-03  1.78711020524718052E+01
4.57136425369110942E-03  1.79589755945316689E+01
4.59590126592810972E-03  1.80552800816519827E+01
4.61511322305444179E-03  1.81310896600028286E+01
4.59387634588315219E-03  1.82171916730549484E+01
4.61831725576368046E-03  1.83135119941875679E+01
4.63895223919201603E-03  1.84000241337370944E+01
4.66339763691913517E-03  1.84962173262848495E+01
4.68671774253019268E-03  1.85895367793460551E+01
4.71111039781379939E-03  1.86856546330443081E+01
4.73288503479778015E-03  1.87769244998144664E+01
4.75721724462553359E-03  1.88731621074005211E+01
4.73120313273452629E-03  1.87940593601293102E+01
4.74893459136388561E-03  1.88711101334648603E+01
4.77291787299626014E-03  1.89664115121473955E+01
4.79689867060073723E-03  1.90617036368287778E+01
4.79690288900212151E-03  1.90617123936508932E+01
4.81807452395764842E-03  1.91197627129352448E+01
4.84194632920991776E-03  1.92145447095007604E+01
4.86514118856097837E-03  1.93062284355983458E+01
4.88909808809716382E-03  1.94012971325569339E+01
4.91305432762511284E-03  1.94963624694924000E+01
4.93594841289696912E-03  1.95869395665553014E+01
4.95962319045981960E-03  1.96814387140604303E+01
4.98324401206077117E-03  1.97754812893178347E+01
5.00718386995572650E-03  1.98705178052475020E+01
5.03087203037260074E-03  1.99632205501469322E+01
5.05451248743569396E-03  2.00581108857292527E+01
5.07844349292709777E-03  2.01531330650041269E+01
5.10234955868210140E-03  2.02480654519598993E+01
5.12629351457555629E-03  2.03430941664760354E+01
5.15002245306385442E-03  2.04372006914182123E+01
5.17395859878725089E-03  2.05322207454352750E+01
5.19325558338503031E-03  2.06159898118211906E+01
5.21540328416636445E-03  2.07062726720880192E+01
5.22565077232510847E-03  2.07274104437902409E+01
5.24949717511905261E-03  2.08219804048390813E+01
5.27334365339338345E-03  2.09165965931147824E+01
5.29558784571758454E-03  2.10046200316079457E+01
5.31942694206534537E-03  2.10992072745455701E+01
5.34312959391061108E-03  2.11929455081364821E+01
5.39260322698571857E-03  2.12864439531492877E+01
5.41655705921980334E-03  2.13810140852819330E+01
5.40987869891562841E-03  2.12471046445642600E+01
5.42140125395925397E-03  2.13207480100384110E+01
5.44517785221269434E-03  2.14142548751555033E+01
5.46894596239324779E-03  2.15077515841156170E+01
5.49271551561072470E-03  2.16012475171594076E+01
5.51648793664514039E-03  2.16947432122678237E+01
5.53984161408096858E-03  2.17873099715556187E+01
5.56213839957709049E-03  2.18778978191595428E+01
5.58534053406045585E-03  2.19702647582255288E+01
5.60910610665389317E-03  2.20637439491944889E+01
5.63278796433960057E-03  2.21568472237545215E+01
5.65650115186381707E-03  2.22495041100384583E+01
5.67620261079658517E-03  2.23367280577827820E+01
5.69995035608094908E-03  2.24301795374688560E+01
5.70296053348315953E-03  2.24521978234812600E+01
5.68370178904932868E-03  2.24298287707709498E+01
5.70708824192423317E-03  2.25219712158525667E+01
5.73057364088872066E-03  2.26146542763533134E+01
5.75328913868934904E-03  2.26990808669651436E+01
5.76482328176462343E-03  2.27784810036466574E+01
5.78825200750359477E-03  2.28709808824235665E+01
5.81168506455325470E-03  2.29635724217846615E+01
5.83511276964414956E-03  2.30561636266271144E+01
