0.00000000000000000E+00  0.00000000000000000E+00
4.70577547107746224E-05  1.33507091990336479E+00
7.05310274937338448E-05  2.00106064598039302E+00
7.62674182724573397E-05  2.16464658882116368E+00
8.49487439174617036E-05  2.41184060768395003E+00
8.82085191502738697E-05  2.51033243336410283E+00
9.33730098222923548E-05  2.65254538678780127E+00
9.29258602162919109E-05  2.63995927435356537E+00
9.68555492095913049E-05  2.74918778828511723E+00
9.94804004847823299E-05  2.82482217256306889E+00
9.81170808666975708E-05  2.78708125606475132E+00
9.99830626168863478E-05  2.73309923482062089E+00
1.05154534908194117E-04  2.87264916978645690E+00
1.07518802951691230E-04  2.93899338196825965E+00
1.04831434148502725E-04  2.86483114312693665E+00
1.09184629081387300E-04  2.98640042232213965E+00
1.10627562822984273E-04  3.02435086564847166E+00
4.74472170288872013E-04  3.06151089220634187E+00
4.84996635998934415E-04  3.09043153441749485E+00
5.04497413042857530E-04  3.17682511161374137E+00
4.98295601320472743E-04  3.20547313016430335E+00
5.06829957461303691E-04  3.27667568798860698E+00
5.13856452958844404E-04  3.34302689738320336E+00
5.33441195056789464E-04  3.45566935012487830E+00
5.56170395536830973E-04  3.52849957213712173E+00
5.75534640976376843E-04  3.63534052265190244E+00
6.04008339527321142E-04  3.72629500027380534E+00
6.20480512547227285E-04  3.79904039124771264E+00
6.54162005347392467E-04  3.88130429617054684E+00
6.70907237817868472E-04  3.97229060606917939E+00
6.84967397617680185E-04  4.07064246887329517E+00
7.04156555294703067E-04  4.16565312315981284E+00
7.21616001463974352E-04  4.22784684486554774E+00
7.41019665733043983E-04  4.33014369699150681E+00
7.52960958220592392E-04  4.39648790996183791E+00
7.73505503721801644E-04  4.50865933225807503E+00
7.93743663553016319E-04  4.61812261293742754E+00
8.11413554013723439E-04  4.69583075413349071E+00
8.30449827513990847E-04  4.80452334654356505E+00
8.50011184346726161E-04  4.91442120125841608E+00
8.69404429837068986E-04  5.02281786075424108E+00
7.86994972123337185E-04  5.09907731495974659E+00
8.12169538583236341E-04  5.20610517405680806E+00
8.25496303827536479E-04  5.27915181592215088E+00
8.25391597539638184E-04  5.37690839358062966E+00
8.42914850210406256E-04  5.48815039115185854E+00
8.59875692547594863E-04  5.59794193519649053E+00
8.69539608790431922E-04  5.68959436952165287E+00
8.97218431924061161E-04  5.73831056461582278E+00
9.04274547099179703E-04  5.84015555524906382E+00
9.22002792389721004E-04  5.95247440981409870E+00
9.37670325143868358E-04  6.06386536354807948E+00
9.55905141243653875E-04  6.16878242015193745E+00
9.66727333014252908E-04  6.23899348915058738E+00
9.95431068114683128E-04  6.33525025719214430E+00
1.01128142351760981E-03  6.43694478288959449E+00
1.02902745567900783E-03  6.54860081304061037E+00
1.04343177255842570E-03  6.65006984752030927E+00
1.06133540077238669E-03  6.76206779903502841E+00
1.07855527844890730E-03  6.85838195927912153E+00
1.07935270826515573E-03  6.94118245206264461E+00
1.11394691652187293E-03  7.04289472544651929E+00
1.13157513855439290E-03  7.15071676720260996E+00
1.13634594925936228E-03  7.23554292303887703E+00
1.26684252595663546E-03  7.34038868159074198E+00
1.27630659213854680E-03  7.39227563643982410E+00
1.28757353609226430E-03  7.45592982387385739E+00
1.26884167595656453E-03  7.54686221051353989E+00
1.28449993190787501E-03  7.62994601934207672E+00
1.30094253650590982E-03  7.72850441780597652E+00
1.31983207626289070E-03  7.83770548899584174E+00
1.33827354772176319E-03  7.94171870684235515E+00
1.35671125679029348E-03  8.04783694879713174E+00
1.37475449974469480E-03  8.15209178019490999E+00
1.39051307839022629E-03  8.24301367641110438E+00
1.40923761074721932E-03  8.35100612271476095E+00
1.42384522584316489E-03  8.43917586790819918E+00
1.44077344398704722E-03  8.52897641472302226E+00
1.94444552985020944E-03  8.58627878280237411E+00
1.96867956201800514E-03  8.69190107509029986E+00
1.98769900278378741E-03  8.77525555332547214E+00
2.01152406671852154E-03  8.87948363800035700E+00
2.03351791244088097E-03  8.97484177304258957E+00
2.05635274592174669E-03  9.07514505649216829E+00
2.08049525727580171E-03  9.18079158478640167E+00
2.08788452789137550E-03  9.21419757182530752E+00
2.11194246233943790E-03  9.31956420568510957E+00
2.13618105276855517E-03  9.42571278689488778E+00
2.19070050550808663E-03  9.49629973274429950E+00
2.21236218097940448E-03  9.59060278168598579E+00
2.23677352018810489E-03  9.69295104822207776E+00
2.25967234080942485E-03  9.78890651477219897E+00
2.28310398337868651E-03  9.88735070774297498E+00
2.30651277642170225E-03  9.98508941156275931E+00
2.32858015446554172E-03  1.00791370086450947E+01
2.30782349542721192E-03  1.01626982674252666E+01
2.32462092773744839E-03  1.02422602963561200E+01
2.34517179217582110E-03  1.03304694462869442E+01
2.36660819213095749E-03  1.04260117089445572E+01
2.38370257274164981E-03  1.05023333117584166E+01
2.40154113634668317E-03  1.05826976121697225E+01
2.42178765374830799E-03  1.06705536653920490E+01
2.44111055386209445E-03  1.07526960946276962E+01
2.45995880024196204E-03  1.08355033152220273E+01
2.47988567518903904E-03  1.09242747602707642E+01
2.49830262483491904E-03  1.10063080101364275E+01
2.51705717458225366E-03  1.10896691560156597E+01
2.61507719238644482E-03  1.11600638642545018E+01
2.63214717958908193E-03  1.12336493753623827E+01
2.65303223962646108E-03  1.13012899980960757E+01
2.66597118991230685E-03  1.13539105835865737E+01
2.68822839585242546E-03  1.14492123388390770E+01
2.70943418936468467E-03  1.15409125179424752E+01
2.72654726254301007E-03  1.16153722056236788E+01
2.70511073259898554E-03  1.16747472652073938E+01
3.03232687132735717E-03  1.17348444451891343E+01
3.05641983924698169E-03  1.18258542750537163E+01
3.07095228717834019E-03  1.18892348775546637E+01
3.09147049845462287E-03  1.19718270822020418E+01
3.10840726716559617E-03  1.20400738437413182E+01
3.13210016104754256E-03  1.21346091912810738E+01
3.15478081635383158E-03  1.22235452853324098E+01
3.16824685309152667E-03  1.22894653798398270E+01
3.19013986895146139E-03  1.23741643716807737E+01
3.21137335592297426E-03  1.24544413204640136E+01
3.23369956608855758E-03  1.25375993829250110E+01
3.25738190712603808E-03  1.26294492661252242E+01
3.66527514402954996E-03  1.27034479564121323E+01
3.68533350364146865E-03  1.27804640709014201E+01
3.71355523716609265E-03  1.28776747421138431E+01
3.74174762299352799E-03  1.29748760124128069E+01
3.76833085143125131E-03  1.30668669398066548E+01
3.79433880545735746E-03  1.31582528950549698E+01
3.82280885694362416E-03  1.32562866993690989E+01
3.84779090370383683E-03  1.33371008128328068E+01
3.87651842313108206E-03  1.34356532277999943E+01
3.89699330664146837E-03  1.35055099659584510E+01
3.92563992856579530E-03  1.36038611162049463E+01
3.94958491868955229E-03  1.36899109294620231E+01
3.97821502176412371E-03  1.37833844819317317E+01
4.00439235367729997E-03  1.38735384475850285E+01
4.03036609990009998E-03  1.39619055873508700E+01
4.05512342468136115E-03  1.40512484852621444E+01
4.08249608106560791E-03  1.41451977119603303E+01
4.10825951531573318E-03  1.42355256269619641E+01
4.11149448983957021E-03  1.42740163597219905E+01
4.13320595787082176E-03  1.43618473590613238E+01
4.16497284605707192E-03  1.44501867914939854E+01
4.19309837981222955E-03  1.45476690505964559E+01
4.22136954709423969E-03  1.46451403227889863E+01
4.24871556928891475E-03  1.47390237221327354E+01
4.27697485535953603E-03  1.48364615218906053E+01
4.30325550637005762E-03  1.49281271734665122E+01
4.33150531107954692E-03  1.50255442125679064E+01
4.35944715145825026E-03  1.51218836846292817E+01
4.38767572543969156E-03  1.52192201313035032E+01
4.41561662170607359E-03  1.53155590886885093E+01
4.44382751137688964E-03  1.54127325201304100E+01
4.47161706510519879E-03  1.55066796799598734E+01
4.49585862940758262E-03  1.55832409665650058E+01
4.52055174621027091E-03  1.56600493595566999E+01
4.54874945147040136E-03  1.57571756542533485E+01
4.57694804234165271E-03  1.58543021884147457E+01
4.60497067622752526E-03  1.59509747300308895E+01
4.84572652831379708E-03  1.60178953549468304E+01
4.87229166043052012E-03  1.61074083136982473E+01
4.89942409698244583E-03  1.61972576521541818E+01
4.92810237983239922E-03  1.62874807122498915E+01
4.94987991061762202E-03  1.63746868564457522E+01
4.97861080872360161E-03  1.64689610387311269E+01
5.00771101517523496E-03  1.65643425112848135E+01
5.03314053062684126E-03  1.66537227466050091E+01
5.06252667870904418E-03  1.67504499301915004E+01
5.09188459086873119E-03  1.68470807603174464E+01
5.12124241584346364E-03  1.69436065839207401E+01
5.14797433834578502E-03  1.70318375436886846E+01
5.17569703317928738E-03  1.71230483062294567E+01
5.20481654848410288E-03  1.72190276223365863E+01
5.23417534007948083E-03  1.73156655288226844E+01
5.26361217945165230E-03  1.74061963582302859E+01
5.29224926811066969E-03  1.74959998322383825E+01
5.32151399246957868E-03  1.75923000583471634E+01
5.35286979059665206E-03  1.76884348818265664E+01
5.50250016280754047E-03  1.77745646445369339E+01
5.53463505865884123E-03  1.78711020524718052E+01
5.56248463600948588E-03  1.79589755945316689E+01
5.59228762589035564E-03  1.80552800816519827E+01
5.61345098983437665E-03  1.81310896600028286E+01
5.64236724954124847E-03  1.82171916730549484E+01
5.67012977382332691E-03  1.83135119941875679E+01
5.69939061013010825E-03  1.84000241337370944E+01
5.72714529108275371E-03  1.84962173262848495E+01
5.75686684414864706E-03  1.85895367793460551E+01
5.78455562979630130E-03  1.86856546330443081E+01
5.76501784810419526E-03  1.87769244998144664E+01
5.79471209092818299E-03  1.88731621074005211E+01
5.77420730435889828E-03  1.87940593601293102E+01
5.80008782963696481E-03  1.88711101334648603E+01
5.82937838561579415E-03  1.89664115121473955E+01
5.85865572267994447E-03  1.90617036368287778E+01
5.85865700834527561E-03  1.90617123936508932E+01
5.87456104870813945E-03  1.91197627129352448E+01
5.90378022096280878E-03  1.92145447095007604E+01
5.93129019948169037E-03  1.93062284355983458E+01
5.96062854475410894E-03  1.94012971325569339E+01
5.98996620397609664E-03  1.94963624694924000E+01
6.01763588179221251E-03  1.95869395665553014E+01
6.04676989326678911E-03  1.96814387140604303E+01
6.07564885888999852E-03  1.97754812893178347E+01
6.10497457691488825E-03  1.98705178052475020E+01
6.13393787010521954E-03  1.99632205501469322E+01
6.16317931568379374E-03  2.00581108857292527E+01
6.19250177381981681E-03  2.01531330650041269E+01
6.22179862707386306E-03  2.02480654519598993E+01
6.25112338661230373E-03  2.03430941664760354E+01
6.28016695126062171E-03  2.04372006914182123E+01
6.30948907175704361E-03  2.05322207454352750E+01
6.33172072511839403E-03  2.06159898118211906E+01
6.36010855787547472E-03  2.07062726720880192E+01
6.36142298765874064E-03  2.07274104437902409E+01
6.38911184868376763E-03  2.08219804048390813E+01
6.41814613686462771E-03  2.09165965931147824E+01
6.44538345233069097E-03  2.10046200316079457E+01
6.47458986172783947E-03  2.10992072745455701E+01
6.50344085692940513E-03  2.11929455081364821E+01
6.53224070641360635E-03  2.12864439531492877E+01
6.56143642569649837E-03  2.13810140852819330E+01
6.50182034739718237E-03  2.12471046445642600E+01
6.52674218564403951E-03  2.13207480100384110E+01
6.55536675041227222E-03  2.14142548751555033E+01
6.58398736861758212E-03  2.15077515841156170E+01
6.61261100505592704E-03  2.16012475171594076E+01
6.64123289518372528E-03  2.16947432122678237E+01
6.66967469996650967E-03  2.17873099715556187E+01
6.69782703918578044E-03  2.18778978191595428E+01
6.72659077198811076E-03  2.19702647582255288E+01
6.75521051071534609E-03  2.20637439491944889E+01
6.78370838719872908E-03  2.21568472237545215E+01
6.81201252737439512E-03  2.22495041100384583E+01
6.84013017532444402E-03  2.23367280577827820E+01
6.86874769577509089E-03  2.24301795374688560E+01
6.87696679331243222E-03  2.24521978234812600E+01
6.88263840078310110E-03  2.24298287707709498E+01
6.91086956911200236E-03  2.25219712158525667E+01
6.93931003210055374E-03  2.26146542763533134E+01
6.80703511233386044E-03  2.26990808669651436E+01
6.82949434301485629E-03  2.27784810036466574E+01
6.85720614512115838E-03  2.28709808824235665E+01
6.88496736973753798E-03  2.29635724217846615E+01
6.91273461995705555E-03  2.30561636266271144E+01
