0.00000000000000000E+00  0.00000000000000000E+00
4.70577543577808109E-05  1.33507091990336479E+00
7.05304473722084016E-05  2.00106064598039302E+00
7.72581095523825986E-05  2.16464658882116368E+00
8.61550926979331961E-05  2.41184060768395003E+00
8.94286401872412703E-05  2.51033243336410283E+00
9.71934510921632186E-05  2.65254538678780127E+00
9.68231995844920991E-05  2.63995927435356537E+00
1.00842937178316798E-04  2.74918778828511723E+00
1.03547882734407695E-04  2.82482217256306889E+00
4.21144270405189646E-04  2.78708125606475132E+00
4.10686718389283558E-04  2.73309923482062089E+00
4.39373473877756001E-04  2.87264916978645690E+00
4.43908112889186517E-04  2.93899338196825965E+00
4.37757397867756526E-04  2.86483114312693665E+00
4.44803788616690847E-04  2.98640042232213965E+00
4.54410813547320800E-04  3.02435086564847166E+00
4.58927505935083412E-04  3.06151089220634187E+00
4.68199759083179812E-04  3.09043153441749485E+00
4.85403872533883823E-04  3.17682511161374137E+00
4.92631583495096634E-04  3.20547313016430335E+00
5.08076507072669219E-04  3.27667568798860698E+00
5.17899595542961567E-04  3.34302689738320336E+00
5.38056745387336137E-04  3.45566935012487830E+00
5.51177918138597944E-04  3.52849957213712173E+00
5.71935652834187945E-04  3.63534052265190244E+00
5.89449653100172387E-04  3.72629500027380534E+00
6.07393498518309007E-04  3.79904039124771264E+00
6.23869288299171956E-04  3.88130429617054684E+00
6.44176258262984234E-04  3.97229060606917939E+00
6.23171295257820418E-04  4.07064246887329517E+00
6.62788266530657012E-04  4.16565312315981284E+00
6.75207841121826854E-04  4.22784684486554774E+00
6.93494860145471028E-04  4.33014369699150681E+00
6.73571596695405630E-04  4.39648790996183791E+00
6.90963891059696357E-04  4.50865933225807503E+00
7.08786344041623952E-04  4.61812261293742754E+00
7.20865663871105879E-04  4.69583075413349071E+00
7.42950135815662136E-04  4.80452334654356505E+00
7.59661653465798200E-04  4.91442120125841608E+00
7.76335419523664248E-04  5.02281786075424108E+00
9.18914702392173237E-04  5.09907731495974659E+00
9.39892813121127077E-04  5.20610517405680806E+00
9.52808841263472163E-04  5.27915181592215088E+00
9.62986588145838115E-04  5.37690839358062966E+00
9.84034364508766220E-04  5.48815039115185854E+00
1.00432407863685052E-03  5.59794193519649053E+00
1.01737709867531930E-03  5.68959436952165287E+00
1.03698007763311376E-03  5.73831056461582278E+00
1.04970790980756456E-03  5.84015555524906382E+00
1.07018477932915987E-03  5.95247440981409870E+00
1.09134398061079552E-03  6.06386536354807948E+00
1.11064234927747457E-03  6.16878242015193745E+00
1.12926162401675852E-03  6.23899348915058738E+00
1.15270105703015437E-03  6.33525025719214430E+00
1.17133305014192543E-03  6.43694478288959449E+00
1.19201750568977290E-03  6.54860081304061037E+00
1.20934856240674645E-03  6.65006984752030927E+00
1.23017545227179881E-03  6.76206779903502841E+00
1.25046609231095618E-03  6.85838195927912153E+00
1.32344211458070601E-03  6.94118245206264461E+00
1.34644740680175501E-03  7.04289472544651929E+00
1.36747997087924224E-03  7.15071676720260996E+00
1.37895741842331129E-03  7.23554292303887703E+00
1.40417451536545800E-03  7.34038868159074198E+00
1.41594908452552471E-03  7.39227563643982410E+00
1.43042233636208357E-03  7.45592982387385739E+00
1.43925315302183862E-03  7.54686221051353989E+00
1.45165205782971638E-03  7.62994601934207672E+00
1.47725447131085829E-03  7.72850441780597652E+00
1.49832227214841932E-03  7.83770548899584174E+00
1.53638238339765562E-03  7.94171870684235515E+00
1.55730570255243825E-03  8.04783694879713174E+00
1.57759861522765413E-03  8.15209178019490999E+00
1.59442731149278061E-03  8.24301367641110438E+00
1.61550158449666578E-03  8.35100612271476095E+00
1.63089114271523675E-03  8.43917586790819918E+00
1.65209494098051248E-03  8.52897641472302226E+00
1.65761128774458448E-03  8.58627878280237411E+00
1.67802929052217179E-03  8.69190107509029986E+00
1.69442023154622390E-03  8.77525555332547214E+00
1.71451142295590505E-03  8.87948363800035700E+00
1.72936949290049052E-03  8.97484177304258957E+00
1.75020317279306857E-03  9.07514505649216829E+00
1.77076513427107483E-03  9.18079158478640167E+00
1.78157543567163601E-03  9.21419757182530752E+00
1.80232055311288194E-03  9.31956420568510957E+00
1.82297040525434737E-03  9.42571278689488778E+00
1.83675918562537432E-03  9.49629973274429950E+00
1.85646808947512328E-03  9.59060278168598579E+00
1.87598017134774043E-03  9.69295104822207776E+00
1.89436402323482894E-03  9.78890651477219897E+00
1.91406682014071973E-03  9.88735070774297498E+00
2.01650532895231724E-03  9.98508941156275931E+00
2.03639664800847045E-03  1.00791370086450947E+01
2.05583280908633705E-03  1.01626982674252666E+01
2.06739765146099789E-03  1.02422602963561200E+01
2.08779623733857398E-03  1.03304694462869442E+01
2.10696227650405314E-03  1.04260117089445572E+01
2.26785792370866801E-03  1.05023333117584166E+01
2.23801044749585582E-03  1.05826976121697225E+01
2.26052974839332241E-03  1.06705536653920490E+01
2.28084382951814412E-03  1.07526960946276962E+01
2.29986763641358864E-03  1.08355033152220273E+01
2.40984345516571247E-03  1.09242747602707642E+01
2.44454056175869841E-03  1.10063080101364275E+01
2.46451891519159239E-03  1.10896691560156597E+01
2.48080498233178934E-03  1.11600638642545018E+01
2.49714207567159870E-03  1.12336493753623827E+01
2.51162934998599811E-03  1.13012899980960757E+01
2.52879530231646431E-03  1.13539105835865737E+01
2.55176860648684972E-03  1.14492123388390770E+01
2.57118609767895655E-03  1.15409125179424752E+01
2.36151029020406286E-03  1.16153722056236788E+01
2.37359529048319483E-03  1.16747472652073938E+01
2.39327349268436077E-03  1.17348444451891343E+01
2.41396467948974593E-03  1.18258542750537163E+01
2.42486190356047378E-03  1.18892348775546637E+01
2.44133912530672100E-03  1.19718270822020418E+01
2.45579554312402078E-03  1.20400738437413182E+01
2.47392427190935762E-03  1.21346091912810738E+01
2.49214082917242246E-03  1.22235452853324098E+01
2.49964269176472693E-03  1.22894653798398270E+01
2.51726815581154208E-03  1.23741643716807737E+01
2.53411284361073274E-03  1.24544413204640136E+01
2.55212863776583610E-03  1.25375993829250110E+01
2.56948078388261622E-03  1.26294492661252242E+01
2.58834051597196932E-03  1.27034479564121323E+01
2.61723399502635738E-03  1.27804640709014201E+01
2.63691076733665571E-03  1.28776747421138431E+01
2.65710887190592337E-03  1.29748760124128069E+01
2.67608891127130199E-03  1.30668669398066548E+01
2.69721027346467909E-03  1.31582528950549698E+01
2.71784312665755657E-03  1.32562866993690989E+01
2.72876286133255782E-03  1.33371008128328068E+01
2.74923133307135043E-03  1.34356532277999943E+01
2.74078989514719247E-03  1.35055099659584510E+01
2.76078875515425870E-03  1.36038611162049463E+01
2.78042336456021163E-03  1.36899109294620231E+01
2.79621377284855303E-03  1.37833844819317317E+01
2.81503534163963544E-03  1.38735384475850285E+01
2.83148005377926526E-03  1.39619055873508700E+01
2.85299829545351000E-03  1.40512484852621444E+01
2.87216059926553987E-03  1.41451977119603303E+01
2.89070017324771734E-03  1.42355256269619641E+01
2.91853993482751872E-03  1.42740163597219905E+01
2.93941859539377948E-03  1.43618473590613238E+01
3.19096296957512926E-03  1.44501867914939854E+01
3.21249034710607492E-03  1.45476690505964559E+01
3.23401114261864494E-03  1.46451403227889863E+01
3.25442831263584188E-03  1.47390237221327354E+01
3.27594535361400282E-03  1.48364615218906053E+01
3.29647338802630668E-03  1.49281271734665122E+01
3.31798808243610266E-03  1.50255442125679064E+01
3.33923875688864726E-03  1.51218836846292817E+01
3.36076321257617336E-03  1.52192201313035032E+01
3.38202786945162800E-03  1.53155590886885093E+01
3.40576172511038210E-03  1.54127325201304100E+01
3.42639448840077873E-03  1.55066796799598734E+01
3.43810472465875877E-03  1.55832409665650058E+01
3.44947814063815625E-03  1.56600493595566999E+01
3.47087359327639088E-03  1.57571756542533485E+01
3.49226723485670295E-03  1.58543021884147457E+01
3.51367696257078380E-03  1.59509747300308895E+01
3.53373786496135635E-03  1.60178953549468304E+01
3.55299697724837781E-03  1.61074083136982473E+01
3.57289110891176147E-03  1.61972576521541818E+01
3.59032751374832072E-03  1.62874807122498915E+01
3.61805923651155716E-03  1.63746868564457522E+01
3.63882146774985055E-03  1.64689610387311269E+01
3.65992643177310249E-03  1.65643425112848135E+01
3.68289462785974242E-03  1.66537227466050091E+01
3.70428247303578040E-03  1.67504499301915004E+01
3.72564809774641971E-03  1.68470807603174464E+01
3.74693539182492652E-03  1.69436065839207401E+01
3.76920561718901157E-03  1.70318375436886846E+01
3.78921114258826261E-03  1.71230483062294567E+01
3.81044828235782215E-03  1.72190276223365863E+01
3.83182908090072853E-03  1.73156655288226844E+01
3.84873393055457829E-03  1.74061963582302859E+01
3.86693894323484558E-03  1.74959998322383825E+01
3.88819522598323484E-03  1.75923000583471634E+01
3.90922455103409616E-03  1.76884348818265664E+01
3.93713292973534284E-03  1.77745646445369339E+01
3.95851037963112790E-03  1.78711020524718052E+01
3.97814965556082291E-03  1.79589755945316689E+01
3.99948249443268008E-03  1.80552800816519827E+01
4.01629793338562167E-03  1.81310896600028286E+01
4.03604566172908845E-03  1.82171916730549484E+01
4.05738635387104234E-03  1.83135119941875679E+01
4.07646368654684607E-03  1.84000241337370944E+01
4.09777846308985536E-03  1.84962173262848495E+01
4.11932277859831421E-03  1.85895367793460551E+01
4.14056891288873061E-03  1.86856546330443081E+01
4.16000636675531704E-03  1.87769244998144664E+01
4.18132530038478872E-03  1.88731621074005211E+01
4.15452673963342956E-03  1.87940593601293102E+01
4.16655525038469102E-03  1.88711101334648603E+01
4.18759838264321296E-03  1.89664115121473955E+01
4.20864042760039220E-03  1.90617036368287778E+01
4.20864757083943327E-03  1.90617123936508932E+01
4.22868420637017260E-03  1.91197627129352448E+01
4.24964549829206888E-03  1.92145447095007604E+01
4.27166117671940685E-03  1.93062284355983458E+01
4.29269559326673437E-03  1.94012971325569339E+01
4.31372880389779313E-03  1.94963624694924000E+01
4.33440942613657221E-03  1.95869395665553014E+01
4.35532400130248659E-03  1.96814387140604303E+01
4.37640410549789728E-03  1.97754812893178347E+01
4.39743649250403518E-03  1.98705178052475020E+01
4.41732190484916271E-03  1.99632205501469322E+01
4.43829638221949260E-03  2.00581108857292527E+01
4.45932252570974130E-03  2.01531330650041269E+01
4.48032278484325648E-03  2.02480654519598993E+01
4.50135034793218859E-03  2.03430941664760354E+01
4.52217675491077640E-03  2.04372006914182123E+01
4.54320235266696560E-03  2.05322207454352750E+01
4.56804861392439039E-03  2.06159898118211906E+01
4.58695014899146696E-03  2.07062726720880192E+01
4.60085598146551047E-03  2.07274104437902409E+01
4.62186670327533085E-03  2.08219804048390813E+01
4.64286600661356630E-03  2.09165965931147824E+01
4.66251319342107524E-03  2.10046200316079457E+01
4.68350591151922395E-03  2.10992072745455701E+01
4.70445319010539317E-03  2.11929455081364821E+01
4.72531259405308077E-03  2.12864439531492877E+01
4.74630891662976891E-03  2.13810140852819330E+01
4.74501386440472506E-03  2.12471046445642600E+01
4.75787242182143608E-03  2.13207480100384110E+01
4.77873899155931148E-03  2.14142548751555033E+01
4.79960453656067421E-03  2.15077515841156170E+01
4.82046508089879668E-03  2.16012475171594076E+01
4.84132805264175271E-03  2.16947432122678237E+01
4.86182910535602579E-03  2.17873099715556187E+01
4.88141952895414320E-03  2.18778978191595428E+01
4.90179066245878710E-03  2.19702647582255288E+01
4.92264770491300692E-03  2.20637439491944889E+01
4.94343091570534354E-03  2.21568472237545215E+01
4.96419917186034267E-03  2.22495041100384583E+01
4.98156479652049535E-03  2.23367280577827820E+01
5.00240636265020591E-03  2.24301795374688560E+01
5.00512703728442799E-03  2.24521978234812600E+01
4.98156690777973657E-03  2.24298287707709498E+01
5.00209500905754705E-03  2.25219712158525667E+01
5.02267880250755177E-03  2.26146542763533134E+01
5.04366628257658500E-03  2.26990808669651436E+01
5.06326696498868908E-03  2.27784810036466574E+01
5.08385957283370802E-03  2.28709808824235665E+01
5.10444076253912648E-03  2.29635724217846615E+01
5.12501300175294966E-03  2.30561636266271144E+01
