0.00000000000000000E+00  0.00000000000000000E+00
4.70700719821998654E-05  1.33507091990336479E+00
7.05489820622847813E-05  2.00106064598039302E+00
2.89503862378067051E-04  2.16464658882116368E+00
3.34273743416229946E-04  2.41184060768395003E+00
3.30931810943904008E-04  2.51033243336410283E+00
3.63775729889966872E-04  2.65254538678780127E+00
3.91286955426345536E-04  2.63995927435356537E+00
4.24500941175833793E-04  2.74918778828511723E+00
4.34147182114314151E-04  2.82482217256306889E+00
4.36413833133644726E-04  2.78708125606475132E+00
4.31938354701556738E-04  2.73309923482062089E+00
4.46799570464554883E-04  2.87264916978645690E+00
4.69967522873837498E-04  2.93899338196825965E+00
4.52837479891917858E-04  2.86483114312693665E+00
5.00803297991047496E-04  2.98640042232213965E+00
5.02814990610453232E-04  3.02435086564847166E+00
5.12036402338542041E-04  3.06151089220634187E+00
5.12824840960406504E-04  3.09043153441749485E+00
5.29483951563001327E-04  3.17682511161374137E+00
5.34440092774409749E-04  3.20547313016430335E+00
5.52818181632694838E-04  3.27667568798860698E+00
5.79186134679890376E-04  3.34302689738320336E+00
6.02374515117369471E-04  3.45566935012487830E+00
6.18619048252413289E-04  3.52849957213712173E+00
6.39026561469273639E-04  3.63534052265190244E+00
6.57531027411610135E-04  3.72629500027380534E+00
6.68390300557121335E-04  3.79904039124771264E+00
6.84301511158274351E-04  3.88130429617054684E+00
7.04427616965361486E-04  3.97229060606917939E+00
8.32998326273714476E-04  4.07064246887329517E+00
8.60788037785558671E-04  4.16565312315981284E+00
8.21751664870259881E-04  4.22784684486554774E+00
8.42301691291007888E-04  4.33014369699150681E+00
9.57451939387422347E-04  4.39648790996183791E+00
9.84230523849206418E-04  4.50865933225807503E+00
1.01094673609258118E-03  4.61812261293742754E+00
1.02938063118885714E-03  4.69583075413349071E+00
1.05489713597505994E-03  4.80452334654356505E+00
1.08084880239355430E-03  4.91442120125841608E+00
1.10645622789121265E-03  5.02281786075424108E+00
1.17877932589376361E-03  5.09907731495974659E+00
1.20471668122454638E-03  5.20610517405680806E+00
1.22281286588538660E-03  5.27915181592215088E+00
1.24963265022275485E-03  5.37690839358062966E+00
1.27647172453877809E-03  5.48815039115185854E+00
1.30307879028623277E-03  5.59794193519649053E+00
1.32599345776331611E-03  5.68959436952165287E+00
1.33404396019087997E-03  5.73831056461582278E+00
1.36021883790245408E-03  5.84015555524906382E+00
1.38698433279931931E-03  5.95247440981409870E+00
1.41325488586267409E-03  6.06386536354807948E+00
1.44720449397043585E-03  6.16878242015193745E+00
1.46436854308642475E-03  6.23899348915058738E+00
1.48489559636022614E-03  6.33525025719214430E+00
1.50885753249129038E-03  6.43694478288959449E+00
1.53556330468045447E-03  6.54860081304061037E+00
1.56036069681841699E-03  6.65006984752030927E+00
1.58715124163117554E-03  6.76206779903502841E+00
1.60952454747359487E-03  6.85838195927912153E+00
1.63375477592886550E-03  6.94118245206264461E+00
1.59835691151525281E-03  7.04289472544651929E+00
1.62301908693733587E-03  7.15071676720260996E+00
1.64253723487836991E-03  7.23554292303887703E+00
1.66669639632193800E-03  7.34038868159074198E+00
1.67856554156493062E-03  7.39227563643982410E+00
1.69313315249052486E-03  7.45592982387385739E+00
1.71407636324153378E-03  7.54686221051353989E+00
1.78702579168345515E-03  7.62994601934207672E+00
1.81031060549925044E-03  7.72850441780597652E+00
1.83595174752848654E-03  7.83770548899584174E+00
1.86522361667041921E-03  7.94171870684235515E+00
1.89017325741740096E-03  8.04783694879713174E+00
1.91475929484560370E-03  8.15209178019490999E+00
1.93696313695599438E-03  8.24301367641110438E+00
1.96240946880671873E-03  8.35100612271476095E+00
1.98362514806533921E-03  8.43917586790819918E+00
2.00363165762898780E-03  8.52897641472302226E+00
2.03167728004710352E-03  8.58627878280237411E+00
2.05680679206338493E-03  8.69190107509029986E+00
2.07666004856991949E-03  8.77525555332547214E+00
2.10153580694737597E-03  8.87948363800035700E+00
2.12243679345074272E-03  8.97484177304258957E+00
2.14573704367878497E-03  9.07514505649216829E+00
2.17068906059996554E-03  9.18079158478640167E+00
2.17708891738225847E-03  9.21419757182530752E+00
2.20185119451693024E-03  9.31956420568510957E+00
2.22697026182680198E-03  9.42571278689488778E+00
2.24378613856423929E-03  9.49629973274429950E+00
2.26562274620400019E-03  9.59060278168598579E+00
2.28997650546299437E-03  9.69295104822207776E+00
2.31277785376264198E-03  9.78890651477219897E+00
2.33591682659778930E-03  9.88735070774297498E+00
2.36078070602466781E-03  9.98508941156275931E+00
2.38286730397541720E-03  1.00791370086450947E+01
2.40182047633674938E-03  1.01626982674252666E+01
2.39836691352350714E-03  1.02422602963561200E+01
2.41792890321830978E-03  1.03304694462869442E+01
2.44028754645869142E-03  1.04260117089445572E+01
2.46096516021281249E-03  1.05023333117584166E+01
2.47973260292720524E-03  1.05826976121697225E+01
2.49891316867852228E-03  1.06705536653920490E+01
2.51692322533778523E-03  1.07526960946276962E+01
2.87351080145814260E-03  1.08355033152220273E+01
2.89798665130380859E-03  1.09242747602707642E+01
2.92254535110423198E-03  1.10063080101364275E+01
2.94537259343640931E-03  1.10896691560156597E+01
2.96398120834408208E-03  1.11600638642545018E+01
2.98371412174996010E-03  1.12336493753623827E+01
3.00194804143154737E-03  1.13012899980960757E+01
3.01341068194381240E-03  1.13539105835865737E+01
3.03820241931100502E-03  1.14492123388390770E+01
3.06391628966404565E-03  1.15409125179424752E+01
3.39432885891016983E-03  1.16153722056236788E+01
3.41173458992424837E-03  1.16747472652073938E+01
3.51414803008757905E-03  1.17348444451891343E+01
3.54096396334300676E-03  1.18258542750537163E+01
3.56104410782566959E-03  1.18892348775546637E+01
3.58604992998576592E-03  1.19718270822020418E+01
3.50444111261131444E-03  1.20400738437413182E+01
3.53390446947028040E-03  1.21346091912810738E+01
3.56020948498563796E-03  1.22235452853324098E+01
3.60664696173757914E-03  1.22894653798398270E+01
3.63131559528752585E-03  1.23741643716807737E+01
3.65445578674585859E-03  1.24544413204640136E+01
3.67745251742925081E-03  1.25375993829250110E+01
3.70639639745051546E-03  1.26294492661252242E+01
3.72378713496179965E-03  1.27034479564121323E+01
3.74565195914906271E-03  1.27804640709014201E+01
3.77459386555538011E-03  1.28776747421138431E+01
3.80315592225374376E-03  1.29748760124128069E+01
3.83016240844325688E-03  1.30668669398066548E+01
3.85515348144986787E-03  1.31582528950549698E+01
3.88364542405846176E-03  1.32562866993690989E+01
3.91212523678351794E-03  1.33371008128328068E+01
3.94103177289171873E-03  1.34356532277999943E+01
3.96250757782111527E-03  1.35055099659584510E+01
3.99135586208309093E-03  1.36038611162049463E+01
4.01472422463669803E-03  1.36899109294620231E+01
4.04536529620889984E-03  1.37833844819317317E+01
4.07147462872540968E-03  1.38735384475850285E+01
4.09849489326725991E-03  1.39619055873508700E+01
4.12165497139049125E-03  1.40512484852621444E+01
4.14930923538985117E-03  1.41451977119603303E+01
4.17529575986050339E-03  1.42355256269619641E+01
4.16751329761595301E-03  1.42740163597219905E+01
4.18926458216384301E-03  1.43618473590613238E+01
4.22467011045996998E-03  1.44501867914939854E+01
4.25316849771097214E-03  1.45476690505964559E+01
4.28166887927640145E-03  1.46451403227889863E+01
4.30943610488054504E-03  1.47390237221327354E+01
4.33792301020050498E-03  1.48364615218906053E+01
4.36441265811720550E-03  1.49281271734665122E+01
4.39289021391108328E-03  1.50255442125679064E+01
4.42107183266361205E-03  1.51218836846292817E+01
4.44949508439202931E-03  1.52192201313035032E+01
4.47766707006742350E-03  1.53155590886885093E+01
4.50632569727426636E-03  1.54127325201304100E+01
4.53444284848738589E-03  1.55066796799598734E+01
4.56205296928296686E-03  1.55832409665650058E+01
4.59068041697681221E-03  1.56600493595566999E+01
4.61915008589014291E-03  1.57571756542533485E+01
4.64762174509558701E-03  1.58543021884147457E+01
4.67583822989586523E-03  1.59509747300308895E+01
4.68934951676415468E-03  1.60178953549468304E+01
4.71557164272062238E-03  1.61074083136982473E+01
4.74175564938629588E-03  1.61972576521541818E+01
4.77067571814331678E-03  1.62874807122498915E+01
4.78753312971694819E-03  1.63746868564457522E+01
4.81519260651600087E-03  1.64689610387311269E+01
4.84310643403115890E-03  1.65643425112848135E+01
4.86607036112557140E-03  1.66537227466050091E+01
4.89432973679596213E-03  1.67504499301915004E+01
4.92257391128574258E-03  1.68470807603174464E+01
4.95083801142155635E-03  1.69436065839207401E+01
4.97684326182093288E-03  1.70318375436886846E+01
5.00361733479985291E-03  1.71230483062294567E+01
5.03164081055239906E-03  1.72190276223365863E+01
5.05988305410328895E-03  1.73156655288226844E+01
5.08955020735915500E-03  1.74061963582302859E+01
5.11814359729729270E-03  1.74959998322383825E+01
5.14632706229354274E-03  1.75923000583471634E+01
5.17466212861916828E-03  1.76884348818265664E+01
5.19052168157618354E-03  1.77745646445369339E+01
5.21871836314490283E-03  1.78711020524718052E+01
5.24449240756924388E-03  1.79589755945316689E+01
5.27260646020776252E-03  1.80552800816519827E+01
5.29470592464263614E-03  1.81310896600028286E+01
5.31899374513361122E-03  1.82171916730549484E+01
5.34711545351194539E-03  1.83135119941875679E+01
5.37277202788608108E-03  1.84000241337370944E+01
5.40085642675111870E-03  1.84962173262848495E+01
5.42641703073020419E-03  1.85895367793460551E+01
5.45454415434366846E-03  1.86856546330443081E+01
5.48198408704444508E-03  1.87769244998144664E+01
5.51008362027046675E-03  1.88731621074005211E+01
5.49566940245532591E-03  1.87940593601293102E+01
5.52317605228527624E-03  1.88711101334648603E+01
5.55106732156697338E-03  1.89664115121473955E+01
5.57895489368745359E-03  1.90617036368287778E+01
5.57895243815203622E-03  1.90617123936508932E+01
5.58974673602293057E-03  1.91197627129352448E+01
5.61745604830674299E-03  1.92145447095007604E+01
5.64252280041332641E-03  1.93062284355983458E+01
5.67030826630405063E-03  1.94012971325569339E+01
5.69809325604443608E-03  1.94963624694924000E+01
5.72393152151087249E-03  1.95869395665553014E+01
5.75152127820296403E-03  1.96814387140604303E+01
5.77871881061458106E-03  1.97754812893178347E+01
5.80648931836261640E-03  1.98705178052475020E+01
5.83427010951096010E-03  1.99632205501469322E+01
5.86197998762248967E-03  2.00581108857292527E+01
5.88974927461716116E-03  2.01531330650041269E+01
5.91749731405963320E-03  2.02480654519598993E+01
5.94526890063757588E-03  2.03430941664760354E+01
5.97277170954153922E-03  2.04372006914182123E+01
6.00054065430255957E-03  2.05322207454352750E+01
6.01760911346055100E-03  2.06159898118211906E+01
6.04530039313561519E-03  2.07062726720880192E+01
6.04028004417706942E-03  2.07274104437902409E+01
6.06781602962260143E-03  2.08219804048390813E+01
6.09539179130389689E-03  2.09165965931147824E+01
6.12091130617820143E-03  2.10046200316079457E+01
6.14847882760271788E-03  2.10992072745455701E+01
6.17562539930315707E-03  2.11929455081364821E+01
6.20274413509058244E-03  2.12864439531492877E+01
6.23029768652109874E-03  2.13810140852819330E+01
6.17862732647885861E-03  2.12471046445642600E+01
6.20220655073415797E-03  2.13207480100384110E+01
6.22940778781519346E-03  2.14142548751555033E+01
6.25660527678805617E-03  2.15077515841156170E+01
6.28380562530286152E-03  2.16012475171594076E+01
6.31100431876786046E-03  2.16947432122678237E+01
6.33803160560525349E-03  2.17873099715556187E+01
6.36478298342040873E-03  2.18778978191595428E+01
6.39180667570518439E-03  2.19702647582255288E+01
6.41900200429266175E-03  2.20637439491944889E+01
6.44608155146680212E-03  2.21568472237545215E+01
6.47297713713556287E-03  2.22495041100384583E+01
6.49969208324403021E-03  2.23367280577827820E+01
6.52688528942224795E-03  2.24301795374688560E+01
6.53469188921949190E-03  2.24521978234812600E+01
6.54013319118180829E-03  2.24298287707709498E+01
6.56695895829594728E-03  2.25219712158525667E+01
6.59398412577175737E-03  2.26146542763533134E+01
6.61715024243669358E-03  2.26990808669651436E+01
6.63902619869620805E-03  2.27784810036466574E+01
6.66596579174881954E-03  2.28709808824235665E+01
6.69295277463115637E-03  2.29635724217846615E+01
6.71994541905871542E-03  2.30561636266271144E+01
