0.00000000000000000E+00  0.00000000000000000E+00
4.70577538383664518E-05  1.33507091990336479E+00
7.05611654774558253E-05  2.00106064598039302E+00
7.63515761241107677E-05  2.16464658882116368E+00
8.52080839320615383E-05  2.41184060768395003E+00
8.97561604922342884E-05  2.51033243336410283E+00
9.47811030908622080E-05  2.65254538678780127E+00
9.43483955510415859E-05  2.63995927435356537E+00
9.81509732285471774E-05  2.74918778828511723E+00
1.00843293017965845E-04  2.82482217256306889E+00
9.94416265443546186E-05  2.78708125606475132E+00
9.74227685061005572E-05  2.73309923482062089E+00
1.02309276135092425E-04  2.87264916978645690E+00
1.04650346401668820E-04  2.93899338196825965E+00
4.11119441475687379E-04  2.86483114312693665E+00
4.34851862033416154E-04  2.98640042232213965E+00
4.60393533365374404E-04  3.02435086564847166E+00
4.63427587528593248E-04  3.06151089220634187E+00
4.63781388945792644E-04  3.09043153441749485E+00
4.82008763635967960E-04  3.17682511161374137E+00
4.79251059319104678E-04  3.20547313016430335E+00
4.89081542795859409E-04  3.27667568798860698E+00
5.23093290361981177E-04  3.34302689738320336E+00
5.44462867029393599E-04  3.45566935012487830E+00
6.20250336600400255E-04  3.52849957213712173E+00
6.41596454137954375E-04  3.63534052265190244E+00
6.61137857235082624E-04  3.72629500027380534E+00
6.72887801948529119E-04  3.79904039124771264E+00
6.90157596874006328E-04  3.88130429617054684E+00
7.09292814982257066E-04  3.97229060606917939E+00
7.30755709262266898E-04  4.07064246887329517E+00
7.49865780413323541E-04  4.16565312315981284E+00
7.64770053650446835E-04  4.22784684486554774E+00
7.86792651985398963E-04  4.33014369699150681E+00
8.04637445341629216E-04  4.39648790996183791E+00
8.27072699164847639E-04  4.50865933225807503E+00
8.59942618539950637E-04  4.61812261293742754E+00
8.82873860516462179E-04  4.69583075413349071E+00
9.04678092286547234E-04  4.80452334654356505E+00
9.26848745098877427E-04  4.91442120125841608E+00
9.48056892944433094E-04  5.02281786075424108E+00
9.64068564717531959E-04  5.09907731495974659E+00
9.85284821203936999E-04  5.20610517405680806E+00
1.00302212889259354E-03  5.27915181592215088E+00
1.02344194662685409E-03  5.37690839358062966E+00
1.04537078223482368E-03  5.48815039115185854E+00
1.06714112140943022E-03  5.59794193519649053E+00
1.08859782103971838E-03  5.68959436952165287E+00
1.09849380848575889E-03  5.73831056461582278E+00
1.12063432349489571E-03  5.84015555524906382E+00
1.14303498030798954E-03  5.95247440981409870E+00
1.16512552282340971E-03  6.06386536354807948E+00
1.18597500521399474E-03  6.16878242015193745E+00
1.20110450783891538E-03  6.23899348915058738E+00
1.22159828656743814E-03  6.33525025719214430E+00
1.24193670819937384E-03  6.43694478288959449E+00
1.26421299305900115E-03  6.54860081304061037E+00
1.26147362249623570E-03  6.65006984752030927E+00
1.28333261961017923E-03  6.76206779903502841E+00
1.29323807348047707E-03  6.85838195927912153E+00
1.30946143378029710E-03  6.94118245206264461E+00
1.34711557677169753E-03  7.04289472544651929E+00
1.37558607867963728E-03  7.15071676720260996E+00
1.39253986536878242E-03  7.23554292303887703E+00
1.41304288636566965E-03  7.34038868159074198E+00
1.39745161392951928E-03  7.39227563643982410E+00
1.48166856624098032E-03  7.45592982387385739E+00
1.50079457081859287E-03  7.54686221051353989E+00
1.66101094930061976E-03  7.62994601934207672E+00
1.68035703812555734E-03  7.72850441780597652E+00
1.70591623606245997E-03  7.83770548899584174E+00
1.73045935078130911E-03  7.94171870684235515E+00
1.75547259684202513E-03  8.04783694879713174E+00
1.77996535767377330E-03  8.15209178019490999E+00
1.80079432595882621E-03  8.24301367641110438E+00
1.82620770605176745E-03  8.35100612271476095E+00
1.84689481920640775E-03  8.43917586790819918E+00
1.87009387178750197E-03  8.52897641472302226E+00
1.88219309861553837E-03  8.58627878280237411E+00
1.90700336058302069E-03  8.69190107509029986E+00
1.92722389168949767E-03  8.77525555332547214E+00
1.95529951939877765E-03  8.87948363800035700E+00
1.97654983393542871E-03  8.97484177304258957E+00
2.00031406576095397E-03  9.07514505649216829E+00
2.02480807619558880E-03  9.18079158478640167E+00
2.03450425191777692E-03  9.21419757182530752E+00
2.05843313079289098E-03  9.31956420568510957E+00
2.08442900498857948E-03  9.42571278689488778E+00
2.20534983732131699E-03  9.49629973274429950E+00
2.22832256418670563E-03  9.59060278168598579E+00
2.25278561567225557E-03  9.69295104822207776E+00
2.27386350766912949E-03  9.78890651477219897E+00
2.29903923588234849E-03  9.88735070774297498E+00
2.32275255203919645E-03  9.98508941156275931E+00
2.34820130748723431E-03  1.00791370086450947E+01
2.36812022861676835E-03  1.01626982674252666E+01
2.38746314424160026E-03  1.02422602963561200E+01
2.40808004686036059E-03  1.03304694462869442E+01
2.43089987953204814E-03  1.04260117089445572E+01
2.44924002743767766E-03  1.05023333117584166E+01
2.47018430256696828E-03  1.05826976121697225E+01
2.49258374531079879E-03  1.06705536653920490E+01
2.50970155348277614E-03  1.07526960946276962E+01
2.52789666130788342E-03  1.08355033152220273E+01
2.54927302969103382E-03  1.09242747602707642E+01
2.56924135270907754E-03  1.10063080101364275E+01
2.58914927056699872E-03  1.10896691560156597E+01
2.60542357684779863E-03  1.11600638642545018E+01
2.62254020599108793E-03  1.12336493753623827E+01
2.63595173368767408E-03  1.13012899980960757E+01
2.64548597614349019E-03  1.13539105835865737E+01
2.83555471133507863E-03  1.14492123388390770E+01
2.85814464894108139E-03  1.15409125179424752E+01
2.87835445165094978E-03  1.16153722056236788E+01
2.89274470289203759E-03  1.16747472652073938E+01
2.90616829426479286E-03  1.17348444451891343E+01
2.92914584100687153E-03  1.18258542750537163E+01
2.87517278793939087E-03  1.18892348775546637E+01
2.89597198770425021E-03  1.19718270822020418E+01
2.84145613251932669E-03  1.20400738437413182E+01
2.86313012755379801E-03  1.21346091912810738E+01
2.88410808094514406E-03  1.22235452853324098E+01
2.89923470119023141E-03  1.22894653798398270E+01
2.91913123721824520E-03  1.23741643716807737E+01
2.93730096874966545E-03  1.24544413204640136E+01
2.95609077849765022E-03  1.25375993829250110E+01
3.09188045595182445E-03  1.26294492661252242E+01
3.11574811211738243E-03  1.27034479564121323E+01
3.13364574697902335E-03  1.27804640709014201E+01
3.15689820030451516E-03  1.28776747421138431E+01
3.18104702068097538E-03  1.29748760124128069E+01
3.20278960547438129E-03  1.30668669398066548E+01
3.22747460414622668E-03  1.31582528950549698E+01
3.25147947513209062E-03  1.32562866993690989E+01
3.26335201771142842E-03  1.33371008128328068E+01
3.28740189523890180E-03  1.34356532277999943E+01
3.29468287038358655E-03  1.35055099659584510E+01
3.31860012371064340E-03  1.36038611162049463E+01
3.33775718072506491E-03  1.36899109294620231E+01
3.36047751622877214E-03  1.37833844819317317E+01
3.38298127988447559E-03  1.38735384475850285E+01
3.36546981366419662E-03  1.39619055873508700E+01
3.38741401605181314E-03  1.40512484852621444E+01
3.40949817840272788E-03  1.41451977119603303E+01
3.42772243143543058E-03  1.42355256269619641E+01
3.44074810143676392E-03  1.42740163597219905E+01
3.45297731017663338E-03  1.43618473590613238E+01
3.47828050890687393E-03  1.44501867914939854E+01
3.50173439676655564E-03  1.45476690505964559E+01
3.52518959255626292E-03  1.46451403227889863E+01
3.54764545354808569E-03  1.47390237221327354E+01
3.57109450597059824E-03  1.48364615218906053E+01
3.59316093252825836E-03  1.49281271734665122E+01
3.61659978002165173E-03  1.50255442125679064E+01
3.63973006905860290E-03  1.51218836846292817E+01
3.66314428523928240E-03  1.52192201313035032E+01
3.68642454336042804E-03  1.53155590886885093E+01
3.70978091423058336E-03  1.54127325201304100E+01
3.73539092744161949E-03  1.55066796799598734E+01
3.75110990275021169E-03  1.55832409665650058E+01
3.76712239921526320E-03  1.56600493595566999E+01
3.79024037842520074E-03  1.57571756542533485E+01
3.81335640289679270E-03  1.58543021884147457E+01
3.83644737824594562E-03  1.59509747300308895E+01
3.85314057947050426E-03  1.60178953549468304E+01
3.88238382300203164E-03  1.61074083136982473E+01
3.90368942653428240E-03  1.61972576521541818E+01
3.92352924439971860E-03  1.62874807122498915E+01
3.94524972970545021E-03  1.63746868564457522E+01
3.96785444636318756E-03  1.64689610387311269E+01
3.99084606922135796E-03  1.65643425112848135E+01
4.01341794666603205E-03  1.66537227466050091E+01
4.03650020168590772E-03  1.67504499301915004E+01
4.05955857851528819E-03  1.68470807603174464E+01
4.08257777344100525E-03  1.69436065839207401E+01
4.09441948113652837E-03  1.70318375436886846E+01
4.11605072423691220E-03  1.71230483062294567E+01
4.13899733303455496E-03  1.72190276223365863E+01
4.16200465482602193E-03  1.73156655288226844E+01
4.18306137202359690E-03  1.74061963582302859E+01
4.20379092692628985E-03  1.74959998322383825E+01
4.22667077786938791E-03  1.75923000583471634E+01
4.24947544200571063E-03  1.76884348818265664E+01
4.27049957288752526E-03  1.77745646445369339E+01
4.29348184885222986E-03  1.78711020524718052E+01
4.31560445204797090E-03  1.79589755945316689E+01
4.33849963799704495E-03  1.80552800816519827E+01
4.35648113493470983E-03  1.81310896600028286E+01
4.37864032122609482E-03  1.82171916730549484E+01
4.40158262066716113E-03  1.83135119941875679E+01
4.42118611432327363E-03  1.84000241337370944E+01
4.44409455931624089E-03  1.84962173262848495E+01
4.46648026417823148E-03  1.85895367793460551E+01
4.48935866815337002E-03  1.86856546330443081E+01
4.50994464722595956E-03  1.87769244998144664E+01
4.53285983244661531E-03  1.88731621074005211E+01
4.50571327015775354E-03  1.87940593601293102E+01
4.52238811405900921E-03  1.88711101334648603E+01
4.54522274146792159E-03  1.89664115121473955E+01
4.56805528712331613E-03  1.90617036368287778E+01
4.56806019607800071E-03  1.90617123936508932E+01
4.58783293861161900E-03  1.91197627129352448E+01
4.61056702775393661E-03  1.92145447095007604E+01
4.63289956995324367E-03  1.93062284355983458E+01
4.65553808042642493E-03  1.94012971325569339E+01
4.67816590087953826E-03  1.94963624694924000E+01
4.69991954796036490E-03  1.95869395665553014E+01
4.72231078554366263E-03  1.96814387140604303E+01
4.74471753315883205E-03  1.97754812893178347E+01
4.76733802377001317E-03  1.98705178052475020E+01
4.79335089554706623E-03  1.99632205501469322E+01
4.81575977234290509E-03  2.00581108857292527E+01
4.83839355248841512E-03  2.01531330650041269E+01
4.86099811525124523E-03  2.02480654519598993E+01
4.88363690415763788E-03  2.03430941664760354E+01
4.90607078536470665E-03  2.04372006914182123E+01
4.92870511498182551E-03  2.05322207454352750E+01
4.94911980634713065E-03  2.06159898118211906E+01
4.96984901696996464E-03  2.07062726720880192E+01
4.98140428194442705E-03  2.07274104437902409E+01
5.00397451851337764E-03  2.08219804048390813E+01
5.02654038155757061E-03  2.09165965931147824E+01
5.04761216621066322E-03  2.10046200316079457E+01
5.07017122831391297E-03  2.10992072745455701E+01
5.09262859296854848E-03  2.11929455081364821E+01
5.11500391247956838E-03  2.12864439531492877E+01
5.13756442441334546E-03  2.13810140852819330E+01
5.12683338579154879E-03  2.12471046445642600E+01
5.13677232132328000E-03  2.13207480100384110E+01
5.15930063432625853E-03  2.14142548751555033E+01
5.18182779953918482E-03  2.15077515841156170E+01
5.20419584657056625E-03  2.16012475171594076E+01
5.22655713211676431E-03  2.16947432122678237E+01
5.24853668933735872E-03  2.17873099715556187E+01
5.26938349079472679E-03  2.18778978191595428E+01
5.29138165979415199E-03  2.19702647582255288E+01
5.31375976529850549E-03  2.20637439491944889E+01
5.33605160097163148E-03  2.21568472237545215E+01
5.35830764974581496E-03  2.22495041100384583E+01
5.37700738037936998E-03  2.23367280577827820E+01
5.39934630356316263E-03  2.24301795374688560E+01
5.40220596640345226E-03  2.24521978234812600E+01
5.37740172508772638E-03  2.24298287707709498E+01
5.39955888847849959E-03  2.25219712158525667E+01
5.42177829238893808E-03  2.26146542763533134E+01
5.44434247376735739E-03  2.26990808669651436E+01
5.46527301746539511E-03  2.27784810036466574E+01
5.48734689453828084E-03  2.28709808824235665E+01
5.50940973083692640E-03  2.29635724217846615E+01
5.53146253355690700E-03  2.30561636266271144E+01
