0.00000000000000000E+00  0.00000000000000000E+00
4.70652162306721183E-05  1.33507091990336479E+00
7.05423562747966958E-05  2.00106064598039302E+00
7.65891548474976119E-05  2.16464658882116368E+00
8.53214791019298057E-05  2.41184060768395003E+00
8.86338669164347465E-05  2.51033243336410283E+00
3.98505492253732033E-04  2.65254538678780127E+00
3.99423701109032526E-04  2.63995927435356537E+00
4.20720917491769594E-04  2.74918778828511723E+00
4.42791558116263813E-04  2.82482217256306889E+00
4.43844745947235555E-04  2.78708125606475132E+00
4.30956841369260584E-04  2.73309923482062089E+00
4.60549832017321452E-04  2.87264916978645690E+00
5.72206408953001471E-04  2.93899338196825965E+00
5.63446977110752443E-04  2.86483114312693665E+00
5.64598453963584745E-04  2.98640042232213965E+00
5.88851854733588422E-04  3.02435086564847166E+00
5.94021958927855114E-04  3.06151089220634187E+00
6.06097029211421470E-04  3.09043153441749485E+00
6.29323877810696736E-04  3.17682511161374137E+00
5.96870366827374137E-04  3.20547313016430335E+00
6.05512062552276075E-04  3.27667568798860698E+00
6.13331737266010232E-04  3.34302689738320336E+00
6.36193214837848858E-04  3.45566935012487830E+00
6.52956843987381394E-04  3.52849957213712173E+00
6.76688454006696871E-04  3.63534052265190244E+00
6.99197250755390011E-04  3.72629500027380534E+00
7.19942562661103364E-04  3.79904039124771264E+00
7.40653356137627389E-04  3.88130429617054684E+00
7.34392068932699662E-04  3.97229060606917939E+00
7.41484445570257818E-04  4.07064246887329517E+00
7.61309821821498168E-04  4.16565312315981284E+00
7.80714486432079356E-04  4.22784684486554774E+00
8.00655050390517982E-04  4.33014369699150681E+00
8.12586012737309704E-04  4.39648790996183791E+00
8.34262024467213848E-04  4.50865933225807503E+00
8.56599697500967021E-04  4.61812261293742754E+00
8.78979471078752614E-04  4.69583075413349071E+00
9.01508220255720755E-04  4.80452334654356505E+00
9.24157140901834032E-04  4.91442120125841608E+00
9.46095590701582796E-04  5.02281786075424108E+00
9.68557057631547745E-04  5.09907731495974659E+00
1.00218182311764912E-03  5.20610517405680806E+00
1.02044333950535243E-03  5.27915181592215088E+00
1.03193675913224947E-03  5.37690839358062966E+00
1.05354339341523820E-03  5.48815039115185854E+00
1.07474260241049069E-03  5.59794193519649053E+00
1.08992846216662788E-03  5.68959436952165287E+00
1.11126667197305193E-03  5.73831056461582278E+00
1.12562062997085231E-03  5.84015555524906382E+00
1.14705700066054838E-03  5.95247440981409870E+00
1.16918695157509846E-03  6.06386536354807948E+00
1.18942085280456964E-03  6.16878242015193745E+00
1.20308318524461736E-03  6.23899348915058738E+00
1.21241408969841903E-03  6.33525025719214430E+00
1.23187959760995345E-03  6.43694478288959449E+00
1.25337689659299066E-03  6.54860081304061037E+00
1.27184849047543491E-03  6.65006984752030927E+00
1.29347227888730923E-03  6.76206779903502841E+00
1.31305759096380400E-03  6.85838195927912153E+00
1.32065593051494592E-03  6.94118245206264461E+00
1.34436632510712335E-03  7.04289472544651929E+00
1.36529445959508201E-03  7.15071676720260996E+00
1.37546590223031171E-03  7.23554292303887703E+00
1.40154301334603098E-03  7.34038868159074198E+00
1.41179187863241110E-03  7.39227563643982410E+00
1.42384971385562677E-03  7.45592982387385739E+00
1.43931316718127686E-03  7.54686221051353989E+00
1.45780493810908460E-03  7.62994601934207672E+00
1.47524255132596869E-03  7.72850441780597652E+00
1.49600965507289433E-03  7.83770548899584174E+00
1.51693602388986186E-03  7.94171870684235515E+00
1.53746409429040328E-03  8.04783694879713174E+00
1.55748222994984194E-03  8.15209178019490999E+00
1.59872569116146883E-03  8.24301367641110438E+00
1.61979156295806253E-03  8.35100612271476095E+00
1.63570566397025084E-03  8.43917586790819918E+00
1.65515286049003362E-03  8.52897641472302226E+00
1.66281216622035720E-03  8.58627878280237411E+00
1.68341634132866138E-03  8.69190107509029986E+00
1.69890451606179095E-03  8.77525555332547214E+00
1.71914183913938405E-03  8.87948363800035700E+00
1.73632286598579826E-03  8.97484177304258957E+00
1.75655626338339435E-03  9.07514505649216829E+00
1.77740990261770039E-03  9.18079158478640167E+00
1.78597417834606368E-03  9.21419757182530752E+00
1.80666494214943522E-03  9.31956420568510957E+00
1.82733794426636720E-03  9.42571278689488778E+00
1.83964474534633270E-03  9.49629973274429950E+00
1.84346675389360118E-03  9.59060278168598579E+00
1.86262788778944520E-03  9.69295104822207776E+00
1.88094517325342698E-03  9.78890651477219897E+00
1.89960718992251347E-03  9.88735070774297498E+00
1.91876374898849599E-03  9.98508941156275931E+00
1.93620658289217333E-03  1.00791370086450947E+01
1.95431473326866450E-03  1.01626982674252666E+01
2.28104962898388044E-03  1.02422602963561200E+01
2.30509616342801415E-03  1.03304694462869442E+01
2.32704561329577161E-03  1.04260117089445572E+01
2.34446256359613142E-03  1.05023333117584166E+01
2.40627174583688767E-03  1.05826976121697225E+01
2.42957503265267766E-03  1.06705536653920490E+01
2.45293157678386827E-03  1.07526960946276962E+01
2.47398153059148491E-03  1.08355033152220273E+01
2.49426967824301288E-03  1.09242747602707642E+01
2.51331037059163067E-03  1.10063080101364275E+01
2.53352510095449911E-03  1.10896691560156597E+01
2.55059304856775733E-03  1.11600638642545018E+01
2.56758391175971202E-03  1.12336493753623827E+01
2.57915746714353121E-03  1.13012899980960757E+01
2.59708697522636296E-03  1.13539105835865737E+01
2.61927443763334536E-03  1.14492123388390770E+01
2.63942979293910846E-03  1.15409125179424752E+01
2.65564822230823089E-03  1.16153722056236788E+01
2.66942794131082382E-03  1.16747472652073938E+01
2.68497764320058813E-03  1.17348444451891343E+01
2.70728706709295105E-03  1.18258542750537163E+01
2.71848549217747898E-03  1.18892348775546637E+01
2.73644929586276285E-03  1.19718270822020418E+01
2.76075337068368894E-03  1.20400738437413182E+01
2.78162933592932286E-03  1.21346091912810738E+01
2.80220831367854108E-03  1.22235452853324098E+01
3.09509303675099953E-03  1.22894653798398270E+01
3.11671449168125737E-03  1.23741643716807737E+01
3.13816512766988253E-03  1.24544413204640136E+01
3.16113695517069746E-03  1.25375993829250110E+01
3.18424249425107789E-03  1.26294492661252242E+01
3.39874968733159654E-03  1.27034479564121323E+01
3.42128309148706641E-03  1.27804640709014201E+01
3.44704571345026559E-03  1.28776747421138431E+01
3.47285709060454013E-03  1.29748760124128069E+01
3.49775602349795085E-03  1.30668669398066548E+01
3.52325669883121143E-03  1.31582528950549698E+01
3.54977193664464440E-03  1.32562866993690989E+01
3.57071988634934416E-03  1.33371008128328068E+01
3.59713107613629946E-03  1.34356532277999943E+01
3.61644621950943379E-03  1.35055099659584510E+01
3.64281111128822660E-03  1.36038611162049463E+01
3.66914521028812151E-03  1.36899109294620231E+01
3.69066927841285456E-03  1.37833844819317317E+01
3.71498140829297973E-03  1.38735384475850285E+01
3.73877102569903632E-03  1.39619055873508700E+01
3.76590158137587745E-03  1.40512484852621444E+01
3.79125007218310489E-03  1.41451977119603303E+01
3.81805313480724617E-03  1.42355256269619641E+01
3.84767441193867472E-03  1.42740163597219905E+01
3.88317091471184535E-03  1.43618473590613238E+01
3.89474423832757242E-03  1.44501867914939854E+01
3.92105340582066513E-03  1.45476690505964559E+01
3.94735239083915130E-03  1.46451403227889863E+01
3.97239702313110024E-03  1.47390237221327354E+01
3.99869022681200587E-03  1.48364615218906053E+01
4.02376389919604539E-03  1.49281271734665122E+01
4.05005721638471150E-03  1.50255442125679064E+01
4.07606370366094765E-03  1.51218836846292817E+01
4.10237834145589508E-03  1.52192201313035032E+01
4.12837941839476821E-03  1.53155590886885093E+01
4.15453350505309502E-03  1.54127325201304100E+01
4.17780614600559135E-03  1.55066796799598734E+01
4.19384388195126294E-03  1.55832409665650058E+01
4.20883256170440957E-03  1.56600493595566999E+01
4.23494653377338298E-03  1.57571756542533485E+01
4.26105919821234951E-03  1.58543021884147457E+01
4.28714586077902447E-03  1.59509747300308895E+01
4.31107484367413210E-03  1.60178953549468304E+01
4.33665596939959014E-03  1.61074083136982473E+01
4.36106344256979341E-03  1.61972576521541818E+01
4.38365219354878814E-03  1.62874807122498915E+01
4.40982920720334095E-03  1.63746868564457522E+01
4.43505083605072545E-03  1.64689610387311269E+01
4.46054850431096186E-03  1.65643425112848135E+01
4.48725049821965816E-03  1.66537227466050091E+01
4.51331135933702356E-03  1.67504499301915004E+01
4.53934510219312394E-03  1.68470807603174464E+01
4.56529873461149378E-03  1.69436065839207401E+01
4.58944383723638907E-03  1.70318375436886846E+01
4.61407292697630679E-03  1.71230483062294567E+01
4.64002694570153033E-03  1.72190276223365863E+01
4.66606559040042956E-03  1.73156655288226844E+01
4.68727678368390920E-03  1.74061963582302859E+01
4.70932011725564044E-03  1.74959998322383825E+01
4.73527258565260931E-03  1.75923000583471634E+01
4.76096930936491247E-03  1.76884348818265664E+01
4.79401778081558864E-03  1.77745646445369339E+01
4.82004919155347000E-03  1.78711020524718052E+01
4.84282841894395893E-03  1.79589755945316689E+01
4.86883176958302286E-03  1.80552800816519827E+01
4.88935552118405919E-03  1.81310896600028286E+01
4.91241905266390048E-03  1.82171916730549484E+01
4.93839472586747770E-03  1.83135119941875679E+01
4.96195501672101920E-03  1.84000241337370944E+01
4.98789880805011136E-03  1.84962173262848495E+01
5.01478480431550699E-03  1.85895367793460551E+01
5.04064559308690235E-03  1.86856546330443081E+01
5.06544733700484053E-03  1.87769244998144664E+01
5.09140743471671146E-03  1.88731621074005211E+01
5.06525123863628933E-03  1.87940593601293102E+01
5.08154610837901685E-03  1.88711101334648603E+01
5.10720961202955261E-03  1.89664115121473955E+01
5.13287170434312007E-03  1.90617036368287778E+01
5.13287783858874629E-03  1.90617123936508932E+01
5.15128651071333678E-03  1.91197627129352448E+01
5.17682864465940449E-03  1.92145447095007604E+01
5.20312402998269856E-03  1.93062284355983458E+01
5.22874494058353945E-03  1.94012971325569339E+01
5.25436404599411572E-03  1.94963624694924000E+01
5.27933975281937463E-03  1.95869395665553014E+01
5.30489876538298415E-03  1.96814387140604303E+01
5.33044500444017529E-03  1.97754812893178347E+01
5.35606419258299101E-03  1.98705178052475020E+01
5.38082940894549916E-03  1.99632205501469322E+01
5.40654445021769743E-03  2.00581108857292527E+01
5.43215947443774494E-03  2.01531330650041269E+01
5.45774867058431735E-03  2.02480654519598993E+01
5.48336412537930949E-03  2.03430941664760354E+01
5.50872055453484420E-03  2.04372006914182123E+01
5.53433419649508422E-03  2.05322207454352750E+01
5.56116206972983706E-03  2.06159898118211906E+01
5.58451897576603233E-03  2.07062726720880192E+01
5.59855738460640368E-03  2.07274104437902409E+01
5.62411825011664007E-03  2.08219804048390813E+01
5.64967226022757615E-03  2.09165965931147824E+01
5.67354617554177709E-03  2.10046200316079457E+01
5.69909230516800654E-03  2.10992072745455701E+01
5.72453839449381125E-03  2.11929455081364821E+01
5.74988839383619617E-03  2.12864439531492877E+01
5.77543659276523891E-03  2.13810140852819330E+01
5.76400257967429192E-03  2.12471046445642600E+01
5.78170952341075430E-03  2.13207480100384110E+01
5.80706648081789813E-03  2.14142548751555033E+01
5.83242185101318263E-03  2.15077515841156170E+01
5.85777264707250996E-03  2.16012475171594076E+01
5.88312562091173469E-03  2.16947432122678237E+01
5.90808692660164947E-03  2.17873099715556187E+01
5.93208769884561674E-03  2.18778978191595428E+01
5.95691763877727060E-03  2.19702647582255288E+01
5.98226410660412065E-03  2.20637439491944889E+01
6.00751772389129194E-03  2.21568472237545215E+01
6.03272681331391922E-03  2.22495041100384583E+01
6.05448286901834765E-03  2.23367280577827820E+01
6.07981342280564888E-03  2.24301795374688560E+01
6.08380236258564914E-03  2.24521978234812600E+01
6.06095246319296888E-03  2.24298287707709498E+01
6.08590859726123104E-03  2.25219712158525667E+01
6.11095262470931141E-03  2.26146542763533134E+01
6.13602521917705999E-03  2.26990808669651436E+01
6.15925852663561351E-03  2.27784810036466574E+01
6.18429875714049913E-03  2.28709808824235665E+01
6.20933504031127501E-03  2.29635724217846615E+01
6.23436321139536533E-03  2.30561636266271144E+01
