0.00000000000000000E+00  0.00000000000000000E+00
4.70577538788201558E-05  1.33507091990336479E+00
7.28469988205646146E-05  2.00106064598039302E+00
7.88633216300159082E-05  2.16464658882116368E+00
8.81915089148175240E-05  2.41184060768395003E+00
3.57807067651804702E-04  2.51033243336410283E+00
3.76858727957117209E-04  2.65254538678780127E+00
4.27207256092060675E-04  2.63995927435356537E+00
4.40158094345194807E-04  2.74918778828511723E+00
4.54324266694706178E-04  2.82482217256306889E+00
4.45360584710093553E-04  2.78708125606475132E+00
4.35945481891934642E-04  2.73309923482062089E+00
4.51418561673166616E-04  2.87264916978645690E+00
4.61801887176555438E-04  2.93899338196825965E+00
4.46678083279360887E-04  2.86483114312693665E+00
4.70221687521969473E-04  2.98640042232213965E+00
4.95363347232305158E-04  3.02435086564847166E+00
4.98961029840200862E-04  3.06151089220634187E+00
5.00833315279441667E-04  3.09043153441749485E+00
5.21933608463483732E-04  3.17682511161374137E+00
5.19670475345122818E-04  3.20547313016430335E+00
5.30799883957289403E-04  3.27667568798860698E+00
5.42297499645868369E-04  3.34302689738320336E+00
5.64649739900626086E-04  3.45566935012487830E+00
6.70960820634475589E-04  3.52849957213712173E+00
6.92870707317462574E-04  3.63534052265190244E+00
7.14206881205225975E-04  3.72629500027380534E+00
7.05468103880011800E-04  3.79904039124771264E+00
7.22204128503665444E-04  3.88130429617054684E+00
7.41897050986924252E-04  3.97229060606917939E+00
7.63888169330946619E-04  4.07064246887329517E+00
7.83623031180847077E-04  4.16565312315981284E+00
7.97979255679008440E-04  4.22784684486554774E+00
8.30143739222678279E-04  4.33014369699150681E+00
8.47349375002822910E-04  4.39648790996183791E+00
8.70704943371688957E-04  4.50865933225807503E+00
8.94380920630257425E-04  4.61812261293742754E+00
9.15914503946352624E-04  4.69583075413349071E+00
9.38084101517516994E-04  4.80452334654356505E+00
9.59625661472174427E-04  4.91442120125841608E+00
9.81081049978964077E-04  5.02281786075424108E+00
9.97091635453203375E-04  5.09907731495974659E+00
1.01916352842392117E-03  5.20610517405680806E+00
1.06100974646382686E-03  5.27915181592215088E+00
1.08246209136171482E-03  5.37690839358062966E+00
1.10565737010218622E-03  5.48815039115185854E+00
1.12865472964873855E-03  5.59794193519649053E+00
1.15418700744630842E-03  5.68959436952165287E+00
1.16363633919192629E-03  5.73831056461582278E+00
1.18738385335490928E-03  5.84015555524906382E+00
1.21062998701646179E-03  5.95247440981409870E+00
1.23351333803347479E-03  6.06386536354807948E+00
1.25516926553398368E-03  6.16878242015193745E+00
1.27099761695765971E-03  6.23899348915058738E+00
1.29200760746277232E-03  6.33525025719214430E+00
1.31317491426371168E-03  6.43694478288959449E+00
1.33632008972346824E-03  6.54860081304061037E+00
1.43403460792295464E-03  6.65006984752030927E+00
1.45816700055496429E-03  6.76206779903502841E+00
1.61410515398374005E-03  6.85838195927912153E+00
1.63447814837191065E-03  6.94118245206264461E+00
1.66583841785739777E-03  7.04289472544651929E+00
1.69137903253826550E-03  7.15071676720260996E+00
1.71243121792412703E-03  7.23554292303887703E+00
1.73607179719257698E-03  7.34038868159074198E+00
1.97500809073135981E-03  7.39227563643982410E+00
1.99302848312065241E-03  7.45592982387385739E+00
2.01959869538132202E-03  7.54686221051353989E+00
2.04577134269611979E-03  7.62994601934207672E+00
2.07234653699730478E-03  7.72850441780597652E+00
2.10057824232826040E-03  7.83770548899584174E+00
2.12717361397279838E-03  7.94171870684235515E+00
2.15461351277086970E-03  8.04783694879713174E+00
2.18197665874930507E-03  8.15209178019490999E+00
2.20842706169336548E-03  8.24301367641110438E+00
2.23658450762579189E-03  8.35100612271476095E+00
2.26031325572015156E-03  8.43917586790819918E+00
2.27805250838066138E-03  8.52897641472302226E+00
2.29601000341421620E-03  8.58627878280237411E+00
2.32355192252027554E-03  8.69190107509029986E+00
2.34255311706350108E-03  8.77525555332547214E+00
2.36994855219607422E-03  8.87948363800035700E+00
2.40055164955135141E-03  8.97484177304258957E+00
2.42503836309133133E-03  9.07514505649216829E+00
2.45330111995202202E-03  9.18079158478640167E+00
2.45561943060799764E-03  9.21419757182530752E+00
2.48347433152579841E-03  9.31956420568510957E+00
2.51092491630560072E-03  9.42571278689488778E+00
2.50934638105005303E-03  9.49629973274429950E+00
2.53239991020353652E-03  9.59060278168598579E+00
2.55972465977096506E-03  9.69295104822207776E+00
2.58510863521691685E-03  9.78890651477219897E+00
2.60783519485982508E-03  9.88735070774297498E+00
2.63300383605742259E-03  9.98508941156275931E+00
2.65254645014953916E-03  1.00791370086450947E+01
2.67386367213967840E-03  1.01626982674252666E+01
2.69485472101276945E-03  1.02422602963561200E+01
2.71866838595895841E-03  1.03304694462869442E+01
2.74393097610590173E-03  1.04260117089445572E+01
2.76390213533788797E-03  1.05023333117584166E+01
2.78174328071549440E-03  1.05826976121697225E+01
2.80184281436218242E-03  1.06705536653920490E+01
2.82673330414530497E-03  1.07526960946276962E+01
2.85018246572575629E-03  1.08355033152220273E+01
2.87270879426728114E-03  1.09242747602707642E+01
2.89281091542920510E-03  1.10063080101364275E+01
2.91381779754061815E-03  1.10896691560156597E+01
2.93249825073541807E-03  1.11600638642545018E+01
2.95189948951020539E-03  1.12336493753623827E+01
2.97360289660860170E-03  1.13012899980960757E+01
3.09039571505629034E-03  1.13539105835865737E+01
3.11315378156074886E-03  1.14492123388390770E+01
3.13846516719281992E-03  1.15409125179424752E+01
3.15432054206012504E-03  1.16153722056236788E+01
3.17093647139810985E-03  1.16747472652073938E+01
3.19077740211232055E-03  1.17348444451891343E+01
3.21435686579702676E-03  1.18258542750537163E+01
3.23058082403431630E-03  1.18892348775546637E+01
3.25105756715749362E-03  1.19718270822020418E+01
3.43526278097743996E-03  1.20400738437413182E+01
3.46360062936532402E-03  1.21346091912810738E+01
3.48945194798161310E-03  1.22235452853324098E+01
3.50972588293088032E-03  1.22894653798398270E+01
3.53373199355554168E-03  1.23741643716807737E+01
3.55816089814588871E-03  1.24544413204640136E+01
3.58346972416176239E-03  1.25375993829250110E+01
3.56279812529223866E-03  1.26294492661252242E+01
3.57456192394238741E-03  1.27034479564121323E+01
3.65163298720684896E-03  1.27804640709014201E+01
3.68010110911366458E-03  1.28776747421138431E+01
3.70721849018188117E-03  1.29748760124128069E+01
3.73452918704260135E-03  1.30668669398066548E+01
3.75699963239436779E-03  1.31582528950549698E+01
3.78485974091431797E-03  1.32562866993690989E+01
3.81976140268517608E-03  1.33371008128328068E+01
3.84790275095231405E-03  1.34356532277999943E+01
3.87392916718893015E-03  1.35055099659584510E+01
3.90205721182020938E-03  1.36038611162049463E+01
3.92935732522478078E-03  1.36899109294620231E+01
3.95619539242416610E-03  1.37833844819317317E+01
3.98191710900304332E-03  1.38735384475850285E+01
4.01194158712555368E-03  1.39619055873508700E+01
4.03675844373521057E-03  1.40512484852621444E+01
4.06460326673502292E-03  1.41451977119603303E+01
4.09630929082656792E-03  1.42355256269619641E+01
4.10051359191942241E-03  1.42740163597219905E+01
4.14023830380273392E-03  1.43618473590613238E+01
4.15933939018512788E-03  1.44501867914939854E+01
4.18742060565242217E-03  1.45476690505964559E+01
4.21548863725240437E-03  1.46451403227889863E+01
4.24275141634376015E-03  1.47390237221327354E+01
4.27081416812013451E-03  1.48364615218906053E+01
4.29748852899305631E-03  1.49281271734665122E+01
4.32555160867300909E-03  1.50255442125679064E+01
4.35339263665371345E-03  1.51218836846292817E+01
4.38143691136153295E-03  1.52192201313035032E+01
4.39660385355310299E-03  1.53155590886885093E+01
4.42452607086465163E-03  1.54127325201304100E+01
4.44641665569096411E-03  1.55066796799598734E+01
4.47274628224274880E-03  1.55832409665650058E+01
4.49892906783149783E-03  1.56600493595566999E+01
4.52682631984670410E-03  1.57571756542533485E+01
4.55472451143417497E-03  1.58543021884147457E+01
4.58234333332868497E-03  1.59509747300308895E+01
4.60006488663865839E-03  1.60178953549468304E+01
4.61805589983175797E-03  1.61074083136982473E+01
4.64407670054247431E-03  1.61972576521541818E+01
4.67314232319220382E-03  1.62874807122498915E+01
4.69607233590355663E-03  1.63746868564457522E+01
4.72292123670469115E-03  1.64689610387311269E+01
4.74980265312280846E-03  1.65643425112848135E+01
4.77289771999705754E-03  1.66537227466050091E+01
4.80060576656961280E-03  1.67504499301915004E+01
4.82828779822924367E-03  1.68470807603174464E+01
4.85596945074455791E-03  1.69436065839207401E+01
4.88275524940366083E-03  1.70318375436886846E+01
4.90998059917181155E-03  1.71230483062294567E+01
4.93767341795068888E-03  1.72190276223365863E+01
4.96537367003083152E-03  1.73156655288226844E+01
4.99247795012478478E-03  1.74061963582302859E+01
5.01958353768187059E-03  1.74959998322383825E+01
5.04741505951166597E-03  1.75923000583471634E+01
5.07523150000616704E-03  1.76884348818265664E+01
5.09866216087441655E-03  1.77745646445369339E+01
5.12642985744660249E-03  1.78711020524718052E+01
5.14939244707982458E-03  1.79589755945316689E+01
5.17708478901896668E-03  1.80552800816519827E+01
5.19893946600115918E-03  1.81310896600028286E+01
5.22049562422532455E-03  1.82171916730549484E+01
5.24811070306167252E-03  1.83135119941875679E+01
5.27482300846018014E-03  1.84000241337370944E+01
5.30240868067578374E-03  1.84962173262848495E+01
5.32879955199367858E-03  1.85895367793460551E+01
5.35638860495347546E-03  1.86856546330443081E+01
5.38475590530888837E-03  1.87769244998144664E+01
5.41236813621058868E-03  1.88731621074005211E+01
5.40362142108273980E-03  1.87940593601293102E+01
5.42906272369922827E-03  1.88711101334648603E+01
5.45648364203663722E-03  1.89664115121473955E+01
5.48390161984034161E-03  1.90617036368287778E+01
5.48389887145220127E-03  1.90617123936508932E+01
5.42920702609563620E-03  1.91197627129352448E+01
5.45613370309683005E-03  1.92145447095007604E+01
5.48147907501724940E-03  1.93062284355983458E+01
5.50847153830421633E-03  1.94012971325569339E+01
5.53546303956694609E-03  1.94963624694924000E+01
5.56089268064674774E-03  1.95869395665553014E+01
5.58785244105406299E-03  1.96814387140604303E+01
5.61453239382230483E-03  1.97754812893178347E+01
5.64151634060859608E-03  1.98705178052475020E+01
5.67639145128186369E-03  1.99632205501469322E+01
5.70364937064399974E-03  2.00581108857292527E+01
5.73067254739862385E-03  2.01531330650041269E+01
5.75767892426140224E-03  2.02480654519598993E+01
5.78470174915826207E-03  2.03430941664760354E+01
5.81143913730820805E-03  2.04372006914182123E+01
5.83846048248572516E-03  2.05322207454352750E+01
5.86151579804862315E-03  2.06159898118211906E+01
5.88829987263519202E-03  2.07062726720880192E+01
5.88498852325827684E-03  2.07274104437902409E+01
5.91181979113212294E-03  2.08219804048390813E+01
5.93868609520253627E-03  2.09165965931147824E+01
5.96356810130342380E-03  2.10046200316079457E+01
5.99042634956338527E-03  2.10992072745455701E+01
6.01689899405412083E-03  2.11929455081364821E+01
6.04333857702564307E-03  2.12864439531492877E+01
6.07018448396017245E-03  2.13810140852819330E+01
6.00187596036552608E-03  2.12471046445642600E+01
6.03233854284337349E-03  2.13207480100384110E+01
6.05879488922777577E-03  2.14142548751555033E+01
6.08524661444350204E-03  2.15077515841156170E+01
6.11170486191516937E-03  2.16012475171594076E+01
6.13815954725037242E-03  2.16947432122678237E+01
6.16456901539930678E-03  2.17873099715556187E+01
6.19107860878380292E-03  2.18778978191595428E+01
6.21755167983304401E-03  2.19702647582255288E+01
6.24400486553221452E-03  2.20637439491944889E+01
6.26550751811155195E-03  2.21568472237545215E+01
6.29157455710184672E-03  2.22495041100384583E+01
6.31918769039316926E-03  2.23367280577827820E+01
6.34562573233710125E-03  2.24301795374688560E+01
6.35493631323905128E-03  2.24521978234812600E+01
6.37422994680824067E-03  2.24298287707709498E+01
6.40032600107692199E-03  2.25219712158525667E+01
6.42666617065887000E-03  2.26146542763533134E+01
6.44751530383821589E-03  2.26990808669651436E+01
6.46731605106331663E-03  2.27784810036466574E+01
6.49353454178410675E-03  2.28709808824235665E+01
6.51982374116804545E-03  2.29635724217846615E+01
6.54612532106285845E-03  2.30561636266271144E+01
