0.00000000000000000E+00  0.00000000000000000E+00
4.70577492450613725E-05  1.33507091990336479E+00
7.05310968582033353E-05  2.00106064598039302E+00
7.62889087460873986E-05  2.16464658882116368E+00
8.49642311946920478E-05  2.41184060768395003E+00
8.82085625386220276E-05  2.51033243336410283E+00
1.05762497045526680E-04  2.65254538678780127E+00
1.05391513908298045E-04  2.63995927435356537E+00
1.09866056727393285E-04  2.74918778828511723E+00
1.12881346721319331E-04  2.82482217256306889E+00
1.11557139432820774E-04  2.78708125606475132E+00
1.09379727391130954E-04  2.73309923482062089E+00
1.15042837606175012E-04  2.87264916978645690E+00
1.17603315659843213E-04  2.93899338196825965E+00
1.14664758312068316E-04  2.86483114312693665E+00
1.19393594131638690E-04  2.98640042232213965E+00
1.21020874417884187E-04  3.02435086564847166E+00
1.54068879391665813E-04  3.06151089220634187E+00
1.56189622321696472E-04  3.09043153441749485E+00
1.61580558657274854E-04  3.17682511161374137E+00
3.69856611971144987E-04  3.20547313016430335E+00
3.76521080548537779E-04  3.27667568798860698E+00
3.81896859756425942E-04  3.34302689738320336E+00
3.96524958290948913E-04  3.45566935012487830E+00
4.06845790849262568E-04  3.52849957213712173E+00
4.33300051056277440E-04  3.63534052265190244E+00
4.47477039315571955E-04  3.72629500027380534E+00
4.60112930466505157E-04  3.79904039124771264E+00
4.72105967140559594E-04  3.88130429617054684E+00
5.66974052708763064E-04  3.97229060606917939E+00
5.98570877866867290E-04  4.07064246887329517E+00
6.15204286728756678E-04  4.16565312315981284E+00
6.30719103847167048E-04  4.22784684486554774E+00
6.48598982950825457E-04  4.33014369699150681E+00
6.60782116212759742E-04  4.39648790996183791E+00
6.79879938778965467E-04  4.50865933225807503E+00
6.99859231512659679E-04  4.61812261293742754E+00
7.27898289042238212E-04  4.69583075413349071E+00
7.47678316874913129E-04  4.80452334654356505E+00
7.67867839906365905E-04  4.91442120125841608E+00
7.87401659902843055E-04  5.02281786075424108E+00
1.01127352799676375E-03  5.09907731495974659E+00
1.03640765943289288E-03  5.20610517405680806E+00
1.05190989057107128E-03  5.27915181592215088E+00
1.08004951098167670E-03  5.37690839358062966E+00
1.10384304424051899E-03  5.48815039115185854E+00
1.12762198825099458E-03  5.59794193519649053E+00
1.14953271953073337E-03  5.68959436952165287E+00
1.15141777788563791E-03  5.73831056461582278E+00
1.17692766584250518E-03  5.84015555524906382E+00
1.20043439600648759E-03  5.95247440981409870E+00
1.22329998934524176E-03  6.06386536354807948E+00
1.24525584136371353E-03  6.16878242015193745E+00
1.26008867693090491E-03  6.23899348915058738E+00
1.27359940164720252E-03  6.33525025719214430E+00
1.29459075261524766E-03  6.43694478288959449E+00
1.31767290947049456E-03  6.54860081304061037E+00
1.33947207193345157E-03  6.65006984752030927E+00
1.36257835925072523E-03  6.76206779903502841E+00
1.38156069412293816E-03  6.85838195927912153E+00
1.40457821436770682E-03  6.94118245206264461E+00
1.43096402883590552E-03  7.04289472544651929E+00
1.45327634525330260E-03  7.15071676720260996E+00
1.47534428730732177E-03  7.23554292303887703E+00
1.49532170364201139E-03  7.34038868159074198E+00
1.50568759623848319E-03  7.39227563643982410E+00
1.51874417075452124E-03  7.45592982387385739E+00
1.72069241298137784E-03  7.54686221051353989E+00
1.74016543787708865E-03  7.62994601934207672E+00
1.76311016584699718E-03  7.72850441780597652E+00
1.78847368310114841E-03  7.83770548899584174E+00
1.81255368918567463E-03  7.94171870684235515E+00
1.83711712018116437E-03  8.04783694879713174E+00
1.86125313051990521E-03  8.15209178019490999E+00
1.88399493220166997E-03  8.24301367641110438E+00
1.90900118169580251E-03  8.35100612271476095E+00
1.92933736076366280E-03  8.43917586790819918E+00
1.94991101006748799E-03  8.52897641472302226E+00
1.96431170246356328E-03  8.58627878280237411E+00
1.98863123975677502E-03  8.69190107509029986E+00
2.00779154962191448E-03  8.77525555332547214E+00
2.03180487084738196E-03  8.87948363800035700E+00
2.05381572149055227E-03  8.97484177304258957E+00
2.07689186216602518E-03  9.07514505649216829E+00
2.10121939814763908E-03  9.18079158478640167E+00
2.10885805635196120E-03  9.21419757182530752E+00
2.13310712767664874E-03  9.31956420568510957E+00
2.15754309430726474E-03  9.42571278689488778E+00
2.17374848585164589E-03  9.49629973274429950E+00
2.22934365682045691E-03  9.59060278168598579E+00
2.25351048546788054E-03  9.69295104822207776E+00
2.27614190409177342E-03  9.78890651477219897E+00
2.29906684431374674E-03  9.88735070774297498E+00
2.32177332577822391E-03  9.98508941156275931E+00
2.34359406203479533E-03  1.00791370086450947E+01
2.36286453733333809E-03  1.01626982674252666E+01
2.37304623734499844E-03  1.02422602963561200E+01
2.39331552014253497E-03  1.03304694462869442E+01
2.41530932157797739E-03  1.04260117089445572E+01
2.43287014896574703E-03  1.05023333117584166E+01
2.45129104930066986E-03  1.05826976121697225E+01
2.47144247629618730E-03  1.06705536653920490E+01
2.49045570451878265E-03  1.07526960946276962E+01
2.50961966856753840E-03  1.08355033152220273E+01
2.53016269801790809E-03  1.09242747602707642E+01
2.54914120330789135E-03  1.10063080101364275E+01
2.56841462400143753E-03  1.10896691560156597E+01
2.58397881045009182E-03  1.11600638642545018E+01
2.60086192339308757E-03  1.12336493753623827E+01
2.70845070503773636E-03  1.13012899980960757E+01
2.72137771106425791E-03  1.13539105835865737E+01
2.74417228568052092E-03  1.14492123388390770E+01
2.76604910671519703E-03  1.15409125179424752E+01
2.78377774792011416E-03  1.16153722056236788E+01
2.79799330188360788E-03  1.16747472652073938E+01
2.59162614004440671E-03  1.17348444451891343E+01
2.61121857630752883E-03  1.18258542750537163E+01
2.62665045504810847E-03  1.18892348775546637E+01
2.64526529504716850E-03  1.19718270822020418E+01
2.65651594451682144E-03  1.20400738437413182E+01
2.67780534617153903E-03  1.21346091912810738E+01
2.69739249413679123E-03  1.22235452853324098E+01
2.50780002697134847E-03  1.22894653798398270E+01
2.52496997379406682E-03  1.23741643716807737E+01
2.54094738042501050E-03  1.24544413204640136E+01
2.55717083412865991E-03  1.25375993829250110E+01
2.57613322838408767E-03  1.26294492661252242E+01
2.59057701280482073E-03  1.27034479564121323E+01
2.60566206325322071E-03  1.27804640709014201E+01
2.62558591615384088E-03  1.28776747421138431E+01
2.64545896165657365E-03  1.29748760124128069E+01
2.66412807738632216E-03  1.30668669398066548E+01
2.68223449399314622E-03  1.31582528950549698E+01
2.70198601583519771E-03  1.32562866993690989E+01
2.71932226324671060E-03  1.33371008128328068E+01
2.73927013631944253E-03  1.34356532277999943E+01
2.75329379815773172E-03  1.35055099659584510E+01
2.77320669280043319E-03  1.36038611162049463E+01
2.78952336155402925E-03  1.36899109294620231E+01
2.80967740351943966E-03  1.37833844819317317E+01
2.82785915295533834E-03  1.38735384475850285E+01
2.84578709831633274E-03  1.39619055873508700E+01
2.86274641601859305E-03  1.40512484852621444E+01
2.88171946897727415E-03  1.41451977119603303E+01
2.89939182642408831E-03  1.42355256269619641E+01
2.90049698900914045E-03  1.42740163597219905E+01
2.91709433121065814E-03  1.43618473590613238E+01
2.93735251960161505E-03  1.44501867914939854E+01
2.95713892586111499E-03  1.45476690505964559E+01
2.97683807413888892E-03  1.46451403227889863E+01
2.99591570985878290E-03  1.47390237221327354E+01
3.01560731549230764E-03  1.48364615218906053E+01
3.03401265385277487E-03  1.49281271734665122E+01
3.05369847143151935E-03  1.50255442125679064E+01
3.07316595075157782E-03  1.51218836846292817E+01
3.09353888032755982E-03  1.52192201313035032E+01
3.11301175632795659E-03  1.53155590886885093E+01
3.13267884286576271E-03  1.54127325201304100E+01
3.15231497863720667E-03  1.55066796799598734E+01
3.16945714796590004E-03  1.55832409665650058E+01
3.18706054015577321E-03  1.56600493595566999E+01
3.20671876219095304E-03  1.57571756542533485E+01
3.22637746815469719E-03  1.58543021884147457E+01
3.24590788250453920E-03  1.59509747300308895E+01
3.25684706575566632E-03  1.60178953549468304E+01
3.27461762853862963E-03  1.61074083136982473E+01
3.29277259844156997E-03  1.61972576521541818E+01
3.31167092881693879E-03  1.62874807122498915E+01
3.34066685294601064E-03  1.63746868564457522E+01
3.35985572870727911E-03  1.64689610387311269E+01
3.37926306813356777E-03  1.65643425112848135E+01
3.39642048066867439E-03  1.66537227466050091E+01
3.41604770391166742E-03  1.67504499301915004E+01
3.43565508911778403E-03  1.68470807603174464E+01
3.45526099225073810E-03  1.69436065839207401E+01
3.47306927801022515E-03  1.70318375436886846E+01
3.49156882325432584E-03  1.71230483062294567E+01
3.51101505817601233E-03  1.72190276223365863E+01
3.53062380662177251E-03  1.73156655288226844E+01
3.55014027510574615E-03  1.74061963582302859E+01
3.56915012113749770E-03  1.74959998322383825E+01
3.58869205932446688E-03  1.75923000583471634E+01
3.60827497252742780E-03  1.76884348818265664E+01
3.61598540948887331E-03  1.77745646445369339E+01
3.63562521823831194E-03  1.78711020524718052E+01
3.65360564650961785E-03  1.79589755945316689E+01
3.67319392666953012E-03  1.80552800816519827E+01
3.68858748107656498E-03  1.81310896600028286E+01
3.70597629738784020E-03  1.82171916730549484E+01
3.72538607293521973E-03  1.83135119941875679E+01
3.74281974233519775E-03  1.84000241337370944E+01
3.76215813263864425E-03  1.84962173262848495E+01
3.78076360488528284E-03  1.85895367793460551E+01
3.80015717007110496E-03  1.86856546330443081E+01
3.81856612808943339E-03  1.87769244998144664E+01
3.83802122245014603E-03  1.88731621074005211E+01
3.82322132514961201E-03  1.87940593601293102E+01
3.84050795126152306E-03  1.88711101334648603E+01
3.85990257276347826E-03  1.89664115121473955E+01
3.87924141131472952E-03  1.90617036368287778E+01
3.87924130633370608E-03  1.90617123936508932E+01
3.88978696142331694E-03  1.91197627129352448E+01
3.90900350771864694E-03  1.92145447095007604E+01
3.92700585382546510E-03  1.93062284355983458E+01
3.94625843487343697E-03  1.94012971325569339E+01
3.96551046888520518E-03  1.94963624694924000E+01
3.98365057050021568E-03  1.95869395665553014E+01
4.00275868494672990E-03  1.96814387140604303E+01
4.02169756754497485E-03  1.97754812893178347E+01
4.04094134255345624E-03  1.98705178052475020E+01
4.05998576100540746E-03  1.99632205501469322E+01
4.07915835374168378E-03  2.00581108857292527E+01
4.09840016021809778E-03  2.01531330650041269E+01
4.11762420069278472E-03  2.02480654519598993E+01
4.13686785664688864E-03  2.03430941664760354E+01
4.15592768445368580E-03  2.04372006914182123E+01
4.17516929154817130E-03  2.05322207454352750E+01
4.18938941379708163E-03  2.06159898118211906E+01
4.20802819208330060E-03  2.07062726720880192E+01
4.21032364113269660E-03  2.07274104437902409E+01
4.23136162077013094E-03  2.08219804048390813E+01
4.25058952738293586E-03  2.09165965931147824E+01
4.26836185084910735E-03  2.10046200316079457E+01
4.28743911707851061E-03  2.10992072745455701E+01
4.30632271785186347E-03  2.11929455081364821E+01
4.32516315520898274E-03  2.12864439531492877E+01
4.34423627331611672E-03  2.13810140852819330E+01
4.31315981207396146E-03  2.12471046445642600E+01
4.32802071523277331E-03  2.13207480100384110E+01
4.34700222781852792E-03  2.14142548751555033E+01
4.36598150614981445E-03  2.15077515841156170E+01
4.38496129767412379E-03  2.16012475171594076E+01
4.40394069597849474E-03  2.16947432122678237E+01
4.42275300782445265E-03  2.17873099715556187E+01
4.44122877466131532E-03  2.18778978191595428E+01
4.46001219444656666E-03  2.19702647582255288E+01
4.47898855409485132E-03  2.20637439491944889E+01
4.49788720705888729E-03  2.21568472237545215E+01
4.51668348246738686E-03  2.22495041100384583E+01
4.53468120539042476E-03  2.23367280577827820E+01
4.55365323081321008E-03  2.24301795374688560E+01
4.55842752365976864E-03  2.24521978234812600E+01
4.55646662792608473E-03  2.24298287707709498E+01
4.57517589051710440E-03  2.25219712158525667E+01
4.59400392020596800E-03  2.26146542763533134E+01
4.87438942246418410E-03  2.26990808669651436E+01
4.89103873225001616E-03  2.27784810036466574E+01
4.91089403788833988E-03  2.28709808824235665E+01
4.93077553601997242E-03  2.29635724217846615E+01
4.95065878030460059E-03  2.30561636266271144E+01
