0.00000000000000000E+00  0.00000000000000000E+00
4.70577451090172720E-05  1.33507091990336479E+00
7.05283192471326627E-05  2.00106064598039302E+00
7.63151431678993331E-05  2.16464658882116368E+00
8.52491233353660865E-05  2.41184060768395003E+00
8.87492138314399952E-05  2.51033243336410283E+00
9.36135699609999593E-05  2.65254538678780127E+00
9.61797561720978536E-05  2.63995927435356537E+00
9.98343977043114389E-05  2.74918778828511723E+00
1.02553870335835064E-04  2.82482217256306889E+00
1.01108071460315917E-04  2.78708125606475132E+00
9.90822185415722199E-05  2.73309923482062089E+00
1.04031948677545233E-04  2.87264916978645690E+00
1.05938150639582705E-04  2.93899338196825965E+00
1.03097961505468674E-04  2.86483114312693665E+00
1.07399868785879561E-04  2.98640042232213965E+00
6.17884682130437064E-04  3.02435086564847166E+00
6.41105977495697445E-04  3.06151089220634187E+00
6.57102580728579494E-04  3.09043153441749485E+00
6.71985559974752275E-04  3.17682511161374137E+00
7.03873812868669878E-04  3.20547313016430335E+00
7.25632640749414607E-04  3.27667568798860698E+00
7.49890057574058603E-04  3.34302689738320336E+00
7.77698187764690142E-04  3.45566935012487830E+00
7.89112379579694732E-04  3.52849957213712173E+00
8.16350441555556742E-04  3.63534052265190244E+00
8.32918303806895206E-04  3.72629500027380534E+00
8.62535528786150386E-04  3.79904039124771264E+00
8.81932624627101546E-04  3.88130429617054684E+00
9.28379609613854957E-04  3.97229060606917939E+00
9.54680519641565415E-04  4.07064246887329517E+00
9.81627146438112394E-04  4.16565312315981284E+00
9.85875294089638048E-04  4.22784684486554774E+00
1.01179688699268690E-03  4.33014369699150681E+00
1.05600149760522676E-03  4.39648790996183791E+00
1.08640051373893351E-03  4.50865933225807503E+00
1.11547915863406438E-03  4.61812261293742754E+00
1.01718664142815170E-03  4.69583075413349071E+00
1.04206478258124665E-03  4.80452334654356505E+00
1.06707876725883606E-03  4.91442120125841608E+00
1.10173158244259686E-03  5.02281786075424108E+00
1.11253398840449711E-03  5.09907731495974659E+00
1.13524681331151787E-03  5.20610517405680806E+00
1.14064755594491516E-03  5.27915181592215088E+00
1.16483491839996676E-03  5.37690839358062966E+00
1.18947543076912974E-03  5.48815039115185854E+00
1.21354466414320765E-03  5.59794193519649053E+00
1.22865111137446790E-03  5.68959436952165287E+00
1.23147082578060093E-03  5.73831056461582278E+00
1.25082188603398733E-03  5.84015555524906382E+00
1.27493925252069782E-03  5.95247440981409870E+00
1.29862790225268717E-03  6.06386536354807948E+00
1.32135717932715621E-03  6.16878242015193745E+00
1.28744355150553057E-03  6.23899348915058738E+00
1.30065338608266598E-03  6.33525025719214430E+00
1.32145172175648896E-03  6.43694478288959449E+00
1.34458946728350419E-03  6.54860081304061037E+00
1.36421039638986519E-03  6.65006984752030927E+00
1.38741084041075873E-03  6.76206779903502841E+00
1.41121125913330888E-03  6.85838195927912153E+00
1.43145795980530763E-03  6.94118245206264461E+00
1.45136132179992782E-03  7.04289472544651929E+00
1.47938863032199804E-03  7.15071676720260996E+00
1.56348934876114360E-03  7.23554292303887703E+00
1.58603819482797440E-03  7.34038868159074198E+00
1.61708188087399335E-03  7.39227563643982410E+00
1.63375046614313668E-03  7.45592982387385739E+00
1.65546279797144729E-03  7.54686221051353989E+00
1.67208033477113317E-03  7.62994601934207672E+00
1.69392839700735487E-03  7.72850441780597652E+00
1.71812975893365365E-03  7.83770548899584174E+00
1.74112532152992101E-03  7.94171870684235515E+00
1.76464034365458292E-03  8.04783694879713174E+00
1.78762912296090274E-03  8.15209178019490999E+00
1.80670300539407147E-03  8.24301367641110438E+00
1.83056842274713469E-03  8.35100612271476095E+00
1.85015956812883248E-03  8.43917586790819918E+00
1.87127334899578877E-03  8.52897641472302226E+00
1.88425067148118236E-03  8.58627878280237411E+00
1.90716487782196143E-03  8.69190107509029986E+00
1.92844897417957135E-03  8.77525555332547214E+00
1.95135502899917231E-03  8.87948363800035700E+00
1.97065630991264404E-03  8.97484177304258957E+00
1.99320558636949209E-03  9.07514505649216829E+00
2.01627319539176035E-03  9.18079158478640167E+00
2.02527275833929484E-03  9.21419757182530752E+00
2.04859766918963218E-03  9.31956420568510957E+00
2.07214608876298044E-03  9.42571278689488778E+00
2.08977452712856256E-03  9.49629973274429950E+00
2.11111131548677748E-03  9.59060278168598579E+00
2.13394281657092351E-03  9.69295104822207776E+00
2.15495933353060604E-03  9.78890651477219897E+00
2.17875337141267347E-03  9.88735070774297498E+00
2.20050805630500916E-03  9.98508941156275931E+00
2.19531670119671842E-03  1.00791370086450947E+01
2.21340051790411144E-03  1.01626982674252666E+01
2.23193549965506948E-03  1.02422602963561200E+01
2.55656658539635609E-03  1.03304694462869442E+01
2.57987467380999024E-03  1.04260117089445572E+01
2.59807953221910526E-03  1.05023333117584166E+01
2.62039468578897363E-03  1.05826976121697225E+01
2.64295168770523146E-03  1.06705536653920490E+01
2.65960555502717157E-03  1.07526960946276962E+01
2.98772141946443935E-03  1.08355033152220273E+01
3.01340208233112639E-03  1.09242747602707642E+01
3.03737236416304563E-03  1.10063080101364275E+01
3.06081094181501721E-03  1.10896691560156597E+01
3.07991807517875435E-03  1.11600638642545018E+01
3.10654476675287358E-03  1.12336493753623827E+01
3.12126453448918805E-03  1.13012899980960757E+01
3.12237321707637848E-03  1.13539105835865737E+01
3.15125144634510572E-03  1.14492123388390770E+01
3.17678865283877680E-03  1.15409125179424752E+01
3.20111315779751660E-03  1.16153722056236788E+01
3.21709031991789613E-03  1.16747472652073938E+01
3.23009247036306181E-03  1.17348444451891343E+01
3.25525669854563257E-03  1.18258542750537163E+01
3.27620020616608675E-03  1.18892348775546637E+01
3.20506054020914047E-03  1.19718270822020418E+01
3.23024744223066691E-03  1.20400738437413182E+01
3.25484773014273485E-03  1.21346091912810738E+01
3.27935802084884653E-03  1.22235452853324098E+01
3.30258167781807182E-03  1.22894653798398270E+01
3.32558275767086582E-03  1.23741643716807737E+01
3.35404267440751053E-03  1.24544413204640136E+01
3.37219950391179314E-03  1.25375993829250110E+01
3.39016756121398666E-03  1.26294492661252242E+01
3.41900747037172242E-03  1.27034479564121323E+01
3.43468847952719614E-03  1.27804640709014201E+01
3.46044180676887336E-03  1.28776747421138431E+01
3.46299384793605832E-03  1.29748760124128069E+01
3.48611665589426299E-03  1.30668669398066548E+01
3.51443160877838289E-03  1.31582528950549698E+01
3.54065013511167120E-03  1.32562866993690989E+01
3.54918411808615494E-03  1.33371008128328068E+01
3.57557491642936272E-03  1.34356532277999943E+01
3.58621835219811612E-03  1.35055099659584510E+01
3.61248361463671576E-03  1.36038611162049463E+01
3.62964419685321213E-03  1.36899109294620231E+01
3.65731628364774405E-03  1.37833844819317317E+01
3.68227450729389887E-03  1.38735384475850285E+01
3.69964303833598875E-03  1.39619055873508700E+01
3.72179092695445763E-03  1.40512484852621444E+01
3.74544392646485990E-03  1.41451977119603303E+01
3.76035538775585342E-03  1.42355256269619641E+01
3.76362077760310524E-03  1.42740163597219905E+01
3.76178810600428940E-03  1.43618473590613238E+01
3.80296832421808759E-03  1.44501867914939854E+01
3.82867162338973790E-03  1.45476690505964559E+01
3.85438718707407273E-03  1.46451403227889863E+01
3.87909458943534301E-03  1.47390237221327354E+01
3.90499880831066647E-03  1.48364615218906053E+01
3.92911942313181606E-03  1.49281271734665122E+01
3.95501138285275604E-03  1.50255442125679064E+01
3.98051725219202186E-03  1.51218836846292817E+01
4.00637036807004274E-03  1.52192201313035032E+01
4.03195441059187899E-03  1.53155590886885093E+01
4.05780960257306946E-03  1.54127325201304100E+01
4.14092236861350518E-03  1.55066796799598734E+01
4.15954687184751266E-03  1.55832409665650058E+01
4.17949733974448245E-03  1.56600493595566999E+01
4.20547948033317843E-03  1.57571756542533485E+01
4.23145924466462441E-03  1.58543021884147457E+01
4.25742810649172056E-03  1.59509747300308895E+01
4.28264697584481140E-03  1.60178953549468304E+01
4.29787893657334382E-03  1.61074083136982473E+01
4.32131960420105259E-03  1.61972576521541818E+01
4.34168001312964548E-03  1.62874807122498915E+01
4.36168034146892317E-03  1.63746868564457522E+01
4.38732806552395715E-03  1.64689610387311269E+01
4.41378102711302393E-03  1.65643425112848135E+01
4.43976924570756333E-03  1.66537227466050091E+01
4.46564502085312030E-03  1.67504499301915004E+01
4.49149977830200480E-03  1.68470807603174464E+01
4.51732002790073296E-03  1.69436065839207401E+01
4.53750072773881526E-03  1.70318375436886846E+01
4.56085473155925288E-03  1.71230483062294567E+01
4.59115585046799505E-03  1.72190276223365863E+01
4.61693600225668212E-03  1.73156655288226844E+01
4.64197013744855388E-03  1.74061963582302859E+01
4.66555802232595119E-03  1.74959998322383825E+01
4.69100415201644059E-03  1.75923000583471634E+01
4.71653377356228559E-03  1.76884348818265664E+01
4.73338992170690368E-03  1.77745646445369339E+01
4.75910240686404796E-03  1.78711020524718052E+01
4.78725104906629114E-03  1.79589755945316689E+01
4.81467512493007066E-03  1.80552800816519827E+01
4.83464979514299040E-03  1.81310896600028286E+01
4.86321365980049887E-03  1.82171916730549484E+01
4.88893949407613777E-03  1.83135119941875679E+01
4.90853126865213336E-03  1.84000241337370944E+01
4.93420956334789280E-03  1.84962173262848495E+01
4.95827226159664940E-03  1.85895367793460551E+01
4.98394017539142802E-03  1.86856546330443081E+01
5.00458847706366540E-03  1.87769244998144664E+01
5.03025012802770215E-03  1.88731621074005211E+01
4.98929054052581287E-03  1.87940593601293102E+01
5.00842551881822313E-03  1.88711101334648603E+01
5.03372066816370253E-03  1.89664115121473955E+01
5.05901294337545489E-03  1.90617036368287778E+01
5.05902051751404378E-03  1.90617123936508932E+01
5.09239050014083632E-03  1.91197627129352448E+01
5.11760349877478891E-03  1.92145447095007604E+01
5.14228611456289501E-03  1.93062284355983458E+01
5.16760758471021195E-03  1.94012971325569339E+01
5.19292869787963286E-03  1.94963624694924000E+01
5.21724674508354958E-03  1.95869395665553014E+01
5.24773631196632367E-03  1.96814387140604303E+01
5.27260459961078308E-03  1.97754812893178347E+01
5.29795718837905091E-03  1.98705178052475020E+01
5.32472765233003593E-03  1.99632205501469322E+01
5.34933096568845651E-03  2.00581108857292527E+01
5.37469594308350590E-03  2.01531330650041269E+01
5.40000710026885752E-03  2.02480654519598993E+01
5.42535287597365520E-03  2.03430941664760354E+01
5.45052619723492698E-03  2.04372006914182123E+01
5.47588090681276098E-03  2.05322207454352750E+01
5.49336277195842416E-03  2.06159898118211906E+01
5.51580554771642986E-03  2.07062726720880192E+01
5.53479674691179611E-03  2.07274104437902409E+01
5.56009544966386098E-03  2.08219804048390813E+01
5.58537476451673783E-03  2.09165965931147824E+01
5.60905531448406981E-03  2.10046200316079457E+01
5.63432666260344460E-03  2.10992072745455701E+01
5.67221274938605087E-03  2.11929455081364821E+01
5.69740863845710419E-03  2.12864439531492877E+01
5.72274253651034424E-03  2.13810140852819330E+01
5.73252457632765673E-03  2.12471046445642600E+01
5.74299614477600216E-03  2.13207480100384110E+01
5.76818313156643621E-03  2.14142548751555033E+01
5.79338524926356450E-03  2.15077515841156170E+01
5.81856413554248612E-03  2.16012475171594076E+01
5.84374657264920619E-03  2.16947432122678237E+01
5.86845345939620427E-03  2.17873099715556187E+01
5.89194379340572585E-03  2.18778978191595428E+01
5.91647250715477985E-03  2.19702647582255288E+01
5.94164722508886377E-03  2.20637439491944889E+01
5.96673534084166991E-03  2.21568472237545215E+01
5.99176558666123654E-03  2.22495041100384583E+01
6.01220115928690745E-03  2.23367280577827820E+01
6.03735461406771767E-03  2.24301795374688560E+01
6.04008961519300180E-03  2.24521978234812600E+01
6.04133997845588983E-03  2.24298287707709498E+01
6.06621901672705233E-03  2.25219712158525667E+01
6.09118196413504457E-03  2.26146542763533134E+01
6.11606556982594550E-03  2.26990808669651436E+01
6.13646930632599698E-03  2.27784810036466574E+01
6.16141933059008787E-03  2.28709808824235665E+01
6.18636295429779264E-03  2.29635724217846615E+01
6.21129780693683957E-03  2.30561636266271144E+01
