0.00000000000000000E+00  0.00000000000000000E+00
4.70700718318722256E-05  1.33507091990336479E+00
7.05486901574195116E-05  2.00106064598039302E+00
7.63393061917552480E-05  2.16464658882116368E+00
8.51001578448636395E-05  2.41184060768395003E+00
8.84296389740685517E-05  2.51033243336410283E+00
9.34160531177549198E-05  2.65254538678780127E+00
9.30126634543375531E-05  2.63995927435356537E+00
1.02429252463434372E-04  2.74918778828511723E+00
1.08896712039979626E-04  2.82482217256306889E+00
1.07566970979173685E-04  2.78708125606475132E+00
1.05491169468357977E-04  2.73309923482062089E+00
1.10911491459554377E-04  2.87264916978645690E+00
1.13643848592953322E-04  2.93899338196825965E+00
1.10776589196006801E-04  2.86483114312693665E+00
1.15570554374624338E-04  2.98640042232213965E+00
1.17032054176374867E-04  3.02435086564847166E+00
4.67440798684834317E-04  3.06151089220634187E+00
4.69648372824538521E-04  3.09043153441749485E+00
4.68858130560428357E-04  3.17682511161374137E+00
4.75232899743494464E-04  3.20547313016430335E+00
4.89080704325502245E-04  3.27667568798860698E+00
5.02821919822135318E-04  3.34302689738320336E+00
5.22802414369187237E-04  3.45566935012487830E+00
6.10365244313527608E-04  3.52849957213712173E+00
6.30338886438009944E-04  3.63534052265190244E+00
6.47964296966335967E-04  3.72629500027380534E+00
6.56983052658446161E-04  3.79904039124771264E+00
6.76787749623372257E-04  3.88130429617054684E+00
7.00406816248447511E-04  3.97229060606917939E+00
7.24425776696356648E-04  4.07064246887329517E+00
7.42973971246900034E-04  4.16565312315981284E+00
7.53446513944210170E-04  4.22784684486554774E+00
7.80885427589139485E-04  4.33014369699150681E+00
7.99082900869526875E-04  4.39648790996183791E+00
8.21325362668896136E-04  4.50865933225807503E+00
8.44303422201407106E-04  4.61812261293742754E+00
8.81787295667871350E-04  4.69583075413349071E+00
9.03683196730280681E-04  4.80452334654356505E+00
9.25826534139272887E-04  4.91442120125841608E+00
9.46337840300255054E-04  5.02281786075424108E+00
9.60077971395374014E-04  5.09907731495974659E+00
9.81906042501753474E-04  5.20610517405680806E+00
9.98719822882266142E-04  5.27915181592215088E+00
1.02509651761198829E-03  5.37690839358062966E+00
1.04680106299557510E-03  5.48815039115185854E+00
1.07860884433705968E-03  5.59794193519649053E+00
1.09991810835298074E-03  5.68959436952165287E+00
1.10228676216907575E-03  5.73831056461582278E+00
1.12956271806579950E-03  5.84015555524906382E+00
1.15158250402644293E-03  5.95247440981409870E+00
1.17288194278394029E-03  6.06386536354807948E+00
1.19346906186006997E-03  6.16878242015193745E+00
1.20814456485067835E-03  6.23899348915058738E+00
1.22324321413364414E-03  6.33525025719214430E+00
1.24327043817867985E-03  6.43694478288959449E+00
1.26512133044949277E-03  6.54860081304061037E+00
1.28626333939070255E-03  6.65006984752030927E+00
1.30809046117185486E-03  6.76206779903502841E+00
1.32463169026639802E-03  6.85838195927912153E+00
1.34536422325510726E-03  6.94118245206264461E+00
1.36281089867753592E-03  7.04289472544651929E+00
1.38377242739201167E-03  7.15071676720260996E+00
1.40377185552249492E-03  7.23554292303887703E+00
1.42078005885280041E-03  7.34038868159074198E+00
1.42926679278418357E-03  7.39227563643982410E+00
1.43957043263361669E-03  7.45592982387385739E+00
1.46358232625441080E-03  7.54686221051353989E+00
1.47989418258149446E-03  7.62994601934207672E+00
1.50018682086141240E-03  7.72850441780597652E+00
1.52171210080178526E-03  7.83770548899584174E+00
1.54164080925688865E-03  7.94171870684235515E+00
1.56248434150105600E-03  8.04783694879713174E+00
1.58317574950390277E-03  8.15209178019490999E+00
1.62094308669812515E-03  8.24301367641110438E+00
1.64342510814761414E-03  8.35100612271476095E+00
1.71999283709048704E-03  8.43917586790819918E+00
1.73788128594855036E-03  8.52897641472302226E+00
1.75045771762805200E-03  8.58627878280237411E+00
1.77206566774909514E-03  8.69190107509029986E+00
1.79634757211782903E-03  8.77525555332547214E+00
1.81795350452302012E-03  8.87948363800035700E+00
1.83839345430191425E-03  8.97484177304258957E+00
1.85892199459657646E-03  9.07514505649216829E+00
1.88089630975096767E-03  9.18079158478640167E+00
1.86833018659671797E-03  9.21419757182530752E+00
1.88991365469809501E-03  9.31956420568510957E+00
1.91167062074799302E-03  9.42571278689488778E+00
1.92610814766512053E-03  9.49629973274429950E+00
1.94544645420694742E-03  9.59060278168598579E+00
1.96658534237389385E-03  9.69295104822207776E+00
1.98641616739840977E-03  9.78890651477219897E+00
2.00665848227989455E-03  9.88735070774297498E+00
2.02685075983863707E-03  9.98508941156275931E+00
2.04617743330403820E-03  1.00791370086450947E+01
2.06320714985271667E-03  1.01626982674252666E+01
2.07988008708298068E-03  1.02422602963561200E+01
2.09777510731566988E-03  1.03304694462869442E+01
2.11737901248139479E-03  1.04260117089445572E+01
2.05553342931976768E-03  1.05023333117584166E+01
2.07136375939724789E-03  1.05826976121697225E+01
2.17789958743394314E-03  1.06705536653920490E+01
2.19460889363156308E-03  1.07526960946276962E+01
2.21161766383726026E-03  1.08355033152220273E+01
2.22983963985693735E-03  1.09242747602707642E+01
2.24667418478451163E-03  1.10063080101364275E+01
2.26378606379926128E-03  1.10896691560156597E+01
2.27824712633162415E-03  1.11600638642545018E+01
2.29333948738358242E-03  1.12336493753623827E+01
2.30723126023828608E-03  1.13012899980960757E+01
2.31804920138504057E-03  1.13539105835865737E+01
2.33760523516033823E-03  1.14492123388390770E+01
2.35642387542254854E-03  1.15409125179424752E+01
2.37170076628683219E-03  1.16153722056236788E+01
2.38388777229397303E-03  1.16747472652073938E+01
2.39599243865827637E-03  1.17348444451891343E+01
2.41466836104095193E-03  1.18258542750537163E+01
2.42766909231059355E-03  1.18892348775546637E+01
2.44460702893855653E-03  1.19718270822020418E+01
2.45861083945688071E-03  1.20400738437413182E+01
2.47800756495530428E-03  1.21346091912810738E+01
2.49625848177872749E-03  1.22235452853324098E+01
2.50976637308594633E-03  1.22894653798398270E+01
2.52714864085206662E-03  1.23741643716807737E+01
2.54352270274233773E-03  1.24544413204640136E+01
2.57959374973641123E-03  1.25375993829250110E+01
2.59848763153957369E-03  1.26294492661252242E+01
2.61379627904302679E-03  1.27034479564121323E+01
2.62967072100209805E-03  1.27804640709014201E+01
2.64969243908359754E-03  1.28776747421138431E+01
2.66971910445574319E-03  1.29748760124128069E+01
2.68866972160067145E-03  1.30668669398066548E+01
2.70752365926631589E-03  1.31582528950549698E+01
2.72772438211863442E-03  1.32562866993690989E+01
2.74242274458961913E-03  1.33371008128328068E+01
2.76271302922563881E-03  1.34356532277999943E+01
2.77706597049717351E-03  1.35055099659584510E+01
2.79731370224262305E-03  1.36038611162049463E+01
2.81505680298413776E-03  1.36899109294620231E+01
2.83459716352647221E-03  1.37833844819317317E+01
2.85316807254358453E-03  1.38735384475850285E+01
2.87133397140837106E-03  1.39619055873508700E+01
2.88977730524935536E-03  1.40512484852621444E+01
2.90911825786800216E-03  1.41451977119603303E+01
2.92770867350923602E-03  1.42355256269619641E+01
2.93596945184201527E-03  1.42740163597219905E+01
2.95411534408584770E-03  1.43618473590613238E+01
2.97221953661895490E-03  1.44501867914939854E+01
2.99234423931525302E-03  1.45476690505964559E+01
3.01246673063456120E-03  1.46451403227889863E+01
3.06008942615171612E-03  1.47390237221327354E+01
3.08036774236331327E-03  1.48364615218906053E+01
3.09951868710075726E-03  1.49281271734665122E+01
3.11988140047781814E-03  1.50255442125679064E+01
3.14002220593756487E-03  1.51218836846292817E+01
3.16037087751266021E-03  1.52192201313035032E+01
3.18051236880831584E-03  1.53155590886885093E+01
3.20082641443248089E-03  1.54127325201304100E+01
3.22046041485168563E-03  1.55066796799598734E+01
3.36392540005114480E-03  1.55832409665650058E+01
3.52612603945428411E-03  1.56600493595566999E+01
3.54818957759450628E-03  1.57571756542533485E+01
3.57025621374013058E-03  1.58543021884147457E+01
3.59224808540888540E-03  1.59509747300308895E+01
3.60863602310446943E-03  1.60178953549468304E+01
3.62865624149057023E-03  1.61074083136982473E+01
3.64907930769035925E-03  1.61972576521541818E+01
3.66893000399232333E-03  1.62874807122498915E+01
3.69028744790930166E-03  1.63746868564457522E+01
3.71173100794576971E-03  1.64689610387311269E+01
3.73342795379251729E-03  1.65643425112848135E+01
3.75446755804859957E-03  1.66537227466050091E+01
3.77644844129237283E-03  1.67504499301915004E+01
3.79840676188190375E-03  1.68470807603174464E+01
3.82031841718774318E-03  1.69436065839207401E+01
3.84022399178599125E-03  1.70318375436886846E+01
3.86088736685304135E-03  1.71230483062294567E+01
3.88268929806646120E-03  1.72190276223365863E+01
3.90464825077997202E-03  1.73156655288226844E+01
3.92571475659347652E-03  1.74061963582302859E+01
3.94652190326047134E-03  1.74959998322383825E+01
3.96828825344733033E-03  1.75923000583471634E+01
3.99001162955623084E-03  1.76884348818265664E+01
4.01130532856786969E-03  1.77745646445369339E+01
4.03320376067246942E-03  1.78711020524718052E+01
4.05331677503826832E-03  1.79589755945316689E+01
4.07520977141319959E-03  1.80552800816519827E+01
4.09245940964695059E-03  1.81310896600028286E+01
4.11238931376648170E-03  1.82171916730549484E+01
4.13429130224769303E-03  1.83135119941875679E+01
4.15376229690376554E-03  1.84000241337370944E+01
4.17563996671554711E-03  1.84962173262848495E+01
4.19717899093870628E-03  1.85895367793460551E+01
4.21902174721533463E-03  1.86856546330443081E+01
4.23948899748445747E-03  1.87769244998144664E+01
4.26136368529391948E-03  1.88731621074005211E+01
4.44267820708994961E-03  1.87940593601293102E+01
4.65756964169984199E-03  1.88711101334648603E+01
4.68109178869528190E-03  1.89664115121473955E+01
4.70461213008615316E-03  1.90617036368287778E+01
4.70461719236488825E-03  1.90617123936508932E+01
4.72343828287537064E-03  1.91197627129352448E+01
4.74685147106012045E-03  1.92145447095007604E+01
4.76392892529235463E-03  1.93062284355983458E+01
4.78738750816385273E-03  1.94012971325569339E+01
4.81084504391275473E-03  1.94963624694924000E+01
4.89112866753110918E-03  1.95869395665553014E+01
4.91471675424729523E-03  1.96814387140604303E+01
4.93830023889151558E-03  1.97754812893178347E+01
4.96203258420067645E-03  1.98705178052475020E+01
4.98496054893520293E-03  1.99632205501469322E+01
5.00862597854565602E-03  2.00581108857292527E+01
5.03235347603527092E-03  2.01531330650041269E+01
5.05605568665638740E-03  2.02480654519598993E+01
5.07978497522266429E-03  2.03430941664760354E+01
5.10328683058542364E-03  2.04372006914182123E+01
5.12701386280567037E-03  2.05322207454352750E+01
5.15055871398229989E-03  2.06159898118211906E+01
5.17251006043016257E-03  2.07062726720880192E+01
5.18284950692512840E-03  2.07274104437902409E+01
5.20658543606044959E-03  2.08219804048390813E+01
5.23032087296492008E-03  2.09165965931147824E+01
5.25246416952493932E-03  2.10046200316079457E+01
5.27619222455887396E-03  2.10992072745455701E+01
5.29978668278278334E-03  2.11929455081364821E+01
5.32330184272680144E-03  2.12864439531492877E+01
5.34702967772814584E-03  2.13810140852819330E+01
5.32932390124373108E-03  2.12471046445642600E+01
5.34581715845796820E-03  2.13207480100384110E+01
5.36926235059823932E-03  2.14142548751555033E+01
5.39277711961209764E-03  2.15077515841156170E+01
5.41629237687520863E-03  2.16012475171594076E+01
5.43980911826449139E-03  2.16947432122678237E+01
5.46300632301196815E-03  2.17873099715556187E+01
5.48549894423049165E-03  2.18778978191595428E+01
5.50854463514419915E-03  2.19702647582255288E+01
5.53205592150332170E-03  2.20637439491944889E+01
5.55540574795801868E-03  2.21568472237545215E+01
5.57869014064286094E-03  2.22495041100384583E+01
5.59940937978495659E-03  2.23367280577827820E+01
5.62283590560849408E-03  2.24301795374688560E+01
5.62715327262495058E-03  2.24521978234812600E+01
5.61137008255082562E-03  2.24298287707709498E+01
5.63445667088650383E-03  2.25219712158525667E+01
5.65764321711403548E-03  2.26146542763533134E+01
5.67999059761509304E-03  2.26990808669651436E+01
5.70093180119992434E-03  2.27784810036466574E+01
5.72409964153835354E-03  2.28709808824235665E+01
5.74727300290594871E-03  2.29635724217846615E+01
5.77044143396191790E-03  2.30561636266271144E+01
