0.00000000000000000E+00  0.00000000000000000E+00
4.70577535097443464E-05  1.33507091990336479E+00
7.05289349150427350E-05  2.00106064598039302E+00
7.63159153507369023E-05  2.16464658882116368E+00
8.52146917765735123E-05  2.41184060768395003E+00
1.97026962534253873E-04  2.51033243336410283E+00
2.21096046090579675E-04  2.65254538678780127E+00
3.47695594264768116E-04  2.63995927435356537E+00
3.77379564094132902E-04  2.74918778828511723E+00
3.98751714271251714E-04  2.82482217256306889E+00
3.98501084142717586E-04  2.78708125606475132E+00
3.95232235085619997E-04  2.73309923482062089E+00
4.23212415455971396E-04  2.87264916978645690E+00
4.44449886711074981E-04  2.93899338196825965E+00
4.42518053608351679E-04  2.86483114312693665E+00
4.64888972216435231E-04  2.98640042232213965E+00
4.51197665076831793E-04  3.02435086564847166E+00
4.62975371421608440E-04  3.06151089220634187E+00
4.71660745571566772E-04  3.09043153441749485E+00
4.83692414731848449E-04  3.17682511161374137E+00
5.01659986839186759E-04  3.20547313016430335E+00
5.20930324024517681E-04  3.27667568798860698E+00
5.35933021640605045E-04  3.34302689738320336E+00
5.55600917759053168E-04  3.45566935012487830E+00
5.65150769412113931E-04  3.52849957213712173E+00
5.94446646648064841E-04  3.63534052265190244E+00
5.79251357921708467E-04  3.72629500027380534E+00
5.96698327236210024E-04  3.79904039124771264E+00
6.10048214465442554E-04  3.88130429617054684E+00
6.25898653381521904E-04  3.97229060606917939E+00
6.43668590735101587E-04  4.07064246887329517E+00
6.61997813006971964E-04  4.16565312315981284E+00
6.73330881739921615E-04  4.22784684486554774E+00
6.90347976986857418E-04  4.33014369699150681E+00
6.81951856852811770E-04  4.39648790996183791E+00
7.11769425558336733E-04  4.50865933225807503E+00
7.29954773504729341E-04  4.61812261293742754E+00
7.29929751439114746E-04  4.69583075413349071E+00
7.49852097507379628E-04  4.80452334654356505E+00
7.67180606455294305E-04  4.91442120125841608E+00
7.84024056625677265E-04  5.02281786075424108E+00
7.93241163242170300E-04  5.09907731495974659E+00
8.09344163803224926E-04  5.20610517405680806E+00
7.76701613081547310E-04  5.27915181592215088E+00
7.91946519474277149E-04  5.37690839358062966E+00
8.08576217830982722E-04  5.48815039115185854E+00
8.25190475795236169E-04  5.59794193519649053E+00
8.36120645404175291E-04  5.68959436952165287E+00
8.40347808111342894E-04  5.73831056461582278E+00
8.53642887554858002E-04  5.84015555524906382E+00
8.69958183937775379E-04  5.95247440981409870E+00
8.86134428402699610E-04  6.06386536354807948E+00
9.01508805167461325E-04  6.16878242015193745E+00
1.25157772223443418E-03  6.23899348915058738E+00
1.26487242103012591E-03  6.33525025719214430E+00
1.28498367274768152E-03  6.43694478288959449E+00
1.30723750335016509E-03  6.54860081304061037E+00
1.32598533373040118E-03  6.65006984752030927E+00
1.34848713277923270E-03  6.76206779903502841E+00
1.37197604530192433E-03  6.85838195927912153E+00
1.39101009152343296E-03  6.94118245206264461E+00
1.41065935663446055E-03  7.04289472544651929E+00
1.43234211246994337E-03  7.15071676720260996E+00
1.45085113717647652E-03  7.23554292303887703E+00
1.47196816914425257E-03  7.34038868159074198E+00
1.48621068176117677E-03  7.39227563643982410E+00
1.50488223002670962E-03  7.45592982387385739E+00
1.52588295080489629E-03  7.54686221051353989E+00
1.53839193631172006E-03  7.62994601934207672E+00
1.55815586016999305E-03  7.72850441780597652E+00
1.58028204502864370E-03  7.83770548899584174E+00
1.60130653870311558E-03  7.94171870684235515E+00
1.62281914289811994E-03  8.04783694879713174E+00
1.64365447716432718E-03  8.15209178019490999E+00
1.65958298291763676E-03  8.24301367641110438E+00
1.68128197256844133E-03  8.35100612271476095E+00
1.69907678751073728E-03  8.43917586790819918E+00
1.72188561785342905E-03  8.52897641472302226E+00
1.73322334665860361E-03  8.58627878280237411E+00
1.75436707326125292E-03  8.69190107509029986E+00
1.77367278975128586E-03  8.77525555332547214E+00
1.79439661600832765E-03  8.87948363800035700E+00
1.80944744375150998E-03  8.97484177304258957E+00
1.83056459620165816E-03  9.07514505649216829E+00
1.85110374919642386E-03  9.18079158478640167E+00
1.86161021978183713E-03  9.21419757182530752E+00
1.88274205101614570E-03  9.31956420568510957E+00
1.90413707596201270E-03  9.42571278689488778E+00
1.91324485967306768E-03  9.49629973274429950E+00
1.93312216144307983E-03  9.59060278168598579E+00
1.95384197297434475E-03  9.69295104822207776E+00
1.97236821373186332E-03  9.78890651477219897E+00
1.99416797281245887E-03  9.88735070774297498E+00
2.01379247362919742E-03  9.98508941156275931E+00
2.03619570072041981E-03  1.00791370086450947E+01
2.05226371241143445E-03  1.01626982674252666E+01
2.06971051429813814E-03  1.02422602963561200E+01
2.08513670609114564E-03  1.03304694462869442E+01
2.10364972812954057E-03  1.04260117089445572E+01
2.11959929121682605E-03  1.05023333117584166E+01
2.13808578643054142E-03  1.05826976121697225E+01
2.15659866190731674E-03  1.06705536653920490E+01
2.16909317540154526E-03  1.07526960946276962E+01
2.18376496579957393E-03  1.08355033152220273E+01
2.20245357529352944E-03  1.09242747602707642E+01
2.21990007757312188E-03  1.10063080101364275E+01
2.23696859935498772E-03  1.10896691560156597E+01
2.13938395370986360E-03  1.11600638642545018E+01
2.15336038183194930E-03  1.12336493753623827E+01
2.30694307735263915E-03  1.13012899980960757E+01
2.31545350391704988E-03  1.13539105835865737E+01
2.33725215370553458E-03  1.14492123388390770E+01
2.35607870346098364E-03  1.15409125179424752E+01
2.37458232341233085E-03  1.16153722056236788E+01
2.38635591439521856E-03  1.16747472652073938E+01
2.39574339743182886E-03  1.17348444451891343E+01
2.42008692455966245E-03  1.18258542750537163E+01
2.43586421191117159E-03  1.18892348775546637E+01
2.45603397482733760E-03  1.19718270822020418E+01
2.41410971992748200E-03  1.20400738437413182E+01
2.43258149270713210E-03  1.21346091912810738E+01
2.49365041476368784E-03  1.22235452853324098E+01
2.50847338487569880E-03  1.22894653798398270E+01
2.44388749405073831E-03  1.23741643716807737E+01
2.45855240616770854E-03  1.24544413204640136E+01
2.47032346553576485E-03  1.25375993829250110E+01
2.48591888095797686E-03  1.26294492661252242E+01
2.50384487955710366E-03  1.27034479564121323E+01
2.51717335104136106E-03  1.27804640709014201E+01
2.53592808008776998E-03  1.28776747421138431E+01
2.55528776680679281E-03  1.29748760124128069E+01
2.57274155507083773E-03  1.30668669398066548E+01
2.59205323996137280E-03  1.31582528950549698E+01
2.61214285374133329E-03  1.32562866993690989E+01
2.62294093743961534E-03  1.33371008128328068E+01
2.64224244845241317E-03  1.34356532277999943E+01
2.65293620822737008E-03  1.35055099659584510E+01
2.67216674779155059E-03  1.36038611162049463E+01
2.68701136072696349E-03  1.36899109294620231E+01
2.70580881934499818E-03  1.37833844819317317E+01
2.72386298653327355E-03  1.38735384475850285E+01
2.73900877220214795E-03  1.39619055873508700E+01
2.75605835751141460E-03  1.40512484852621444E+01
2.77552436880880741E-03  1.41451977119603303E+01
2.79037882107968736E-03  1.42355256269619641E+01
2.79641319747320682E-03  1.42740163597219905E+01
2.80494105554454729E-03  1.43618473590613238E+01
2.82780979206119715E-03  1.44501867914939854E+01
2.84685701179986442E-03  1.45476690505964559E+01
2.86583614691146181E-03  1.46451403227889863E+01
2.88405636996088644E-03  1.47390237221327354E+01
2.90301261595304330E-03  1.48364615218906053E+01
2.92067700083389762E-03  1.49281271734665122E+01
2.93973325910208997E-03  1.50255442125679064E+01
2.95853675144014654E-03  1.51218836846292817E+01
2.97756601772439580E-03  1.52192201313035032E+01
2.99637343773858809E-03  1.53155590886885093E+01
3.01535703686726074E-03  1.54127325201304100E+01
3.03644357260262092E-03  1.55066796799598734E+01
3.05050210025235727E-03  1.55832409665650058E+01
3.14257633147114329E-03  1.56600493595566999E+01
3.16203881079095634E-03  1.57571756542533485E+01
3.18152213494316298E-03  1.58543021884147457E+01
3.20095643274287195E-03  1.59509747300308895E+01
3.21359601037157208E-03  1.60178953549468304E+01
3.22875659812626092E-03  1.61074083136982473E+01
3.24657491451220458E-03  1.61972576521541818E+01
3.26330864548413611E-03  1.62874807122498915E+01
3.28014142492421027E-03  1.63746868564457522E+01
3.29916024502335597E-03  1.64689610387311269E+01
3.35333531513987192E-03  1.65643425112848135E+01
3.37224068456462751E-03  1.66537227466050091E+01
3.39182487327644843E-03  1.67504499301915004E+01
3.41138881174178794E-03  1.68470807603174464E+01
3.43092654014464640E-03  1.69436065839207401E+01
3.44772558680168798E-03  1.70318375436886846E+01
3.46587984123742244E-03  1.71230483062294567E+01
3.48518256482090389E-03  1.72190276223365863E+01
3.50473946200785405E-03  1.73156655288226844E+01
3.52316245989108120E-03  1.74061963582302859E+01
3.54109597367724231E-03  1.74959998322383825E+01
3.56050739084810830E-03  1.75923000583471634E+01
3.57991362054150891E-03  1.76884348818265664E+01
3.59594051685355057E-03  1.77745646445369339E+01
3.61546997415250829E-03  1.78711020524718052E+01
3.66996873809946307E-03  1.79589755945316689E+01
3.68960009341814769E-03  1.80552800816519827E+01
3.81523646066200556E-03  1.81310896600028286E+01
3.77219129415312313E-03  1.82171916730549484E+01
3.79213206505341245E-03  1.83135119941875679E+01
3.80825674040070590E-03  1.84000241337370944E+01
3.82816396427274313E-03  1.84962173262848495E+01
3.84720379125385280E-03  1.85895367793460551E+01
3.86709500827710955E-03  1.86856546330443081E+01
3.88424206762856203E-03  1.87769244998144664E+01
3.90414621101874311E-03  1.88731621074005211E+01
4.01622071228590390E-03  1.87940593601293102E+01
4.03091474208760927E-03  1.88711101334648603E+01
4.05127243999299762E-03  1.89664115121473955E+01
4.07162802012110345E-03  1.90617036368287778E+01
4.07163341812332574E-03  1.90617123936508932E+01
4.09511097463639753E-03  1.91197627129352448E+01
4.11539226970581481E-03  1.92145447095007604E+01
4.13535869584591778E-03  1.93062284355983458E+01
4.15572178001450201E-03  1.94012971325569339E+01
4.17608438141952969E-03  1.94963624694924000E+01
4.19566243029310861E-03  1.95869395665553014E+01
4.21568730792232140E-03  1.96814387140604303E+01
4.23573844084163594E-03  1.97754812893178347E+01
4.25609123081274309E-03  1.98705178052475020E+01
4.27638959009054350E-03  1.99632205501469322E+01
4.29631030131161998E-03  2.00581108857292527E+01
4.31665841382699103E-03  2.01531330650041269E+01
4.33697646827865303E-03  2.02480654519598993E+01
4.35732943467258705E-03  2.03430941664760354E+01
4.37752689449275902E-03  2.04372006914182123E+01
4.39787652780952373E-03  2.05322207454352750E+01
4.41373863707615610E-03  2.06159898118211906E+01
4.43199396043824495E-03  2.07062726720880192E+01
4.46760074742713793E-03  2.07274104437902409E+01
4.48800304813732134E-03  2.08219804048390813E+01
4.50839412988757963E-03  2.09165965931147824E+01
4.52747293008549153E-03  2.10046200316079457E+01
4.54785761635202127E-03  2.10992072745455701E+01
4.56819904472305967E-03  2.11929455081364821E+01
4.58845493388503837E-03  2.12864439531492877E+01
4.60884316503799418E-03  2.13810140852819330E+01
4.61038276680106850E-03  2.12471046445642600E+01
4.62041032718149298E-03  2.13207480100384110E+01
4.64067402953187262E-03  2.14142548751555033E+01
4.66093674402669796E-03  2.15077515841156170E+01
4.68119457409628664E-03  2.16012475171594076E+01
4.70145477594527839E-03  2.16947432122678237E+01
4.72136261073128564E-03  2.17873099715556187E+01
4.74038979880826022E-03  2.18778978191595428E+01
4.76017098588972423E-03  2.19702647582255288E+01
4.78042544399615195E-03  2.20637439491944889E+01
4.80060826227364425E-03  2.21568472237545215E+01
4.82077705323283919E-03  2.22495041100384583E+01
4.83762870209957386E-03  2.23367280577827820E+01
4.85786807662485793E-03  2.24301795374688560E+01
4.86049732181611550E-03  2.24521978234812600E+01
4.83691304975412441E-03  2.24298287707709498E+01
4.85684506813793392E-03  2.25219712158525667E+01
4.87683115294294117E-03  2.26146542763533134E+01
4.89720950003539289E-03  2.26990808669651436E+01
4.91624128305796337E-03  2.27784810036466574E+01
4.93623593285919850E-03  2.28709808824235665E+01
4.95621949188640876E-03  2.29635724217846615E+01
4.97619435914299895E-03  2.30561636266271144E+01
