0.00000000000000000E+00  0.00000000000000000E+00
4.70600524362292343E-05  1.33507091990336479E+00
7.05356462171541706E-05  2.00106064598039302E+00
1.69589606577100010E-04  2.16464658882116368E+00
1.97340139249902195E-04  2.41184060768395003E+00
2.24641228091654294E-04  2.51033243336410283E+00
2.35859974841908497E-04  2.65254538678780127E+00
2.35744704199001708E-04  2.63995927435356537E+00
2.43059224279520416E-04  2.74918778828511723E+00
2.52423871088087776E-04  2.82482217256306889E+00
2.56393293895116464E-04  2.78708125606475132E+00
2.49081280160529496E-04  2.73309923482062089E+00
2.65566754404765069E-04  2.87264916978645690E+00
4.28505114116740178E-04  2.93899338196825965E+00
4.21914084002432735E-04  2.86483114312693665E+00
4.23975385114302582E-04  2.98640042232213965E+00
4.42477853366124657E-04  3.02435086564847166E+00
4.44166095959916949E-04  3.06151089220634187E+00
4.53045117044035878E-04  3.09043153441749485E+00
4.71336513575346680E-04  3.17682511161374137E+00
4.75099768408253787E-04  3.20547313016430335E+00
4.82009970253583463E-04  3.27667568798860698E+00
4.75461794323413136E-04  3.34302689738320336E+00
4.92999586527415544E-04  3.45566935012487830E+00
5.05794638451475230E-04  3.52849957213712173E+00
5.24725713782062944E-04  3.63534052265190244E+00
5.50354136657910868E-04  3.72629500027380534E+00
5.65845435090864420E-04  3.79904039124771264E+00
5.81486962469008229E-04  3.88130429617054684E+00
5.96248396648648999E-04  3.97229060606917939E+00
6.07864738883043569E-04  4.07064246887329517E+00
6.35238530449929958E-04  4.16565312315981284E+00
5.97123745384862742E-04  4.22784684486554774E+00
6.11596664761476501E-04  4.33014369699150681E+00
6.18921696274125736E-04  4.39648790996183791E+00
6.35303243651587335E-04  4.50865933225807503E+00
6.52108183555857347E-04  4.61812261293742754E+00
6.73863901027672526E-04  4.69583075413349071E+00
6.90866414994629856E-04  4.80452334654356505E+00
7.07187360745917151E-04  4.91442120125841608E+00
7.23242823935164587E-04  5.02281786075424108E+00
7.42276067534658793E-04  5.09907731495974659E+00
7.58521283261959743E-04  5.20610517405680806E+00
7.89435554637940833E-04  5.27915181592215088E+00
7.98933858225880813E-04  5.37690839358062966E+00
8.15232574118755294E-04  5.48815039115185854E+00
8.31526300393336257E-04  5.59794193519649053E+00
8.41550028152166841E-04  5.68959436952165287E+00
8.69404088399824298E-04  5.73831056461582278E+00
8.76761504230646593E-04  5.84015555524906382E+00
8.93924321678425367E-04  5.95247440981409870E+00
9.12426390451381874E-04  6.06386536354807948E+00
9.28512176750094747E-04  6.16878242015193745E+00
9.39459000888048226E-04  6.23899348915058738E+00
1.16317652477944465E-03  6.33525025719214430E+00
1.18211676581646686E-03  6.43694478288959449E+00
1.20289224885230172E-03  6.54860081304061037E+00
1.22187356922060083E-03  6.65006984752030927E+00
1.24270659999528273E-03  6.76206779903502841E+00
1.26052935294153779E-03  6.85838195927912153E+00
1.27677254109189418E-03  6.94118245206264461E+00
1.29526290509029041E-03  7.04289472544651929E+00
1.31530610754753232E-03  7.15071676720260996E+00
1.33167291190540286E-03  7.23554292303887703E+00
1.35061693833587646E-03  7.34038868159074198E+00
1.36024813261387571E-03  7.39227563643982410E+00
1.37211119730967302E-03  7.45592982387385739E+00
1.39158233908241594E-03  7.54686221051353989E+00
1.40666632343656030E-03  7.62994601934207672E+00
1.42516009854759518E-03  7.72850441780597652E+00
1.44550433665662230E-03  7.83770548899584174E+00
1.46479546759479607E-03  7.94171870684235515E+00
1.48456090200609937E-03  8.04783694879713174E+00
1.50399180548767665E-03  8.15209178019490999E+00
1.56463468109361149E-03  8.24301367641110438E+00
1.58512106210290148E-03  8.35100612271476095E+00
1.60239751007759147E-03  8.43917586790819918E+00
1.61908949266400615E-03  8.52897641472302226E+00
1.63158270199928869E-03  8.58627878280237411E+00
1.65162305005086608E-03  8.69190107509029986E+00
1.66780145913192454E-03  8.77525555332547214E+00
1.68762280287784944E-03  8.87948363800035700E+00
1.70635217957486513E-03  8.97484177304258957E+00
1.72508621750771672E-03  9.07514505649216829E+00
1.74502139746121631E-03  9.18079158478640167E+00
1.77510346850257407E-03  9.21419757182530752E+00
1.81251237035152100E-03  9.31956420568510957E+00
1.83341929221356951E-03  9.42571278689488778E+00
1.84705778838890628E-03  9.49629973274429950E+00
1.87650002225993686E-03  9.59060278168598579E+00
1.89709892070006898E-03  9.69295104822207776E+00
1.91646391440221365E-03  9.78890651477219897E+00
1.93624306542172753E-03  9.88735070774297498E+00
1.95667208697492857E-03  9.98508941156275931E+00
1.97548902069356446E-03  1.00791370086450947E+01
1.99265288763867884E-03  1.01626982674252666E+01
1.93545351923809453E-03  1.02422602963561200E+01
1.95246235774512765E-03  1.03304694462869442E+01
1.97084847077104225E-03  1.04260117089445572E+01
1.98553371417443340E-03  1.05023333117584166E+01
2.02644491074527745E-03  1.05826976121697225E+01
2.04385470794274989E-03  1.06705536653920490E+01
2.06026485398501293E-03  1.07526960946276962E+01
2.08123298139183382E-03  1.08355033152220273E+01
2.09854636412538627E-03  1.09242747602707642E+01
2.11211534991296397E-03  1.10063080101364275E+01
2.12834640735723229E-03  1.10896691560156597E+01
2.14200948535950980E-03  1.11600638642545018E+01
2.15643416933089787E-03  1.12336493753623827E+01
2.16974088956278528E-03  1.13012899980960757E+01
2.18012730122132091E-03  1.13539105835865737E+01
2.19866169397948475E-03  1.14492123388390770E+01
2.21652737249160552E-03  1.15409125179424752E+01
2.23117394745345633E-03  1.16153722056236788E+01
2.24274223013631868E-03  1.16747472652073938E+01
2.25457750740999663E-03  1.17348444451891343E+01
2.27230355250824384E-03  1.18258542750537163E+01
2.28449304619203573E-03  1.18892348775546637E+01
2.30064391925152104E-03  1.19718270822020418E+01
2.31256118343763041E-03  1.20400738437413182E+01
2.33097361518592961E-03  1.21346091912810738E+01
2.34830041393858675E-03  1.22235452853324098E+01
2.33122977553160441E-03  1.22894653798398270E+01
2.34704334886663007E-03  1.23741643716807737E+01
2.36197561955557231E-03  1.24544413204640136E+01
2.37736226187229430E-03  1.25375993829250110E+01
2.39463623517079853E-03  1.26294492661252242E+01
2.29209309756897746E-03  1.27034479564121323E+01
2.30562378942212980E-03  1.27804640709014201E+01
2.32335870261255384E-03  1.28776747421138431E+01
2.34108116408288016E-03  1.29748760124128069E+01
2.35773899528035277E-03  1.30668669398066548E+01
2.37408077464110537E-03  1.31582528950549698E+01
2.39183347407190532E-03  1.32562866993690989E+01
2.40634325860221562E-03  1.33371008128328068E+01
2.42424744849539190E-03  1.34356532277999943E+01
2.43684408649443322E-03  1.35055099659584510E+01
2.45467739657204620E-03  1.36038611162049463E+01
2.46949569152302801E-03  1.36899109294620231E+01
2.48757747190946369E-03  1.37833844819317317E+01
2.50393540903515264E-03  1.38735384475850285E+01
2.51998216876551549E-03  1.39619055873508700E+01
2.53540189946979558E-03  1.40512484852621444E+01
2.55243495300192273E-03  1.41451977119603303E+01
2.56832405261457229E-03  1.42355256269619641E+01
2.57057749034675116E-03  1.42740163597219905E+01
2.59848990732821803E-03  1.43618473590613238E+01
2.61763300320658632E-03  1.44501867914939854E+01
2.63553029674740494E-03  1.45476690505964559E+01
2.65333660690264712E-03  1.46451403227889863E+01
2.67056467320104856E-03  1.47390237221327354E+01
2.68836136338444992E-03  1.48364615218906053E+01
2.70502077381491344E-03  1.49281271734665122E+01
2.72281193966676530E-03  1.50255442125679064E+01
2.74040878021172959E-03  1.51218836846292817E+01
2.75817631421965094E-03  1.52192201313035032E+01
2.77577568948088934E-03  1.53155590886885093E+01
2.79354369747237445E-03  1.54127325201304100E+01
2.81123162633245939E-03  1.55066796799598734E+01
2.82629577684351263E-03  1.55832409665650058E+01
2.84177291620476462E-03  1.56600493595566999E+01
2.85943717266341681E-03  1.57571756542533485E+01
2.87710284332732278E-03  1.58543021884147457E+01
2.89466199152722033E-03  1.59509747300308895E+01
2.89640770679781313E-03  1.60178953549468304E+01
2.91216228949113271E-03  1.61074083136982473E+01
2.92848765455239321E-03  1.61972576521541818E+01
2.94565973345811477E-03  1.62874807122498915E+01
2.95819250945811166E-03  1.63746868564457522E+01
2.97546574665944656E-03  1.64689610387311269E+01
2.99295022336628887E-03  1.65643425112848135E+01
3.00811473201877773E-03  1.66537227466050091E+01
3.02549136218450716E-03  1.67504499301915004E+01
3.04291471191646314E-03  1.68470807603174464E+01
3.06028094682853731E-03  1.69436065839207401E+01
3.07603026370287941E-03  1.70318375436886846E+01
3.09241073042367410E-03  1.71230483062294567E+01
3.10963582960682239E-03  1.72190276223365863E+01
3.12702922695340998E-03  1.73156655288226844E+01
3.14470573670891720E-03  1.74061963582302859E+01
3.16178846633350481E-03  1.74959998322383825E+01
3.17908442493446087E-03  1.75923000583471634E+01
3.19647320101149567E-03  1.76884348818265664E+01
3.20789938085464747E-03  1.77745646445369339E+01
3.22524837558610042E-03  1.78711020524718052E+01
3.24144126277649183E-03  1.79589755945316689E+01
3.25875167200786802E-03  1.80552800816519827E+01
3.27236798100844287E-03  1.81310896600028286E+01
3.28791403231036431E-03  1.82171916730549484E+01
3.30524185109370289E-03  1.83135119941875679E+01
3.32070808191849360E-03  1.84000241337370944E+01
3.33802982247064905E-03  1.84962173262848495E+01
3.35099431218777600E-03  1.85895367793460551E+01
3.36830003140795465E-03  1.86856546330443081E+01
3.38566976626841418E-03  1.87769244998144664E+01
3.40296564176026601E-03  1.88731621074005211E+01
3.39072908308033763E-03  1.87940593601293102E+01
3.40649177459506017E-03  1.88711101334648603E+01
3.42369451773951155E-03  1.89664115121473955E+01
3.44089516821942561E-03  1.90617036368287778E+01
3.44088880872068419E-03  1.90617123936508932E+01
3.45007962491477530E-03  1.91197627129352448E+01
3.46714332738207133E-03  1.92145447095007604E+01
3.48297675704246521E-03  1.93062284355983458E+01
3.50006701367697312E-03  1.94012971325569339E+01
3.51717567979537146E-03  1.94963624694924000E+01
3.53324303630201493E-03  1.95869395665553014E+01
3.55021139501362180E-03  1.96814387140604303E+01
3.60488849826255632E-03  1.97754812893178347E+01
3.62202203553252996E-03  1.98705178052475020E+01
3.64745184090996917E-03  1.99632205501469322E+01
3.66454754974627041E-03  2.00581108857292527E+01
3.68171876190446319E-03  2.01531330650041269E+01
3.69884523273910845E-03  2.02480654519598993E+01
3.71604737755063712E-03  2.03430941664760354E+01
3.73305781580432657E-03  2.04372006914182123E+01
3.75022909772641799E-03  2.05322207454352750E+01
3.92024348837459284E-03  2.06159898118211906E+01
3.93772060815457577E-03  2.07062726720880192E+01
3.93766846447683120E-03  2.07274104437902409E+01
3.95544798876901367E-03  2.08219804048390813E+01
3.97324307913353002E-03  2.09165965931147824E+01
3.98975104707334580E-03  2.10046200316079457E+01
4.00754197389082290E-03  2.10992072745455701E+01
4.02511054650019420E-03  2.11929455081364821E+01
4.04264868339654360E-03  2.12864439531492877E+01
4.06043341034299093E-03  2.13810140852819330E+01
4.02324550759368578E-03  2.12471046445642600E+01
4.03815114200929172E-03  2.13207480100384110E+01
4.05573890563106811E-03  2.14142548751555033E+01
4.07327467112771850E-03  2.15077515841156170E+01
4.09081256828604418E-03  2.16012475171594076E+01
4.10834901260546514E-03  2.16947432122678237E+01
4.12577868236013896E-03  2.17873099715556187E+01
4.14298563984167711E-03  2.18778978191595428E+01
4.16047221452201833E-03  2.19702647582255288E+01
4.17800664748169646E-03  2.20637439491944889E+01
4.19546610840757037E-03  2.21568472237545215E+01
4.21280492641057207E-03  2.22495041100384583E+01
4.23008127968286726E-03  2.23367280577827820E+01
4.24761456941087114E-03  2.24301795374688560E+01
4.25254320606228715E-03  2.24521978234812600E+01
4.25627069042952642E-03  2.24298287707709498E+01
4.27372828403254582E-03  2.25219712158525667E+01
4.29131606938392470E-03  2.26146542763533134E+01
4.30623784609982137E-03  2.26990808669651436E+01
4.32032706263011951E-03  2.27784810036466574E+01
4.33785774687374479E-03  2.28709808824235665E+01
4.35541945008912149E-03  2.29635724217846615E+01
4.37298489651364534E-03  2.30561636266271144E+01
