0.00000000000000000E+00  0.00000000000000000E+00
4.70581187025084641E-05  1.33507091990336479E+00
7.05288123642416713E-05  2.00106064598039302E+00
7.63156230677616951E-05  2.16464658882116368E+00
8.52559397300387353E-05  2.41184060768395003E+00
8.87624525760043708E-05  2.51033243336410283E+00
9.36192897536792065E-05  2.65254538678780127E+00
9.32322769315904569E-05  2.63995927435356537E+00
9.69357564483322020E-05  2.74918778828511723E+00
9.96113137057730069E-05  2.82482217256306889E+00
9.82469181376272401E-05  2.78708125606475132E+00
9.63111295647017882E-05  2.73309923482062089E+00
1.01180069309263817E-04  2.87264916978645690E+00
1.03436218153831605E-04  2.93899338196825965E+00
1.19756644830311675E-04  2.86483114312693665E+00
1.25721281663276061E-04  2.98640042232213965E+00
1.40150598764130960E-04  3.02435086564847166E+00
1.42546352205753698E-04  3.06151089220634187E+00
1.44437078700514502E-04  3.09043153441749485E+00
1.48751362797782917E-04  3.17682511161374137E+00
1.51366695034194695E-04  3.20547313016430335E+00
4.19165462978229582E-04  3.27667568798860698E+00
4.20819705934543037E-04  3.34302689738320336E+00
4.38548949377668416E-04  3.45566935012487830E+00
4.59043841284290132E-04  3.52849957213712173E+00
4.75870027295113905E-04  3.63534052265190244E+00
4.97465798304033008E-04  3.72629500027380534E+00
4.99878302344638841E-04  3.79904039124771264E+00
5.14763017139293678E-04  3.88130429617054684E+00
5.63794035070839194E-04  3.97229060606917939E+00
5.78116790444763076E-04  4.07064246887329517E+00
5.91562640757268437E-04  4.16565312315981284E+00
6.13277739803379761E-04  4.22784684486554774E+00
6.31022298908970455E-04  4.33014369699150681E+00
6.50984375106615867E-04  4.39648790996183791E+00
6.69407420147586003E-04  4.50865933225807503E+00
6.88567446353483860E-04  4.61812261293742754E+00
1.00254760135723149E-03  4.69583075413349071E+00
1.02746862873553751E-03  4.80452334654356505E+00
1.05350127292495876E-03  4.91442120125841608E+00
1.08385431499999959E-03  5.02281786075424108E+00
1.10815493208945236E-03  5.09907731495974659E+00
1.13500728339693368E-03  5.20610517405680806E+00
1.16494648245649601E-03  5.27915181592215088E+00
1.18569660096633916E-03  5.37690839358062966E+00
1.21208050977673811E-03  5.48815039115185854E+00
1.23779420158101031E-03  5.59794193519649053E+00
1.26289881994935465E-03  5.68959436952165287E+00
1.28219545467608310E-03  5.73831056461582278E+00
1.30740337116736546E-03  5.84015555524906382E+00
1.33356724808241021E-03  5.95247440981409870E+00
1.35981449951985927E-03  6.06386536354807948E+00
1.38412110538646571E-03  6.16878242015193745E+00
1.37406998996487191E-03  6.23899348915058738E+00
1.39847077301914042E-03  6.33525025719214430E+00
1.42226679681763677E-03  6.43694478288959449E+00
1.44776086312573514E-03  6.54860081304061037E+00
1.47235837124446746E-03  6.65006984752030927E+00
1.49796256855137594E-03  6.76206779903502841E+00
1.51857196058053420E-03  6.85838195927912153E+00
1.53633541693895363E-03  6.94118245206264461E+00
1.55996900745113761E-03  7.04289472544651929E+00
1.58464008517881800E-03  7.15071676720260996E+00
1.60073962061071441E-03  7.23554292303887703E+00
1.62465839734987389E-03  7.34038868159074198E+00
1.63499797066853298E-03  7.39227563643982410E+00
1.64719022654768749E-03  7.45592982387385739E+00
1.66600942585337164E-03  7.54686221051353989E+00
1.68617179792488110E-03  7.62994601934207672E+00
1.70834181768519553E-03  7.72850441780597652E+00
1.73289126794868588E-03  7.83770548899584174E+00
1.75636746451071136E-03  7.94171870684235515E+00
1.78025817271105515E-03  8.04783694879713174E+00
1.80381291904625936E-03  8.15209178019490999E+00
1.82513332472904318E-03  8.24301367641110438E+00
1.84940452785167732E-03  8.35100612271476095E+00
1.86900942965565571E-03  8.43917586790819918E+00
1.88813899460332562E-03  8.52897641472302226E+00
1.90075114616945567E-03  8.58627878280237411E+00
1.92435519852193434E-03  8.69190107509029986E+00
1.94200639412826933E-03  8.77525555332547214E+00
1.97365508341668973E-03  8.87948363800035700E+00
2.01196515585791045E-03  8.97484177304258957E+00
2.03416557405665128E-03  9.07514505649216829E+00
2.05852704852772404E-03  9.18079158478640167E+00
2.06353261574361221E-03  9.21419757182530752E+00
2.08747748281727912E-03  9.31956420568510957E+00
2.11155308059654372E-03  9.42571278689488778E+00
2.12416523468380181E-03  9.49629973274429950E+00
2.14486473166783332E-03  9.59060278168598579E+00
2.16784405366684477E-03  9.69295104822207776E+00
2.19007404189879799E-03  9.78890651477219897E+00
2.21085924333881646E-03  9.88735070774297498E+00
2.23291081162652148E-03  9.98508941156275931E+00
2.25150431259363596E-03  1.00791370086450947E+01
2.27118991482473057E-03  1.01626982674252666E+01
2.28749947606507074E-03  1.02422602963561200E+01
2.09204139617181215E-03  1.03304694462869442E+01
2.11186278399757774E-03  1.04260117089445572E+01
2.14242700604113387E-03  1.05023333117584166E+01
2.15655134850740744E-03  1.05826976121697225E+01
2.17389260256454445E-03  1.06705536653920490E+01
2.20317565151042323E-03  1.07526960946276962E+01
2.22164716624509775E-03  1.08355033152220273E+01
2.23916024199227954E-03  1.09242747602707642E+01
2.25521869459975079E-03  1.10063080101364275E+01
2.27218757228093591E-03  1.10896691560156597E+01
2.28700718825251836E-03  1.11600638642545018E+01
2.30219447332741809E-03  1.12336493753623827E+01
2.28923916365440664E-03  1.13012899980960757E+01
2.42232059612473892E-03  1.13539105835865737E+01
2.44104531527968233E-03  1.14492123388390770E+01
2.46069363295445568E-03  1.15409125179424752E+01
2.47511904439215143E-03  1.16153722056236788E+01
2.48828139223894376E-03  1.16747472652073938E+01
2.50388206809614355E-03  1.17348444451891343E+01
2.52333597962634036E-03  1.18258542750537163E+01
2.53439499613189456E-03  1.18892348775546637E+01
2.55055705413062637E-03  1.19718270822020418E+01
2.56305215192532011E-03  1.20400738437413182E+01
2.58344738677585657E-03  1.21346091912810738E+01
2.60225207888059888E-03  1.22235452853324098E+01
2.61442897562950060E-03  1.22894653798398270E+01
2.63237446190050161E-03  1.23741643716807737E+01
2.65121848089184663E-03  1.24544413204640136E+01
2.67032358888916188E-03  1.25375993829250110E+01
2.69196832144630045E-03  1.26294492661252242E+01
3.01782398111561821E-03  1.27034479564121323E+01
3.04279390847459049E-03  1.27804640709014201E+01
3.06673343058003331E-03  1.28776747421138431E+01
3.13097103543857544E-03  1.29748760124128069E+01
3.15517569984347709E-03  1.30668669398066548E+01
3.17285163637146504E-03  1.31582528950549698E+01
3.19669096010820547E-03  1.32562866993690989E+01
3.23236785509703126E-03  1.33371008128328068E+01
3.25626066068155110E-03  1.34356532277999943E+01
3.28326169233641562E-03  1.35055099659584510E+01
3.30717526898716748E-03  1.36038611162049463E+01
3.33563128976013118E-03  1.36899109294620231E+01
3.35470496444532137E-03  1.37833844819317317E+01
3.37544665851309674E-03  1.38735384475850285E+01
3.40448983292971578E-03  1.39619055873508700E+01
3.42851300649911483E-03  1.40512484852621444E+01
3.45302215418799791E-03  1.41451977119603303E+01
3.45013136145909611E-03  1.42355256269619641E+01
3.46640307885787971E-03  1.42740163597219905E+01
3.50158715817388937E-03  1.43618473590613238E+01
3.51425278082449300E-03  1.44501867914939854E+01
3.53797027924922973E-03  1.45476690505964559E+01
3.56167272599846848E-03  1.46451403227889863E+01
3.58453362355127701E-03  1.47390237221327354E+01
3.60811002842461540E-03  1.48364615218906053E+01
3.63051685947628558E-03  1.49281271734665122E+01
3.65410682866832174E-03  1.50255442125679064E+01
3.67754305597283587E-03  1.51218836846292817E+01
3.70115687932037665E-03  1.52192201313035032E+01
3.72452990707549140E-03  1.53155590886885093E+01
3.74805906734949857E-03  1.54127325201304100E+01
3.75794579141025282E-03  1.55066796799598734E+01
3.77795985344148199E-03  1.55832409665650058E+01
3.79672973801380544E-03  1.56600493595566999E+01
3.82031844227920291E-03  1.57571756542533485E+01
3.84390937365338510E-03  1.58543021884147457E+01
3.86729648788957129E-03  1.59509747300308895E+01
3.88710933210264760E-03  1.60178953549468304E+01
3.91699351007091141E-03  1.61074083136982473E+01
3.93717220290298962E-03  1.61972576521541818E+01
3.98362487332480208E-03  1.62874807122498915E+01
4.00857118094709221E-03  1.63746868564457522E+01
4.03126863254734888E-03  1.64689610387311269E+01
4.05376994681024266E-03  1.65643425112848135E+01
4.07395094181884146E-03  1.66537227466050091E+01
4.09764527310627936E-03  1.67504499301915004E+01
4.12132455998598032E-03  1.68470807603174464E+01
4.14497541839627809E-03  1.69436065839207401E+01
4.16971985074982617E-03  1.70318375436886846E+01
4.19295065805835258E-03  1.71230483062294567E+01
4.21684110568317037E-03  1.72190276223365863E+01
4.24052458565691171E-03  1.73156655288226844E+01
4.26169224462109083E-03  1.74061963582302859E+01
4.28389479159016571E-03  1.74959998322383825E+01
4.30771966274992851E-03  1.75923000583471634E+01
4.33137274659844539E-03  1.76884348818265664E+01
4.35876686052065736E-03  1.77745646445369339E+01
4.38243760236461596E-03  1.78711020524718052E+01
4.39960304532470686E-03  1.79589755945316689E+01
4.42331690444611181E-03  1.80552800816519827E+01
4.44214288734078207E-03  1.81310896600028286E+01
4.45812461395198988E-03  1.82171916730549484E+01
4.48171366232839440E-03  1.83135119941875679E+01
4.50613354083622200E-03  1.84000241337370944E+01
4.52970184145856918E-03  1.84962173262848495E+01
4.55346116089934590E-03  1.85895367793460551E+01
4.57699975688207784E-03  1.86856546330443081E+01
4.60276241053024244E-03  1.87769244998144664E+01
4.62637436671492399E-03  1.88731621074005211E+01
4.62391628289264122E-03  1.87940593601293102E+01
4.64499774868165714E-03  1.88711101334648603E+01
4.66845410719738969E-03  1.89664115121473955E+01
4.69190864170933308E-03  1.90617036368287778E+01
4.69190596526228559E-03  1.90617123936508932E+01
4.68975447674809150E-03  1.91197627129352448E+01
4.71303497851532308E-03  1.92145447095007604E+01
4.73538783408425541E-03  1.93062284355983458E+01
4.75870672877710000E-03  1.94012971325569339E+01
4.78202432031691986E-03  1.94963624694924000E+01
4.80410189788388862E-03  1.95869395665553014E+01
4.82760920349538120E-03  1.96814387140604303E+01
4.85088689088796540E-03  1.97754812893178347E+01
4.87422797836001374E-03  1.98705178052475020E+01
4.89682913753804617E-03  1.99632205501469322E+01
4.92079872691693343E-03  2.00581108857292527E+01
4.94415785608101274E-03  2.01531330650041269E+01
4.96749568282373391E-03  2.02480654519598993E+01
4.99081742745697502E-03  2.03430941664760354E+01
5.01387455775938965E-03  2.04372006914182123E+01
5.03721373802979312E-03  2.05322207454352750E+01
5.06281276293808844E-03  2.06159898118211906E+01
5.08645931548573974E-03  2.07062726720880192E+01
5.07974312202969479E-03  2.07274104437902409E+01
5.10291776577715978E-03  2.08219804048390813E+01
5.12613144899479959E-03  2.09165965931147824E+01
5.14758571138928048E-03  2.10046200316079457E+01
5.17079250220472703E-03  2.10992072745455701E+01
5.19108057661577752E-03  2.11929455081364821E+01
5.21259444114465387E-03  2.12864439531492877E+01
5.23577049846411704E-03  2.13810140852819330E+01
5.15377372130289193E-03  2.12471046445642600E+01
5.18387483146623765E-03  2.13207480100384110E+01
5.20661011004011718E-03  2.14142548751555033E+01
5.22936245312775362E-03  2.15077515841156170E+01
5.25210176053147147E-03  2.16012475171594076E+01
5.27483644910769871E-03  2.16947432122678237E+01
5.29762953642742666E-03  2.17873099715556187E+01
5.32080373079744148E-03  2.18778978191595428E+01
5.34370510122544797E-03  2.19702647582255288E+01
5.36643990743982443E-03  2.20637439491944889E+01
5.38906482552978933E-03  2.21568472237545215E+01
5.41199487027511222E-03  2.22495041100384583E+01
5.43706500310526218E-03  2.23367280577827820E+01
5.45981255251308788E-03  2.24301795374688560E+01
5.46919962108836921E-03  2.24521978234812600E+01
5.49017485695518000E-03  2.24298287707709498E+01
5.51264636211799830E-03  2.25219712158525667E+01
5.53533341757939026E-03  2.26146542763533134E+01
5.55310707822820934E-03  2.26990808669651436E+01
5.72584088667278234E-03  2.27784810036466574E+01
5.74904762969555803E-03  2.28709808824235665E+01
5.77232288949302251E-03  2.29635724217846615E+01
5.79561076212729495E-03  2.30561636266271144E+01
