0.00000000000000000E+00  0.00000000000000000E+00
4.70577537290274884E-05  1.33507091990336479E+00
7.05290630149041554E-05  2.00106064598039302E+00
7.63162233059824487E-05  2.16464658882116368E+00
8.51836268657769934E-05  2.41184060768395003E+00
8.86181006207387080E-05  2.51033243336410283E+00
9.35615398968310665E-05  2.65254538678780127E+00
9.32229241396341306E-05  2.63995927435356537E+00
9.95426202014836249E-05  2.74918778828511723E+00
1.02297464339554152E-04  2.82482217256306889E+00
1.00847944646533189E-04  2.78708125606475132E+00
4.14794660187011626E-04  2.73309923482062089E+00
4.28021519896796079E-04  2.87264916978645690E+00
4.33993285254977601E-04  2.93899338196825965E+00
4.16003834290120951E-04  2.86483114312693665E+00
4.35913987117657700E-04  2.98640042232213965E+00
6.25999175482343847E-04  3.02435086564847166E+00
6.27432998538370078E-04  3.06151089220634187E+00
6.26514867902020541E-04  3.09043153441749485E+00
6.52196183920355902E-04  3.17682511161374137E+00
6.43501671562595563E-04  3.20547313016430335E+00
6.55088968149666949E-04  3.27667568798860698E+00
6.66571396586513438E-04  3.34302689738320336E+00
6.96070684984538297E-04  3.45566935012487830E+00
7.72520687306175471E-04  3.52849957213712173E+00
7.98167200049069232E-04  3.63534052265190244E+00
8.29044308269652019E-04  3.72629500027380534E+00
8.38424583190587993E-04  3.79904039124771264E+00
8.59892134292018382E-04  3.88130429617054684E+00
8.82464735935425786E-04  3.97229060606917939E+00
9.09655493699142322E-04  4.07064246887329517E+00
9.37532633304878952E-04  4.16565312315981284E+00
9.60375005187340215E-04  4.22784684486554774E+00
9.88323649890885400E-04  4.33014369699150681E+00
1.01457412360162380E-03  4.39648790996183791E+00
1.04348789567769527E-03  4.50865933225807503E+00
1.07345130261395907E-03  4.61812261293742754E+00
1.11348595858158260E-03  4.69583075413349071E+00
1.14239921746008672E-03  4.80452334654356505E+00
1.17298433617230046E-03  4.91442120125841608E+00
1.20068144569901317E-03  5.02281786075424108E+00
1.22391799227777854E-03  5.09907731495974659E+00
1.25227917146583157E-03  5.20610517405680806E+00
1.28117761980487527E-03  5.27915181592215088E+00
1.30510591692930525E-03  5.37690839358062966E+00
1.33133323670355549E-03  5.48815039115185854E+00
1.37390533670968241E-03  5.59794193519649053E+00
1.40370474859476796E-03  5.68959436952165287E+00
1.39831520415520751E-03  5.73831056461582278E+00
1.42859388500933722E-03  5.84015555524906382E+00
1.45656296634570658E-03  5.95247440981409870E+00
1.48380501203256888E-03  6.06386536354807948E+00
1.50942821629315260E-03  6.16878242015193745E+00
1.52985834188416273E-03  6.23899348915058738E+00
1.55981152693022355E-03  6.33525025719214430E+00
1.58547414797285827E-03  6.43694478288959449E+00
1.61304091947474812E-03  6.54860081304061037E+00
1.67223297457363474E-03  6.65006984752030927E+00
1.70015453755748545E-03  6.76206779903502841E+00
1.71726613754640488E-03  6.85838195927912153E+00
1.72996897156324080E-03  6.94118245206264461E+00
1.75575460961586017E-03  7.04289472544651929E+00
1.78322423304484810E-03  7.15071676720260996E+00
1.80465493417098963E-03  7.23554292303887703E+00
1.83089367758990269E-03  7.34038868159074198E+00
1.83821195632834222E-03  7.39227563643982410E+00
1.84519877209616146E-03  7.45592982387385739E+00
1.86710716227391090E-03  7.54686221051353989E+00
1.89379002452834009E-03  7.62994601934207672E+00
1.91936384782433753E-03  7.72850441780597652E+00
1.94690088968675905E-03  7.83770548899584174E+00
1.97275368482485421E-03  7.94171870684235515E+00
1.99964419443424135E-03  8.04783694879713174E+00
2.02622953750795009E-03  8.15209178019490999E+00
2.05305499083017996E-03  8.24301367641110438E+00
2.08040272444975265E-03  8.35100612271476095E+00
2.10311800149524681E-03  8.43917586790819918E+00
2.12315509642839635E-03  8.52897641472302226E+00
2.13916679718804438E-03  8.58627878280237411E+00
2.16589373628842206E-03  8.69190107509029986E+00
2.18126702709594590E-03  8.77525555332547214E+00
2.20790090937797836E-03  8.87948363800035700E+00
2.23917710365847001E-03  8.97484177304258957E+00
2.26291794022159517E-03  9.07514505649216829E+00
2.29075140346192635E-03  9.18079158478640167E+00
2.29214161045974583E-03  9.21419757182530752E+00
2.31856569990814736E-03  9.31956420568510957E+00
2.34533834708288607E-03  9.42571278689488778E+00
2.35668736573973895E-03  9.49629973274429950E+00
2.37839689603865480E-03  9.59060278168598579E+00
2.40447520272332347E-03  9.69295104822207776E+00
2.42977158781344836E-03  9.78890651477219897E+00
2.39163430327513820E-03  9.88735070774297498E+00
2.41585661362378207E-03  9.98508941156275931E+00
2.38538471153397057E-03  1.00791370086450947E+01
2.40559791604916988E-03  1.01626982674252666E+01
2.42420789071028661E-03  1.02422602963561200E+01
2.44712540351915697E-03  1.03304694462869442E+01
2.47063609041869121E-03  1.04260117089445572E+01
2.48932705079717631E-03  1.05023333117584166E+01
2.50610793563942839E-03  1.05826976121697225E+01
2.52556062946777439E-03  1.06705536653920490E+01
2.54836573405671767E-03  1.07526960946276962E+01
2.58591139825420412E-03  1.08355033152220273E+01
2.60597254918509781E-03  1.09242747602707642E+01
2.62421642957527419E-03  1.10063080101364275E+01
2.99208547530324968E-03  1.10896691560156597E+01
3.01207875530330391E-03  1.11600638642545018E+01
3.03203187879059078E-03  1.12336493753623827E+01
3.05456095696369535E-03  1.13012899980960757E+01
3.15496567016248369E-03  1.13539105835865737E+01
3.17830153392098091E-03  1.14492123388390770E+01
3.20387457652965843E-03  1.15409125179424752E+01
3.22041527014334337E-03  1.16153722056236788E+01
3.23929627203672389E-03  1.16747472652073938E+01
3.25932302823931297E-03  1.17348444451891343E+01
3.28385894503805016E-03  1.18258542750537163E+01
3.29861977514093021E-03  1.18892348775546637E+01
3.31954444943743238E-03  1.19718270822020418E+01
3.33546353969779155E-03  1.20400738437413182E+01
3.36257793344018133E-03  1.21346091912810738E+01
3.38712072332653233E-03  1.22235452853324098E+01
3.40503891735262701E-03  1.22894653798398270E+01
3.55303628362906194E-03  1.23741643716807737E+01
3.57772609073029940E-03  1.24544413204640136E+01
3.60346032912178208E-03  1.25375993829250110E+01
3.63363561655512084E-03  1.26294492661252242E+01
3.64991629613083081E-03  1.27034479564121323E+01
3.67439082513905521E-03  1.27804640709014201E+01
3.70295691962874976E-03  1.28776747421138431E+01
3.73068330696071969E-03  1.29748760124128069E+01
3.75803178825220028E-03  1.30668669398066548E+01
3.78239618950689839E-03  1.31582528950549698E+01
3.81075403203653658E-03  1.32562866993690989E+01
3.75302000629839164E-03  1.33371008128328068E+01
3.78091677563905390E-03  1.34356532277999943E+01
3.80481671854116486E-03  1.35055099659584510E+01
3.83268609325192492E-03  1.36038611162049463E+01
3.86390384783324731E-03  1.36899109294620231E+01
3.88987686127921723E-03  1.37833844819317317E+01
3.91479944424541915E-03  1.38735384475850285E+01
3.94293484665690121E-03  1.39619055873508700E+01
3.96821817594445077E-03  1.40512484852621444E+01
3.99577787186839069E-03  1.41451977119603303E+01
4.02555921513329633E-03  1.42355256269619641E+01
4.03515776369210016E-03  1.42740163597219905E+01
4.07477701392506848E-03  1.43618473590613238E+01
4.09344188981892055E-03  1.44501867914939854E+01
4.12110142641293909E-03  1.45476690505964559E+01
4.14875316557117204E-03  1.46451403227889863E+01
4.17549778397245143E-03  1.47390237221327354E+01
4.20313809422428152E-03  1.48364615218906053E+01
4.22918792024109050E-03  1.49281271734665122E+01
4.25683024820185975E-03  1.50255442125679064E+01
4.28247262675493512E-03  1.51218836846292817E+01
4.31009218266605390E-03  1.52192201313035032E+01
4.33744108598056819E-03  1.53155590886885093E+01
4.36585144558836874E-03  1.54127325201304100E+01
4.38872197157756053E-03  1.55066796799598734E+01
4.41261767824104641E-03  1.55832409665650058E+01
4.43621955400729396E-03  1.56600493595566999E+01
4.46378069638214692E-03  1.57571756542533485E+01
4.49134380424323371E-03  1.58543021884147457E+01
4.51869679124867595E-03  1.59509747300308895E+01
4.54932789207606204E-03  1.60178953549468304E+01
4.57889125416147385E-03  1.61074083136982473E+01
4.60517400068440486E-03  1.61972576521541818E+01
4.63327132382369833E-03  1.62874807122498915E+01
4.65767981361931999E-03  1.63746868564457522E+01
4.68419426212448968E-03  1.64689610387311269E+01
4.71089388481814482E-03  1.65643425112848135E+01
4.73455484098244013E-03  1.66537227466050091E+01
4.76205761924852495E-03  1.67504499301915004E+01
4.78953426010513949E-03  1.68470807603174464E+01
4.81699821273748937E-03  1.69436065839207401E+01
4.84371521180045669E-03  1.70318375436886846E+01
4.90726815228190606E-03  1.71230483062294567E+01
4.93496191409866641E-03  1.72190276223365863E+01
4.96266331396220863E-03  1.73156655288226844E+01
4.98902400642433491E-03  1.74061963582302859E+01
5.01555039242887295E-03  1.74959998322383825E+01
5.04328066351272461E-03  1.75923000583471634E+01
5.07095528442157856E-03  1.76884348818265664E+01
5.09615760306001472E-03  1.77745646445369339E+01
5.12383823608197463E-03  1.78711020524718052E+01
5.14681016080942300E-03  1.79589755945316689E+01
5.17447906456880609E-03  1.80552800816519827E+01
5.19631977384497554E-03  1.81310896600028286E+01
5.21811502324083000E-03  1.82171916730549484E+01
5.24570850524574018E-03  1.83135119941875679E+01
5.27913302355644595E-03  1.84000241337370944E+01
5.30673284065727273E-03  1.84962173262848495E+01
5.33347524653515065E-03  1.85895367793460551E+01
5.36106492025564731E-03  1.86856546330443081E+01
5.38918745376096731E-03  1.87769244998144664E+01
5.41681274276382269E-03  1.88731621074005211E+01
5.43851034848795087E-03  1.87940593601293102E+01
5.46951992293351862E-03  1.88711101334648603E+01
5.49713998687517084E-03  1.89664115121473955E+01
5.52475728596321745E-03  1.90617036368287778E+01
5.52475426181616835E-03  1.90617123936508932E+01
5.52676026178131486E-03  1.91197627129352448E+01
5.55418185397072751E-03  1.92145447095007604E+01
5.57984897758124002E-03  1.93062284355983458E+01
5.60732615851591322E-03  1.94012971325569339E+01
5.63480222185724390E-03  1.94963624694924000E+01
5.66060846173831265E-03  1.95869395665553014E+01
5.68817215617336853E-03  1.96814387140604303E+01
5.71538982767318127E-03  1.97754812893178347E+01
5.74286036772149282E-03  1.98705178052475020E+01
5.76928166920914580E-03  1.99632205501469322E+01
5.79720249932778962E-03  2.00581108857292527E+01
5.82467157591663471E-03  2.01531330650041269E+01
5.85279211288655156E-03  2.02480654519598993E+01
5.88026215500643892E-03  2.03430941664760354E+01
5.90742415941138393E-03  2.04372006914182123E+01
5.93489347709325304E-03  2.05322207454352750E+01
5.95971360609044709E-03  2.06159898118211906E+01
6.14243269728831625E-03  2.07062726720880192E+01
6.13800003750483020E-03  2.07274104437902409E+01
6.16598288551930933E-03  2.08219804048390813E+01
6.19400457943254310E-03  2.09165965931147824E+01
6.21994483861407384E-03  2.10046200316079457E+01
6.24795814733438305E-03  2.10992072745455701E+01
6.27555407874353429E-03  2.11929455081364821E+01
6.30311920846864365E-03  2.12864439531492877E+01
6.33111885860204032E-03  2.13810140852819330E+01
6.25652942005698685E-03  2.12471046445642600E+01
6.28454908992655617E-03  2.13207480100384110E+01
6.31211152715555057E-03  2.14142548751555033E+01
6.33966954133375216E-03  2.15077515841156170E+01
6.36723288358752998E-03  2.16012475171594076E+01
6.39479329983079926E-03  2.16947432122678237E+01
6.42225788094613007E-03  2.17873099715556187E+01
6.44967902838517685E-03  2.18778978191595428E+01
6.47718292702825250E-03  2.19702647582255288E+01
6.50474106478674766E-03  2.20637439491944889E+01
6.53217682076384556E-03  2.21568472237545215E+01
6.44311785424048645E-03  2.22495041100384583E+01
6.68108586182348911E-03  2.23367280577827820E+01
6.65403314365252407E-03  2.24301795374688560E+01
6.98371905429148645E-03  2.24521978234812600E+01
6.98844615148371071E-03  2.24298287707709498E+01
7.05115887209731458E-03  2.25219712158525667E+01
7.04033834017965890E-03  2.26146542763533134E+01
7.10743801986364696E-03  2.26990808669651436E+01
7.16463977060512267E-03  2.27784810036466574E+01
7.16565321452446429E-03  2.28709808824235665E+01
7.17358047224088153E-03  2.29635724217846615E+01
7.22363275621359935E-03  2.30561636266271144E+01
