0.00000000000000000E+00  0.00000000000000000E+00
4.70700721603288410E-05  1.33507091990336479E+00
7.05503263858435167E-05  2.00106064598039302E+00
2.45785389047395637E-04  2.16464658882116368E+00
2.74867871365356913E-04  2.41184060768395003E+00
2.69764454207120728E-04  2.51033243336410283E+00
3.25333689999717705E-04  2.65254538678780127E+00
3.25905887929727660E-04  2.63995927435356537E+00
3.48482497747188628E-04  2.74918778828511723E+00
3.55473163436550402E-04  2.82482217256306889E+00
3.48955370931615090E-04  2.78708125606475132E+00
3.41756800732708843E-04  2.73309923482062089E+00
3.53758853609494148E-04  2.87264916978645690E+00
3.72544164485519107E-04  2.93899338196825965E+00
3.59578632028462273E-04  2.86483114312693665E+00
3.94158526858692879E-04  2.98640042232213965E+00
3.92157094227457942E-04  3.02435086564847166E+00
3.99785354106994752E-04  3.06151089220634187E+00
4.00503521637603796E-04  3.09043153441749485E+00
4.11599166828334798E-04  3.17682511161374137E+00
4.16199903313601671E-04  3.20547313016430335E+00
4.30309164442856064E-04  3.27667568798860698E+00
5.49102732281633648E-04  3.34302689738320336E+00
5.70762115965090227E-04  3.45566935012487830E+00
5.94476491761108971E-04  3.52849957213712173E+00
6.13246905481788849E-04  3.63534052265190244E+00
6.28768141122767695E-04  3.72629500027380534E+00
6.38433609445194605E-04  3.79904039124771264E+00
6.20129124100267251E-04  3.88130429617054684E+00
6.35943551422691288E-04  3.97229060606917939E+00
6.57238389777357835E-04  4.07064246887329517E+00
6.74234337480593394E-04  4.16565312315981284E+00
6.82055011453716544E-04  4.22784684486554774E+00
7.00866839467937405E-04  4.33014369699150681E+00
7.15893218927312908E-04  4.39648790996183791E+00
7.43247199339098878E-04  4.50865933225807503E+00
7.63090295002799113E-04  4.61812261293742754E+00
7.74518272379537518E-04  4.69583075413349071E+00
7.93591610112243128E-04  4.80452334654356505E+00
8.19701454381904543E-04  4.91442120125841608E+00
8.41823143717712542E-04  5.02281786075424108E+00
8.52391213675061997E-04  5.09907731495974659E+00
8.71005727865849406E-04  5.20610517405680806E+00
8.83217581868359861E-04  5.27915181592215088E+00
1.03537383861050333E-03  5.37690839358062966E+00
1.05798420517426461E-03  5.48815039115185854E+00
1.08022903133250911E-03  5.59794193519649053E+00
1.09782366607026768E-03  5.68959436952165287E+00
1.11126474188093477E-03  5.73831056461582278E+00
1.13054728291998364E-03  5.84015555524906382E+00
1.15246161468370478E-03  5.95247440981409870E+00
1.17476050471628608E-03  6.06386536354807948E+00
1.19544178767989938E-03  6.16878242015193745E+00
1.20929078786731893E-03  6.23899348915058738E+00
1.22964505776253642E-03  6.33525025719214430E+00
1.24968538905186792E-03  6.43694478288959449E+00
1.27172199246326605E-03  6.54860081304061037E+00
1.29150894267251234E-03  6.65006984752030927E+00
1.31362690527255053E-03  6.76206779903502841E+00
1.33296669182240523E-03  6.85838195927912153E+00
1.42834177841404683E-03  6.94118245206264461E+00
1.45249458935170213E-03  7.04289472544651929E+00
1.48031787610351101E-03  7.15071676720260996E+00
1.49367587325960859E-03  7.23554292303887703E+00
1.51967139898410552E-03  7.34038868159074198E+00
1.53120354851370480E-03  7.39227563643982410E+00
1.54513544135052795E-03  7.45592982387385739E+00
1.55637200723140025E-03  7.54686221051353989E+00
1.57499981394460540E-03  7.62994601934207672E+00
1.59455320858558356E-03  7.72850441780597652E+00
1.61720179019011969E-03  7.83770548899584174E+00
1.63812725471558897E-03  7.94171870684235515E+00
1.66009987630781207E-03  8.04783694879713174E+00
1.68155077997456646E-03  8.15209178019490999E+00
1.70009855736467843E-03  8.24301367641110438E+00
1.72255958561440096E-03  8.35100612271476095E+00
1.73726908994302487E-03  8.43917586790819918E+00
1.75821142072773453E-03  8.52897641472302226E+00
1.76669894400974335E-03  8.58627878280237411E+00
1.78858319795279766E-03  8.69190107509029986E+00
1.80524390754824727E-03  8.77525555332547214E+00
1.82661640214963682E-03  8.87948363800035700E+00
1.84434835945721247E-03  8.97484177304258957E+00
1.86582700622185769E-03  9.07514505649216829E+00
1.88776744350012274E-03  9.18079158478640167E+00
1.89713787126914637E-03  9.21419757182530752E+00
1.91903690783045257E-03  9.31956420568510957E+00
1.94091522547514385E-03  9.42571278689488778E+00
1.95505236402005161E-03  9.49629973274429950E+00
1.97518689615296898E-03  9.59060278168598579E+00
1.98832165243436731E-03  9.69295104822207776E+00
2.00779886779747828E-03  9.78890651477219897E+00
2.02787771230675132E-03  9.88735070774297498E+00
2.04747733726182504E-03  9.98508941156275931E+00
2.06645836806135848E-03  1.00791370086450947E+01
2.08432776027844087E-03  1.01626982674252666E+01
2.09717636265904480E-03  1.02422602963561200E+01
2.07533772115669340E-03  1.03304694462869442E+01
2.09433363034804837E-03  1.04260117089445572E+01
2.10942397448873236E-03  1.05023333117584166E+01
2.12522196420439563E-03  1.05826976121697225E+01
2.14519258795654822E-03  1.06705536653920490E+01
2.16450342249201438E-03  1.07526960946276962E+01
2.18241292791262424E-03  1.08355033152220273E+01
2.20009150703712880E-03  1.09242747602707642E+01
2.21665571719650541E-03  1.10063080101364275E+01
2.23403847990326712E-03  1.10896691560156597E+01
2.23677186272640618E-03  1.11600638642545018E+01
2.25136005928410019E-03  1.12336493753623827E+01
2.26514088036529554E-03  1.13012899980960757E+01
2.27960895230155816E-03  1.13539105835865737E+01
2.29903807218132059E-03  1.14492123388390770E+01
2.31705844466559676E-03  1.15409125179424752E+01
2.33159852187338505E-03  1.16153722056236788E+01
2.34321856989912029E-03  1.16747472652073938E+01
2.35662738800894835E-03  1.17348444451891343E+01
2.37576281847988761E-03  1.18258542750537163E+01
2.37088111239844909E-03  1.18892348775546637E+01
2.38682963748534796E-03  1.19718270822020418E+01
2.40010022195089739E-03  1.20400738437413182E+01
2.41806589810158448E-03  1.21346091912810738E+01
2.43558040853151169E-03  1.22235452853324098E+01
2.44436828648483123E-03  1.22894653798398270E+01
2.46128508405205363E-03  1.23741643716807737E+01
2.47760007661118305E-03  1.24544413204640136E+01
2.49490465430931598E-03  1.25375993829250110E+01
2.51260217291862957E-03  1.26294492661252242E+01
2.52866578789666136E-03  1.27034479564121323E+01
2.68048421088489322E-03  1.27804640709014201E+01
2.70060174718825393E-03  1.28776747421138431E+01
2.72085596702736736E-03  1.29748760124128069E+01
2.74011998566070069E-03  1.30668669398066548E+01
2.75979670907907076E-03  1.31582528950549698E+01
2.78140004519505241E-03  1.32562866993690989E+01
2.79669853701174347E-03  1.33371008128328068E+01
2.81729644613039299E-03  1.34356532277999943E+01
2.83179468113133308E-03  1.35055099659584510E+01
2.85235884165695218E-03  1.36038611162049463E+01
2.87154933004180350E-03  1.36899109294620231E+01
2.88971563229964553E-03  1.37833844819317317E+01
2.90875247768167646E-03  1.38735384475850285E+01
2.92704449113924446E-03  1.39619055873508700E+01
3.04400583541933507E-03  1.40512484852621444E+01
3.06420420901493693E-03  1.41451977119603303E+01
3.08404309574037121E-03  1.42355256269619641E+01
3.09888973759298849E-03  1.42740163597219905E+01
3.11980744783521644E-03  1.43618473590613238E+01
3.13508351037256787E-03  1.44501867914939854E+01
3.15612414833832617E-03  1.45476690505964559E+01
3.17710138661362121E-03  1.46451403227889863E+01
3.19720693652832989E-03  1.47390237221327354E+01
3.21817839323128123E-03  1.48364615218906053E+01
3.28118140975185114E-03  1.49281271734665122E+01
3.30243213043329405E-03  1.50255442125679064E+01
3.32344421472450342E-03  1.51218836846292817E+01
3.34468792235123906E-03  1.52192201313035032E+01
3.36570088961965020E-03  1.53155590886885093E+01
3.38687246689644639E-03  1.54127325201304100E+01
3.40692709175772265E-03  1.55066796799598734E+01
3.42188322404094131E-03  1.55832409665650058E+01
3.43666607326214256E-03  1.56600493595566999E+01
3.45784965276378121E-03  1.57571756542533485E+01
3.47901010040801983E-03  1.58543021884147457E+01
3.50010828133736230E-03  1.59509747300308895E+01
3.50775247489063359E-03  1.60178953549468304E+01
3.52746500614038814E-03  1.61074083136982473E+01
3.54692369075860006E-03  1.61972576521541818E+01
3.56582436085010413E-03  1.62874807122498915E+01
3.58754821125395083E-03  1.63746868564457522E+01
3.60801601227808385E-03  1.64689610387311269E+01
3.62873428218089909E-03  1.65643425112848135E+01
3.64912352088398026E-03  1.66537227466050091E+01
3.67020618448372568E-03  1.67504499301915004E+01
3.69121657930928217E-03  1.68470807603174464E+01
3.71221989584712099E-03  1.69436065839207401E+01
3.73139766613678507E-03  1.70318375436886846E+01
3.75126430580216032E-03  1.71230483062294567E+01
3.77217249901987345E-03  1.72190276223365863E+01
3.79320192301338139E-03  1.73156655288226844E+01
3.75268570557720470E-03  1.74061963582302859E+01
3.77160588655773123E-03  1.74959998322383825E+01
3.79236644294295546E-03  1.75923000583471634E+01
3.81305136341351806E-03  1.76884348818265664E+01
3.83350888214819326E-03  1.77745646445369339E+01
3.85432837771651016E-03  1.78711020524718052E+01
3.87319256447967277E-03  1.79589755945316689E+01
3.89396635244576095E-03  1.80552800816519827E+01
3.91032723007080259E-03  1.81310896600028286E+01
3.92898184648482734E-03  1.82171916730549484E+01
3.94975609397337987E-03  1.83135119941875679E+01
3.96838827665076718E-03  1.84000241337370944E+01
3.98913534738871371E-03  1.84962173262848495E+01
4.00959589077656137E-03  1.85895367793460551E+01
4.03268359016452534E-03  1.86856546330443081E+01
4.05340123618485714E-03  1.87769244998144664E+01
4.07417577513732865E-03  1.88731621074005211E+01
4.05570171708012888E-03  1.87940593601293102E+01
4.07138554121284565E-03  1.88711101334648603E+01
4.09194678427826468E-03  1.89664115121473955E+01
4.11250609493638702E-03  1.90617036368287778E+01
4.11250883906472044E-03  1.90617123936508932E+01
4.12597638846452352E-03  1.91197627129352448E+01
4.14643061677226997E-03  1.92145447095007604E+01
4.16654784717492271E-03  1.93062284355983458E+01
4.18706492678488657E-03  1.94012971325569339E+01
4.20758118132521022E-03  1.94963624694924000E+01
4.22724885108878654E-03  1.95869395665553014E+01
4.24765400210762051E-03  1.96814387140604303E+01
4.26800830155864546E-03  1.97754812893178347E+01
4.28851960807134953E-03  1.98705178052475020E+01
4.30838044669858925E-03  1.99632205501469322E+01
4.32887384591596619E-03  2.00581108857292527E+01
4.34938151855621992E-03  2.01531330650041269E+01
4.36986909835671011E-03  2.02480654519598993E+01
4.39037801927003209E-03  2.03430941664760354E+01
4.41068692472157062E-03  2.04372006914182123E+01
4.43119403467607479E-03  2.05322207454352750E+01
4.45077479092790239E-03  2.06159898118211906E+01
4.47003023955796792E-03  2.07062726720880192E+01
4.68622339597107775E-03  2.07274104437902409E+01
4.70760378180673858E-03  2.08219804048390813E+01
4.72899549356530120E-03  2.09165965931147824E+01
4.84912387591519140E-03  2.10046200316079457E+01
4.87096061705554785E-03  2.10992072745455701E+01
4.89258671990454915E-03  2.11929455081364821E+01
4.91416100085421102E-03  2.12864439531492877E+01
4.93599303310419350E-03  2.13810140852819330E+01
4.90773461706206417E-03  2.12471046445642600E+01
4.92434254614873210E-03  2.13207480100384110E+01
4.94593932414044528E-03  2.14142548751555033E+01
4.96753391876217105E-03  2.15077515841156170E+01
4.98912770278703895E-03  2.16012475171594076E+01
5.01072175602337161E-03  2.16947432122678237E+01
5.03208103647590638E-03  2.17873099715556187E+01
5.05292191760757861E-03  2.18778978191595428E+01
5.10659206847974799E-03  2.19702647582255288E+01
5.12831975433353238E-03  2.20637439491944889E+01
5.14996158032834765E-03  2.21568472237545215E+01
5.17151242516047764E-03  2.22495041100384583E+01
5.19146989196811546E-03  2.23367280577827820E+01
5.21318973420465369E-03  2.24301795374688560E+01
5.21797669569884926E-03  2.24521978234812600E+01
5.21034195926782951E-03  2.24298287707709498E+01
5.23174095545546336E-03  2.25219712158525667E+01
5.25327084568607584E-03  2.26146542763533134E+01
5.27286418615122675E-03  2.26990808669651436E+01
5.29160381399062379E-03  2.27784810036466574E+01
5.31309694340229705E-03  2.28709808824235665E+01
5.33460656988202827E-03  2.29635724217846615E+01
5.35611477961999045E-03  2.30561636266271144E+01
