0.00000000000000000E+00  0.00000000000000000E+00
4.70577534691709126E-05  1.33507091990336479E+00
7.05288618534959729E-05  2.00106064598039302E+00
7.63158087900529195E-05  2.16464658882116368E+00
8.52208461875230875E-05  2.41184060768395003E+00
8.90023220625606068E-05  2.51033243336410283E+00
9.62446902589052456E-05  2.65254538678780127E+00
2.39599424738160422E-04  2.63995927435356537E+00
2.57821738867930310E-04  2.74918778828511723E+00
2.71769487839529670E-04  2.82482217256306889E+00
2.71094089930536640E-04  2.78708125606475132E+00
2.68525560851576642E-04  2.73309923482062089E+00
2.88349180659793901E-04  2.87264916978645690E+00
3.11113719603693163E-04  2.93899338196825965E+00
3.08529652951600923E-04  2.86483114312693665E+00
3.24054411301303343E-04  2.98640042232213965E+00
3.17837242444795318E-04  3.02435086564847166E+00
3.25126553225123932E-04  3.06151089220634187E+00
3.30664150921531664E-04  3.09043153441749485E+00
3.40107151967534559E-04  3.17682511161374137E+00
3.51092529580819578E-04  3.20547313016430335E+00
3.64704328994427062E-04  3.27667568798860698E+00
3.74891669205370235E-04  3.34302689738320336E+00
3.89181990087052437E-04  3.45566935012487830E+00
3.96708618011119721E-04  3.52849957213712173E+00
4.11610852277795021E-04  3.63534052265190244E+00
6.03580092172186053E-04  3.72629500027380534E+00
6.22257403653771733E-04  3.79904039124771264E+00
6.36566943107837679E-04  3.88130429617054684E+00
6.54404961749104432E-04  3.97229060606917939E+00
6.73083071203540019E-04  4.07064246887329517E+00
6.92195876791129334E-04  4.16565312315981284E+00
7.03963697853111502E-04  4.22784684486554774E+00
7.22599208208957980E-04  4.33014369699150681E+00
8.22510180866901463E-04  4.39648790996183791E+00
8.45985751040209026E-04  4.50865933225807503E+00
8.68426166412521183E-04  4.61812261293742754E+00
8.87481184231908669E-04  4.69583075413349071E+00
9.10037803863527868E-04  4.80452334654356505E+00
9.32828328027077202E-04  4.91442120125841608E+00
9.55036891844357298E-04  5.02281786075424108E+00
9.66898134904396137E-04  5.09907731495974659E+00
1.01518955511347851E-03  5.20610517405680806E+00
1.02371910153023168E-03  5.27915181592215088E+00
1.04509333695395994E-03  5.37690839358062966E+00
1.06835522182158215E-03  5.48815039115185854E+00
1.09045353863037979E-03  5.59794193519649053E+00
1.10967359249569339E-03  5.68959436952165287E+00
1.11509991421661499E-03  5.73831056461582278E+00
1.13308746597477967E-03  5.84015555524906382E+00
1.15546828307876289E-03  5.95247440981409870E+00
1.17762113245693280E-03  6.06386536354807948E+00
1.19870651157942760E-03  6.16878242015193745E+00
1.16873613117745049E-03  6.23899348915058738E+00
1.18170190774456426E-03  6.33525025719214430E+00
1.20106269442223491E-03  6.43694478288959449E+00
1.22252766370362152E-03  6.54860081304061037E+00
1.24073599432264069E-03  6.65006984752030927E+00
1.26240436162457746E-03  6.76206779903502841E+00
1.28470080415408355E-03  6.85838195927912153E+00
1.30309632514669896E-03  6.94118245206264461E+00
1.32191562489059251E-03  7.04289472544651929E+00
1.34279016308197323E-03  7.15071676720260996E+00
1.36593481859801648E-03  7.23554292303887703E+00
1.38540235795387161E-03  7.34038868159074198E+00
1.39891029740689377E-03  7.39227563643982410E+00
1.41656953997080083E-03  7.45592982387385739E+00
1.43693063414268422E-03  7.54686221051353989E+00
1.44931908693387819E-03  7.62994601934207672E+00
1.46846174928788641E-03  7.72850441780597652E+00
1.48978759664636536E-03  7.83770548899584174E+00
1.50991995375559010E-03  7.94171870684235515E+00
1.53051436878246286E-03  8.04783694879713174E+00
1.55051532892421548E-03  8.15209178019490999E+00
1.56597215510026282E-03  8.24301367641110438E+00
1.58687306734337581E-03  8.35100612271476095E+00
1.60399156066944981E-03  8.43917586790819918E+00
1.66182306955616572E-03  8.52897641472302226E+00
1.67312989872146030E-03  8.58627878280237411E+00
1.69416108877299765E-03  8.69190107509029986E+00
1.71237948373622749E-03  8.77525555332547214E+00
1.73303845760846794E-03  8.87948363800035700E+00
1.75031132440218312E-03  8.97484177304258957E+00
1.77068272390192298E-03  9.07514505649216829E+00
1.79143079149034646E-03  9.18079158478640167E+00
1.79972150305761228E-03  9.21419757182530752E+00
1.82065582889077157E-03  9.31956420568510957E+00
1.84183530317778019E-03  9.42571278689488778E+00
1.85779217089545408E-03  9.49629973274429950E+00
1.87694506861711490E-03  9.59060278168598579E+00
1.89743720789393869E-03  9.69295104822207776E+00
1.91633434228732804E-03  9.78890651477219897E+00
1.93680081344302043E-03  9.88735070774297498E+00
1.95633461129455198E-03  9.98508941156275931E+00
1.97657479424233644E-03  1.00791370086450947E+01
1.99292937800876974E-03  1.01626982674252666E+01
2.00943450872201378E-03  1.02422602963561200E+01
2.02614773046527405E-03  1.03304694462869442E+01
2.04498243137270523E-03  1.04260117089445572E+01
2.06024087632883683E-03  1.05023333117584166E+01
2.07720874058048418E-03  1.05826976121697225E+01
2.09509921872955704E-03  1.06705536653920490E+01
2.10995148960771211E-03  1.07526960946276962E+01
2.12573393934801938E-03  1.08355033152220273E+01
2.14381330903793375E-03  1.09242747602707642E+01
2.16058991754267734E-03  1.10063080101364275E+01
2.17729400468063324E-03  1.10896691560156597E+01
2.38820497815440133E-03  1.11600638642545018E+01
2.40407354087872295E-03  1.12336493753623827E+01
2.41737357501178168E-03  1.13012899980960757E+01
2.42779116556671821E-03  1.13539105835865737E+01
2.44948700769510950E-03  1.14492123388390770E+01
2.46942836022252593E-03  1.15409125179424752E+01
2.48703286495541645E-03  1.16153722056236788E+01
2.49726650577595556E-03  1.16747472652073938E+01
2.51359798113825160E-03  1.17348444451891343E+01
2.55091635880058589E-03  1.18258542750537163E+01
2.56496186210031576E-03  1.18892348775546637E+01
2.58346610793700176E-03  1.19718270822020418E+01
2.73582601430508556E-03  1.20400738437413182E+01
2.75709126629810394E-03  1.21346091912810738E+01
2.78085298240602838E-03  1.22235452853324098E+01
2.79661201526121674E-03  1.22894653798398270E+01
2.81520904141544003E-03  1.23741643716807737E+01
2.83304833664886667E-03  1.24544413204640136E+01
2.85142541236720753E-03  1.25375993829250110E+01
2.87129878531150549E-03  1.26294492661252242E+01
2.89022113280262187E-03  1.27034479564121323E+01
2.90705845642466208E-03  1.27804640709014201E+01
2.92920191542577705E-03  1.28776747421138431E+01
2.95161732344864647E-03  1.29748760124128069E+01
2.97244352945887427E-03  1.30668669398066548E+01
2.99399570551873561E-03  1.31582528950549698E+01
3.01645405473526841E-03  1.32562866993690989E+01
3.03273530063016654E-03  1.33371008128328068E+01
3.05530320339378542E-03  1.34356532277999943E+01
3.06996977395887320E-03  1.35055099659584510E+01
3.09247981569261499E-03  1.36038611162049463E+01
3.11129177276684137E-03  1.36899109294620231E+01
3.13304792019238401E-03  1.37833844819317317E+01
3.15386024852973377E-03  1.38735384475850285E+01
3.17315384143919714E-03  1.39619055873508700E+01
3.19349119872893404E-03  1.40512484852621444E+01
3.21511474283535685E-03  1.41451977119603303E+01
3.34296636880520833E-03  1.42355256269619641E+01
3.35113333078256807E-03  1.42740163597219905E+01
3.36615247931294943E-03  1.43618473590613238E+01
3.39127537907923200E-03  1.44501867914939854E+01
3.41456774334203189E-03  1.45476690505964559E+01
3.43786176940404781E-03  1.46451403227889863E+01
3.46027721330741805E-03  1.47390237221327354E+01
3.48356129688216342E-03  1.48364615218906053E+01
3.53894046089324715E-03  1.49281271734665122E+01
3.56243721665173941E-03  1.50255442125679064E+01
3.58565193321231518E-03  1.51218836846292817E+01
3.60912659584482079E-03  1.52192201313035032E+01
3.63242498366573045E-03  1.53155590886885093E+01
3.65593389283571171E-03  1.54127325201304100E+01
3.68045563770673335E-03  1.55066796799598734E+01
3.69822946044258503E-03  1.55832409665650058E+01
3.72806807476700700E-03  1.56600493595566999E+01
3.75139535112501473E-03  1.57571756542533485E+01
3.77465315160596757E-03  1.58543021884147457E+01
3.79783882767705666E-03  1.59509747300308895E+01
3.81323834489075142E-03  1.60178953549468304E+01
3.76335467031598848E-03  1.61074083136982473E+01
3.78424841454309087E-03  1.61972576521541818E+01
3.80464121669849085E-03  1.62874807122498915E+01
3.82466572451568062E-03  1.63746868564457522E+01
3.84675444213387202E-03  1.64689610387311269E+01
3.84890537411230853E-03  1.65643425112848135E+01
3.87011067829597750E-03  1.66537227466050091E+01
3.89258759006447935E-03  1.67504499301915004E+01
3.91504170815550404E-03  1.68470807603174464E+01
3.93746887514368014E-03  1.69436065839207401E+01
3.95738543331104493E-03  1.70318375436886846E+01
3.97841011431749117E-03  1.71230483062294567E+01
4.00063281388696526E-03  1.72190276223365863E+01
4.02308387579535832E-03  1.73156655288226844E+01
4.04418245524318896E-03  1.74061963582302859E+01
4.06492074931976994E-03  1.74959998322383825E+01
4.08725098039074228E-03  1.75923000583471634E+01
4.10955900018772878E-03  1.76884348818265664E+01
4.12876617064004969E-03  1.77745646445369339E+01
4.15118991739478471E-03  1.78711020524718052E+01
4.23539031899919632E-03  1.79589755945316689E+01
4.25809364177982992E-03  1.80552800816519827E+01
4.27596919551639486E-03  1.81310896600028286E+01
4.29782097732884366E-03  1.82171916730549484E+01
4.32054450861843291E-03  1.83135119941875679E+01
4.34074414081199282E-03  1.84000241337370944E+01
4.36343683472230695E-03  1.84962173262848495E+01
4.38542388104319527E-03  1.85895367793460551E+01
4.40809859278363820E-03  1.86856546330443081E+01
4.42310996588604188E-03  1.87769244998144664E+01
4.44577920666692095E-03  1.88731621074005211E+01
5.57874388837820839E-03  1.87940593601293102E+01
5.64387699851434579E-03  1.88711101334648603E+01
5.33591490257179658E-03  1.89664115121473955E+01
5.02794244437841480E-03  1.90617036368287778E+01
5.02798592425971955E-03  1.90617123936508932E+01
4.84896452224846831E-03  1.91197627129352448E+01
4.86963176948881481E-03  1.92145447095007604E+01
4.89568495718949170E-03  1.93062284355983458E+01
4.95493325780529265E-03  1.94012971325569339E+01
4.96223706748751339E-03  1.94963624694924000E+01
5.11798245890034316E-03  1.95869395665553014E+01
5.04343090608584416E-03  1.96814387140604303E+01
5.95153101558184433E-03  1.97754812893178347E+01
5.64408346321165592E-03  1.98705178052475020E+01
5.07635755886754001E-03  1.99632205501469322E+01
5.11788429839355255E-03  2.00581108857292527E+01
5.02220682169809019E-03  2.01531330650041269E+01
5.13151610390487779E-03  2.02480654519598993E+01
5.15559887588138647E-03  2.03430941664760354E+01
5.17943772595922964E-03  2.04372006914182123E+01
5.20302039012571823E-03  2.05322207454352750E+01
5.22359002957077569E-03  2.06159898118211906E+01
5.24636302472114395E-03  2.07062726720880192E+01
5.23604007171163312E-03  2.07274104437902409E+01
5.23883804929225691E-03  2.08219804048390813E+01
5.26533178869373602E-03  2.09165965931147824E+01
5.29766915704093372E-03  2.10046200316079457E+01
5.32387931583905988E-03  2.10992072745455701E+01
5.32316714477126893E-03  2.11929455081364821E+01
5.33401994364465174E-03  2.12864439531492877E+01
5.36190951767487149E-03  2.13810140852819330E+01
5.34235589529925229E-03  2.12471046445642600E+01
5.25110480033197727E-03  2.13207480100384110E+01
5.24369837417568239E-03  2.14142548751555033E+01
5.25707501942253037E-03  2.15077515841156170E+01
5.28181197297178905E-03  2.16012475171594076E+01
5.30995121334525751E-03  2.16947432122678237E+01
5.31288382078387664E-03  2.17873099715556187E+01
5.36417409970056484E-03  2.18778978191595428E+01
5.38460165372390068E-03  2.19702647582255288E+01
5.40780797550903265E-03  2.20637439491944889E+01
5.39964137215938247E-03  2.21568472237545215E+01
5.41515730017765994E-03  2.22495041100384583E+01
5.44477014984068655E-03  2.23367280577827820E+01
5.47042803359670728E-03  2.24301795374688560E+01
5.49403462487815276E-03  2.24521978234812600E+01
5.63152692422620553E-03  2.24298287707709498E+01
5.71152330269276368E-03  2.25219712158525667E+01
5.72564526712504313E-03  2.26146542763533134E+01
5.74645560365658406E-03  2.26990808669651436E+01
5.76606165193949312E-03  2.27784810036466574E+01
5.78946878429850102E-03  2.28709808824235665E+01
5.81290715151720327E-03  2.29635724217846615E+01
5.83895607947363879E-03  2.30561636266271144E+01
