$EXEC
$COMT
------------------------------------------------------------------------
-                                                                      -
-                       CESAR-LCPC Version 4.1.x                       -
-                                                                      -
-                                                                      -
-                                                                      -
-  Nom du MAILLAGE : mail                                              -
-  Nom du CALCUL   : calcu                                             -
-                                                                      -
-  Familles        : 1                                                 -
-                                                                      -
-  Module          : MCNL                                              -
-                                                                      -
-   .   33 noeuds                                                  -
-   .   1 groupe                                                  -
-   .   20 elements                                                -
-   .   0 elements triangulaires                        -
-   .   20 elements quadrilateres                   -
-                                                                      -
------------------------------------------------------------------------
COOR
  2 0
33 2
             0           20              0           10             10           20             10           10              0            0             20           20 
            10            0             20           10             20            0             30           20             30           10             30            0 
            40           20             40           10             40            0             50           20             50           10             50            0 
            60           20             60           10             60            0             70           20             70           10             70            0 
            80           20             80           10             80            0             90           20             90           10             90            0 
           100           20            100           10            100            0 
ELEM
 2 0
20 1
1 5 9 13 17 21 25 29 33 37 41 45 49 53 57 61 65 69 73 77 81 
 7 4 2 5  9 8 4 7  12 11 8 9  15 14 11 12  18 17 14 15  21 20 17 18 
 24 23 20 21  27 26 23 24  30 29 26 27  33 32 29 30  4 3 1 2  8 6 3 4 
 11 10 6 8  14 13 10 11  17 16 13 14  20 19 16 17  23 22 19 20  26 25 22 23 
 29 28 25 26  32 31 28 29 
  MBQ4   MBQ4   MBQ4   MBQ4   MBQ4   MBQ4   MBQ4   MBQ4   MBQ4   MBQ4   MBQ4   MBQ4   MBQ4   MBQ4   MBQ4   MBQ4   MBQ4   MBQ4   MBQ4   MBQ4 
 1  1  1  1  1  1  1  1  1  1  1  1  1  1  1  1  1  1  1  1 
Acier El
1 3 0. 200000. 0.3 
1.
COND
2
NUL
2
1
5 
1
2
2
5 33 
2
0
IMP
2 
1
16 
2
          10 
0
MCNL
2
11 500 0.0001
1
0 1 2 3 4 5 6 7 8 9 10 
