$EXEC
$COMT
------------------------------------------------------------------------
-                                                                      -
-                       CESAR-LCPC Version 4.1.x                       -
-                                                                      -
-                                                                      -
-                                                                      -
-  Nom du MAILLAGE : mail                                              -
-  Nom du CALCUL   : calcu                                             -
-                                                                      -
-  Familles        : 1                                                 -
-                                                                      -
-  Module          : MCNL                                              -
-                                                                      -
-   .   405 noeuds                                                  -
-   .   1 groupe                                                  -
-   .   320 elements                                                -
-   .   0 elements triangulaires                        -
-   .   320 elements quadrilateres                   -
-                                                                      -
------------------------------------------------------------------------
COOR
  2 0
405 2
             0          160              0          120          41.25          160          41.25          120              0           80           82.5          160 
         41.25           80           82.5          120           82.5           80              0           40         123.75          160          41.25           40 
        123.75          120           82.5           40         123.75           80              0            0            165          160          41.25            0 
           165          120         123.75           40           82.5            0            165           80         123.75            0            165           40 
        206.25          160         206.25          120         206.25           80            165            0         206.25           40          247.5          160 
         247.5          120          247.5           80         206.25            0          247.5           40         288.75          160         288.75          120 
         247.5            0         288.75           80         288.75           40            330          160         288.75            0            330          120 
           330           80            330           40            330            0         371.25          160         371.25          120         371.25           80 
        371.25           40         371.25            0          412.5          160          412.5          120          412.5           80          412.5           40 
         412.5            0         453.75          160         453.75          120         453.75           80         453.75           40         453.75            0 
           495          160            495          120            495           80            495           40            495            0         536.25          160 
        536.25          120         536.25           80         536.25           40         536.25            0          577.5          160          577.5          120 
         577.5           80          577.5           40          577.5            0         618.75          160         618.75          120         618.75           80 
        618.75           40         618.75            0            660          160            660          120            660           80            660           40 
           660            0         701.25          160         701.25          120         701.25           80         701.25           40         701.25            0 
         742.5          160          742.5          120          742.5           80          742.5           40          742.5            0         783.75          160 
        783.75          120         783.75           80         783.75           40         783.75            0            825          160            825          120 
           825           80            825           40            825            0         866.25          160         866.25          120         866.25           80 
        866.25           40         866.25            0          907.5          160          907.5          120          907.5           80          907.5           40 
         907.5            0         948.75          160         948.75          120         948.75           80         948.75           40         948.75            0 
           990          160            990          120            990           80            990           40            990            0         1031.3          160 
        1031.3          120         1031.3           80         1031.3           40         1031.3            0         1072.5          160         1072.5          120 
        1072.5           80         1072.5           40         1072.5            0         1113.8          160         1113.8          120         1113.8           80 
        1113.8           40         1113.8            0           1155          160           1155          120           1155           80           1155           40 
          1155            0         1196.3          160         1196.3          120         1196.3           80         1196.3           40         1196.3            0 
        1237.5          160         1237.5          120         1237.5           80         1237.5           40         1237.5            0         1278.7          160 
        1278.7          120         1278.7           80         1278.7           40         1278.8            0           1320          160           1320          120 
          1320           80           1320           40           1320            0         1361.3          160         1361.3          120         1361.3           80 
        1361.3           40         1361.3            0         1402.5          160         1402.5          120         1402.5           80         1402.5           40 
        1402.5            0         1443.8          160         1443.8          120         1443.8           80         1443.8           40         1443.8            0 
          1485          160           1485          120           1485           80           1485           40           1485            0         1526.3          160 
        1526.2          120         1526.3           80         1526.3           40         1526.3            0         1567.5          160         1567.5          120 
        1567.5           80         1567.5           40         1567.5            0         1608.8          160         1608.8          120         1608.8           80 
        1608.8           40         1608.8            0           1650          160           1650          120           1650           80           1650           40 
          1650            0         1691.3          160         1691.2          120         1691.2           80         1691.2           40         1691.2            0 
        1732.5          160         1732.5          120         1732.5           80         1732.5           40         1732.5            0         1773.8          160 
        1773.8          120         1773.8           80         1773.8           40         1773.8            0           1815          160           1815          120 
          1815           80           1815           40           1815            0         1856.3          160         1856.3          120         1856.3           80 
        1856.3           40         1856.3            0         1897.5          160         1897.5          120         1897.5           80         1897.5           40 
        1897.5            0         1938.8          160         1938.8          120         1938.8           80         1938.8           40         1938.8            0 
          1980          160           1980          120           1980           80           1980           40           1980            0         2021.3          160 
        2021.3          120         2021.3           80         2021.3           40         2021.3            0         2062.5          160         2062.5          120 
        2062.5           80         2062.5           40         2062.5            0         2103.8          160         2103.8          120         2103.8           80 
        2103.8           40         2103.8            0           2145          160           2145          120           2145           80           2145           40 
          2145            0         2186.3          160         2186.3          120         2186.3           80         2186.3           40         2186.3            0 
        2227.5          160         2227.5          120         2227.5           80         2227.5           40         2227.5            0         2268.8          160 
        2268.8          120         2268.8           80         2268.7           40         2268.8            0           2310          160           2310          120 
          2310           80           2310           40           2310            0         2351.3          160         2351.2          120         2351.2           80 
        2351.2           40         2351.3            0         2392.5          160         2392.5          120         2392.5           80         2392.5           40 
        2392.5            0         2433.8          160         2433.8          120         2433.8           80         2433.8           40         2433.8            0 
          2475          160           2475          120           2475           80           2475           40           2475            0         2516.3          160 
        2516.3          120         2516.3           80         2516.3           40         2516.3            0         2557.5          160         2557.5          120 
        2557.5           80         2557.5           40         2557.5            0         2598.8          160         2598.7          120         2598.7           80 
        2598.7           40         2598.8            0           2640          160           2640          120           2640           80           2640           40 
          2640            0         2681.3          160         2681.3          120         2681.3           80         2681.3           40         2681.3            0 
        2722.5          160         2722.5          120         2722.5           80         2722.5           40         2722.5            0         2763.8          160 
        2763.8          120         2763.8           80         2763.8           40         2763.8            0           2805          160           2805          120 
          2805           80           2805           40           2805            0         2846.3          160         2846.3          120         2846.3           80 
        2846.3           40         2846.3            0         2887.5          160         2887.5          120         2887.5           80         2887.5           40 
        2887.5            0         2928.8          160         2928.8          120         2928.8           80         2928.8           40         2928.8            0 
          2970          160           2970          120           2970           80           2970           40           2970            0         3011.3          160 
        3011.2          120         3011.2           80         3011.2           40         3011.3            0         3052.5          160         3052.5          120 
        3052.5           80         3052.5           40         3052.5            0         3093.8          160         3093.8          120         3093.8           80 
        3093.8           40         3093.8            0           3135          160           3135          120           3135           80           3135           40 
          3135            0         3176.3          160         3176.2          120         3176.2           80         3176.2           40         3176.3            0 
        3217.5          160         3217.5          120         3217.5           80         3217.5           40         3217.5            0         3258.8          160 
        3258.8          120         3258.8           80         3258.8           40         3258.8            0           3300          160           3300          120 
          3300           80           3300           40           3300            0 
ELEM
 2 0
320 1
1 5 9 13 17 21 25 29 33 37 41 45 49 53 57 61 65 69 73 77 81 85 89 93 97 
101 105 109 113 117 121 125 129 133 137 141 145 149 153 157 161 165 169 173 177 181 185 189 193 
197 201 205 209 213 217 221 225 229 233 237 241 245 249 253 257 261 265 269 273 277 281 285 289 
293 297 301 305 309 313 317 321 325 329 333 337 341 345 349 353 357 361 365 369 373 377 381 385 
389 393 397 401 405 409 413 417 421 425 429 433 437 441 445 449 453 457 461 465 469 473 477 481 
485 489 493 497 501 505 509 513 517 521 525 529 533 537 541 545 549 553 557 561 565 569 573 577 
581 585 589 593 597 601 605 609 613 617 621 625 629 633 637 641 645 649 653 657 661 665 669 673 
677 681 685 689 693 697 701 705 709 713 717 721 725 729 733 737 741 745 749 753 757 761 765 769 
773 777 781 785 789 793 797 801 805 809 813 817 821 825 829 833 837 841 845 849 853 857 861 865 
869 873 877 881 885 889 893 897 901 905 909 913 917 921 925 929 933 937 941 945 949 953 957 961 
965 969 973 977 981 985 989 993 997 1001 1005 1009 1013 1017 1021 1025 1029 1033 1037 1041 1045 1049 1053 1057 
1061 1065 1069 1073 1077 1081 1085 1089 1093 1097 1101 1105 1109 1113 1117 1121 1125 1129 1133 1137 1141 1145 1149 1153 
1157 1161 1165 1169 1173 1177 1181 1185 1189 1193 1197 1201 1205 1209 1213 1217 1221 1225 1229 1233 1237 1241 1245 1249 
1253 1257 1261 1265 1269 1273 1277 1281 
 18 12 10 16  21 14 12 18  23 20 14 21  28 24 20 23  33 29 24 28  37 34 29 33 
 41 39 34 37  45 44 39 41  50 49 44 45  55 54 49 50  60 59 54 55  65 64 59 60 
 70 69 64 65  75 74 69 70  80 79 74 75  85 84 79 80  90 89 84 85  95 94 89 90 
 100 99 94 95  105 104 99 100  110 109 104 105  115 114 109 110  120 119 114 115  125 124 119 120 
 130 129 124 125  135 134 129 130  140 139 134 135  145 144 139 140  150 149 144 145  155 154 149 150 
 160 159 154 155  165 164 159 160  170 169 164 165  175 174 169 170  180 179 174 175  185 184 179 180 
 190 189 184 185  195 194 189 190  200 199 194 195  205 204 199 200  210 209 204 205  215 214 209 210 
 220 219 214 215  225 224 219 220  230 229 224 225  235 234 229 230  240 239 234 235  245 244 239 240 
 250 249 244 245  255 254 249 250  260 259 254 255  265 264 259 260  270 269 264 265  275 274 269 270 
 280 279 274 275  285 284 279 280  290 289 284 285  295 294 289 290  300 299 294 295  305 304 299 300 
 310 309 304 305  315 314 309 310  320 319 314 315  325 324 319 320  330 329 324 325  335 334 329 330 
 340 339 334 335  345 344 339 340  350 349 344 345  355 354 349 350  360 359 354 355  365 364 359 360 
 370 369 364 365  375 374 369 370  380 379 374 375  385 384 379 380  390 389 384 385  395 394 389 390 
 400 399 394 395  405 404 399 400  12 7 5 10  14 9 7 12  20 15 9 14  24 22 15 20 
 29 27 22 24  34 32 27 29  39 38 32 34  44 43 38 39  49 48 43 44  54 53 48 49 
 59 58 53 54  64 63 58 59  69 68 63 64  74 73 68 69  79 78 73 74  84 83 78 79 
 89 88 83 84  94 93 88 89  99 98 93 94  104 103 98 99  109 108 103 104  114 113 108 109 
 119 118 113 114  124 123 118 119  129 128 123 124  134 133 128 129  139 138 133 134  144 143 138 139 
 149 148 143 144  154 153 148 149  159 158 153 154  164 163 158 159  169 168 163 164  174 173 168 169 
 179 178 173 174  184 183 178 179  189 188 183 184  194 193 188 189  199 198 193 194  204 203 198 199 
 209 208 203 204  214 213 208 209  219 218 213 214  224 223 218 219  229 228 223 224  234 233 228 229 
 239 238 233 234  244 243 238 239  249 248 243 244  254 253 248 249  259 258 253 254  264 263 258 259 
 269 268 263 264  274 273 268 269  279 278 273 274  284 283 278 279  289 288 283 284  294 293 288 289 
 299 298 293 294  304 303 298 299  309 308 303 304  314 313 308 309  319 318 313 314  324 323 318 319 
 329 328 323 324  334 333 328 329  339 338 333 334  344 343 338 339  349 348 343 344  354 353 348 349 
 359 358 353 354  364 363 358 359  369 368 363 364  374 373 368 369  379 378 373 374  384 383 378 379 
 389 388 383 384  394 393 388 389  399 398 393 394  404 403 398 399  7 4 2 5  9 8 4 7 
 15 13 8 9  22 19 13 15  27 26 19 22  32 31 26 27  38 36 31 32  43 42 36 38 
 48 47 42 43  53 52 47 48  58 57 52 53  63 62 57 58  68 67 62 63  73 72 67 68 
 78 77 72 73  83 82 77 78  88 87 82 83  93 92 87 88  98 97 92 93  103 102 97 98 
 108 107 102 103  113 112 107 108  118 117 112 113  123 122 117 118  128 127 122 123  133 132 127 128 
 138 137 132 133  143 142 137 138  148 147 142 143  153 152 147 148  158 157 152 153  163 162 157 158 
 168 167 162 163  173 172 167 168  178 177 172 173  183 182 177 178  188 187 182 183  193 192 187 188 
 198 197 192 193  203 202 197 198  208 207 202 203  213 212 207 208  218 217 212 213  223 222 217 218 
 228 227 222 223  233 232 227 228  238 237 232 233  243 242 237 238  248 247 242 243  253 252 247 248 
 258 257 252 253  263 262 257 258  268 267 262 263  273 272 267 268  278 277 272 273  283 282 277 278 
 288 287 282 283  293 292 287 288  298 297 292 293  303 302 297 298  308 307 302 303  313 312 307 308 
 318 317 312 313  323 322 317 318  328 327 322 323  333 332 327 328  338 337 332 333  343 342 337 338 
 348 347 342 343  353 352 347 348  358 357 352 353  363 362 357 358  368 367 362 363  373 372 367 368 
 378 377 372 373  383 382 377 378  388 387 382 383  393 392 387 388  398 397 392 393  403 402 397 398 
 4 3 1 2  8 6 3 4  13 11 6 8  19 17 11 13  26 25 17 19  31 30 25 26 
 36 35 30 31  42 40 35 36  47 46 40 42  52 51 46 47  57 56 51 52  62 61 56 57 
 67 66 61 62  72 71 66 67  77 76 71 72  82 81 76 77  87 86 81 82  92 91 86 87 
 97 96 91 92  102 101 96 97  107 106 101 102  112 111 106 107  117 116 111 112  122 121 116 117 
 127 126 121 122  132 131 126 127  137 136 131 132  142 141 136 137  147 146 141 142  152 151 146 147 
 157 156 151 152  162 161 156 157  167 166 161 162  172 171 166 167  177 176 171 172  182 181 176 177 
 187 186 181 182  192 191 186 187  197 196 191 192  202 201 196 197  207 206 201 202  212 211 206 207 
 217 216 211 212  222 221 216 217  227 226 221 222  232 231 226 227  237 236 231 232  242 241 236 237 
 247 246 241 242  252 251 246 247  257 256 251 252  262 261 256 257  267 266 261 262  272 271 266 267 
 277 276 271 272  282 281 276 277  287 286 281 282  292 291 286 287  297 296 291 292  302 301 296 297 
 307 306 301 302  312 311 306 307  317 316 311 312  322 321 316 317  327 326 321 322  332 331 326 327 
 337 336 331 332  342 341 336 337  347 346 341 342  352 351 346 347  357 356 351 352  362 361 356 357 
 367 366 361 362  372 371 366 367  377 376 371 372  382 381 376 377  387 386 381 382  392 391 386 387 
 397 396 391 392  402 401 396 397 
  MBQ4   MBQ4   MBQ4   MBQ4   MBQ4   MBQ4   MBQ4   MBQ4   MBQ4   MBQ4   MBQ4   MBQ4   MBQ4   MBQ4   MBQ4   MBQ4   MBQ4   MBQ4   MBQ4   MBQ4   MBQ4   MBQ4   MBQ4   MBQ4 
  MBQ4   MBQ4   MBQ4   MBQ4   MBQ4   MBQ4   MBQ4   MBQ4   MBQ4   MBQ4   MBQ4   MBQ4   MBQ4   MBQ4   MBQ4   MBQ4   MBQ4   MBQ4   MBQ4   MBQ4   MBQ4   MBQ4   MBQ4   MBQ4 
  MBQ4   MBQ4   MBQ4   MBQ4   MBQ4   MBQ4   MBQ4   MBQ4   MBQ4   MBQ4   MBQ4   MBQ4   MBQ4   MBQ4   MBQ4   MBQ4   MBQ4   MBQ4   MBQ4   MBQ4   MBQ4   MBQ4   MBQ4   MBQ4 
  MBQ4   MBQ4   MBQ4   MBQ4   MBQ4   MBQ4   MBQ4   MBQ4   MBQ4   MBQ4   MBQ4   MBQ4   MBQ4   MBQ4   MBQ4   MBQ4   MBQ4   MBQ4   MBQ4   MBQ4   MBQ4   MBQ4   MBQ4   MBQ4 
  MBQ4   MBQ4   MBQ4   MBQ4   MBQ4   MBQ4   MBQ4   MBQ4   MBQ4   MBQ4   MBQ4   MBQ4   MBQ4   MBQ4   MBQ4   MBQ4   MBQ4   MBQ4   MBQ4   MBQ4   MBQ4   MBQ4   MBQ4   MBQ4 
  MBQ4   MBQ4   MBQ4   MBQ4   MBQ4   MBQ4   MBQ4   MBQ4   MBQ4   MBQ4   MBQ4   MBQ4   MBQ4   MBQ4   MBQ4   MBQ4   MBQ4   MBQ4   MBQ4   MBQ4   MBQ4   MBQ4   MBQ4   MBQ4 
  MBQ4   MBQ4   MBQ4   MBQ4   MBQ4   MBQ4   MBQ4   MBQ4   MBQ4   MBQ4   MBQ4   MBQ4   MBQ4   MBQ4   MBQ4   MBQ4   MBQ4   MBQ4   MBQ4   MBQ4   MBQ4   MBQ4   MBQ4   MBQ4 
  MBQ4   MBQ4   MBQ4   MBQ4   MBQ4   MBQ4   MBQ4   MBQ4   MBQ4   MBQ4   MBQ4   MBQ4   MBQ4   MBQ4   MBQ4   MBQ4   MBQ4   MBQ4   MBQ4   MBQ4   MBQ4   MBQ4   MBQ4   MBQ4 
  MBQ4   MBQ4   MBQ4   MBQ4   MBQ4   MBQ4   MBQ4   MBQ4   MBQ4   MBQ4   MBQ4   MBQ4   MBQ4   MBQ4   MBQ4   MBQ4   MBQ4   MBQ4   MBQ4   MBQ4   MBQ4   MBQ4   MBQ4   MBQ4 
  MBQ4   MBQ4   MBQ4   MBQ4   MBQ4   MBQ4   MBQ4   MBQ4   MBQ4   MBQ4   MBQ4   MBQ4   MBQ4   MBQ4   MBQ4   MBQ4   MBQ4   MBQ4   MBQ4   MBQ4   MBQ4   MBQ4   MBQ4   MBQ4 
  MBQ4   MBQ4   MBQ4   MBQ4   MBQ4   MBQ4   MBQ4   MBQ4   MBQ4   MBQ4   MBQ4   MBQ4   MBQ4   MBQ4   MBQ4   MBQ4   MBQ4   MBQ4   MBQ4   MBQ4   MBQ4   MBQ4   MBQ4   MBQ4 
  MBQ4   MBQ4   MBQ4   MBQ4   MBQ4   MBQ4   MBQ4   MBQ4   MBQ4   MBQ4   MBQ4   MBQ4   MBQ4   MBQ4   MBQ4   MBQ4   MBQ4   MBQ4   MBQ4   MBQ4   MBQ4   MBQ4   MBQ4   MBQ4 
  MBQ4   MBQ4   MBQ4   MBQ4   MBQ4   MBQ4   MBQ4   MBQ4   MBQ4   MBQ4   MBQ4   MBQ4   MBQ4   MBQ4   MBQ4   MBQ4   MBQ4   MBQ4   MBQ4   MBQ4   MBQ4   MBQ4   MBQ4   MBQ4 
  MBQ4   MBQ4   MBQ4   MBQ4   MBQ4   MBQ4   MBQ4   MBQ4 
 1  1  1  1  1  1  1  1  1  1  1  1  1  1  1  1  1  1  1  1  1  1  1  1  1  1  1  1  1  1  1  1  1  1  1  1  1  1  1  1  1  1  1  1  1  1  1  1  1  1  1  1  1  1 
 1  1  1  1  1  1  1  1  1  1  1  1  1  1  1  1  1  1  1  1  1  1  1  1  1  1  1  1  1  1  1  1  1  1  1  1  1  1  1  1  1  1  1  1  1  1  1  1  1  1  1  1  1  1 
 1  1  1  1  1  1  1  1  1  1  1  1  1  1  1  1  1  1  1  1  1  1  1  1  1  1  1  1  1  1  1  1  1  1  1  1  1  1  1  1  1  1  1  1  1  1  1  1  1  1  1  1  1  1 
 1  1  1  1  1  1  1  1  1  1  1  1  1  1  1  1  1  1  1  1  1  1  1  1  1  1  1  1  1  1  1  1  1  1  1  1  1  1  1  1  1  1  1  1  1  1  1  1  1  1  1  1  1  1 
 1  1  1  1  1  1  1  1  1  1  1  1  1  1  1  1  1  1  1  1  1  1  1  1  1  1  1  1  1  1  1  1  1  1  1  1  1  1  1  1  1  1  1  1  1  1  1  1  1  1  1  1  1  1 
 1  1  1  1  1  1  1  1  1  1  1  1  1  1  1  1  1  1  1  1  1  1  1  1  1  1  1  1  1  1  1  1  1  1  1  1  1  1  1  1  1  1  1  1  1  1  1  1  1  1 
Beton El
1 3 .23 35000. 0.2 
800
COND
2
NUL
2
1
16 
1
2
2
16 405 
2
0
IMP
2 
1
201 
2
        -0.5 
0
MCNL
2
11 500 0.0001
1
0 1 2 3 4 5 6 7 8 9 10 
