$EXEC
$COMT
------------------------------------------------------------------------
-                                                                      -
-                       CESAR-LCPC Version 4.1.x                       -
-                                                                      -
-                                                                      -
-                                                                      -
-  Nom du MAILLAGE : mail                                              -
-  Nom du CALCUL   : calcu                                             -
-                                                                      -
-  Familles        : 1                                                 -
-                                                                      -
-  Module          : MCNL                                              -
-                                                                      -
-   .   42 noeuds                                                  -
-   .   1 groupe                                                  -
-   .   20 elements                                                -
-   .   0 elements triangulaires                        -
-   .   20 elements quadrilateres                   -
-                                                                      -
------------------------------------------------------------------------
COOR
  2 0
42 2
             0          160              0            0            165          160            165            0            330          160            330            0 
           495          160            495            0            660          160            660            0            825          160            825            0 
           990          160            990            0           1155          160           1155            0           1320          160           1320            0 
          1485          160           1485            0           1650          160           1650            0           1815          160           1815            0 
          1980          160           1980            0           2145          160           2145            0           2310          160           2310            0 
          2475          160           2475            0           2640          160           2640            0           2805          160           2805            0 
          2970          160           2970            0           3135          160           3135            0           3300          160           3300            0 
ELEM
 2 0
20 1
1 5 9 13 17 21 25 29 33 37 41 45 49 53 57 61 65 69 73 77 81 
 4 3 1 2  6 5 3 4  8 7 5 6  10 9 7 8  12 11 9 10  14 13 11 12 
 16 15 13 14  18 17 15 16  20 19 17 18  22 21 19 20  24 23 21 22  26 25 23 24 
 28 27 25 26  30 29 27 28  32 31 29 30  34 33 31 32  36 35 33 34  38 37 35 36 
 40 39 37 38  42 41 39 40 
  MBQ4   MBQ4   MBQ4   MBQ4   MBQ4   MBQ4   MBQ4   MBQ4   MBQ4   MBQ4   MBQ4   MBQ4   MBQ4   MBQ4   MBQ4   MBQ4   MBQ4   MBQ4   MBQ4   MBQ4 
 1  1  1  1  1  1  1  1  1  1  1  1  1  1  1  1  1  1  1  1 
Beton El
1 3 .23 35000. 0.2 
800
COND
2
NUL
2
1
2 
1
2
2
2 42 
2
0
IMP
2 
1
21 
2
        -0.5 
0
MCNL
2
11 500 0.0001
1
0 1 2 3 4 5 6 7 8 9 10 
