0.00000000000000000E+00  0.00000000000000000E+00
4.95561439469930018E-06  1.40595263793070135E-01
9.91122878939860037E-06  2.81190527586140271E-01
1.48668431840979006E-05  4.21785791379210406E-01
1.98224575787972007E-05  5.62381055172280542E-01
2.47780719734965009E-05  7.02976318965350733E-01
2.97336863681958011E-05  8.43571582758420813E-01
3.46893007628951047E-05  9.84166846551491004E-01
3.96449151575944015E-05  1.12476211034456108E+00
4.46005295522936983E-05  1.26535737413763116E+00
4.95561439469930018E-05  1.40595263793070147E+00
5.45117583416923054E-05  1.54654790172377155E+00
5.94673727363916022E-05  1.68714316551684163E+00
6.44229871310908990E-05  1.82773842930991171E+00
6.93786015257902094E-05  1.96833369310298201E+00
7.43342159204895062E-05  2.10892895689605231E+00
7.92898303151888030E-05  2.24952422068912217E+00
8.42454447098880998E-05  2.39011948448219202E+00
8.92010591045873965E-05  2.50590184751538558E+00
9.41566734992867069E-05  2.52260432175478400E+00
9.91122878939860037E-05  2.53930679599418241E+00
1.04067902288685300E-04  2.55600927023358082E+00
1.09023516683384611E-04  2.57271174447297923E+00
1.13979131078083908E-04  2.58941421871237765E+00
1.18934745472783204E-04  2.60611669295177606E+00
1.23890359867482501E-04  2.62281916719117447E+00
1.28845974262181798E-04  2.63952164143057288E+00
1.33801588656881095E-04  2.65622411566997085E+00
1.38757203051580419E-04  2.67292658990936927E+00
1.43712817446279716E-04  2.68962906414876768E+00
1.48668431840979012E-04  2.70633153838816609E+00
1.53624046235678309E-04  2.72303401262756450E+00
1.58579660630377606E-04  2.73973648686696292E+00
1.63535275025076903E-04  2.75643896110636089E+00
1.68490889419776200E-04  2.77314143534575930E+00
1.73446503814475496E-04  2.78984390958515771E+00
1.78402118209174793E-04  2.80654638382455612E+00
1.83357732603874117E-04  2.82324885806395454E+00
1.88313346998573414E-04  2.83995133230335295E+00
1.93268961393272711E-04  2.85665380654275136E+00
1.98224575787972007E-04  2.87335628078214977E+00
2.03180190182671304E-04  2.89005875502154819E+00
2.08135804577370601E-04  2.90676122926094616E+00
2.13091418972069898E-04  2.92346370350034457E+00
2.18047033366769222E-04  2.94016617773974298E+00
2.23002647761468518E-04  2.95686865197914139E+00
2.27958262156167815E-04  2.97357112621853981E+00
2.32913876550867112E-04  2.99027360045793822E+00
2.37869490945566409E-04  3.00697607469733619E+00
2.42825105340265706E-04  3.02367854893673460E+00
2.47780719734965002E-04  3.04038102317613301E+00
2.52736334129664299E-04  3.05708349741553143E+00
2.57691948524363596E-04  3.07378597165492984E+00
2.62647562919062893E-04  3.09048844589432825E+00
2.67603177313762190E-04  3.10719092013372666E+00
2.72558791708461486E-04  3.12389339437312508E+00
2.77514406103160837E-04  3.14059586861252349E+00
2.82470020497860134E-04  3.15729834285192190E+00
2.87425634892559431E-04  3.17400081709132031E+00
2.92381249287258728E-04  3.19070329133071828E+00
2.97336863681958025E-04  3.20740576557011670E+00
3.02292478076657321E-04  3.22410823980951511E+00
3.07248092471356618E-04  3.24081071404891352E+00
3.12203706866055915E-04  3.25751318828831149E+00
3.17159321260755212E-04  3.27421566252770990E+00
3.22114935655454509E-04  3.29091813676710832E+00
3.27070550050153805E-04  3.30762061100650673E+00
3.32026164444853102E-04  3.32432308524590514E+00
3.36981778839552399E-04  3.34102555948530355E+00
3.41937393234251696E-04  3.35772803372470197E+00
3.46893007628950993E-04  3.37443050796410038E+00
3.51848622023650289E-04  3.39113298220349879E+00
3.56804236418349586E-04  3.40783545644289676E+00
3.61759850813048937E-04  3.42453793068229562E+00
3.66715465207748234E-04  3.44124040492169403E+00
3.71671079602447531E-04  3.45794287916109200E+00
3.76626693997146828E-04  3.47464535340049041E+00
3.81582308391846124E-04  3.49134782763988882E+00
3.86537922786545421E-04  3.50805030187928679E+00
3.91493537181244718E-04  3.52475277611868520E+00
3.96449151575944015E-04  3.54145525035808362E+00
4.01404765970643312E-04  3.55815772459748203E+00
4.06360380365342608E-04  3.57486019883688044E+00
4.11315994760041905E-04  3.59156267307627886E+00
4.16271609154741202E-04  3.60826514731567727E+00
4.21227223549440499E-04  3.62496762155507568E+00
4.26182837944139796E-04  3.64167009579447409E+00
4.31138452338839092E-04  3.65837257003387206E+00
4.36094066733538443E-04  3.67507504427327092E+00
4.41049681128237740E-04  3.69177751851266933E+00
4.46005295522937037E-04  3.70847999275206730E+00
4.50960909917636334E-04  3.72518246699146571E+00
4.55916524312335631E-04  3.74188494123086413E+00
4.60872138707034927E-04  3.75858741547026209E+00
4.65827753101734224E-04  3.77528988970966051E+00
4.70783367496433521E-04  3.79199236394905892E+00
4.75738981891132818E-04  3.80869483818845733E+00
4.80694596285832115E-04  3.82539731242785574E+00
4.85650210680531411E-04  3.84209978666725416E+00
4.90605825075230762E-04  3.85880226090665257E+00
4.95561439469930005E-04  3.87550473514605098E+00
5.00517053864629356E-04  3.89220720938544940E+00
5.05472668259328599E-04  3.90890968362484781E+00
5.10428282654027950E-04  3.92561215786424622E+00
5.15383897048727192E-04  3.94231463210364419E+00
5.20339511443426543E-04  3.95901710634304260E+00
5.25295125838125786E-04  3.97571958058244057E+00
5.30250740232825137E-04  3.99242205482183943E+00
5.35206354627524379E-04  4.00912452906123740E+00
5.40161969022223730E-04  4.02582700330063581E+00
5.45117583416922973E-04  4.04252947754003422E+00
5.50073197811622324E-04  4.05923195177943263E+00
5.55028812206321675E-04  4.07593442601883105E+00
5.59984426601020917E-04  4.09263690025822946E+00
5.64940040995720268E-04  4.10933937449762787E+00
5.69895655390419511E-04  4.12604184873702629E+00
5.74851269785118862E-04  4.14274432297642470E+00
5.79806884179818105E-04  4.15944679721582311E+00
5.84762498574517456E-04  4.17614927145522152E+00
5.89718112969216698E-04  4.19285174569461994E+00
5.94673727363916049E-04  4.20955421993401835E+00
5.99629341758615292E-04  4.22625669417341676E+00
6.04584956153314643E-04  4.24295916841281517E+00
6.09540570548013885E-04  4.25966164265221270E+00
6.14496184942713236E-04  4.27636411689161200E+00
6.19451799337412479E-04  4.29306659113100952E+00
6.24407413732111830E-04  4.30976906537040794E+00
6.29363028126811073E-04  4.32647153960980635E+00
6.34318642521510424E-04  4.34317401384920476E+00
6.39274256916209775E-04  4.35987648808860317E+00
6.44229871310909017E-04  4.37657896232800159E+00
6.49185485705608368E-04  4.39328143656740000E+00
6.54141100100307611E-04  4.40998391080679752E+00
6.59096714495006962E-04  4.42668638504619683E+00
6.64052328889706204E-04  4.44338885928559435E+00
6.69007943284405555E-04  4.46009133352499276E+00
6.73963557679104798E-04  4.47679380776439118E+00
6.78919172073804149E-04  4.49349628200378959E+00
6.83874786468503392E-04  4.51019875624318800E+00
6.88830400863202743E-04  4.52690123048258641E+00
6.93786015257901985E-04  4.54360370472198483E+00
6.98741629652601336E-04  4.56030617896138324E+00
7.03697244047300579E-04  4.57700865320078165E+00
7.08652858441999930E-04  4.59371112744018006E+00
7.13608472836699172E-04  4.61041360167957848E+00
7.18564087231398523E-04  4.62711607591897689E+00
7.23519701626097874E-04  4.64381855015837530E+00
7.28475316020797117E-04  4.66052102439777372E+00
7.33430930415496468E-04  4.67722349863717213E+00
7.38386544810195711E-04  4.69392597287657054E+00
7.43342159204895062E-04  4.71062844711596895E+00
7.48297773599594304E-04  4.72733092135536737E+00
7.53253387994293655E-04  4.74403339559476578E+00
7.58209002388992898E-04  4.76073586983416330E+00
7.63164616783692249E-04  4.77743834407356260E+00
7.68120231178391491E-04  4.79414081831296013E+00
7.73075845573090842E-04  4.81084329255235854E+00
7.78031459967790085E-04  4.82754576679175695E+00
7.82987074362489436E-04  4.84424824103115537E+00
7.87942688757188679E-04  4.86095071527055289E+00
7.92898303151888030E-04  4.87765318950995219E+00
7.97853917546587381E-04  4.89435566374935060E+00
8.02809531941286623E-04  4.91105813798874813E+00
8.07765146335985974E-04  4.92776061222814743E+00
8.12720760730685217E-04  4.94446308646754495E+00
8.17676375125384568E-04  4.96116556070694337E+00
8.22631989520083810E-04  4.97786803494634178E+00
8.27587603914783161E-04  4.99457050918574019E+00
8.32543218309482404E-04  5.01127298342513861E+00
8.37498832704181755E-04  5.02797545766453702E+00
8.42454447098880998E-04  5.04467793190393543E+00
8.47410061493580349E-04  5.06138040614333384E+00
8.52365675888279591E-04  5.07808288038273226E+00
8.57321290282978942E-04  5.09478535462213067E+00
8.62276904677678185E-04  5.11148782886152908E+00
8.67232519072377536E-04  5.12819030310092749E+00
8.72188133467076887E-04  5.14489277734032591E+00
8.77143747861776129E-04  5.16159525157972432E+00
8.82099362256475480E-04  5.17829772581912273E+00
8.87054976651174723E-04  5.19500020005852114E+00
8.92010591045874074E-04  5.21170267429791956E+00
8.96966205440573316E-04  5.22840514853731797E+00
9.01921819835272667E-04  5.24510762277671638E+00
9.06877434229971910E-04  5.26181009701611391E+00
9.11833048624671261E-04  5.27851257125551321E+00
9.16788663019370504E-04  5.29521504549491073E+00
9.21744277414069855E-04  5.31191751973430915E+00
9.26699891808769097E-04  5.32861999397370756E+00
9.31655506203468448E-04  5.34532246821310597E+00
9.36611120598167691E-04  5.36202494245250438E+00
9.41566734992867042E-04  5.37872741669190280E+00
9.46522349387566284E-04  5.39542989093130032E+00
9.51477963782265635E-04  5.41213236517069873E+00
9.56433578176964986E-04  5.42883483941009803E+00
9.61389192571664229E-04  5.44553731364949556E+00
9.66344806966363580E-04  5.46223978788889397E+00
9.71300421361062823E-04  5.47894226212829238E+00
9.76256035755762174E-04  5.49564473636769080E+00
9.81211650150461525E-04  5.51234721060708921E+00
9.86167264545160767E-04  5.52904968484648762E+00
9.91122878939860010E-04  5.54575215908588603E+00
9.96078493334559252E-04  5.56245463332528445E+00
1.00103410772925871E-03  5.57915710756468286E+00
1.00598972212395795E-03  5.59585958180408127E+00
1.01094533651865720E-03  5.61256205604347969E+00
1.01590095091335644E-03  5.62926453028287810E+00
1.02085656530805590E-03  5.64596700452227651E+00
1.02581217970275514E-03  5.66266947876167492E+00
1.03076779409745438E-03  5.67937195300107334E+00
1.03572340849215384E-03  5.69607442724047175E+00
1.04067902288685309E-03  5.71277690147987016E+00
1.04563463728155233E-03  5.72947937571926857E+00
1.05059025167625157E-03  5.74618184995866610E+00
1.05554586607095103E-03  5.76288432419806540E+00
1.06050148046565027E-03  5.77958679843746381E+00
1.06545709486034952E-03  5.79628927267686134E+00
1.07041270925504876E-03  5.81299174691625975E+00
1.07536832364974822E-03  5.82969422115565905E+00
1.08032393804444746E-03  5.84639669539505658E+00
1.08527955243914670E-03  5.86309916963445499E+00
1.09023516683384595E-03  5.87980164387385251E+00
1.09519078122854541E-03  5.89650411811325181E+00
1.10014639562324465E-03  5.91320659235265023E+00
1.10510201001794389E-03  5.92990906659204775E+00
1.11005762441264335E-03  5.94661154083144705E+00
1.11501323880734259E-03  5.96331401507084458E+00
1.11996885320204183E-03  5.98001648931024299E+00
1.12492446759674108E-03  5.99671896354964140E+00
1.12988008199144054E-03  6.01342143778903981E+00
1.13483569638613978E-03  6.03012391202843823E+00
1.13979131078083902E-03  6.04682638626783664E+00
1.14474692517553826E-03  6.06352886050723505E+00
1.14970253957023772E-03  6.08263953946535363E+00
1.15465815396493697E-03  6.10475530257326415E+00
1.15961376835963621E-03  6.12687106568117468E+00
1.16456938275433545E-03  6.14898682878908520E+00
1.16952499714903491E-03  6.17110259189699661E+00
1.17448061154373415E-03  6.19321835500490714E+00
1.17943622593843340E-03  6.21533411811281766E+00
1.18439184033313264E-03  6.23744988122072819E+00
1.18934745472783210E-03  6.25956564432863871E+00
1.19430306912253134E-03  6.28168140743654924E+00
1.19925868351723058E-03  6.30379717054445976E+00
1.20421429791193004E-03  6.32591293365237117E+00
1.20916991230662929E-03  6.34802869676028170E+00
1.21412552670132853E-03  6.37014445986819222E+00
1.21908114109602777E-03  6.39226022297610275E+00
1.22403675549072723E-03  6.41437598608401416E+00
1.22899236988542647E-03  6.43649174919192468E+00
1.23394798428012572E-03  6.45860751229983432E+00
1.23890359867482496E-03  6.48072327540774484E+00
1.24385921306952442E-03  6.50283903851565626E+00
1.24881482746422366E-03  6.52495480162356678E+00
1.25377044185892290E-03  6.54707056473147730E+00
1.25872605625362215E-03  6.56918632783938783E+00
1.26368167064832160E-03  6.59130209094729924E+00
1.26863728504302085E-03  6.61341785405520977E+00
1.27359289943772009E-03  6.63553361716311940E+00
1.27854851383241955E-03  6.65764938027103081E+00
1.28350412822711879E-03  6.67976514337894134E+00
1.28845974262181803E-03  6.70188090648685186E+00
1.29341535701651728E-03  6.72399666959476239E+00
1.29837097141121674E-03  6.74611243270267380E+00
1.30332658580591598E-03  6.76822819581058432E+00
1.30828220020061522E-03  6.79034395891849485E+00
1.31323781459531446E-03  6.81245972202640537E+00
1.31819342899001392E-03  6.83457548513431590E+00
1.32314904338471317E-03  6.85669124824222642E+00
1.32810465777941241E-03  6.87880701135013695E+00
1.33306027217411165E-03  6.90092277445804747E+00
1.33801588656881111E-03  6.92303853756595888E+00
1.34297150096351035E-03  6.94515430067386941E+00
1.34792711535820960E-03  6.96727006378177993E+00
1.35288272975290906E-03  6.98938582688969134E+00
1.35783834414760830E-03  7.01150158999760187E+00
1.36279395854230754E-03  7.03361735310551150E+00
1.36774957293700678E-03  7.05573311621342203E+00
1.37270518733170624E-03  7.07784887932133344E+00
1.37766080172640549E-03  7.09996464242924397E+00
1.38261641612110473E-03  7.12208040553715449E+00
1.38757203051580397E-03  7.14419616864506501E+00
1.39252764491050343E-03  7.16631193175297643E+00
1.39748325930520267E-03  7.18842769486088695E+00
1.40243887369990191E-03  7.21054345796879659E+00
1.40739448809460116E-03  7.23265922107670711E+00
1.41235010248930062E-03  7.25477498418461852E+00
1.41730571688399986E-03  7.27689074729252905E+00
1.42226133127869910E-03  7.29900651040043957E+00
1.42721694567339834E-03  7.32112227350835010E+00
1.43217256006809780E-03  7.34323803661626151E+00
1.43712817446279705E-03  7.36535379972417203E+00
1.44208378885749629E-03  7.38746956283208256E+00
1.44703940325219575E-03  7.40958532593999397E+00
1.45199501764689499E-03  7.43170108904790361E+00
1.45695063204159423E-03  7.45381685215581413E+00
1.46190624643629348E-03  7.47593261526372466E+00
1.46686186083099294E-03  7.49804837837163607E+00
1.47181747522569218E-03  7.52016414147954659E+00
1.47677308962039142E-03  7.54227990458745712E+00
1.48172870401509066E-03  7.56439566769536764E+00
1.48668431840979012E-03  7.58651143080327905E+00
1.49163993280448937E-03  7.60862719391118869E+00
1.49659554719918861E-03  7.63074295701909922E+00
1.50155116159388785E-03  7.65285872012700974E+00
1.50650677598858731E-03  7.67497448323492115E+00
1.51146239038328655E-03  7.69709024634283168E+00
1.51641800477798580E-03  7.71920600945074220E+00
1.52137361917268525E-03  7.74132177255865361E+00
1.52632923356738450E-03  7.76343753566656414E+00
1.53128484796208374E-03  7.78555329877447466E+00
1.53624046235678298E-03  7.80766906188238430E+00
1.54119607675148244E-03  7.82978482499029571E+00
1.54615169114618168E-03  7.85190058809820624E+00
1.55110730554088093E-03  7.87401635120611676E+00
1.55606291993558017E-03  7.89613211431402728E+00
1.56101853433027963E-03  7.91824787742193870E+00
1.56597414872497887E-03  7.94036364052984922E+00
1.57092976311967811E-03  7.96247940363775975E+00
1.57588537751437736E-03  7.98459516674566938E+00
1.58084099190907682E-03  8.00671092985358079E+00
1.58579660630377606E-03  8.02882669296149132E+00
1.59075222069847530E-03  8.05094245606940184E+00
1.59570783509317476E-03  8.07305821917731237E+00
1.60066344948787400E-03  8.09517398228522467E+00
1.60561906388257325E-03  8.11728974539313342E+00
1.61057467827727249E-03  8.13940550850104572E+00
1.61553029267197195E-03  8.16152127160895624E+00
1.62048590706667119E-03  8.18363703471686676E+00
1.62544152146137043E-03  8.20575279782477551E+00
1.63039713585606968E-03  8.22786856093268781E+00
1.63535275025076914E-03  8.24998432404059834E+00
1.64030836464546838E-03  8.27210008714850886E+00
1.64526397904016762E-03  8.29421585025641939E+00
1.65021959343486686E-03  8.31633161336432991E+00
1.65517520782956632E-03  8.33844737647224221E+00
1.66013082222426557E-03  8.36056313958015096E+00
1.66508643661896481E-03  8.38267890268806148E+00
1.67004205101366427E-03  8.40479466579597201E+00
1.67499766540836351E-03  8.42691042890388431E+00
1.67995327980306275E-03  8.44902619201179306E+00
1.68490889419776200E-03  8.47114195511970536E+00
1.68986450859246145E-03  8.49325771822761588E+00
1.69482012298716070E-03  8.51537348133552641E+00
1.69977573738185994E-03  8.53748924444343693E+00
1.70473135177655918E-03  8.55960500755134746E+00
1.70968696617125864E-03  8.58172077065925798E+00
1.71464258056595788E-03  8.60383653376716850E+00
1.71959819496065713E-03  8.62595229687507903E+00
1.72455380935535637E-03  8.64806805998298955E+00
1.72950942375005583E-03  8.67018382309090185E+00
1.73446503814475507E-03  8.69229958619881060E+00
1.73942065253945431E-03  8.71441534930672290E+00
1.74437626693415377E-03  8.73653111241463343E+00
1.74933188132885302E-03  8.75864687552254395E+00
1.75428749572355226E-03  8.78076263863045270E+00
1.75924311011825150E-03  8.80287840173836500E+00
1.76419872451295096E-03  8.82499416484627552E+00
1.76915433890765020E-03  8.84710992795418605E+00
1.77410995330234945E-03  8.86922569106209657E+00
1.77906556769704869E-03  8.89134145417000710E+00
1.78402118209174815E-03  8.91345721727791940E+00
1.78897679648644739E-03  8.93557298038582815E+00
1.79393241088114663E-03  8.95768874349373867E+00
1.79888802527584588E-03  8.97980450660164919E+00
1.80384363967054533E-03  9.00192026970956150E+00
1.80879925406524458E-03  9.02403603281747202E+00
1.81375486845994382E-03  9.04615179592538077E+00
1.81871048285464306E-03  9.06826755903329129E+00
1.82366609724934252E-03  9.09038332214120359E+00
1.82862171164404176E-03  9.11249908524911412E+00
1.83357732603874101E-03  9.13461484835702464E+00
1.83853294043344047E-03  9.15673061146493517E+00
1.84348855482813971E-03  9.17884637457284569E+00
1.84844416922283895E-03  9.20096213768075621E+00
1.85339978361753819E-03  9.22307790078866674E+00
1.85835539801223765E-03  9.24519366389657726E+00
1.86331101240693690E-03  9.26730942700448779E+00
1.86826662680163614E-03  9.28942519011239831E+00
1.87322224119633538E-03  9.31154095322030884E+00
1.87817785559103484E-03  9.33365671632822114E+00
1.88313346998573408E-03  9.35577247943613166E+00
1.88808908438043333E-03  9.37788824254404219E+00
1.89304469877513257E-03  9.40000400565195271E+00
1.89800031316983203E-03  9.42211976875986323E+00
1.90295592756453127E-03  9.44423553186777376E+00
1.90791154195923051E-03  9.46635129497568428E+00
1.91286715635392997E-03  9.48846705808359481E+00
1.91782277074862922E-03  9.51058282119150533E+00
1.92277838514332846E-03  9.53269858429941586E+00
1.92773399953802770E-03  9.55481434740732638E+00
1.93268961393272716E-03  9.57693011051523868E+00
1.93764522832742640E-03  9.59904587362314921E+00
1.94260084272212565E-03  9.62116163673105795E+00
1.94755645711682489E-03  9.64327739983896848E+00
1.95251207151152435E-03  9.66539316294688078E+00
1.95746768590622337E-03  9.68750892605478953E+00
1.96242330030092305E-03  9.70962468916270183E+00
1.96737891469562229E-03  9.73174045227061235E+00
1.97233452909032153E-03  9.75385621537852288E+00
1.97729014348502078E-03  9.77597197848643340E+00
1.98224575787972002E-03  9.79808774159434392E+00
1.98720137227441926E-03  9.82020350470225445E+00
1.99215698666911850E-03  9.84231926781016497E+00
1.99711260106381818E-03  9.86443503091807727E+00
2.00206821545851742E-03  9.88655079402598780E+00
2.00702382985321667E-03  9.90866655713389832E+00
2.01197944424791591E-03  9.93078232024180885E+00
2.01693505864261515E-03  9.95289808334971937E+00
2.02189067303731439E-03  9.97501384645762990E+00
2.02684628743201364E-03  9.99712960956553864E+00
2.03180190182671288E-03  1.00192453726734492E+01
2.03675751622141256E-03  1.00413611357813615E+01
2.04171313061611180E-03  1.00634768988892720E+01
2.04666874501081104E-03  1.00855926619971825E+01
2.05162435940551028E-03  1.01077084251050930E+01
2.05657997380020953E-03  1.01298241882130036E+01
2.06153558819490877E-03  1.01519399513209141E+01
2.06649120258960801E-03  1.01740557144288246E+01
2.07144681698430769E-03  1.01961714775367369E+01
2.07640243137900693E-03  1.02182872406446474E+01
2.08135804577370617E-03  1.02404030037525580E+01
2.08631366016840541E-03  1.02625187668604685E+01
2.09126927456310466E-03  1.02846345299683790E+01
2.09622488895780390E-03  1.03067502930762895E+01
2.10118050335250314E-03  1.03288660561842001E+01
2.10613611774720239E-03  1.03509818192921106E+01
2.11109173214190206E-03  1.03730975824000229E+01
2.11604734653660130E-03  1.03952133455079334E+01
2.12100296093130055E-03  1.04173291086158422E+01
2.12595857532599979E-03  1.04394448717237527E+01
2.13091418972069903E-03  1.04615606348316632E+01
2.13586980411539827E-03  1.04836763979395737E+01
2.14082541851009752E-03  1.05057921610474843E+01
2.14578103290479719E-03  1.05279079241553966E+01
2.15073664729949644E-03  1.05500236872633071E+01
2.15569226169419568E-03  1.05721394503712176E+01
2.16064787608889492E-03  1.05942552134791281E+01
2.16560349048359416E-03  1.06163709765870387E+01
2.17055910487829341E-03  1.06384867396949492E+01
2.17551471927299265E-03  1.06606025028028597E+01
2.18047033366769189E-03  1.06827182659107702E+01
2.18542594806239157E-03  1.07048340290186825E+01
2.19038156245709081E-03  1.07269497921265931E+01
2.19533717685179005E-03  1.07490655552345036E+01
2.20029279124648930E-03  1.07711813183424141E+01
2.20524840564118854E-03  1.07932970814503228E+01
2.21020402003588778E-03  1.08154128445582334E+01
2.21515963443058702E-03  1.08375286076661439E+01
2.22011524882528670E-03  1.08596443707740562E+01
2.22507086321998594E-03  1.08817601338819667E+01
2.23002647761468518E-03  1.09038758969898772E+01
2.23498209200938443E-03  1.09259916600977878E+01
2.23993770640408367E-03  1.09481074232056983E+01
2.24489332079878291E-03  1.09702231863136088E+01
2.24984893519348216E-03  1.09923389494215193E+01
2.25480454958818140E-03  1.10144547125294299E+01
2.25976016398288107E-03  1.10365704756373422E+01
2.26471577837758032E-03  1.10586862387452527E+01
2.26967139277227956E-03  1.10808020018531632E+01
2.27462700716697880E-03  1.11029177649610737E+01
2.27958262156167804E-03  1.11250335280689843E+01
2.28453823595637729E-03  1.11471492911768948E+01
2.28949385035107653E-03  1.11692650542848035E+01
2.29444946474577577E-03  1.11913808173927141E+01
2.29940507914047545E-03  1.12134965805006264E+01
2.30436069353517469E-03  1.12356123436085369E+01
2.30931630792987393E-03  1.12577281067164474E+01
2.31427192232457318E-03  1.12798438698243579E+01
2.31922753671927242E-03  1.13019596329322685E+01
2.32418315111397166E-03  1.13240753960401790E+01
2.32913876550867090E-03  1.13461911591480895E+01
2.33409437990337058E-03  1.13683069222560018E+01
2.33904999429806982E-03  1.13904226853639123E+01
2.34400560869276907E-03  1.14125384484718229E+01
2.34896122308746831E-03  1.14346542115797334E+01
2.35391683748216755E-03  1.14567699746876439E+01
2.35887245187686679E-03  1.14788857377955544E+01
2.36382806627156604E-03  1.15010015009034650E+01
2.36878368066626528E-03  1.15231172640113755E+01
2.37373929506096495E-03  1.15452330271192878E+01
2.37869490945566420E-03  1.15673487902271965E+01
2.38365052385036344E-03  1.15894645533351071E+01
2.38860613824506268E-03  1.16115803164430176E+01
2.39356175263976192E-03  1.16336960795509281E+01
2.39851736703446117E-03  1.16558118426588386E+01
2.40347298142916041E-03  1.16779276057667492E+01
2.40842859582386009E-03  1.17000433688746615E+01
2.41338421021855933E-03  1.17221591319825720E+01
2.41833982461325857E-03  1.17442748950904825E+01
2.42329543900795781E-03  1.17663906581983930E+01
2.42825105340265706E-03  1.17885064213063036E+01
2.43320666779735630E-03  1.18106221844142141E+01
2.43816228219205554E-03  1.18327379475221246E+01
2.44311789658675478E-03  1.18548537106300351E+01
2.44807351098145446E-03  1.18769694737379474E+01
2.45302912537615370E-03  1.18990852368458579E+01
2.45798473977085295E-03  1.19212009999537685E+01
2.46294035416555219E-03  1.19433167630616772E+01
2.46789596856025143E-03  1.19654325261695877E+01
2.47285158295495067E-03  1.19875482892774983E+01
2.47780719734964992E-03  1.20096640523854088E+01
2.48276281174434959E-03  1.20317798154933211E+01
2.48771842613904883E-03  1.20538955786012316E+01
2.49267404053374808E-03  1.20760113417091421E+01
2.49762965492844732E-03  1.20981271048170527E+01
2.50258526932314656E-03  1.21202428679249632E+01
2.50754088371784581E-03  1.21423586310328737E+01
2.51249649811254505E-03  1.21644743941407842E+01
2.51745211250724429E-03  1.21865901572486948E+01
2.52240772690194397E-03  1.22087059203566071E+01
2.52736334129664321E-03  1.22308216834645176E+01
2.53231895569134245E-03  1.22529374465724281E+01
2.53727457008604169E-03  1.22750532096803386E+01
2.54223018448074094E-03  1.22971689727882492E+01
2.54718579887544018E-03  1.23192847358961579E+01
2.55214141327013942E-03  1.23414004990040684E+01
2.55709702766483910E-03  1.23635162621119807E+01
2.56205264205953834E-03  1.23856320252198913E+01
2.56700825645423758E-03  1.24077477883278018E+01
2.57196387084893683E-03  1.24298635514357123E+01
2.57691948524363607E-03  1.24519793145436228E+01
2.58187509963833531E-03  1.24740950776515334E+01
2.58683071403303455E-03  1.24962108407594439E+01
2.59178632842773380E-03  1.25183266038673544E+01
2.59674194282243347E-03  1.25404423669752667E+01
2.60169755721713272E-03  1.25625581300831772E+01
2.60665317161183196E-03  1.25846738931910878E+01
2.61160878600653120E-03  1.26067896562989983E+01
2.61656440040123044E-03  1.26289054194069088E+01
2.62152001479592969E-03  1.26510211825148193E+01
2.62647562919062893E-03  1.26731369456227299E+01
2.63143124358532860E-03  1.26952527087306422E+01
2.63638685798002785E-03  1.27173684718385509E+01
2.64134247237472709E-03  1.27394842349464614E+01
2.64629808676942633E-03  1.27615999980543720E+01
2.65125370116412558E-03  1.27837157611622825E+01
2.65620931555882482E-03  1.28058315242701930E+01
2.66116492995352406E-03  1.28279472873781035E+01
2.66612054434822330E-03  1.28500630504860140E+01
2.67107615874292298E-03  1.28721788135939263E+01
2.67603177313762222E-03  1.28942945767018369E+01
2.68098738753232146E-03  1.29164103398097474E+01
2.68594300192702071E-03  1.29385261029176579E+01
2.69089861632171995E-03  1.29606418660255684E+01
2.69585423071641919E-03  1.29827576291334790E+01
2.70080984511111843E-03  1.30048733922413895E+01
2.70576545950581811E-03  1.30269891553493018E+01
2.71072107390051735E-03  1.30491049184572123E+01
2.71567668829521660E-03  1.30712206815651228E+01
2.72063230268991584E-03  1.30933364446730316E+01
2.72558791708461508E-03  1.31154522077809421E+01
2.73054353147931432E-03  1.31375679708888526E+01
2.73549914587401357E-03  1.31596837339967632E+01
2.74045476026871281E-03  1.31817994971046737E+01
2.74541037466341249E-03  1.32039152602125860E+01
2.75036598905811173E-03  1.32260310233204965E+01
2.75532160345281097E-03  1.32481467864284070E+01
2.76027721784751021E-03  1.32702625495363176E+01
2.76523283224220946E-03  1.32923783126442281E+01
2.77018844663690870E-03  1.33144940757521386E+01
2.77514406103160794E-03  1.33366098388600491E+01
2.78009967542630762E-03  1.33587256019679614E+01
2.78505528982100686E-03  1.33808413650758720E+01
2.79001090421570610E-03  1.34029571281837825E+01
2.79496651861040534E-03  1.34250728912916930E+01
2.79992213300510459E-03  1.34471886543996035E+01
2.80487774739980383E-03  1.34693044175075123E+01
2.80983336179450307E-03  1.34914201806154228E+01
2.81478897618920232E-03  1.35135359437233333E+01
2.81974459058390199E-03  1.35356517068312456E+01
2.82470020497860123E-03  1.35577674699391562E+01
2.82965581937330048E-03  1.35798832330470667E+01
2.83461143376799972E-03  1.36019989961549772E+01
2.83956704816269896E-03  1.36241147592628877E+01
2.84452266255739820E-03  1.36462305223707983E+01
2.84947827695209745E-03  1.36683462854787088E+01
2.85443389134679669E-03  1.36904620485866193E+01
2.85938950574149637E-03  1.37125778116945316E+01
2.86434512013619561E-03  1.37346935748024421E+01
2.86930073453089485E-03  1.37568093379103527E+01
2.87425634892559409E-03  1.37789251010182632E+01
2.87921196332029334E-03  1.38010408641261737E+01
2.88416757771499258E-03  1.38231566272340842E+01
2.88912319210969182E-03  1.38452723903419930E+01
2.89407880650439150E-03  1.38673881534499071E+01
2.89903442089909074E-03  1.38895039165578158E+01
2.90399003529378998E-03  1.39116196796657263E+01
2.90894564968848923E-03  1.39337354427736368E+01
2.91390126408318847E-03  1.39558512058815474E+01
2.91885687847788771E-03  1.39779669689894579E+01
2.92381249287258695E-03  1.40000827320973684E+01
2.92876810726728620E-03  1.40221984952052789E+01
2.93372372166198587E-03  1.40443142583131912E+01
2.93867933605668511E-03  1.40664300214211018E+01
2.94363495045138436E-03  1.40885457845290123E+01
2.94859056484608360E-03  1.41106615476369228E+01
2.95354617924078284E-03  1.41327773107448333E+01
2.95850179363548208E-03  1.41548930738527439E+01
2.96345740803018133E-03  1.41770088369606544E+01
2.96841302242488100E-03  1.41991246000685667E+01
2.97336863681958025E-03  1.42212403631764772E+01
2.97832425121427949E-03  1.42433561262843877E+01
2.98327986560897873E-03  1.42654718893922965E+01
2.98823548000367797E-03  1.42875876525002070E+01
2.99319109439837722E-03  1.43097034156081175E+01
2.99814670879307646E-03  1.43318191787160281E+01
3.00310232318777570E-03  1.43539349418239386E+01
3.00805793758247538E-03  1.43760507049318509E+01
3.01301355197717462E-03  1.43981664680397614E+01
3.01796916637187386E-03  1.44202822311476719E+01
3.02292478076657311E-03  1.44423979942555825E+01
3.02788039516127235E-03  1.44645137573634930E+01
3.03283600955597159E-03  1.44866295204714035E+01
3.03779162395067083E-03  1.45087452835793140E+01
3.04274723834537051E-03  1.45308610466872263E+01
3.04770285274006975E-03  1.45529768097951369E+01
3.05265846713476900E-03  1.45750925729030474E+01
3.05761408152946824E-03  1.45972083360109579E+01
3.06256969592416748E-03  1.46193240991188684E+01
3.06752531031886672E-03  1.46414398622267772E+01
3.07248092471356597E-03  1.46635556253346877E+01
3.07743653910826521E-03  1.46856713884425982E+01
3.08239215350296488E-03  1.47077871515505105E+01
3.08734776789766413E-03  1.47299029146584211E+01
3.09230338229236337E-03  1.47520186777663316E+01
3.09725899668706261E-03  1.47741344408742421E+01
3.10221461108176185E-03  1.47962502039821526E+01
3.10717022547646110E-03  1.48183659670900632E+01
3.11212583987116034E-03  1.48404817301979737E+01
3.11708145426586002E-03  1.48625974933058860E+01
3.12203706866055926E-03  1.48847132564137965E+01
3.12699268305525850E-03  1.49068290195217070E+01
3.13194829744995774E-03  1.49289447826296175E+01
3.13690391184465699E-03  1.49510605457375281E+01
3.14185952623935623E-03  1.49731763088454386E+01
3.14681514063405547E-03  1.49952920719533491E+01
3.15177075502875471E-03  1.50174078350612579E+01
3.15672636942345439E-03  1.50395235981691702E+01
3.16168198381815363E-03  1.50616393612770807E+01
3.16663759821285288E-03  1.50837551243849912E+01
3.17159321260755212E-03  1.51058708874929017E+01
3.17654882700225136E-03  1.51279866506008123E+01
3.18150444139695060E-03  1.51501024137087228E+01
3.18646005579164985E-03  1.51722181768166333E+01
3.19141567018634952E-03  1.51943339399245456E+01
3.19637128458104876E-03  1.52164497030324561E+01
3.20132689897574801E-03  1.52385654661403667E+01
3.20628251337044725E-03  1.52606812292482772E+01
3.21123812776514649E-03  1.52827969923561877E+01
3.21619374215984574E-03  1.53049127554640982E+01
3.22114935655454498E-03  1.53270285185720088E+01
3.22610497094924422E-03  1.53491442816799193E+01
3.23106058534394390E-03  1.53712600447878316E+01
3.23601619973864314E-03  1.53933758078957421E+01
3.24097181413334238E-03  1.54154915710036509E+01
3.24592742852804162E-03  1.54376073341115614E+01
3.25088304292274087E-03  1.54597230972194719E+01
3.25583865731744011E-03  1.54818388603273824E+01
3.26079427171213935E-03  1.55039546234352930E+01
3.26574988610683903E-03  1.55260703865432053E+01
3.27070550050153827E-03  1.55481861496511158E+01
3.27566111489623751E-03  1.55703019127590263E+01
3.28061672929093676E-03  1.55924176758669368E+01
3.28557234368563600E-03  1.56145334389748474E+01
3.29052795808033524E-03  1.56366492020827579E+01
3.29548357247503448E-03  1.56587649651906684E+01
3.30043918686973373E-03  1.56808807282985789E+01
3.30539480126443340E-03  1.57029964914064912E+01
3.31035041565913265E-03  1.57251122545144018E+01
3.31530603005383189E-03  1.57472280176223123E+01
3.32026164444853113E-03  1.57693437807302228E+01
3.32521725884323037E-03  1.57914595438381316E+01
3.33017287323792962E-03  1.58135753069460421E+01
3.33512848763262886E-03  1.58356910700539526E+01
3.34008410202732853E-03  1.58578068331618649E+01
3.34503971642202778E-03  1.58799225962697754E+01
3.34999533081672702E-03  1.59020383593776859E+01
3.35495094521142626E-03  1.59241541224855965E+01
3.35990655960612550E-03  1.59462698855935070E+01
3.36486217400082475E-03  1.59683856487014175E+01
3.36981778839552399E-03  1.59905014118093280E+01
3.37477340279022323E-03  1.60126171749172386E+01
3.37972901718492291E-03  1.60347329380251509E+01
3.38468463157962215E-03  1.60568487011330632E+01
3.38964024597432139E-03  1.60789644642409719E+01
3.39459586036902064E-03  1.61010802273488807E+01
3.39955147476371988E-03  1.61231959904567930E+01
3.40450708915841912E-03  1.61453117535647053E+01
3.40946270355311836E-03  1.61674275166726105E+01
3.41441831794781804E-03  1.61895432797805228E+01
3.41937393234251728E-03  1.62116590428884351E+01
3.42432954673721653E-03  1.62337748059963474E+01
3.42928516113191577E-03  1.62558905691042561E+01
3.43424077552661501E-03  1.62780063322121649E+01
3.43919638992131425E-03  1.63001220953200772E+01
3.44415200431601350E-03  1.63222378584279895E+01
3.44910761871071274E-03  1.63443536215358982E+01
3.45406323310541242E-03  1.63664693846438105E+01
3.45901884750011166E-03  1.63885851477517193E+01
3.46397446189481090E-03  1.64107009108596316E+01
3.46893007628951014E-03  1.64328166739675439E+01
3.47388569068420939E-03  1.64549324370754526E+01
3.47884130507890863E-03  1.64770482001833614E+01
3.48379691947360787E-03  1.64991639632912737E+01
3.48875253386830755E-03  1.65212797263991860E+01
3.49370814826300679E-03  1.65433954895070983E+01
3.49866376265770603E-03  1.65655112526150035E+01
3.50361937705240527E-03  1.65876270157229158E+01
3.50857499144710452E-03  1.66097427788308281E+01
3.51353060584180376E-03  1.66318585419387368E+01
3.51848622023650300E-03  1.66539743050466456E+01
3.52344183463120224E-03  1.66760900681545579E+01
3.52839744902590192E-03  1.66982058312624702E+01
3.53335306342060116E-03  1.67203215943703825E+01
3.53830867781530041E-03  1.67424373574782912E+01
3.54326429220999965E-03  1.67645531205862000E+01
3.54821990660469889E-03  1.67866688836941123E+01
3.55317552099939813E-03  1.68087846468020246E+01
3.55813113539409738E-03  1.68309004099099333E+01
3.56308674978879662E-03  1.68530161730178420E+01
3.56804236418349630E-03  1.68751319361257544E+01
3.57299797857819554E-03  1.68972476992336667E+01
3.57795359297289478E-03  1.69193634623415790E+01
3.58290920736759402E-03  1.69414792254494841E+01
3.58786482176229327E-03  1.69635949885573964E+01
3.59282043615699251E-03  1.69857107516653087E+01
3.59777605055169175E-03  1.70078265147732175E+01
3.60273166494639143E-03  1.70299422778811298E+01
3.60768727934109067E-03  1.70520580409890421E+01
3.61264289373578991E-03  1.70741738040969508E+01
3.61759850813048916E-03  1.70962895672048631E+01
3.62255412252518840E-03  1.71184053303127719E+01
3.62750973691988764E-03  1.71405210934206806E+01
3.63246535131458688E-03  1.71626368565285929E+01
3.63742096570928613E-03  1.71847526196365017E+01
3.64237658010398580E-03  1.72068683827444140E+01
3.64733219449868504E-03  1.72289841458523263E+01
3.65228780889338429E-03  1.72510999089602350E+01
3.65724342328808353E-03  1.72732156720681473E+01
3.66219903768278277E-03  1.72953314351760561E+01
3.66715465207748201E-03  1.73174471982839684E+01
3.67211026647218126E-03  1.73395629613918771E+01
3.67706588086688093E-03  1.73616787244997894E+01
3.68202149526158018E-03  1.73837944876077017E+01
3.68697710965627942E-03  1.74059102507156105E+01
3.69193272405097866E-03  1.74280260138235228E+01
3.69688833844567790E-03  1.74501417769314315E+01
3.70184395284037715E-03  1.74722575400393438E+01
3.70679956723507639E-03  1.74943733031472526E+01
3.71175518162977563E-03  1.75164890662551613E+01
3.71671079602447531E-03  1.75386048293630736E+01
3.72166641041917455E-03  1.75607205924709859E+01
3.72662202481387379E-03  1.75828363555788947E+01
3.73157763920857304E-03  1.76049521186868070E+01
3.73653325360327228E-03  1.76270678817947157E+01
3.74148886799797152E-03  1.76491836449026280E+01
3.74644448239267076E-03  1.76712994080105368E+01
3.75140009678737044E-03  1.76934151711184491E+01
3.75635571118206968E-03  1.77155309342263614E+01
3.76131132557676892E-03  1.77376466973342701E+01
3.76626693997146817E-03  1.77597624604421824E+01
3.77122255436616741E-03  1.77818782235500912E+01
3.77617816876086665E-03  1.78039939866580035E+01
3.78113378315556590E-03  1.78261097497659122E+01
3.78608939755026514E-03  1.78482255128738245E+01
3.79104501194496481E-03  1.78703412759817368E+01
3.79600062633966406E-03  1.78924570390896456E+01
3.80095624073436330E-03  1.79145728021975543E+01
3.80591185512906254E-03  1.79366885653054666E+01
3.81086746952376178E-03  1.79588043284133754E+01
3.81582308391846103E-03  1.79809200915212877E+01
3.82077869831316027E-03  1.80030358546291964E+01
3.82573431270785995E-03  1.80251516177371087E+01
3.83068992710255919E-03  1.80472673808450210E+01
3.83564554149725843E-03  1.80693831439529298E+01
3.84060115589195767E-03  1.80914989070608421E+01
3.84555677028665692E-03  1.81136146701687508E+01
3.85051238468135616E-03  1.81357304332766631E+01
3.85546799907605540E-03  1.81578461963845719E+01
3.86042361347075464E-03  1.81799619594924842E+01
3.86537922786545432E-03  1.82020777226003965E+01
3.87033484226015356E-03  1.82241934857083052E+01
3.87529045665485281E-03  1.82463092488162175E+01
3.88024607104955205E-03  1.82684250119241263E+01
3.88520168544425129E-03  1.82905407750320350E+01
3.89015729983895053E-03  1.83126565381399473E+01
3.89511291423364978E-03  1.83347723012478561E+01
3.90006852862834945E-03  1.83568880643557684E+01
3.90502414302304869E-03  1.83790038274636807E+01
3.90997975741774750E-03  1.84011195905715894E+01
3.91493537181244675E-03  1.84232353536794982E+01
3.91989098620714686E-03  1.84453511167874140E+01
3.92484660060184610E-03  1.84674668798953228E+01
3.92980221499654534E-03  1.84895826430032351E+01
3.93475782939124458E-03  1.85116984061111438E+01
3.93971344378594383E-03  1.85338141692190561E+01
3.94466905818064307E-03  1.85559299323269649E+01
3.94962467257534231E-03  1.85780456954348772E+01
3.95458028697004155E-03  1.86001614585427859E+01
3.95953590136474080E-03  1.86222772216506982E+01
3.96449151575944004E-03  1.86443929847586070E+01
3.96944713015413928E-03  1.86665087478665157E+01
3.97440274454883852E-03  1.86886245109744280E+01
3.97935835894353777E-03  1.87107402740823368E+01
3.98431397333823701E-03  1.87328560371902491E+01
3.98926958773293625E-03  1.87549718002981578E+01
3.99422520212763636E-03  1.87770875634060737E+01
3.99918081652233560E-03  1.87992033265139824E+01
4.00413643091703485E-03  1.88213190896218947E+01
4.00909204531173409E-03  1.88434348527298035E+01
4.01404765970643333E-03  1.88655506158377158E+01
4.01900327410113258E-03  1.88876663789456245E+01
4.02395888849583182E-03  1.89097821420535368E+01
4.02891450289053106E-03  1.89318979051614455E+01
4.03387011728523030E-03  1.89540136682693579E+01
4.03882573167992955E-03  1.89761294313772666E+01
4.04378134607462879E-03  1.89982451944851789E+01
4.04873696046932803E-03  1.90203609575930876E+01
4.05369257486402727E-03  1.90424767207009964E+01
4.05864818925872652E-03  1.90645924838089087E+01
4.06360380365342576E-03  1.90867082469168174E+01
4.06855941804812587E-03  1.91088240100247333E+01
4.07351503244282511E-03  1.91309397731326420E+01
4.07847064683752435E-03  1.91530555362405543E+01
4.08342626123222360E-03  1.91751712993484631E+01
4.08838187562692284E-03  1.91972870624563754E+01
4.09333749002162208E-03  1.92194028255642841E+01
4.09829310441632132E-03  1.92415185886721964E+01
4.10324871881102057E-03  1.92636343517801052E+01
4.10820433320571981E-03  1.92857501148880175E+01
4.11315994760041905E-03  1.93078658779959262E+01
4.11811556199511829E-03  1.93299816411038385E+01
4.12307117638981754E-03  1.93520974042117473E+01
4.12802679078451678E-03  1.93742131673196596E+01
4.13298240517921602E-03  1.93963289304275683E+01
4.13793801957391526E-03  1.94184446935354771E+01
4.14289363396861537E-03  1.94405604566433929E+01
4.14784924836331462E-03  1.94626762197513052E+01
4.15280486275801386E-03  1.94847919828592140E+01
4.15776047715271310E-03  1.95069077459671227E+01
4.16271609154741234E-03  1.95290235090750350E+01
4.16767170594211159E-03  1.95511392721829438E+01
4.17262732033681083E-03  1.95732550352908561E+01
4.17758293473151007E-03  1.95953707983987648E+01
4.18253854912620932E-03  1.96174865615066771E+01
4.18749416352090856E-03  1.96396023246145859E+01
4.19244977791560780E-03  1.96617180877224982E+01
4.19740539231030704E-03  1.96838338508304069E+01
4.20236100670500629E-03  1.97059496139383192E+01
4.20731662109970553E-03  1.97280653770462280E+01
4.21227223549440477E-03  1.97501811401541403E+01
4.21722784988910488E-03  1.97722969032620526E+01
4.22218346428380412E-03  1.97944126663699649E+01
4.22713907867850337E-03  1.98165284294778736E+01
4.23209469307320261E-03  1.98386441925857859E+01
4.23705030746790185E-03  1.98607599556936947E+01
4.24200592186260109E-03  1.98828757188016034E+01
4.24696153625730034E-03  1.99049914819095157E+01
4.25191715065199958E-03  1.99271072450174245E+01
4.25687276504669882E-03  1.99492230081253368E+01
4.26182837944139806E-03  1.99713387712332455E+01
4.26678399383609731E-03  1.99934545343411578E+01
4.27173960823079655E-03  2.00155702974490666E+01
4.27669522262549579E-03  2.00376860605569789E+01
4.28165083702019503E-03  2.00598018236648876E+01
4.28660645141489428E-03  2.00819175867727999E+01
4.29156206580959439E-03  2.01040333498807122E+01
4.29651768020429363E-03  2.01261491129886245E+01
4.30147329459899287E-03  2.01482648760965333E+01
4.30642890899369211E-03  2.01703806392044456E+01
4.31138452338839136E-03  2.01924964023123543E+01
4.31634013778309060E-03  2.02146121654202666E+01
4.32129575217778984E-03  2.02367279285281754E+01
4.32625136657248908E-03  2.02588436916360841E+01
4.33120698096718833E-03  2.02809594547439964E+01
4.33616259536188757E-03  2.03030752178519052E+01
4.34111820975658681E-03  2.03251909809598175E+01
4.34607382415128606E-03  2.03473067440677262E+01
4.35102943854598530E-03  2.03694225071756385E+01
4.35598505294068454E-03  2.03915382702835473E+01
4.36094066733538378E-03  2.04136540333914596E+01
4.36589628173008389E-03  2.04357697964993719E+01
4.37085189612478314E-03  2.04578855596072842E+01
4.37580751051948238E-03  2.04800013227151929E+01
4.38076312491418162E-03  2.05021170858231052E+01
4.38571873930888086E-03  2.05242328489310140E+01
4.39067435370358011E-03  2.05463486120389263E+01
4.39562996809827935E-03  2.05684643751468350E+01
4.40058558249297859E-03  2.05905801382547473E+01
4.40554119688767783E-03  2.06126959013626561E+01
4.41049681128237708E-03  2.06348116644705648E+01
4.41545242567707632E-03  2.06569274275784771E+01
4.42040804007177556E-03  2.06790431906863859E+01
4.42536365446647480E-03  2.07011589537942982E+01
4.43031926886117405E-03  2.07232747169022069E+01
4.43527488325587329E-03  2.07453904800101192E+01
4.44023049765057340E-03  2.07675062431180315E+01
4.44518611204527264E-03  2.07896220062259438E+01
4.45014172643997188E-03  2.08117377693338526E+01
4.45509734083467113E-03  2.08338535324417649E+01
4.46005295522937037E-03  2.08559692955496736E+01
4.46500856962406961E-03  2.08780850586575859E+01
4.46996418401876885E-03  2.09002008217654947E+01
4.47491979841346810E-03  2.09223165848734070E+01
4.47987541280816734E-03  2.09444323479813157E+01
4.48483102720286658E-03  2.09665481110892280E+01
4.48978664159756582E-03  2.09886638741971367E+01
4.49474225599226507E-03  2.10107796373050455E+01
4.49969787038696431E-03  2.10328954004129578E+01
4.50465348478166355E-03  2.10550111635208665E+01
4.50960909917636280E-03  2.10771269266287788E+01
4.51456471357106204E-03  2.10992426897366876E+01
4.51952032796576215E-03  2.11213584528446034E+01
4.52447594236046139E-03  2.11434742159525122E+01
4.52943155675516063E-03  2.11655899790604245E+01
4.53438717114985988E-03  2.11877057421683332E+01
4.53934278554455912E-03  2.12098215052762455E+01
4.54429839993925836E-03  2.12319372683841543E+01
4.54925401433395760E-03  2.12540530314920666E+01
4.55420962872865685E-03  2.12761687945999753E+01
4.55916524312335609E-03  2.12982845577078876E+01
4.56412085751805533E-03  2.13204003208157964E+01
4.56907647191275457E-03  2.13425160839237087E+01
4.57403208630745382E-03  2.13646318470316174E+01
4.57898770070215306E-03  2.13867476101395262E+01
4.58394331509685230E-03  2.14088633732474385E+01
4.58889892949155154E-03  2.14309791363553472E+01
4.59385454388625165E-03  2.14530948994632631E+01
4.59881015828095090E-03  2.14752106625711718E+01
4.60376577267565014E-03  2.14973264256790841E+01
4.60872138707034938E-03  2.15194421887869929E+01
4.61367700146504862E-03  2.15415579518949052E+01
4.61863261585974787E-03  2.15636737150028139E+01
4.62358823025444711E-03  2.15857894781107262E+01
4.62854384464914635E-03  2.16079052412186350E+01
4.63349945904384559E-03  2.16300210043265473E+01
4.63845507343854484E-03  2.16521367674344560E+01
4.64341068783324408E-03  2.16742525305423683E+01
4.64836630222794332E-03  2.16963682936502771E+01
4.65332191662264257E-03  2.17184840567581894E+01
4.65827753101734181E-03  2.17405998198660981E+01
4.66323314541204105E-03  2.17627155829740069E+01
4.66818875980674116E-03  2.17848313460819227E+01
4.67314437420144040E-03  2.18069471091898315E+01
4.67809998859613965E-03  2.18290628722977438E+01
4.68305560299083889E-03  2.18511786354056525E+01
4.68801121738553813E-03  2.18732943985135648E+01
4.69296683178023737E-03  2.18954101616214736E+01
4.69792244617493662E-03  2.19175259247293859E+01
4.70287806056963586E-03  2.19396416878372946E+01
4.70783367496433510E-03  2.19617574509452069E+01
4.71278928935903434E-03  2.19838732140531157E+01
4.71774490375373359E-03  2.20059889771610280E+01
4.72270051814843283E-03  2.20281047402689367E+01
4.72765613254313207E-03  2.20502205033768490E+01
4.73261174693783131E-03  2.20723362664847578E+01
4.73756736133253056E-03  2.20944520295926701E+01
4.74252297572723067E-03  2.21165677927005824E+01
4.74747859012192991E-03  2.21386835558084947E+01
4.75243420451662915E-03  2.21607993189164034E+01
4.75738981891132839E-03  2.21829150820243122E+01
4.76234543330602764E-03  2.22050308451322245E+01
4.76730104770072688E-03  2.22271466082401332E+01
4.77225666209542612E-03  2.22492623713480455E+01
4.77721227649012536E-03  2.22713781344559543E+01
4.78216789088482461E-03  2.22934938975638666E+01
4.78712350527952385E-03  2.23156096606717753E+01
4.79207911967422309E-03  2.23377254237796876E+01
4.79703473406892233E-03  2.23598411868875964E+01
4.80199034846362158E-03  2.23819569499955087E+01
4.80694596285832082E-03  2.24040727131034174E+01
4.81190157725302006E-03  2.24261884762113297E+01
4.81685719164772017E-03  2.24483042393192420E+01
4.82181280604241942E-03  2.24704200024271543E+01
4.82676842043711866E-03  2.24925357655350631E+01
4.83172403483181790E-03  2.25146515286429754E+01
4.83667964922651714E-03  2.25367672917508841E+01
4.84163526362121639E-03  2.25588830548587929E+01
4.84659087801591563E-03  2.25809988179667052E+01
4.85154649241061487E-03  2.26031145810746139E+01
4.85650210680531411E-03  2.26252303441825262E+01
4.86145772120001336E-03  2.26473461072904350E+01
4.86641333559471260E-03  2.26694618703983473E+01
4.87136894998941184E-03  2.26915776335062560E+01
4.87632456438411108E-03  2.27136933966141683E+01
4.88128017877881033E-03  2.27358091597220771E+01
4.88623579317350957E-03  2.27579249228299894E+01
4.89119140756820968E-03  2.27800406859379017E+01
4.89614702196290892E-03  2.28021564490458140E+01
4.90110263635760816E-03  2.28242722121537227E+01
4.90605825075230741E-03  2.28463879752616350E+01
4.91101386514700665E-03  2.28685037383695438E+01
4.91596947954170589E-03  2.28906195014774561E+01
4.92092509393640513E-03  2.29127352645853648E+01
4.92588070833110438E-03  2.29348510276932736E+01
4.93083632272580362E-03  2.29569667908011859E+01
4.93579193712050286E-03  2.29790825539090946E+01
4.94074755151520210E-03  2.30011983170170069E+01
4.94570316590990135E-03  2.30233140801249156E+01
4.95065878030460059E-03  2.30454298432328279E+01
