0.00000000000000000E+00  0.00000000000000000E+00
5.36147625587586614E-06  1.52070109699237704E-01
1.07229525117517323E-05  3.04140219398475409E-01
1.60844287676275976E-05  4.56210329097713030E-01
2.14459050235034646E-05  6.08280438796950818E-01
2.68073812793793316E-05  7.60350548496188439E-01
3.21688575352551952E-05  9.12420658195426060E-01
3.75303337911310622E-05  1.06449076789466379E+00
4.28918100470069292E-05  1.21656087759390164E+00
4.82532863028827962E-05  1.36863098729313926E+00
5.36147625587586631E-05  1.52070109699237688E+00
5.89762388146345301E-05  1.67277120669161472E+00
6.43377150705103904E-05  1.82484131639085212E+00
6.96991913263862641E-05  1.97691142609009018E+00
7.50606675822621243E-05  2.02120808481413894E+00
8.04221438381379981E-05  2.04516708866708452E+00
8.57836200940138583E-05  2.06912609252003010E+00
9.11450963498897185E-05  2.09308509637297568E+00
9.65065726057655923E-05  2.11704410022592127E+00
1.01868048861641453E-04  2.14100310407886685E+00
1.07229525117517326E-04  2.16496210793181287E+00
1.12591001373393187E-04  2.18892111178475846E+00
1.17952477629269060E-04  2.21288011563770404E+00
1.23313953885144920E-04  2.23683911949064962E+00
1.28675430141020781E-04  2.26079812334359520E+00
1.34036906396896641E-04  2.28475712719654078E+00
1.39398382652772528E-04  2.30871613104948636E+00
1.44759858908648388E-04  2.33267513490243239E+00
1.50121335164524249E-04  2.35663413875537753E+00
1.55482811420400109E-04  2.38059314260832355E+00
1.60844287676275996E-04  2.40455214646126914E+00
1.66205763932151856E-04  2.42851115031421472E+00
1.71567240188027717E-04  2.45247015416716030E+00
1.76928716443903577E-04  2.47642915802010588E+00
1.82290192699779437E-04  2.50038816187305146E+00
1.87651668955655324E-04  2.52434716572599704E+00
1.93013145211531185E-04  2.54830616957894307E+00
1.98374621467407045E-04  2.57226517343188865E+00
2.03736097723282905E-04  2.59622417728483423E+00
2.09097573979158792E-04  2.62018318113777982E+00
2.14459050235034653E-04  2.64414218499072540E+00
2.19820526490910513E-04  2.66810118884367098E+00
2.25182002746786373E-04  2.69206019269661656E+00
2.30543479002662233E-04  2.71601919654956259E+00
2.35904955258538121E-04  2.73997820040250772E+00
2.41266431514413981E-04  2.76393720425545375E+00
2.46627907770289841E-04  2.78789620810839933E+00
2.51989384026165728E-04  2.81185521196134491E+00
2.57350860282041561E-04  2.83581421581429050E+00
2.62712336537917449E-04  2.85977321966723608E+00
2.68073812793793282E-04  2.88373222352018166E+00
2.73435289049669169E-04  2.90769122737312724E+00
2.78796765305545056E-04  2.93165023122607327E+00
2.84158241561420890E-04  2.95560923507901840E+00
2.89519717817296777E-04  2.97956823893196443E+00
2.94881194073172664E-04  3.00352724278491046E+00
3.00242670329048497E-04  3.02748624663785559E+00
3.05604146584924385E-04  3.05144525049080162E+00
3.10965622840800218E-04  3.07540425434374676E+00
3.16327099096676105E-04  3.09936325819669278E+00
3.21688575352551992E-04  3.12332226204963836E+00
3.27050051608427826E-04  3.14728126590258395E+00
3.32411527864303713E-04  3.17124026975552953E+00
3.37773004120179546E-04  3.19519927360847511E+00
3.43134480376055433E-04  3.21915827746142069E+00
3.48495956631931321E-04  3.24311728131436627E+00
3.53857432887807154E-04  3.26707628516731230E+00
3.59218909143683041E-04  3.29103528902025744E+00
3.64580385399558874E-04  3.31499429287320346E+00
3.69941861655434761E-04  3.33895329672614860E+00
3.75303337911310649E-04  3.36291230057909463E+00
3.80664814167186482E-04  3.38687130443204021E+00
3.86026290423062369E-04  3.41083030828498579E+00
3.91387766678938202E-04  3.43478931213793137E+00
3.96749242934814090E-04  3.45874831599087695E+00
4.02110719190689977E-04  3.48270731984382298E+00
4.07472195446565810E-04  3.50666632369676812E+00
4.12833671702441697E-04  3.53062532754971414E+00
4.18195147958317585E-04  3.55458433140265972E+00
4.23556624214193418E-04  3.57854333525560531E+00
4.28918100470069305E-04  3.60250233910855133E+00
4.34279576725945138E-04  3.62646134296149647E+00
4.39641052981821026E-04  3.65042034681444250E+00
4.45002529237696913E-04  3.67437935066738808E+00
4.50364005493572746E-04  3.69833835452033366E+00
4.55725481749448633E-04  3.72229735837327924E+00
4.61086958005324466E-04  3.74625636222622482E+00
4.66448434261200354E-04  3.77021536607917040E+00
4.71809910517076241E-04  3.79417436993211599E+00
4.77171386772952074E-04  3.81813337378506157E+00
4.82532863028827962E-04  3.84209237763800759E+00
4.87894339284703795E-04  3.86605138149095273E+00
4.93255815540579682E-04  3.89001038534389876E+00
4.98617291796455515E-04  3.91396938919684390E+00
5.03978768052331457E-04  3.93792839304978992E+00
5.09340244308207290E-04  3.96188739690273550E+00
5.14701720564083123E-04  3.98584640075568108E+00
5.20063196819959064E-04  4.00980540460862755E+00
5.25424673075834897E-04  4.03376440846157269E+00
5.30786149331710731E-04  4.05772341231451783E+00
5.36147625587586564E-04  4.08168241616746386E+00
5.41509101843462505E-04  4.10564142002040988E+00
5.46870578099338338E-04  4.12960042387335502E+00
5.52232054355214171E-04  4.15355942772630016E+00
5.57593530611090113E-04  4.17751843157924618E+00
5.62955006866965946E-04  4.20147743543219221E+00
5.68316483122841779E-04  4.22543643928513735E+00
5.73677959378717721E-04  4.24939544313808337E+00
5.79039435634593554E-04  4.27335444699102851E+00
5.84400911890469387E-04  4.29731345084397454E+00
5.89762388146345328E-04  4.32127245469692056E+00
5.95123864402221162E-04  4.34523145854986570E+00
6.00485340658096995E-04  4.36919046240281084E+00
6.05846816913972828E-04  4.39314946625575686E+00
6.11208293169848769E-04  4.41710847010870289E+00
6.16569769425724602E-04  4.44106747396164891E+00
6.21931245681600436E-04  4.46502647781459316E+00
6.27292721937476377E-04  4.48898548166753919E+00
6.32654198193352210E-04  4.51294448552048522E+00
6.38015674449228043E-04  4.53690348937343124E+00
6.43377150705103985E-04  4.56086249322637727E+00
6.48738626960979818E-04  4.58482149707932241E+00
6.54100103216855651E-04  4.60878050093226754E+00
6.59461579472731484E-04  4.63273950478521357E+00
6.64823055728607426E-04  4.65669850863815959E+00
6.70184531984483259E-04  4.68065751249110473E+00
6.75546008240359092E-04  4.70461651634404987E+00
6.80907484496235033E-04  4.72857552019699590E+00
6.86268960752110867E-04  4.75253452404994192E+00
6.91630437007986700E-04  4.77649352790288706E+00
6.96991913263862641E-04  4.80045253175583309E+00
7.02353389519738474E-04  4.82441153560877822E+00
7.07714865775614307E-04  4.84837053946172425E+00
7.13076342031490249E-04  4.87232954331467027E+00
7.18437818287366082E-04  4.89628854716761541E+00
7.23799294543241915E-04  4.92024755102056055E+00
7.29160770799117748E-04  4.94420655487350658E+00
7.34522247054993690E-04  4.96816555872645260E+00
7.39883723310869523E-04  4.99212456257939774E+00
7.45245199566745356E-04  5.01608356643234288E+00
7.50606675822621298E-04  5.04004257028528890E+00
7.55968152078497131E-04  5.06400157413823493E+00
7.61329628334372964E-04  5.08796057799118095E+00
7.66691104590248905E-04  5.11191958184412698E+00
7.72052580846124738E-04  5.13587858569707123E+00
7.77414057102000572E-04  5.15983758955001726E+00
7.82775533357876405E-04  5.18379659340296328E+00
7.88137009613752346E-04  5.20775559725590931E+00
7.93498485869628179E-04  5.23171460110885445E+00
7.98859962125504012E-04  5.25567360496179958E+00
8.04221438381379954E-04  5.27963260881474561E+00
8.09582914637255787E-04  5.30359161266769163E+00
8.14944390893131620E-04  5.32755061652063677E+00
8.20305867149007562E-04  5.35150962037358280E+00
8.25667343404883395E-04  5.37546862422652794E+00
8.31028819660759228E-04  5.39942762807947396E+00
8.36390295916635169E-04  5.42338663193241999E+00
8.41751772172511003E-04  5.44734563578536513E+00
8.47113248428386836E-04  5.47130463963831026E+00
8.52474724684262669E-04  5.49526364349125629E+00
8.57836200940138610E-04  5.51922264734420231E+00
8.63197677196014443E-04  5.54318165119714745E+00
8.68559153451890277E-04  5.56714065505009259E+00
8.73920629707766218E-04  5.59109965890303862E+00
8.79282105963642051E-04  5.61505866275598464E+00
8.84643582219517884E-04  5.63901766660893067E+00
8.90005058475393826E-04  5.66297667046187669E+00
8.95366534731269659E-04  5.68693567431482094E+00
9.00728010987145492E-04  5.71089467816776697E+00
9.06089487243021325E-04  5.73420328687643899E+00
9.11450963498897267E-04  5.75506598914693157E+00
9.16812439754773100E-04  5.77592869141742327E+00
9.22173916010648933E-04  5.79679139368791496E+00
9.27535392266524874E-04  5.81765409595840666E+00
9.32896868522400708E-04  5.83851679822889924E+00
9.38258344778276541E-04  5.85937950049939094E+00
9.43619821034152482E-04  5.88024220276988352E+00
9.48981297290028315E-04  5.90110490504037521E+00
9.54342773545904148E-04  5.92196760731086691E+00
9.59704249801780090E-04  5.94283030958135861E+00
9.65065726057655923E-04  5.96369301185185030E+00
9.70427202313531756E-04  5.98455571412234288E+00
9.75788678569407589E-04  6.00541841639283458E+00
9.81150154825283531E-04  6.02628111866332716E+00
9.86511631081159364E-04  6.04714382093381886E+00
9.91873107337035197E-04  6.06800652320431055E+00
9.97234583592911030E-04  6.08886922547480225E+00
1.00259605984878686E-03  6.10973192774529394E+00
1.00795753610466291E-03  6.13059463001578742E+00
1.01331901236053875E-03  6.15145733228627911E+00
1.01868048861641458E-03  6.17232003455677081E+00
1.02404196487229041E-03  6.19318273682726250E+00
1.02940344112816625E-03  6.21404543909775420E+00
1.03476491738404208E-03  6.23490814136824589E+00
1.04012639363991813E-03  6.25577084363873848E+00
1.04548786989579396E-03  6.27663354590923017E+00
1.05084934615166979E-03  6.29749624817972276E+00
1.05621082240754563E-03  6.31835895045021445E+00
1.06157229866342146E-03  6.33922165272070615E+00
1.06693377491929729E-03  6.36008435499119784E+00
1.07229525117517313E-03  6.38094705726168954E+00
1.07765672743104918E-03  6.40180975953218212E+00
1.08301820368692501E-03  6.42267246180267382E+00
1.08837967994280084E-03  6.44353516407316640E+00
1.09374115619867668E-03  6.46439786634365809E+00
1.09910263245455251E-03  6.48526056861414979E+00
1.10446410871042834E-03  6.50612327088464149E+00
1.10982558496630439E-03  6.52698597315513407E+00
1.11518706122218023E-03  6.54784867542562576E+00
1.12054853747805606E-03  6.56871137769611835E+00
1.12591001373393189E-03  6.58957407996661004E+00
1.13127148998980773E-03  6.61043678223710174E+00
1.13663296624568356E-03  6.63129948450759343E+00
1.14199444250155939E-03  6.65216218677808513E+00
1.14735591875743544E-03  6.67302488904857771E+00
1.15271739501331127E-03  6.69388759131906941E+00
1.15807887126918711E-03  6.71475029358956199E+00
1.16344034752506294E-03  6.73561299586005369E+00
1.16880182378093877E-03  6.75647569813054538E+00
1.17416330003681461E-03  6.77733840040103708E+00
1.17952477629269066E-03  6.79820110267152966E+00
1.18488625254856649E-03  6.81906380494202136E+00
1.19024772880444232E-03  6.83992650721251394E+00
1.19560920506031816E-03  6.86078920948300564E+00
1.20097068131619399E-03  6.88165191175349733E+00
1.20633215757206982E-03  6.90251461402398903E+00
1.21169363382794566E-03  6.92337731629448072E+00
1.21705511008382171E-03  6.94424001856497330E+00
1.22241658633969754E-03  6.96510272083546500E+00
1.22777806259557337E-03  6.98596542310595758E+00
1.23313953885144920E-03  7.00682812537644928E+00
1.23850101510732504E-03  7.02769082764694097E+00
1.24386249136320087E-03  7.04855352991743267E+00
1.24922396761907670E-03  7.06941623218792436E+00
1.25458544387495275E-03  7.09027893445841695E+00
1.25994692013082859E-03  7.11114163672890864E+00
1.26530839638670442E-03  7.13200433899940123E+00
1.27066987264258025E-03  7.15286704126989292E+00
1.27603134889845609E-03  7.17372974354038462E+00
1.28139282515433192E-03  7.19459244581087631E+00
1.28675430141020797E-03  7.21545514808136890E+00
1.29211577766608380E-03  7.23631785035186059E+00
1.29747725392195964E-03  7.25718055262235318E+00
1.30283873017783547E-03  7.27804325489284487E+00
1.30820020643371130E-03  7.29890595716333657E+00
1.31356168268958714E-03  7.31976865943382826E+00
1.31892315894546297E-03  7.34063136170431996E+00
1.32428463520133902E-03  7.36149406397481254E+00
1.32964611145721485E-03  7.38235676624530424E+00
1.33500758771309068E-03  7.40321946851579682E+00
1.34036906396896652E-03  7.42408217078628851E+00
1.34573054022484235E-03  7.44494487305678021E+00
1.35109201648071818E-03  7.46580757532727191E+00
1.35645349273659423E-03  7.48667027759776449E+00
1.36181496899247007E-03  7.50753297986825618E+00
1.36717644524834590E-03  7.52839568213874877E+00
1.37253792150422173E-03  7.54925838440924046E+00
1.37789939776009757E-03  7.57012108667973216E+00
1.38326087401597340E-03  7.59098378895022385E+00
1.38862235027184923E-03  7.61184649122071555E+00
1.39398382652772528E-03  7.63270919349120813E+00
1.39934530278360112E-03  7.65357189576169983E+00
1.40470677903947695E-03  7.67443459803219241E+00
1.41006825529535278E-03  7.69529730030268411E+00
1.41542973155122861E-03  7.71616000257317580E+00
1.42079120780710445E-03  7.73702270484366750E+00
1.42615268406298050E-03  7.75788540711416008E+00
1.43151416031885633E-03  7.77874810938465178E+00
1.43687563657473216E-03  7.79961081165514347E+00
1.44223711283060800E-03  7.82047351392563606E+00
1.44759858908648383E-03  7.84133621619612775E+00
1.45296006534235966E-03  7.86219891846661945E+00
1.45832154159823550E-03  7.88306162073711114E+00
1.46368301785411155E-03  7.90392432300760372E+00
1.46904449410998738E-03  7.92478702527809542E+00
1.47440597036586321E-03  7.94564972754858800E+00
1.47976744662173905E-03  7.96651242981907970E+00
1.48512892287761488E-03  7.98737513208957139E+00
1.49049039913349071E-03  8.00823783436006309E+00
1.49585187538936676E-03  8.02910053663055479E+00
1.50121335164524260E-03  8.04996323890104648E+00
1.50657482790111843E-03  8.07082594117153818E+00
1.51193630415699426E-03  8.09168864344203165E+00
1.51729778041287009E-03  8.11255134571252334E+00
1.52265925666874593E-03  8.13341404798301504E+00
1.52802073292462176E-03  8.15427675025350673E+00
1.53338220918049781E-03  8.17513945252400021E+00
1.53874368543637364E-03  8.19600215479449190E+00
1.54410516169224948E-03  8.21686485706498360E+00
1.54946663794812531E-03  8.23772755933547529E+00
1.55482811420400114E-03  8.25859026160596699E+00
1.56018959045987698E-03  8.27945296387645868E+00
1.56555106671575281E-03  8.30031566614695038E+00
1.57091254297162886E-03  8.32117836841744207E+00
1.57627401922750469E-03  8.34204107068793377E+00
1.58163549548338053E-03  8.36290377295842724E+00
1.58699697173925636E-03  8.38376647522891894E+00
1.59235844799513219E-03  8.40462917749941063E+00
1.59771992425100802E-03  8.42549187976990233E+00
1.60308140050688407E-03  8.44635458204039580E+00
1.60844287676275991E-03  8.46721728431088749E+00
1.61380435301863574E-03  8.48807998658137919E+00
1.61916582927451157E-03  8.50894268885187088E+00
1.62452730553038741E-03  8.52980539112236258E+00
1.62988878178626324E-03  8.55066809339285427E+00
1.63525025804213907E-03  8.57153079566334597E+00
1.64061173429801512E-03  8.59239349793383766E+00
1.64597321055389096E-03  8.61325620020432936E+00
1.65133468680976679E-03  8.63411890247482283E+00
1.65669616306564262E-03  8.65498160474531453E+00
1.66205763932151846E-03  8.67584430701580622E+00
1.66741911557739429E-03  8.69670700928629792E+00
1.67278059183327034E-03  8.71756971155679139E+00
1.67814206808914617E-03  8.73843241382728309E+00
1.68350354434502201E-03  8.75929511609777478E+00
1.68886502060089784E-03  8.78015781836826648E+00
1.69422649685677367E-03  8.80102052063875817E+00
1.69958797311264950E-03  8.82188322290924987E+00
1.70494944936852534E-03  8.84274592517974156E+00
1.71031092562440139E-03  8.86360862745023326E+00
1.71567240188027722E-03  8.88447132972072495E+00
1.72103387813615305E-03  8.90533403199121665E+00
1.72639535439202889E-03  8.92619673426171012E+00
1.73175683064790472E-03  8.94705943653220181E+00
1.73711830690378055E-03  8.96792213880269351E+00
1.74247978315965660E-03  8.98878484107318698E+00
1.74784125941553244E-03  9.00964754334367868E+00
1.75320273567140827E-03  9.03051024561417037E+00
1.75856421192728410E-03  9.05137294788466207E+00
1.76392568818315994E-03  9.07223565015515376E+00
1.76928716443903577E-03  9.09309835242564546E+00
1.77464864069491160E-03  9.11396105469613715E+00
1.78001011695078765E-03  9.13482375696662885E+00
1.78537159320666348E-03  9.15568645923712054E+00
1.79073306946253932E-03  9.17654916150761224E+00
1.79609454571841515E-03  9.19741186377810571E+00
1.80145602197429098E-03  9.21827456604859741E+00
1.80681749823016682E-03  9.23913726831908910E+00
1.81217897448604265E-03  9.25999997058958080E+00
1.81754045074191870E-03  9.28086267286007427E+00
1.82290192699779453E-03  9.30172537513056596E+00
1.82826340325367037E-03  9.32258807740105766E+00
1.83362487950954620E-03  9.34345077967154936E+00
1.83898635576542203E-03  9.36431348194204105E+00
1.84434783202129787E-03  9.38517618421253275E+00
1.84970930827717392E-03  9.40603888648302444E+00
1.85507078453304975E-03  9.42690158875351614E+00
1.86043226078892558E-03  9.44776429102400783E+00
1.86579373704480142E-03  9.46862699329450130E+00
1.87115521330067725E-03  9.48948969556499300E+00
1.87651668955655308E-03  9.51035239783548469E+00
1.88187816581242891E-03  9.53121510010597639E+00
1.88723964206830496E-03  9.55207780237646986E+00
1.89260111832418080E-03  9.57294050464696156E+00
1.89796259458005663E-03  9.59380320691745325E+00
1.90332407083593246E-03  9.61466590918794495E+00
1.90868554709180830E-03  9.63552861145843664E+00
1.91404702334768413E-03  9.65639131372892834E+00
1.91940849960356018E-03  9.67725401599942003E+00
1.92476997585943601E-03  9.69811671826991173E+00
1.93013145211531185E-03  9.71897942054040342E+00
1.93549292837118768E-03  9.73984212281089690E+00
1.94085440462706351E-03  9.76070482508138859E+00
1.94621588088293935E-03  9.78156752735188029E+00
1.95157735713881518E-03  9.80243022962237198E+00
1.95693883339469101E-03  9.82329293189286368E+00
1.96230030965056706E-03  9.84415563416335715E+00
1.96766178590644268E-03  9.86501833643384707E+00
1.97302326216231873E-03  9.88588103870434054E+00
1.97838473841819478E-03  9.90674374097483224E+00
1.98374621467407039E-03  9.92760644324532393E+00
1.98910769092994644E-03  9.94846914551581563E+00
1.99446916718582206E-03  9.96933184778630732E+00
1.99983064344169811E-03  9.99019455005679902E+00
2.00519211969757373E-03  1.00110572523272907E+01
2.01055359595344978E-03  1.00319199545977842E+01
2.01591507220932583E-03  1.00527826568682777E+01
2.02127654846520144E-03  1.00736453591387676E+01
2.02663802472107749E-03  1.00945080614092610E+01
2.03199950097695311E-03  1.01153707636797510E+01
2.03736097723282916E-03  1.01362334659502444E+01
2.04272245348870521E-03  1.01570961682207361E+01
2.04808392974458083E-03  1.01779588704912278E+01
2.05344540600045687E-03  1.01988215727617195E+01
2.05880688225633249E-03  1.02196842750322112E+01
2.06416835851220854E-03  1.02405469773027047E+01
2.06952983476808416E-03  1.02614096795731946E+01
2.07489131102396021E-03  1.02822723818436881E+01
2.08025278727983626E-03  1.03031350841141798E+01
2.08561426353571187E-03  1.03239977863846715E+01
2.09097573979158792E-03  1.03448604886551632E+01
2.09633721604746354E-03  1.03657231909256549E+01
2.10169869230333959E-03  1.03865858931961483E+01
2.10706016855921521E-03  1.04074485954666383E+01
2.11242164481509126E-03  1.04283112977371317E+01
2.11778312107096731E-03  1.04491740000076234E+01
2.12314459732684292E-03  1.04700367022781151E+01
2.12850607358271897E-03  1.04908994045486068E+01
2.13386754983859459E-03  1.05117621068190985E+01
2.13922902609447064E-03  1.05326248090895920E+01
2.14459050235034625E-03  1.05534875113600819E+01
2.14995197860622230E-03  1.05743502136305754E+01
2.15531345486209835E-03  1.05952129159010671E+01
2.16067493111797397E-03  1.06160756181715588E+01
2.16603640737385002E-03  1.06369383204420505E+01
2.17139788362972564E-03  1.06578010227125421E+01
2.17675935988560169E-03  1.06786637249830356E+01
2.18212083614147774E-03  1.06995264272535273E+01
2.18748231239735335E-03  1.07203891295240190E+01
2.19284378865322940E-03  1.07412518317945107E+01
2.19820526490910502E-03  1.07621145340650024E+01
2.20356674116498107E-03  1.07829772363354959E+01
2.20892821742085669E-03  1.08038399386059858E+01
2.21428969367673274E-03  1.08247026408764793E+01
2.21965116993260879E-03  1.08455653431469710E+01
2.22501264618848440E-03  1.08664280454174627E+01
2.23037412244436045E-03  1.08872907476879544E+01
2.23573559870023607E-03  1.09081534499584460E+01
2.24109707495611212E-03  1.09290161522289395E+01
2.24645855121198773E-03  1.09498788544994294E+01
2.25182002746786378E-03  1.09707415567699229E+01
2.25718150372373983E-03  1.09916042590404146E+01
2.26254297997961545E-03  1.10124669613109063E+01
2.26790445623549150E-03  1.10333296635813980E+01
2.27326593249136712E-03  1.10541923658518897E+01
2.27862740874724317E-03  1.10750550681223832E+01
2.28398888500311878E-03  1.10959177703928731E+01
2.28935036125899483E-03  1.11167804726633666E+01
2.29471183751487088E-03  1.11376431749338582E+01
2.30007331377074650E-03  1.11585058772043499E+01
2.30543479002662255E-03  1.11793685794748416E+01
2.31079626628249817E-03  1.12002312817453333E+01
2.31615774253837422E-03  1.12210939840158268E+01
2.32151921879424983E-03  1.12419566862863167E+01
2.32688069505012588E-03  1.12628193885568102E+01
2.33224217130600193E-03  1.12836820908273019E+01
2.33760364756187755E-03  1.13045447930977936E+01
2.34296512381775360E-03  1.13254074953682853E+01
2.34832660007362921E-03  1.13462701976387770E+01
2.35368807632950526E-03  1.13671328999092704E+01
2.35904955258538131E-03  1.13879956021797621E+01
2.36441102884125693E-03  1.14088583044502538E+01
2.36977250509713298E-03  1.14297210067207455E+01
2.37513398135300860E-03  1.14505837089912372E+01
2.38049545760888465E-03  1.14714464112617307E+01
2.38585693386476026E-03  1.14923091135322206E+01
2.39121841012063631E-03  1.15131718158027141E+01
2.39657988637651236E-03  1.15340345180732058E+01
2.40194136263238798E-03  1.15548972203436975E+01
2.40730283888826403E-03  1.15757599226141892E+01
2.41266431514413964E-03  1.15966226248846809E+01
2.41802579140001569E-03  1.16174853271551743E+01
2.42338726765589131E-03  1.16383480294256643E+01
2.42874874391176736E-03  1.16592107316961577E+01
2.43411022016764341E-03  1.16800734339666494E+01
2.43947169642351903E-03  1.17009361362371411E+01
2.44483317267939508E-03  1.17217988385076328E+01
2.45019464893527069E-03  1.17426615407781245E+01
2.45555612519114674E-03  1.17635242430486180E+01
2.46091760144702236E-03  1.17843869453191079E+01
2.46627907770289841E-03  1.18052496475896014E+01
2.47164055395877446E-03  1.18261123498600931E+01
2.47700203021465008E-03  1.18469750521305848E+01
2.48236350647052613E-03  1.18678377544010765E+01
2.48772498272640174E-03  1.18887004566715682E+01
2.49308645898227779E-03  1.19095631589420616E+01
2.49844793523815341E-03  1.19304258612125516E+01
2.50380941149402946E-03  1.19512885634830450E+01
2.50917088774990551E-03  1.19721512657535367E+01
2.51453236400578112E-03  1.19930139680240284E+01
2.51989384026165717E-03  1.20138766702945201E+01
2.52525531651753279E-03  1.20347393725650118E+01
2.53061679277340884E-03  1.20556020748355053E+01
2.53597826902928489E-03  1.20764647771059970E+01
2.54133974528516051E-03  1.20973274793764887E+01
2.54670122154103656E-03  1.21181901816469804E+01
2.55206269779691217E-03  1.21390528839174721E+01
2.55742417405278822E-03  1.21599155861879655E+01
2.56278565030866384E-03  1.21807782884584554E+01
2.56814712656453989E-03  1.22016409907289489E+01
2.57350860282041594E-03  1.22225036929994406E+01
2.57887007907629156E-03  1.22433663952699323E+01
2.58423155533216761E-03  1.22642290975404240E+01
2.58959303158804322E-03  1.22850917998109157E+01
2.59495450784391927E-03  1.23059545020814092E+01
2.60031598409979489E-03  1.23268172043518991E+01
2.60567746035567094E-03  1.23476799066223926E+01
2.61103893661154699E-03  1.23685426088928843E+01
2.61640041286742260E-03  1.23894053111633760E+01
2.62176188912329865E-03  1.24102680134338677E+01
2.62712336537917427E-03  1.24311307157043593E+01
2.63248484163505032E-03  1.24519934179748528E+01
2.63784631789092594E-03  1.24728561202453427E+01
2.64320779414680199E-03  1.24937188225158362E+01
2.64856927040267804E-03  1.25145815247863279E+01
2.65393074665855365E-03  1.25354442270568196E+01
2.65929222291442970E-03  1.25563069293273113E+01
2.66465369917030532E-03  1.25771696315978030E+01
2.67001517542618137E-03  1.25980323338682965E+01
2.67537665168205742E-03  1.26188950361387882E+01
2.68073812793793304E-03  1.26397577384092799E+01
2.68609960419380909E-03  1.26606204406797715E+01
2.69146108044968470E-03  1.26814831429502632E+01
2.69682255670556075E-03  1.27023458452207549E+01
2.70218403296143637E-03  1.27232085474912466E+01
2.70754550921731242E-03  1.27440712497617401E+01
2.71290698547318847E-03  1.27649339520322318E+01
2.71826846172906408E-03  1.27857966543027235E+01
2.72362993798494013E-03  1.28066593565732152E+01
2.72899141424081575E-03  1.28275220588437069E+01
2.73435289049669180E-03  1.28483847611142004E+01
2.73971436675256742E-03  1.28692474633846903E+01
2.74507584300844347E-03  1.28901101656551837E+01
2.75043731926431952E-03  1.29109728679256754E+01
2.75579879552019513E-03  1.29318355701961671E+01
2.76116027177607118E-03  1.29526982724666588E+01
2.76652174803194680E-03  1.29735609747371505E+01
2.77188322428782285E-03  1.29944236770076440E+01
2.77724470054369846E-03  1.30152863792781339E+01
2.78260617679957451E-03  1.30361490815486274E+01
2.78796765305545056E-03  1.30570117838191191E+01
2.79332912931132618E-03  1.30778744860896108E+01
2.79869060556720223E-03  1.30987371883601025E+01
2.80405208182307785E-03  1.31195998906305942E+01
2.80941355807895390E-03  1.31404625929010876E+01
2.81477503433482951E-03  1.31613252951715776E+01
2.82013651059070556E-03  1.31821879974420710E+01
2.82549798684658161E-03  1.32030506997125627E+01
2.83085946310245723E-03  1.32239134019830544E+01
2.83622093935833328E-03  1.32447761042535461E+01
2.84158241561420890E-03  1.32656388065240378E+01
2.84694389187008495E-03  1.32865015087945313E+01
2.85230536812596100E-03  1.33073642110650230E+01
2.85766684438183661E-03  1.33282269133355147E+01
2.86302832063771266E-03  1.33490896156060064E+01
2.86838979689358828E-03  1.33699523178764981E+01
2.87375127314946433E-03  1.33908150201469898E+01
2.87911274940533994E-03  1.34116777224174815E+01
2.88447422566121599E-03  1.34325404246879749E+01
2.88983570191709204E-03  1.34534031269584666E+01
2.89519717817296766E-03  1.34742658292289583E+01
2.90055865442884371E-03  1.34951285314994500E+01
2.90592013068471933E-03  1.35159912337699417E+01
2.91128160694059538E-03  1.35368539360404334E+01
2.91664308319647099E-03  1.35577166383109251E+01
2.92200455945234704E-03  1.35785793405814186E+01
2.92736603570822309E-03  1.35994420428519103E+01
2.93272751196409871E-03  1.36203047451224020E+01
2.93808898821997476E-03  1.36411674473928937E+01
2.94345046447585038E-03  1.36620301496633854E+01
2.94881194073172643E-03  1.36828928519338788E+01
2.95417341698760204E-03  1.37037555542043687E+01
2.95953489324347809E-03  1.37246182564748622E+01
2.96489636949935414E-03  1.37454809587453539E+01
2.97025784575522976E-03  1.37663436610158456E+01
2.97561932201110581E-03  1.37872063632863373E+01
2.98098079826698142E-03  1.38080690655568290E+01
2.98634227452285747E-03  1.38289317678273225E+01
2.99170375077873352E-03  1.38497944700978142E+01
2.99706522703460914E-03  1.38706571723683059E+01
3.00242670329048519E-03  1.38915198746387976E+01
3.00778817954636081E-03  1.39123825769092893E+01
3.01314965580223686E-03  1.39332452791797810E+01
3.01851113205811247E-03  1.39541079814502726E+01
3.02387260831398852E-03  1.39749706837207661E+01
3.02923408456986457E-03  1.39958333859912578E+01
3.03459556082574019E-03  1.40166960882617495E+01
3.03995703708161624E-03  1.40375587905322412E+01
3.04531851333749186E-03  1.40584214928027329E+01
3.05067998959336791E-03  1.40792841950732246E+01
3.05604146584924352E-03  1.41001468973437163E+01
3.06140294210511957E-03  1.41210095996142098E+01
3.06676441836099562E-03  1.41418723018847015E+01
3.07212589461687124E-03  1.41627350041551932E+01
3.07748737087274729E-03  1.41835977064256848E+01
3.08284884712862290E-03  1.42044604086961765E+01
3.08821032338449895E-03  1.42253231109666682E+01
3.09357179964037457E-03  1.42461858132371599E+01
3.09893327589625062E-03  1.42670485155076534E+01
3.10429475215212667E-03  1.42879112177781451E+01
3.10965622840800229E-03  1.43087739200486368E+01
3.11501770466387834E-03  1.43296366223191285E+01
3.12037918091975395E-03  1.43504993245896202E+01
3.12574065717563000E-03  1.43713620268601137E+01
3.13110213343150562E-03  1.43922247291306036E+01
3.13646360968738167E-03  1.44130874314010970E+01
3.14182508594325772E-03  1.44339501336715887E+01
3.14718656219913333E-03  1.44548128359420804E+01
3.15254803845500938E-03  1.44756755382125721E+01
3.15790951471088500E-03  1.44965382404830638E+01
3.16327099096676105E-03  1.45174009427535573E+01
3.16863246722263710E-03  1.45382636450240490E+01
3.17399394347851272E-03  1.45591263472945407E+01
3.17935541973438877E-03  1.45799890495650324E+01
3.18471689599026438E-03  1.46008517518355241E+01
3.19007837224614043E-03  1.46217144541060158E+01
3.19543984850201605E-03  1.46425771563765075E+01
3.20080132475789210E-03  1.46634398586470009E+01
3.20616280101376815E-03  1.46843025609174926E+01
3.21152427726964377E-03  1.47051652631879843E+01
3.21688575352551982E-03  1.47260279654584760E+01
3.22224722978139543E-03  1.47468906677289677E+01
3.22760870603727148E-03  1.47677533699994594E+01
3.23297018229314710E-03  1.47886160722699511E+01
3.23833165854902315E-03  1.48094787745404446E+01
3.24369313480489920E-03  1.48303414768109363E+01
3.24905461106077481E-03  1.48512041790814280E+01
3.25441608731665086E-03  1.48720668813519197E+01
3.25977756357252648E-03  1.48929295836224114E+01
3.26513903982840253E-03  1.49137922858929031E+01
3.27050051608427815E-03  1.49346549881633948E+01
3.27586199234015420E-03  1.49555176904338882E+01
3.28122346859603025E-03  1.49763803927043799E+01
3.28658494485190586E-03  1.49972430949748716E+01
3.29194642110778191E-03  1.50181057972453633E+01
3.29730789736365753E-03  1.50389684995158550E+01
3.30266937361953358E-03  1.50598312017863485E+01
3.30803084987540920E-03  1.50806939040568384E+01
3.31339232613128525E-03  1.51015566063273319E+01
3.31875380238716130E-03  1.51224193085978236E+01
3.32411527864303691E-03  1.51432820108683153E+01
3.32947675489891296E-03  1.51641447131388070E+01
3.33483823115478858E-03  1.51850074154092987E+01
3.34019970741066463E-03  1.52058701176797921E+01
3.34556118366654068E-03  1.52267328199502838E+01
3.35092265992241629E-03  1.52475955222207755E+01
3.35628413617829234E-03  1.52684582244912672E+01
3.36164561243416796E-03  1.52893209267617589E+01
3.36700708869004401E-03  1.53101836290322506E+01
3.37236856494591963E-03  1.53310463313027423E+01
3.37773004120179568E-03  1.53519090335732358E+01
3.38309151745767173E-03  1.53727717358437275E+01
3.38845299371354734E-03  1.53936344381142192E+01
3.39381446996942339E-03  1.54144971403847109E+01
3.39917594622529901E-03  1.54353598426552026E+01
3.40453742248117506E-03  1.54562225449256943E+01
3.40989889873705068E-03  1.54770852471961859E+01
3.41526037499292673E-03  1.54979479494666794E+01
3.42062185124880277E-03  1.55188106517371711E+01
3.42598332750467839E-03  1.55396733540076628E+01
3.43134480376055444E-03  1.55605360562781545E+01
3.43670628001643006E-03  1.55813987585486462E+01
3.44206775627230611E-03  1.56022614608191379E+01
3.44742923252818172E-03  1.56231241630896296E+01
3.45279070878405777E-03  1.56439868653601231E+01
3.45815218503993382E-03  1.56648495676306148E+01
3.46351366129580944E-03  1.56857122699011065E+01
3.46887513755168549E-03  1.57065749721715981E+01
3.47423661380756111E-03  1.57274376744420898E+01
3.47959809006343716E-03  1.57483003767125833E+01
3.48495956631931321E-03  1.57691630789830750E+01
3.49032104257518882E-03  1.57900257812535667E+01
3.49568251883106487E-03  1.58108884835240584E+01
3.50104399508694049E-03  1.58317511857945501E+01
3.50640547134281654E-03  1.58526138880650418E+01
3.51176694759869215E-03  1.58734765903355335E+01
3.51712842385456820E-03  1.58943392926060270E+01
3.52248990011044425E-03  1.59152019948765187E+01
3.52785137636631987E-03  1.59360646971470103E+01
3.53321285262219592E-03  1.59569273994175020E+01
3.53857432887807154E-03  1.59777901016879937E+01
3.54393580513394759E-03  1.59986528039584854E+01
3.54929728138982320E-03  1.60195155062289771E+01
3.55465875764569925E-03  1.60403782084994688E+01
3.56002023390157530E-03  1.60612409107699605E+01
3.56538171015745092E-03  1.60821036130404522E+01
3.57074318641332697E-03  1.61029663153109439E+01
3.57610466266920259E-03  1.61238290175814356E+01
3.58146613892507864E-03  1.61446917198519273E+01
3.58682761518095425E-03  1.61655544221224190E+01
3.59218909143683030E-03  1.61864171243929142E+01
3.59755056769270635E-03  1.62072798266634059E+01
3.60291204394858197E-03  1.62281425289338976E+01
3.60827352020445802E-03  1.62490052312043893E+01
3.61363499646033363E-03  1.62698679334748810E+01
3.61899647271620968E-03  1.62907306357453727E+01
3.62435794897208530E-03  1.63115933380158644E+01
3.62971942522796135E-03  1.63324560402863597E+01
3.63508090148383740E-03  1.63533187425568514E+01
3.64044237773971302E-03  1.63741814448273431E+01
3.64580385399558907E-03  1.63950441470978348E+01
3.65116533025146468E-03  1.64159068493683264E+01
3.65652680650734073E-03  1.64367695516388181E+01
3.66188828276321678E-03  1.64576322539093098E+01
3.66724975901909240E-03  1.64784949561798015E+01
3.67261123527496845E-03  1.64993576584502932E+01
3.67797271153084407E-03  1.65202203607207849E+01
3.68333418778672012E-03  1.65410830629912766E+01
3.68869566404259573E-03  1.65619457652617683E+01
3.69405714029847178E-03  1.65828084675322600E+01
3.69941861655434783E-03  1.66036711698027517E+01
3.70478009281022345E-03  1.66245338720732434E+01
3.71014156906609950E-03  1.66453965743437351E+01
3.71550304532197511E-03  1.66662592766142268E+01
3.72086452157785116E-03  1.66871219788847185E+01
3.72622599783372678E-03  1.67079846811552102E+01
3.73158747408960283E-03  1.67288473834257054E+01
3.73694895034547888E-03  1.67497100856961971E+01
3.74231042660135450E-03  1.67705727879666888E+01
3.74767190285723055E-03  1.67914354902371805E+01
3.75303337911310616E-03  1.68122981925076722E+01
3.75839485536898221E-03  1.68331608947781639E+01
3.76375633162485783E-03  1.68540235970486556E+01
3.76911780788073388E-03  1.68748862993191509E+01
3.77447928413660993E-03  1.68957490015896425E+01
3.77984076039248554E-03  1.69166117038601342E+01
3.78520223664836159E-03  1.69374744061306259E+01
3.79056371290423721E-03  1.69583371084011176E+01
3.79592518916011326E-03  1.69791998106716093E+01
3.80128666541598931E-03  1.70000625129421010E+01
3.80664814167186493E-03  1.70209252152125927E+01
3.81200961792774098E-03  1.70417879174830844E+01
3.81737109418361659E-03  1.70626506197535761E+01
3.82273257043949264E-03  1.70835133220240678E+01
3.82809404669536826E-03  1.71043760242945595E+01
3.83345552295124431E-03  1.71252387265650512E+01
3.83881699920712036E-03  1.71461014288355429E+01
3.84417847546299598E-03  1.71669641311060346E+01
3.84953995171887203E-03  1.71878268333765263E+01
3.85490142797474764E-03  1.72086895356470180E+01
3.86026290423062369E-03  1.72295522379175097E+01
3.86562438048649931E-03  1.72504149401880014E+01
3.87098585674237536E-03  1.72712776424584966E+01
3.87634733299825141E-03  1.72921403447289883E+01
3.88170880925412702E-03  1.73130030469994800E+01
3.88707028551000307E-03  1.73338657492699717E+01
3.89243176176587869E-03  1.73547284515404634E+01
3.89779323802175474E-03  1.73755911538109551E+01
3.90315471427763036E-03  1.73964538560814468E+01
3.90851619053350641E-03  1.74173165583519420E+01
3.91387766678938202E-03  1.74381792606224302E+01
3.91923914304525851E-03  1.74590419628929254E+01
3.92460061930113412E-03  1.74799046651634171E+01
3.92996209555700974E-03  1.75007673674339088E+01
3.93532357181288536E-03  1.75216300697043970E+01
3.94068504806876184E-03  1.75424927719748922E+01
3.94604652432463746E-03  1.75633554742453839E+01
3.95140800058051307E-03  1.75842181765158756E+01
3.95676947683638956E-03  1.76050808787863673E+01
3.96213095309226517E-03  1.76259435810568590E+01
3.96749242934814079E-03  1.76468062833273507E+01
3.97285390560401640E-03  1.76676689855978424E+01
3.97821538185989289E-03  1.76885316878683341E+01
3.98357685811576850E-03  1.77093943901388258E+01
3.98893833437164412E-03  1.77302570924093175E+01
3.99429981062752060E-03  1.77511197946798127E+01
3.99966128688339622E-03  1.77719824969503009E+01
4.00502276313927184E-03  1.77928451992207926E+01
4.01038423939514745E-03  1.78137079014912842E+01
4.01574571565102394E-03  1.78345706037617795E+01
4.02110719190689955E-03  1.78554333060322712E+01
4.02646866816277517E-03  1.78762960083027593E+01
4.03183014441865165E-03  1.78971587105732581E+01
4.03719162067452727E-03  1.79180214128437463E+01
4.04255309693040289E-03  1.79388841151142380E+01
4.04791457318627937E-03  1.79597468173847332E+01
4.05327604944215499E-03  1.79806095196552249E+01
4.05863752569803060E-03  1.80014722219257166E+01
4.06399900195390622E-03  1.80223349241962048E+01
4.06936047820978270E-03  1.80431976264667000E+01
4.07472195446565832E-03  1.80640603287371917E+01
4.08008343072153393E-03  1.80849230310076834E+01
4.08544490697741042E-03  1.81057857332781751E+01
4.09080638323328603E-03  1.81266484355486668E+01
4.09616785948916165E-03  1.81475111378191585E+01
4.10152933574503727E-03  1.81683738400896502E+01
4.10689081200091375E-03  1.81892365423601419E+01
4.11225228825678937E-03  1.82100992446306336E+01
4.11761376451266498E-03  1.82309619469011253E+01
4.12297524076854147E-03  1.82518246491716205E+01
4.12833671702441708E-03  1.82726873514421122E+01
4.13369819328029270E-03  1.82935500537126003E+01
4.13905966953616831E-03  1.83144127559830920E+01
4.14442114579204480E-03  1.83352754582535873E+01
4.14978262204792041E-03  1.83561381605240790E+01
4.15514409830379603E-03  1.83770008627945707E+01
4.16050557455967251E-03  1.83978635650650624E+01
4.16586705081554813E-03  1.84187262673355541E+01
4.17122852707142375E-03  1.84395889696060458E+01
4.17659000332729936E-03  1.84604516718765375E+01
4.18195147958317585E-03  1.84813143741470292E+01
4.18731295583905146E-03  1.85021770764175209E+01
4.19267443209492708E-03  1.85230397786880125E+01
4.19803590835080356E-03  1.85439024809585078E+01
4.20339738460667918E-03  1.85647651832289995E+01
4.20875886086255480E-03  1.85856278854994876E+01
4.21412033711843041E-03  1.86064905877699793E+01
4.21948181337430690E-03  1.86273532900404746E+01
4.22484328963018251E-03  1.86482159923109663E+01
4.23020476588605813E-03  1.86690786945814580E+01
4.23556624214193461E-03  1.86899413968519497E+01
4.24092771839781023E-03  1.87108040991224414E+01
4.24628919465368584E-03  1.87316668013929331E+01
4.25165067090956146E-03  1.87525295036634247E+01
4.25701214716543794E-03  1.87733922059339164E+01
4.26237362342131356E-03  1.87942549082044081E+01
4.26773509967718918E-03  1.88151176104748998E+01
4.27309657593306566E-03  1.88359803127453951E+01
4.27845805218894128E-03  1.88568430150158868E+01
4.28381952844481689E-03  1.88777057172863749E+01
4.28918100470069251E-03  1.88985684195568666E+01
4.29454248095656899E-03  1.89194311218273619E+01
4.29990395721244461E-03  1.89402938240978536E+01
4.30526543346832023E-03  1.89611565263683453E+01
4.31062690972419671E-03  1.89820192286388369E+01
4.31598838598007233E-03  1.90028819309093286E+01
4.32134986223594794E-03  1.90237446331798203E+01
4.32671133849182356E-03  1.90446073354503120E+01
4.33207281474770004E-03  1.90654700377208037E+01
4.33743429100357566E-03  1.90863327399912954E+01
4.34279576725945127E-03  1.91071954422617871E+01
4.34815724351532776E-03  1.91280581445322824E+01
4.35351871977120337E-03  1.91489208468027741E+01
4.35888019602707899E-03  1.91697835490732622E+01
4.36424167228295547E-03  1.91906462513437575E+01
4.36960314853883109E-03  1.92115089536142492E+01
4.37496462479470671E-03  1.92323716558847408E+01
4.38032610105058232E-03  1.92532343581552325E+01
4.38568757730645881E-03  1.92740970604257242E+01
4.39104905356233442E-03  1.92949597626962159E+01
4.39641052981821004E-03  1.93158224649667076E+01
4.40177200607408652E-03  1.93366851672372029E+01
4.40713348232996214E-03  1.93575478695076946E+01
4.41249495858583776E-03  1.93784105717781827E+01
4.41785643484171337E-03  1.93992732740486744E+01
4.42321791109758986E-03  1.94201359763191697E+01
4.42857938735346547E-03  1.94409986785896614E+01
4.43394086360934109E-03  1.94618613808601495E+01
4.43930233986521757E-03  1.94827240831306447E+01
4.44466381612109319E-03  1.95035867854011364E+01
4.45002529237696880E-03  1.95244494876716281E+01
4.45538676863284442E-03  1.95453121899421198E+01
4.46074824488872090E-03  1.95661748922126115E+01
4.46610972114459652E-03  1.95870375944831032E+01
4.47147119740047214E-03  1.96079002967535949E+01
4.47683267365634862E-03  1.96287629990240902E+01
4.48219414991222424E-03  1.96496257012945819E+01
4.48755562616809985E-03  1.96704884035650700E+01
4.49291710242397547E-03  1.96913511058355617E+01
4.49827857867985195E-03  1.97122138081060569E+01
4.50364005493572757E-03  1.97330765103765486E+01
4.50900153119160318E-03  1.97539392126470403E+01
4.51436300744747967E-03  1.97748019149175320E+01
4.51972448370335528E-03  1.97956646171880237E+01
4.52508595995923090E-03  1.98165273194585154E+01
4.53044743621510652E-03  1.98373900217290071E+01
4.53580891247098300E-03  1.98582527239994988E+01
4.54117038872685862E-03  1.98791154262699905E+01
4.54653186498273423E-03  1.98999781285404822E+01
4.55189334123861072E-03  1.99208408308109775E+01
4.55725481749448633E-03  1.99417035330814691E+01
4.56261629375036195E-03  1.99625662353519573E+01
4.56797777000623757E-03  1.99834289376224490E+01
4.57333924626211405E-03  2.00042916398929442E+01
4.57870072251798967E-03  2.00251543421634359E+01
4.58406219877386528E-03  2.00460170444339276E+01
4.58942367502974177E-03  2.00668797467044193E+01
4.59478515128561738E-03  2.00877424489749110E+01
4.60014662754149300E-03  2.01086051512454027E+01
4.60550810379736861E-03  2.01294678535158944E+01
4.61086958005324510E-03  2.01503305557863861E+01
4.61623105630912071E-03  2.01711932580568778E+01
4.62159253256499633E-03  2.01920559603273695E+01
4.62695400882087281E-03  2.02129186625978647E+01
4.63231548507674843E-03  2.02337813648683564E+01
4.63767696133262405E-03  2.02546440671388446E+01
4.64303843758849966E-03  2.02755067694093363E+01
4.64839991384437615E-03  2.02963694716798315E+01
4.65376139010025176E-03  2.03172321739503232E+01
4.65912286635612738E-03  2.03380948762208149E+01
4.66448434261200386E-03  2.03589575784913066E+01
4.66984581886787948E-03  2.03798202807617983E+01
4.67520729512375510E-03  2.04006829830322900E+01
4.68056877137963071E-03  2.04215456853027817E+01
4.68593024763550720E-03  2.04424083875732734E+01
4.69129172389138281E-03  2.04632710898437651E+01
4.69665320014725843E-03  2.04841337921142568E+01
4.70201467640313491E-03  2.05049964943847520E+01
4.70737615265901053E-03  2.05258591966552437E+01
4.71273762891488614E-03  2.05467218989257319E+01
4.71809910517076263E-03  2.05675846011962271E+01
4.72346058142663824E-03  2.05884473034667188E+01
4.72882205768251386E-03  2.06093100057372105E+01
4.73418353393838948E-03  2.06301727080077022E+01
4.73954501019426596E-03  2.06510354102781939E+01
4.74490648645014158E-03  2.06718981125486856E+01
4.75026796270601719E-03  2.06927608148191773E+01
4.75562943896189368E-03  2.07136235170896725E+01
4.76099091521776929E-03  2.07344862193601642E+01
4.76635239147364491E-03  2.07553489216306524E+01
4.77171386772952053E-03  2.07762116239011441E+01
4.77707534398539701E-03  2.07970743261716393E+01
4.78243682024127263E-03  2.08179370284421310E+01
4.78779829649714824E-03  2.08387997307126192E+01
4.79315977275302472E-03  2.08596624329831144E+01
4.79852124900890034E-03  2.08805251352536061E+01
4.80388272526477596E-03  2.09013878375240978E+01
4.80924420152065157E-03  2.09222505397945895E+01
4.81460567777652806E-03  2.09431132420650812E+01
4.81996715403240367E-03  2.09639759443355729E+01
4.82532863028827929E-03  2.09848386466060646E+01
4.83069010654415577E-03  2.10057013488765598E+01
4.83605158280003139E-03  2.10265640511470515E+01
4.84141305905590701E-03  2.10474267534175397E+01
4.84677453531178262E-03  2.10682894556880314E+01
4.85213601156765911E-03  2.10891521579585266E+01
4.85749748782353472E-03  2.11100148602290183E+01
4.86285896407941034E-03  2.11308775624995100E+01
4.86822044033528682E-03  2.11517402647700017E+01
4.87358191659116244E-03  2.11726029670404934E+01
4.87894339284703805E-03  2.11934656693109851E+01
4.88430486910291367E-03  2.12143283715814768E+01
4.88966634535879015E-03  2.12351910738519685E+01
4.89502782161466577E-03  2.12560537761224602E+01
4.90038929787054139E-03  2.12769164783929519E+01
4.90575077412641787E-03  2.12977791806634471E+01
4.91111225038229349E-03  2.13186418829339388E+01
4.91647372663816910E-03  2.13395045852044269E+01
4.92183520289404472E-03  2.13603672874749186E+01
4.92719667914992120E-03  2.13812299897454139E+01
4.93255815540579682E-03  2.14020926920159056E+01
4.93791963166167244E-03  2.14229553942863973E+01
4.94328110791754892E-03  2.14438180965568890E+01
4.94864258417342454E-03  2.14646807988273807E+01
4.95400406042930015E-03  2.14855435010978724E+01
4.95936553668517577E-03  2.15064062033683641E+01
4.96472701294105225E-03  2.15272689056388558E+01
4.97008848919692787E-03  2.15481316079093475E+01
4.97544996545280348E-03  2.15689943101798391E+01
4.98081144170867997E-03  2.15898570124503344E+01
4.98617291796455558E-03  2.16107197147208261E+01
4.99153439422043120E-03  2.16315824169913142E+01
4.99689587047630682E-03  2.16524451192618059E+01
5.00225734673218330E-03  2.16733078215323012E+01
5.00761882298805892E-03  2.16941705238027929E+01
5.01298029924393453E-03  2.17150332260732846E+01
5.01834177549981102E-03  2.17358959283437763E+01
5.02370325175568663E-03  2.17567586306142680E+01
5.02906472801156225E-03  2.17776213328847597E+01
5.03442620426743873E-03  2.17984840351552549E+01
5.03978768052331435E-03  2.18193467374257430E+01
5.04514915677918997E-03  2.18402094396962347E+01
5.05051063303506558E-03  2.18610721419667264E+01
5.05587210929094207E-03  2.18819348442372217E+01
5.06123358554681768E-03  2.19027975465077134E+01
5.06659506180269330E-03  2.19236602487782015E+01
5.07195653805856978E-03  2.19445229510486968E+01
5.07731801431444540E-03  2.19653856533191885E+01
5.08267949057032101E-03  2.19862483555896802E+01
5.08804096682619663E-03  2.20071110578601719E+01
5.09340244308207311E-03  2.20279737601306635E+01
5.09876391933794873E-03  2.20488364624011552E+01
5.10412539559382435E-03  2.20696991646716469E+01
5.10948687184970083E-03  2.20905618669421422E+01
5.11484834810557645E-03  2.21114245692126339E+01
5.12020982436145206E-03  2.21322872714831220E+01
5.12557130061732768E-03  2.21531499737536137E+01
5.13093277687320416E-03  2.21740126760241090E+01
5.13629425312907978E-03  2.21948753782946007E+01
5.14165572938495540E-03  2.22157380805650888E+01
5.14701720564083188E-03  2.22366007828355841E+01
5.15237868189670749E-03  2.22574634851060758E+01
5.15774015815258311E-03  2.22783261873765674E+01
5.16310163440845873E-03  2.22991888896470591E+01
5.16846311066433521E-03  2.23200515919175508E+01
5.17382458692021083E-03  2.23409142941880425E+01
5.17918606317608644E-03  2.23617769964585342E+01
5.18454753943196293E-03  2.23826396987290295E+01
5.18990901568783854E-03  2.24035024009995212E+01
5.19527049194371416E-03  2.24243651032700093E+01
5.20063196819958978E-03  2.24452278055405010E+01
5.20599344445546626E-03  2.24660905078109963E+01
5.21135492071134188E-03  2.24869532100814880E+01
5.21671639696721749E-03  2.25078159123519796E+01
5.22207787322309398E-03  2.25286786146224713E+01
5.22743934947896959E-03  2.25495413168929630E+01
5.23280082573484521E-03  2.25704040191634547E+01
5.23816230199072082E-03  2.25912667214339464E+01
5.24352377824659731E-03  2.26121294237044381E+01
5.24888525450247292E-03  2.26329921259749298E+01
5.25424673075834854E-03  2.26538548282454215E+01
5.25960820701422502E-03  2.26747175305159168E+01
5.26496968327010064E-03  2.26955802327864085E+01
5.27033115952597626E-03  2.27164429350568966E+01
5.27569263578185187E-03  2.27373056373273883E+01
5.28105411203772836E-03  2.27581683395978835E+01
5.28641558829360397E-03  2.27790310418683752E+01
5.29177706454947959E-03  2.27998937441388669E+01
5.29713854080535607E-03  2.28207564464093586E+01
5.30250001706123169E-03  2.28416191486798503E+01
5.30786149331710731E-03  2.28624818509503420E+01
5.31322296957298292E-03  2.28833445532208337E+01
5.31858444582885941E-03  2.29042072554913254E+01
5.32394592208473502E-03  2.29250699577618171E+01
5.32930739834061064E-03  2.29459326600323088E+01
5.33466887459648712E-03  2.29667953623028041E+01
5.34003035085236274E-03  2.29876580645732957E+01
5.34539182710823835E-03  2.30085207668437839E+01
5.35075330336411484E-03  2.30293834691142791E+01
5.35611477961999045E-03  2.30502461713847708E+01
