0.00000000000000000E+00  0.00000000000000000E+00
6.55267799906192010E-06  1.85905384829163828E-01
1.31053559981238402E-05  3.71810769658327656E-01
1.96580339971857603E-05  5.57716154487491456E-01
2.62107119962476804E-05  7.43621539316655311E-01
3.27633899953096039E-05  9.29526924145819167E-01
3.93160679943715206E-05  1.11543230897498291E+00
4.58687459934334373E-05  1.30133769380414654E+00
5.24214239924953608E-05  1.48724307863331062E+00
5.89741019915572843E-05  1.67314846346247448E+00
6.55267799906192078E-05  1.85905384829163833E+00
7.20794579896811178E-05  2.04495923312080174E+00
7.86321359887430412E-05  2.23086461794996582E+00
8.51848139878049647E-05  2.41677000277912990E+00
9.17374919868668747E-05  2.50793223076108207E+00
9.82901699859287982E-05  2.51876024301959900E+00
1.04842847984990722E-04  2.52958825527811548E+00
1.11395525984052645E-04  2.54041626753663241E+00
1.17948203983114569E-04  2.55124427979514934E+00
1.24500881982176492E-04  2.56207229205366582E+00
1.31053559981238416E-04  2.57290030431218275E+00
1.37606237980300312E-04  2.58372831657069968E+00
1.44158915979362236E-04  2.59455632882921616E+00
1.50711593978424159E-04  2.60538434108773309E+00
1.57264271977486082E-04  2.61621235334625002E+00
1.63816949976548006E-04  2.62704036560476650E+00
1.70369627975609929E-04  2.63786837786328343E+00
1.76922305974671853E-04  2.64869639012179992E+00
1.83474983973733749E-04  2.65952440238031684E+00
1.90027661972795673E-04  2.67035241463883377E+00
1.96580339971857596E-04  2.68118042689735026E+00
2.03133017970919520E-04  2.69200843915586718E+00
2.09685695969981443E-04  2.70283645141438411E+00
2.16238373969043367E-04  2.71366446367290060E+00
2.22791051968105290E-04  2.72449247593141752E+00
2.29343729967167214E-04  2.73532048818993445E+00
2.35896407966229137E-04  2.74614850044845094E+00
2.42449085965291034E-04  2.75697651270696786E+00
2.49001763964352984E-04  2.76780452496548479E+00
2.55554441963414881E-04  2.77863253722400128E+00
2.62107119962476831E-04  2.78946054948251820E+00
2.68659797961538728E-04  2.80028856174103513E+00
2.75212475960600624E-04  2.81111657399955162E+00
2.81765153959662575E-04  2.82194458625806854E+00
2.88317831958724471E-04  2.83277259851658503E+00
2.94870509957786422E-04  2.84360061077510196E+00
3.01423187956848318E-04  2.85442862303361888E+00
3.07975865955910269E-04  2.86525663529213581E+00
3.14528543954972165E-04  2.87608464755065230E+00
3.21081221954034061E-04  2.88691265980916922E+00
3.27633899953096012E-04  2.89774067206768571E+00
3.34186577952157908E-04  2.90856868432620264E+00
3.40739255951219859E-04  2.91939669658471956E+00
3.47291933950281755E-04  2.93022470884323605E+00
3.53844611949343706E-04  2.94105272110175298E+00
3.60397289948405602E-04  2.95188073336026990E+00
3.66949967947467499E-04  2.96270874561878639E+00
3.73502645946529449E-04  2.97353675787730332E+00
3.80055323945591346E-04  2.98436477013582024E+00
3.86608001944653296E-04  2.99519278239433673E+00
3.93160679943715193E-04  3.00602079465285366E+00
3.99713357942777143E-04  3.01684880691137014E+00
4.06266035941839040E-04  3.02767681916988707E+00
4.12818713940900990E-04  3.03850483142840400E+00
4.19371391939962887E-04  3.04933284368692092E+00
4.25924069939024783E-04  3.06016085594543741E+00
4.32476747938086734E-04  3.07098886820395434E+00
4.39029425937148630E-04  3.08181688046247082E+00
4.45582103936210581E-04  3.09264489272098775E+00
4.52134781935272477E-04  3.10347290497950468E+00
4.58687459934334428E-04  3.11430091723802160E+00
4.65240137933396324E-04  3.12512892949653809E+00
4.71792815932458275E-04  3.13595694175505502E+00
4.78345493931520171E-04  3.14678495401357150E+00
4.84898171930582067E-04  3.15761296627208843E+00
4.91450849929643964E-04  3.16844097853060536E+00
4.98003527928705969E-04  3.17926899078912228E+00
5.04556205927767865E-04  3.19009700304763877E+00
5.11108883926829761E-04  3.20092501530615525E+00
5.17661561925891658E-04  3.21175302756467218E+00
5.24214239924953663E-04  3.22258103982318911E+00
5.30766917924015559E-04  3.23340905208170604E+00
5.37319595923077455E-04  3.24423706434022252E+00
5.43872273922139352E-04  3.25506507659873945E+00
5.50424951921201248E-04  3.26589308885725593E+00
5.56977629920263253E-04  3.27672110111577286E+00
5.63530307919325149E-04  3.28754911337428979E+00
5.70082985918387046E-04  3.29837712563280672E+00
5.76635663917448942E-04  3.30920513789132320E+00
5.83188341916510838E-04  3.32003315014983968E+00
5.89741019915572843E-04  3.33086116240835661E+00
5.96293697914634740E-04  3.34168917466687354E+00
6.02846375913696636E-04  3.35251718692539047E+00
6.09399053912758532E-04  3.36334519918390695E+00
6.15951731911820537E-04  3.37417321144242388E+00
6.22504409910882434E-04  3.38500122370094036E+00
6.29057087909944330E-04  3.39582923595945729E+00
6.35609765909006226E-04  3.40665724821797422E+00
6.42162443908068123E-04  3.41748526047649115E+00
6.48715121907130128E-04  3.42831327273500808E+00
6.55267799906192024E-04  3.43914128499352456E+00
6.61820477905253920E-04  3.44996929725204104E+00
6.68373155904315817E-04  3.46079730951055797E+00
6.74925833903377822E-04  3.47162532176907490E+00
6.81478511902439718E-04  3.48245333402759183E+00
6.88031189901501614E-04  3.49328134628610831E+00
6.94583867900563511E-04  3.50410935854462480E+00
7.01136545899625407E-04  3.51493737080314173E+00
7.07689223898687412E-04  3.52576538306165865E+00
7.14241901897749308E-04  3.53659339532017558E+00
7.20794579896811205E-04  3.54742140757869251E+00
7.27347257895873101E-04  3.55824941983720899E+00
7.33899935894934997E-04  3.56907743209572548E+00
7.40452613893997002E-04  3.57990544435424241E+00
7.47005291893058899E-04  3.59073345661275933E+00
7.53557969892120795E-04  3.60156146887127626E+00
7.60110647891182691E-04  3.61238948112979275E+00
7.66663325890244696E-04  3.62321749338830967E+00
7.73216003889306593E-04  3.63404550564682616E+00
7.79768681888368489E-04  3.64487351790534309E+00
7.86321359887430385E-04  3.65570153016386001E+00
7.92874037886492282E-04  3.66652954242237650E+00
7.99426715885554287E-04  3.67735755468089343E+00
8.05979393884616183E-04  3.68818556693941035E+00
8.12532071883678079E-04  3.69901357919792684E+00
8.19084749882739976E-04  3.70984159145644377E+00
8.25637427881801981E-04  3.72066960371496069E+00
8.32190105880863877E-04  3.73149761597347762E+00
8.38742783879925773E-04  3.74232562823199411E+00
8.45295461878987670E-04  3.75315364049051059E+00
8.51848139878049566E-04  3.76398165274902752E+00
8.58400817877111571E-04  3.77480966500754445E+00
8.64953495876173467E-04  3.78563767726606137E+00
8.71506173875235364E-04  3.79646568952457786E+00
8.78058851874297260E-04  3.80729370178309434E+00
8.84611529873359265E-04  3.81812171404161127E+00
8.91164207872421161E-04  3.82894972630012820E+00
8.97716885871483058E-04  3.83977773855864513E+00
9.04269563870544954E-04  3.85060575081716205E+00
9.10822241869606850E-04  3.86143376307567854E+00
9.17374919868668855E-04  3.87226177533419547E+00
9.23927597867730752E-04  3.88312710108725323E+00
9.30480275866792648E-04  3.90540840310061510E+00
9.37032953865854544E-04  3.92768970511397653E+00
9.43585631864916549E-04  3.94997100712733884E+00
9.50138309863978446E-04  3.97225230914070027E+00
9.56690987863040342E-04  3.99453361115406214E+00
9.63243665862102238E-04  4.01681491316742445E+00
9.69796343861164135E-04  4.03909621518078588E+00
9.76349021860226140E-04  4.06137751719414730E+00
9.82901699859287927E-04  4.08365881920750873E+00
9.89454377858349932E-04  4.10594012122087104E+00
9.96007055857411937E-04  4.12822142323423336E+00
1.00255973385647373E-03  4.15050272524759478E+00
1.00911241185553573E-03  4.17278402726095621E+00
1.01566508985459752E-03  4.19506532927431763E+00
1.02221776785365952E-03  4.21734663128767995E+00
1.02877044585272153E-03  4.23962793330104226E+00
1.03532312385178332E-03  4.26190923531440369E+00
1.04187580185084532E-03  4.28419053732776511E+00
1.04842847984990733E-03  4.30647183934112743E+00
1.05498115784896911E-03  4.32875314135448797E+00
1.06153383584803112E-03  4.35103444336785117E+00
1.06808651384709291E-03  4.37331574538121259E+00
1.07463919184615491E-03  4.39559704739457402E+00
1.08119186984521692E-03  4.41787834940793545E+00
1.08774454784427870E-03  4.44015965142129687E+00
1.09429722584334071E-03  4.46244095343466007E+00
1.10084990384240250E-03  4.48472225544802061E+00
1.10740258184146450E-03  4.50700355746138293E+00
1.11395525984052651E-03  4.52928485947474435E+00
1.12050793783958829E-03  4.55156616148810578E+00
1.12706061583865030E-03  4.57384746350146809E+00
1.13361329383771209E-03  4.59612876551482952E+00
1.14016597183677409E-03  4.61841006752819183E+00
1.14671864983583610E-03  4.64069136954155326E+00
1.15327132783489788E-03  4.66297267155491468E+00
1.15982400583395989E-03  4.68525397356827700E+00
1.16637668383302168E-03  4.70753527558163842E+00
1.17292936183208368E-03  4.72981657759500074E+00
1.17948203983114569E-03  4.75209787960836216E+00
1.18603471783020747E-03  4.77437918162172359E+00
1.19258739582926948E-03  4.79666048363508590E+00
1.19914007382833148E-03  4.81894178564844822E+00
1.20569275182739327E-03  4.84122308766180964E+00
1.21224542982645528E-03  4.86350438967517107E+00
1.21879810782551706E-03  4.88578569168853249E+00
1.22535078582457907E-03  4.90806699370189481E+00
1.23190346382364107E-03  4.93034829571525712E+00
1.23845614182270286E-03  4.95262959772861855E+00
1.24500881982176487E-03  4.97491089974197997E+00
1.25156149782082666E-03  4.99719220175534140E+00
1.25811417581988866E-03  5.01947350376870371E+00
1.26466685381895066E-03  5.04175480578206603E+00
1.27121953181801245E-03  5.06403610779542657E+00
1.27777220981707446E-03  5.08631740980878888E+00
1.28432488781613625E-03  5.10859871182215031E+00
1.29087756581519825E-03  5.13088001383551262E+00
1.29743024381426026E-03  5.15316131584887405E+00
1.30398292181332204E-03  5.17544261786223547E+00
1.31053559981238405E-03  5.19772391987559779E+00
1.31708827781144584E-03  5.22000522188895921E+00
1.32364095581050784E-03  5.24228652390232153E+00
1.33019363380956985E-03  5.26456782591568295E+00
1.33674631180863163E-03  5.28684912792904438E+00
1.34329898980769364E-03  5.30913042994240669E+00
1.34985166780675564E-03  5.33141173195576901E+00
1.35640434580581743E-03  5.35369303396913043E+00
1.36295702380487944E-03  5.37597433598249186E+00
1.36950970180394122E-03  5.39825563799585328E+00
1.37606237980300323E-03  5.42053694000921560E+00
1.38261505780206523E-03  5.44281824202257791E+00
1.38916773580112702E-03  5.46509954403593934E+00
1.39572041380018903E-03  5.48738084604930076E+00
1.40227309179925081E-03  5.50966214806266219E+00
1.40882576979831282E-03  5.53194345007602450E+00
1.41537844779737482E-03  5.55422475208938682E+00
1.42193112579643661E-03  5.57650605410274736E+00
1.42848380379549862E-03  5.59878735611610967E+00
1.43503648179456040E-03  5.62106865812947110E+00
1.44158915979362241E-03  5.64334996014283341E+00
1.44814183779268441E-03  5.66563126215619484E+00
1.45469451579174620E-03  5.68791256416955626E+00
1.46124719379080821E-03  5.71019386618291858E+00
1.46779987178986999E-03  5.73247516819628000E+00
1.47435254978893200E-03  5.75475647020964232E+00
1.48090522778799400E-03  5.77703777222300374E+00
1.48745790578705579E-03  5.79931907423636517E+00
1.49401058378611780E-03  5.82160037624972748E+00
1.50056326178517980E-03  5.84388167826308980E+00
1.50711593978424159E-03  5.86616298027645122E+00
1.51366861778330359E-03  5.88844428228981265E+00
1.52022129578236538E-03  5.91072558430317407E+00
1.52677397378142739E-03  5.93300688631653639E+00
1.53332665178048939E-03  5.95528818832989870E+00
1.53987932977955118E-03  5.97756949034325924E+00
1.54643200777861319E-03  5.99985079235662155E+00
1.55298468577767497E-03  6.02213209436998298E+00
1.55953736377673698E-03  6.04441339638334529E+00
1.56609004177579898E-03  6.06669469839670761E+00
1.57264271977486077E-03  6.08897600041006815E+00
1.57919539777392278E-03  6.11125730242343046E+00
1.58574807577298456E-03  6.13353860443679189E+00
1.59230075377204657E-03  6.15581990645015420E+00
1.59885343177110857E-03  6.17810120846351563E+00
1.60540610977017036E-03  6.20038251047687705E+00
1.61195878776923237E-03  6.22266381249023937E+00
1.61851146576829437E-03  6.24494511450360168E+00
1.62506414376735616E-03  6.26722641651696311E+00
1.63161682176641816E-03  6.28950771853032453E+00
1.63816949976547995E-03  6.31178902054368596E+00
1.64472217776454196E-03  6.33407032255704827E+00
1.65127485576360396E-03  6.35635162457041059E+00
1.65782753376266575E-03  6.37863292658377201E+00
1.66438021176172775E-03  6.40091422859713344E+00
1.67093288976078954E-03  6.42319553061049486E+00
1.67748556775985155E-03  6.44547683262385718E+00
1.68403824575891355E-03  6.46775813463721949E+00
1.69059092375797534E-03  6.49003943665058003E+00
1.69714360175703734E-03  6.51232073866394234E+00
1.70369627975609913E-03  6.53460204067730377E+00
1.71024895775516114E-03  6.55688334269066608E+00
1.71680163575422314E-03  6.57916464470402751E+00
1.72335431375328493E-03  6.60144594671738894E+00
1.72990699175234693E-03  6.62372724873075125E+00
1.73645966975140872E-03  6.64600855074411268E+00
1.74301234775047073E-03  6.66828985275747499E+00
1.74956502574953273E-03  6.69057115477083642E+00
1.75611770374859452E-03  6.71285245678419784E+00
1.76267038174765652E-03  6.73513375879756016E+00
1.76922305974671853E-03  6.75741506081092247E+00
1.77577573774578032E-03  6.77969636282428390E+00
1.78232841574484232E-03  6.80197766483764532E+00
1.78888109374390411E-03  6.82425896685100675E+00
1.79543377174296612E-03  6.84654026886436906E+00
1.80198644974202812E-03  6.86882157087773138E+00
1.80853912774108991E-03  6.89110287289109191E+00
1.81509180574015191E-03  6.91338417490445423E+00
1.82164448373921370E-03  6.93566547691781565E+00
1.82819716173827571E-03  6.95794677893117797E+00
1.83474983973733771E-03  6.98022808094454028E+00
1.84130251773639950E-03  7.00250938295790082E+00
1.84785519573546150E-03  7.02479068497126313E+00
1.85440787373452329E-03  7.04707198698462456E+00
1.86096055173358530E-03  7.06935328899798687E+00
1.86751322973264730E-03  7.09163459101134830E+00
1.87406590773170909E-03  7.11391589302470972E+00
1.88061858573077109E-03  7.13619719503807204E+00
1.88717126372983310E-03  7.15847849705143435E+00
1.89372394172889489E-03  7.18075979906479578E+00
1.90027661972795689E-03  7.20304110107815720E+00
1.90682929772701868E-03  7.22532240309151863E+00
1.91338197572608068E-03  7.24760370510488094E+00
1.91993465372514269E-03  7.26988500711824326E+00
1.92648733172420448E-03  7.29216630913160468E+00
1.93304000972326648E-03  7.31444761114496611E+00
1.93959268772232827E-03  7.33672891315832754E+00
1.94614536572139027E-03  7.35901021517168985E+00
1.95269804372045228E-03  7.38129151718505216E+00
1.95925072171951407E-03  7.40357281919841270E+00
1.96580339971857585E-03  7.42585412121177413E+00
1.97235607771763808E-03  7.44813542322513733E+00
1.97890875571669986E-03  7.47041672523849876E+00
1.98546143371576165E-03  7.49269802725186018E+00
1.99201411171482387E-03  7.51497932926522250E+00
1.99856678971388566E-03  7.53726063127858392E+00
2.00511946771294745E-03  7.55954193329194535E+00
2.01167214571200967E-03  7.58182323530530766E+00
2.01822482371107146E-03  7.60410453731866909E+00
2.02477750171013325E-03  7.62638583933203051E+00
2.03133017970919504E-03  7.64866714134539194E+00
2.03788285770825726E-03  7.67094844335875514E+00
2.04443553570731905E-03  7.69322974537211657E+00
2.05098821370638083E-03  7.71551104738547711E+00
2.05754089170544305E-03  7.73779234939884031E+00
2.06409356970450484E-03  7.76007365141220173E+00
2.07064624770356663E-03  7.78235495342556316E+00
2.07719892570262885E-03  7.80463625543892547E+00
2.08375160370169064E-03  7.82691755745228690E+00
2.09030428170075243E-03  7.84919885946564833E+00
2.09685695969981465E-03  7.87148016147901153E+00
2.10340963769887644E-03  7.89376146349237295E+00
2.10996231569793823E-03  7.91604276550573349E+00
2.11651499369700001E-03  7.93832406751909492E+00
2.12306767169606224E-03  7.96060536953245812E+00
2.12962034969512402E-03  7.98288667154581955E+00
2.13617302769418581E-03  8.00516797355918186E+00
2.14272570569324803E-03  8.02744927557254329E+00
2.14927838369230982E-03  8.04973057758590471E+00
2.15583106169137161E-03  8.07201187959926614E+00
2.16238373969043383E-03  8.09429318161262756E+00
2.16893641768949562E-03  8.11657448362598899E+00
2.17548909568855741E-03  8.13885578563935042E+00
2.18204177368761919E-03  8.16113708765271184E+00
2.18859445168668142E-03  8.18341838966607682E+00
2.19514712968574320E-03  8.20569969167943825E+00
2.20169980768480499E-03  8.22798099369279790E+00
2.20825248568386721E-03  8.25026229570616110E+00
2.21480516368292900E-03  8.27254359771952252E+00
2.22135784168199079E-03  8.29482489973288395E+00
2.22791051968105301E-03  8.31710620174624538E+00
2.23446319768011480E-03  8.33938750375960680E+00
2.24101587567917659E-03  8.36166880577296823E+00
2.24756855367823881E-03  8.38395010778633321E+00
2.25412123167730060E-03  8.40623140979969286E+00
2.26067390967636239E-03  8.42851271181305428E+00
2.26722658767542417E-03  8.45079401382641571E+00
2.27377926567448639E-03  8.47307531583977891E+00
2.28033194367354818E-03  8.49535661785314034E+00
2.28688462167260997E-03  8.51763791986650176E+00
2.29343729967167219E-03  8.53991922187986319E+00
2.29998997767073398E-03  8.56220052389322461E+00
2.30654265566979577E-03  8.58448182590658604E+00
2.31309533366885799E-03  8.60676312791994924E+00
2.31964801166791978E-03  8.62904442993331067E+00
2.32620068966698157E-03  8.65132573194667209E+00
2.33275336766604335E-03  8.67360703396003352E+00
2.33930604566510558E-03  8.69588833597339672E+00
2.34585872366416736E-03  8.71816963798675815E+00
2.35241140166322915E-03  8.74045094000011957E+00
2.35896407966229137E-03  8.76273224201348100E+00
2.36551675766135316E-03  8.78501354402684242E+00
2.37206943566041495E-03  8.80729484604020385E+00
2.37862211365947717E-03  8.82957614805356705E+00
2.38517479165853896E-03  8.85185745006692848E+00
2.39172746965760075E-03  8.87413875208028990E+00
2.39828014765666297E-03  8.89642005409365311E+00
2.40483282565572476E-03  8.91870135610701453E+00
2.41138550365478654E-03  8.94098265812037596E+00
2.41793818165384833E-03  8.96326396013373738E+00
2.42449085965291055E-03  8.98554526214709881E+00
2.43104353765197234E-03  9.00782656416046024E+00
2.43759621565103413E-03  9.03010786617382166E+00
2.44414889365009635E-03  9.05238916818718486E+00
2.45070157164915814E-03  9.07467047020054629E+00
2.45725424964821993E-03  9.09695177221390772E+00
2.46380692764728215E-03  9.11923307422727092E+00
2.47035960564634394E-03  9.14151437624063234E+00
2.47691228364540572E-03  9.16379567825399377E+00
2.48346496164446751E-03  9.18607698026735520E+00
2.49001763964352973E-03  9.20835828228071662E+00
2.49657031764259152E-03  9.23063958429407805E+00
2.50312299564165331E-03  9.25292088630743947E+00
2.50967567364071553E-03  9.27520218832080268E+00
2.51622835163977732E-03  9.29748349033416410E+00
2.52278102963883911E-03  9.31976479234752553E+00
2.52933370763790133E-03  9.34204609436088873E+00
2.53588638563696312E-03  9.36432739637425016E+00
2.54243906363602491E-03  9.38660869838760981E+00
2.54899174163508713E-03  9.40889000040097301E+00
2.55554441963414892E-03  9.43117130241433443E+00
2.56209709763321070E-03  9.45345260442769586E+00
2.56864977563227249E-03  9.47573390644105729E+00
2.57520245363133471E-03  9.49801520845442049E+00
2.58175513163039650E-03  9.52029651046778191E+00
2.58830780962945829E-03  9.54257781248114334E+00
2.59486048762852051E-03  9.56485911449450477E+00
2.60141316562758230E-03  9.58714041650786619E+00
2.60796584362664409E-03  9.60942171852122762E+00
2.61451852162570631E-03  9.63170302053459082E+00
2.62107119962476810E-03  9.65398432254795225E+00
2.62762387762382988E-03  9.67626562456131367E+00
2.63417655562289167E-03  9.69854692657467510E+00
2.64072923362195389E-03  9.72082822858803830E+00
2.64728191162101568E-03  9.74310953060139973E+00
2.65383458962007747E-03  9.76539083261476115E+00
2.66038726761913969E-03  9.78767213462812258E+00
2.66693994561820148E-03  9.80995343664148400E+00
2.67349262361726327E-03  9.83223473865484543E+00
2.68004530161632549E-03  9.85451604066820863E+00
2.68659797961538728E-03  9.87679734268157006E+00
2.69315065761444906E-03  9.89907864469493148E+00
2.69970333561351129E-03  9.92135994670829469E+00
2.70625601361257307E-03  9.94364124872165611E+00
2.71280869161163486E-03  9.96592255073501754E+00
2.71936136961069665E-03  9.98820385274837896E+00
2.72591404760975887E-03  1.00104851547617404E+01
2.73246672560882066E-03  1.00327664567751018E+01
2.73901940360788245E-03  1.00550477587884632E+01
2.74557208160694467E-03  1.00773290608018264E+01
2.75212475960600646E-03  1.00996103628151879E+01
2.75867743760506825E-03  1.01218916648285493E+01
2.76523011560413047E-03  1.01441729668419125E+01
2.77178279360319225E-03  1.01664542688552739E+01
2.77833547160225404E-03  1.01887355708686353E+01
2.78488814960131583E-03  1.02110168728819950E+01
2.79144082760037805E-03  1.02332981748953582E+01
2.79799350559943984E-03  1.02555794769087196E+01
2.80454618359850163E-03  1.02778607789220811E+01
2.81109886159756385E-03  1.03001420809354443E+01
2.81765153959662564E-03  1.03224233829488057E+01
2.82420421759568743E-03  1.03447046849621671E+01
2.83075689559474965E-03  1.03669859869755303E+01
2.83730957359381144E-03  1.03892672889888900E+01
2.84386225159287322E-03  1.04115485910022514E+01
2.85041492959193545E-03  1.04338298930156146E+01
2.85696760759099723E-03  1.04561111950289760E+01
2.86352028559005902E-03  1.04783924970423374E+01
2.87007296358912081E-03  1.05006737990556989E+01
2.87662564158818303E-03  1.05229551010690621E+01
2.88317831958724482E-03  1.05452364030824235E+01
2.88973099758630661E-03  1.05675177050957849E+01
2.89628367558536883E-03  1.05897990071091463E+01
2.90283635358443062E-03  1.06120803091225078E+01
2.90938903158349240E-03  1.06343616111358692E+01
2.91594170958255463E-03  1.06566429131492324E+01
2.92249438758161641E-03  1.06789242151625938E+01
2.92904706558067820E-03  1.07012055171759553E+01
2.93559974357973999E-03  1.07234868191893167E+01
2.94215242157880221E-03  1.07457681212026799E+01
2.94870509957786400E-03  1.07680494232160413E+01
2.95525777757692579E-03  1.07903307252294027E+01
2.96181045557598801E-03  1.08126120272427642E+01
2.96836313357504980E-03  1.08348933292561256E+01
2.97491581157411158E-03  1.08571746312694870E+01
2.98146848957317381E-03  1.08794559332828502E+01
2.98802116757223559E-03  1.09017372352962116E+01
2.99457384557129738E-03  1.09240185373095731E+01
3.00112652357035960E-03  1.09462998393229363E+01
3.00767920156942139E-03  1.09685811413362977E+01
3.01423187956848318E-03  1.09908624433496591E+01
3.02078455756754497E-03  1.10131437453630205E+01
3.02733723556660719E-03  1.10354250473763820E+01
3.03388991356566898E-03  1.10577063493897434E+01
3.04044259156473077E-03  1.10799876514031048E+01
3.04699526956379299E-03  1.11022689534164680E+01
3.05354794756285478E-03  1.11245502554298294E+01
3.06010062556191656E-03  1.11468315574431909E+01
3.06665330356097878E-03  1.11691128594565541E+01
3.07320598156004057E-03  1.11913941614699155E+01
3.07975865955910236E-03  1.12136754634832752E+01
3.08631133755816458E-03  1.12359567654966384E+01
3.09286401555722637E-03  1.12582380675099998E+01
3.09941669355628816E-03  1.12805193695233612E+01
3.10596937155534995E-03  1.13028006715367226E+01
3.11252204955441217E-03  1.13250819735500858E+01
3.11907472755347396E-03  1.13473632755634473E+01
3.12562740555253574E-03  1.13696445775768087E+01
3.13218008355159797E-03  1.13919258795901719E+01
3.13873276155065975E-03  1.14142071816035315E+01
3.14528543954972154E-03  1.14364884836168930E+01
3.15183811754878376E-03  1.14587697856302562E+01
3.15839079554784555E-03  1.14810510876436176E+01
3.16494347354690734E-03  1.15033323896569790E+01
3.17149615154596913E-03  1.15256136916703404E+01
3.17804882954503135E-03  1.15478949936837036E+01
3.18460150754409314E-03  1.15701762956970651E+01
3.19115418554315492E-03  1.15924575977104265E+01
3.19770686354221715E-03  1.16147388997237879E+01
3.20425954154127893E-03  1.16370202017371493E+01
3.21081221954034072E-03  1.16593015037505108E+01
3.21736489753940294E-03  1.16815828057638740E+01
3.22391757553846473E-03  1.17038641077772354E+01
3.23047025353752652E-03  1.17261454097905968E+01
3.23702293153658874E-03  1.17484267118039600E+01
3.24357560953565053E-03  1.17707080138173215E+01
3.25012828753471232E-03  1.17929893158306829E+01
3.25668096553377411E-03  1.18152706178440443E+01
3.26323364353283633E-03  1.18375519198574057E+01
3.26978632153189811E-03  1.18598332218707672E+01
3.27633899953095990E-03  1.18821145238841286E+01
3.28289167753002212E-03  1.19043958258974918E+01
3.28944435552908391E-03  1.19266771279108532E+01
3.29599703352814570E-03  1.19489584299242146E+01
3.30254971152720792E-03  1.19712397319375778E+01
3.30910238952626971E-03  1.19935210339509393E+01
3.31565506752533150E-03  1.20158023359643007E+01
3.32220774552439329E-03  1.20380836379776603E+01
3.32876042352345551E-03  1.20603649399910235E+01
3.33531310152251730E-03  1.20826462420043850E+01
3.34186577952157908E-03  1.21049275440177464E+01
3.34841845752064131E-03  1.21272088460311096E+01
3.35497113551970309E-03  1.21494901480444710E+01
3.36152381351876488E-03  1.21717714500578325E+01
3.36807649151782710E-03  1.21940527520711957E+01
3.37462916951688889E-03  1.22163340540845553E+01
3.38118184751595068E-03  1.22386153560979167E+01
3.38773452551501290E-03  1.22608966581112799E+01
3.39428720351407469E-03  1.22831779601246414E+01
3.40083988151313648E-03  1.23054592621380028E+01
3.40739255951219826E-03  1.23277405641513642E+01
3.41394523751126049E-03  1.23500218661647274E+01
3.42049791551032227E-03  1.23723031681780888E+01
3.42705059350938406E-03  1.23945844701914503E+01
3.43360327150844628E-03  1.24168657722048117E+01
3.44015594950750807E-03  1.24391470742181731E+01
3.44670862750656986E-03  1.24614283762315345E+01
3.45326130550563208E-03  1.24837096782448977E+01
3.45981398350469387E-03  1.25059909802582592E+01
3.46636666150375566E-03  1.25282722822716206E+01
3.47291933950281745E-03  1.25505535842849820E+01
3.47947201750187967E-03  1.25728348862983452E+01
3.48602469550094145E-03  1.25951161883117067E+01
3.49257737350000324E-03  1.26173974903250681E+01
3.49913005149906546E-03  1.26396787923384295E+01
3.50568272949812725E-03  1.26619600943517909E+01
3.51223540749718904E-03  1.26842413963651524E+01
3.51878808549625126E-03  1.27065226983785156E+01
3.52534076349531305E-03  1.27288040003918770E+01
3.53189344149437484E-03  1.27510853024052384E+01
3.53844611949343706E-03  1.27733666044186016E+01
3.54499879749249885E-03  1.27956479064319630E+01
3.55155147549156064E-03  1.28179292084453245E+01
3.55810415349062242E-03  1.28402105104586859E+01
3.56465683148968464E-03  1.28624918124720473E+01
3.57120950948874643E-03  1.28847731144854087E+01
3.57776218748780822E-03  1.29070544164987702E+01
3.58431486548687044E-03  1.29293357185121334E+01
3.59086754348593223E-03  1.29516170205254948E+01
3.59742022148499402E-03  1.29738983225388562E+01
3.60397289948405624E-03  1.29961796245522194E+01
3.61052557748311803E-03  1.30184609265655808E+01
3.61707825548217982E-03  1.30407422285789405E+01
3.62363093348124160E-03  1.30630235305923019E+01
3.63018361148030383E-03  1.30853048326056651E+01
3.63673628947936561E-03  1.31075861346190266E+01
3.64328896747842740E-03  1.31298674366323880E+01
3.64984164547748962E-03  1.31521487386457512E+01
3.65639432347655141E-03  1.31744300406591126E+01
3.66294700147561320E-03  1.31967113426724740E+01
3.66949967947467542E-03  1.32189926446858372E+01
3.67605235747373721E-03  1.32412739466991969E+01
3.68260503547279900E-03  1.32635552487125583E+01
3.68915771347186122E-03  1.32858365507259215E+01
3.69571039147092301E-03  1.33081178527392829E+01
3.70226306946998479E-03  1.33303991547526444E+01
3.70881574746904658E-03  1.33526804567660058E+01
3.71536842546810880E-03  1.33749617587793690E+01
3.72192110346717059E-03  1.33972430607927304E+01
3.72847378146623238E-03  1.34195243628060918E+01
3.73502645946529460E-03  1.34418056648194533E+01
3.74157913746435639E-03  1.34640869668328147E+01
3.74813181546341818E-03  1.34863682688461761E+01
3.75468449346248040E-03  1.35086495708595393E+01
3.76123717146154219E-03  1.35309308728729007E+01
3.76778984946060398E-03  1.35532121748862622E+01
3.77434252745966620E-03  1.35754934768996254E+01
3.78089520545872798E-03  1.35977747789129868E+01
3.78744788345778977E-03  1.36200560809263482E+01
3.79400056145685156E-03  1.36423373829397097E+01
3.80055323945591378E-03  1.36646186849530711E+01
3.80710591745497557E-03  1.36868999869664325E+01
3.81365859545403736E-03  1.37091812889797939E+01
3.82021127345309958E-03  1.37314625909931571E+01
3.82676395145216137E-03  1.37537438930065186E+01
3.83331662945122316E-03  1.37760251950198800E+01
3.83986930745028538E-03  1.37983064970332432E+01
3.84642198544934717E-03  1.38205877990466046E+01
3.85297466344840895E-03  1.38428691010599660E+01
3.85952734144747074E-03  1.38651504030733257E+01
3.86608001944653296E-03  1.38874317050866889E+01
3.87263269744559475E-03  1.39097130071000503E+01
3.87918537544465654E-03  1.39319943091134117E+01
3.88573805344371876E-03  1.39542756111267749E+01
3.89229073144278055E-03  1.39765569131401364E+01
3.89884340944184234E-03  1.39988382151534978E+01
3.90539608744090456E-03  1.40211195171668610E+01
3.91194876543996591E-03  1.40434008191802207E+01
3.91850144343902813E-03  1.40656821211935821E+01
3.92505412143809036E-03  1.40879634232069453E+01
3.93160679943715171E-03  1.41102447252203049E+01
3.93815947743621393E-03  1.41325260272336681E+01
3.94471215543527615E-03  1.41548073292470313E+01
3.95126483343433751E-03  1.41770886312603910E+01
3.95781751143339973E-03  1.41993699332737542E+01
3.96437018943246195E-03  1.42216512352871174E+01
3.97092286743152331E-03  1.42439325373004770E+01
3.97747554543058553E-03  1.42662138393138385E+01
3.98402822342964775E-03  1.42884951413272017E+01
3.99058090142870910E-03  1.43107764433405613E+01
3.99713357942777132E-03  1.43330577453539245E+01
4.00368625742683355E-03  1.43553390473672877E+01
4.01023893542589490E-03  1.43776203493806474E+01
4.01679161342495712E-03  1.43999016513940106E+01
4.02334429142401934E-03  1.44221829534073720E+01
4.02989696942308070E-03  1.44444642554207334E+01
4.03644964742214292E-03  1.44667455574340948E+01
4.04300232542120427E-03  1.44890268594474545E+01
4.04955500342026650E-03  1.45113081614608177E+01
4.05610768141932872E-03  1.45335894634741809E+01
4.06266035941839007E-03  1.45558707654875406E+01
4.06921303741745229E-03  1.45781520675009038E+01
4.07576571541651451E-03  1.46004333695142670E+01
4.08231839341557587E-03  1.46227146715276266E+01
4.08887107141463809E-03  1.46449959735409898E+01
4.09542374941370031E-03  1.46672772755543512E+01
4.10197642741276167E-03  1.46895585775677109E+01
4.10852910541182389E-03  1.47118398795810741E+01
4.11508178341088611E-03  1.47341211815944373E+01
4.12163446140994746E-03  1.47564024836077969E+01
4.12818713940900969E-03  1.47786837856211601E+01
4.13473981740807191E-03  1.48009650876345233E+01
4.14129249540713326E-03  1.48232463896478830E+01
4.14784517340619548E-03  1.48455276916612462E+01
4.15439785140525771E-03  1.48678089936746076E+01
4.16095052940431906E-03  1.48900902956879673E+01
4.16750320740338128E-03  1.49123715977013305E+01
4.17405588540244350E-03  1.49346528997146937E+01
4.18060856340150486E-03  1.49569342017280533E+01
4.18716124140056708E-03  1.49792155037414165E+01
4.19371391939962930E-03  1.50014968057547797E+01
4.20026659739869065E-03  1.50237781077681394E+01
4.20681927539775288E-03  1.50460594097815026E+01
4.21337195339681423E-03  1.50683407117948622E+01
4.21992463139587645E-03  1.50906220138082237E+01
4.22647730939493867E-03  1.51129033158215869E+01
4.23302998739400003E-03  1.51351846178349465E+01
4.23958266539306225E-03  1.51574659198483097E+01
4.24613534339212447E-03  1.51797472218616729E+01
4.25268802139118583E-03  1.52020285238750326E+01
4.25924069939024805E-03  1.52243098258883958E+01
4.26579337738931027E-03  1.52465911279017572E+01
4.27234605538837162E-03  1.52688724299151186E+01
4.27889873338743384E-03  1.52911537319284800E+01
4.28545141138649607E-03  1.53134350339418432E+01
4.29200408938555742E-03  1.53357163359552029E+01
4.29855676738461964E-03  1.53579976379685661E+01
4.30510944538368186E-03  1.53802789399819293E+01
4.31166212338274322E-03  1.54025602419952889E+01
4.31821480138180544E-03  1.54248415440086521E+01
4.32476747938086766E-03  1.54471228460220136E+01
4.33132015737992902E-03  1.54694041480353750E+01
4.33787283537899124E-03  1.54916854500487364E+01
4.34442551337805346E-03  1.55139667520620996E+01
4.35097819137711481E-03  1.55362480540754593E+01
4.35753086937617704E-03  1.55585293560888225E+01
4.36408354737523839E-03  1.55808106581021821E+01
4.37063622537430061E-03  1.56030919601155453E+01
4.37718890337336283E-03  1.56253732621289085E+01
4.38374158137242419E-03  1.56476545641422682E+01
4.39029425937148641E-03  1.56699358661556314E+01
4.39684693737054863E-03  1.56922171681689928E+01
4.40339961536960998E-03  1.57144984701823525E+01
4.40995229336867221E-03  1.57367797721957157E+01
4.41650497136773443E-03  1.57590610742090789E+01
4.42305764936679578E-03  1.57813423762224385E+01
4.42961032736585800E-03  1.58036236782358017E+01
4.43616300536492023E-03  1.58259049802491649E+01
4.44271568336398158E-03  1.58481862822625246E+01
4.44926836136304380E-03  1.58704675842758860E+01
4.45582103936210602E-03  1.58927488862892492E+01
4.46237371736116738E-03  1.59150301883026088E+01
4.46892639536022960E-03  1.59373114903159721E+01
4.47547907335929182E-03  1.59595927923293353E+01
4.48203175135835317E-03  1.59818740943426949E+01
4.48858442935741540E-03  1.60041553963560581E+01
4.49513710735647762E-03  1.60264366983694231E+01
4.50168978535553897E-03  1.60487180003827810E+01
4.50824246335460119E-03  1.60709993023961424E+01
4.51479514135366255E-03  1.60932806044095038E+01
4.52134781935272477E-03  1.61155619064228652E+01
4.52790049735178699E-03  1.61378432084362302E+01
4.53445317535084835E-03  1.61601245104495881E+01
4.54100585334991057E-03  1.61824058124629531E+01
4.54755853134897279E-03  1.62046871144763145E+01
4.55411120934803414E-03  1.62269684164896759E+01
4.56066388734709637E-03  1.62492497185030373E+01
4.56721656534615859E-03  1.62715310205163988E+01
4.57376924334521994E-03  1.62938123225297602E+01
4.58032192134428216E-03  1.63160936245431216E+01
4.58687459934334438E-03  1.63383749265564830E+01
4.59342727734240574E-03  1.63606562285698445E+01
4.59997995534146796E-03  1.63829375305832059E+01
4.60653263334053018E-03  1.64052188325965709E+01
4.61308531133959154E-03  1.64275001346099288E+01
4.61963798933865376E-03  1.64497814366232937E+01
4.62619066733771598E-03  1.64720627386366552E+01
4.63274334533677733E-03  1.64943440406500166E+01
4.63929602333583956E-03  1.65166253426633780E+01
4.64584870133490178E-03  1.65389066446767430E+01
4.65240137933396313E-03  1.65611879466901009E+01
4.65895405733302535E-03  1.65834692487034658E+01
4.66550673533208671E-03  1.66057505507168237E+01
4.67205941333114893E-03  1.66280318527301887E+01
4.67861209133021115E-03  1.66503131547435501E+01
4.68516476932927250E-03  1.66725944567569115E+01
4.69171744732833473E-03  1.66948757587702730E+01
4.69827012532739695E-03  1.67171570607836344E+01
4.70482280332645830E-03  1.67394383627969958E+01
4.71137548132552052E-03  1.67617196648103572E+01
4.71792815932458275E-03  1.67840009668237187E+01
4.72448083732364410E-03  1.68062822688370801E+01
4.73103351532270632E-03  1.68285635708504415E+01
4.73758619332176854E-03  1.68508448728638065E+01
4.74413887132082990E-03  1.68731261748771644E+01
4.75069154931989212E-03  1.68954074768905294E+01
4.75724422731895434E-03  1.69176887789038908E+01
4.76379690531801570E-03  1.69399700809172522E+01
4.77034958331707792E-03  1.69622513829306136E+01
4.77690226131614014E-03  1.69845326849439751E+01
4.78345493931520149E-03  1.70068139869573365E+01
4.79000761731426371E-03  1.70290952889706979E+01
4.79656029531332594E-03  1.70513765909840629E+01
4.80311297331238729E-03  1.70736578929974208E+01
4.80966565131144951E-03  1.70959391950107857E+01
4.81621832931051087E-03  1.71182204970241436E+01
4.82277100730957309E-03  1.71405017990375086E+01
4.82932368530863531E-03  1.71627831010508700E+01
4.83587636330769666E-03  1.71850644030642314E+01
4.84242904130675889E-03  1.72073457050775929E+01
4.84898171930582111E-03  1.72296270070909543E+01
4.85553439730488246E-03  1.72519083091043157E+01
4.86208707530394468E-03  1.72741896111176771E+01
4.86863975330300690E-03  1.72964709131310421E+01
4.87519243130206826E-03  1.73187522151444000E+01
4.88174510930113048E-03  1.73410335171577650E+01
4.88829778730019270E-03  1.73633148191711264E+01
4.89485046529925406E-03  1.73855961211844878E+01
4.90140314329831628E-03  1.74078774231978493E+01
4.90795582129737850E-03  1.74301587252112107E+01
4.91450849929643985E-03  1.74524400272245721E+01
4.92106117729550208E-03  1.74747213292379335E+01
4.92761385529456430E-03  1.74970026312512985E+01
4.93416653329362565E-03  1.75192839332646564E+01
4.94071921129268787E-03  1.75415652352780214E+01
4.94727188929175010E-03  1.75638465372913828E+01
4.95382456729081145E-03  1.75861278393047442E+01
4.96037724528987367E-03  1.76084091413181056E+01
4.96692992328893503E-03  1.76306904433314671E+01
4.97348260128799725E-03  1.76529717453448285E+01
4.98003527928705947E-03  1.76752530473581899E+01
4.98658795728612082E-03  1.76975343493715513E+01
4.99314063528518304E-03  1.77198156513849128E+01
4.99969331328424527E-03  1.77420969533982777E+01
5.00624599128330662E-03  1.77643782554116356E+01
5.01279866928236884E-03  1.77866595574250006E+01
5.01935134728143106E-03  1.78089408594383620E+01
5.02590402528049242E-03  1.78312221614517199E+01
5.03245670327955464E-03  1.78535034634650849E+01
5.03900938127861686E-03  1.78757847654784463E+01
5.04556205927767822E-03  1.78980660674918077E+01
5.05211473727674044E-03  1.79203473695051692E+01
5.05866741527580266E-03  1.79426286715185341E+01
5.06522009327486401E-03  1.79649099735318920E+01
5.07177277127392623E-03  1.79871912755452570E+01
5.07832544927298846E-03  1.80094725775586184E+01
5.08487812727204981E-03  1.80317538795719763E+01
5.09143080527111203E-03  1.80540351815853413E+01
5.09798348327017425E-03  1.80763164835987027E+01
5.10453616126923561E-03  1.80985977856120641E+01
5.11108883926829783E-03  1.81208790876254255E+01
5.11764151726735918E-03  1.81431603896387870E+01
5.12419419526642141E-03  1.81654416916521484E+01
5.13074687326548363E-03  1.81877229936655134E+01
5.13729955126454498E-03  1.82100042956788712E+01
5.14385222926360720E-03  1.82322855976922327E+01
5.15040490726266943E-03  1.82545668997055976E+01
5.15695758526173078E-03  1.82768482017189555E+01
5.16351026326079300E-03  1.82991295037323205E+01
5.17006294125985522E-03  1.83214108057456819E+01
5.17661561925891658E-03  1.83436921077590434E+01
5.18316829725797880E-03  1.83659734097724048E+01
5.18972097525704102E-03  1.83882547117857662E+01
5.19627365325610237E-03  1.84105360137991276E+01
5.20282633125516460E-03  1.84328173158124891E+01
5.20937900925422682E-03  1.84550986178258540E+01
5.21593168725328817E-03  1.84773799198392119E+01
5.22248436525235039E-03  1.84996612218525769E+01
5.22903704325141262E-03  1.85219425238659383E+01
5.23558972125047397E-03  1.85442238258792997E+01
5.24214239924953619E-03  1.85665051278926612E+01
5.24869507724859841E-03  1.85887864299060226E+01
5.25524775524765977E-03  1.86110677319193840E+01
5.26180043324672199E-03  1.86333490339327454E+01
5.26835311124578334E-03  1.86556303359461069E+01
5.27490578924484557E-03  1.86779116379594683E+01
5.28145846724390779E-03  1.87001929399728333E+01
5.28801114524296914E-03  1.87224742419861911E+01
5.29456382324203136E-03  1.87447555439995561E+01
5.30111650124109358E-03  1.87670368460129176E+01
5.30766917924015494E-03  1.87893181480262790E+01
5.31422185723921716E-03  1.88115994500396404E+01
5.32077453523827938E-03  1.88338807520530018E+01
5.32732721323734074E-03  1.88561620540663633E+01
5.33387989123640296E-03  1.88784433560797247E+01
5.34043256923546518E-03  1.89007246580930897E+01
5.34698524723452653E-03  1.89230059601064475E+01
5.35353792523358876E-03  1.89452872621198125E+01
5.36009060323265098E-03  1.89675685641331739E+01
5.36664328123171233E-03  1.89898498661465354E+01
5.37319595923077455E-03  1.90121311681598968E+01
5.37974863722983677E-03  1.90344124701732582E+01
5.38630131522889813E-03  1.90566937721866196E+01
5.39285399322796035E-03  1.90789750741999811E+01
5.39940667122702257E-03  1.91012563762133460E+01
5.40595934922608393E-03  1.91235376782267039E+01
5.41251202722514615E-03  1.91458189802400689E+01
5.41906470522420750E-03  1.91681002822534268E+01
5.42561738322326972E-03  1.91903815842667917E+01
5.43217006122233195E-03  1.92126628862801532E+01
5.43872273922139330E-03  1.92349441882935146E+01
5.44527541722045552E-03  1.92572254903068760E+01
5.45182809521951774E-03  1.92795067923202375E+01
5.45838077321857910E-03  1.93017880943335989E+01
5.46493345121764132E-03  1.93240693963469603E+01
5.47148612921670354E-03  1.93463506983603253E+01
5.47803880721576490E-03  1.93686320003736832E+01
5.48459148521482712E-03  1.93909133023870481E+01
5.49114416321388934E-03  1.94131946044004096E+01
5.49769684121295069E-03  1.94354759064137710E+01
5.50424951921201291E-03  1.94577572084271324E+01
5.51080219721107514E-03  1.94800385104404938E+01
5.51735487521013649E-03  1.95023198124538553E+01
5.52390755320919871E-03  1.95246011144672167E+01
5.53046023120826093E-03  1.95468824164805817E+01
5.53701290920732229E-03  1.95691637184939395E+01
5.54356558720638451E-03  1.95914450205073045E+01
5.55011826520544673E-03  1.96137263225206659E+01
5.55667094320450809E-03  1.96360076245340274E+01
5.56322362120357031E-03  1.96582889265473888E+01
5.56977629920263166E-03  1.96805702285607467E+01
5.57632897720169388E-03  1.97028515305741116E+01
5.58288165520075610E-03  1.97251328325874731E+01
5.58943433319981746E-03  1.97474141346008345E+01
5.59598701119887968E-03  1.97696954366141959E+01
5.60253968919794190E-03  1.97919767386275609E+01
5.60909236719700326E-03  1.98142580406409188E+01
5.61564504519606548E-03  1.98365393426542838E+01
5.62219772319512770E-03  1.98588206446676452E+01
5.62875040119418905E-03  1.98811019466810031E+01
5.63530307919325128E-03  1.99033832486943680E+01
5.64185575719231350E-03  1.99256645507077295E+01
5.64840843519137485E-03  1.99479458527210909E+01
5.65496111319043707E-03  1.99702271547344523E+01
5.66151379118949930E-03  1.99925084567478173E+01
5.66806646918856065E-03  2.00147897587611752E+01
5.67461914718762287E-03  2.00370710607745366E+01
5.68117182518668509E-03  2.00593523627879016E+01
5.68772450318574645E-03  2.00816336648012594E+01
5.69427718118480867E-03  2.01039149668146244E+01
5.70082985918387089E-03  2.01261962688279858E+01
5.70738253718293224E-03  2.01484775708413473E+01
5.71393521518199447E-03  2.01707588728547087E+01
5.72048789318105582E-03  2.01930401748680701E+01
5.72704057118011804E-03  2.02153214768814316E+01
5.73359324917918026E-03  2.02376027788947930E+01
5.74014592717824162E-03  2.02598840809081544E+01
5.74669860517730384E-03  2.02821653829215158E+01
5.75325128317636606E-03  2.03044466849348808E+01
5.75980396117542742E-03  2.03267279869482387E+01
5.76635663917448964E-03  2.03490092889616037E+01
5.77290931717355186E-03  2.03712905909749651E+01
5.77946199517261321E-03  2.03935718929883265E+01
5.78601467317167543E-03  2.04158531950016879E+01
5.79256735117073766E-03  2.04381344970150494E+01
5.79912002916979901E-03  2.04604157990284108E+01
5.80567270716886123E-03  2.04826971010417722E+01
5.81222538516792345E-03  2.05049784030551372E+01
5.81877806316698481E-03  2.05272597050684951E+01
5.82533074116604703E-03  2.05495410070818600E+01
5.83188341916510925E-03  2.05718223090952215E+01
5.83843609716417061E-03  2.05941036111085829E+01
5.84498877516323283E-03  2.06163849131219443E+01
5.85154145316229505E-03  2.06386662151353057E+01
5.85809413116135640E-03  2.06609475171486672E+01
5.86464680916041863E-03  2.06832288191620286E+01
5.87119948715947998E-03  2.07055101211753900E+01
5.87775216515854220E-03  2.07277914231887515E+01
5.88430484315760442E-03  2.07500727252021164E+01
5.89085752115666578E-03  2.07723540272154743E+01
5.89741019915572800E-03  2.07946353292288393E+01
5.90396287715479022E-03  2.08169166312422007E+01
5.91051555515385157E-03  2.08391979332555621E+01
5.91706823315291380E-03  2.08614792352689236E+01
5.92362091115197602E-03  2.08837605372822850E+01
5.93017358915103737E-03  2.09060418392956464E+01
5.93672626715009959E-03  2.09283231413090078E+01
5.94327894514916182E-03  2.09506044433223728E+01
5.94983162314822317E-03  2.09728857453357307E+01
5.95638430114728539E-03  2.09951670473490957E+01
5.96293697914634761E-03  2.10174483493624571E+01
5.96948965714540897E-03  2.10397296513758185E+01
5.97604233514447119E-03  2.10620109533891799E+01
5.98259501314353341E-03  2.10842922554025414E+01
5.98914769114259476E-03  2.11065735574159028E+01
5.99570036914165699E-03  2.11288548594292642E+01
6.00225304714071921E-03  2.11511361614426292E+01
6.00880572513978056E-03  2.11734174634559871E+01
6.01535840313884278E-03  2.11956987654693521E+01
6.02191108113790501E-03  2.12179800674827135E+01
6.02846375913696636E-03  2.12402613694960749E+01
6.03501643713602858E-03  2.12625426715094363E+01
6.04156911513508994E-03  2.12848239735227978E+01
6.04812179313415216E-03  2.13071052755361592E+01
6.05467447113321438E-03  2.13293865775495206E+01
6.06122714913227573E-03  2.13516678795628820E+01
6.06777982713133796E-03  2.13739491815762435E+01
6.07433250513040018E-03  2.13962304835896084E+01
6.08088518312946153E-03  2.14185117856029663E+01
6.08743786112852375E-03  2.14407930876163313E+01
6.09399053912758597E-03  2.14630743896296927E+01
6.10054321712664733E-03  2.14853556916430506E+01
6.10709589512570955E-03  2.15076369936564156E+01
6.11364857312477177E-03  2.15299182956697770E+01
6.12020125112383313E-03  2.15521995976831384E+01
6.12675392912289535E-03  2.15744808996964998E+01
6.13330660712195757E-03  2.15967622017098648E+01
6.13985928512101892E-03  2.16190435037232227E+01
6.14641196312008115E-03  2.16413248057365877E+01
6.15296464111914337E-03  2.16636061077499491E+01
6.15951731911820472E-03  2.16858874097633070E+01
6.16606999711726694E-03  2.17081687117766720E+01
6.17262267511632916E-03  2.17304500137900334E+01
6.17917535311539052E-03  2.17527313158033948E+01
6.18572803111445274E-03  2.17750126178167562E+01
6.19228070911351409E-03  2.17972939198301177E+01
6.19883338711257632E-03  2.18195752218434791E+01
6.20538606511163854E-03  2.18418565238568441E+01
6.21193874311069989E-03  2.18641378258702019E+01
6.21849142110976211E-03  2.18864191278835634E+01
6.22504409910882434E-03  2.19087004298969283E+01
6.23159677710788569E-03  2.19309817319102862E+01
6.23814945510694791E-03  2.19532630339236512E+01
6.24470213310601013E-03  2.19755443359370126E+01
6.25125481110507149E-03  2.19978256379503740E+01
6.25780748910413371E-03  2.20201069399637355E+01
6.26436016710319593E-03  2.20423882419771004E+01
6.27091284510225729E-03  2.20646695439904583E+01
6.27746552310131951E-03  2.20869508460038197E+01
6.28401820110038173E-03  2.21092321480171847E+01
6.29057087909944308E-03  2.21315134500305426E+01
6.29712355709850530E-03  2.21537947520439076E+01
6.30367623509756753E-03  2.21760760540572690E+01
6.31022891309662888E-03  2.21983573560706304E+01
6.31678159109569110E-03  2.22206386580839919E+01
6.32333426909475332E-03  2.22429199600973533E+01
6.32988694709381468E-03  2.22652012621107147E+01
6.33643962509287690E-03  2.22874825641240761E+01
6.34299230309193825E-03  2.23097638661374376E+01
6.34954498109100048E-03  2.23320451681507990E+01
6.35609765909006270E-03  2.23543264701641640E+01
6.36265033708912405E-03  2.23766077721775218E+01
6.36920301508818627E-03  2.23988890741908868E+01
6.37575569308724849E-03  2.24211703762042482E+01
6.38230837108630985E-03  2.24434516782176097E+01
6.38886104908537207E-03  2.24657329802309711E+01
6.39541372708443429E-03  2.24880142822443325E+01
6.40196640508349565E-03  2.25102955842576939E+01
6.40851908308255787E-03  2.25325768862710554E+01
6.41507176108162009E-03  2.25548581882844204E+01
6.42162443908068144E-03  2.25771394902977782E+01
6.42817711707974367E-03  2.25994207923111432E+01
6.43472979507880589E-03  2.26217020943245046E+01
6.44128247307786724E-03  2.26439833963378661E+01
6.44783515107692946E-03  2.26662646983512275E+01
6.45438782907599169E-03  2.26885460003645889E+01
6.46094050707505304E-03  2.27108273023779503E+01
6.46749318507411526E-03  2.27331086043913118E+01
6.47404586307317748E-03  2.27553899064046767E+01
6.48059854107223884E-03  2.27776712084180346E+01
6.48715121907130106E-03  2.27999525104313996E+01
6.49370389707036241E-03  2.28222338124447575E+01
6.50025657506942463E-03  2.28445151144581224E+01
6.50680925306848686E-03  2.28667964164714839E+01
6.51336193106754821E-03  2.28890777184848453E+01
6.51991460906661043E-03  2.29113590204982067E+01
6.52646728706567265E-03  2.29336403225115681E+01
6.53301996506473401E-03  2.29559216245249296E+01
6.53957264306379623E-03  2.29782029265382910E+01
6.54612532106285845E-03  2.30004842285516560E+01
