0.00000000000000000E+00  0.00000000000000000E+00
4.98117553467767658E-06  1.41320443652398015E-01
9.96235106935535315E-06  2.82640887304796029E-01
1.49435266040330297E-05  4.23961330957194071E-01
1.99247021387107063E-05  5.65281774609592058E-01
2.49058776733883829E-05  7.06602218261990100E-01
2.98870532080660595E-05  8.47922661914388143E-01
3.48682287427437326E-05  9.89243105566785963E-01
3.98494042774214126E-05  1.13056354921918412E+00
4.48305798120990926E-05  1.27188399287158216E+00
4.98117553467767658E-05  1.41320443652398020E+00
5.47929308814544390E-05  1.55452488017637802E+00
5.97741064161321189E-05  1.69584532382877629E+00
6.47552819508097989E-05  1.83716576748117433E+00
6.97364574854874653E-05  1.97848621113357193E+00
7.47176330201651453E-05  2.11980665478596997E+00
7.96988085548428252E-05  2.26112709843836823E+00
8.46799840895205052E-05  2.40244754209076650E+00
8.96611596241981852E-05  2.43434969072144636E+00
9.46423351588758516E-05  2.45309379898001412E+00
9.96235106935535315E-05  2.47183790723858188E+00
1.04604686228231211E-04  2.49058201549714919E+00
1.09585861762908878E-04  2.50932612375571695E+00
1.14567037297586558E-04  2.52807023201428471E+00
1.19548212832264238E-04  2.54681434027285203E+00
1.24529388366941918E-04  2.56555844853141979E+00
1.29510563901619598E-04  2.58430255678998755E+00
1.34491739436297278E-04  2.60304666504855486E+00
1.39472914970974931E-04  2.62179077330712262E+00
1.44454090505652611E-04  2.64053488156569038E+00
1.49435266040330291E-04  2.65927898982425770E+00
1.54416441575007970E-04  2.67802309808282546E+00
1.59397617109685650E-04  2.69676720634139322E+00
1.64378792644363330E-04  2.71551131459996054E+00
1.69359968179041010E-04  2.73425542285852829E+00
1.74341143713718690E-04  2.75299953111709605E+00
1.79322319248396370E-04  2.77174363937566381E+00
1.84303494783074023E-04  2.79048774763423113E+00
1.89284670317751703E-04  2.80923185589279889E+00
1.94265845852429383E-04  2.82797596415136621E+00
1.99247021387107063E-04  2.84672007240993397E+00
2.04228196921784743E-04  2.86546418066850173E+00
2.09209372456462423E-04  2.88420828892706949E+00
2.14190547991140103E-04  2.90295239718563725E+00
2.19171723525817756E-04  2.92169650544420456E+00
2.24152899060495436E-04  2.94044061370277188E+00
2.29134074595173116E-04  2.95918472196133964E+00
2.34115250129850796E-04  2.97792883021990740E+00
2.39096425664528476E-04  2.99667293847847516E+00
2.44077601199206156E-04  3.01541704673704292E+00
2.49058776733883836E-04  3.03416115499561023E+00
2.54039952268561488E-04  3.05290526325417755E+00
2.59021127803239196E-04  3.07164937151274575E+00
2.64002303337916848E-04  3.09039347977131307E+00
2.68983478872594555E-04  3.10913758802988083E+00
2.73964654407272208E-04  3.12788169628844859E+00
2.78945829941949861E-04  3.14662580454701590E+00
2.83927005476627568E-04  3.16536991280558366E+00
2.88908181011305221E-04  3.18411402106415142E+00
2.93889356545982928E-04  3.20285812932271874E+00
2.98870532080660581E-04  3.22160223758128650E+00
3.03851707615338288E-04  3.24034634583985426E+00
3.08832883150015941E-04  3.25909045409842157E+00
3.13814058684693648E-04  3.27783456235698933E+00
3.18795234219371301E-04  3.29657867061555709E+00
3.23776409754048954E-04  3.31532277887412441E+00
3.28757585288726661E-04  3.33406688713269217E+00
3.33738760823404314E-04  3.35281099539125993E+00
3.38719936358082021E-04  3.37155510364982725E+00
3.43701111892759674E-04  3.39029921190839501E+00
3.48682287427437381E-04  3.40904332016696276E+00
3.53663462962115034E-04  3.42778742842553008E+00
3.58644638496792741E-04  3.44653153668409828E+00
3.63625814031470393E-04  3.46527564494266560E+00
3.68606989566148046E-04  3.48401975320123292E+00
3.73588165100825753E-04  3.50276386145980068E+00
3.78569340635503406E-04  3.52150796971836844E+00
3.83550516170181113E-04  3.54025207797693575E+00
3.88531691704858766E-04  3.55899618623550351E+00
3.93512867239536473E-04  3.57774029449407127E+00
3.98494042774214126E-04  3.59648440275263859E+00
4.03475218308891779E-04  3.61522851101120635E+00
4.08456393843569486E-04  3.63397261926977411E+00
4.13437569378247139E-04  3.65271672752834142E+00
4.18418744912924846E-04  3.67146083578690963E+00
4.23399920447602499E-04  3.69020494404547694E+00
4.28381095982280206E-04  3.70894905230404470E+00
4.33362271516957859E-04  3.72769316056261202E+00
4.38343447051635512E-04  3.74643726882117978E+00
4.43324622586313219E-04  3.76518137707974709E+00
4.48305798120990872E-04  3.78392548533831485E+00
4.53286973655668579E-04  3.80266959359688261E+00
4.58268149190346231E-04  3.82141370185544993E+00
4.63249324725023939E-04  3.84015781011401813E+00
4.68230500259701591E-04  3.85890191837258545E+00
4.73211675794379298E-04  3.87764602663115321E+00
4.78192851329056951E-04  3.89639013488972097E+00
4.83174026863734604E-04  3.91513424314828828E+00
4.88155202398412311E-04  3.93387835140685604E+00
4.93136377933090018E-04  3.95262245966542380E+00
4.98117553467767671E-04  3.97136656792399112E+00
5.03098729002445324E-04  3.99011067618255844E+00
5.08079904537122977E-04  4.00885478444112664E+00
5.13061080071800738E-04  4.02759889269969396E+00
5.18042255606478391E-04  4.04634300095826127E+00
5.23023431141156044E-04  4.06508710921682948E+00
5.28004606675833697E-04  4.08383121747539679E+00
5.32985782210511350E-04  4.10257532573396411E+00
5.37966957745189111E-04  4.12131943399253231E+00
5.42948133279866764E-04  4.14006354225109963E+00
5.47929308814544417E-04  4.15880765050966694E+00
5.52910484349222069E-04  4.17755175876823515E+00
5.57891659883899722E-04  4.19629586702680246E+00
5.62872835418577484E-04  4.21503997528536978E+00
5.67854010953255136E-04  4.23378408354393798E+00
5.72835186487932789E-04  4.25252819180250530E+00
5.77816362022610442E-04  4.27127230006107261E+00
5.82797537557288203E-04  4.29001640831964082E+00
5.87778713091965856E-04  4.30876051657820902E+00
5.92759888626643509E-04  4.32750462483677545E+00
5.97741064161321162E-04  4.34624873309534365E+00
6.02722239695998815E-04  4.36499284135391097E+00
6.07703415230676576E-04  4.38373694961247828E+00
6.12684590765354229E-04  4.40248105787104649E+00
6.17665766300031882E-04  4.42122516612961380E+00
6.22646941834709535E-04  4.43996927438818112E+00
6.27628117369387296E-04  4.45871338264674932E+00
6.32609292904064949E-04  4.47745749090531753E+00
6.37590468438742602E-04  4.49620159916388396E+00
6.42571643973420255E-04  4.51494570742245216E+00
6.47552819508097907E-04  4.53368981568101947E+00
6.52533995042775669E-04  4.55243392393958768E+00
6.57515170577453322E-04  4.57117803219815499E+00
6.62496346112130974E-04  4.58992214045672320E+00
6.67477521646808627E-04  4.60866624871528963E+00
6.72458697181486389E-04  4.62741035697385783E+00
6.77439872716164041E-04  4.64615446523242603E+00
6.82421048250841694E-04  4.66489857349099246E+00
6.87402223785519347E-04  4.68364268174956067E+00
6.92383399320197000E-04  4.70238679000812798E+00
6.97364574854874761E-04  4.72113089826669619E+00
7.02345750389552414E-04  4.73987500652526350E+00
7.07326925924230067E-04  4.75861911478383171E+00
7.12308101458907720E-04  4.77736322304239813E+00
7.17289276993585481E-04  4.79610733130096634E+00
7.22270452528263134E-04  4.81485143955953454E+00
7.27251628062940787E-04  4.83359554781810186E+00
7.32232803597618440E-04  4.85233965607666917E+00
7.37213979132296093E-04  4.87108376433523649E+00
7.42195154666973854E-04  4.88982787259380469E+00
7.47176330201651507E-04  4.90857198085237201E+00
7.52157505736329160E-04  4.92731608911094021E+00
7.57138681271006812E-04  4.94606019736950664E+00
7.62119856805684465E-04  4.96480430562807484E+00
7.67101032340362227E-04  4.98354841388664305E+00
7.72082207875039879E-04  5.00229252214521036E+00
7.77063383409717532E-04  5.02103663040377768E+00
7.82044558944395185E-04  5.03978073866234588E+00
7.87025734479072946E-04  5.05852484692091320E+00
7.92006910013750599E-04  5.07726895517948051E+00
7.96988085548428252E-04  5.09601306343804872E+00
8.01969261083105905E-04  5.11475717169661515E+00
8.06950436617783558E-04  5.13350127995518335E+00
8.11931612152461319E-04  5.15224538821375155E+00
8.16912787687138972E-04  5.17098949647231887E+00
8.21893963221816625E-04  5.18973360473088619E+00
8.26875138756494278E-04  5.20847771298945439E+00
8.31856314291172039E-04  5.22722182124802170E+00
8.36837489825849692E-04  5.24596592950658902E+00
8.41818665360527345E-04  5.26471003776515722E+00
8.46799840895204998E-04  5.28345414602372454E+00
8.51781016429882651E-04  5.30219825428229186E+00
8.56762191964560412E-04  5.32094236254086006E+00
8.61743367499238065E-04  5.33968647079942738E+00
8.66724543033915718E-04  5.35843057905799469E+00
8.71705718568593370E-04  5.37717468731656290E+00
8.76686894103271023E-04  5.39591879557512932E+00
8.81668069637948785E-04  5.41466290383369753E+00
8.86649245172626437E-04  5.43340701209226573E+00
8.91630420707304090E-04  5.45215112035083305E+00
8.96611596241981743E-04  5.47089522860940036E+00
9.01592771776659504E-04  5.48963933686796857E+00
9.06573947311337157E-04  5.50838344512653588E+00
9.11555122846014810E-04  5.52712755338510320E+00
9.16536298380692463E-04  5.54855663939344268E+00
9.21517473915370116E-04  5.57005904540019792E+00
9.26498649450047877E-04  5.59156145140695493E+00
9.31479824984725530E-04  5.61306385741371106E+00
9.36461000519403183E-04  5.63456626342046718E+00
9.41442176054080836E-04  5.65606866942722331E+00
9.46423351588758597E-04  5.67757107543398032E+00
9.51404527123436250E-04  5.69907348144073644E+00
9.56385702658113903E-04  5.72057588744749257E+00
9.61366878192791556E-04  5.74207829345424869E+00
9.66348053727469208E-04  5.76358069946100482E+00
9.71329229262146970E-04  5.78508310546776094E+00
9.76310404796824623E-04  5.80658551147451707E+00
9.81291580331502275E-04  5.82808791748127319E+00
9.86272755866180037E-04  5.84959032348803021E+00
9.91253931400857581E-04  5.87109272949478633E+00
9.96235106935535342E-04  5.89259513550154246E+00
1.00121628247021289E-03  5.91409754150829858E+00
1.00619745800489065E-03  5.93559994751505471E+00
1.01117863353956841E-03  5.95710235352181172E+00
1.01615980907424595E-03  5.97860475952856696E+00
1.02114098460892372E-03  6.00010716553532397E+00
1.02612216014360148E-03  6.02160957154208010E+00
1.03110333567827902E-03  6.04311197754883622E+00
1.03608451121295678E-03  6.06461438355559235E+00
1.04106568674763433E-03  6.08611678956234847E+00
1.04604686228231209E-03  6.10761919556910549E+00
1.05102803781698985E-03  6.12912160157586161E+00
1.05600921335166739E-03  6.15062400758261774E+00
1.06099038888634515E-03  6.17212641358937386E+00
1.06597156442102270E-03  6.19362881959612999E+00
1.07095273995570046E-03  6.21513122560288611E+00
1.07593391549037822E-03  6.23663363160964312E+00
1.08091509102505577E-03  6.25813603761639836E+00
1.08589626655973353E-03  6.27963844362315537E+00
1.09087744209441107E-03  6.30114084962991061E+00
1.09585861762908883E-03  6.32264325563666763E+00
1.10083979316376659E-03  6.34414566164342375E+00
1.10582096869844414E-03  6.36564806765017988E+00
1.11080214423312190E-03  6.38715047365693689E+00
1.11578331976779944E-03  6.40865287966369213E+00
1.12076449530247721E-03  6.43015528567044914E+00
1.12574567083715497E-03  6.45165769167720526E+00
1.13072684637183251E-03  6.47316009768396139E+00
1.13570802190651027E-03  6.49466250369071751E+00
1.14068919744118803E-03  6.51616490969747453E+00
1.14567037297586558E-03  6.53766731570422976E+00
1.15065154851054334E-03  6.55916972171098678E+00
1.15563272404522088E-03  6.58067212771774201E+00
1.16061389957989865E-03  6.60217453372449903E+00
1.16559507511457641E-03  6.62367693973125604E+00
1.17057625064925395E-03  6.64517934573801128E+00
1.17555742618393171E-03  6.66668175174476829E+00
1.18053860171860926E-03  6.68818415775152353E+00
1.18551977725328702E-03  6.70968656375828054E+00
1.19050095278796478E-03  6.73118896976503667E+00
1.19548212832264232E-03  6.75269137577179279E+00
1.20046330385732009E-03  6.77419378177854892E+00
1.20544447939199763E-03  6.79569618778530504E+00
1.21042565492667539E-03  6.81719859379206117E+00
1.21540683046135315E-03  6.83870099979881818E+00
1.22038800599603070E-03  6.86020340580557342E+00
1.22536918153070846E-03  6.88170581181233043E+00
1.23035035706538622E-03  6.90320821781908744E+00
1.23533153260006376E-03  6.92471062382584268E+00
1.24031270813474153E-03  6.94621302983259969E+00
1.24529388366941907E-03  6.96771543583935493E+00
1.25027505920409683E-03  6.98921784184611194E+00
1.25525623473877459E-03  7.01072024785286807E+00
1.26023741027345214E-03  7.03222265385962420E+00
1.26521858580812990E-03  7.05372505986638032E+00
1.27019976134280744E-03  7.07522746587313645E+00
1.27518093687748520E-03  7.09672987187989257E+00
1.28016211241216296E-03  7.11823227788664958E+00
1.28514328794684051E-03  7.13973468389340482E+00
1.29012446348151827E-03  7.16123708990016183E+00
1.29510563901619581E-03  7.18273949590691796E+00
1.30008681455087358E-03  7.20424190191367408E+00
1.30506799008555134E-03  7.22574430792043110E+00
1.31004916562022888E-03  7.24724671392718633E+00
1.31503034115490664E-03  7.26874911993394335E+00
1.32001151668958419E-03  7.29025152594069858E+00
1.32499269222426195E-03  7.31175393194745560E+00
1.32997386775893971E-03  7.33325633795421172E+00
1.33495504329361725E-03  7.35475874396096785E+00
1.33993621882829502E-03  7.37626114996772397E+00
1.34491739436297278E-03  7.39776355597448099E+00
1.34989856989765032E-03  7.41926596198123622E+00
1.35487974543232808E-03  7.44076836798799324E+00
1.35986092096700563E-03  7.46227077399474936E+00
1.36484209650168339E-03  7.48377318000150549E+00
1.36982327203636115E-03  7.50527558600826250E+00
1.37480444757103869E-03  7.52677799201501774E+00
1.37978562310571646E-03  7.54828039802177475E+00
1.38476679864039400E-03  7.56978280402852999E+00
1.38974797417507176E-03  7.59128521003528700E+00
1.39472914970974952E-03  7.61278761604204313E+00
1.39971032524442707E-03  7.63429002204879925E+00
1.40469150077910483E-03  7.65579242805555538E+00
1.40967267631378237E-03  7.67729483406231150E+00
1.41465385184846013E-03  7.69879724006906851E+00
1.41963502738313790E-03  7.72029964607582464E+00
1.42461620291781544E-03  7.74180205208258077E+00
1.42959737845249320E-03  7.76330445808933689E+00
1.43457855398717096E-03  7.78480686409609390E+00
1.43955972952184851E-03  7.80630927010284914E+00
1.44454090505652627E-03  7.82781167610960615E+00
1.44952208059120381E-03  7.84931408211636139E+00
1.45450325612588157E-03  7.87081648812311840E+00
1.45948443166055934E-03  7.89231889412987453E+00
1.46446560719523688E-03  7.91382130013663065E+00
1.46944678272991464E-03  7.93532370614338678E+00
1.47442795826459219E-03  7.95682611215014290E+00
1.47940913379926995E-03  7.97832851815689992E+00
1.48439030933394771E-03  7.99983092416365604E+00
1.48937148486862525E-03  8.02133333017041217E+00
1.49435266040330301E-03  8.04283573617716741E+00
1.49933383593798056E-03  8.06433814218392442E+00
1.50431501147265832E-03  8.08584054819068143E+00
1.50929618700733608E-03  8.10734295419743844E+00
1.51427736254201362E-03  8.12884536020419191E+00
1.51925853807669139E-03  8.15034776621094892E+00
1.52423971361136893E-03  8.17185017221770593E+00
1.52922088914604669E-03  8.19335257822446295E+00
1.53420206468072445E-03  8.21485498423121996E+00
1.53918324021540200E-03  8.23635739023797342E+00
1.54416441575007976E-03  8.25785979624473043E+00
1.54914559128475752E-03  8.27936220225148745E+00
1.55412676681943506E-03  8.30086460825824446E+00
1.55910794235411283E-03  8.32236701426499970E+00
1.56408911788879037E-03  8.34386942027175493E+00
1.56907029342346813E-03  8.36537182627851195E+00
1.57405146895814589E-03  8.38687423228526896E+00
1.57903264449282344E-03  8.40837663829202420E+00
1.58401382002750120E-03  8.42987904429878121E+00
1.58899499556217874E-03  8.45138145030553645E+00
1.59397617109685650E-03  8.47288385631229346E+00
1.59895734663153427E-03  8.49438626231905047E+00
1.60393852216621181E-03  8.51588866832580571E+00
1.60891969770088957E-03  8.53739107433256272E+00
1.61390087323556712E-03  8.55889348033931796E+00
1.61888204877024488E-03  8.58039588634607497E+00
1.62386322430492264E-03  8.60189829235283199E+00
1.62884439983960018E-03  8.62340069835958722E+00
1.63382557537427794E-03  8.64490310436634246E+00
1.63880675090895549E-03  8.66640551037309947E+00
1.64378792644363325E-03  8.68790791637985649E+00
1.64876910197831101E-03  8.70941032238661350E+00
1.65375027751298856E-03  8.73091272839336696E+00
1.65873145304766632E-03  8.75241513440012397E+00
1.66371262858234408E-03  8.77391754040688099E+00
1.66869380411702162E-03  8.79541994641363800E+00
1.67367497965169938E-03  8.81692235242039501E+00
1.67865615518637693E-03  8.83842475842714848E+00
1.68363733072105469E-03  8.85992716443390549E+00
1.68861850625573245E-03  8.88142957044066250E+00
1.69359968179041000E-03  8.90293197644741952E+00
1.69858085732508776E-03  8.92443438245417475E+00
1.70356203285976530E-03  8.94593678846092999E+00
1.70854320839444306E-03  8.96743919446768700E+00
1.71352438392912082E-03  8.98894160047444402E+00
1.71850555946379837E-03  9.01044400648119925E+00
1.72348673499847613E-03  9.03194641248795627E+00
1.72846791053315367E-03  9.05344881849471150E+00
1.73344908606783144E-03  9.07495122450146852E+00
1.73843026160250920E-03  9.09645363050822553E+00
1.74341143713718674E-03  9.11795603651498077E+00
1.74839261267186450E-03  9.13945844252173778E+00
1.75337378820654205E-03  9.16096084852849302E+00
1.75835496374121981E-03  9.18246325453525003E+00
1.76333613927589757E-03  9.20396566054200704E+00
1.76831731481057511E-03  9.22546806654876228E+00
1.77329849034525287E-03  9.24697047255551752E+00
1.77827966587993064E-03  9.26847287856227453E+00
1.78326084141460818E-03  9.28997528456903154E+00
1.78824201694928594E-03  9.31147769057578856E+00
1.79322319248396349E-03  9.33298009658254379E+00
1.79820436801864125E-03  9.35448250258929903E+00
1.80318554355331901E-03  9.37598490859605604E+00
1.80816671908799655E-03  9.39748731460281306E+00
1.81314789462267431E-03  9.41898972060957007E+00
1.81812907015735186E-03  9.44049212661632353E+00
1.82311024569202962E-03  9.46199453262308054E+00
1.82809142122670738E-03  9.48349693862983756E+00
1.83307259676138493E-03  9.50499934463659457E+00
1.83805377229606269E-03  9.52650175064334981E+00
1.84303494783074023E-03  9.54800415665010505E+00
1.84801612336541799E-03  9.56950656265686206E+00
1.85299729890009575E-03  9.59100896866361907E+00
1.85797847443477330E-03  9.61251137467037431E+00
1.86295964996945106E-03  9.63401378067713132E+00
1.86794082550412882E-03  9.65551618668388834E+00
1.87292200103880637E-03  9.67701859269064357E+00
1.87790317657348413E-03  9.69852099869740059E+00
1.88288435210816167E-03  9.72002340470415582E+00
1.88786552764283943E-03  9.74152581071091284E+00
1.89284670317751719E-03  9.76302821671766985E+00
1.89782787871219474E-03  9.78453062272442509E+00
1.90280905424687250E-03  9.80603302873118210E+00
1.90779022978155004E-03  9.82753543473793734E+00
1.91277140531622781E-03  9.84903784074469435E+00
1.91775258085090557E-03  9.87054024675145136E+00
1.92273375638558311E-03  9.89204265275820660E+00
1.92771493192026087E-03  9.91354505876496361E+00
1.93269610745493842E-03  9.93504746477171885E+00
1.93767728298961618E-03  9.95654987077847586E+00
1.94265845852429394E-03  9.97805227678523110E+00
1.94763963405897148E-03  9.99955468279198811E+00
1.95262080959364925E-03  1.00210570887987434E+01
1.95760198512832679E-03  1.00425594948055004E+01
1.96258316066300455E-03  1.00640619008122556E+01
1.96756433619768231E-03  1.00855643068190126E+01
1.97254551173236007E-03  1.01070667128257696E+01
1.97752668726703740E-03  1.01285691188325249E+01
1.98250786280171516E-03  1.01500715248392819E+01
1.98748903833639292E-03  1.01715739308460371E+01
1.99247021387107068E-03  1.01930763368527941E+01
1.99745138940574845E-03  1.02145787428595511E+01
2.00243256494042577E-03  1.02360811488663064E+01
2.00741374047510353E-03  1.02575835548730616E+01
2.01239491600978130E-03  1.02790859608798186E+01
2.01737609154445906E-03  1.03005883668865756E+01
2.02235726707913682E-03  1.03220907728933327E+01
2.02733844261381458E-03  1.03435931789000897E+01
2.03231961814849191E-03  1.03650955849068431E+01
2.03730079368316967E-03  1.03865979909136001E+01
2.04228196921784743E-03  1.04081003969203572E+01
2.04726314475252519E-03  1.04296028029271142E+01
2.05224432028720295E-03  1.04511052089338694E+01
2.05722549582188028E-03  1.04726076149406246E+01
2.06220667135655804E-03  1.04941100209473817E+01
2.06718784689123580E-03  1.05156124269541387E+01
2.07216902242591356E-03  1.05371148329608939E+01
2.07715019796059133E-03  1.05586172389676509E+01
2.08213137349526865E-03  1.05801196449744062E+01
2.08711254902994641E-03  1.06016220509811632E+01
2.09209372456462418E-03  1.06231244569879202E+01
2.09707490009930194E-03  1.06446268629946754E+01
2.10205607563397970E-03  1.06661292690014324E+01
2.10703725116865703E-03  1.06876316750081877E+01
2.11201842670333479E-03  1.07091340810149447E+01
2.11699960223801255E-03  1.07306364870216999E+01
2.12198077777269031E-03  1.07521388930284569E+01
2.12696195330736807E-03  1.07736412990352139E+01
2.13194312884204540E-03  1.07951437050419692E+01
2.13692430437672316E-03  1.08166461110487244E+01
2.14190547991140092E-03  1.08381485170554814E+01
2.14688665544607868E-03  1.08596509230622384E+01
2.15186783098075644E-03  1.08811533290689955E+01
2.15684900651543377E-03  1.09026557350757507E+01
2.16183018205011153E-03  1.09241581410825059E+01
2.16681135758478929E-03  1.09456605470892629E+01
2.17179253311946706E-03  1.09671629530960200E+01
2.17677370865414482E-03  1.09886653591027770E+01
2.18175488418882214E-03  1.10101677651095304E+01
2.18673605972349991E-03  1.10316701711162874E+01
2.19171723525817767E-03  1.10531725771230445E+01
2.19669841079285543E-03  1.10746749831298015E+01
2.20167958632753319E-03  1.10961773891365567E+01
2.20666076186221052E-03  1.11176797951433119E+01
2.21164193739688828E-03  1.11391822011500690E+01
2.21662311293156604E-03  1.11606846071568260E+01
2.22160428846624380E-03  1.11821870131635830E+01
2.22658546400092156E-03  1.12036894191703382E+01
2.23156663953559889E-03  1.12251918251770935E+01
2.23654781507027665E-03  1.12466942311838505E+01
2.24152899060495441E-03  1.12681966371906075E+01
2.24651016613963217E-03  1.12896990431973627E+01
2.25149134167430993E-03  1.13112014492041197E+01
2.25647251720898770E-03  1.13327038552108768E+01
2.26145369274366502E-03  1.13542062612176320E+01
2.26643486827834278E-03  1.13757086672243872E+01
2.27141604381302055E-03  1.13972110732311442E+01
2.27639721934769831E-03  1.14187134792379013E+01
2.28137839488237607E-03  1.14402158852446583E+01
2.28635957041705340E-03  1.14617182912514135E+01
2.29134074595173116E-03  1.14832206972581687E+01
2.29632192148640892E-03  1.15047231032649258E+01
2.30130309702108668E-03  1.15262255092716828E+01
2.30628427255576444E-03  1.15477279152784398E+01
2.31126544809044177E-03  1.15692303212851932E+01
2.31624662362511953E-03  1.15907327272919503E+01
2.32122779915979729E-03  1.16122351332987073E+01
2.32620897469447505E-03  1.16337375393054643E+01
2.33119015022915281E-03  1.16552399453122213E+01
2.33617132576383014E-03  1.16767423513189748E+01
2.34115250129850790E-03  1.16982447573257318E+01
2.34613367683318566E-03  1.17197471633324888E+01
2.35111485236786343E-03  1.17412495693392458E+01
2.35609602790254119E-03  1.17627519753460010E+01
2.36107720343721851E-03  1.17842543813527563E+01
2.36605837897189628E-03  1.18057567873595133E+01
2.37103955450657404E-03  1.18272591933662703E+01
2.37602073004125180E-03  1.18487615993730255E+01
2.38100190557592956E-03  1.18702640053797825E+01
2.38598308111060689E-03  1.18917664113865378E+01
2.39096425664528465E-03  1.19132688173932948E+01
2.39594543217996241E-03  1.19347712234000500E+01
2.40092660771464017E-03  1.19562736294068070E+01
2.40590778324931793E-03  1.19777760354135641E+01
2.41088895878399526E-03  1.19992784414203193E+01
2.41587013431867302E-03  1.20207808474270763E+01
2.42085130985335078E-03  1.20422832534338315E+01
2.42583248538802854E-03  1.20637856594405886E+01
2.43081366092270630E-03  1.20852880654473456E+01
2.43579483645738363E-03  1.21067904714541008E+01
2.44077601199206139E-03  1.21282928774608560E+01
2.44575718752673915E-03  1.21497952834676131E+01
2.45073836306141692E-03  1.21712976894743701E+01
2.45571953859609468E-03  1.21928000954811271E+01
2.46070071413077244E-03  1.22143025014878841E+01
2.46568188966544977E-03  1.22358049074946376E+01
2.47066306520012753E-03  1.22573073135013946E+01
2.47564424073480529E-03  1.22788097195081516E+01
2.48062541626948305E-03  1.23003121255149086E+01
2.48560659180416081E-03  1.23218145315216638E+01
2.49058776733883814E-03  1.23433169375284191E+01
2.49556894287351590E-03  1.23648193435351761E+01
2.50055011840819366E-03  1.23863217495419331E+01
2.50553129394287142E-03  1.24078241555486883E+01
2.51051246947754918E-03  1.24293265615554454E+01
2.51549364501222651E-03  1.24508289675622006E+01
2.52047482054690427E-03  1.24723313735689576E+01
2.52545599608158203E-03  1.24938337795757146E+01
2.53043717161625980E-03  1.25153361855824699E+01
2.53541834715093756E-03  1.25368385915892269E+01
2.54039952268561488E-03  1.25583409975959821E+01
2.54538069822029265E-03  1.25798434036027391E+01
2.55036187375497041E-03  1.26013458096094944E+01
2.55534304928964817E-03  1.26228482156162514E+01
2.56032422482432593E-03  1.26443506216230084E+01
2.56530540035900326E-03  1.26658530276297636E+01
2.57028657589368102E-03  1.26873554336365189E+01
2.57526775142835878E-03  1.27088578396432759E+01
2.58024892696303654E-03  1.27303602456500329E+01
2.58523010249771430E-03  1.27518626516567899E+01
2.59021127803239163E-03  1.27733650576635451E+01
2.59519245356706939E-03  1.27948674636703004E+01
2.60017362910174715E-03  1.28163698696770574E+01
2.60515480463642491E-03  1.28378722756838144E+01
2.61013598017110268E-03  1.28593746816905714E+01
2.61511715570578000E-03  1.28808770876973249E+01
2.62009833124045776E-03  1.29023794937040819E+01
2.62507950677513553E-03  1.29238818997108389E+01
2.63006068230981329E-03  1.29453843057175959E+01
2.63504185784449105E-03  1.29668867117243511E+01
2.64002303337916838E-03  1.29883891177311064E+01
2.64500420891384614E-03  1.30098915237378634E+01
2.64998538444852390E-03  1.30313939297446204E+01
2.65496655998320166E-03  1.30528963357513774E+01
2.65994773551787942E-03  1.30743987417581327E+01
2.66492891105255718E-03  1.30959011477648897E+01
2.66991008658723451E-03  1.31174035537716449E+01
2.67489126212191227E-03  1.31389059597784019E+01
2.67987243765659003E-03  1.31604083657851572E+01
2.68485361319126779E-03  1.31819107717919142E+01
2.68983478872594555E-03  1.32034131777986712E+01
2.69481596426062288E-03  1.32249155838054264E+01
2.69979713979530064E-03  1.32464179898121817E+01
2.70477831532997840E-03  1.32679203958189387E+01
2.70975949086465617E-03  1.32894228018256957E+01
2.71474066639933393E-03  1.33109252078324527E+01
2.71972184193401125E-03  1.33324276138392079E+01
2.72470301746868902E-03  1.33539300198459632E+01
2.72968419300336678E-03  1.33754324258527202E+01
2.73466536853804454E-03  1.33969348318594772E+01
2.73964654407272230E-03  1.34184372378662342E+01
2.74462771960739963E-03  1.34399396438729877E+01
2.74960889514207739E-03  1.34614420498797447E+01
2.75459007067675515E-03  1.34829444558865017E+01
2.75957124621143291E-03  1.35044468618932587E+01
2.76455242174611067E-03  1.35259492679000157E+01
2.76953359728078800E-03  1.35474516739067692E+01
2.77451477281546576E-03  1.35689540799135262E+01
2.77949594835014352E-03  1.35904564859202832E+01
2.78447712388482128E-03  1.36119588919270402E+01
2.78945829941949905E-03  1.36334612979337955E+01
2.79443947495417637E-03  1.36549637039405507E+01
2.79942065048885413E-03  1.36764661099473077E+01
2.80440182602353190E-03  1.36979685159540647E+01
2.80938300155820966E-03  1.37194709219608200E+01
2.81436417709288742E-03  1.37409733279675770E+01
2.81934535262756475E-03  1.37624757339743322E+01
2.82432652816224251E-03  1.37839781399810892E+01
2.82930770369692027E-03  1.38054805459878462E+01
2.83428887923159803E-03  1.38269829519946015E+01
2.83927005476627579E-03  1.38484853580013585E+01
2.84425123030095312E-03  1.38699877640081137E+01
2.84923240583563088E-03  1.38914901700148707E+01
2.85421358137030864E-03  1.39129925760216260E+01
2.85919475690498640E-03  1.39344949820283830E+01
2.86417593243966416E-03  1.39559973880351400E+01
2.86915710797434192E-03  1.39774997940418970E+01
2.87413828350901925E-03  1.39990022000486505E+01
2.87911945904369701E-03  1.40205046060554075E+01
2.88410063457837477E-03  1.40420070120621645E+01
2.88908181011305254E-03  1.40635094180689215E+01
2.89406298564773030E-03  1.40850118240756785E+01
2.89904416118240763E-03  1.41065142300824320E+01
2.90402533671708539E-03  1.41280166360891890E+01
2.90900651225176315E-03  1.41495190420959460E+01
2.91398768778644091E-03  1.41710214481027030E+01
2.91896886332111867E-03  1.41925238541094583E+01
2.92395003885579600E-03  1.42140262601162135E+01
2.92893121439047376E-03  1.42355286661229705E+01
2.93391238992515152E-03  1.42570310721297275E+01
2.93889356545982928E-03  1.42785334781364828E+01
2.94387474099450704E-03  1.43000358841432398E+01
2.94885591652918437E-03  1.43215382901499950E+01
2.95383709206386213E-03  1.43430406961567520E+01
2.95881826759853989E-03  1.43645431021635090E+01
2.96379944313321765E-03  1.43860455081702643E+01
2.96878061866789542E-03  1.44075479141770213E+01
2.97376179420257274E-03  1.44290503201837765E+01
2.97874296973725050E-03  1.44505527261905335E+01
2.98372414527192827E-03  1.44720551321972888E+01
2.98870532080660603E-03  1.44935575382040458E+01
2.99368649634128379E-03  1.45150599442108028E+01
2.99866767187596112E-03  1.45365623502175580E+01
3.00364884741063888E-03  1.45580647562243133E+01
3.00863002294531664E-03  1.45795671622310703E+01
3.01361119847999440E-03  1.46010695682378273E+01
3.01859237401467216E-03  1.46225719742445843E+01
3.02357354954934949E-03  1.46440743802513396E+01
3.02855472508402725E-03  1.46655767862580948E+01
3.03353590061870501E-03  1.46870791922648518E+01
3.03851707615338277E-03  1.47085815982716088E+01
3.04349825168806053E-03  1.47300840042783658E+01
3.04847942722273786E-03  1.47515864102851193E+01
3.05346060275741562E-03  1.47730888162918763E+01
3.05844177829209338E-03  1.47945912222986333E+01
3.06342295382677115E-03  1.48160936283053903E+01
3.06840412936144891E-03  1.48375960343121474E+01
3.07338530489612623E-03  1.48590984403189008E+01
3.07836648043080400E-03  1.48806008463256578E+01
3.08334765596548176E-03  1.49021032523324148E+01
3.08832883150015952E-03  1.49236056583391719E+01
3.09331000703483728E-03  1.49451080643459271E+01
3.09829118256951504E-03  1.49666104703526841E+01
3.10327235810419237E-03  1.49881128763594393E+01
3.10825353363887013E-03  1.50096152823661964E+01
3.11323470917354789E-03  1.50311176883729516E+01
3.11821588470822565E-03  1.50526200943797086E+01
3.12319706024290341E-03  1.50741225003864656E+01
3.12817823577758074E-03  1.50956249063932209E+01
3.13315941131225850E-03  1.51171273123999761E+01
3.13814058684693626E-03  1.51386297184067331E+01
3.14312176238161402E-03  1.51601321244134901E+01
3.14810293791629179E-03  1.51816345304202471E+01
3.15308411345096911E-03  1.52031369364270024E+01
3.15806528898564687E-03  1.52246393424337576E+01
3.16304646452032464E-03  1.52461417484405146E+01
3.16802764005500240E-03  1.52676441544472716E+01
3.17300881558968016E-03  1.52891465604540286E+01
3.17798999112435749E-03  1.53106489664607821E+01
3.18297116665903525E-03  1.53321513724675391E+01
3.18795234219371301E-03  1.53536537784742961E+01
3.19293351772839077E-03  1.53751561844810531E+01
3.19791469326306853E-03  1.53966585904878102E+01
3.20289586879774586E-03  1.54181609964945636E+01
3.20787704433242362E-03  1.54396634025013206E+01
3.21285821986710138E-03  1.54611658085080776E+01
3.21783939540177914E-03  1.54826682145148347E+01
3.22282057093645690E-03  1.55041706205215899E+01
3.22780174647113423E-03  1.55256730265283451E+01
3.23278292200581199E-03  1.55471754325351021E+01
3.23776409754048975E-03  1.55686778385418592E+01
3.24274527307516752E-03  1.55901802445486144E+01
3.24772644860984528E-03  1.56116826505553714E+01
3.25270762414452260E-03  1.56331850565621266E+01
3.25768879967920037E-03  1.56546874625688837E+01
3.26266997521387813E-03  1.56761898685756407E+01
3.26765115074855589E-03  1.56976922745823959E+01
3.27263232628323365E-03  1.57191946805891529E+01
3.27761350181791098E-03  1.57406970865959082E+01
3.28259467735258874E-03  1.57621994926026652E+01
3.28757585288726650E-03  1.57837018986094204E+01
3.29255702842194426E-03  1.58052043046161774E+01
3.29753820395662202E-03  1.58267067106229344E+01
3.30251937949129978E-03  1.58482091166296915E+01
3.30750055502597711E-03  1.58697115226364449E+01
3.31248173056065487E-03  1.58912139286432019E+01
3.31746290609533263E-03  1.59127163346499589E+01
3.32244408163001039E-03  1.59342187406567160E+01
3.32742525716468816E-03  1.59557211466634730E+01
3.33240643269936548E-03  1.59772235526702264E+01
3.33738760823404325E-03  1.59987259586769834E+01
3.34236878376872101E-03  1.60202283646837387E+01
3.34734995930339877E-03  1.60417307706904992E+01
3.35233113483807653E-03  1.60632331766972527E+01
3.35731231037275386E-03  1.60847355827040062E+01
3.36229348590743162E-03  1.61062379887107667E+01
3.36727466144210938E-03  1.61277403947175202E+01
3.37225583697678714E-03  1.61492428007242772E+01
3.37723701251146490E-03  1.61707452067310342E+01
3.38221818804614223E-03  1.61922476127377877E+01
3.38719936358081999E-03  1.62137500187445482E+01
3.39218053911549775E-03  1.62352524247513017E+01
3.39716171465017551E-03  1.62567548307580587E+01
3.40214289018485327E-03  1.62782572367648157E+01
3.40712406571953060E-03  1.62997596427715692E+01
3.41210524125420836E-03  1.63212620487783298E+01
3.41708641678888612E-03  1.63427644547850832E+01
3.42206759232356389E-03  1.63642668607918402E+01
3.42704876785824165E-03  1.63857692667985972E+01
3.43202994339291897E-03  1.64072716728053507E+01
3.43701111892759674E-03  1.64287740788121077E+01
3.44199229446227450E-03  1.64502764848188647E+01
3.44697346999695226E-03  1.64717788908256217E+01
3.45195464553163002E-03  1.64932812968323788E+01
3.45693582106630735E-03  1.65147837028391322E+01
3.46191699660098511E-03  1.65362861088458892E+01
3.46689817213566287E-03  1.65577885148526462E+01
3.47187934767034063E-03  1.65792909208594033E+01
3.47686052320501839E-03  1.66007933268661603E+01
3.48184169873969572E-03  1.66222957328729137E+01
3.48682287427437348E-03  1.66437981388796707E+01
3.49180404980905124E-03  1.66653005448864278E+01
3.49678522534372900E-03  1.66868029508931848E+01
3.50176640087840677E-03  1.67083053568999418E+01
3.50674757641308409E-03  1.67298077629066952E+01
3.51172875194776185E-03  1.67513101689134523E+01
3.51670992748243962E-03  1.67728125749202093E+01
3.52169110301711738E-03  1.67943149809269663E+01
3.52667227855179514E-03  1.68158173869337233E+01
3.53165345408647290E-03  1.68373197929404768E+01
3.53663462962115023E-03  1.68588221989472338E+01
3.54161580515582799E-03  1.68803246049539908E+01
3.54659698069050575E-03  1.69018270109607442E+01
3.55157815622518351E-03  1.69233294169675048E+01
3.55655933175986127E-03  1.69448318229742583E+01
3.56154050729453860E-03  1.69663342289810153E+01
3.56652168282921636E-03  1.69878366349877723E+01
3.57150285836389412E-03  1.70093390409945258E+01
3.57648403389857188E-03  1.70308414470012863E+01
3.58146520943324964E-03  1.70523438530080398E+01
3.58644638496792697E-03  1.70738462590147968E+01
3.59142756050260473E-03  1.70953486650215538E+01
3.59640873603728249E-03  1.71168510710283073E+01
3.60138991157196026E-03  1.71383534770350678E+01
3.60637108710663802E-03  1.71598558830418213E+01
3.61135226264131535E-03  1.71813582890485748E+01
3.61633343817599311E-03  1.72028606950553353E+01
3.62131461371067087E-03  1.72243631010620888E+01
3.62629578924534863E-03  1.72458655070688494E+01
3.63127696478002639E-03  1.72673679130756028E+01
3.63625814031470372E-03  1.72888703190823563E+01
3.64123931584938148E-03  1.73103727250891168E+01
3.64622049138405924E-03  1.73318751310958703E+01
3.65120166691873700E-03  1.73533775371026309E+01
3.65618284245341476E-03  1.73748799431093843E+01
3.66116401798809209E-03  1.73963823491161378E+01
3.66614519352276985E-03  1.74178847551228984E+01
3.67112636905744761E-03  1.74393871611296518E+01
3.67610754459212537E-03  1.74608895671364088E+01
3.68108872012680314E-03  1.74823919731431658E+01
3.68606989566148046E-03  1.75038943791499193E+01
3.69105107119615822E-03  1.75253967851566799E+01
3.69603224673083599E-03  1.75468991911634333E+01
3.70101342226551375E-03  1.75684015971701903E+01
3.70599459780019151E-03  1.75899040031769474E+01
3.71097577333486884E-03  1.76114064091837008E+01
3.71595694886954660E-03  1.76329088151904578E+01
3.72093812440422436E-03  1.76544112211972148E+01
3.72591929993890212E-03  1.76759136272039719E+01
3.73090047547357988E-03  1.76974160332107289E+01
3.73588165100825764E-03  1.77189184392174859E+01
3.74086282654293497E-03  1.77404208452242393E+01
3.74584400207761273E-03  1.77619232512309964E+01
3.75082517761229049E-03  1.77834256572377534E+01
3.75580635314696825E-03  1.78049280632445104E+01
3.76078752868164602E-03  1.78264304692512674E+01
3.76576870421632334E-03  1.78479328752580209E+01
3.77074987975100110E-03  1.78694352812647779E+01
3.77573105528567887E-03  1.78909376872715349E+01
3.78071223082035663E-03  1.79124400932782919E+01
3.78569340635503439E-03  1.79339424992850489E+01
3.79067458188971172E-03  1.79554449052918024E+01
3.79565575742438948E-03  1.79769473112985594E+01
3.80063693295906724E-03  1.79984497173053164E+01
3.80561810849374500E-03  1.80199521233120734E+01
3.81059928402842276E-03  1.80414545293188304E+01
3.81558045956310009E-03  1.80629569353255839E+01
3.82056163509777785E-03  1.80844593413323409E+01
3.82554281063245561E-03  1.81059617473390979E+01
3.83052398616713337E-03  1.81274641533458549E+01
3.83550516170181113E-03  1.81489665593526119E+01
3.84048633723648846E-03  1.81704689653593654E+01
3.84546751277116622E-03  1.81919713713661224E+01
3.85044868830584398E-03  1.82134737773728794E+01
3.85542986384052174E-03  1.82349761833796364E+01
3.86041103937519951E-03  1.82564785893863899E+01
3.86539221490987683E-03  1.82779809953931469E+01
3.87037339044455459E-03  1.82994834013999039E+01
3.87535456597923236E-03  1.83209858074066609E+01
3.88033574151391012E-03  1.83424882134134180E+01
3.88531691704858788E-03  1.83639906194201714E+01
3.89029809258326521E-03  1.83854930254269284E+01
3.89527926811794297E-03  1.84069954314336854E+01
3.90026044365262073E-03  1.84284978374404425E+01
3.90524161918729849E-03  1.84500002434471959E+01
3.91022279472197625E-03  1.84715026494539529E+01
3.91520397025665358E-03  1.84930050554607099E+01
3.92018514579133177E-03  1.85145074614674670E+01
3.92516632132600910E-03  1.85360098674742204E+01
3.93014749686068643E-03  1.85575122734809774E+01
3.93512867239536462E-03  1.85790146794877344E+01
3.94010984793004195E-03  1.86005170854944915E+01
3.94509102346472015E-03  1.86220194915012485E+01
3.95007219899939747E-03  1.86435218975080019E+01
3.95505337453407480E-03  1.86650243035147589E+01
3.96003455006875300E-03  1.86865267095215160E+01
3.96501572560343032E-03  1.87080291155282730E+01
3.96999690113810852E-03  1.87295315215350300E+01
3.97497807667278585E-03  1.87510339275417834E+01
3.97995925220746317E-03  1.87725363335485405E+01
3.98494042774214137E-03  1.87940387395552975E+01
3.98992160327681870E-03  1.88155411455620509E+01
3.99490277881149689E-03  1.88370435515688115E+01
3.99988395434617422E-03  1.88585459575755650E+01
4.00486512988085155E-03  1.88800483635823220E+01
4.00984630541552974E-03  1.89015507695890790E+01
4.01482748095020707E-03  1.89230531755958324E+01
4.01980865648488526E-03  1.89445555816025930E+01
4.02478983201956259E-03  1.89660579876093465E+01
4.02977100755423992E-03  1.89875603936161035E+01
4.03475218308891811E-03  1.90090627996228605E+01
4.03973335862359544E-03  1.90305652056296140E+01
4.04471453415827364E-03  1.90520676116363745E+01
4.04969570969295097E-03  1.90735700176431280E+01
4.05467688522762916E-03  1.90950724236498885E+01
4.05965806076230649E-03  1.91165748296566420E+01
4.06463923629698382E-03  1.91380772356633955E+01
4.06962041183166201E-03  1.91595796416701560E+01
4.07460158736633934E-03  1.91810820476769095E+01
4.07958276290101753E-03  1.92025844536836665E+01
4.08456393843569486E-03  1.92240868596904235E+01
4.08954511397037219E-03  1.92455892656971770E+01
4.09452628950505038E-03  1.92670916717039375E+01
4.09950746503972771E-03  1.92885940777106910E+01
4.10448864057440591E-03  1.93100964837174480E+01
4.10946981610908323E-03  1.93315988897242050E+01
4.11445099164376056E-03  1.93531012957309585E+01
4.11943216717843876E-03  1.93746037017377191E+01
4.12441334271311608E-03  1.93961061077444725E+01
4.12939451824779428E-03  1.94176085137512295E+01
4.13437569378247161E-03  1.94391109197579866E+01
4.13935686931714893E-03  1.94606133257647400E+01
4.14433804485182713E-03  1.94821157317714970E+01
4.14931922038650446E-03  1.95036181377782540E+01
4.15430039592118265E-03  1.95251205437850111E+01
4.15928157145585998E-03  1.95466229497917681E+01
4.16426274699053731E-03  1.95681253557985215E+01
4.16924392252521550E-03  1.95896277618052785E+01
4.17422509805989283E-03  1.96111301678120356E+01
4.17920627359457102E-03  1.96326325738187926E+01
4.18418744912924835E-03  1.96541349798255496E+01
4.18916862466392568E-03  1.96756373858323030E+01
4.19414980019860387E-03  1.96971397918390601E+01
4.19913097573328120E-03  1.97186421978458171E+01
4.20411215126795940E-03  1.97401446038525741E+01
4.20909332680263672E-03  1.97616470098593275E+01
4.21407450233731405E-03  1.97831494158660846E+01
4.21905567787199225E-03  1.98046518218728416E+01
4.22403685340666957E-03  1.98261542278795986E+01
4.22901802894134777E-03  1.98476566338863556E+01
4.23399920447602510E-03  1.98691590398931091E+01
4.23898038001070242E-03  1.98906614458998661E+01
4.24396155554538062E-03  1.99121638519066231E+01
4.24894273108005795E-03  1.99336662579133801E+01
4.25392390661473614E-03  1.99551686639201371E+01
4.25890508214941347E-03  1.99766710699268906E+01
4.26388625768409080E-03  1.99981734759336476E+01
4.26886743321876899E-03  2.00196758819404046E+01
4.27384860875344632E-03  2.00411782879471581E+01
4.27882978428812451E-03  2.00626806939539186E+01
4.28381095982280184E-03  2.00841830999606721E+01
4.28879213535747917E-03  2.01056855059674291E+01
4.29377331089215736E-03  2.01271879119741861E+01
4.29875448642683469E-03  2.01486903179809396E+01
4.30373566196151289E-03  2.01701927239877001E+01
4.30871683749619021E-03  2.01916951299944536E+01
4.31369801303086754E-03  2.02131975360012106E+01
4.31867918856554574E-03  2.02346999420079676E+01
4.32366036410022306E-03  2.02562023480147211E+01
4.32864153963490126E-03  2.02777047540214816E+01
4.33362271516957859E-03  2.02992071600282351E+01
4.33860389070425592E-03  2.03207095660349886E+01
4.34358506623893411E-03  2.03422119720417491E+01
4.34856624177361144E-03  2.03637143780485026E+01
4.35354741730828963E-03  2.03852167840552632E+01
4.35852859284296696E-03  2.04067191900620166E+01
4.36350976837764429E-03  2.04282215960687701E+01
4.36849094391232248E-03  2.04497240020755306E+01
4.37347211944699981E-03  2.04712264080822841E+01
4.37845329498167801E-03  2.04927288140890447E+01
4.38343447051635533E-03  2.05142312200957981E+01
4.38841564605103266E-03  2.05357336261025516E+01
4.39339682158571086E-03  2.05572360321093122E+01
4.39837799712038818E-03  2.05787384381160656E+01
4.40335917265506638E-03  2.06002408441228226E+01
4.40834034818974371E-03  2.06217432501295796E+01
4.41332152372442103E-03  2.06432456561363331E+01
4.41830269925909923E-03  2.06647480621430937E+01
4.42328387479377656E-03  2.06862504681498471E+01
4.42826505032845475E-03  2.07077528741566042E+01
4.43324622586313208E-03  2.07292552801633612E+01
4.43822740139780941E-03  2.07507576861701146E+01
4.44320857693248760E-03  2.07722600921768752E+01
4.44818975246716493E-03  2.07937624981836287E+01
4.45317092800184312E-03  2.08152649041903857E+01
4.45815210353652045E-03  2.08367673101971427E+01
4.46313327907119778E-03  2.08582697162038961E+01
4.46811445460587597E-03  2.08797721222106532E+01
4.47309563014055330E-03  2.09012745282174102E+01
4.47807680567523150E-03  2.09227769342241672E+01
4.48305798120990882E-03  2.09442793402309242E+01
4.48803915674458702E-03  2.09657817462376812E+01
4.49302033227926435E-03  2.09872841522444347E+01
4.49800150781394167E-03  2.10087865582511917E+01
4.50298268334861987E-03  2.10302889642579487E+01
4.50796385888329720E-03  2.10517913702647057E+01
4.51294503441797539E-03  2.10732937762714627E+01
4.51792620995265272E-03  2.10947961822782162E+01
4.52290738548733005E-03  2.11162985882849732E+01
4.52788856102200824E-03  2.11378009942917302E+01
4.53286973655668557E-03  2.11593034002984837E+01
4.53785091209136376E-03  2.11808058063052442E+01
4.54283208762604109E-03  2.12023082123119977E+01
4.54781326316071842E-03  2.12238106183187547E+01
4.55279443869539661E-03  2.12453130243255117E+01
4.55777561423007394E-03  2.12668154303322652E+01
4.56275678976475214E-03  2.12883178363390257E+01
4.56773796529942946E-03  2.13098202423457792E+01
4.57271914083410679E-03  2.13313226483525362E+01
4.57770031636878499E-03  2.13528250543592932E+01
4.58268149190346231E-03  2.13743274603660467E+01
4.58766266743814051E-03  2.13958298663728073E+01
4.59264384297281784E-03  2.14173322723795607E+01
4.59762501850749516E-03  2.14388346783863142E+01
4.60260619404217336E-03  2.14603370843930747E+01
4.60758736957685069E-03  2.14818394903998282E+01
4.61256854511152888E-03  2.15033418964065888E+01
4.61754972064620621E-03  2.15248443024133422E+01
4.62253089618088354E-03  2.15463467084200957E+01
4.62751207171556173E-03  2.15678491144268563E+01
4.63249324725023906E-03  2.15893515204336097E+01
4.63747442278491726E-03  2.16108539264403703E+01
4.64245559831959458E-03  2.16323563324471237E+01
4.64743677385427191E-03  2.16538587384538772E+01
4.65241794938895011E-03  2.16753611444606378E+01
4.65739912492362743E-03  2.16968635504673912E+01
4.66238030045830563E-03  2.17183659564741518E+01
4.66736147599298296E-03  2.17398683624809053E+01
4.67234265152766028E-03  2.17613707684876587E+01
4.67732382706233848E-03  2.17828731744944193E+01
4.68230500259701581E-03  2.18043755805011727E+01
4.68728617813169400E-03  2.18258779865079298E+01
4.69226735366637133E-03  2.18473803925146868E+01
4.69724852920104866E-03  2.18688827985214402E+01
4.70222970473572685E-03  2.18903852045282008E+01
4.70721088027040418E-03  2.19118876105349543E+01
4.71219205580508237E-03  2.19333900165417113E+01
4.71717323133975970E-03  2.19548924225484683E+01
4.72215440687443703E-03  2.19763948285552217E+01
4.72713558240911522E-03  2.19978972345619823E+01
4.73211675794379255E-03  2.20193996405687358E+01
4.73709793347847075E-03  2.20409020465754928E+01
4.74207910901314807E-03  2.20624044525822498E+01
4.74706028454782540E-03  2.20839068585890033E+01
4.75204146008250360E-03  2.21054092645957603E+01
4.75702263561718092E-03  2.21269116706025173E+01
4.76200381115185912E-03  2.21484140766092743E+01
4.76698498668653645E-03  2.21699164826160313E+01
4.77196616222121377E-03  2.21914188886227848E+01
4.77694733775589197E-03  2.22129212946295418E+01
4.78192851329056930E-03  2.22344237006362988E+01
4.78690968882524749E-03  2.22559261066430558E+01
4.79189086435992482E-03  2.22774285126498093E+01
4.79687203989460215E-03  2.22989309186565663E+01
4.80185321542928034E-03  2.23204333246633233E+01
4.80683439096395767E-03  2.23419357306700803E+01
4.81181556649863586E-03  2.23634381366768373E+01
4.81679674203331319E-03  2.23849405426835908E+01
4.82177791756799052E-03  2.24064429486903478E+01
4.82675909310266871E-03  2.24279453546971048E+01
4.83174026863734604E-03  2.24494477607038618E+01
4.83672144417202424E-03  2.24709501667106188E+01
4.84170261970670156E-03  2.24924525727173723E+01
4.84668379524137889E-03  2.25139549787241293E+01
4.85166497077605709E-03  2.25354573847308863E+01
4.85664614631073441E-03  2.25569597907376398E+01
4.86162732184541261E-03  2.25784621967444004E+01
4.86660849738008994E-03  2.25999646027511538E+01
4.87158967291476726E-03  2.26214670087579108E+01
4.87657084844944546E-03  2.26429694147646678E+01
4.88155202398412279E-03  2.26644718207714213E+01
4.88653319951880098E-03  2.26859742267781819E+01
4.89151437505347831E-03  2.27074766327849353E+01
4.89649555058815650E-03  2.27289790387916959E+01
4.90147672612283383E-03  2.27504814447984494E+01
4.90645790165751116E-03  2.27719838508052028E+01
4.91143907719218935E-03  2.27934862568119634E+01
4.91642025272686668E-03  2.28149886628187168E+01
4.92140142826154488E-03  2.28364910688254774E+01
4.92638260379622221E-03  2.28579934748322309E+01
4.93136377933089953E-03  2.28794958808389843E+01
4.93634495486557773E-03  2.29009982868457449E+01
4.94132613040025506E-03  2.29225006928524984E+01
4.94630730593493325E-03  2.29440030988592554E+01
4.95128848146961058E-03  2.29655055048660124E+01
4.95626965700428791E-03  2.29870079108727658E+01
4.96125083253896610E-03  2.30085103168795264E+01
4.96623200807364343E-03  2.30300127228862799E+01
4.97121318360832162E-03  2.30515151288930369E+01
