0.00000000000000000E+00  0.00000000000000000E+00
6.36374112676832755E-06  1.80545074780802561E-01
1.27274822535366551E-05  3.61090149561605123E-01
1.90912233803049835E-05  5.41635224342407740E-01
2.54549645070733102E-05  7.22180299123210245E-01
3.18187056338416403E-05  9.02725373904012862E-01
3.81824467606099670E-05  1.08327044868481548E+00
4.45461878873782937E-05  1.26381552346561787E+00
5.09099290141466204E-05  1.44436059824642049E+00
5.72736701409149471E-05  1.62490567302722311E+00
6.36374112676832806E-05  1.80545074780802572E+00
7.00011523944516005E-05  1.98599582258882812E+00
7.63648935212199340E-05  2.16654089736963096E+00
8.27286346479882539E-05  2.34708597215043335E+00
8.90923757747565874E-05  2.52763104693123575E+00
9.54561169015249073E-05  2.70817612171203814E+00
1.01819858028293241E-04  2.77723019123808612E+00
1.08183599155061574E-04  2.78996025688666549E+00
1.14547340281829894E-04  2.80269032253524442E+00
1.20911081408598228E-04  2.81542038818382379E+00
1.27274822535366561E-04  2.82815045383240271E+00
1.33638563662134867E-04  2.84088051948098208E+00
1.40002304788903201E-04  2.85361058512956101E+00
1.46366045915671534E-04  2.86634065077814038E+00
1.52729787042439868E-04  2.87907071642671930E+00
1.59093528169208201E-04  2.89180078207529867E+00
1.65457269295976508E-04  2.90453084772387760E+00
1.71821010422744841E-04  2.91726091337245697E+00
1.78184751549513175E-04  2.92999097902103589E+00
1.84548492676281508E-04  2.94272104466961526E+00
1.90912233803049815E-04  2.95545111031819419E+00
1.97275974929818148E-04  2.96818117596677311E+00
2.03639716056586482E-04  2.98091124161535248E+00
2.10003457183354815E-04  2.99364130726393141E+00
2.16367198310123148E-04  3.00637137291251078E+00
2.22730939436891455E-04  3.01910143856108970E+00
2.29094680563659788E-04  3.03183150420966907E+00
2.35458421690428122E-04  3.04456156985824800E+00
2.41822162817196455E-04  3.05729163550682737E+00
2.48185903943964762E-04  3.07002170115540629E+00
2.54549645070733122E-04  3.08275176680398566E+00
2.60913386197501429E-04  3.09548183245256459E+00
2.67277127324269735E-04  3.10821189810114351E+00
2.73640868451038096E-04  3.12094196374972288E+00
2.80004609577806402E-04  3.13367202939830225E+00
2.86368350704574762E-04  3.14640209504688118E+00
2.92732091831343069E-04  3.15913216069546010E+00
2.99095832958111375E-04  3.17186222634403947E+00
3.05459574084879736E-04  3.18459229199261884E+00
3.11823315211648042E-04  3.19732235764119777E+00
3.18187056338416403E-04  3.21005242328977669E+00
3.24550797465184709E-04  3.22278248893835606E+00
3.30914538591953016E-04  3.23551255458693499E+00
3.37278279718721376E-04  3.24824262023551436E+00
3.43642020845489682E-04  3.26097268588409328E+00
3.50005761972257989E-04  3.27370275153267265E+00
3.56369503099026349E-04  3.28643281718125158E+00
3.62733244225794656E-04  3.29916288282983050E+00
3.69096985352563016E-04  3.31189294847840987E+00
3.75460726479331323E-04  3.32462301412698924E+00
3.81824467606099629E-04  3.33735307977556817E+00
3.88188208732867990E-04  3.35008314542414709E+00
3.94551949859636296E-04  3.36281321107272646E+00
4.00915690986404657E-04  3.37554327672130583E+00
4.07279432113172963E-04  3.38827334236988476E+00
4.13643173239941269E-04  3.40100340801846368E+00
4.20006914366709630E-04  3.41373347366704305E+00
4.26370655493477936E-04  3.42646353931562198E+00
4.32734396620246297E-04  3.43919360496420135E+00
4.39098137747014603E-04  3.45192367061278027E+00
4.45461878873782910E-04  3.46465373626135964E+00
4.51825620000551270E-04  3.47738380190993857E+00
4.58189361127319577E-04  3.49011386755851749E+00
4.64553102254087937E-04  3.50284393320709686E+00
4.70916843380856244E-04  3.51557399885567623E+00
4.77280584507624550E-04  3.52830406450425516E+00
4.83644325634392911E-04  3.54103413015283408E+00
4.90008066761161271E-04  3.55376419580141345E+00
4.96371807887929523E-04  3.56649426144999238E+00
5.02735549014697884E-04  3.57922432709857175E+00
5.09099290141466244E-04  3.59195439274715067E+00
5.15463031268234497E-04  3.60468445839573004E+00
5.21826772395002857E-04  3.61741452404430897E+00
5.28190513521771218E-04  3.63014458969288834E+00
5.34554254648539470E-04  3.64287465534146726E+00
5.40917995775307830E-04  3.65560472099004663E+00
5.47281736902076191E-04  3.66833478663862556E+00
5.53645478028844443E-04  3.68106485228720448E+00
5.60009219155612804E-04  3.69379491793578385E+00
5.66372960282381164E-04  3.70652498358436322E+00
5.72736701409149525E-04  3.71925504923294215E+00
5.79100442535917777E-04  3.73198511488152107E+00
5.85464183662686138E-04  3.74471518053010044E+00
5.91827924789454498E-04  3.75744524617867981E+00
5.98191665916222750E-04  3.77017531182725829E+00
6.04555407042991111E-04  3.78290537747583766E+00
6.10919148169759472E-04  3.79563544312441703E+00
6.17282889296527724E-04  3.80836550877299596E+00
6.23646630423296084E-04  3.82109557442157488E+00
6.30010371550064445E-04  3.83382564007015425E+00
6.36374112676832806E-04  3.84655570571873362E+00
6.42737853803601058E-04  3.85928577136731255E+00
6.49101594930369418E-04  3.87201583701589147E+00
6.55465336057137779E-04  3.88474590266447084E+00
6.61829077183906031E-04  3.89747596831305021E+00
6.68192818310674392E-04  3.91020603396162914E+00
6.74556559437442752E-04  3.92293609961020806E+00
6.80920300564211004E-04  3.93566616525878743E+00
6.87284041690979365E-04  3.94839623090736680E+00
6.93647782817747726E-04  3.96112629655594572E+00
7.00011523944515978E-04  3.97385636220452465E+00
7.06375265071284338E-04  3.98658642785310402E+00
7.12739006198052699E-04  3.99931649350168295E+00
7.19102747324821059E-04  4.01204655915026187E+00
7.25466488451589312E-04  4.02477662479884124E+00
7.31830229578357672E-04  4.03750669044742061E+00
7.38193970705126033E-04  4.05023675609599998E+00
7.44557711831894285E-04  4.06296682174457846E+00
7.50921452958662645E-04  4.07569688739315783E+00
7.57285194085431006E-04  4.08842695304173720E+00
7.63648935212199258E-04  4.10115701869031568E+00
7.70012676338967619E-04  4.11388708433889505E+00
7.76376417465735979E-04  4.12661714998747442E+00
7.82740158592504340E-04  4.13934721563605379E+00
7.89103899719272592E-04  4.15207728128463227E+00
7.95467640846040953E-04  4.16480734693321164E+00
8.01831381972809313E-04  4.17753741258179101E+00
8.08195123099577565E-04  4.19026747823036949E+00
8.14558864226345926E-04  4.20299754387894886E+00
8.20922605353114287E-04  4.21572760952752823E+00
8.27286346479882539E-04  4.22845767517610760E+00
8.33650087606650899E-04  4.24118774082468697E+00
8.40013828733419260E-04  4.25391780647326545E+00
8.46377569860187512E-04  4.26664787212184482E+00
8.52741310986955873E-04  4.27937793777042419E+00
8.59105052113724233E-04  4.29210800341900267E+00
8.65468793240492594E-04  4.30483806906758204E+00
8.71832534367260846E-04  4.31756813471616141E+00
8.78196275494029207E-04  4.33029820036474078E+00
8.84560016620797567E-04  4.34302826601332015E+00
8.90923757747565819E-04  4.35575833166189863E+00
8.97287498874334180E-04  4.37589353078453325E+00
9.03651240001102540E-04  4.39763375895129727E+00
9.10014981127870793E-04  4.41937398711806217E+00
9.16378722254639153E-04  4.44111421528482708E+00
9.22742463381407514E-04  4.46285444345159199E+00
9.29106204508175874E-04  4.48459467161835601E+00
9.35469945634944127E-04  4.50633489978512003E+00
9.41833686761712487E-04  4.52807512795188494E+00
9.48197427888480848E-04  4.54981535611864985E+00
9.54561169015249100E-04  4.57155558428541475E+00
9.60924910142017460E-04  4.59329581245217877E+00
9.67288651268785821E-04  4.61503604061894368E+00
9.73652392395554073E-04  4.63677626878570770E+00
9.80016133522322542E-04  4.65851649695247261E+00
9.86379874649090686E-04  4.68025672511923752E+00
9.92743615775859047E-04  4.70199695328600153E+00
9.99107356902627407E-04  4.72373718145276644E+00
1.00547109802939577E-03  4.74547740961953046E+00
1.01183483915616413E-03  4.76721763778629537E+00
1.01819858028293249E-03  4.78895786595306028E+00
1.02456232140970063E-03  4.81069809411982430E+00
1.03092606253646899E-03  4.83243832228658921E+00
1.03728980366323735E-03  4.85417855045335322E+00
1.04365354479000571E-03  4.87591877862011813E+00
1.05001728591677407E-03  4.89765900678688304E+00
1.05638102704354244E-03  4.91939923495364795E+00
1.06274476817031080E-03  4.94113946312041286E+00
1.06910850929707894E-03  4.96287969128717599E+00
1.07547225042384730E-03  4.98461991945394089E+00
1.08183599155061566E-03  5.00636014762070580E+00
1.08819973267738402E-03  5.02810037578747071E+00
1.09456347380415238E-03  5.04984060395423562E+00
1.10092721493092074E-03  5.07158083212100053E+00
1.10729095605768889E-03  5.09332106028776366E+00
1.11365469718445725E-03  5.11506128845452857E+00
1.12001843831122561E-03  5.13680151662129347E+00
1.12638217943799397E-03  5.15854174478805838E+00
1.13274592056476233E-03  5.18028197295482329E+00
1.13910966169153069E-03  5.20202220112158731E+00
1.14547340281829905E-03  5.22376242928835222E+00
1.15183714394506719E-03  5.24550265745511624E+00
1.15820088507183555E-03  5.26724288562188114E+00
1.16456462619860391E-03  5.28898311378864605E+00
1.17092836732537228E-03  5.31072334195541007E+00
1.17729210845214064E-03  5.33246357012217498E+00
1.18365584957890900E-03  5.35420379828893989E+00
1.19001959070567736E-03  5.37594402645570479E+00
1.19638333183244550E-03  5.39768425462246793E+00
1.20274707295921386E-03  5.41942448278923283E+00
1.20911081408598222E-03  5.44116471095599774E+00
1.21547455521275058E-03  5.46290493912276265E+00
1.22183829633951894E-03  5.48464516728952756E+00
1.22820203746628730E-03  5.50638539545629158E+00
1.23456577859305545E-03  5.52812562362305560E+00
1.24092951971982381E-03  5.54986585178982050E+00
1.24729326084659217E-03  5.57160607995658541E+00
1.25365700197336053E-03  5.59334630812334943E+00
1.26002074310012889E-03  5.61508653629011434E+00
1.26638448422689725E-03  5.63682676445687925E+00
1.27274822535366561E-03  5.65856699262364415E+00
1.27911196648043375E-03  5.68030722079040817E+00
1.28547570760720212E-03  5.70204744895717219E+00
1.29183944873397048E-03  5.72378767712393710E+00
1.29820318986073884E-03  5.74552790529070201E+00
1.30456693098750720E-03  5.76726813345746692E+00
1.31093067211427556E-03  5.78900836162423182E+00
1.31729441324104370E-03  5.81074858979099496E+00
1.32365815436781206E-03  5.83248881795775986E+00
1.33002189549458042E-03  5.85422904612452477E+00
1.33638563662134878E-03  5.87596927429128968E+00
1.34274937774811714E-03  5.89770950245805459E+00
1.34911311887488550E-03  5.91944973062481861E+00
1.35547686000165386E-03  5.94118995879158351E+00
1.36184060112842201E-03  5.96293018695834753E+00
1.36820434225519037E-03  5.98467041512511244E+00
1.37456808338195873E-03  6.00641064329187735E+00
1.38093182450872709E-03  6.02815087145864137E+00
1.38729556563549545E-03  6.04989109962540628E+00
1.39365930676226381E-03  6.07163132779217118E+00
1.40002304788903196E-03  6.09337155595893520E+00
1.40638678901580032E-03  6.11511178412569922E+00
1.41275053014256868E-03  6.13685201229246413E+00
1.41911427126933704E-03  6.15859224045922904E+00
1.42547801239610540E-03  6.18033246862599395E+00
1.43184175352287376E-03  6.20207269679275885E+00
1.43820549464964212E-03  6.22381292495952287E+00
1.44456923577641026E-03  6.24555315312628689E+00
1.45093297690317862E-03  6.26729338129305180E+00
1.45729671802994698E-03  6.28903360945981671E+00
1.46366045915671534E-03  6.31077383762658162E+00
1.47002420028348370E-03  6.33251406579334564E+00
1.47638794141025207E-03  6.35425429396011054E+00
1.48275168253702043E-03  6.37599452212687545E+00
1.48911542366378857E-03  6.39773475029363947E+00
1.49547916479055693E-03  6.41947497846040438E+00
1.50184290591732529E-03  6.44121520662716840E+00
1.50820664704409365E-03  6.46295543479393331E+00
1.51457038817086201E-03  6.48469566296069821E+00
1.52093412929763037E-03  6.50643589112746312E+00
1.52729787042439852E-03  6.52817611929422714E+00
1.53366161155116688E-03  6.54991634746099116E+00
1.54002535267793524E-03  6.57165657562775607E+00
1.54638909380470360E-03  6.59339680379452098E+00
1.55275283493147196E-03  6.61513703196128589E+00
1.55911657605824032E-03  6.63687726012804990E+00
1.56548031718500868E-03  6.65861748829481481E+00
1.57184405831177682E-03  6.68035771646157883E+00
1.57820779943854518E-03  6.70209794462834374E+00
1.58457154056531354E-03  6.72383817279510865E+00
1.59093528169208191E-03  6.74557840096187267E+00
1.59729902281885027E-03  6.76731862912863757E+00
1.60366276394561863E-03  6.78905885729540248E+00
1.61002650507238677E-03  6.81079908546216650E+00
1.61639024619915513E-03  6.83253931362893141E+00
1.62275398732592349E-03  6.85427954179569543E+00
1.62911772845269185E-03  6.87601976996246034E+00
1.63548146957946021E-03  6.89775999812922525E+00
1.64184521070622857E-03  6.91950022629599015E+00
1.64820895183299693E-03  6.94124045446275417E+00
1.65457269295976508E-03  6.96298068262951819E+00
1.66093643408653344E-03  6.98472091079628310E+00
1.66730017521330180E-03  7.00646113896304801E+00
1.67366391634007016E-03  7.02820136712981292E+00
1.68002765746683852E-03  7.04994159529657693E+00
1.68639139859360688E-03  7.07168182346334184E+00
1.69275513972037502E-03  7.09342205163010586E+00
1.69911888084714338E-03  7.11516227979687077E+00
1.70548262197391175E-03  7.13690250796363568E+00
1.71184636310068011E-03  7.15864273613039970E+00
1.71821010422744847E-03  7.18038296429716461E+00
1.72457384535421683E-03  7.20212319246392951E+00
1.73093758648098519E-03  7.22386342063069442E+00
1.73730132760775333E-03  7.24560364879745844E+00
1.74366506873452169E-03  7.26734387696422246E+00
1.75002880986129005E-03  7.28908410513098737E+00
1.75639255098805841E-03  7.31082433329775228E+00
1.76275629211482677E-03  7.33256456146451718E+00
1.76912003324159513E-03  7.35430478963128120E+00
1.77548377436836328E-03  7.37604501779804522E+00
1.78184751549513164E-03  7.39778524596481013E+00
1.78821125662190000E-03  7.41952547413157504E+00
1.79457499774866836E-03  7.44126570229833995E+00
1.80093873887543672E-03  7.46300593046510397E+00
1.80730248000220508E-03  7.48474615863186887E+00
1.81366622112897344E-03  7.50648638679863378E+00
1.82002996225574159E-03  7.52822661496539780E+00
1.82639370338250995E-03  7.54996684313216271E+00
1.83275744450927831E-03  7.57170707129892673E+00
1.83912118563604667E-03  7.59344729946569164E+00
1.84548492676281503E-03  7.61518752763245654E+00
1.85184866788958339E-03  7.63692775579922145E+00
1.85821240901635175E-03  7.65866798396598547E+00
1.86457615014311989E-03  7.68040821213274949E+00
1.87093989126988825E-03  7.70214844029951440E+00
1.87730363239665661E-03  7.72388866846627931E+00
1.88366737352342497E-03  7.74562889663304421E+00
1.89003111465019333E-03  7.76736912479980823E+00
1.89639485577696170E-03  7.78910935296657314E+00
1.90275859690372984E-03  7.81084958113333716E+00
1.90912233803049820E-03  7.83258980930010207E+00
1.91548607915726656E-03  7.85433003746686698E+00
1.92184982028403492E-03  7.87607026563363100E+00
1.92821356141080328E-03  7.89781049380039590E+00
1.93457730253757164E-03  7.91955072196716081E+00
1.94094104366434000E-03  7.94129095013392572E+00
1.94730478479110815E-03  7.96303117830068974E+00
1.95366852591787651E-03  7.98477140646745376E+00
1.96003226704464508E-03  8.00651163463421867E+00
1.96639600817141323E-03  8.02825186280098357E+00
1.97275974929818137E-03  8.04999209096774848E+00
1.97912349042494995E-03  8.07173231913451161E+00
1.98548723155171809E-03  8.09347254730127652E+00
1.99185097267848667E-03  8.11521277546804143E+00
1.99821471380525481E-03  8.13695300363480634E+00
2.00457845493202339E-03  8.15869323180157124E+00
2.01094219605879154E-03  8.18043345996833438E+00
2.01730593718555968E-03  8.20217368813509928E+00
2.02366967831232826E-03  8.22391391630186419E+00
2.03003341943909640E-03  8.24565414446862910E+00
2.03639716056586498E-03  8.26739437263539401E+00
2.04276090169263312E-03  8.28913460080215714E+00
2.04912464281940127E-03  8.31087482896892205E+00
2.05548838394616984E-03  8.33261505713568695E+00
2.06185212507293799E-03  8.35435528530245186E+00
2.06821586619970656E-03  8.37609551346921677E+00
2.07457960732647471E-03  8.39783574163597990E+00
2.08094334845324328E-03  8.41957596980274658E+00
2.08730708958001143E-03  8.44131619796950972E+00
2.09367083070677957E-03  8.46305642613627462E+00
2.10003457183354815E-03  8.48479665430303953E+00
2.10639831296031629E-03  8.50653688246980266E+00
2.11276205408708487E-03  8.52827711063656935E+00
2.11912579521385301E-03  8.55001733880333248E+00
2.12548953634062159E-03  8.57175756697009916E+00
2.13185327746738974E-03  8.59349779513686229E+00
2.13821701859415788E-03  8.61523802330362543E+00
2.14458075972092646E-03  8.63697825147039211E+00
2.15094450084769460E-03  8.65871847963715524E+00
2.15730824197446318E-03  8.68045870780392193E+00
2.16367198310123132E-03  8.70219893597068506E+00
2.17003572422799990E-03  8.72393916413745174E+00
2.17639946535476804E-03  8.74567939230421487E+00
2.18276320648153619E-03  8.76741962047097800E+00
2.18912694760830476E-03  8.78915984863774469E+00
2.19549068873507291E-03  8.81090007680450782E+00
2.20185442986184149E-03  8.83264030497127450E+00
2.20821817098860963E-03  8.85438053313803763E+00
2.21458191211537777E-03  8.87612076130480077E+00
2.22094565324214635E-03  8.89786098947156745E+00
2.22730939436891449E-03  8.91960121763833058E+00
2.23367313549568307E-03  8.94134144580509727E+00
2.24003687662245122E-03  8.96308167397186040E+00
2.24640061774921979E-03  8.98482190213862530E+00
2.25276435887598794E-03  9.00656213030539021E+00
2.25912810000275608E-03  9.02830235847215334E+00
2.26549184112952466E-03  9.05004258663892003E+00
2.27185558225629280E-03  9.07178281480568316E+00
2.27821932338306138E-03  9.09352304297244807E+00
2.28458306450982952E-03  9.11526327113921297E+00
2.29094680563659810E-03  9.13700349930597788E+00
2.29731054676336624E-03  9.15874372747274279E+00
2.30367428789013439E-03  9.18048395563950592E+00
2.31003802901690296E-03  9.20222418380627083E+00
2.31640177014367111E-03  9.22396441197303574E+00
2.32276551127043969E-03  9.24570464013980065E+00
2.32912925239720783E-03  9.26744486830656555E+00
2.33549299352397641E-03  9.28918509647333046E+00
2.34185673465074455E-03  9.31092532464009359E+00
2.34822047577751269E-03  9.33266555280685850E+00
2.35458421690428127E-03  9.35440578097362341E+00
2.36094795803104942E-03  9.37614600914038654E+00
2.36731169915781799E-03  9.39788623730715322E+00
2.37367544028458614E-03  9.41962646547391635E+00
2.38003918141135471E-03  9.44136669364068304E+00
2.38640292253812286E-03  9.46310692180744617E+00
2.39276666366489100E-03  9.48484714997420930E+00
2.39913040479165958E-03  9.50658737814097599E+00
2.40549414591842772E-03  9.52832760630773912E+00
2.41185788704519630E-03  9.55006783447450580E+00
2.41822162817196444E-03  9.57180806264126893E+00
2.42458536929873259E-03  9.59354829080803206E+00
2.43094911042550117E-03  9.61528851897479875E+00
2.43731285155226931E-03  9.63702874714156188E+00
2.44367659267903789E-03  9.65876897530832856E+00
2.45004033380580603E-03  9.68050920347509170E+00
2.45640407493257461E-03  9.70224943164185660E+00
2.46276781605934275E-03  9.72398965980862151E+00
2.46913155718611090E-03  9.74572988797538464E+00
2.47549529831287947E-03  9.76747011614214955E+00
2.48185903943964762E-03  9.78921034430891446E+00
2.48822278056641619E-03  9.81095057247567937E+00
2.49458652169318434E-03  9.83269080064244427E+00
2.50095026281995291E-03  9.85443102880920918E+00
2.50731400394672106E-03  9.87617125697597231E+00
2.51367774507348920E-03  9.89791148514273722E+00
2.52004148620025778E-03  9.91965171330950213E+00
2.52640522732702592E-03  9.94139194147626704E+00
2.53276896845379450E-03  9.96313216964303194E+00
2.53913270958056264E-03  9.98487239780979507E+00
2.54549645070733122E-03  1.00066126259765618E+01
2.55186019183409937E-03  1.00283528541433249E+01
2.55822393296086751E-03  1.00500930823100898E+01
2.56458767408763609E-03  1.00718333104768547E+01
2.57095141521440423E-03  1.00935735386436178E+01
2.57731515634117281E-03  1.01153137668103845E+01
2.58367889746794095E-03  1.01370539949771477E+01
2.59004263859470910E-03  1.01587942231439126E+01
2.59640637972147767E-03  1.01805344513106775E+01
2.60277012084824582E-03  1.02022746794774406E+01
2.60913386197501439E-03  1.02240149076442073E+01
2.61549760310178254E-03  1.02457551358109704E+01
2.62186134422855112E-03  1.02674953639777371E+01
2.62822508535531926E-03  1.02892355921445002E+01
2.63458882648208740E-03  1.03109758203112634E+01
2.64095256760885598E-03  1.03327160484780300E+01
2.64731630873562412E-03  1.03544562766447932E+01
2.65368004986239270E-03  1.03761965048115599E+01
2.66004379098916085E-03  1.03979367329783230E+01
2.66640753211592942E-03  1.04196769611450879E+01
2.67277127324269757E-03  1.04414171893118528E+01
2.67913501436946571E-03  1.04631574174786159E+01
2.68549875549623429E-03  1.04848976456453826E+01
2.69186249662300243E-03  1.05066378738121458E+01
2.69822623774977101E-03  1.05283781019789107E+01
2.70458997887653915E-03  1.05501183301456756E+01
2.71095372000330773E-03  1.05718585583124405E+01
2.71731746113007587E-03  1.05935987864792054E+01
2.72368120225684402E-03  1.06153390146459685E+01
2.73004494338361259E-03  1.06370792428127334E+01
2.73640868451038074E-03  1.06588194709794983E+01
2.74277242563714932E-03  1.06805596991462632E+01
2.74913616676391746E-03  1.07022999273130281E+01
2.75549990789068604E-03  1.07240401554797931E+01
2.76186364901745418E-03  1.07457803836465562E+01
2.76822739014422232E-03  1.07675206118133211E+01
2.77459113127099090E-03  1.07892608399800860E+01
2.78095487239775905E-03  1.08110010681468491E+01
2.78731861352452762E-03  1.08327412963136158E+01
2.79368235465129577E-03  1.08544815244803790E+01
2.80004609577806391E-03  1.08762217526471439E+01
2.80640983690483249E-03  1.08979619808139088E+01
2.81277357803160063E-03  1.09197022089806719E+01
2.81913731915836921E-03  1.09414424371474386E+01
2.82550106028513735E-03  1.09631826653142017E+01
2.83186480141190593E-03  1.09849228934809684E+01
2.83822854253867407E-03  1.10066631216477315E+01
2.84459228366544222E-03  1.10284033498144947E+01
2.85095602479221080E-03  1.10501435779812613E+01
2.85731976591897894E-03  1.10718838061480245E+01
2.86368350704574752E-03  1.10936240343147912E+01
2.87004724817251566E-03  1.11153642624815543E+01
2.87641098929928424E-03  1.11371044906483192E+01
2.88277473042605238E-03  1.11588447188150841E+01
2.88913847155282053E-03  1.11805849469818472E+01
2.89550221267958910E-03  1.12023251751486139E+01
2.90186595380635725E-03  1.12240654033153771E+01
2.90822969493312582E-03  1.12458056314821420E+01
2.91459343605989397E-03  1.12675458596489069E+01
2.92095717718666254E-03  1.12892860878156718E+01
2.92732091831343069E-03  1.13110263159824367E+01
2.93368465944019883E-03  1.13327665441491998E+01
2.94004840056696741E-03  1.13545067723159647E+01
2.94641214169373555E-03  1.13762470004827296E+01
2.95277588282050413E-03  1.13979872286494945E+01
2.95913962394727227E-03  1.14197274568162594E+01
2.96550336507404085E-03  1.14414676849830244E+01
2.97186710620080900E-03  1.14632079131497875E+01
2.97823084732757714E-03  1.14849481413165524E+01
2.98459458845434572E-03  1.15066883694833173E+01
2.99095832958111386E-03  1.15284285976500822E+01
2.99732207070788244E-03  1.15501688258168471E+01
3.00368581183465058E-03  1.15719090539836102E+01
3.01004955296141873E-03  1.15936492821503752E+01
3.01641329408818730E-03  1.16153895103171401E+01
3.02277703521495545E-03  1.16371297384839050E+01
3.02914077634172402E-03  1.16588699666506699E+01
3.03550451746849217E-03  1.16806101948174330E+01
3.04186825859526075E-03  1.17023504229841997E+01
3.04823199972202889E-03  1.17240906511509628E+01
3.05459574084879703E-03  1.17458308793177277E+01
3.06095948197556561E-03  1.17675711074844926E+01
3.06732322310233375E-03  1.17893113356512558E+01
3.07368696422910233E-03  1.18110515638180225E+01
3.08005070535587048E-03  1.18327917919847856E+01
3.08641444648263905E-03  1.18545320201515505E+01
3.09277818760940720E-03  1.18762722483183154E+01
3.09914192873617534E-03  1.18980124764850785E+01
3.10550566986294392E-03  1.19197527046518452E+01
3.11186941098971206E-03  1.19414929328186084E+01
3.11823315211648064E-03  1.19632331609853733E+01
3.12459689324324878E-03  1.19849733891521382E+01
3.13096063437001736E-03  1.20067136173189031E+01
3.13732437549678550E-03  1.20284538454856680E+01
3.14368811662355365E-03  1.20501940736524311E+01
3.15005185775032222E-03  1.20719343018191960E+01
3.15641559887709037E-03  1.20936745299859609E+01
3.16277934000385895E-03  1.21154147581527258E+01
3.16914308113062709E-03  1.21371549863194907E+01
3.17550682225739523E-03  1.21588952144862539E+01
3.18187056338416381E-03  1.21806354426530188E+01
3.18823430451093195E-03  1.22023756708197837E+01
3.19459804563770053E-03  1.22241158989865486E+01
3.20096178676446868E-03  1.22458561271533135E+01
3.20732552789123725E-03  1.22675963553200784E+01
3.21368926901800540E-03  1.22893365834868415E+01
3.22005301014477354E-03  1.23110768116536065E+01
3.22641675127154212E-03  1.23328170398203714E+01
3.23278049239831026E-03  1.23545572679871363E+01
3.23914423352507884E-03  1.23762974961539012E+01
3.24550797465184698E-03  1.23980377243206643E+01
3.25187171577861556E-03  1.24197779524874310E+01
3.25823545690538370E-03  1.24415181806541941E+01
3.26459919803215185E-03  1.24632584088209590E+01
3.27096293915892043E-03  1.24849986369877239E+01
3.27732668028568857E-03  1.25067388651544871E+01
3.28369042141245715E-03  1.25284790933212538E+01
3.29005416253922529E-03  1.25502193214880169E+01
3.29641790366599387E-03  1.25719595496547818E+01
3.30278164479276201E-03  1.25936997778215467E+01
3.30914538591953016E-03  1.26154400059883098E+01
3.31550912704629873E-03  1.26371802341550765E+01
3.32187286817306688E-03  1.26589204623218397E+01
3.32823660929983545E-03  1.26806606904886046E+01
3.33460035042660360E-03  1.27024009186553695E+01
3.34096409155337217E-03  1.27241411468221344E+01
3.34732783268014032E-03  1.27458813749888993E+01
3.35369157380690846E-03  1.27676216031556624E+01
3.36005531493367704E-03  1.27893618313224273E+01
3.36641905606044518E-03  1.28111020594891922E+01
3.37278279718721376E-03  1.28328422876559571E+01
3.37914653831398190E-03  1.28545825158227220E+01
3.38551027944075005E-03  1.28763227439894852E+01
3.39187402056751863E-03  1.28980629721562501E+01
3.39823776169428677E-03  1.29198032003230150E+01
3.40460150282105535E-03  1.29415434284897799E+01
3.41096524394782349E-03  1.29632836566565448E+01
3.41732898507459207E-03  1.29850238848233097E+01
3.42369272620136021E-03  1.30067641129900728E+01
3.43005646732812836E-03  1.30285043411568378E+01
3.43642020845489693E-03  1.30502445693236027E+01
3.44278394958166508E-03  1.30719847974903676E+01
3.44914769070843365E-03  1.30937250256571325E+01
3.45551143183520180E-03  1.31154652538238956E+01
3.46187517296197038E-03  1.31372054819906623E+01
3.46823891408873852E-03  1.31589457101574254E+01
3.47460265521550666E-03  1.31806859383241903E+01
3.48096639634227524E-03  1.32024261664909552E+01
3.48733013746904338E-03  1.32241663946577184E+01
3.49369387859581196E-03  1.32459066228244851E+01
3.50005761972258011E-03  1.32676468509912482E+01
3.50642136084934868E-03  1.32893870791580131E+01
3.51278510197611683E-03  1.33111273073247780E+01
3.51914884310288497E-03  1.33328675354915411E+01
3.52551258422965355E-03  1.33546077636583078E+01
3.53187632535642169E-03  1.33763479918250709E+01
3.53824006648319027E-03  1.33980882199918359E+01
3.54460380760995841E-03  1.34198284481586008E+01
3.55096754873672656E-03  1.34415686763253639E+01
3.55733128986349513E-03  1.34633089044921306E+01
3.56369503099026328E-03  1.34850491326588937E+01
3.57005877211703185E-03  1.35067893608256586E+01
3.57642251324380000E-03  1.35285295889924235E+01
3.58278625437056858E-03  1.35502698171591884E+01
3.58914999549733672E-03  1.35720100453259533E+01
3.59551373662410486E-03  1.35937502734927165E+01
3.60187747775087344E-03  1.36154905016594814E+01
3.60824121887764158E-03  1.36372307298262463E+01
3.61460496000441016E-03  1.36589709579930112E+01
3.62096870113117831E-03  1.36807111861597761E+01
3.62733244225794688E-03  1.37024514143265410E+01
3.63369618338471503E-03  1.37241916424933041E+01
3.64005992451148317E-03  1.37459318706600691E+01
3.64642366563825175E-03  1.37676720988268340E+01
3.65278740676501989E-03  1.37894123269935989E+01
3.65915114789178847E-03  1.38111525551603638E+01
3.66551488901855661E-03  1.38328927833271269E+01
3.67187863014532519E-03  1.38546330114938936E+01
3.67824237127209333E-03  1.38763732396606567E+01
3.68460611239886148E-03  1.38981134678274216E+01
3.69096985352563006E-03  1.39198536959941865E+01
3.69733359465239820E-03  1.39415939241609497E+01
3.70369733577916678E-03  1.39633341523277164E+01
3.71006107690593492E-03  1.39850743804944795E+01
3.71642481803270350E-03  1.40068146086612444E+01
3.72278855915947164E-03  1.40285548368280093E+01
3.72915230028623979E-03  1.40502950649947724E+01
3.73551604141300836E-03  1.40720352931615391E+01
3.74187978253977651E-03  1.40937755213283022E+01
3.74824352366654508E-03  1.41155157494950672E+01
3.75460726479331323E-03  1.41372559776618321E+01
3.76097100592008137E-03  1.41589962058285952E+01
3.76733474704684995E-03  1.41807364339953619E+01
3.77369848817361809E-03  1.42024766621621250E+01
3.78006222930038667E-03  1.42242168903288899E+01
3.78642597042715481E-03  1.42459571184956548E+01
3.79278971155392339E-03  1.42676973466624197E+01
3.79915345268069153E-03  1.42894375748291846E+01
3.80551719380745968E-03  1.43111778029959478E+01
3.81188093493422826E-03  1.43329180311627127E+01
3.81824467606099640E-03  1.43546582593294776E+01
3.82460841718776498E-03  1.43763984874962425E+01
3.83097215831453312E-03  1.43981387156630074E+01
3.83733589944130170E-03  1.44198789438297723E+01
3.84369964056806984E-03  1.44416191719965354E+01
3.85006338169483799E-03  1.44633594001633004E+01
3.85642712282160656E-03  1.44850996283300653E+01
3.86279086394837471E-03  1.45068398564968302E+01
3.86915460507514328E-03  1.45285800846635951E+01
3.87551834620191143E-03  1.45503203128303582E+01
3.88188208732868001E-03  1.45720605409971249E+01
3.88824582845544815E-03  1.45938007691638880E+01
3.89460956958221629E-03  1.46155409973306529E+01
3.90097331070898487E-03  1.46372812254974178E+01
3.90733705183575301E-03  1.46590214536641810E+01
3.91370079296252116E-03  1.46807616818309459E+01
3.92006453408929017E-03  1.47025019099977126E+01
3.92642827521605831E-03  1.47242421381644757E+01
3.93279201634282646E-03  1.47459823663312406E+01
3.93915575746959460E-03  1.47677225944980037E+01
3.94551949859636274E-03  1.47894628226647686E+01
3.95188323972313175E-03  1.48112030508315353E+01
3.95824698084989990E-03  1.48329432789982985E+01
3.96461072197666804E-03  1.48546835071650634E+01
3.97097446310343619E-03  1.48764237353318265E+01
3.97733820423020433E-03  1.48981639634985914E+01
3.98370194535697334E-03  1.49199041916653581E+01
3.99006568648374148E-03  1.49416444198321212E+01
3.99642942761050963E-03  1.49633846479988861E+01
4.00279316873727777E-03  1.49851248761656493E+01
4.00915690986404678E-03  1.50068651043324159E+01
4.01552065099081493E-03  1.50286053324991808E+01
4.02188439211758307E-03  1.50503455606659440E+01
4.02824813324435121E-03  1.50720857888327089E+01
4.03461187437111936E-03  1.50938260169994720E+01
4.04097561549788837E-03  1.51155662451662387E+01
4.04733935662465651E-03  1.51373064733330036E+01
4.05370309775142466E-03  1.51590467014997667E+01
4.06006683887819280E-03  1.51807869296665316E+01
4.06643058000496094E-03  1.52025271578332948E+01
4.07279432113172996E-03  1.52242673860000615E+01
4.07915806225849810E-03  1.52460076141668264E+01
4.08552180338526624E-03  1.52677478423335895E+01
4.09188554451203439E-03  1.52894880705003544E+01
4.09824928563880253E-03  1.53112282986671175E+01
4.10461302676557154E-03  1.53329685268338842E+01
4.11097676789233969E-03  1.53547087550006491E+01
4.11734050901910783E-03  1.53764489831674123E+01
4.12370425014587597E-03  1.53981892113341772E+01
4.13006799127264498E-03  1.54199294395009439E+01
4.13643173239941313E-03  1.54416696676677070E+01
4.14279547352618127E-03  1.54634098958344719E+01
4.14915921465294942E-03  1.54851501240012350E+01
4.15552295577971756E-03  1.55068903521679999E+01
4.16188669690648657E-03  1.55286305803347666E+01
4.16825043803325471E-03  1.55503708085015298E+01
4.17461417916002286E-03  1.55721110366682947E+01
4.18097792028679100E-03  1.55938512648350578E+01
4.18734166141355914E-03  1.56155914930018227E+01
4.19370540254032816E-03  1.56373317211685894E+01
4.20006914366709630E-03  1.56590719493353525E+01
4.20643288479386444E-03  1.56808121775021174E+01
4.21279662592063259E-03  1.57025524056688806E+01
4.21916036704740073E-03  1.57242926338356455E+01
4.22552410817416974E-03  1.57460328620024121E+01
4.23188784930093789E-03  1.57677730901691753E+01
4.23825159042770603E-03  1.57895133183359402E+01
4.24461533155447417E-03  1.58112535465027033E+01
4.25097907268124318E-03  1.58329937746694700E+01
4.25734281380801133E-03  1.58547340028362349E+01
4.26370655493477947E-03  1.58764742310029980E+01
4.27007029606154762E-03  1.58982144591697629E+01
4.27643403718831576E-03  1.59199546873365261E+01
4.28279777831508477E-03  1.59416949155032928E+01
4.28916151944185291E-03  1.59634351436700577E+01
4.29552526056862106E-03  1.59851753718368208E+01
4.30188900169538920E-03  1.60069156000035875E+01
4.30825274282215735E-03  1.60286558281703506E+01
4.31461648394892636E-03  1.60503960563371137E+01
4.32098022507569450E-03  1.60721362845038804E+01
4.32734396620246264E-03  1.60938765126706436E+01
4.33370770732923079E-03  1.61156167408374102E+01
4.34007144845599980E-03  1.61373569690041734E+01
4.34643518958276794E-03  1.61590971971709365E+01
4.35279893070953609E-03  1.61808374253377032E+01
4.35916267183630423E-03  1.62025776535044663E+01
4.36552641296307237E-03  1.62243178816712330E+01
4.37189015408984138E-03  1.62460581098379961E+01
4.37825389521660953E-03  1.62677983380047593E+01
4.38461763634337767E-03  1.62895385661715260E+01
4.39098137747014582E-03  1.63112787943382891E+01
4.39734511859691396E-03  1.63330190225050558E+01
4.40370885972368297E-03  1.63547592506718189E+01
4.41007260085045111E-03  1.63764994788385820E+01
4.41643634197721926E-03  1.63982397070053487E+01
4.42280008310398740E-03  1.64199799351721119E+01
4.42916382423075555E-03  1.64417201633388785E+01
4.43552756535752456E-03  1.64634603915056417E+01
4.44189130648429270E-03  1.64852006196724048E+01
4.44825504761106084E-03  1.65069408478391715E+01
4.45461878873782899E-03  1.65286810760059346E+01
4.46098252986459800E-03  1.65504213041727013E+01
4.46734627099136614E-03  1.65721615323394644E+01
4.47371001211813429E-03  1.65939017605062276E+01
4.48007375324490243E-03  1.66156419886729942E+01
4.48643749437167057E-03  1.66373822168397574E+01
4.49280123549843959E-03  1.66591224450065241E+01
4.49916497662520773E-03  1.66808626731732872E+01
4.50552871775197587E-03  1.67026029013400503E+01
4.51189245887874402E-03  1.67243431295068170E+01
4.51825620000551216E-03  1.67460833576735801E+01
4.52461994113228117E-03  1.67678235858403468E+01
4.53098368225904932E-03  1.67895638140071100E+01
4.53734742338581746E-03  1.68113040421738731E+01
4.54371116451258560E-03  1.68330442703406398E+01
4.55007490563935461E-03  1.68547844985074065E+01
4.55643864676612276E-03  1.68765247266741696E+01
4.56280238789289090E-03  1.68982649548409327E+01
4.56916612901965905E-03  1.69200051830076958E+01
4.57552987014642719E-03  1.69417454111744625E+01
4.58189361127319620E-03  1.69634856393412292E+01
4.58825735239996434E-03  1.69852258675079923E+01
4.59462109352673249E-03  1.70069660956747555E+01
4.60098483465350063E-03  1.70287063238415186E+01
4.60734857578026877E-03  1.70504465520082853E+01
4.61371231690703779E-03  1.70721867801750520E+01
4.62007605803380593E-03  1.70939270083418151E+01
4.62643979916057407E-03  1.71156672365085782E+01
4.63280354028734222E-03  1.71374074646753414E+01
4.63916728141411036E-03  1.71591476928421081E+01
4.64553102254087937E-03  1.71808879210088747E+01
4.65189476366764752E-03  1.72026281491756379E+01
4.65825850479441566E-03  1.72243683773424010E+01
4.66462224592118380E-03  1.72461086055091641E+01
4.67098598704795281E-03  1.72678488336759344E+01
4.67734972817472096E-03  1.72895890618426975E+01
4.68371346930148910E-03  1.73113292900094606E+01
4.69007721042825725E-03  1.73330695181762238E+01
4.69644095155502539E-03  1.73548097463429905E+01
4.70280469268179440E-03  1.73765499745097571E+01
4.70916843380856254E-03  1.73982902026765203E+01
4.71553217493533069E-03  1.74200304308432834E+01
4.72189591606209883E-03  1.74417706590100465E+01
4.72825965718886698E-03  1.74635108871768132E+01
4.73462339831563599E-03  1.74852511153435799E+01
4.74098713944240413E-03  1.75069913435103430E+01
4.74735088056917227E-03  1.75287315716771062E+01
4.75371462169594042E-03  1.75504717998438693E+01
4.76007836282270943E-03  1.75722120280106395E+01
4.76644210394947757E-03  1.75939522561774027E+01
4.77280584507624572E-03  1.76156924843441658E+01
4.77916958620301386E-03  1.76374327125109289E+01
4.78553332732978200E-03  1.76591729406776921E+01
4.79189706845655101E-03  1.76809131688444623E+01
4.79826080958331916E-03  1.77026533970112254E+01
4.80462455071008730E-03  1.77243936251779886E+01
4.81098829183685545E-03  1.77461338533447517E+01
4.81735203296362359E-03  1.77678740815115148E+01
4.82371577409039260E-03  1.77896143096782851E+01
4.83007951521716074E-03  1.78113545378450482E+01
4.83644325634392889E-03  1.78330947660118113E+01
4.84280699747069703E-03  1.78548349941785744E+01
4.84917073859746518E-03  1.78765752223453376E+01
4.85553447972423419E-03  1.78983154505121078E+01
4.86189822085100233E-03  1.79200556786788709E+01
4.86826196197777047E-03  1.79417959068456341E+01
4.87462570310453862E-03  1.79635361350123972E+01
4.88098944423130763E-03  1.79852763631791639E+01
4.88735318535807577E-03  1.80070165913459306E+01
4.89371692648484392E-03  1.80287568195126937E+01
4.90008066761161206E-03  1.80504970476794568E+01
4.90644440873838020E-03  1.80722372758462200E+01
4.91280814986514922E-03  1.80939775040129867E+01
4.91917189099191736E-03  1.81157177321797498E+01
4.92553563211868550E-03  1.81374579603465165E+01
4.93189937324545365E-03  1.81591981885132796E+01
4.93826311437222179E-03  1.81809384166800427E+01
4.94462685549899080E-03  1.82026786448468094E+01
4.95099059662575895E-03  1.82244188730135726E+01
4.95735433775252709E-03  1.82461591011803392E+01
4.96371807887929523E-03  1.82678993293471024E+01
4.97008182000606424E-03  1.82896395575138691E+01
4.97644556113283239E-03  1.83113797856806322E+01
4.98280930225960053E-03  1.83331200138473953E+01
4.98917304338636868E-03  1.83548602420141620E+01
4.99553678451313682E-03  1.83766004701809251E+01
5.00190052563990583E-03  1.83983406983476918E+01
5.00826426676667397E-03  1.84200809265144549E+01
5.01462800789344212E-03  1.84418211546812181E+01
5.02099174902021026E-03  1.84635613828479848E+01
5.02735549014697840E-03  1.84853016110147479E+01
5.03371923127374742E-03  1.85070418391815146E+01
5.04008297240051556E-03  1.85287820673482777E+01
5.04644671352728370E-03  1.85505222955150408E+01
5.05281045465405185E-03  1.85722625236818075E+01
5.05917419578081999E-03  1.85940027518485707E+01
5.06553793690758900E-03  1.86157429800153373E+01
5.07190167803435715E-03  1.86374832081821005E+01
5.07826541916112529E-03  1.86592234363488636E+01
5.08462916028789343E-03  1.86809636645156303E+01
5.09099290141466244E-03  1.87027038926823970E+01
5.09735664254143059E-03  1.87244441208491601E+01
5.10372038366819873E-03  1.87461843490159232E+01
5.11008412479496688E-03  1.87679245771826864E+01
5.11644786592173502E-03  1.87896648053494530E+01
5.12281160704850403E-03  1.88114050335162197E+01
5.12917534817527217E-03  1.88331452616829829E+01
5.13553908930204032E-03  1.88548854898497460E+01
5.14190283042880846E-03  1.88766257180165091E+01
5.14826657155557661E-03  1.88983659461832758E+01
5.15463031268234562E-03  1.89201061743500425E+01
5.16099405380911376E-03  1.89418464025168056E+01
5.16735779493588190E-03  1.89635866306835688E+01
5.17372153606265005E-03  1.89853268588503319E+01
5.18008527718941819E-03  1.90070670870170986E+01
5.18644901831618720E-03  1.90288073151838653E+01
5.19281275944295535E-03  1.90505475433506284E+01
5.19917650056972349E-03  1.90722877715173915E+01
5.20554024169649163E-03  1.90940279996841547E+01
5.21190398282326064E-03  1.91157682278509249E+01
5.21826772395002879E-03  1.91375084560176880E+01
5.22463146507679693E-03  1.91592486841844512E+01
5.23099520620356508E-03  1.91809889123512143E+01
5.23735894733033322E-03  1.92027291405179774E+01
5.24372268845710223E-03  1.92244693686847476E+01
5.25008642958387037E-03  1.92462095968515108E+01
5.25645017071063852E-03  1.92679498250182739E+01
5.26281391183740666E-03  1.92896900531850370E+01
5.26917765296417481E-03  1.93114302813518002E+01
5.27554139409094382E-03  1.93331705095185704E+01
5.28190513521771196E-03  1.93549107376853335E+01
5.28826887634448010E-03  1.93766509658520967E+01
5.29463261747124825E-03  1.93983911940188598E+01
5.30099635859801726E-03  1.94201314221856265E+01
5.30736009972478540E-03  1.94418716503523932E+01
5.31372384085155355E-03  1.94636118785191563E+01
5.32008758197832169E-03  1.94853521066859194E+01
5.32645132310508983E-03  1.95070923348526826E+01
5.33281506423185885E-03  1.95288325630194493E+01
5.33917880535862699E-03  1.95505727911862159E+01
5.34554254648539513E-03  1.95723130193529791E+01
5.35190628761216328E-03  1.95940532475197422E+01
5.35827002873893142E-03  1.96157934756865053E+01
5.36463376986570043E-03  1.96375337038532720E+01
5.37099751099246858E-03  1.96592739320200387E+01
5.37736125211923672E-03  1.96810141601868018E+01
5.38372499324600486E-03  1.97027543883535650E+01
5.39008873437277301E-03  1.97244946165203281E+01
5.39645247549954202E-03  1.97462348446870948E+01
5.40281621662631016E-03  1.97679750728538615E+01
5.40917995775307830E-03  1.97897153010206246E+01
5.41554369887984645E-03  1.98114555291873877E+01
5.42190744000661546E-03  1.98331957573541544E+01
5.42827118113338360E-03  1.98549359855209175E+01
5.43463492226015175E-03  1.98766762136876842E+01
5.44099866338691989E-03  1.98984164418544474E+01
5.44736240451368803E-03  1.99201566700212105E+01
5.45372614564045705E-03  1.99418968981879772E+01
5.46008988676722519E-03  1.99636371263547403E+01
5.46645362789399333E-03  1.99853773545215070E+01
5.47281736902076148E-03  2.00071175826882701E+01
5.47918111014752962E-03  2.00288578108550333E+01
5.48554485127429863E-03  2.00505980390217999E+01
5.49190859240106678E-03  2.00723382671885631E+01
5.49827233352783492E-03  2.00940784953553297E+01
5.50463607465460306E-03  2.01158187235220929E+01
5.51099981578137207E-03  2.01375589516888596E+01
5.51736355690814022E-03  2.01592991798556227E+01
5.52372729803490836E-03  2.01810394080223858E+01
5.53009103916167651E-03  2.02027796361891490E+01
5.53645478028844465E-03  2.02245198643559156E+01
5.54281852141521366E-03  2.02462600925226823E+01
5.54918226254198180E-03  2.02680003206894455E+01
5.55554600366874995E-03  2.02897405488562086E+01
5.56190974479551809E-03  2.03114807770229717E+01
5.56827348592228624E-03  2.03332210051897384E+01
5.57463722704905525E-03  2.03549612333565051E+01
5.58100096817582339E-03  2.03767014615232682E+01
5.58736470930259153E-03  2.03984416896900314E+01
5.59372845042935968E-03  2.04201819178567945E+01
5.60009219155612782E-03  2.04419221460235612E+01
5.60645593268289683E-03  2.04636623741903279E+01
5.61281967380966498E-03  2.04854026023570910E+01
5.61918341493643312E-03  2.05071428305238541E+01
5.62554715606320126E-03  2.05288830586906172E+01
5.63191089718997027E-03  2.05506232868573875E+01
5.63827463831673842E-03  2.05723635150241506E+01
5.64463837944350656E-03  2.05941037431909137E+01
5.65100212057027471E-03  2.06158439713576769E+01
5.65736586169704285E-03  2.06375841995244400E+01
5.66372960282381186E-03  2.06593244276912102E+01
5.67009334395058000E-03  2.06810646558579734E+01
5.67645708507734815E-03  2.07028048840247365E+01
5.68282082620411629E-03  2.07245451121914996E+01
5.68918456733088444E-03  2.07462853403582628E+01
5.69554830845765345E-03  2.07680255685250330E+01
5.70191204958442159E-03  2.07897657966917961E+01
5.70827579071118973E-03  2.08115060248585593E+01
5.71463953183795788E-03  2.08332462530253224E+01
5.72100327296472689E-03  2.08549864811920891E+01
5.72736701409149503E-03  2.08767267093588558E+01
5.73373075521826318E-03  2.08984669375256189E+01
5.74009449634503132E-03  2.09202071656923820E+01
5.74645823747179946E-03  2.09419473938591452E+01
5.75282197859856848E-03  2.09636876220259118E+01
5.75918571972533662E-03  2.09854278501926785E+01
5.76554946085210476E-03  2.10071680783594417E+01
5.77191320197887291E-03  2.10289083065262048E+01
5.77827694310564105E-03  2.10506485346929679E+01
5.78464068423241006E-03  2.10723887628597346E+01
5.79100442535917821E-03  2.10941289910265013E+01
5.79736816648594635E-03  2.11158692191932644E+01
5.80373190761271449E-03  2.11376094473600276E+01
5.81009564873948264E-03  2.11593496755267907E+01
5.81645938986625165E-03  2.11810899036935574E+01
5.82282313099301979E-03  2.12028301318603241E+01
5.82918687211978793E-03  2.12245703600270872E+01
5.83555061324655608E-03  2.12463105881938503E+01
5.84191435437332509E-03  2.12680508163606170E+01
5.84827809550009323E-03  2.12897910445273801E+01
5.85464183662686138E-03  2.13115312726941468E+01
5.86100557775362952E-03  2.13332715008609100E+01
5.86736931888039766E-03  2.13550117290276731E+01
5.87373306000716668E-03  2.13767519571944398E+01
5.88009680113393482E-03  2.13984921853612029E+01
5.88646054226070296E-03  2.14202324135279696E+01
5.89282428338747111E-03  2.14419726416947327E+01
5.89918802451423925E-03  2.14637128698614958E+01
5.90555176564100826E-03  2.14854530980282625E+01
5.91191550676777641E-03  2.15071933261950257E+01
5.91827924789454455E-03  2.15289335543617923E+01
5.92464298902131269E-03  2.15506737825285555E+01
5.93100673014808170E-03  2.15724140106953222E+01
5.93737047127484985E-03  2.15941542388620853E+01
5.94373421240161799E-03  2.16158944670288484E+01
5.95009795352838614E-03  2.16376346951956151E+01
5.95646169465515428E-03  2.16593749233623782E+01
5.96282543578192329E-03  2.16811151515291449E+01
5.96918917690869143E-03  2.17028553796959081E+01
5.97555291803545958E-03  2.17245956078626712E+01
5.98191665916222772E-03  2.17463358360294379E+01
5.98828040028899587E-03  2.17680760641962010E+01
5.99464414141576488E-03  2.17898162923629677E+01
6.00100788254253302E-03  2.18115565205297308E+01
6.00737162366930116E-03  2.18332967486964939E+01
6.01373536479606931E-03  2.18550369768632606E+01
6.02009910592283745E-03  2.18767772050300238E+01
6.02646284704960646E-03  2.18985174331967904E+01
6.03282658817637461E-03  2.19202576613635536E+01
6.03919032930314275E-03  2.19419978895303167E+01
6.04555407042991089E-03  2.19637381176970834E+01
6.05191781155667990E-03  2.19854783458638501E+01
6.05828155268344805E-03  2.20072185740306132E+01
6.06464529381021619E-03  2.20289588021973763E+01
6.07100903493698434E-03  2.20506990303641395E+01
6.07737277606375248E-03  2.20724392585309062E+01
6.08373651719052149E-03  2.20941794866976728E+01
6.09010025831728963E-03  2.21159197148644360E+01
6.09646399944405778E-03  2.21376599430311991E+01
6.10282774057082592E-03  2.21594001711979622E+01
6.10919148169759407E-03  2.21811403993647289E+01
6.11555522282436308E-03  2.22028806275314956E+01
6.12191896395113122E-03  2.22246208556982587E+01
6.12828270507789936E-03  2.22463610838650219E+01
6.13464644620466751E-03  2.22681013120317850E+01
6.14101018733143565E-03  2.22898415401985481E+01
6.14737392845820466E-03  2.23115817683653184E+01
6.15373766958497281E-03  2.23333219965320815E+01
6.16010141071174095E-03  2.23550622246988446E+01
6.16646515183850909E-03  2.23768024528656078E+01
6.17282889296527811E-03  2.23985426810323744E+01
6.17919263409204625E-03  2.24202829091991411E+01
6.18555637521881439E-03  2.24420231373659043E+01
6.19192011634558254E-03  2.24637633655326674E+01
6.19828385747235068E-03  2.24855035936994305E+01
6.20464759859911969E-03  2.25072438218661972E+01
6.21101133972588784E-03  2.25289840500329639E+01
6.21737508085265598E-03  2.25507242781997270E+01
6.22373882197942412E-03  2.25724645063664902E+01
6.23010256310619227E-03  2.25942047345332533E+01
6.23646630423296128E-03  2.26159449627000200E+01
6.24283004535972942E-03  2.26376851908667867E+01
6.24919378648649756E-03  2.26594254190335498E+01
6.25555752761326571E-03  2.26811656472003129E+01
6.26192126874003472E-03  2.27029058753670796E+01
6.26828500986680286E-03  2.27246461035338427E+01
6.27464875099357101E-03  2.27463863317006094E+01
6.28101249212033915E-03  2.27681265598673725E+01
6.28737623324710729E-03  2.27898667880341357E+01
6.29373997437387631E-03  2.28116070162009024E+01
6.30010371550064445E-03  2.28333472443676655E+01
6.30646745662741259E-03  2.28550874725344322E+01
6.31283119775418074E-03  2.28768277007011953E+01
6.31919493888094888E-03  2.28985679288679584E+01
6.32555868000771789E-03  2.29203081570347251E+01
6.33192242113448604E-03  2.29420483852014883E+01
6.33828616226125418E-03  2.29637886133682549E+01
6.34464990338802232E-03  2.29855288415350181E+01
6.35101364451479047E-03  2.30072690697017812E+01
6.35737738564155948E-03  2.30290092978685479E+01
