0.00000000000000000E+00  0.00000000000000000E+00
6.60043281641101848E-06  1.87260233107626878E-01
1.32008656328220370E-05  3.74520466215253756E-01
1.98012984492330554E-05  5.61780699322880661E-01
2.64017312656440739E-05  7.49040932430507511E-01
3.30021640820550924E-05  9.36301165538134361E-01
3.96025968984661109E-05  1.12356139864576132E+00
4.62030297148771293E-05  1.31082163175338806E+00
5.28034625312881478E-05  1.49808186486101502E+00
5.94038953476991663E-05  1.68534209796864176E+00
6.60043281641101848E-05  1.87260233107626872E+00
7.26047609805212033E-05  2.05986256418389546E+00
7.92051937969322217E-05  2.24712279729152264E+00
8.58056266133432402E-05  2.43438303039914938E+00
9.24060594297542587E-05  2.62164326350677612E+00
9.90064922461652772E-05  2.80890349661440286E+00
1.05606925062576296E-04  2.99616372972203004E+00
1.12207357878987314E-04  3.18342396282965678E+00
1.18807790695398333E-04  3.27347251284128582E+00
1.25408223511809351E-04  3.30119491871692450E+00
1.32008656328220370E-04  3.32891732459256273E+00
1.38609089144631388E-04  3.35663973046820097E+00
1.45209521961042407E-04  3.38436213634383920E+00
1.51809954777453425E-04  3.41208454221947743E+00
1.58410387593864443E-04  3.43980694809511611E+00
1.65010820410275462E-04  3.46752935397075390E+00
1.71611253226686480E-04  3.49525175984639258E+00
1.78211686043097499E-04  3.52297416572203081E+00
1.84812118859508517E-04  3.55069657159766905E+00
1.91412551675919536E-04  3.57841897747330728E+00
1.98012984492330554E-04  3.60614138334894552E+00
2.04613417308741573E-04  3.63386378922458420E+00
2.11213850125152591E-04  3.66158619510022199E+00
2.17814282941563610E-04  3.68930860097586066E+00
2.24414715757974628E-04  3.71703100685149890E+00
2.31015148574385647E-04  3.74475341272713713E+00
2.37615581390796665E-04  3.77247581860277537E+00
2.44216014207207684E-04  3.80019822447841360E+00
2.50816447023618702E-04  3.82792063035405228E+00
2.57416879840029721E-04  3.85564303622969007E+00
2.64017312656440739E-04  3.88336544210532875E+00
2.70617745472851758E-04  3.91108784798096698E+00
2.77218178289262776E-04  3.93881025385660521E+00
2.83818611105673795E-04  3.96653265973224345E+00
2.90419043922084813E-04  3.99425506560788168E+00
2.97019476738495831E-04  4.02197747148352036E+00
3.03619909554906850E-04  4.04969987735915815E+00
3.10220342371317868E-04  4.07742228323479683E+00
3.16820775187728887E-04  4.10514468911043551E+00
3.23421208004139905E-04  4.13286709498607330E+00
3.30021640820550924E-04  4.16058950086171109E+00
3.36622073636961942E-04  4.18831190673734977E+00
3.43222506453372961E-04  4.21603431261298844E+00
3.49822939269783979E-04  4.24375671848862623E+00
3.56423372086194998E-04  4.27147912436426491E+00
3.63023804902606016E-04  4.29920153023990359E+00
3.69624237719017035E-04  4.32692393611554138E+00
3.76224670535428053E-04  4.35464634199117917E+00
3.82825103351839072E-04  4.38236874786681785E+00
3.89425536168250090E-04  4.41009115374245653E+00
3.96025968984661109E-04  4.43781355961809432E+00
4.02626401801072127E-04  4.46553596549373299E+00
4.09226834617483146E-04  4.49325837136937167E+00
4.15827267433894164E-04  4.52098077724500946E+00
4.22427700250305183E-04  4.54870318312064725E+00
4.29028133066716201E-04  4.57642558899628593E+00
4.35628565883127220E-04  4.60414799487192461E+00
4.42228998699538238E-04  4.63187040074756240E+00
4.48829431515949256E-04  4.65959280662320108E+00
4.55429864332360275E-04  4.68731521249883976E+00
4.62030297148771293E-04  4.71503761837447755E+00
4.68630729965182312E-04  4.74276002425011534E+00
4.75231162781593330E-04  4.77048243012575401E+00
4.81831595598004349E-04  4.79820483600139269E+00
4.88432028414415367E-04  4.82592724187703048E+00
4.95032461230826386E-04  4.85364964775266916E+00
5.01632894047237404E-04  4.88137205362830784E+00
5.08233326863648423E-04  4.90909445950394563E+00
5.14833759680059441E-04  4.93681686537958342E+00
5.21434192496470460E-04  4.96453927125522210E+00
5.28034625312881478E-04  4.99226167713086078E+00
5.34635058129292497E-04  5.01998408300649857E+00
5.41235490945703515E-04  5.04770648888213724E+00
5.47835923762114534E-04  5.07542889475777592E+00
5.54436356578525552E-04  5.10315130063341371E+00
5.61036789394936571E-04  5.13087370650905150E+00
5.67637222211347589E-04  5.15859611238469018E+00
5.74237655027758608E-04  5.18631851826032886E+00
5.80838087844169626E-04  5.21404092413596665E+00
5.87438520660580644E-04  5.24176333001160533E+00
5.94038953476991663E-04  5.26948573588724400E+00
6.00639386293402681E-04  5.29720814176288179E+00
6.07239819109813700E-04  5.32493054763851958E+00
6.13840251926224718E-04  5.35265295351415826E+00
6.20440684742635737E-04  5.38037535938979694E+00
6.27041117559046755E-04  5.40809776526543473E+00
6.33641550375457774E-04  5.43582017114107341E+00
6.40241983191868792E-04  5.46354257701671209E+00
6.46842416008279811E-04  5.49126498289234988E+00
6.53442848824690829E-04  5.51898738876798767E+00
6.60043281641101848E-04  5.54670979464362635E+00
6.66643714457512866E-04  5.57443220051926502E+00
6.73244147273923885E-04  5.60215460639490281E+00
6.79844580090334903E-04  5.62987701227054149E+00
6.86445012906745922E-04  5.65759941814618017E+00
6.93045445723156940E-04  5.68532182402181796E+00
6.99645878539567959E-04  5.71304422989745575E+00
7.06246311355978977E-04  5.74076663577309443E+00
7.12846744172389996E-04  5.76848904164873311E+00
7.19447176988801014E-04  5.79621144752437090E+00
7.26047609805212033E-04  5.82393385340000957E+00
7.32648042621623051E-04  5.85165625927564825E+00
7.39248475438034069E-04  5.87937866515128604E+00
7.45848908254445088E-04  5.90710107102692383E+00
7.52449341070856106E-04  5.93482347690256251E+00
7.59049773887267125E-04  5.96254588277820119E+00
7.65650206703678143E-04  5.99026828865383898E+00
7.72250639520089162E-04  6.01799069452947766E+00
7.78851072336500180E-04  6.04571310040511634E+00
7.85451505152911199E-04  6.07343550628075413E+00
7.92051937969322217E-04  6.10115791215639192E+00
7.98652370785733236E-04  6.12888031803203059E+00
8.05252803602144254E-04  6.15660272390766927E+00
8.11853236418555273E-04  6.18432512978330706E+00
8.18453669234966291E-04  6.21204753565894574E+00
8.25054102051377310E-04  6.23976994153458442E+00
8.31654534867788328E-04  6.26749234741022221E+00
8.38254967684199347E-04  6.29521475328586000E+00
8.44855400500610365E-04  6.32293715916149868E+00
8.51455833317021384E-04  6.35065956503713736E+00
8.58056266133432402E-04  6.37838197091277515E+00
8.64656698949843421E-04  6.40610437678841382E+00
8.71257131766254439E-04  6.43382678266405250E+00
8.77857564582665457E-04  6.46154918853969029E+00
8.84457997399076476E-04  6.48927159441532808E+00
8.91058430215487494E-04  6.51699400029096676E+00
8.97658863031898513E-04  6.54471640616660544E+00
9.04259295848309531E-04  6.57243881204224323E+00
9.10859728664720550E-04  6.60016121791788191E+00
9.17460161481131568E-04  6.62788362379352058E+00
9.24060594297542587E-04  6.65560602966915837E+00
9.30661027113953605E-04  6.68332843554479616E+00
9.37261459930364624E-04  6.71105084142043484E+00
9.43861892746775642E-04  6.73877324729607352E+00
9.50462325563186661E-04  6.76649565317171131E+00
9.57062758379597679E-04  6.79421805904734999E+00
9.63663191196008698E-04  6.82194046492298778E+00
9.70263624012419716E-04  6.84966287079862646E+00
9.76864056828830735E-04  6.87738527667426514E+00
9.83464489645241753E-04  6.90501008947051975E+00
9.90064922461652772E-04  6.92401172559630851E+00
9.96665355278063790E-04  6.94301336172209638E+00
1.00326578809447481E-03  6.96201499784788425E+00
1.00986622091088583E-03  6.98101663397367211E+00
1.01646665372729685E-03  7.00001827009945998E+00
1.02306708654370786E-03  7.01901990622524785E+00
1.02966751936011888E-03  7.03802154235103572E+00
1.03626795217652990E-03  7.05702317847682359E+00
1.04286838499294092E-03  7.07602481460261146E+00
1.04946881780935194E-03  7.09502645072839933E+00
1.05606925062576296E-03  7.11402808685418719E+00
1.06266968344217397E-03  7.13302972297997506E+00
1.06927011625858499E-03  7.15203135910576293E+00
1.07587054907499601E-03  7.17103299523155080E+00
1.08247098189140703E-03  7.19003463135733867E+00
1.08907141470781805E-03  7.20903626748312654E+00
1.09567184752422907E-03  7.22803790360891441E+00
1.10227228034064009E-03  7.24703953973470227E+00
1.10887271315705110E-03  7.26604117586049014E+00
1.11547314597346212E-03  7.28504281198627801E+00
1.12207357878987314E-03  7.30404444811206588E+00
1.12867401160628416E-03  7.32304608423785375E+00
1.13527444442269518E-03  7.34204772036364162E+00
1.14187487723910620E-03  7.36104935648942948E+00
1.14847531005551722E-03  7.38005099261521735E+00
1.15507574287192823E-03  7.39905262874100522E+00
1.16167617568833925E-03  7.41805426486679309E+00
1.16827660850475027E-03  7.43705590099258096E+00
1.17487704132116129E-03  7.45605753711836883E+00
1.18147747413757231E-03  7.47505917324415670E+00
1.18807790695398333E-03  7.49406080936994456E+00
1.19467833977039434E-03  7.51306244549573332E+00
1.20127877258680536E-03  7.53206408162152119E+00
1.20787920540321638E-03  7.55106571774730906E+00
1.21447963821962740E-03  7.57006735387309693E+00
1.22108007103603842E-03  7.58906898999888480E+00
1.22768050385244944E-03  7.60807062612467266E+00
1.23428093666886046E-03  7.62707226225046053E+00
1.24088136948527147E-03  7.64607389837624840E+00
1.24748180230168249E-03  7.66507553450203627E+00
1.25408223511809351E-03  7.68407717062782414E+00
1.26068266793450453E-03  7.70307880675361289E+00
1.26728310075091555E-03  7.72208044287940076E+00
1.27388353356732657E-03  7.74108207900518863E+00
1.28048396638373758E-03  7.76008371513097650E+00
1.28708439920014860E-03  7.77908535125676437E+00
1.29368483201655962E-03  7.79808698738255224E+00
1.30028526483297064E-03  7.81708862350834011E+00
1.30688569764938166E-03  7.83609025963412797E+00
1.31348613046579268E-03  7.85509189575991584E+00
1.32008656328220370E-03  7.87409353188570371E+00
1.32668699609861471E-03  7.89309516801149158E+00
1.33328742891502573E-03  7.91209680413727945E+00
1.33988786173143675E-03  7.93109844026306732E+00
1.34648829454784777E-03  7.95010007638885519E+00
1.35308872736425879E-03  7.96910171251464305E+00
1.35968916018066981E-03  7.98810334864043092E+00
1.36628959299708082E-03  8.00710498476621879E+00
1.37289002581349184E-03  8.02610662089200666E+00
1.37949045862990286E-03  8.04510825701779453E+00
1.38609089144631388E-03  8.06410989314358240E+00
1.39269132426272490E-03  8.08311152926937027E+00
1.39929175707913592E-03  8.10211316539515813E+00
1.40589218989554694E-03  8.12111480152094600E+00
1.41249262271195795E-03  8.14011643764673387E+00
1.41909305552836897E-03  8.15911807377252174E+00
1.42569348834477999E-03  8.17811970989830961E+00
1.43229392116119101E-03  8.19712134602409748E+00
1.43889435397760203E-03  8.21612298214988712E+00
1.44549478679401305E-03  8.23512461827567321E+00
1.45209521961042407E-03  8.25412625440146286E+00
1.45869565242683508E-03  8.27312789052724895E+00
1.46529608524324610E-03  8.29212952665303860E+00
1.47189651805965712E-03  8.31113116277882469E+00
1.47849695087606814E-03  8.33013279890461433E+00
1.48509738369247916E-03  8.34913443503040043E+00
1.49169781650889018E-03  8.36813607115619007E+00
1.49829824932530119E-03  8.38713770728197616E+00
1.50489868214171221E-03  8.40613934340776581E+00
1.51149911495812323E-03  8.42514097953355190E+00
1.51809954777453425E-03  8.44414261565934154E+00
1.52469998059094527E-03  8.46314425178512764E+00
1.53130041340735629E-03  8.48214588791091728E+00
1.53790084622376731E-03  8.50114752403670337E+00
1.54450127904017832E-03  8.52014916016249302E+00
1.55110171185658934E-03  8.53915079628827911E+00
1.55770214467300036E-03  8.55815243241406876E+00
1.56430257748941138E-03  8.57715406853985485E+00
1.57090301030582240E-03  8.59615570466564449E+00
1.57750344312223342E-03  8.61515734079143236E+00
1.58410387593864443E-03  8.63415897691722023E+00
1.59070430875505545E-03  8.65316061304300810E+00
1.59730474157146647E-03  8.67216224916879597E+00
1.60390517438787749E-03  8.69116388529458384E+00
1.61050560720428851E-03  8.71016552142037170E+00
1.61710604002069953E-03  8.72916715754615957E+00
1.62370647283711055E-03  8.74816879367194744E+00
1.63030690565352156E-03  8.76717042979773531E+00
1.63690733846993258E-03  8.78617206592352318E+00
1.64350777128634360E-03  8.80517370204931105E+00
1.65010820410275462E-03  8.82417533817509891E+00
1.65670863691916564E-03  8.84317697430088678E+00
1.66330906973557666E-03  8.86217861042667465E+00
1.66990950255198767E-03  8.88118024655246252E+00
1.67650993536839869E-03  8.90018188267825039E+00
1.68311036818480971E-03  8.91918351880403826E+00
1.68971080100122073E-03  8.93818515492982613E+00
1.69631123381763175E-03  8.95718679105561399E+00
1.70291166663404277E-03  8.97618842718140186E+00
1.70951209945045379E-03  8.99519006330719151E+00
1.71611253226686480E-03  9.01419169943297760E+00
1.72271296508327582E-03  9.03319333555876725E+00
1.72931339789968684E-03  9.05219497168455334E+00
1.73591383071609786E-03  9.07119660781034298E+00
1.74251426353250888E-03  9.09019824393612907E+00
1.74911469634891990E-03  9.10919988006191872E+00
1.75571512916533091E-03  9.12820151618770481E+00
1.76231556198174193E-03  9.14720315231349446E+00
1.76891599479815295E-03  9.16620478843928055E+00
1.77551642761456397E-03  9.18520642456507019E+00
1.78211686043097499E-03  9.20420806069085629E+00
1.78871729324738601E-03  9.22320969681664593E+00
1.79531772606379703E-03  9.24221133294243202E+00
1.80191815888020804E-03  9.26121296906822167E+00
1.80851859169661906E-03  9.28021460519400776E+00
1.81511902451303008E-03  9.29921624131979740E+00
1.82171945732944110E-03  9.31821787744558350E+00
1.82831989014585212E-03  9.33721951357137314E+00
1.83492032296226314E-03  9.35622114969715923E+00
1.84152075577867416E-03  9.37522278582294888E+00
1.84812118859508517E-03  9.39422442194873675E+00
1.85472162141149619E-03  9.41322605807452462E+00
1.86132205422790721E-03  9.43222769420031248E+00
1.86792248704431823E-03  9.45122933032610035E+00
1.87452291986072925E-03  9.47023096645188822E+00
1.88112335267714027E-03  9.48923260257767609E+00
1.88772378549355128E-03  9.50823423870346396E+00
1.89432421830996230E-03  9.52723587482925183E+00
1.90092465112637332E-03  9.54623751095503970E+00
1.90752508394278434E-03  9.56523914708082756E+00
1.91412551675919536E-03  9.58424078320661543E+00
1.92072594957560638E-03  9.60324241933240330E+00
1.92732638239201740E-03  9.62224405545819117E+00
1.93392681520842841E-03  9.64124569158397904E+00
1.94052724802483943E-03  9.66024732770976691E+00
1.94712768084125045E-03  9.67924896383555478E+00
1.95372811365766147E-03  9.69825059996134264E+00
1.96032854647407249E-03  9.71725223608713051E+00
1.96692897929048351E-03  9.73625387221291838E+00
1.97352941210689452E-03  9.75525550833870625E+00
1.98012984492330554E-03  9.77425714446449589E+00
1.98673027773971656E-03  9.79325878059028199E+00
1.99333071055612758E-03  9.81226041671607163E+00
1.99993114337253860E-03  9.83126205284185772E+00
2.00653157618894962E-03  9.85026368896764737E+00
2.01313200900536064E-03  9.86926532509343346E+00
2.01973244182177165E-03  9.88826696121922311E+00
2.02633287463818267E-03  9.90726859734500920E+00
2.03293330745459369E-03  9.92627023347079884E+00
2.03953374027100471E-03  9.94527186959658493E+00
2.04613417308741573E-03  9.96427350572237458E+00
2.05273460590382675E-03  9.98327514184816067E+00
2.05933503872023776E-03  1.00022767779739503E+01
2.06593547153664878E-03  1.00212784140997364E+01
2.07253590435305980E-03  1.00402800502255261E+01
2.07913633716947082E-03  1.00592816863513121E+01
2.08573676998588184E-03  1.00782833224771018E+01
2.09233720280229286E-03  1.00972849586028879E+01
2.09893763561870388E-03  1.01162865947286775E+01
2.10553806843511489E-03  1.01352882308544636E+01
2.11213850125152591E-03  1.01542898669802533E+01
2.11873893406793693E-03  1.01732915031060411E+01
2.12533936688434795E-03  1.01922931392318290E+01
2.13193979970075897E-03  1.02112947753576169E+01
2.13854023251716999E-03  1.02302964114834047E+01
2.14514066533358101E-03  1.02492980476091926E+01
2.15174109814999202E-03  1.02682996837349805E+01
2.15834153096640304E-03  1.02873013198607683E+01
2.16494196378281406E-03  1.03063029559865562E+01
2.17154239659922508E-03  1.03253045921123441E+01
2.17814282941563610E-03  1.03443062282381320E+01
2.18474326223204712E-03  1.03633078643639198E+01
2.19134369504845813E-03  1.03823095004897077E+01
2.19794412786486915E-03  1.04013111366154956E+01
2.20454456068128017E-03  1.04203127727412834E+01
2.21114499349769119E-03  1.04393144088670713E+01
2.21774542631410221E-03  1.04583160449928592E+01
2.22434585913051323E-03  1.04773176811186470E+01
2.23094629194692425E-03  1.04963193172444349E+01
2.23754672476333526E-03  1.05153209533702228E+01
2.24414715757974628E-03  1.05343225894960106E+01
2.25074759039615730E-03  1.05533242256218003E+01
2.25734802321256832E-03  1.05723258617475864E+01
2.26394845602897934E-03  1.05913274978733760E+01
2.27054888884539036E-03  1.06103291339991621E+01
2.27714932166180137E-03  1.06293307701249518E+01
2.28374975447821239E-03  1.06483324062507378E+01
2.29035018729462341E-03  1.06673340423765275E+01
2.29695062011103443E-03  1.06863356785023136E+01
2.30355105292744545E-03  1.07053373146281032E+01
2.31015148574385647E-03  1.07243389507538893E+01
2.31675191856026749E-03  1.07433405868796790E+01
2.32335235137667850E-03  1.07623422230054651E+01
2.32995278419308952E-03  1.07813438591312547E+01
2.33655321700950054E-03  1.08003454952570408E+01
2.34315364982591156E-03  1.08193471313828304E+01
2.34975408264232258E-03  1.08383487675086165E+01
2.35635451545873360E-03  1.08573504036344062E+01
2.36295494827514461E-03  1.08763520397601923E+01
2.36955538109155563E-03  1.08953536758859819E+01
2.37615581390796665E-03  1.09143553120117680E+01
2.38275624672437767E-03  1.09333569481375577E+01
2.38935667954078869E-03  1.09523585842633455E+01
2.39595711235719971E-03  1.09713602203891334E+01
2.40255754517361073E-03  1.09903618565149213E+01
2.40915797799002174E-03  1.10093634926407091E+01
2.41575841080643276E-03  1.10283651287664970E+01
2.42235884362284378E-03  1.10473667648922849E+01
2.42895927643925480E-03  1.10663684010180727E+01
2.43555970925566582E-03  1.10853700371438606E+01
2.44216014207207684E-03  1.11043716732696485E+01
2.44876057488848786E-03  1.11233733093954363E+01
2.45536100770489887E-03  1.11423749455212242E+01
2.46196144052130989E-03  1.11613765816470121E+01
2.46856187333772091E-03  1.11803782177727999E+01
2.47516230615413193E-03  1.11993798538985878E+01
2.48176273897054295E-03  1.12183814900243757E+01
2.48836317178695397E-03  1.12373831261501635E+01
2.49496360460336498E-03  1.12563847622759514E+01
2.50156403741977600E-03  1.12753863984017393E+01
2.50816447023618702E-03  1.12943880345275272E+01
2.51476490305259804E-03  1.13133896706533150E+01
2.52136533586900906E-03  1.13323913067791047E+01
2.52796576868542008E-03  1.13513929429048908E+01
2.53456620150183110E-03  1.13703945790306804E+01
2.54116663431824211E-03  1.13893962151564665E+01
2.54776706713465313E-03  1.14083978512822561E+01
2.55436749995106415E-03  1.14273994874080422E+01
2.56096793276747517E-03  1.14464011235338319E+01
2.56756836558388619E-03  1.14654027596596180E+01
2.57416879840029721E-03  1.14844043957854076E+01
2.58076923121670822E-03  1.15034060319111937E+01
2.58736966403311924E-03  1.15224076680369834E+01
2.59397009684953026E-03  1.15414093041627694E+01
2.60057052966594128E-03  1.15604109402885591E+01
2.60717096248235230E-03  1.15794125764143452E+01
2.61377139529876332E-03  1.15984142125401348E+01
2.62037182811517434E-03  1.16174158486659209E+01
2.62697226093158535E-03  1.16364174847917106E+01
2.63357269374799637E-03  1.16554191209174967E+01
2.64017312656440739E-03  1.16744207570432863E+01
2.64677355938081841E-03  1.16934223931690724E+01
2.65337399219722943E-03  1.17124240292948620E+01
2.65997442501364045E-03  1.17314256654206499E+01
2.66657485783005146E-03  1.17504273015464378E+01
2.67317529064646248E-03  1.17694289376722256E+01
2.67977572346287350E-03  1.17884305737980135E+01
2.68637615627928452E-03  1.18074322099238014E+01
2.69297658909569554E-03  1.18264338460495892E+01
2.69957702191210656E-03  1.18454354821753771E+01
2.70617745472851758E-03  1.18644371183011650E+01
2.71277788754492859E-03  1.18834387544269529E+01
2.71937832036133961E-03  1.19024403905527407E+01
2.72597875317775063E-03  1.19214420266785286E+01
2.73257918599416165E-03  1.19404436628043165E+01
2.73917961881057267E-03  1.19594452989301043E+01
2.74578005162698369E-03  1.19784469350558922E+01
2.75238048444339471E-03  1.19974485711816801E+01
2.75898091725980572E-03  1.20164502073074679E+01
2.76558135007621674E-03  1.20354518434332558E+01
2.77218178289262776E-03  1.20544534795590437E+01
2.77878221570903878E-03  1.20734551156848315E+01
2.78538264852544980E-03  1.20924567518106194E+01
2.79198308134186082E-03  1.21114583879364073E+01
2.79858351415827183E-03  1.21304600240621951E+01
2.80518394697468285E-03  1.21494616601879830E+01
2.81178437979109387E-03  1.21684632963137709E+01
2.81838481260750489E-03  1.21874649324395588E+01
2.82498524542391591E-03  1.22064665685653466E+01
2.83158567824032693E-03  1.22254682046911345E+01
2.83818611105673795E-03  1.22444698408169224E+01
2.84478654387314896E-03  1.22634714769427102E+01
2.85138697668955998E-03  1.22824731130684981E+01
2.85798740950597100E-03  1.23014747491942860E+01
2.86458784232238202E-03  1.23204763853200756E+01
2.87118827513879304E-03  1.23394780214458635E+01
2.87778870795520406E-03  1.23584796575716513E+01
2.88438914077161507E-03  1.23774812936974392E+01
2.89098957358802609E-03  1.23964829298232271E+01
2.89759000640443711E-03  1.24154845659490150E+01
2.90419043922084813E-03  1.24344862020748028E+01
2.91079087203725915E-03  1.24534878382005907E+01
2.91739130485367017E-03  1.24724894743263786E+01
2.92399173767008119E-03  1.24914911104521664E+01
2.93059217048649220E-03  1.25104927465779543E+01
2.93719260330290322E-03  1.25294943827037422E+01
2.94379303611931424E-03  1.25484960188295300E+01
2.95039346893572526E-03  1.25674976549553179E+01
2.95699390175213628E-03  1.25864992910811058E+01
2.96359433456854730E-03  1.26055009272068936E+01
2.97019476738495831E-03  1.26245025633326815E+01
2.97679520020136933E-03  1.26435041994584694E+01
2.98339563301778035E-03  1.26625058355842572E+01
2.98999606583419137E-03  1.26815074717100451E+01
2.99659649865060239E-03  1.27005091078358330E+01
3.00319693146701341E-03  1.27195107439616208E+01
3.00979736428342443E-03  1.27385123800874087E+01
3.01639779709983544E-03  1.27575140162131966E+01
3.02299822991624646E-03  1.27765156523389845E+01
3.02959866273265748E-03  1.27955172884647723E+01
3.03619909554906850E-03  1.28145189245905602E+01
3.04279952836547952E-03  1.28335205607163481E+01
3.04939996118189054E-03  1.28525221968421359E+01
3.05600039399830156E-03  1.28715238329679238E+01
3.06260082681471257E-03  1.28905254690937117E+01
3.06920125963112359E-03  1.29095271052194995E+01
3.07580169244753461E-03  1.29285287413452874E+01
3.08240212526394563E-03  1.29475303774710753E+01
3.08900255808035665E-03  1.29665320135968631E+01
3.09560299089676767E-03  1.29855336497226510E+01
3.10220342371317868E-03  1.30045352858484389E+01
3.10880385652958970E-03  1.30235369219742267E+01
3.11540428934600072E-03  1.30425385581000146E+01
3.12200472216241174E-03  1.30615401942258025E+01
3.12860515497882276E-03  1.30805418303515903E+01
3.13520558779523378E-03  1.30995434664773800E+01
3.14180602061164480E-03  1.31185451026031679E+01
3.14840645342805581E-03  1.31375467387289557E+01
3.15500688624446683E-03  1.31565483748547436E+01
3.16160731906087785E-03  1.31755500109805315E+01
3.16820775187728887E-03  1.31945516471063193E+01
3.17480818469369989E-03  1.32135532832321072E+01
3.18140861751011091E-03  1.32325549193578951E+01
3.18800905032652192E-03  1.32515565554836829E+01
3.19460948314293294E-03  1.32705581916094708E+01
3.20120991595934396E-03  1.32895598277352587E+01
3.20781034877575498E-03  1.33085614638610465E+01
3.21441078159216600E-03  1.33275630999868344E+01
3.22101121440857702E-03  1.33465647361126223E+01
3.22761164722498804E-03  1.33655663722384102E+01
3.23421208004139905E-03  1.33845680083641980E+01
3.24081251285781007E-03  1.34035696444899859E+01
3.24741294567422109E-03  1.34225712806157738E+01
3.25401337849063211E-03  1.34415729167415616E+01
3.26061381130704313E-03  1.34605745528673495E+01
3.26721424412345415E-03  1.34795761889931374E+01
3.27381467693986516E-03  1.34985778251189252E+01
3.28041510975627618E-03  1.35175794612447131E+01
3.28701554257268720E-03  1.35365810973705010E+01
3.29361597538909822E-03  1.35555827334962888E+01
3.30021640820550924E-03  1.35745843696220767E+01
3.30681684102192026E-03  1.35935860057478646E+01
3.31341727383833128E-03  1.36125876418736524E+01
3.32001770665474229E-03  1.36315892779994403E+01
3.32661813947115331E-03  1.36505909141252282E+01
3.33321857228756433E-03  1.36695925502510160E+01
3.33981900510397535E-03  1.36885941863768039E+01
3.34641943792038637E-03  1.37075958225025918E+01
3.35301987073679739E-03  1.37265974586283797E+01
3.35962030355320840E-03  1.37455990947541675E+01
3.36622073636961942E-03  1.37646007308799554E+01
3.37282116918603044E-03  1.37836023670057433E+01
3.37942160200244146E-03  1.38026040031315311E+01
3.38602203481885248E-03  1.38216056392573190E+01
3.39262246763526350E-03  1.38406072753831069E+01
3.39922290045167452E-03  1.38596089115088947E+01
3.40582333326808553E-03  1.38786105476346844E+01
3.41242376608449655E-03  1.38976121837604722E+01
3.41902419890090757E-03  1.39166138198862601E+01
3.42562463171731859E-03  1.39356154560120480E+01
3.43222506453372961E-03  1.39546170921378359E+01
3.43882549735014063E-03  1.39736187282636237E+01
3.44542593016655165E-03  1.39926203643894116E+01
3.45202636298296266E-03  1.40116220005151995E+01
3.45862679579937368E-03  1.40306236366409873E+01
3.46522722861578470E-03  1.40496252727667752E+01
3.47182766143219572E-03  1.40686269088925631E+01
3.47842809424860674E-03  1.40876285450183509E+01
3.48502852706501776E-03  1.41066301811441388E+01
3.49162895988142877E-03  1.41256318172699267E+01
3.49822939269783979E-03  1.41446334533957145E+01
3.50482982551425081E-03  1.41636350895215024E+01
3.51143025833066183E-03  1.41826367256472903E+01
3.51803069114707285E-03  1.42016383617730781E+01
3.52463112396348387E-03  1.42206399978988660E+01
3.53123155677989489E-03  1.42396416340246539E+01
3.53783198959630590E-03  1.42586432701504418E+01
3.54443242241271692E-03  1.42776449062762296E+01
3.55103285522912794E-03  1.42966465424020175E+01
3.55763328804553896E-03  1.43156481785278054E+01
3.56423372086194998E-03  1.43346498146535932E+01
3.57083415367836100E-03  1.43536514507793811E+01
3.57743458649477201E-03  1.43726530869051690E+01
3.58403501931118303E-03  1.43916547230309568E+01
3.59063545212759405E-03  1.44106563591567447E+01
3.59723588494400507E-03  1.44296579952825326E+01
3.60383631776041609E-03  1.44486596314083204E+01
3.61043675057682711E-03  1.44676612675341083E+01
3.61703718339323813E-03  1.44866629036598962E+01
3.62363761620964914E-03  1.45056645397856840E+01
3.63023804902606016E-03  1.45246661759114719E+01
3.63683848184247118E-03  1.45436678120372598E+01
3.64343891465888220E-03  1.45626694481630476E+01
3.65003934747529322E-03  1.45816710842888355E+01
3.65663978029170424E-03  1.46006727204146234E+01
3.66324021310811525E-03  1.46196743565404113E+01
3.66984064592452627E-03  1.46386759926661991E+01
3.67644107874093729E-03  1.46576776287919870E+01
3.68304151155734831E-03  1.46766792649177766E+01
3.68964194437375933E-03  1.46956809010435645E+01
3.69624237719017035E-03  1.47146825371693524E+01
3.70284281000658137E-03  1.47336841732951402E+01
3.70944324282299238E-03  1.47526858094209281E+01
3.71604367563940340E-03  1.47716874455467160E+01
3.72264410845581442E-03  1.47906890816725038E+01
3.72924454127222544E-03  1.48096907177982917E+01
3.73584497408863646E-03  1.48286923539240796E+01
3.74244540690504748E-03  1.48476939900498675E+01
3.74904583972145850E-03  1.48666956261756553E+01
3.75564627253786951E-03  1.48856972623014432E+01
3.76224670535428053E-03  1.49046988984272311E+01
3.76884713817069155E-03  1.49237005345530189E+01
3.77544757098710257E-03  1.49427021706788068E+01
3.78204800380351359E-03  1.49617038068045947E+01
3.78864843661992461E-03  1.49807054429303825E+01
3.79524886943633562E-03  1.49997070790561704E+01
3.80184930225274664E-03  1.50187087151819583E+01
3.80844973506915766E-03  1.50377103513077461E+01
3.81505016788556868E-03  1.50567119874335340E+01
3.82165060070197970E-03  1.50757136235593219E+01
3.82825103351839072E-03  1.50947152596851097E+01
3.83485146633480174E-03  1.51137168958108976E+01
3.84145189915121275E-03  1.51327185319366855E+01
3.84805233196762377E-03  1.51517201680624733E+01
3.85465276478403479E-03  1.51707218041882612E+01
3.86125319760044581E-03  1.51897234403140491E+01
3.86785363041685683E-03  1.52087250764398370E+01
3.87445406323326785E-03  1.52277267125656248E+01
3.88105449604967886E-03  1.52467283486914127E+01
3.88765492886608988E-03  1.52657299848172006E+01
3.89425536168250090E-03  1.52847316209429884E+01
3.90085579449891192E-03  1.53037332570687763E+01
3.90745622731532294E-03  1.53227348931945642E+01
3.91405666013173396E-03  1.53417365293203520E+01
3.92065709294814498E-03  1.53607381654461399E+01
3.92725752576455599E-03  1.53797398015719278E+01
3.93385795858096701E-03  1.53987414376977156E+01
3.94045839139737803E-03  1.54177430738235035E+01
3.94705882421378905E-03  1.54367447099492914E+01
3.95365925703020007E-03  1.54557463460750810E+01
3.96025968984661109E-03  1.54747479822008689E+01
3.96686012266302210E-03  1.54937496183266568E+01
3.97346055547943312E-03  1.55127512544524446E+01
3.98006098829584414E-03  1.55317528905782325E+01
3.98666142111225516E-03  1.55507545267040204E+01
3.99326185392866618E-03  1.55697561628298082E+01
3.99986228674507720E-03  1.55887577989555961E+01
4.00646271956148822E-03  1.56077594350813840E+01
4.01306315237789923E-03  1.56267610712071718E+01
4.01966358519431025E-03  1.56457627073329597E+01
4.02626401801072127E-03  1.56647643434587476E+01
4.03286445082713229E-03  1.56837659795845354E+01
4.03946488364354331E-03  1.57027676157103233E+01
4.04606531645995433E-03  1.57217692518361112E+01
4.05266574927636535E-03  1.57407708879618990E+01
4.05926618209277636E-03  1.57597725240876869E+01
4.06586661490918738E-03  1.57787741602134748E+01
4.07246704772559840E-03  1.57977757963392627E+01
4.07906748054200942E-03  1.58167774324650505E+01
4.08566791335842044E-03  1.58357790685908384E+01
4.09226834617483146E-03  1.58547807047166263E+01
4.09886877899124247E-03  1.58737823408424141E+01
4.10546921180765349E-03  1.58927839769682020E+01
4.11206964462406451E-03  1.59117856130939899E+01
4.11867007744047553E-03  1.59307872492197777E+01
4.12527051025688655E-03  1.59497888853455656E+01
4.13187094307329757E-03  1.59687905214713535E+01
4.13847137588970859E-03  1.59877921575971413E+01
4.14507180870611960E-03  1.60067937937229274E+01
4.15167224152253062E-03  1.60257954298487171E+01
4.15827267433894164E-03  1.60447970659745067E+01
4.16487310715535266E-03  1.60637987021002928E+01
4.17147353997176368E-03  1.60828003382260789E+01
4.17807397278817470E-03  1.61018019743518686E+01
4.18467440560458571E-03  1.61208036104776582E+01
4.19127483842099673E-03  1.61398052466034443E+01
4.19787527123740775E-03  1.61588068827292304E+01
4.20447570405381877E-03  1.61778085188550200E+01
4.21107613687022979E-03  1.61968101549808097E+01
4.21767656968664081E-03  1.62158117911065958E+01
4.22427700250305183E-03  1.62348134272323854E+01
4.23087743531946284E-03  1.62538150633581751E+01
4.23747786813587386E-03  1.62728166994839611E+01
4.24407830095228488E-03  1.62918183356097472E+01
4.25067873376869590E-03  1.63108199717355369E+01
4.25727916658510692E-03  1.63298216078613265E+01
4.26387959940151794E-03  1.63488232439871126E+01
4.27048003221792895E-03  1.63678248801128987E+01
4.27708046503433997E-03  1.63868265162386884E+01
4.28368089785075099E-03  1.64058281523644780E+01
4.29028133066716201E-03  1.64248297884902641E+01
4.29688176348357303E-03  1.64438314246160502E+01
4.30348219629998405E-03  1.64628330607418398E+01
4.31008262911639507E-03  1.64818346968676295E+01
4.31668306193280608E-03  1.65008363329934156E+01
4.32328349474921710E-03  1.65198379691192017E+01
4.32988392756562812E-03  1.65388396052449913E+01
4.33648436038203914E-03  1.65578412413707809E+01
4.34308479319845016E-03  1.65768428774965670E+01
4.34968522601486118E-03  1.65958445136223531E+01
4.35628565883127220E-03  1.66148461497481428E+01
4.36288609164768321E-03  1.66338477858739324E+01
4.36948652446409423E-03  1.66528494219997185E+01
4.37608695728050525E-03  1.66718510581255046E+01
4.38268739009691627E-03  1.66908526942512943E+01
4.38928782291332729E-03  1.67098543303770839E+01
4.39588825572973831E-03  1.67288559665028700E+01
4.40248868854614932E-03  1.67478576026286561E+01
4.40908912136256034E-03  1.67668592387544457E+01
4.41568955417897136E-03  1.67858608748802354E+01
4.42228998699538238E-03  1.68048625110060215E+01
4.42889041981179340E-03  1.68238641471318076E+01
4.43549085262820442E-03  1.68428657832575972E+01
4.44209128544461544E-03  1.68618674193833868E+01
4.44869171826102645E-03  1.68808690555091729E+01
4.45529215107743747E-03  1.68998706916349590E+01
4.46189258389384849E-03  1.69188723277607487E+01
4.46849301671025951E-03  1.69378739638865383E+01
4.47509344952667053E-03  1.69568756000123244E+01
4.48169388234308155E-03  1.69758772361381105E+01
4.48829431515949256E-03  1.69948788722639001E+01
4.49489474797590358E-03  1.70138805083896898E+01
4.50149518079231460E-03  1.70328821445154759E+01
4.50809561360872562E-03  1.70518837806412655E+01
4.51469604642513664E-03  1.70708854167670552E+01
4.52129647924154766E-03  1.70898870528928413E+01
4.52789691205795868E-03  1.71088886890186274E+01
4.53449734487436969E-03  1.71278903251444170E+01
4.54109777769078071E-03  1.71468919612702067E+01
4.54769821050719173E-03  1.71658935973959927E+01
4.55429864332360275E-03  1.71848952335217788E+01
4.56089907614001377E-03  1.72038968696475685E+01
4.56749950895642479E-03  1.72228985057733581E+01
4.57409994177283580E-03  1.72419001418991442E+01
4.58070037458924682E-03  1.72609017780249303E+01
4.58730080740565784E-03  1.72799034141507200E+01
4.59390124022206886E-03  1.72989050502765096E+01
4.60050167303847988E-03  1.73179066864022957E+01
4.60710210585489090E-03  1.73369083225280818E+01
4.61370253867130192E-03  1.73559099586538714E+01
4.62030297148771293E-03  1.73749115947796611E+01
4.62690340430412395E-03  1.73939132309054472E+01
4.63350383712053497E-03  1.74129148670312333E+01
4.64010426993694599E-03  1.74319165031570229E+01
4.64670470275335701E-03  1.74509181392828125E+01
4.65330513556976803E-03  1.74699197754085986E+01
4.65990556838617905E-03  1.74889214115343847E+01
4.66650600120259006E-03  1.75079230476601744E+01
4.67310643401900108E-03  1.75269246837859640E+01
4.67970686683541210E-03  1.75459263199117501E+01
4.68630729965182312E-03  1.75649279560375362E+01
4.69290773246823414E-03  1.75839295921633259E+01
4.69950816528464516E-03  1.76029312282891155E+01
4.70610859810105617E-03  1.76219328644149016E+01
4.71270903091746719E-03  1.76409345005406877E+01
4.71930946373387821E-03  1.76599361366664773E+01
4.72590989655028923E-03  1.76789377727922670E+01
4.73251032936670025E-03  1.76979394089180531E+01
4.73911076218311127E-03  1.77169410450438392E+01
4.74571119499952229E-03  1.77359426811696288E+01
4.75231162781593330E-03  1.77549443172954184E+01
4.75891206063234432E-03  1.77739459534212045E+01
4.76551249344875534E-03  1.77929475895469906E+01
4.77211292626516636E-03  1.78119492256727838E+01
4.77871335908157738E-03  1.78309508617985699E+01
4.78531379189798840E-03  1.78499524979243560E+01
4.79191422471439941E-03  1.78689541340501457E+01
4.79851465753081043E-03  1.78879557701759353E+01
4.80511509034722145E-03  1.79069574063017214E+01
4.81171552316363247E-03  1.79259590424275075E+01
4.81831595598004349E-03  1.79449606785532971E+01
4.82491638879645451E-03  1.79639623146790868E+01
4.83151682161286553E-03  1.79829639508048729E+01
4.83811725442927654E-03  1.80019655869306590E+01
4.84471768724568756E-03  1.80209672230564486E+01
4.85131812006209858E-03  1.80399688591822382E+01
4.85791855287850960E-03  1.80589704953080243E+01
4.86451898569492062E-03  1.80779721314338104E+01
4.87111941851133164E-03  1.80969737675596001E+01
4.87771985132774265E-03  1.81159754036853897E+01
4.88432028414415367E-03  1.81349770398111758E+01
4.89092071696056469E-03  1.81539786759369619E+01
4.89752114977697571E-03  1.81729803120627516E+01
4.90412158259338673E-03  1.81919819481885412E+01
4.91072201540979775E-03  1.82109835843143273E+01
4.91732244822620877E-03  1.82299852204401134E+01
4.92392288104261978E-03  1.82489868565659030E+01
4.93052331385903080E-03  1.82679884926916927E+01
4.93712374667544182E-03  1.82869901288174788E+01
4.94372417949185284E-03  1.83059917649432649E+01
4.95032461230826386E-03  1.83249934010690545E+01
4.95692504512467488E-03  1.83439950371948441E+01
4.96352547794108589E-03  1.83629966733206302E+01
4.97012591075749691E-03  1.83819983094464163E+01
4.97672634357390793E-03  1.84009999455722060E+01
4.98332677639031895E-03  1.84200015816979956E+01
4.98992720920672997E-03  1.84390032178237817E+01
4.99652764202314099E-03  1.84580048539495678E+01
5.00312807483955201E-03  1.84770064900753574E+01
5.00972850765596302E-03  1.84960081262011471E+01
5.01632894047237404E-03  1.85150097623269332E+01
5.02292937328878506E-03  1.85340113984527193E+01
5.02952980610519608E-03  1.85530130345785089E+01
5.03613023892160710E-03  1.85720146707042986E+01
5.04273067173801812E-03  1.85910163068300847E+01
5.04933110455442914E-03  1.86100179429558743E+01
5.05593153737084015E-03  1.86290195790816639E+01
5.06253197018725117E-03  1.86480212152074500E+01
5.06913240300366219E-03  1.86670228513332361E+01
5.07573283582007321E-03  1.86860244874590258E+01
5.08233326863648423E-03  1.87050261235848154E+01
5.08893370145289525E-03  1.87240277597106015E+01
5.09553413426930626E-03  1.87430293958363876E+01
5.10213456708571728E-03  1.87620310319621773E+01
5.10873499990212830E-03  1.87810326680879669E+01
5.11533543271853932E-03  1.88000343042137530E+01
5.12193586553495034E-03  1.88190359403395391E+01
5.12853629835136136E-03  1.88380375764653287E+01
5.13513673116777238E-03  1.88570392125911184E+01
5.14173716398418339E-03  1.88760408487169045E+01
5.14833759680059441E-03  1.88950424848426906E+01
5.15493802961700543E-03  1.89140441209684802E+01
5.16153846243341645E-03  1.89330457570942698E+01
5.16813889524982747E-03  1.89520473932200559E+01
5.17473932806623849E-03  1.89710490293458420E+01
5.18133976088264950E-03  1.89900506654716317E+01
5.18794019369906052E-03  1.90090523015974213E+01
5.19454062651547154E-03  1.90280539377232074E+01
5.20114105933188256E-03  1.90470555738489935E+01
5.20774149214829358E-03  1.90660572099747831E+01
5.21434192496470460E-03  1.90850588461005728E+01
5.22094235778111562E-03  1.91040604822263589E+01
5.22754279059752663E-03  1.91230621183521450E+01
5.23414322341393765E-03  1.91420637544779346E+01
5.24074365623034867E-03  1.91610653906037243E+01
5.24734408904675969E-03  1.91800670267295104E+01
5.25394452186317071E-03  1.91990686628552965E+01
5.26054495467958173E-03  1.92180702989810861E+01
5.26714538749599274E-03  1.92370719351068757E+01
5.27374582031240376E-03  1.92560735712326618E+01
5.28034625312881478E-03  1.92750752073584479E+01
5.28694668594522580E-03  1.92940768434842376E+01
5.29354711876163682E-03  1.93130784796100272E+01
5.30014755157804784E-03  1.93320801157358133E+01
5.30674798439445886E-03  1.93510817518615994E+01
5.31334841721086987E-03  1.93700833879873926E+01
5.31994885002728089E-03  1.93890850241131787E+01
5.32654928284369191E-03  1.94080866602389648E+01
5.33314971566010293E-03  1.94270882963647544E+01
5.33975014847651395E-03  1.94460899324905441E+01
5.34635058129292497E-03  1.94650915686163302E+01
5.35295101410933599E-03  1.94840932047421163E+01
5.35955144692574700E-03  1.95030948408679059E+01
5.36615187974215802E-03  1.95220964769936955E+01
5.37275231255856904E-03  1.95410981131194816E+01
5.37935274537498006E-03  1.95600997492452677E+01
5.38595317819139108E-03  1.95791013853710574E+01
5.39255361100780210E-03  1.95981030214968470E+01
5.39915404382421311E-03  1.96171046576226331E+01
5.40575447664062413E-03  1.96361062937484192E+01
5.41235490945703515E-03  1.96551079298742088E+01
5.41895534227344617E-03  1.96741095659999985E+01
5.42555577508985719E-03  1.96931112021257846E+01
5.43215620790626821E-03  1.97121128382515707E+01
5.43875664072267923E-03  1.97311144743773603E+01
5.44535707353909024E-03  1.97501161105031500E+01
5.45195750635550126E-03  1.97691177466289361E+01
5.45855793917191228E-03  1.97881193827547222E+01
5.46515837198832330E-03  1.98071210188805118E+01
5.47175880480473432E-03  1.98261226550063014E+01
5.47835923762114534E-03  1.98451242911320875E+01
5.48495967043755635E-03  1.98641259272578736E+01
5.49156010325396737E-03  1.98831275633836633E+01
5.49816053607037839E-03  1.99021291995094529E+01
5.50476096888678941E-03  1.99211308356352390E+01
5.51136140170320043E-03  1.99401324717610251E+01
5.51796183451961145E-03  1.99591341078868147E+01
5.52456226733602247E-03  1.99781357440126044E+01
5.53116270015243348E-03  1.99971373801383905E+01
5.53776313296884450E-03  2.00161390162641766E+01
5.54436356578525552E-03  2.00351406523899662E+01
5.55096399860166654E-03  2.00541422885157559E+01
5.55756443141807756E-03  2.00731439246415420E+01
5.56416486423448858E-03  2.00921455607673316E+01
5.57076529705089959E-03  2.01111471968931177E+01
5.57736572986731061E-03  2.01301488330189073E+01
5.58396616268372163E-03  2.01491504691446934E+01
5.59056659550013265E-03  2.01681521052704831E+01
5.59716702831654367E-03  2.01871537413962692E+01
5.60376746113295469E-03  2.02061553775220588E+01
5.61036789394936571E-03  2.02251570136478449E+01
5.61696832676577672E-03  2.02441586497736346E+01
5.62356875958218774E-03  2.02631602858994206E+01
5.63016919239859876E-03  2.02821619220252103E+01
5.63676962521500978E-03  2.03011635581509964E+01
5.64337005803142080E-03  2.03201651942767860E+01
5.64997049084783182E-03  2.03391668304025721E+01
5.65657092366424284E-03  2.03581684665283618E+01
5.66317135648065385E-03  2.03771701026541479E+01
5.66977178929706487E-03  2.03961717387799375E+01
5.67637222211347589E-03  2.04151733749057236E+01
5.68297265492988691E-03  2.04341750110315132E+01
5.68957308774629793E-03  2.04531766471572993E+01
5.69617352056270895E-03  2.04721782832830890E+01
5.70277395337911996E-03  2.04911799194088751E+01
5.70937438619553098E-03  2.05101815555346647E+01
5.71597481901194200E-03  2.05291831916604508E+01
5.72257525182835302E-03  2.05481848277862404E+01
5.72917568464476404E-03  2.05671864639120301E+01
5.73577611746117506E-03  2.05861881000378162E+01
5.74237655027758608E-03  2.06051897361636058E+01
5.74897698309399709E-03  2.06241913722893919E+01
5.75557741591040811E-03  2.06431930084151816E+01
5.76217784872681913E-03  2.06621946445409677E+01
5.76877828154323015E-03  2.06811962806667573E+01
5.77537871435964117E-03  2.07001979167925434E+01
5.78197914717605219E-03  2.07191995529183330E+01
5.78857957999246320E-03  2.07382011890441191E+01
5.79518001280887422E-03  2.07572028251699088E+01
5.80178044562528524E-03  2.07762044612956949E+01
5.80838087844169626E-03  2.07952060974214845E+01
5.81498131125810728E-03  2.08142077335472706E+01
5.82158174407451830E-03  2.08332093696730603E+01
5.82818217689092932E-03  2.08522110057988463E+01
5.83478260970734033E-03  2.08712126419246360E+01
5.84138304252375135E-03  2.08902142780504221E+01
5.84798347534016237E-03  2.09092159141762117E+01
5.85458390815657339E-03  2.09282175503019978E+01
5.86118434097298441E-03  2.09472191864277875E+01
5.86778477378939543E-03  2.09662208225535736E+01
5.87438520660580644E-03  2.09852224586793632E+01
5.88098563942221746E-03  2.10042240948051493E+01
5.88758607223862848E-03  2.10232257309309389E+01
5.89418650505503950E-03  2.10422273670567250E+01
5.90078693787145052E-03  2.10612290031825147E+01
5.90738737068786154E-03  2.10802306393083008E+01
5.91398780350427256E-03  2.10992322754340904E+01
5.92058823632068357E-03  2.11182339115598765E+01
5.92718866913709459E-03  2.11372355476856661E+01
5.93378910195350561E-03  2.11562371838114522E+01
5.94038953476991663E-03  2.11752388199372419E+01
5.94698996758632765E-03  2.11942404560630280E+01
5.95359040040273867E-03  2.12132420921888176E+01
5.96019083321914969E-03  2.12322437283146037E+01
5.96679126603556070E-03  2.12512453644403934E+01
5.97339169885197172E-03  2.12702470005661795E+01
5.97999213166838274E-03  2.12892486366919691E+01
5.98659256448479376E-03  2.13082502728177552E+01
5.99319299730120478E-03  2.13272519089435448E+01
5.99979343011761580E-03  2.13462535450693345E+01
6.00639386293402681E-03  2.13652551811951206E+01
6.01299429575043783E-03  2.13842568173209102E+01
6.01959472856684885E-03  2.14032584534466963E+01
6.02619516138325987E-03  2.14222600895724860E+01
6.03279559419967089E-03  2.14412617256982720E+01
6.03939602701608191E-03  2.14602633618240617E+01
6.04599645983249293E-03  2.14792649979498478E+01
6.05259689264890394E-03  2.14982666340756374E+01
6.05919732546531496E-03  2.15172682702014235E+01
6.06579775828172598E-03  2.15362699063272132E+01
6.07239819109813700E-03  2.15552715424529993E+01
6.07899862391454802E-03  2.15742731785787889E+01
6.08559905673095904E-03  2.15932748147045750E+01
6.09219948954737005E-03  2.16122764508303646E+01
6.09879992236378107E-03  2.16312780869561507E+01
6.10540035518019209E-03  2.16502797230819404E+01
6.11200078799660311E-03  2.16692813592077265E+01
6.11860122081301413E-03  2.16882829953335161E+01
6.12520165362942515E-03  2.17072846314593022E+01
6.13180208644583617E-03  2.17262862675850918E+01
6.13840251926224718E-03  2.17452879037108779E+01
6.14500295207865820E-03  2.17642895398366676E+01
6.15160338489506922E-03  2.17832911759624537E+01
6.15820381771148024E-03  2.18022928120882433E+01
6.16480425052789126E-03  2.18212944482140294E+01
6.17140468334430228E-03  2.18402960843398191E+01
6.17800511616071329E-03  2.18592977204656052E+01
6.18460554897712431E-03  2.18782993565913948E+01
6.19120598179353533E-03  2.18973009927171809E+01
6.19780641460994635E-03  2.19163026288429705E+01
6.20440684742635737E-03  2.19353042649687566E+01
6.21100728024276839E-03  2.19543059010945463E+01
6.21760771305917941E-03  2.19733075372203324E+01
6.22420814587559042E-03  2.19923091733461220E+01
6.23080857869200144E-03  2.20113108094719081E+01
6.23740901150841246E-03  2.20303124455976977E+01
6.24400944432482348E-03  2.20493140817234838E+01
6.25060987714123450E-03  2.20683157178492735E+01
6.25721030995764552E-03  2.20873173539750596E+01
6.26381074277405653E-03  2.21063189901008492E+01
6.27041117559046755E-03  2.21253206262266389E+01
6.27701160840687857E-03  2.21443222623524250E+01
6.28361204122328959E-03  2.21633238984782146E+01
6.29021247403970061E-03  2.21823255346040007E+01
6.29681290685611163E-03  2.22013271707297903E+01
6.30341333967252265E-03  2.22203288068555764E+01
6.31001377248893366E-03  2.22393304429813661E+01
6.31661420530534468E-03  2.22583320791071522E+01
6.32321463812175570E-03  2.22773337152329418E+01
6.32981507093816672E-03  2.22963353513587279E+01
6.33641550375457774E-03  2.23153369874845176E+01
6.34301593657098876E-03  2.23343386236103036E+01
6.34961636938739978E-03  2.23533402597360933E+01
6.35621680220381079E-03  2.23723418958618794E+01
6.36281723502022181E-03  2.23913435319876690E+01
6.36941766783663283E-03  2.24103451681134551E+01
6.37601810065304385E-03  2.24293468042392448E+01
6.38261853346945487E-03  2.24483484403650309E+01
6.38921896628586589E-03  2.24673500764908205E+01
6.39581939910227690E-03  2.24863517126166066E+01
6.40241983191868792E-03  2.25053533487423962E+01
6.40902026473509894E-03  2.25243549848681823E+01
6.41562069755150996E-03  2.25433566209939720E+01
6.42222113036792098E-03  2.25623582571197581E+01
6.42882156318433200E-03  2.25813598932455477E+01
6.43542199600074302E-03  2.26003615293713338E+01
6.44202242881715403E-03  2.26193631654971234E+01
6.44862286163356505E-03  2.26383648016229095E+01
6.45522329444997607E-03  2.26573664377486992E+01
6.46182372726638709E-03  2.26763680738744853E+01
6.46842416008279811E-03  2.26953697100002749E+01
6.47502459289920913E-03  2.27143713461260610E+01
6.48162502571562014E-03  2.27333729822518507E+01
6.48822545853203116E-03  2.27523746183776368E+01
6.49482589134844218E-03  2.27713762545034264E+01
6.50142632416485320E-03  2.27903778906292125E+01
6.50802675698126422E-03  2.28093795267550021E+01
6.51462718979767524E-03  2.28283811628807882E+01
6.52122762261408626E-03  2.28473827990065779E+01
6.52782805543049727E-03  2.28663844351323640E+01
6.53442848824690829E-03  2.28853860712581536E+01
6.54102892106331931E-03  2.29043877073839433E+01
6.54762935387973033E-03  2.29233893435097293E+01
6.55422978669614135E-03  2.29423909796355190E+01
6.56083021951255237E-03  2.29613926157613051E+01
6.56743065232896338E-03  2.29803942518870947E+01
6.57403108514537440E-03  2.29993958880128808E+01
6.58063151796178542E-03  2.30183975241386705E+01
6.58723195077819644E-03  2.30373991602644566E+01
