0.00000000000000000E+00  0.00000000000000000E+00
6.99062690493450753E-06  1.98330387473570707E-01
1.39812538098690151E-05  3.96660774947141415E-01
2.09718807148035217E-05  5.94991162420712039E-01
2.79625076197380301E-05  7.93321549894282829E-01
3.49531345246725385E-05  9.91651937367853509E-01
4.19437614296070435E-05  1.18998232484142408E+00
4.89343883345415553E-05  1.38831271231499498E+00
5.59250152394760603E-05  1.58664309978856566E+00
6.29156421444105652E-05  1.78497348726213612E+00
6.99062690493450770E-05  1.98330387473570702E+00
7.68968959542795888E-05  2.18163426220927770E+00
8.38875228592140870E-05  2.37996464968284815E+00
9.08781497641485988E-05  2.57829503715641906E+00
9.78687766690831105E-05  2.77662542462998996E+00
1.04859403574017609E-04  2.90753207217600895E+00
1.11850030478952121E-04  2.92576516869712400E+00
1.18840657383886632E-04  2.94399826521823904E+00
1.25831284288821130E-04  2.96223136173935409E+00
1.32821911193755656E-04  2.98046445826046913E+00
1.39812538098690154E-04  2.99869755478158417E+00
1.46803165003624652E-04  3.01693065130269922E+00
1.53793791908559178E-04  3.03516374782381426E+00
1.60784418813493676E-04  3.05339684434492931E+00
1.67775045718428174E-04  3.07162994086604435E+00
1.74765672623362699E-04  3.08986303738715939E+00
1.81756299528297198E-04  3.10809613390827444E+00
1.88746926433231696E-04  3.12632923042938948E+00
1.95737553338166221E-04  3.14456232695050453E+00
2.02728180243100719E-04  3.16279542347161957E+00
2.09718807148035217E-04  3.18102851999273462E+00
2.16709434052969743E-04  3.19926161651384966E+00
2.23700060957904241E-04  3.21749471303496470E+00
2.30690687862838739E-04  3.23572780955607975E+00
2.37681314767773265E-04  3.25396090607719524E+00
2.44671941672707763E-04  3.27219400259830984E+00
2.51662568577642261E-04  3.29042709911942488E+00
2.58653195482576759E-04  3.30866019564053992E+00
2.65643822387511312E-04  3.32689329216165541E+00
2.72634449292445810E-04  3.34512638868277046E+00
2.79625076197380308E-04  3.36335948520388550E+00
2.86615703102314806E-04  3.38159258172500055E+00
2.93606330007249304E-04  3.39982567824611559E+00
3.00596956912183803E-04  3.41805877476723063E+00
3.07587583817118355E-04  3.43629187128834568E+00
3.14578210722052853E-04  3.45452496780946072E+00
3.21568837626987352E-04  3.47275806433057577E+00
3.28559464531921850E-04  3.49099116085169081E+00
3.35550091436856348E-04  3.50922425737280586E+00
3.42540718341790846E-04  3.52745735389392090E+00
3.49531345246725399E-04  3.54569045041503594E+00
3.56521972151659897E-04  3.56392354693615099E+00
3.63512599056594395E-04  3.58215664345726603E+00
3.70503225961528893E-04  3.60038973997838108E+00
3.77493852866463391E-04  3.61862283649949612E+00
3.84484479771397890E-04  3.63685593302061116E+00
3.91475106676332442E-04  3.65508902954172621E+00
3.98465733581266940E-04  3.67332212606284125E+00
4.05456360486201439E-04  3.69155522258395630E+00
4.12446987391135937E-04  3.70978831910507134E+00
4.19437614296070435E-04  3.72802141562618639E+00
4.26428241201004933E-04  3.74625451214730143E+00
4.33418868105939486E-04  3.76448760866841647E+00
4.40409495010873984E-04  3.78272070518953152E+00
4.47400121915808482E-04  3.80095380171064656E+00
4.54390748820742980E-04  3.81918689823176161E+00
4.61381375725677478E-04  3.83741999475287665E+00
4.68372002630612031E-04  3.85565309127399214E+00
4.75362629535546529E-04  3.87388618779510718E+00
4.82353256440481027E-04  3.89211928431622223E+00
4.89343883345415526E-04  3.91035238083733683E+00
4.96334510250350078E-04  3.92858547735845232E+00
5.03325137155284522E-04  3.94681857387956692E+00
5.10315764060219074E-04  3.96505167040068240E+00
5.17306390965153518E-04  3.98328476692179700E+00
5.24297017870088071E-04  4.00151786344291249E+00
5.31287644775022623E-04  4.01975095996402754E+00
5.38278271679957067E-04  4.03798405648514258E+00
5.45268898584891620E-04  4.05621715300625763E+00
5.52259525489826064E-04  4.07445024952737178E+00
5.59250152394760616E-04  4.09268334604848771E+00
5.66240779299695060E-04  4.11091644256960187E+00
5.73231406204629612E-04  4.12914953909071780E+00
5.80222033109564165E-04  4.14738263561183285E+00
5.87212660014498609E-04  4.16561573213294789E+00
5.94203286919433161E-04  4.18384882865406293E+00
6.01193913824367605E-04  4.20208192517517798E+00
6.08184540729302158E-04  4.22031502169629302E+00
6.15175167634236710E-04  4.23854811821740807E+00
6.22165794539171154E-04  4.25678121473852311E+00
6.29156421444105707E-04  4.27501431125963816E+00
6.36147048349040151E-04  4.29324740778075320E+00
6.43137675253974703E-04  4.31148050430186824E+00
6.50128302158909147E-04  4.32971360082298329E+00
6.57118929063843699E-04  4.34794669734409833E+00
6.64109555968778252E-04  4.36617979386521338E+00
6.71100182873712696E-04  4.38441289038632842E+00
6.78090809778647248E-04  4.40264598690744346E+00
6.85081436683581692E-04  4.42087908342855851E+00
6.92072063588516245E-04  4.43911217994967355E+00
6.99062690493450797E-04  4.45734527647078860E+00
7.06053317398385241E-04  4.47557837299190364E+00
7.13043944303319794E-04  4.49381146951301869E+00
7.20034571208254238E-04  4.51204456603413373E+00
7.27025198113188790E-04  4.53027766255524877E+00
7.34015825018123342E-04  4.54851075907636382E+00
7.41006451923057786E-04  4.56674385559747886E+00
7.47997078827992339E-04  4.58497695211859391E+00
7.54987705732926783E-04  4.60321004863970895E+00
7.61978332637861335E-04  4.62144314516082400E+00
7.68968959542795779E-04  4.63967624168193904E+00
7.75959586447730332E-04  4.65790933820305408E+00
7.82950213352664884E-04  4.67614243472416913E+00
7.89940840257599328E-04  4.69437553124528417E+00
7.96931467162533881E-04  4.71260862776639922E+00
8.03922094067468325E-04  4.73084172428751426E+00
8.10912720972402877E-04  4.74907482080862930E+00
8.17903347877337429E-04  4.76730791732974435E+00
8.24893974782271873E-04  4.78554101385085939E+00
8.31884601687206426E-04  4.80429097156650275E+00
8.38875228592140870E-04  4.82503849161412113E+00
8.45865855497075422E-04  4.84578601166174039E+00
8.52856482402009866E-04  4.86653353170935876E+00
8.59847109306944419E-04  4.88728105175697713E+00
8.66837736211878971E-04  4.90802857180459640E+00
8.73828363116813415E-04  4.92877609185221477E+00
8.80818990021747968E-04  4.94952361189983314E+00
8.87809616926682412E-04  4.97027113194745240E+00
8.94800243831616964E-04  4.99101865199507166E+00
9.01790870736551516E-04  5.01176617204269004E+00
9.08781497641485960E-04  5.03251369209030841E+00
9.15772124546420513E-04  5.05326121213792767E+00
9.22762751451354957E-04  5.07400873218554516E+00
9.29753378356289509E-04  5.09475625223316442E+00
9.36744005261224062E-04  5.11550377228078368E+00
9.43734632166158506E-04  5.13625129232840116E+00
9.50725259071093058E-04  5.15699881237602042E+00
9.57715885976027502E-04  5.17774633242363969E+00
9.64706512880962055E-04  5.19849385247125806E+00
9.71697139785896499E-04  5.21924137251887643E+00
9.78687766690831051E-04  5.23998889256649569E+00
9.85678393595765603E-04  5.26073641261411407E+00
9.92669020500700156E-04  5.28148393266173244E+00
9.99659647405634491E-04  5.30223145270935170E+00
1.00665027431056904E-03  5.32297897275697007E+00
1.01364090121550360E-03  5.34372649280458845E+00
1.02063152812043815E-03  5.36447401285220771E+00
1.02762215502537270E-03  5.38522153289982697E+00
1.03461278193030704E-03  5.40596905294744445E+00
1.04160340883524159E-03  5.42671657299506371E+00
1.04859403574017614E-03  5.44746409304268209E+00
1.05558466264511069E-03  5.46821161309030046E+00
1.06257528955004525E-03  5.48895913313791972E+00
1.06956591645497958E-03  5.50970665318553809E+00
1.07655654335991413E-03  5.53045417323315647E+00
1.08354717026484869E-03  5.55120169328077573E+00
1.09053779716978324E-03  5.57194921332839499E+00
1.09752842407471757E-03  5.59269673337601247E+00
1.10451905097965213E-03  5.61344425342363174E+00
1.11150967788458668E-03  5.63419177347125011E+00
1.11850030478952123E-03  5.65493929351886848E+00
1.12549093169445578E-03  5.67568681356648774E+00
1.13248155859939012E-03  5.69643433361410612E+00
1.13947218550432467E-03  5.71718185366172449E+00
1.14646281240925922E-03  5.73792937370934375E+00
1.15345343931419378E-03  5.75867689375696301E+00
1.16044406621912833E-03  5.77942441380458138E+00
1.16743469312406267E-03  5.80017193385219976E+00
1.17442532002899722E-03  5.82091945389981902E+00
1.18141594693393177E-03  5.84166697394743739E+00
1.18840657383886632E-03  5.86241449399505576E+00
1.19539720074380088E-03  5.88316201404267503E+00
1.20238782764873521E-03  5.90390953409029251E+00
1.20937845455366976E-03  5.92465705413791177E+00
1.21636908145860432E-03  5.94540457418553103E+00
1.22335970836353887E-03  5.96615209423314941E+00
1.23035033526847342E-03  5.98689961428076778E+00
1.23734096217340776E-03  6.00764713432838704E+00
1.24433158907834231E-03  6.02839465437600541E+00
1.25132221598327686E-03  6.04914217442362379E+00
1.25831284288821141E-03  6.06988969447124305E+00
1.26530346979314597E-03  6.09063721451886231E+00
1.27229409669808030E-03  6.11138473456647979E+00
1.27928472360301485E-03  6.13213225461409905E+00
1.28627535050794941E-03  6.15287977466171743E+00
1.29326597741288396E-03  6.17362729470933580E+00
1.30025660431781829E-03  6.19437481475695506E+00
1.30724723122275285E-03  6.21512233480457343E+00
1.31423785812768740E-03  6.23586985485219181E+00
1.32122848503262195E-03  6.25661737489981107E+00
1.32821911193755650E-03  6.27736489494743033E+00
1.33520973884249084E-03  6.29811241499504781E+00
1.34220036574742539E-03  6.31885993504266708E+00
1.34919099265235994E-03  6.33960745509028545E+00
1.35618161955729450E-03  6.36035497513790471E+00
1.36317224646222905E-03  6.38110249518552308E+00
1.37016287336716338E-03  6.40185001523314146E+00
1.37715350027209794E-03  6.42259753528076072E+00
1.38414412717703249E-03  6.44334505532837909E+00
1.39113475408196704E-03  6.46409257537599835E+00
1.39812538098690159E-03  6.48484009542361672E+00
1.40511600789183593E-03  6.50558761547123510E+00
1.41210663479677048E-03  6.52633513551885347E+00
1.41909726170170503E-03  6.54708265556647273E+00
1.42608788860663959E-03  6.56783017561409110E+00
1.43307851551157414E-03  6.58857769566171037E+00
1.44006914241650848E-03  6.60932521570932874E+00
1.44705976932144303E-03  6.63007273575694711E+00
1.45405039622637758E-03  6.65082025580456637E+00
1.46104102313131213E-03  6.67156777585218475E+00
1.46803165003624668E-03  6.69231529589980401E+00
1.47502227694118102E-03  6.71306281594742149E+00
1.48201290384611557E-03  6.73381033599504075E+00
1.48900353075105013E-03  6.75455785604265913E+00
1.49599415765598468E-03  6.77530537609027839E+00
1.50298478456091901E-03  6.79605289613789676E+00
1.50997541146585357E-03  6.81680041618551513E+00
1.51696603837078812E-03  6.83754793623313439E+00
1.52395666527572267E-03  6.85829545628075277E+00
1.53094729218065722E-03  6.87904297632837203E+00
1.53793791908559156E-03  6.89979049637598951E+00
1.54492854599052611E-03  6.92053801642360877E+00
1.55191917289546066E-03  6.94128553647122715E+00
1.55890979980039522E-03  6.96203305651884641E+00
1.56590042670532977E-03  6.98278057656646478E+00
1.57289105361026410E-03  7.00352809661408315E+00
1.57988168051519866E-03  7.02427561666170241E+00
1.58687230742013321E-03  7.04502313670932079E+00
1.59386293432506776E-03  7.06577065675694005E+00
1.60085356123000231E-03  7.08651817680455842E+00
1.60784418813493665E-03  7.10726569685217680E+00
1.61483481503987120E-03  7.12801321689979606E+00
1.62182544194480575E-03  7.14876073694741443E+00
1.62881606884974031E-03  7.16950825699503369E+00
1.63580669575467486E-03  7.19025577704265206E+00
1.64279732265960919E-03  7.21100329709027044E+00
1.64978794956454375E-03  7.23175081713788881E+00
1.65677857646947830E-03  7.25249833718550807E+00
1.66376920337441285E-03  7.27324585723312644E+00
1.67075983027934740E-03  7.29399337728074570E+00
1.67775045718428174E-03  7.31474089732836408E+00
1.68474108408921629E-03  7.33548841737598245E+00
1.69173171099415084E-03  7.35623593742360171E+00
1.69872233789908540E-03  7.37698345747122008E+00
1.70571296480401973E-03  7.39773097751883846E+00
1.71270359170895429E-03  7.41847849756645683E+00
1.71969421861388884E-03  7.43922601761407609E+00
1.72668484551882339E-03  7.45997353766169446E+00
1.73367547242375794E-03  7.48072105770931373E+00
1.74066609932869228E-03  7.50146857775693210E+00
1.74765672623362683E-03  7.52221609780455047E+00
1.75464735313856138E-03  7.54296361785216973E+00
1.76163798004349594E-03  7.56371113789978811E+00
1.76862860694843049E-03  7.58445865794740737E+00
1.77561923385336482E-03  7.60520617799502574E+00
1.78260986075829938E-03  7.62595369804264411E+00
1.78960048766323393E-03  7.64670121809026337E+00
1.79659111456816848E-03  7.66744873813788175E+00
1.80358174147310303E-03  7.68819625818550101E+00
1.81057236837803737E-03  7.70894377823311849E+00
1.81756299528297192E-03  7.72969129828073775E+00
1.82455362218790647E-03  7.75043881832835613E+00
1.83154424909284103E-03  7.77118633837597539E+00
1.83853487599777558E-03  7.79193385842359376E+00
1.84552550290270991E-03  7.81268137847121213E+00
1.85251612980764447E-03  7.83342889851883140E+00
1.85950675671257902E-03  7.85417641856644977E+00
1.86649738361751357E-03  7.87492393861406903E+00
1.87348801052244812E-03  7.89567145866168740E+00
1.88047863742738246E-03  7.91641897870930578E+00
1.88746926433231701E-03  7.93716649875692415E+00
1.89445989123725156E-03  7.95791401880454341E+00
1.90145051814218612E-03  7.97866153885216178E+00
1.90844114504712045E-03  7.99940905889978016E+00
1.91543177195205500E-03  8.02015657894740031E+00
1.92242239885698956E-03  8.04090409899501779E+00
1.92941302576192411E-03  8.06165161904263705E+00
1.93640365266685866E-03  8.08239913909025631E+00
1.94339427957179300E-03  8.10314665913787380E+00
1.95038490647672755E-03  8.12389417918549128E+00
1.95737553338166210E-03  8.14464169923311232E+00
1.96436616028659644E-03  8.16538921928072980E+00
1.97135678719153121E-03  8.18613673932834907E+00
1.97834741409646554E-03  8.20688425937596833E+00
1.98533804100140031E-03  8.22763177942358581E+00
1.99232866790633465E-03  8.24837929947120507E+00
1.99931929481126898E-03  8.26912681951882433E+00
2.00630992171620375E-03  8.28987433956644182E+00
2.01330054862113809E-03  8.31062185961406108E+00
2.02029117552607286E-03  8.33136937966168034E+00
2.02728180243100719E-03  8.35211689970929783E+00
2.03427242933594153E-03  8.37286441975691531E+00
2.04126305624087630E-03  8.39361193980453635E+00
2.04825368314581063E-03  8.41435945985215383E+00
2.05524431005074540E-03  8.43510697989977487E+00
2.06223493695567974E-03  8.45585449994739236E+00
2.06922556386061407E-03  8.47660201999500984E+00
2.07621619076554884E-03  8.49734954004262910E+00
2.08320681767048318E-03  8.51809706009024836E+00
2.09019744457541795E-03  8.53884458013786585E+00
2.09718807148035228E-03  8.55959210018548511E+00
2.10417869838528662E-03  8.58033962023310437E+00
2.11116932529022139E-03  8.60108714028072185E+00
2.11815995219515572E-03  8.62183466032834112E+00
2.12515057910009049E-03  8.64258218037596038E+00
2.13214120600502483E-03  8.66332970042357786E+00
2.13913183290995916E-03  8.68407722047119712E+00
2.14612245981489393E-03  8.70482474051881638E+00
2.15311308671982827E-03  8.72557226056643387E+00
2.16010371362476304E-03  8.74631978061405491E+00
2.16709434052969737E-03  8.76706730066167239E+00
2.17408496743463171E-03  8.78781482070928988E+00
2.18107559433956648E-03  8.80856234075691091E+00
2.18806622124450081E-03  8.82930986080452840E+00
2.19505684814943515E-03  8.85005738085214588E+00
2.20204747505436992E-03  8.87080490089976692E+00
2.20903810195930425E-03  8.89155242094738441E+00
2.21602872886423902E-03  8.91229994099500367E+00
2.22301935576917336E-03  8.93304746104262115E+00
2.23000998267410769E-03  8.95379498109024041E+00
2.23700060957904246E-03  8.97454250113785790E+00
2.24399123648397680E-03  8.99529002118547716E+00
2.25098186338891157E-03  9.01603754123309642E+00
2.25797249029384590E-03  9.03678506128071390E+00
2.26496311719878024E-03  9.05753258132833317E+00
2.27195374410371501E-03  9.07828010137595243E+00
2.27894437100864935E-03  9.09902762142356991E+00
2.28593499791358411E-03  9.11977514147119095E+00
2.29292562481851845E-03  9.14052266151880843E+00
2.29991625172345279E-03  9.16127018156642592E+00
2.30690687862838755E-03  9.18201770161404696E+00
2.31389750553332189E-03  9.20276522166166444E+00
2.32088813243825666E-03  9.22351274170928370E+00
2.32787875934319100E-03  9.24426026175690296E+00
2.33486938624812533E-03  9.26500778180452045E+00
2.34186001315306010E-03  9.28575530185213971E+00
2.34885064005799444E-03  9.30650282189975897E+00
2.35584126696292920E-03  9.32725034194737646E+00
2.36283189386786354E-03  9.34799786199499572E+00
2.36982252077279788E-03  9.36874538204261320E+00
2.37681314767773265E-03  9.38949290209023246E+00
2.38380377458266698E-03  9.41024042213784995E+00
2.39079440148760175E-03  9.43098794218547098E+00
2.39778502839253609E-03  9.45173546223308847E+00
2.40477565529747042E-03  9.47248298228070595E+00
2.41176628220240519E-03  9.49323050232832699E+00
2.41875690910733953E-03  9.51397802237594448E+00
2.42574753601227430E-03  9.53472554242356374E+00
2.43273816291720863E-03  9.55547306247118300E+00
2.43972878982214297E-03  9.57622058251880048E+00
2.44671941672707774E-03  9.59696810256641974E+00
2.45371004363201207E-03  9.61771562261403901E+00
2.46070067053694684E-03  9.63846314266165649E+00
2.46769129744188118E-03  9.65921066270927575E+00
2.47468192434681551E-03  9.67995818275689501E+00
2.48167255125175028E-03  9.70070570280451250E+00
2.48866317815668462E-03  9.72145322285213176E+00
2.49565380506161939E-03  9.74220074289975102E+00
2.50264443196655372E-03  9.76294826294736851E+00
2.50963505887148806E-03  9.78369578299498599E+00
2.51662568577642283E-03  9.80444330304260703E+00
2.52361631268135716E-03  9.82519082309022451E+00
2.53060693958629193E-03  9.84593834313784555E+00
2.53759756649122627E-03  9.86668586318546303E+00
2.54458819339616060E-03  9.88743338323308052E+00
2.55157882030109537E-03  9.90818090328069978E+00
2.55856944720602971E-03  9.92892842332831904E+00
2.56556007411096448E-03  9.94967594337593830E+00
2.57255070101589881E-03  9.97042346342355579E+00
2.57954132792083315E-03  9.99117098347117505E+00
2.58653195482576792E-03  1.00119185035187925E+01
2.59352258173070225E-03  1.00326660235664118E+01
2.60051320863563659E-03  1.00534135436140311E+01
2.60750383554057136E-03  1.00741610636616485E+01
2.61449446244550569E-03  1.00949085837092678E+01
2.62148508935044046E-03  1.01156561037568871E+01
2.62847571625537480E-03  1.01364036238045045E+01
2.63546634316030913E-03  1.01571511438521238E+01
2.64245697006524390E-03  1.01778986638997431E+01
2.64944759697017824E-03  1.01986461839473606E+01
2.65643822387511301E-03  1.02193937039949816E+01
2.66342885078004734E-03  1.02401412240425991E+01
2.67041947768498168E-03  1.02608887440902166E+01
2.67741010458991645E-03  1.02816362641378376E+01
2.68440073149485078E-03  1.03023837841854551E+01
2.69139135839978555E-03  1.03231313042330743E+01
2.69838198530471989E-03  1.03438788242806918E+01
2.70537261220965422E-03  1.03646263443283111E+01
2.71236323911458899E-03  1.03853738643759304E+01
2.71935386601952333E-03  1.04061213844235478E+01
2.72634449292445810E-03  1.04268689044711671E+01
2.73333511982939243E-03  1.04476164245187864E+01
2.74032574673432677E-03  1.04683639445664038E+01
2.74731637363926154E-03  1.04891114646140231E+01
2.75430700054419587E-03  1.05098589846616424E+01
2.76129762744913064E-03  1.05306065047092616E+01
2.76828825435406498E-03  1.05513540247568791E+01
2.77527888125899931E-03  1.05721015448044966E+01
2.78226950816393408E-03  1.05928490648521176E+01
2.78926013506886842E-03  1.06135965848997351E+01
2.79625076197380319E-03  1.06343441049473544E+01
2.80324138887873752E-03  1.06550916249949719E+01
2.81023201578367186E-03  1.06758391450425911E+01
2.81722264268860663E-03  1.06965866650902104E+01
2.82421326959354096E-03  1.07173341851378279E+01
2.83120389649847573E-03  1.07380817051854471E+01
2.83819452340341007E-03  1.07588292252330664E+01
2.84518515030834441E-03  1.07795767452806839E+01
2.85217577721327917E-03  1.08003242653283031E+01
2.85916640411821351E-03  1.08210717853759224E+01
2.86615703102314828E-03  1.08418193054235417E+01
2.87314765792808261E-03  1.08625668254711591E+01
2.88013828483301695E-03  1.08833143455187784E+01
2.88712891173795172E-03  1.09040618655663977E+01
2.89411953864288606E-03  1.09248093856140152E+01
2.90111016554782082E-03  1.09455569056616344E+01
2.90810079245275516E-03  1.09663044257092537E+01
2.91509141935768950E-03  1.09870519457568712E+01
2.92208204626262427E-03  1.10077994658044904E+01
2.92907267316755860E-03  1.10285469858521079E+01
2.93606330007249337E-03  1.10492945058997289E+01
2.94305392697742771E-03  1.10700420259473464E+01
2.95004455388236204E-03  1.10907895459949639E+01
2.95703518078729681E-03  1.11115370660425850E+01
2.96402580769223115E-03  1.11322845860902024E+01
2.97101643459716592E-03  1.11530321061378217E+01
2.97800706150210025E-03  1.11737796261854392E+01
2.98499768840703459E-03  1.11945271462330584E+01
2.99198831531196936E-03  1.12152746662806777E+01
2.99897894221690369E-03  1.12360221863282952E+01
3.00596956912183803E-03  1.12567697063759145E+01
3.01296019602677280E-03  1.12775172264235337E+01
3.01995082293170713E-03  1.12982647464711512E+01
3.02694144983664190E-03  1.13190122665187705E+01
3.03393207674157624E-03  1.13397597865663897E+01
3.04092270364651057E-03  1.13605073066140072E+01
3.04791333055144534E-03  1.13812548266616265E+01
3.05490395745637968E-03  1.14020023467092457E+01
3.06189458436131445E-03  1.14227498667568650E+01
3.06888521126624878E-03  1.14434973868044825E+01
3.07587583817118312E-03  1.14642449068521000E+01
3.08286646507611789E-03  1.14849924268997210E+01
3.08985709198105222E-03  1.15057399469473385E+01
3.09684771888598699E-03  1.15264874669949577E+01
3.10383834579092133E-03  1.15472349870425752E+01
3.11082897269585566E-03  1.15679825070901945E+01
3.11781959960079043E-03  1.15887300271378137E+01
3.12481022650572477E-03  1.16094775471854312E+01
3.13180085341065954E-03  1.16302250672330505E+01
3.13879148031559387E-03  1.16509725872806698E+01
3.14578210722052821E-03  1.16717201073282872E+01
3.15277273412546298E-03  1.16924676273759065E+01
3.15976336103039731E-03  1.17132151474235258E+01
3.16675398793533208E-03  1.17339626674711450E+01
3.17374461484026642E-03  1.17547101875187625E+01
3.18073524174520075E-03  1.17754577075663818E+01
3.18772586865013552E-03  1.17962052276140010E+01
3.19471649555506986E-03  1.18169527476616185E+01
3.20170712246000463E-03  1.18377002677092378E+01
3.20869774936493896E-03  1.18584477877568570E+01
3.21568837626987330E-03  1.18791953078044745E+01
3.22267900317480807E-03  1.18999428278520938E+01
3.22966963007974240E-03  1.19206903478997130E+01
3.23666025698467717E-03  1.19414378679473323E+01
3.24365088388961151E-03  1.19621853879949498E+01
3.25064151079454584E-03  1.19829329080425673E+01
3.25763213769948061E-03  1.20036804280901883E+01
3.26462276460441495E-03  1.20244279481378058E+01
3.27161339150934972E-03  1.20451754681854251E+01
3.27860401841428405E-03  1.20659229882330425E+01
3.28559464531921839E-03  1.20866705082806618E+01
3.29258527222415316E-03  1.21074180283282811E+01
3.29957589912908749E-03  1.21281655483758986E+01
3.30656652603402226E-03  1.21489130684235178E+01
3.31355715293895660E-03  1.21696605884711371E+01
3.32054777984389093E-03  1.21904081085187546E+01
3.32753840674882570E-03  1.22111556285663738E+01
3.33452903365376004E-03  1.22319031486139931E+01
3.34151966055869481E-03  1.22526506686616123E+01
3.34851028746362914E-03  1.22733981887092298E+01
3.35550091436856348E-03  1.22941457087568491E+01
3.36249154127349825E-03  1.23148932288044684E+01
3.36948216817843258E-03  1.23356407488520858E+01
3.37647279508336735E-03  1.23563882688997051E+01
3.38346342198830169E-03  1.23771357889473244E+01
3.39045404889323602E-03  1.23978833089949418E+01
3.39744467579817079E-03  1.24186308290425611E+01
3.40443530270310513E-03  1.24393783490901804E+01
3.41142592960803947E-03  1.24601258691377978E+01
3.41841655651297423E-03  1.24808733891854171E+01
3.42540718341790857E-03  1.25016209092330346E+01
3.43239781032284334E-03  1.25223684292806556E+01
3.43938843722777767E-03  1.25431159493282731E+01
3.44637906413271201E-03  1.25638634693758906E+01
3.45336969103764678E-03  1.25846109894235099E+01
3.46036031794258112E-03  1.26053585094711291E+01
3.46735094484751588E-03  1.26261060295187484E+01
3.47434157175245022E-03  1.26468535495663659E+01
3.48133219865738456E-03  1.26676010696139851E+01
3.48832282556231933E-03  1.26883485896616044E+01
3.49531345246725366E-03  1.27090961097092219E+01
3.50230407937218843E-03  1.27298436297568411E+01
3.50929470627712277E-03  1.27505911498044604E+01
3.51628533318205710E-03  1.27713386698520779E+01
3.52327596008699187E-03  1.27920861898996971E+01
3.53026658699192621E-03  1.28128337099473164E+01
3.53725721389686098E-03  1.28335812299949357E+01
3.54424784080179531E-03  1.28543287500425532E+01
3.55123846770672965E-03  1.28750762700901724E+01
3.55822909461166442E-03  1.28958237901377917E+01
3.56521972151659875E-03  1.29165713101854092E+01
3.57221034842153352E-03  1.29373188302330284E+01
3.57920097532646786E-03  1.29580663502806477E+01
3.58619160223140219E-03  1.29788138703282652E+01
3.59318222913633696E-03  1.29995613903758844E+01
3.60017285604127130E-03  1.30203089104235019E+01
3.60716348294620607E-03  1.30410564304711230E+01
3.61415410985114040E-03  1.30618039505187404E+01
3.62114473675607474E-03  1.30825514705663579E+01
3.62813536366100951E-03  1.31032989906139772E+01
3.63512599056594384E-03  1.31240465106615964E+01
3.64211661747087861E-03  1.31447940307092157E+01
3.64910724437581295E-03  1.31655415507568332E+01
3.65609787128074728E-03  1.31862890708044525E+01
3.66308849818568205E-03  1.32070365908520717E+01
3.67007912509061639E-03  1.32277841108996892E+01
3.67706975199555116E-03  1.32485316309473085E+01
3.68406037890048549E-03  1.32692791509949277E+01
3.69105100580541983E-03  1.32900266710425452E+01
3.69804163271035460E-03  1.33107741910901645E+01
3.70503225961528893E-03  1.33315217111377837E+01
3.71202288652022370E-03  1.33522692311854030E+01
3.71901351342515804E-03  1.33730167512330205E+01
3.72600414033009237E-03  1.33937642712806397E+01
3.73299476723502714E-03  1.34145117913282590E+01
3.73998539413996148E-03  1.34352593113758765E+01
3.74697602104489625E-03  1.34560068314234957E+01
3.75396664794983058E-03  1.34767543514711150E+01
3.76095727485476492E-03  1.34975018715187325E+01
3.76794790175969969E-03  1.35182493915663517E+01
3.77493852866463402E-03  1.35389969116139692E+01
3.78192915556956836E-03  1.35597444316615885E+01
3.78891978247450313E-03  1.35804919517092078E+01
3.79591040937943746E-03  1.36012394717568252E+01
3.80290103628437223E-03  1.36219869918044445E+01
3.80989166318930657E-03  1.36427345118520638E+01
3.81688229009424090E-03  1.36634820318996812E+01
3.82387291699917567E-03  1.36842295519473005E+01
3.83086354390411001E-03  1.37049770719949198E+01
3.83785417080904478E-03  1.37257245920425390E+01
3.84484479771397911E-03  1.37464721120901565E+01
3.85183542461891345E-03  1.37672196321377758E+01
3.85882605152384822E-03  1.37879671521853950E+01
3.86581667842878255E-03  1.38087146722330125E+01
3.87280730533371732E-03  1.38294621922806318E+01
3.87979793223865166E-03  1.38502097123282510E+01
3.88678855914358599E-03  1.38709572323758685E+01
3.89377918604852076E-03  1.38917047524234878E+01
3.90076981295345510E-03  1.39124522724711053E+01
3.90776043985838987E-03  1.39331997925187263E+01
3.91475106676332420E-03  1.39539473125663438E+01
3.92174169366825854E-03  1.39746948326139613E+01
3.92873232057319288E-03  1.39954423526615805E+01
3.93572294747812808E-03  1.40161898727092016E+01
3.94271357438306241E-03  1.40369373927568191E+01
3.94970420128799675E-03  1.40576849128044366E+01
3.95669482819293108E-03  1.40784324328520558E+01
3.96368545509786542E-03  1.40991799528996733E+01
3.97067608200280062E-03  1.41199274729472943E+01
3.97766670890773496E-03  1.41406749929949118E+01
3.98465733581266929E-03  1.41614225130425311E+01
3.99164796271760363E-03  1.41821700330901486E+01
3.99863858962253797E-03  1.42029175531377678E+01
4.00562921652747317E-03  1.42236650731853871E+01
4.01261984343240750E-03  1.42444125932330063E+01
4.01961047033734184E-03  1.42651601132806238E+01
4.02660109724227618E-03  1.42859076333282431E+01
4.03359172414721051E-03  1.43066551533758606E+01
4.04058235105214571E-03  1.43274026734234816E+01
4.04757297795708005E-03  1.43481501934710991E+01
4.05456360486201439E-03  1.43688977135187184E+01
4.06155423176694872E-03  1.43896452335663358E+01
4.06854485867188306E-03  1.44103927536139533E+01
4.07553548557681826E-03  1.44311402736615744E+01
4.08252611248175259E-03  1.44518877937091936E+01
4.08951673938668693E-03  1.44726353137568111E+01
4.09650736629162127E-03  1.44933828338044286E+01
4.10349799319655560E-03  1.45141303538520479E+01
4.11048862010149080E-03  1.45348778738996689E+01
4.11747924700642514E-03  1.45556253939472864E+01
4.12446987391135948E-03  1.45763729139949039E+01
4.13146050081629381E-03  1.45971204340425231E+01
4.13845112772122815E-03  1.46178679540901406E+01
4.14544175462616335E-03  1.46386154741377617E+01
4.15243238153109769E-03  1.46593629941853791E+01
4.15942300843603202E-03  1.46801105142329984E+01
4.16641363534096636E-03  1.47008580342806159E+01
4.17340426224590069E-03  1.47216055543282351E+01
4.18039488915083590E-03  1.47423530743758544E+01
4.18738551605577023E-03  1.47631005944234737E+01
4.19437614296070457E-03  1.47838481144710912E+01
4.20136676986563890E-03  1.48045956345187104E+01
4.20835739677057324E-03  1.48253431545663279E+01
4.21534802367550844E-03  1.48460906746139489E+01
4.22233865058044278E-03  1.48668381946615664E+01
4.22932927748537711E-03  1.48875857147091857E+01
4.23631990439031145E-03  1.49083332347568032E+01
4.24331053129524578E-03  1.49290807548044206E+01
4.25030115820018099E-03  1.49498282748520417E+01
4.25729178510511532E-03  1.49705757948996609E+01
4.26428241201004966E-03  1.49913233149472784E+01
4.27127303891498399E-03  1.50120708349948959E+01
4.27826366581991833E-03  1.50328183550425152E+01
4.28525429272485353E-03  1.50535658750901362E+01
4.29224491962978787E-03  1.50743133951377537E+01
4.29923554653472220E-03  1.50950609151853712E+01
4.30622617343965654E-03  1.51158084352329904E+01
4.31321680034459087E-03  1.51365559552806079E+01
4.32020742724952608E-03  1.51573034753282290E+01
4.32719805415446041E-03  1.51780509953758465E+01
4.33418868105939475E-03  1.51987985154234657E+01
4.34117930796432908E-03  1.52195460354710832E+01
4.34816993486926342E-03  1.52402935555187025E+01
4.35516056177419862E-03  1.52610410755663217E+01
4.36215118867913296E-03  1.52817885956139410E+01
4.36914181558406729E-03  1.53025361156615585E+01
4.37613244248900163E-03  1.53232836357091777E+01
4.38312306939393596E-03  1.53440311557567952E+01
4.39011369629887030E-03  1.53647786758044127E+01
4.39710432320380550E-03  1.53855261958520337E+01
4.40409495010873984E-03  1.54062737158996530E+01
4.41108557701367417E-03  1.54270212359472705E+01
4.41807620391860851E-03  1.54477687559948880E+01
4.42506683082354284E-03  1.54685162760425072E+01
4.43205745772847805E-03  1.54892637960901283E+01
4.43904808463341238E-03  1.55100113161377458E+01
4.44603871153834672E-03  1.55307588361853632E+01
4.45302933844328105E-03  1.55515063562329825E+01
4.46001996534821539E-03  1.55722538762806000E+01
4.46701059225315059E-03  1.55930013963282210E+01
4.47400121915808493E-03  1.56137489163758385E+01
4.48099184606301926E-03  1.56344964364234578E+01
4.48798247296795360E-03  1.56552439564710753E+01
4.49497309987288794E-03  1.56759914765186945E+01
4.50196372677782314E-03  1.56967389965663138E+01
4.50895435368275747E-03  1.57174865166139330E+01
4.51594498058769181E-03  1.57382340366615505E+01
4.52293560749262614E-03  1.57589815567091698E+01
4.52992623439756048E-03  1.57797290767567873E+01
4.53691686130249568E-03  1.58004765968044083E+01
4.54390748820743002E-03  1.58212241168520258E+01
4.55089811511236435E-03  1.58419716368996450E+01
4.55788874201729869E-03  1.58627191569472625E+01
4.56487936892223303E-03  1.58834666769948800E+01
4.57186999582716823E-03  1.59042141970425011E+01
4.57886062273210256E-03  1.59249617170901203E+01
4.58585124963703690E-03  1.59457092371377378E+01
4.59284187654197124E-03  1.59664567571853553E+01
4.59983250344690557E-03  1.59872042772329745E+01
4.60682313035184077E-03  1.60079517972805974E+01
4.61381375725677511E-03  1.60286993173282113E+01
4.62080438416170945E-03  1.60494468373758323E+01
4.62779501106664378E-03  1.60701943574234498E+01
4.63478563797157812E-03  1.60909418774710673E+01
4.64177626487651332E-03  1.61116893975186883E+01
4.64876689178144765E-03  1.61324369175663058E+01
4.65575751868638199E-03  1.61531844376139233E+01
4.66274814559131633E-03  1.61739319576615443E+01
4.66973877249625066E-03  1.61946794777091618E+01
4.67672939940118586E-03  1.62154269977567793E+01
4.68372002630612020E-03  1.62361745178044004E+01
4.69071065321105454E-03  1.62569220378520178E+01
4.69770128011598887E-03  1.62776695578996353E+01
4.70469190702092321E-03  1.62984170779472564E+01
4.71168253392585841E-03  1.63191645979948774E+01
4.71867316083079275E-03  1.63399121180424913E+01
4.72566378773572708E-03  1.63606596380901124E+01
4.73265441464066142E-03  1.63814071581377299E+01
4.73964504154559575E-03  1.64021546781853473E+01
4.74663566845053096E-03  1.64229021982329684E+01
4.75362629535546529E-03  1.64436497182805894E+01
4.76061692226039963E-03  1.64643972383282033E+01
4.76760754916533396E-03  1.64851447583758244E+01
4.77459817607026830E-03  1.65058922784234419E+01
4.78158880297520350E-03  1.65266397984710629E+01
4.78857942988013784E-03  1.65473873185186804E+01
4.79557005678507217E-03  1.65681348385662979E+01
4.80256068369000651E-03  1.65888823586139154E+01
4.80955131059494084E-03  1.66096298786615364E+01
4.81654193749987605E-03  1.66303773987091574E+01
4.82353256440481038E-03  1.66511249187567714E+01
4.83052319130974472E-03  1.66718724388043924E+01
4.83751381821467905E-03  1.66926199588520099E+01
4.84450444511961339E-03  1.67133674788996274E+01
4.85149507202454859E-03  1.67341149989472484E+01
4.85848569892948293E-03  1.67548625189948694E+01
4.86547632583441726E-03  1.67756100390424834E+01
4.87246695273935160E-03  1.67963575590901044E+01
4.87945757964428593E-03  1.68171050791377219E+01
4.88644820654922114E-03  1.68378525991853429E+01
4.89343883345415547E-03  1.68586001192329604E+01
4.90042946035908981E-03  1.68793476392805815E+01
4.90742008726402414E-03  1.69000951593281954E+01
4.91441071416895848E-03  1.69208426793758164E+01
4.92140134107389368E-03  1.69415901994234375E+01
4.92839196797882802E-03  1.69623377194710550E+01
4.93538259488376235E-03  1.69830852395186724E+01
4.94237322178869669E-03  1.70038327595662899E+01
4.94936384869363102E-03  1.70245802796139074E+01
4.95635447559856623E-03  1.70453277996615284E+01
4.96334510250350056E-03  1.70660753197091495E+01
4.97033572940843490E-03  1.70868228397567634E+01
4.97732635631336923E-03  1.71075703598043845E+01
4.98431698321830357E-03  1.71283178798520019E+01
4.99130761012323877E-03  1.71490653998996230E+01
4.99829823702817311E-03  1.71698129199472405E+01
5.00528886393310744E-03  1.71905604399948615E+01
5.01227949083804178E-03  1.72113079600424754E+01
5.01927011774297611E-03  1.72320554800900965E+01
5.02626074464791132E-03  1.72528030001377175E+01
5.03325137155284565E-03  1.72735505201853350E+01
5.04024199845777999E-03  1.72942980402329525E+01
5.04723262536271432E-03  1.73150455602805700E+01
5.05422325226764866E-03  1.73357930803281874E+01
5.06121387917258386E-03  1.73565406003758085E+01
5.06820450607751820E-03  1.73772881204234295E+01
5.07519513298245253E-03  1.73980356404710435E+01
5.08218575988738687E-03  1.74187831605186645E+01
5.08917638679232121E-03  1.74395306805662820E+01
5.09616701369725641E-03  1.74602782006139030E+01
5.10315764060219074E-03  1.74810257206615205E+01
5.11014826750712508E-03  1.75017732407091415E+01
5.11713889441205941E-03  1.75225207607567555E+01
5.12412952131699375E-03  1.75432682808043765E+01
5.13112014822192895E-03  1.75640158008519975E+01
5.13811077512686329E-03  1.75847633208996150E+01
5.14510140203179762E-03  1.76055108409472325E+01
5.15209202893673196E-03  1.76262583609948535E+01
5.15908265584166630E-03  1.76470058810424675E+01
5.16607328274660150E-03  1.76677534010900885E+01
5.17306390965153583E-03  1.76885009211377096E+01
5.18005453655647017E-03  1.77092484411853270E+01
5.18704516346140451E-03  1.77299959612329445E+01
5.19403579036633884E-03  1.77507434812805620E+01
5.20102641727127318E-03  1.77714910013281795E+01
5.20801704417620838E-03  1.77922385213758005E+01
5.21500767108114271E-03  1.78129860414234216E+01
5.22199829798607705E-03  1.78337335614710355E+01
5.22898892489101139E-03  1.78544810815186565E+01
5.23597955179594572E-03  1.78752286015662740E+01
5.24297017870088092E-03  1.78959761216138951E+01
5.24996080560581526E-03  1.79167236416615125E+01
5.25695143251074960E-03  1.79374711617091336E+01
5.26394205941568393E-03  1.79582186817567475E+01
5.27093268632061827E-03  1.79789662018043686E+01
5.27792331322555347E-03  1.79997137218519896E+01
5.28491394013048781E-03  1.80204612418996071E+01
5.29190456703542214E-03  1.80412087619472246E+01
5.29889519394035648E-03  1.80619562819948456E+01
5.30588582084529081E-03  1.80827038020424595E+01
5.31287644775022602E-03  1.81034513220900806E+01
5.31986707465516035E-03  1.81241988421377016E+01
5.32685770156009469E-03  1.81449463621853191E+01
5.33384832846502902E-03  1.81656938822329366E+01
5.34083895536996336E-03  1.81864414022805541E+01
5.34782958227489856E-03  1.82071889223281751E+01
5.35482020917983290E-03  1.82279364423757926E+01
5.36181083608476723E-03  1.82486839624234136E+01
5.36880146298970157E-03  1.82694314824710276E+01
5.37579208989463590E-03  1.82901790025186486E+01
5.38278271679957111E-03  1.83109265225662696E+01
5.38977334370450544E-03  1.83316740426138871E+01
5.39676397060943978E-03  1.83524215626615046E+01
5.40375459751437411E-03  1.83731690827091221E+01
5.41074522441930845E-03  1.83939166027567431E+01
5.41773585132424365E-03  1.84146641228043642E+01
5.42472647822917799E-03  1.84354116428519816E+01
5.43171710513411232E-03  1.84561591628995991E+01
5.43870773203904666E-03  1.84769066829472166E+01
5.44569835894398099E-03  1.84976542029948341E+01
5.45268898584891620E-03  1.85184017230424551E+01
5.45967961275385053E-03  1.85391492430900726E+01
5.46667023965878487E-03  1.85598967631376937E+01
5.47366086656371920E-03  1.85806442831853111E+01
5.48065149346865354E-03  1.86013918032329286E+01
5.48764212037358874E-03  1.86221393232805497E+01
5.49463274727852308E-03  1.86428868433281671E+01
5.50162337418345741E-03  1.86636343633757846E+01
5.50861400108839175E-03  1.86843818834234057E+01
5.51560462799332608E-03  1.87051294034710232E+01
5.52259525489826129E-03  1.87258769235186442E+01
5.52958588180319562E-03  1.87466244435662617E+01
5.53657650870812996E-03  1.87673719636138792E+01
5.54356713561306429E-03  1.87881194836614966E+01
5.55055776251799863E-03  1.88088670037091141E+01
5.55754838942293383E-03  1.88296145237567352E+01
5.56453901632786817E-03  1.88503620438043562E+01
5.57152964323280250E-03  1.88711095638519737E+01
5.57852027013773684E-03  1.88918570838995912E+01
5.58551089704267117E-03  1.89126046039472087E+01
5.59250152394760638E-03  1.89333521239948297E+01
5.59949215085254071E-03  1.89540996440424472E+01
5.60648277775747505E-03  1.89748471640900647E+01
5.61347340466240938E-03  1.89955946841376857E+01
5.62046403156734372E-03  1.90163422041853032E+01
5.62745465847227892E-03  1.90370897242329242E+01
5.63444528537721326E-03  1.90578372442805417E+01
5.64143591228214759E-03  1.90785847643281592E+01
5.64842653918708193E-03  1.90993322843757767E+01
5.65541716609201627E-03  1.91200798044233977E+01
5.66240779299695147E-03  1.91408273244710152E+01
5.66939841990188580E-03  1.91615748445186362E+01
5.67638904680682014E-03  1.91823223645662537E+01
5.68337967371175447E-03  1.92030698846138712E+01
5.69037030061668881E-03  1.92238174046614887E+01
5.69736092752162401E-03  1.92445649247091097E+01
5.70435155442655835E-03  1.92653124447567272E+01
5.71134218133149268E-03  1.92860599648043483E+01
5.71833280823642702E-03  1.93068074848519657E+01
5.72532343514136136E-03  1.93275550048995832E+01
5.73231406204629656E-03  1.93483025249472043E+01
5.73930468895123089E-03  1.93690500449948217E+01
5.74629531585616523E-03  1.93897975650424392E+01
5.75328594276109957E-03  1.94105450850900567E+01
5.76027656966603390E-03  1.94312926051376778E+01
5.76726719657096910E-03  1.94520401251852988E+01
5.77425782347590344E-03  1.94727876452329163E+01
5.78124845038083778E-03  1.94935351652805338E+01
5.78823907728577211E-03  1.95142826853281512E+01
5.79522970419070645E-03  1.95350302053757687E+01
5.80222033109564165E-03  1.95557777254233898E+01
5.80921095800057598E-03  1.95765252454710073E+01
5.81620158490551032E-03  1.95972727655186283E+01
5.82319221181044466E-03  1.96180202855662458E+01
5.83018283871537899E-03  1.96387678056138633E+01
5.83717346562031419E-03  1.96595153256614843E+01
5.84416409252524853E-03  1.96802628457091018E+01
5.85115471943018287E-03  1.97010103657567193E+01
5.85814534633511720E-03  1.97217578858043368E+01
5.86513597324005154E-03  1.97425054058519578E+01
5.87212660014498674E-03  1.97632529258995788E+01
5.87911722704992108E-03  1.97840004459471963E+01
5.88610785395485541E-03  1.98047479659948138E+01
5.89309848085978975E-03  1.98254954860424313E+01
5.90008910776472408E-03  1.98462430060900488E+01
5.90707973466965928E-03  1.98669905261376698E+01
5.91407036157459362E-03  1.98877380461852908E+01
5.92106098847952796E-03  1.99084855662329083E+01
5.92805161538446229E-03  1.99292330862805258E+01
5.93504224228939663E-03  1.99499806063281433E+01
5.94203286919433183E-03  1.99707281263757643E+01
5.94902349609926617E-03  1.99914756464233818E+01
5.95601412300420050E-03  2.00122231664709993E+01
5.96300474990913484E-03  2.00329706865186203E+01
5.96999537681406917E-03  2.00537182065662378E+01
5.97698600371900351E-03  2.00744657266138553E+01
5.98397663062393871E-03  2.00952132466614763E+01
5.99096725752887305E-03  2.01159607667090938E+01
5.99795788443380738E-03  2.01367082867567113E+01
6.00494851133874172E-03  2.01574558068043288E+01
6.01193913824367605E-03  2.01782033268519498E+01
6.01892976514861126E-03  2.01989508468995709E+01
6.02592039205354559E-03  2.02196983669471884E+01
6.03291101895847993E-03  2.02404458869948058E+01
6.03990164586341426E-03  2.02611934070424233E+01
6.04689227276834860E-03  2.02819409270900408E+01
6.05388289967328380E-03  2.03026884471376619E+01
6.06087352657821814E-03  2.03234359671852793E+01
6.06786415348315247E-03  2.03441834872329004E+01
6.07485478038808681E-03  2.03649310072805179E+01
6.08184540729302114E-03  2.03856785273281353E+01
6.08883603419795635E-03  2.04064260473757564E+01
6.09582666110289068E-03  2.04271735674233739E+01
6.10281728800782502E-03  2.04479210874709914E+01
6.10980791491275935E-03  2.04686686075186124E+01
6.11679854181769369E-03  2.04894161275662299E+01
6.12378916872262889E-03  2.05101636476138509E+01
6.13077979562756323E-03  2.05309111676614684E+01
6.13777042253249756E-03  2.05516586877090859E+01
6.14476104943743190E-03  2.05724062077567034E+01
6.15175167634236623E-03  2.05931537278043209E+01
6.15874230324730144E-03  2.06139012478519419E+01
6.16573293015223577E-03  2.06346487678995629E+01
6.17272355705717011E-03  2.06553962879471804E+01
6.17971418396210444E-03  2.06761438079947979E+01
6.18670481086703878E-03  2.06968913280424154E+01
6.19369543777197398E-03  2.07176388480900364E+01
6.20068606467690832E-03  2.07383863681376539E+01
6.20767669158184265E-03  2.07591338881852714E+01
6.21466731848677699E-03  2.07798814082328924E+01
6.22165794539171133E-03  2.08006289282805099E+01
6.22864857229664653E-03  2.08213764483281309E+01
6.23563919920158086E-03  2.08421239683757484E+01
6.24262982610651520E-03  2.08628714884233659E+01
6.24962045301144953E-03  2.08836190084709834E+01
6.25661107991638387E-03  2.09043665285186044E+01
6.26360170682131907E-03  2.09251140485662219E+01
6.27059233372625341E-03  2.09458615686138430E+01
6.27758296063118774E-03  2.09666090886614604E+01
6.28457358753612208E-03  2.09873566087090779E+01
6.29156421444105642E-03  2.10081041287566954E+01
6.29855484134599162E-03  2.10288516488043165E+01
6.30554546825092595E-03  2.10495991688519339E+01
6.31253609515586029E-03  2.10703466888995550E+01
6.31952672206079463E-03  2.10910942089471725E+01
6.32651734896572896E-03  2.11118417289947899E+01
6.33350797587066416E-03  2.11325892490424110E+01
6.34049860277559850E-03  2.11533367690900285E+01
6.34748922968053284E-03  2.11740842891376460E+01
6.35447985658546717E-03  2.11948318091852634E+01
6.36147048349040151E-03  2.12155793292328845E+01
6.36846111039533671E-03  2.12363268492805055E+01
6.37545173730027104E-03  2.12570743693281230E+01
6.38244236420520538E-03  2.12778218893757405E+01
6.38943299111013972E-03  2.12985694094233580E+01
6.39642361801507405E-03  2.13193169294709755E+01
6.40341424492000925E-03  2.13400644495185965E+01
6.41040487182494359E-03  2.13608119695662140E+01
6.41739549872987793E-03  2.13815594896138350E+01
6.42438612563481226E-03  2.14023070096614525E+01
6.43137675253974660E-03  2.14230545297090700E+01
6.43836737944468180E-03  2.14438020497566910E+01
6.44535800634961614E-03  2.14645495698043085E+01
6.45234863325455047E-03  2.14852970898519260E+01
6.45933926015948481E-03  2.15060446098995470E+01
6.46632988706441914E-03  2.15267921299471645E+01
6.47332051396935435E-03  2.15475396499947855E+01
6.48031114087428868E-03  2.15682871700424030E+01
6.48730176777922302E-03  2.15890346900900205E+01
6.49429239468415735E-03  2.16097822101376380E+01
6.50128302158909169E-03  2.16305297301852555E+01
6.50827364849402689E-03  2.16512772502328765E+01
6.51526427539896123E-03  2.16720247702804976E+01
6.52225490230389556E-03  2.16927722903281150E+01
6.52924552920882990E-03  2.17135198103757325E+01
6.53623615611376423E-03  2.17342673304233500E+01
6.54322678301869944E-03  2.17550148504709711E+01
6.55021740992363377E-03  2.17757623705185885E+01
6.55720803682856811E-03  2.17965098905662060E+01
6.56419866373350244E-03  2.18172574106138271E+01
6.57118929063843678E-03  2.18380049306614445E+01
6.57817991754337198E-03  2.18587524507090656E+01
6.58517054444830632E-03  2.18794999707566831E+01
6.59216117135324065E-03  2.19002474908043006E+01
6.59915179825817499E-03  2.19209950108519180E+01
6.60614242516310932E-03  2.19417425308995391E+01
6.61313305206804453E-03  2.19624900509471566E+01
6.62012367897297886E-03  2.19832375709947776E+01
6.62711430587791320E-03  2.20039850910423951E+01
6.63410493278284753E-03  2.20247326110900126E+01
6.64109555968778187E-03  2.20454801311376301E+01
6.64808618659271707E-03  2.20662276511852511E+01
6.65507681349765141E-03  2.20869751712328686E+01
6.66206744040258574E-03  2.21077226912804896E+01
6.66905806730752008E-03  2.21284702113281071E+01
6.67604869421245441E-03  2.21492177313757246E+01
6.68303932111738962E-03  2.21699652514233456E+01
6.69002994802232395E-03  2.21907127714709631E+01
6.69702057492725829E-03  2.22114602915185806E+01
6.70401120183219262E-03  2.22322078115661981E+01
6.71100182873712696E-03  2.22529553316138191E+01
6.71799245564206216E-03  2.22737028516614401E+01
6.72498308254699650E-03  2.22944503717090576E+01
6.73197370945193083E-03  2.23151978917566751E+01
6.73896433635686517E-03  2.23359454118042926E+01
6.74595496326179950E-03  2.23566929318519101E+01
6.75294559016673471E-03  2.23774404518995311E+01
6.75993621707166904E-03  2.23981879719471486E+01
6.76692684397660338E-03  2.24189354919947696E+01
6.77391747088153771E-03  2.24396830120423871E+01
6.78090809778647205E-03  2.24604305320900046E+01
6.78789872469140639E-03  2.24811780521376221E+01
6.79488935159634159E-03  2.25019255721852431E+01
6.80187997850127592E-03  2.25226730922328606E+01
6.80887060540621026E-03  2.25434206122804817E+01
6.81586123231114459E-03  2.25641681323280991E+01
6.82285185921607893E-03  2.25849156523757166E+01
6.82984248612101413E-03  2.26056631724233377E+01
6.83683311302594847E-03  2.26264106924709552E+01
6.84382373993088280E-03  2.26471582125185726E+01
6.85081436683581714E-03  2.26679057325661901E+01
6.85780499374075148E-03  2.26886532526138112E+01
6.86479562064568668E-03  2.27094007726614322E+01
6.87178624755062101E-03  2.27301482927090497E+01
6.87877687445555535E-03  2.27508958127566672E+01
6.88576750136048969E-03  2.27716433328042847E+01
6.89275812826542402E-03  2.27923908528519021E+01
6.89974875517035922E-03  2.28131383728995232E+01
6.90673938207529356E-03  2.28338858929471407E+01
6.91373000898022790E-03  2.28546334129947617E+01
6.92072063588516223E-03  2.28753809330423792E+01
6.92771126279009657E-03  2.28961284530899967E+01
6.93470188969503177E-03  2.29168759731376177E+01
6.94169251659996610E-03  2.29376234931852352E+01
6.94868314350490044E-03  2.29583710132328527E+01
6.95567377040983478E-03  2.29791185332804737E+01
6.96266439731476911E-03  2.29998660533280912E+01
6.96965502421970431E-03  2.30206135733757122E+01
6.97664565112463865E-03  2.30413610934233297E+01
