0.00000000000000000E+00  0.00000000000000000E+00
6.51828522820383182E-06  1.84929630579184295E-01
1.30365704564076636E-05  3.69859261158368591E-01
1.95548556846114946E-05  5.54788891737552858E-01
2.60731409128153273E-05  7.39718522316737181E-01
3.25914261410191599E-05  9.24648152895921505E-01
3.91097113692229892E-05  1.10957778347510572E+00
4.56279965974268253E-05  1.29450741405429004E+00
5.21462818256306546E-05  1.47943704463347436E+00
5.86645670538344838E-05  1.66436667521265846E+00
6.51828522820383199E-05  1.84929630579184301E+00
7.17011375102421492E-05  2.03422593637102711E+00
7.82194227384459784E-05  2.21915556695021143E+00
8.47377079666498077E-05  2.40408519752939576E+00
9.12559931948536506E-05  2.58901482810858008E+00
9.77742784230574798E-05  2.77394445868776440E+00
1.04292563651261309E-04  2.86968470832110878E+00
1.10810848879465138E-04  2.87930079488325497E+00
1.17329134107668968E-04  2.88891688144540160E+00
1.23847419335872811E-04  2.89853296800754823E+00
1.30365704564076640E-04  2.90814905456969441E+00
1.36883989792280469E-04  2.91776514113184104E+00
1.43402275020484298E-04  2.92738122769398768E+00
1.49920560248688128E-04  2.93699731425613386E+00
1.56438845476891957E-04  2.94661340081828049E+00
1.62957130705095786E-04  2.95622948738042712E+00
1.69475415933299615E-04  2.96584557394257331E+00
1.75993701161503472E-04  2.97546166050471994E+00
1.82511986389707301E-04  2.98507774706686657E+00
1.89030271617911130E-04  2.99469383362901276E+00
1.95548556846114960E-04  3.00430992019115939E+00
2.02066842074318789E-04  3.01392600675330602E+00
2.08585127302522618E-04  3.02354209331545221E+00
2.15103412530726448E-04  3.03315817987759884E+00
2.21621697758930277E-04  3.04277426643974547E+00
2.28139982987134106E-04  3.05239035300189165E+00
2.34658268215337935E-04  3.06200643956403828E+00
2.41176553443541765E-04  3.07162252612618492E+00
2.47694838671745621E-04  3.08123861268833155E+00
2.54213123899949423E-04  3.09085469925047773E+00
2.60731409128153280E-04  3.10047078581262436E+00
2.67249694356357082E-04  3.11008687237477055E+00
2.73767979584560938E-04  3.11970295893691718E+00
2.80286264812764795E-04  3.12931904549906381E+00
2.86804550040968597E-04  3.13893513206121044E+00
2.93322835269172453E-04  3.14855121862335663E+00
2.99841120497376255E-04  3.15816730518550326E+00
3.06359405725580112E-04  3.16778339174764989E+00
3.12877690953783914E-04  3.17739947830979608E+00
3.19395976181987770E-04  3.18701556487194271E+00
3.25914261410191572E-04  3.19663165143408934E+00
3.32432546638395429E-04  3.20624773799623553E+00
3.38950831866599231E-04  3.21586382455838216E+00
3.45469117094803087E-04  3.22547991112052879E+00
3.51987402323006944E-04  3.23509599768267542E+00
3.58505687551210746E-04  3.24471208424482160E+00
3.65023972779414602E-04  3.25432817080696823E+00
3.71542258007618404E-04  3.26394425736911442E+00
3.78060543235822261E-04  3.27356034393126105E+00
3.84578828464026063E-04  3.28317643049340768E+00
3.91097113692229919E-04  3.29279251705555431E+00
3.97615398920433722E-04  3.30240860361770050E+00
4.04133684148637578E-04  3.31202469017984713E+00
4.10651969376841380E-04  3.32164077674199332E+00
4.17170254605045236E-04  3.33125686330413995E+00
4.23688539833249093E-04  3.34087294986628658E+00
4.30206825061452895E-04  3.35048903642843321E+00
4.36725110289656751E-04  3.36010512299057940E+00
4.43243395517860554E-04  3.36972120955272603E+00
4.49761680746064410E-04  3.37933729611487266E+00
4.56279965974268212E-04  3.38895338267701884E+00
4.62798251202472069E-04  3.39856946923916547E+00
4.69316536430675871E-04  3.40818555580131211E+00
4.75834821658879727E-04  3.41780164236345829E+00
4.82353106887083529E-04  3.42741772892560492E+00
4.88871392115287386E-04  3.43703381548775155E+00
4.95389677343491242E-04  3.44664990204989774E+00
5.01907962571695098E-04  3.45626598861204437E+00
5.08426247799898846E-04  3.46588207517419100E+00
5.14944533028102703E-04  3.47549816173633719E+00
5.21462818256306559E-04  3.48511424829848382E+00
5.27981103484510416E-04  3.49473033486063045E+00
5.34499388712714163E-04  3.50434642142277664E+00
5.41017673940918020E-04  3.51396250798492327E+00
5.47535959169121876E-04  3.52357859454706990E+00
5.54054244397325733E-04  3.53319468110921608E+00
5.60572529625529589E-04  3.54281076767136271E+00
5.67090814853733337E-04  3.55242685423350935E+00
5.73609100081937193E-04  3.56204294079565553E+00
5.80127385310141050E-04  3.57165902735780216E+00
5.86645670538344906E-04  3.58127511391994879E+00
5.93163955766548654E-04  3.59089120048209498E+00
5.99682240994752510E-04  3.60050728704424161E+00
6.06200526222956367E-04  3.61012337360638824E+00
6.12718811451160223E-04  3.61973946016853443E+00
6.19237096679363971E-04  3.62935554673068106E+00
6.25755381907567828E-04  3.63897163329282769E+00
6.32273667135771684E-04  3.64858771985497388E+00
6.38791952363975540E-04  3.65820380641712051E+00
6.45310237592179397E-04  3.66781989297926714E+00
6.51828522820383145E-04  3.67743597954141332E+00
6.58346808048587001E-04  3.68705206610355996E+00
6.64865093276790857E-04  3.69666815266570659E+00
6.71383378504994714E-04  3.70628423922785277E+00
6.77901663733198462E-04  3.71590032578999940E+00
6.84419948961402318E-04  3.72551641235214603E+00
6.90938234189606175E-04  3.73513249891429222E+00
6.97456519417810031E-04  3.74474858547643885E+00
7.03974804646013887E-04  3.75436467203858548E+00
7.10493089874217635E-04  3.76398075860073167E+00
7.17011375102421492E-04  3.77359684516287830E+00
7.23529660330625348E-04  3.78321293172502493E+00
7.30047945558829204E-04  3.79282901828717112E+00
7.36566230787032952E-04  3.80244510484931775E+00
7.43084516015236809E-04  3.81206119141146438E+00
7.49602801243440665E-04  3.82167727797361056E+00
7.56121086471644522E-04  3.83129336453575720E+00
7.62639371699848270E-04  3.84090945109790383E+00
7.69157656928052126E-04  3.85052553766005001E+00
7.75675942156255982E-04  3.86014162422219664E+00
7.82194227384459839E-04  3.86975771078434327E+00
7.88712512612663695E-04  3.87937379734648946E+00
7.95230797840867443E-04  3.88898988390863609E+00
8.01749083069071299E-04  3.89860597047078272E+00
8.08267368297275156E-04  3.91566557756995604E+00
8.14785653525479012E-04  3.93752564552865714E+00
8.21303938753682760E-04  3.95938571348735824E+00
8.27822223981886617E-04  3.98124578144605978E+00
8.34340509210090473E-04  4.00310584940476133E+00
8.40858794438294329E-04  4.02496591736346243E+00
8.47377079666498186E-04  4.04682598532216353E+00
8.53895364894701934E-04  4.06868605328086463E+00
8.60413650122905790E-04  4.09054612123956574E+00
8.66931935351109646E-04  4.11240618919826773E+00
8.73450220579313503E-04  4.13426625715696883E+00
8.79968505807517251E-04  4.15612632511566993E+00
8.86486791035721107E-04  4.17798639307437103E+00
8.93005076263924964E-04  4.19984646103307213E+00
8.99523361492128820E-04  4.22170652899177412E+00
9.06041646720332676E-04  4.24356659695047522E+00
9.12559931948536424E-04  4.26542666490917632E+00
9.19078217176740281E-04  4.28728673286787743E+00
9.25596502404944137E-04  4.30914680082657853E+00
9.32114787633147993E-04  4.33100686878528052E+00
9.38633072861351741E-04  4.35286693674398073E+00
9.45151358089555598E-04  4.37472700470268272E+00
9.51669643317759454E-04  4.39658707266138382E+00
9.58187928545963311E-04  4.41844714062008492E+00
9.64706213774167059E-04  4.44030720857878602E+00
9.71224499002370915E-04  4.46216727653748713E+00
9.77742784230574771E-04  4.48402734449618912E+00
9.84261069458778519E-04  4.50588741245488933E+00
9.90779354686982484E-04  4.52774748041359132E+00
9.97297639915186232E-04  4.54960754837229242E+00
1.00381592514339020E-03  4.57146761633099352E+00
1.01033421037159394E-03  4.59332768428969551E+00
1.01685249559979769E-03  4.61518775224839573E+00
1.02337078082800166E-03  4.63704782020709771E+00
1.02988906605620541E-03  4.65890788816579882E+00
1.03640735128440915E-03  4.68076795612449992E+00
1.04292563651261312E-03  4.70262802408320191E+00
1.04944392174081687E-03  4.72448809204190212E+00
1.05596220696902083E-03  4.74634816000060411E+00
1.06248049219722458E-03  4.76820822795930521E+00
1.06899877742542833E-03  4.79006829591800631E+00
1.07551706265363229E-03  4.81192836387670830E+00
1.08203534788183604E-03  4.83378843183540852E+00
1.08855363311004000E-03  4.85564849979411051E+00
1.09507191833824375E-03  4.87750856775281161E+00
1.10159020356644750E-03  4.89936863571151271E+00
1.10810848879465147E-03  4.92122870367021470E+00
1.11462677402285521E-03  4.94308877162891491E+00
1.12114505925105918E-03  4.96494883958761690E+00
1.12766334447926293E-03  4.98680890754631800E+00
1.13418162970746667E-03  5.00866897550501911E+00
1.14069991493567064E-03  5.03052904346372110E+00
1.14721820016387439E-03  5.05238911142242131E+00
1.15373648539207813E-03  5.07424917938112241E+00
1.16025477062028210E-03  5.09610924733982440E+00
1.16677305584848585E-03  5.11796931529852550E+00
1.17329134107668981E-03  5.13982938325722749E+00
1.17980962630489356E-03  5.16168945121592770E+00
1.18632791153309731E-03  5.18354951917462881E+00
1.19284619676130127E-03  5.20540958713333080E+00
1.19936448198950502E-03  5.22726965509203190E+00
1.20588276721770899E-03  5.24912972305073300E+00
1.21240105244591273E-03  5.27098979100943410E+00
1.21891933767411648E-03  5.29284985896813520E+00
1.22543762290232045E-03  5.31470992692683719E+00
1.23195590813052419E-03  5.33656999488553829E+00
1.23847419335872794E-03  5.35843006284423939E+00
1.24499247858693191E-03  5.38029013080294050E+00
1.25151076381513566E-03  5.40215019876164160E+00
1.25802904904333962E-03  5.42401026672034359E+00
1.26454733427154337E-03  5.44587033467904469E+00
1.27106561949974712E-03  5.46773040263774579E+00
1.27758390472795108E-03  5.48959047059644689E+00
1.28410218995615483E-03  5.51145053855514799E+00
1.29062047518435879E-03  5.53331060651384998E+00
1.29713876041256254E-03  5.55517067447255108E+00
1.30365704564076629E-03  5.57703074243125130E+00
1.31017533086897025E-03  5.59889081038995329E+00
1.31669361609717400E-03  5.62075087834865439E+00
1.32321190132537797E-03  5.64261094630735638E+00
1.32973018655358171E-03  5.66447101426605748E+00
1.33624847178178546E-03  5.68633108222475769E+00
1.34276675700998943E-03  5.70819115018345968E+00
1.34928504223819318E-03  5.73005121814216078E+00
1.35580332746639692E-03  5.75191128610086189E+00
1.36232161269460089E-03  5.77377135405956388E+00
1.36883989792280464E-03  5.79563142201826409E+00
1.37535818315100860E-03  5.81749148997696608E+00
1.38187646837921235E-03  5.83935155793566718E+00
1.38839475360741610E-03  5.86121162589436828E+00
1.39491303883562006E-03  5.88307169385307027E+00
1.40143132406382381E-03  5.90493176181177049E+00
1.40794960929202777E-03  5.92679182977047248E+00
1.41446789452023152E-03  5.94865189772917358E+00
1.42098617974843527E-03  5.97051196568787468E+00
1.42750446497663924E-03  5.99237203364657667E+00
1.43402275020484298E-03  6.01423210160527688E+00
1.44054103543304673E-03  6.03609216956397798E+00
1.44705932066125070E-03  6.05795223752267997E+00
1.45357760588945444E-03  6.07981230548138107E+00
1.46009589111765841E-03  6.10167237344008218E+00
1.46661417634586216E-03  6.12353244139878328E+00
1.47313246157406590E-03  6.14539250935748438E+00
1.47965074680226987E-03  6.16725257731618637E+00
1.48616903203047362E-03  6.18911264527488747E+00
1.49268731725867758E-03  6.21097271323358857E+00
1.49920560248688133E-03  6.23283278119228967E+00
1.50572388771508508E-03  6.25469284915099077E+00
1.51224217294328904E-03  6.27655291710969276E+00
1.51876045817149279E-03  6.29841298506839387E+00
1.52527874339969654E-03  6.32027305302709497E+00
1.53179702862790050E-03  6.34213312098579607E+00
1.53831531385610425E-03  6.36399318894449717E+00
1.54483359908430822E-03  6.38585325690319916E+00
1.55135188431251196E-03  6.40771332486190026E+00
1.55787016954071571E-03  6.42957339282060136E+00
1.56438845476891968E-03  6.45143346077930246E+00
1.57090673999712343E-03  6.47329352873800357E+00
1.57742502522532739E-03  6.49515359669670556E+00
1.58394331045353114E-03  6.51701366465540666E+00
1.59046159568173489E-03  6.53887373261410776E+00
1.59697988090993885E-03  6.56073380057280886E+00
1.60349816613814260E-03  6.58259386853150996E+00
1.61001645136634656E-03  6.60445393649021195E+00
1.61653473659455031E-03  6.62631400444891305E+00
1.62305302182275406E-03  6.64817407240761415E+00
1.62957130705095802E-03  6.67003414036631526E+00
1.63608959227916177E-03  6.69189420832501636E+00
1.64260787750736552E-03  6.71375427628371746E+00
1.64912616273556949E-03  6.73561434424241945E+00
1.65564444796377323E-03  6.75747441220112055E+00
1.66216273319197720E-03  6.77933448015982165E+00
1.66868101842018095E-03  6.80119454811852275E+00
1.67519930364838469E-03  6.82305461607722386E+00
1.68171758887658866E-03  6.84491468403592584E+00
1.68823587410479241E-03  6.86677475199462606E+00
1.69475415933299637E-03  6.88863481995332805E+00
1.70127244456120012E-03  6.91049488791202915E+00
1.70779072978940387E-03  6.93235495587073025E+00
1.71430901501760783E-03  6.95421502382943224E+00
1.72082730024581158E-03  6.97607509178813245E+00
1.72734558547401533E-03  6.99793515974683356E+00
1.73386387070221929E-03  7.01979522770553555E+00
1.74038215593042304E-03  7.04165529566423665E+00
1.74690044115862701E-03  7.06351536362293864E+00
1.75341872638683075E-03  7.08537543158163885E+00
1.75993701161503450E-03  7.10723549954033995E+00
1.76645529684323847E-03  7.12909556749904194E+00
1.77297358207144221E-03  7.15095563545774304E+00
1.77949186729964618E-03  7.17281570341644503E+00
1.78601015252784993E-03  7.19467577137514525E+00
1.79252843775605368E-03  7.21653583933384635E+00
1.79904672298425764E-03  7.23839590729254834E+00
1.80556500821246139E-03  7.26025597525124944E+00
1.81208329344066535E-03  7.28211604320995143E+00
1.81860157866886910E-03  7.30397611116865164E+00
1.82511986389707285E-03  7.32583617912735274E+00
1.83163814912527681E-03  7.34769624708605473E+00
1.83815643435348056E-03  7.36955631504475583E+00
1.84467471958168431E-03  7.39141638300345694E+00
1.85119300480988827E-03  7.41327645096215804E+00
1.85771129003809202E-03  7.43513651892085914E+00
1.86422957526629599E-03  7.45699658687956113E+00
1.87074786049449973E-03  7.47885665483826223E+00
1.87726614572270348E-03  7.50071672279696333E+00
1.88378443095090745E-03  7.52257679075566443E+00
1.89030271617911120E-03  7.54443685871436553E+00
1.89682100140731516E-03  7.56629692667306752E+00
1.90333928663551891E-03  7.58815699463176863E+00
1.90985757186372266E-03  7.61001706259046973E+00
1.91637585709192662E-03  7.63187713054917083E+00
1.92289414232013037E-03  7.65373719850787193E+00
1.92941242754833412E-03  7.67559726646657303E+00
1.93593071277653808E-03  7.69745733442527502E+00
1.94244899800474183E-03  7.71931740238397612E+00
1.94896728323294579E-03  7.74117747034267722E+00
1.95548556846114954E-03  7.76303753830137833E+00
1.96200385368935351E-03  7.78489760626008032E+00
1.96852213891755704E-03  7.80675767421878053E+00
1.97504042414576100E-03  7.82861774217748252E+00
1.98155870937396497E-03  7.85047781013618362E+00
1.98807699460216850E-03  7.87233787809488383E+00
1.99459527983037246E-03  7.89419794605358582E+00
2.00111356505857643E-03  7.91605801401228781E+00
2.00763185028678039E-03  7.93791808197098891E+00
2.01415013551498392E-03  7.95977814992968913E+00
2.02066842074318789E-03  7.98163821788839112E+00
2.02718670597139185E-03  8.00349828584709400E+00
2.03370499119959539E-03  8.02535835380579243E+00
2.04022327642779935E-03  8.04721842176449442E+00
2.04674156165600332E-03  8.06907848972319641E+00
2.05325984688420685E-03  8.09093855768189663E+00
2.05977813211241081E-03  8.11279862564059862E+00
2.06629641734061478E-03  8.13465869359930061E+00
2.07281470256881831E-03  8.15651876155800082E+00
2.07933298779702227E-03  8.17837882951670281E+00
2.08585127302522624E-03  8.20023889747540480E+00
2.09236955825343020E-03  8.22209896543410679E+00
2.09888784348163373E-03  8.24395903339280522E+00
2.10540612870983770E-03  8.26581910135150721E+00
2.11192441393804166E-03  8.28767916931020920E+00
2.11844269916624519E-03  8.30953923726890942E+00
2.12496098439444916E-03  8.33139930522761141E+00
2.13147926962265312E-03  8.35325937318631340E+00
2.13799755485085665E-03  8.37511944114501361E+00
2.14451584007906062E-03  8.39697950910371560E+00
2.15103412530726458E-03  8.41883957706241759E+00
2.15755241053546855E-03  8.44069964502111958E+00
2.16407069576367208E-03  8.46255971297981802E+00
2.17058898099187604E-03  8.48441978093852001E+00
2.17710726622008001E-03  8.50627984889722200E+00
2.18362555144828354E-03  8.52813991685592221E+00
2.19014383667648751E-03  8.54999998481462420E+00
2.19666212190469147E-03  8.57186005277332619E+00
2.20318040713289500E-03  8.59372012073202640E+00
2.20969869236109897E-03  8.61558018869072839E+00
2.21621697758930293E-03  8.63744025664943038E+00
2.22273526281750646E-03  8.65930032460812882E+00
2.22925354804571043E-03  8.68116039256683081E+00
2.23577183327391439E-03  8.70302046052553280E+00
2.24229011850211836E-03  8.72488052848423479E+00
2.24880840373032189E-03  8.74674059644293500E+00
2.25532668895852585E-03  8.76860066440163699E+00
2.26184497418672982E-03  8.79046073236033720E+00
2.26836325941493335E-03  8.81232080031903919E+00
2.27488154464313731E-03  8.83418086827774118E+00
2.28139982987134128E-03  8.85604093623644317E+00
2.28791811509954481E-03  8.87790100419514161E+00
2.29443640032774877E-03  8.89976107215384360E+00
2.30095468555595274E-03  8.92162114011254559E+00
2.30747297078415627E-03  8.94348120807124580E+00
2.31399125601236023E-03  8.96534127602994779E+00
2.32050954124056420E-03  8.98720134398864978E+00
2.32702782646876816E-03  9.00906141194735000E+00
2.33354611169697169E-03  9.03092147990605199E+00
2.34006439692517566E-03  9.05278154786475397E+00
2.34658268215337962E-03  9.07464161582345596E+00
2.35310096738158316E-03  9.09650168378215440E+00
2.35961925260978712E-03  9.11836175174085639E+00
2.36613753783799109E-03  9.14022181969955838E+00
2.37265582306619462E-03  9.16208188765825859E+00
2.37917410829439858E-03  9.18394195561696058E+00
2.38569239352260255E-03  9.20580202357566257E+00
2.39221067875080608E-03  9.22766209153436279E+00
2.39872896397901004E-03  9.24952215949306478E+00
2.40524724920721401E-03  9.27138222745176677E+00
2.41176553443541797E-03  9.29324229541046698E+00
2.41828381966362150E-03  9.31510236336916719E+00
2.42480210489182547E-03  9.33696243132786918E+00
2.43132039012002943E-03  9.35882249928657117E+00
2.43783867534823296E-03  9.38068256724527139E+00
2.44435696057643693E-03  9.40254263520397338E+00
2.45087524580464089E-03  9.42440270316267537E+00
2.45739353103284442E-03  9.44626277112137558E+00
2.46391181626104839E-03  9.46812283908007757E+00
2.47043010148925235E-03  9.48998290703877956E+00
2.47694838671745588E-03  9.51184297499747977E+00
2.48346667194565985E-03  9.53370304295617998E+00
2.48998495717386381E-03  9.55556311091488197E+00
2.49650324240206778E-03  9.57742317887358396E+00
2.50302152763027131E-03  9.59928324683228418E+00
2.50953981285847528E-03  9.62114331479098617E+00
2.51605809808667924E-03  9.64300338274968816E+00
2.52257638331488277E-03  9.66486345070838837E+00
2.52909466854308674E-03  9.68672351866709036E+00
2.53561295377129070E-03  9.70858358662579057E+00
2.54213123899949423E-03  9.73044365458449256E+00
2.54864952422769820E-03  9.75230372254319278E+00
2.55516780945590216E-03  9.77416379050189477E+00
2.56168609468410569E-03  9.79602385846059498E+00
2.56820437991230966E-03  9.81788392641929697E+00
2.57472266514051362E-03  9.83974399437799896E+00
2.58124095036871759E-03  9.86160406233670095E+00
2.58775923559692112E-03  9.88346413029540116E+00
2.59427752082512508E-03  9.90532419825410315E+00
2.60079580605332905E-03  9.92718426621280337E+00
2.60731409128153258E-03  9.94904433417150358E+00
2.61383237650973654E-03  9.97090440213020557E+00
2.62035066173794051E-03  9.99276447008890756E+00
2.62686894696614404E-03  1.00146245380476078E+01
2.63338723219434800E-03  1.00364846060063098E+01
2.63990551742255197E-03  1.00583446739650118E+01
2.64642380265075593E-03  1.00802047419237137E+01
2.65294208787895947E-03  1.01020648098824140E+01
2.65946037310716343E-03  1.01239248778411159E+01
2.66597865833536739E-03  1.01457849457998162E+01
2.67249694356357093E-03  1.01676450137585164E+01
2.67901522879177489E-03  1.01895050817172184E+01
2.68553351401997886E-03  1.02113651496759203E+01
2.69205179924818239E-03  1.02332252176346206E+01
2.69857008447638635E-03  1.02550852855933226E+01
2.70508836970459032E-03  1.02769453535520245E+01
2.71160665493279385E-03  1.02988054215107248E+01
2.71812494016099781E-03  1.03206654894694267E+01
2.72464322538920178E-03  1.03425255574281287E+01
2.73116151061740574E-03  1.03643856253868289E+01
2.73767979584560927E-03  1.03862456933455292E+01
2.74419808107381324E-03  1.04081057613042312E+01
2.75071636630201720E-03  1.04299658292629331E+01
2.75723465153022073E-03  1.04518258972216334E+01
2.76375293675842470E-03  1.04736859651803353E+01
2.77027122198662866E-03  1.04955460331390373E+01
2.77678950721483219E-03  1.05174061010977375E+01
2.78330779244303616E-03  1.05392661690564395E+01
2.78982607767124012E-03  1.05611262370151415E+01
2.79634436289944366E-03  1.05829863049738417E+01
2.80286264812764762E-03  1.06048463729325420E+01
2.80938093335585158E-03  1.06267064408912439E+01
2.81589921858405555E-03  1.06485665088499459E+01
2.82241750381225908E-03  1.06704265768086461E+01
2.82893578904046305E-03  1.06922866447673481E+01
2.83545407426866701E-03  1.07141467127260501E+01
2.84197235949687054E-03  1.07360067806847503E+01
2.84849064472507451E-03  1.07578668486434523E+01
2.85500892995327847E-03  1.07797269166021543E+01
2.86152721518148200E-03  1.08015869845608545E+01
2.86804550040968597E-03  1.08234470525195547E+01
2.87456378563788993E-03  1.08453071204782567E+01
2.88108207086609346E-03  1.08671671884369569E+01
2.88760035609429743E-03  1.08890272563956589E+01
2.89411864132250139E-03  1.09108873243543609E+01
2.90063692655070536E-03  1.09327473923130629E+01
2.90715521177890889E-03  1.09546074602717631E+01
2.91367349700711285E-03  1.09764675282304651E+01
2.92019178223531682E-03  1.09983275961891653E+01
2.92671006746352035E-03  1.10201876641478673E+01
2.93322835269172431E-03  1.10420477321065675E+01
2.93974663791992828E-03  1.10639078000652695E+01
2.94626492314813181E-03  1.10857678680239697E+01
2.95278320837633577E-03  1.11076279359826717E+01
2.95930149360453974E-03  1.11294880039413737E+01
2.96581977883274327E-03  1.11513480719000739E+01
2.97233806406094724E-03  1.11732081398587759E+01
2.97885634928915120E-03  1.11950682078174779E+01
2.98537463451735516E-03  1.12169282757761781E+01
2.99189291974555870E-03  1.12387883437348783E+01
2.99841120497376266E-03  1.12606484116935803E+01
3.00492949020196663E-03  1.12825084796522823E+01
3.01144777543017016E-03  1.13043685476109825E+01
3.01796606065837412E-03  1.13262286155696845E+01
3.02448434588657809E-03  1.13480886835283865E+01
3.03100263111478162E-03  1.13699487514870867E+01
3.03752091634298558E-03  1.13918088194457887E+01
3.04403920157118955E-03  1.14136688874044907E+01
3.05055748679939308E-03  1.14355289553631909E+01
3.05707577202759704E-03  1.14573890233218911E+01
3.06359405725580101E-03  1.14792490912805931E+01
3.07011234248400497E-03  1.15011091592392951E+01
3.07663062771220850E-03  1.15229692271979953E+01
3.08314891294041247E-03  1.15448292951566973E+01
3.08966719816861643E-03  1.15666893631153993E+01
3.09618548339681996E-03  1.15885494310740995E+01
3.10270376862502393E-03  1.16104094990328015E+01
3.10922205385322789E-03  1.16322695669915035E+01
3.11574033908143143E-03  1.16541296349502037E+01
3.12225862430963539E-03  1.16759897029089039E+01
3.12877690953783935E-03  1.16978497708676059E+01
3.13529519476604332E-03  1.17197098388263079E+01
3.14181347999424685E-03  1.17415699067850081E+01
3.14833176522245082E-03  1.17634299747437101E+01
3.15485005045065478E-03  1.17852900427024121E+01
3.16136833567885831E-03  1.18071501106611123E+01
3.16788662090706228E-03  1.18290101786198143E+01
3.17440490613526624E-03  1.18508702465785163E+01
3.18092319136346977E-03  1.18727303145372165E+01
3.18744147659167374E-03  1.18945903824959167E+01
3.19395976181987770E-03  1.19164504504546187E+01
3.20047804704808123E-03  1.19383105184133189E+01
3.20699633227628520E-03  1.19601705863720209E+01
3.21351461750448916E-03  1.19820306543307229E+01
3.22003290273269313E-03  1.20038907222894249E+01
3.22655118796089666E-03  1.20257507902481251E+01
3.23306947318910062E-03  1.20476108582068271E+01
3.23958775841730459E-03  1.20694709261655291E+01
3.24610604364550812E-03  1.20913309941242293E+01
3.25262432887371208E-03  1.21131910620829295E+01
3.25914261410191605E-03  1.21350511300416315E+01
3.26566089933011958E-03  1.21569111980003317E+01
3.27217918455832354E-03  1.21787712659590337E+01
3.27869746978652751E-03  1.22006313339177357E+01
3.28521575501473104E-03  1.22224914018764359E+01
3.29173404024293501E-03  1.22443514698351379E+01
3.29825232547113897E-03  1.22662115377938399E+01
3.30477061069934294E-03  1.22880716057525401E+01
3.31128889592754647E-03  1.23099316737112421E+01
3.31780718115575043E-03  1.23317917416699423E+01
3.32432546638395440E-03  1.23536518096286443E+01
3.33084375161215793E-03  1.23755118775873445E+01
3.33736203684036189E-03  1.23973719455460465E+01
3.34388032206856586E-03  1.24192320135047485E+01
3.35039860729676939E-03  1.24410920814634487E+01
3.35691689252497335E-03  1.24629521494221507E+01
3.36343517775317732E-03  1.24848122173808527E+01
3.36995346298138085E-03  1.25066722853395529E+01
3.37647174820958481E-03  1.25285323532982531E+01
3.38299003343778878E-03  1.25503924212569551E+01
3.38950831866599274E-03  1.25722524892156571E+01
3.39602660389419627E-03  1.25941125571743573E+01
3.40254488912240024E-03  1.26159726251330593E+01
3.40906317435060420E-03  1.26378326930917613E+01
3.41558145957880773E-03  1.26596927610504615E+01
3.42209974480701170E-03  1.26815528290091635E+01
3.42861803003521566E-03  1.27034128969678655E+01
3.43513631526341920E-03  1.27252729649265657E+01
3.44165460049162316E-03  1.27471330328852659E+01
3.44817288571982713E-03  1.27689931008439679E+01
3.45469117094803066E-03  1.27908531688026681E+01
3.46120945617623462E-03  1.28127132367613701E+01
3.46772774140443859E-03  1.28345733047200721E+01
3.47424602663264255E-03  1.28564333726787741E+01
3.48076431186084608E-03  1.28782934406374743E+01
3.48728259708905005E-03  1.29001535085961763E+01
3.49380088231725401E-03  1.29220135765548783E+01
3.50031916754545754E-03  1.29438736445135785E+01
3.50683745277366151E-03  1.29657337124722787E+01
3.51335573800186547E-03  1.29875937804309807E+01
3.51987402323006900E-03  1.30094538483896809E+01
3.52639230845827297E-03  1.30313139163483829E+01
3.53291059368647693E-03  1.30531739843070849E+01
3.53942887891468046E-03  1.30750340522657851E+01
3.54594716414288443E-03  1.30968941202244871E+01
3.55246544937108839E-03  1.31187541881831891E+01
3.55898373459929236E-03  1.31406142561418910E+01
3.56550201982749589E-03  1.31624743241005913E+01
3.57202030505569985E-03  1.31843343920592915E+01
3.57853859028390382E-03  1.32061944600179935E+01
3.58505687551210735E-03  1.32280545279766937E+01
3.59157516074031131E-03  1.32499145959353957E+01
3.59809344596851528E-03  1.32717746638940977E+01
3.60461173119671881E-03  1.32936347318527979E+01
3.61113001642492278E-03  1.33154947998114999E+01
3.61764830165312674E-03  1.33373548677702018E+01
3.62416658688133071E-03  1.33592149357289038E+01
3.63068487210953424E-03  1.33810750036876041E+01
3.63720315733773820E-03  1.34029350716463043E+01
3.64372144256594217E-03  1.34247951396050063E+01
3.65023972779414570E-03  1.34466552075637065E+01
3.65675801302234966E-03  1.34685152755224085E+01
3.66327629825055363E-03  1.34903753434811104E+01
3.66979458347875716E-03  1.35122354114398107E+01
3.67631286870696112E-03  1.35340954793985127E+01
3.68283115393516509E-03  1.35559555473572146E+01
3.68934943916336862E-03  1.35778156153159149E+01
3.69586772439157258E-03  1.35996756832746168E+01
3.70238600961977655E-03  1.36215357512333171E+01
3.70890429484798051E-03  1.36433958191920190E+01
3.71542258007618404E-03  1.36652558871507193E+01
3.72194086530438801E-03  1.36871159551094213E+01
3.72845915053259197E-03  1.37089760230681232E+01
3.73497743576079550E-03  1.37308360910268235E+01
3.74149572098899947E-03  1.37526961589855254E+01
3.74801400621720343E-03  1.37745562269442274E+01
3.75453229144540697E-03  1.37964162949029276E+01
3.76105057667361093E-03  1.38182763628616279E+01
3.76756886190181490E-03  1.38401364308203298E+01
3.77408714713001843E-03  1.38619964987790301E+01
3.78060543235822239E-03  1.38838565667377321E+01
3.78712371758642636E-03  1.39057166346964340E+01
3.79364200281463032E-03  1.39275767026551360E+01
3.80016028804283385E-03  1.39494367706138362E+01
3.80667857327103782E-03  1.39712968385725382E+01
3.81319685849924178E-03  1.39931569065312402E+01
3.81971514372744531E-03  1.40150169744899404E+01
3.82623342895564928E-03  1.40368770424486407E+01
3.83275171418385324E-03  1.40587371104073426E+01
3.83926999941205677E-03  1.40805971783660429E+01
3.84578828464026074E-03  1.41024572463247448E+01
3.85230656986846470E-03  1.41243173142834468E+01
3.85882485509666823E-03  1.41461773822421470E+01
3.86534314032487220E-03  1.41680374502008490E+01
3.87186142555307616E-03  1.41898975181595510E+01
3.87837971078128013E-03  1.42117575861182530E+01
3.88489799600948366E-03  1.42336176540769532E+01
3.89141628123768762E-03  1.42554777220356534E+01
3.89793456646589159E-03  1.42773377899943554E+01
3.90445285169409512E-03  1.42991978579530556E+01
3.91097113692229909E-03  1.43210579259117576E+01
3.91748942215050262E-03  1.43429179938704578E+01
3.92400770737870701E-03  1.43647780618291616E+01
3.93052599260691055E-03  1.43866381297878618E+01
3.93704427783511408E-03  1.44084981977465620E+01
3.94356256306331848E-03  1.44303582657052658E+01
3.95008084829152201E-03  1.44522183336639660E+01
3.95659913351972554E-03  1.44740784016226662E+01
3.96311741874792994E-03  1.44959384695813682E+01
3.96963570397613347E-03  1.45177985375400684E+01
3.97615398920433700E-03  1.45396586054987687E+01
3.98267227443254140E-03  1.45615186734574724E+01
3.98919055966074493E-03  1.45833787414161726E+01
3.99570884488894933E-03  1.46052388093748764E+01
4.00222713011715286E-03  1.46270988773335766E+01
4.00874541534535639E-03  1.46489589452922768E+01
4.01526370057356079E-03  1.46708190132509788E+01
4.02178198580176432E-03  1.46926790812096790E+01
4.02830027102996785E-03  1.47145391491683792E+01
4.03481855625817225E-03  1.47363992171270830E+01
4.04133684148637578E-03  1.47582592850857832E+01
4.04785512671457931E-03  1.47801193530444834E+01
4.05437341194278371E-03  1.48019794210031872E+01
4.06089169717098724E-03  1.48238394889618874E+01
4.06740998239919077E-03  1.48456995569205876E+01
4.07392826762739517E-03  1.48675596248792896E+01
4.08044655285559870E-03  1.48894196928379916E+01
4.08696483808380223E-03  1.49112797607966918E+01
4.09348312331200663E-03  1.49331398287553938E+01
4.10000140854021016E-03  1.49549998967140940E+01
4.10651969376841369E-03  1.49768599646727942E+01
4.11303797899661809E-03  1.49987200326314980E+01
4.11955626422482162E-03  1.50205801005901982E+01
4.12607454945302515E-03  1.50424401685488984E+01
4.13259283468122955E-03  1.50643002365076022E+01
4.13911111990943308E-03  1.50861603044663024E+01
4.14562940513763661E-03  1.51080203724250026E+01
4.15214769036584101E-03  1.51298804403837046E+01
4.15866597559404454E-03  1.51517405083424048E+01
4.16518426082224894E-03  1.51736005763011086E+01
4.17170254605045247E-03  1.51954606442598088E+01
4.17822083127865600E-03  1.52173207122185090E+01
4.18473911650686040E-03  1.52391807801772128E+01
4.19125740173506393E-03  1.52610408481359130E+01
4.19777568696326746E-03  1.52829009160946132E+01
4.20429397219147186E-03  1.53047609840533152E+01
4.21081225741967539E-03  1.53266210520120154E+01
4.21733054264787893E-03  1.53484811199707156E+01
4.22384882787608332E-03  1.53703411879294194E+01
4.23036711310428686E-03  1.53922012558881196E+01
4.23688539833249039E-03  1.54140613238468198E+01
4.24340368356069478E-03  1.54359213918055236E+01
4.24992196878889832E-03  1.54577814597642238E+01
4.25644025401710185E-03  1.54796415277229240E+01
4.26295853924530625E-03  1.55015015956816278E+01
4.26947682447350978E-03  1.55233616636403280E+01
4.27599510970171331E-03  1.55452217315990282E+01
4.28251339492991771E-03  1.55670817995577302E+01
4.28903168015812124E-03  1.55889418675164304E+01
4.29554996538632477E-03  1.56108019354751306E+01
4.30206825061452917E-03  1.56326620034338344E+01
4.30858653584273270E-03  1.56545220713925346E+01
4.31510482107093710E-03  1.56763821393512384E+01
4.32162310629914063E-03  1.56982422073099386E+01
4.32814139152734416E-03  1.57201022752686388E+01
4.33465967675554856E-03  1.57419623432273408E+01
4.34117796198375209E-03  1.57638224111860410E+01
4.34769624721195562E-03  1.57856824791447412E+01
4.35421453244016002E-03  1.58075425471034450E+01
4.36073281766836355E-03  1.58294026150621452E+01
4.36725110289656708E-03  1.58512626830208454E+01
4.37376938812477148E-03  1.58731227509795492E+01
4.38028767335297501E-03  1.58949828189382494E+01
4.38680595858117854E-03  1.59168428868969496E+01
4.39332424380938294E-03  1.59387029548556534E+01
4.39984252903758647E-03  1.59605630228143536E+01
4.40636081426579000E-03  1.59824230907730538E+01
4.41287909949399440E-03  1.60042831587317558E+01
4.41939738472219793E-03  1.60261432266904578E+01
4.42591566995040146E-03  1.60480032946491562E+01
4.43243395517860586E-03  1.60698633626078617E+01
4.43895224040680939E-03  1.60917234305665602E+01
4.44547052563501292E-03  1.61135834985252586E+01
4.45198881086321732E-03  1.61354435664839642E+01
4.45850709609142085E-03  1.61573036344426626E+01
4.46502538131962438E-03  1.61791637024013646E+01
4.47154366654782878E-03  1.62010237703600666E+01
4.47806195177603231E-03  1.62228838383187650E+01
4.48458023700423671E-03  1.62447439062774706E+01
4.49109852223244024E-03  1.62666039742361690E+01
4.49761680746064377E-03  1.62884640421948710E+01
4.50413509268884817E-03  1.63103241101535730E+01
4.51065337791705170E-03  1.63321841781122750E+01
4.51717166314525524E-03  1.63540442460709770E+01
4.52368994837345963E-03  1.63759043140296754E+01
4.53020823360166316E-03  1.63977643819883774E+01
4.53672651882986670E-03  1.64196244499470794E+01
4.54324480405807109E-03  1.64414845179057814E+01
4.54976308928627463E-03  1.64633445858644833E+01
4.55628137451447816E-03  1.64852046538231818E+01
4.56279965974268256E-03  1.65070647217818873E+01
4.56931794497088609E-03  1.65289247897405858E+01
4.57583623019908962E-03  1.65507848576992842E+01
4.58235451542729402E-03  1.65726449256579897E+01
4.58887280065549755E-03  1.65945049936166882E+01
4.59539108588370108E-03  1.66163650615753902E+01
4.60190937111190548E-03  1.66382251295340922E+01
4.60842765634010901E-03  1.66600851974927906E+01
4.61494594156831254E-03  1.66819452654514926E+01
4.62146422679651694E-03  1.67038053334101946E+01
4.62798251202472047E-03  1.67256654013688966E+01
4.63450079725292400E-03  1.67475254693275986E+01
4.64101908248112840E-03  1.67693855372863005E+01
4.64753736770933193E-03  1.67912456052450025E+01
4.65405565293753633E-03  1.68131056732037010E+01
4.66057393816573986E-03  1.68349657411624030E+01
4.66709222339394339E-03  1.68568258091211050E+01
4.67361050862214779E-03  1.68786858770798069E+01
4.68012879385035132E-03  1.69005459450385089E+01
4.68664707907855485E-03  1.69224060129972074E+01
4.69316536430675925E-03  1.69442660809559129E+01
4.69968364953496278E-03  1.69661261489146113E+01
4.70620193476316631E-03  1.69879862168733098E+01
4.71272021999137071E-03  1.70098462848320153E+01
4.71923850521957424E-03  1.70317063527907138E+01
4.72575679044777777E-03  1.70535664207494158E+01
4.73227507567598217E-03  1.70754264887081177E+01
4.73879336090418570E-03  1.70972865566668162E+01
4.74531164613238923E-03  1.71191466246255182E+01
4.75182993136059363E-03  1.71410066925842202E+01
4.75834821658879716E-03  1.71628667605429222E+01
4.76486650181700069E-03  1.71847268285016241E+01
4.77138478704520509E-03  1.72065868964603261E+01
4.77790307227340862E-03  1.72284469644190246E+01
4.78442135750161215E-03  1.72503070323777266E+01
4.79093964272981655E-03  1.72721671003364285E+01
4.79745792795802008E-03  1.72940271682951305E+01
4.80397621318622448E-03  1.73158872362538325E+01
4.81049449841442801E-03  1.73377473042125345E+01
4.81701278364263154E-03  1.73596073721712330E+01
4.82353106887083594E-03  1.73814674401299349E+01
4.83004935409903947E-03  1.74033275080886369E+01
4.83656763932724301E-03  1.74251875760473354E+01
4.84308592455544740E-03  1.74470476440060409E+01
4.84960420978365093E-03  1.74689077119647393E+01
4.85612249501185447E-03  1.74907677799234413E+01
4.86264078024005886E-03  1.75126278478821433E+01
4.86915906546826240E-03  1.75344879158408453E+01
4.87567735069646593E-03  1.75563479837995438E+01
4.88219563592467033E-03  1.75782080517582457E+01
4.88871392115287386E-03  1.76000681197169477E+01
4.89523220638107739E-03  1.76219281876756462E+01
4.90175049160928179E-03  1.76437882556343517E+01
4.90826877683748532E-03  1.76656483235930502E+01
4.91478706206568885E-03  1.76875083915517521E+01
4.92130534729389325E-03  1.77093684595104541E+01
4.92782363252209678E-03  1.77312285274691561E+01
4.93434191775030031E-03  1.77530885954278546E+01
4.94086020297850471E-03  1.77749486633865601E+01
4.94737848820670824E-03  1.77968087313452585E+01
4.95389677343491177E-03  1.78186687993039605E+01
4.96041505866311617E-03  1.78405288672626625E+01
4.96693334389131970E-03  1.78623889352213610E+01
4.97345162911952410E-03  1.78842490031800665E+01
4.97996991434772763E-03  1.79061090711387649E+01
4.98648819957593116E-03  1.79279691390974669E+01
4.99300648480413556E-03  1.79498292070561689E+01
4.99952477003233909E-03  1.79716892750148709E+01
5.00604305526054262E-03  1.79935493429735693E+01
5.01256134048874702E-03  1.80154094109322713E+01
5.01907962571695055E-03  1.80372694788909733E+01
5.02559791094515408E-03  1.80591295468496718E+01
5.03211619617335848E-03  1.80809896148083773E+01
5.03863448140156201E-03  1.81028496827670757E+01
5.04515276662976554E-03  1.81247097507257777E+01
5.05167105185796994E-03  1.81465698186844797E+01
5.05818933708617347E-03  1.81684298866431817E+01
5.06470762231437700E-03  1.81902899546018801E+01
5.07122590754258140E-03  1.82121500225605821E+01
5.07774419277078493E-03  1.82340100905192841E+01
5.08426247799898846E-03  1.82558701584779861E+01
5.09078076322719286E-03  1.82777302264366881E+01
5.09729904845539639E-03  1.82995902943953865E+01
5.10381733368359992E-03  1.83214503623540885E+01
5.11033561891180432E-03  1.83433104303127905E+01
5.11685390414000785E-03  1.83651704982714925E+01
5.12337218936821139E-03  1.83870305662301909E+01
5.12989047459641578E-03  1.84088906341888965E+01
5.13640875982461931E-03  1.84307507021475949E+01
5.14292704505282371E-03  1.84526107701062969E+01
5.14944533028102724E-03  1.84744708380649989E+01
5.15596361550923078E-03  1.84963309060236973E+01
5.16248190073743517E-03  1.85181909739824029E+01
5.16900018596563871E-03  1.85400510419411013E+01
5.17551847119384224E-03  1.85619111098998033E+01
5.18203675642204663E-03  1.85837711778585053E+01
5.18855504165025017E-03  1.86056312458172073E+01
5.19507332687845370E-03  1.86274913137759057E+01
5.20159161210665810E-03  1.86493513817346077E+01
5.20810989733486163E-03  1.86712114496933097E+01
5.21462818256306516E-03  1.86930715176520081E+01
5.22114646779126956E-03  1.87149315856107137E+01
5.22766475301947309E-03  1.87367916535694121E+01
5.23418303824767662E-03  1.87586517215281141E+01
5.24070132347588102E-03  1.87805117894868161E+01
5.24721960870408455E-03  1.88023718574455181E+01
5.25373789393228808E-03  1.88242319254042165E+01
5.26025617916049248E-03  1.88460919933629221E+01
5.26677446438869601E-03  1.88679520613216205E+01
5.27329274961689954E-03  1.88898121292803225E+01
5.27981103484510394E-03  1.89116721972390245E+01
5.28632932007330747E-03  1.89335322651977229E+01
5.29284760530151187E-03  1.89553923331564285E+01
5.29936589052971540E-03  1.89772524011151269E+01
5.30588417575791893E-03  1.89991124690738289E+01
5.31240246098612333E-03  1.90209725370325309E+01
5.31892074621432686E-03  1.90428326049912329E+01
5.32543903144253039E-03  1.90646926729499313E+01
5.33195731667073479E-03  1.90865527409086333E+01
5.33847560189893832E-03  1.91084128088673353E+01
5.34499388712714185E-03  1.91302728768260337E+01
5.35151217235534625E-03  1.91521329447847393E+01
5.35803045758354978E-03  1.91739930127434377E+01
5.36454874281175331E-03  1.91958530807021397E+01
5.37106702803995771E-03  1.92177131486608417E+01
5.37758531326816124E-03  1.92395732166195437E+01
5.38410359849636477E-03  1.92614332845782421E+01
5.39062188372456917E-03  1.92832933525369477E+01
5.39714016895277270E-03  1.93051534204956461E+01
5.40365845418097623E-03  1.93270134884543481E+01
5.41017673940918063E-03  1.93488735564130501E+01
5.41669502463738416E-03  1.93707336243717485E+01
5.42321330986558769E-03  1.93925936923304505E+01
5.42973159509379209E-03  1.94144537602891525E+01
5.43624988032199562E-03  1.94363138282478545E+01
5.44276816555019916E-03  1.94581738962065529E+01
5.44928645077840355E-03  1.94800339641652585E+01
5.45580473600660708E-03  1.95018940321239569E+01
5.46232302123481148E-03  1.95237541000826589E+01
5.46884130646301501E-03  1.95456141680413609E+01
5.47535959169121855E-03  1.95674742360000593E+01
5.48187787691942294E-03  1.95893343039587648E+01
5.48839616214762648E-03  1.96111943719174633E+01
5.49491444737583001E-03  1.96330544398761653E+01
5.50143273260403440E-03  1.96549145078348673E+01
5.50795101783223794E-03  1.96767745757935693E+01
5.51446930306044147E-03  1.96986346437522677E+01
5.52098758828864587E-03  1.97204947117109697E+01
5.52750587351684940E-03  1.97423547796696717E+01
5.53402415874505293E-03  1.97642148476283737E+01
5.54054244397325733E-03  1.97860749155870757E+01
5.54706072920146086E-03  1.98079349835457741E+01
5.55357901442966439E-03  1.98297950515044761E+01
5.56009729965786879E-03  1.98516551194631781E+01
5.56661558488607232E-03  1.98735151874218801E+01
5.57313387011427585E-03  1.98953752553805785E+01
5.57965215534248025E-03  1.99172353233392840E+01
5.58617044057068378E-03  1.99390953912979825E+01
5.59268872579888731E-03  1.99609554592566845E+01
5.59920701102709171E-03  1.99828155272153865E+01
5.60572529625529524E-03  2.00046755951740849E+01
5.61224358148349877E-03  2.00265356631327869E+01
5.61876186671170317E-03  2.00483957310914889E+01
5.62528015193990670E-03  2.00702557990501909E+01
5.63179843716811110E-03  2.00921158670088928E+01
5.63831672239631463E-03  2.01139759349675948E+01
5.64483500762451816E-03  2.01358360029262933E+01
5.65135329285272256E-03  2.01576960708849953E+01
5.65787157808092609E-03  2.01795561388436973E+01
5.66438986330912962E-03  2.02014162068023957E+01
5.67090814853733402E-03  2.02232762747611012E+01
5.67742643376553755E-03  2.02451363427197997E+01
5.68394471899374108E-03  2.02669964106785017E+01
5.69046300422194548E-03  2.02888564786372037E+01
5.69698128945014901E-03  2.03107165465959056E+01
5.70349957467835254E-03  2.03325766145546041E+01
5.71001785990655694E-03  2.03544366825133096E+01
5.71653614513476047E-03  2.03762967504720081E+01
5.72305443036296400E-03  2.03981568184307100E+01
5.72957271559116840E-03  2.04200168863894120E+01
5.73609100081937193E-03  2.04418769543481105E+01
5.74260928604757546E-03  2.04637370223068125E+01
5.74912757127577986E-03  2.04855970902655145E+01
5.75564585650398339E-03  2.05074571582242164E+01
5.76216414173218693E-03  2.05293172261829149E+01
5.76868242696039132E-03  2.05511772941416204E+01
5.77520071218859486E-03  2.05730373621003189E+01
5.78171899741679925E-03  2.05948974300590208E+01
5.78823728264500278E-03  2.06167574980177228E+01
5.79475556787320632E-03  2.06386175659764213E+01
5.80127385310141071E-03  2.06604776339351268E+01
5.80779213832961425E-03  2.06823377018938253E+01
5.81431042355781778E-03  2.07041977698525272E+01
5.82082870878602218E-03  2.07260578378112292E+01
5.82734699401422571E-03  2.07479179057699312E+01
5.83386527924242924E-03  2.07697779737286297E+01
5.84038356447063364E-03  2.07916380416873317E+01
5.84690184969883717E-03  2.08134981096460336E+01
5.85342013492704070E-03  2.08353581776047356E+01
5.85993842015524510E-03  2.08572182455634376E+01
5.86645670538344863E-03  2.08790783135221361E+01
5.87297499061165216E-03  2.09009383814808380E+01
5.87949327583985656E-03  2.09227984494395400E+01
5.88601156106806009E-03  2.09446585173982420E+01
5.89252984629626362E-03  2.09665185853569405E+01
5.89904813152446802E-03  2.09883786533156460E+01
5.90556641675267155E-03  2.10102387212743444E+01
5.91208470198087508E-03  2.10320987892330464E+01
5.91860298720907948E-03  2.10539588571917484E+01
5.92512127243728301E-03  2.10758189251504469E+01
5.93163955766548654E-03  2.10976789931091488E+01
5.93815784289369094E-03  2.11195390610678508E+01
5.94467612812189447E-03  2.11413991290265528E+01
5.95119441335009887E-03  2.11632591969852548E+01
5.95771269857830240E-03  2.11851192649439568E+01
5.96423098380650593E-03  2.12069793329026552E+01
5.97074926903471033E-03  2.12288394008613572E+01
5.97726755426291386E-03  2.12506994688200592E+01
5.98378583949111739E-03  2.12725595367787577E+01
5.99030412471932179E-03  2.12944196047374632E+01
5.99682240994752532E-03  2.13162796726961616E+01
6.00334069517572885E-03  2.13381397406548636E+01
6.00985898040393325E-03  2.13599998086135656E+01
6.01637726563213678E-03  2.13818598765722676E+01
6.02289555086034031E-03  2.14037199445309660E+01
6.02941383608854471E-03  2.14255800124896716E+01
6.03593212131674824E-03  2.14474400804483700E+01
6.04245040654495177E-03  2.14693001484070720E+01
6.04896869177315617E-03  2.14911602163657740E+01
6.05548697700135970E-03  2.15130202843244724E+01
6.06200526222956323E-03  2.15348803522831744E+01
6.06852354745776763E-03  2.15567404202418764E+01
6.07504183268597116E-03  2.15786004882005784E+01
6.08156011791417470E-03  2.16004605561592768E+01
6.08807840314237909E-03  2.16223206241179824E+01
6.09459668837058263E-03  2.16441806920766808E+01
6.10111497359878616E-03  2.16660407600353828E+01
6.10763325882699055E-03  2.16879008279940848E+01
6.11415154405519409E-03  2.17097608959527832E+01
6.12066982928339848E-03  2.17316209639114888E+01
6.12718811451160202E-03  2.17534810318701872E+01
6.13370639973980555E-03  2.17753410998288892E+01
6.14022468496800995E-03  2.17972011677875912E+01
6.14674297019621348E-03  2.18190612357462932E+01
6.15326125542441701E-03  2.18409213037049916E+01
6.15977954065262141E-03  2.18627813716636972E+01
6.16629782588082494E-03  2.18846414396223956E+01
6.17281611110902847E-03  2.19065015075810976E+01
6.17933439633723287E-03  2.19283615755397996E+01
6.18585268156543640E-03  2.19502216434984980E+01
6.19237096679363993E-03  2.19720817114572000E+01
6.19888925202184433E-03  2.19939417794159020E+01
6.20540753725004786E-03  2.20158018473746040E+01
6.21192582247825139E-03  2.20376619153333024E+01
6.21844410770645579E-03  2.20595219832920080E+01
6.22496239293465932E-03  2.20813820512507064E+01
6.23148067816286285E-03  2.21032421192094084E+01
6.23799896339106725E-03  2.21251021871681104E+01
6.24451724861927078E-03  2.21469622551268088E+01
6.25103553384747431E-03  2.21688223230855108E+01
6.25755381907567871E-03  2.21906823910442128E+01
6.26407210430388224E-03  2.22125424590029148E+01
6.27059038953208664E-03  2.22344025269616168E+01
6.27710867476029017E-03  2.22562625949203188E+01
6.28362695998849370E-03  2.22781226628790172E+01
6.29014524521669810E-03  2.22999827308377192E+01
6.29666353044490163E-03  2.23218427987964212E+01
6.30318181567310516E-03  2.23437028667551232E+01
6.30970010090130956E-03  2.23655629347138252E+01
6.31621838612951309E-03  2.23874230026725236E+01
6.32273667135771662E-03  2.24092830706312256E+01
6.32925495658592102E-03  2.24311431385899276E+01
6.33577324181412455E-03  2.24530032065486296E+01
6.34229152704232808E-03  2.24748632745073280E+01
6.34880981227053248E-03  2.24967233424660336E+01
6.35532809749873601E-03  2.25185834104247320E+01
6.36184638272693954E-03  2.25404434783834340E+01
6.36836466795514394E-03  2.25623035463421360E+01
6.37488295318334747E-03  2.25841636143008344E+01
6.38140123841155101E-03  2.26060236822595364E+01
6.38791952363975540E-03  2.26278837502182384E+01
6.39443780886795893E-03  2.26497438181769404E+01
6.40095609409616247E-03  2.26716038861356388E+01
6.40747437932436686E-03  2.26934639540943444E+01
6.41399266455257040E-03  2.27153240220530428E+01
6.42051094978077393E-03  2.27371840900117448E+01
6.42702923500897833E-03  2.27590441579704468E+01
6.43354752023718186E-03  2.27809042259291452E+01
6.44006580546538625E-03  2.28027642938878508E+01
6.44658409069358979E-03  2.28246243618465492E+01
6.45310237592179332E-03  2.28464844298052512E+01
6.45962066114999772E-03  2.28683444977639532E+01
6.46613894637820125E-03  2.28902045657226552E+01
6.47265723160640478E-03  2.29120646336813536E+01
6.47917551683460918E-03  2.29339247016400591E+01
6.48569380206281271E-03  2.29557847695987576E+01
6.49221208729101624E-03  2.29776448375574596E+01
6.49873037251922064E-03  2.29995049055161616E+01
6.50524865774742417E-03  2.30213649734748600E+01
6.51176694297562770E-03  2.30432250414335620E+01
