0.00000000000000000E+00  0.00000000000000000E+00
7.23086361983343292E-06  2.05146123213100134E-01
1.44617272396668658E-05  4.10292246426200269E-01
2.16925908595002988E-05  6.15438369639300431E-01
2.89234544793337317E-05  8.20584492852400538E-01
3.61543180991671646E-05  1.02573061606550064E+00
4.33851817190005975E-05  1.23087673927860086E+00
5.06160453388340305E-05  1.43602286249170086E+00
5.78469089586674634E-05  1.64116898570480108E+00
6.50777725785009031E-05  1.84631510891790129E+00
7.23086361983343292E-05  2.05146123213100129E+00
7.95394998181677554E-05  2.25660735534410106E+00
8.67703634380011951E-05  2.46175347855720172E+00
9.40012270578346348E-05  2.66689960177030194E+00
1.01232090677668061E-04  2.86238060985753728E+00
1.08462954297501487E-04  2.88559818590160333E+00
1.15693817917334927E-04  2.90881576194566893E+00
1.22924681537168366E-04  2.93203333798973498E+00
1.30155545157001806E-04  2.95525091403380102E+00
1.37386408776835219E-04  2.97846849007786707E+00
1.44617272396668658E-04  3.00168606612193312E+00
1.51848136016502098E-04  3.02490364216599916E+00
1.59078999636335511E-04  3.04812121821006521E+00
1.66309863256168950E-04  3.07133879425413081E+00
1.73540726876002390E-04  3.09455637029819686E+00
1.80771590495835830E-04  3.11777394634226290E+00
1.88002454115669270E-04  3.14099152238632895E+00
1.95233317735502682E-04  3.16420909843039500E+00
2.02464181355336122E-04  3.18742667447446104E+00
2.09695044975169562E-04  3.21064425051852709E+00
2.16925908595002974E-04  3.23386182656259269E+00
2.24156772214836414E-04  3.25707940260665874E+00
2.31387635834669854E-04  3.28029697865072478E+00
2.38618499454503293E-04  3.30351455469479083E+00
2.45849363074336733E-04  3.32673213073885687E+00
2.53080226694170146E-04  3.34994970678292248E+00
2.60311090314003612E-04  3.37316728282698897E+00
2.67541953933837025E-04  3.39638485887105457E+00
2.74772817553670438E-04  3.41960243491512061E+00
2.82003681173503904E-04  3.44282001095918666E+00
2.89234544793337317E-04  3.46603758700325271E+00
2.96465408413170730E-04  3.48925516304731875E+00
3.03696272033004196E-04  3.51247273909138435E+00
3.10927135652837609E-04  3.53569031513545040E+00
3.18157999272671022E-04  3.55890789117951645E+00
3.25388862892504488E-04  3.58212546722358249E+00
3.32619726512337901E-04  3.60534304326764854E+00
3.39850590132171368E-04  3.62856061931171459E+00
3.47081453752004780E-04  3.65177819535578063E+00
3.54312317371838193E-04  3.67499577139984623E+00
3.61543180991671660E-04  3.69821334744391272E+00
3.68774044611505072E-04  3.72143092348797833E+00
3.76004908231338539E-04  3.74464849953204437E+00
3.83235771851171952E-04  3.76786607557611042E+00
3.90466635471005364E-04  3.79108365162017602E+00
3.97697499090838831E-04  3.81430122766424251E+00
4.04928362710672244E-04  3.83751880370830811E+00
4.12159226330505656E-04  3.86073637975237416E+00
4.19390089950339123E-04  3.88395395579644021E+00
4.26620953570172536E-04  3.90717153184050625E+00
4.33851817190005948E-04  3.93038910788457230E+00
4.41082680809839415E-04  3.95360668392863790E+00
4.48313544429672828E-04  3.97682425997270439E+00
4.55544408049506295E-04  4.00004183601676999E+00
4.62775271669339707E-04  4.02325941206083648E+00
4.70006135289173120E-04  4.04647698810490208E+00
4.77236998909006587E-04  4.06969456414896769E+00
4.84467862528839999E-04  4.09291214019303418E+00
4.91698726148673466E-04  4.11612971623709978E+00
4.98929589768506879E-04  4.13934729228116627E+00
5.06160453388340291E-04  4.16256486832523187E+00
5.13391317008173704E-04  4.18578244436929747E+00
5.20622180628007225E-04  4.20900002041336396E+00
5.27853044247840637E-04  4.23221759645742956E+00
5.35083907867674050E-04  4.25543517250149606E+00
5.42314771487507463E-04  4.27865274854556166E+00
5.49545635107340875E-04  4.30187032458962726E+00
5.56776498727174288E-04  4.32508790063369375E+00
5.64007362347007809E-04  4.34830547667776024E+00
5.71238225966841221E-04  4.37152305272182584E+00
5.78469089586674634E-04  4.39474062876589144E+00
5.85699953206508046E-04  4.41795820480995793E+00
5.92930816826341459E-04  4.44117578085402354E+00
6.00161680446174980E-04  4.46439335689809003E+00
6.07392544066008393E-04  4.48761093294215563E+00
6.14623407685841805E-04  4.51082850898622212E+00
6.21854271305675218E-04  4.53404608503028772E+00
6.29085134925508630E-04  4.55726366107435332E+00
6.36315998545342043E-04  4.58048123711841981E+00
6.43546862165175564E-04  4.60369881316248541E+00
6.50777725785008977E-04  4.62691638920655102E+00
6.58008589404842389E-04  4.65013396525061751E+00
6.65239453024675802E-04  4.67335154129468311E+00
6.72470316644509214E-04  4.69656911733874871E+00
6.79701180264342735E-04  4.71978669338281520E+00
6.86932043884176148E-04  4.74300426942688169E+00
6.94162907504009561E-04  4.76622184547094729E+00
7.01393771123842973E-04  4.78943942151501290E+00
7.08624634743676386E-04  4.81265699755907939E+00
7.15855498363509907E-04  4.83587457360314588E+00
7.23086361983343319E-04  4.85909214964721148E+00
7.30317225603176732E-04  4.88230972569127708E+00
7.37548089223010145E-04  4.90552730173534357E+00
7.44778952842843557E-04  4.92874487777940917E+00
7.52009816462677078E-04  4.95196245382347477E+00
7.59240680082510491E-04  4.97518002986754126E+00
7.66471543702343903E-04  4.99839760591160776E+00
7.73702407322177316E-04  5.02161518195567247E+00
7.80933270942010729E-04  5.04483275799973896E+00
7.88164134561844141E-04  5.06805033404380545E+00
7.95394998181677662E-04  5.09126791008787105E+00
8.02625861801511075E-04  5.11448548613193665E+00
8.09856725421344487E-04  5.13770306217600314E+00
8.17087589041177900E-04  5.16092063822006875E+00
8.24318452661011313E-04  5.18413821426413435E+00
8.31549316280844834E-04  5.20735579030820084E+00
8.38780179900678246E-04  5.23057336635226733E+00
8.46011043520511659E-04  5.25379094239633293E+00
8.53241907140345071E-04  5.27700851844039853E+00
8.60472770760178484E-04  5.30022609448446502E+00
8.67703634380011897E-04  5.32055728450134513E+00
8.74934497999845418E-04  5.34072908078573327E+00
8.82165361619678830E-04  5.36090087707012231E+00
8.89396225239512243E-04  5.38107267335451045E+00
8.96627088859345655E-04  5.40124446963889859E+00
9.03857952479179068E-04  5.42141626592328763E+00
9.11088816099012589E-04  5.44158806220767577E+00
9.18319679718846002E-04  5.46175985849206391E+00
9.25550543338679414E-04  5.48193165477645294E+00
9.32781406958512827E-04  5.50210345106084109E+00
9.40012270578346239E-04  5.52227524734522923E+00
9.47243134198179760E-04  5.54244704362961826E+00
9.54473997818013173E-04  5.56261883991400641E+00
9.61704861437846586E-04  5.58279063619839455E+00
9.68935725057679998E-04  5.60296243248278358E+00
9.76166588677513411E-04  5.62313422876717173E+00
9.83397452297346932E-04  5.64330602505155987E+00
9.90628315917180344E-04  5.66347782133594890E+00
9.97859179537013757E-04  5.68364961762033705E+00
1.00509004315684717E-03  5.70382141390472519E+00
1.01232090677668058E-03  5.72399321018911422E+00
1.01955177039651399E-03  5.74416500647350237E+00
1.02678263401634741E-03  5.76433680275789051E+00
1.03401349763618082E-03  5.78450859904227954E+00
1.04124436125601445E-03  5.80468039532666857E+00
1.04847522487584786E-03  5.82485219161105672E+00
1.05570608849568127E-03  5.84502398789544486E+00
1.06293695211551469E-03  5.86519578417983389E+00
1.07016781573534810E-03  5.88536758046422115E+00
1.07739867935518151E-03  5.90553937674861018E+00
1.08462954297501493E-03  5.92571117303299832E+00
1.09186040659484834E-03  5.94588296931738647E+00
1.09909127021468175E-03  5.96605476560177550E+00
1.10632213383451516E-03  5.98622656188616364E+00
1.11355299745434858E-03  6.00639835817055179E+00
1.12078386107418220E-03  6.02657015445494082E+00
1.12801472469401562E-03  6.04674195073932985E+00
1.13524558831384903E-03  6.06691374702371800E+00
1.14247645193368244E-03  6.08708554330810614E+00
1.14970731555351586E-03  6.10725733959249517E+00
1.15693817917334927E-03  6.12742913587688243E+00
1.16416904279318268E-03  6.14760093216127146E+00
1.17139990641301609E-03  6.16777272844565960E+00
1.17863077003284951E-03  6.18794452473004775E+00
1.18586163365268292E-03  6.20811632101443678E+00
1.19309249727251633E-03  6.22828811729882492E+00
1.20032336089234996E-03  6.24845991358321395E+00
1.20755422451218337E-03  6.26863170986760210E+00
1.21478508813201679E-03  6.28880350615199113E+00
1.22201595175185020E-03  6.30897530243637927E+00
1.22924681537168361E-03  6.32914709872076742E+00
1.23647767899151702E-03  6.34931889500515645E+00
1.24370854261135044E-03  6.36949069128954370E+00
1.25093940623118385E-03  6.38966248757393274E+00
1.25817026985101726E-03  6.40983428385832177E+00
1.26540113347085067E-03  6.43000608014270902E+00
1.27263199709068409E-03  6.45017787642709806E+00
1.27986286071051772E-03  6.47034967271148709E+00
1.28709372433035113E-03  6.49052146899587523E+00
1.29432458795018454E-03  6.51069326528026338E+00
1.30155545157001795E-03  6.53086506156465241E+00
1.30878631518985137E-03  6.55103685784904055E+00
1.31601717880968478E-03  6.57120865413342869E+00
1.32324804242951819E-03  6.59138045041781773E+00
1.33047890604935160E-03  6.61155224670220498E+00
1.33770976966918502E-03  6.63172404298659401E+00
1.34494063328901843E-03  6.65189583927098305E+00
1.35217149690885206E-03  6.67206763555537119E+00
1.35940236052868547E-03  6.69223943183975933E+00
1.36663322414851888E-03  6.71241122812414837E+00
1.37386408776835230E-03  6.73258302440853651E+00
1.38109495138818571E-03  6.75275482069292465E+00
1.38832581500801912E-03  6.77292661697731369E+00
1.39555667862785253E-03  6.79309841326170183E+00
1.40278754224768595E-03  6.81327020954608997E+00
1.41001840586751936E-03  6.83344200583047900E+00
1.41724926948735277E-03  6.85361380211486626E+00
1.42448013310718618E-03  6.87378559839925529E+00
1.43171099672701981E-03  6.89395739468364432E+00
1.43894186034685323E-03  6.91412919096803247E+00
1.44617272396668664E-03  6.93430098725242150E+00
1.45340358758652005E-03  6.95447278353680964E+00
1.46063445120635346E-03  6.97464457982119779E+00
1.46786531482618688E-03  6.99481637610558593E+00
1.47509617844602029E-03  7.01498817238997496E+00
1.48232704206585370E-03  7.03515996867436311E+00
1.48955790568568711E-03  7.05533176495875125E+00
1.49678876930552053E-03  7.07550356124313939E+00
1.50401963292535416E-03  7.09567535752752843E+00
1.51125049654518757E-03  7.11584715381191746E+00
1.51848136016502098E-03  7.13601895009630560E+00
1.52571222378485439E-03  7.15619074638069375E+00
1.53294308740468781E-03  7.17636254266508278E+00
1.54017395102452122E-03  7.19653433894947092E+00
1.54740481464435463E-03  7.21670613523385907E+00
1.55463567826418804E-03  7.23687793151824721E+00
1.56186654188402146E-03  7.25704972780263624E+00
1.56909740550385487E-03  7.27722152408702438E+00
1.57632826912368828E-03  7.29739332037141253E+00
1.58355913274352191E-03  7.31756511665580156E+00
1.59078999636335532E-03  7.33773691294018970E+00
1.59802085998318874E-03  7.35790870922457874E+00
1.60525172360302215E-03  7.37808050550896688E+00
1.61248258722285556E-03  7.39825230179335502E+00
1.61971345084268897E-03  7.41842409807774406E+00
1.62694431446252239E-03  7.43859589436213220E+00
1.63417517808235580E-03  7.45876769064652034E+00
1.64140604170218921E-03  7.47893948693090849E+00
1.64863690532202263E-03  7.49911128321529752E+00
1.65586776894185604E-03  7.51928307949968566E+00
1.66309863256168967E-03  7.53945487578407469E+00
1.67032949618152308E-03  7.55962667206846284E+00
1.67756035980135649E-03  7.57979846835285098E+00
1.68479122342118991E-03  7.59997026463724001E+00
1.69202208704102332E-03  7.62014206092162816E+00
1.69925295066085673E-03  7.64031385720601630E+00
1.70648381428069014E-03  7.66048565349040533E+00
1.71371467790052356E-03  7.68065744977479348E+00
1.72094554152035697E-03  7.70082924605918162E+00
1.72817640514019038E-03  7.72100104234356976E+00
1.73540726876002379E-03  7.74117283862795880E+00
1.74263813237985742E-03  7.76134463491234783E+00
1.74986899599969084E-03  7.78151643119673597E+00
1.75709985961952425E-03  7.80168822748112412E+00
1.76433072323935766E-03  7.82186002376551226E+00
1.77156158685919107E-03  7.84203182004990129E+00
1.77879245047902449E-03  7.86220361633428944E+00
1.78602331409885790E-03  7.88237541261867758E+00
1.79325417771869131E-03  7.90254720890306661E+00
1.80048504133852472E-03  7.92271900518745475E+00
1.80771590495835814E-03  7.94289080147184290E+00
1.81494676857819177E-03  7.96306259775623193E+00
1.82217763219802518E-03  7.98323439404062007E+00
1.82940849581785859E-03  8.00340619032500911E+00
1.83663935943769200E-03  8.02357798660939636E+00
1.84387022305752542E-03  8.04374978289378539E+00
1.85110108667735883E-03  8.06392157917817443E+00
1.85833195029719224E-03  8.08409337546256168E+00
1.86556281391702565E-03  8.10426517174695071E+00
1.87279367753685907E-03  8.12443696803133975E+00
1.88002454115669248E-03  8.14460876431572700E+00
1.88725540477652589E-03  8.16478056060011603E+00
1.89448626839635952E-03  8.18495235688450506E+00
1.90171713201619293E-03  8.20512415316889232E+00
1.90894799563602635E-03  8.22529594945328135E+00
1.91617885925585976E-03  8.24546774573767038E+00
1.92340972287569317E-03  8.26563954202205764E+00
1.93064058649552658E-03  8.28581133830644667E+00
1.93787145011536000E-03  8.30598313459083570E+00
1.94510231373519341E-03  8.32615493087522296E+00
1.95233317735502682E-03  8.34632672715961199E+00
1.95956404097486023E-03  8.36649852344400102E+00
1.96679490459469386E-03  8.38667031972838828E+00
1.97402576821452706E-03  8.40684211601277731E+00
1.98125663183436069E-03  8.42701391229716634E+00
1.98848749545419388E-03  8.44718570858155360E+00
1.99571835907402751E-03  8.46735750486594263E+00
2.00294922269386071E-03  8.48752930115033166E+00
2.01018008631369434E-03  8.50770109743471892E+00
2.01741094993352797E-03  8.52787289371910973E+00
2.02464181355336116E-03  8.54804469000349698E+00
2.03187267717319479E-03  8.56821648628788424E+00
2.03910354079302799E-03  8.58838828257227327E+00
2.04633440441286162E-03  8.60856007885666230E+00
2.05356526803269481E-03  8.62873187514104956E+00
2.06079613165252844E-03  8.64890367142544036E+00
2.06802699527236164E-03  8.66907546770982762E+00
2.07525785889219527E-03  8.68924726399421488E+00
2.08248872251202890E-03  8.70941906027860568E+00
2.08971958613186209E-03  8.72959085656299294E+00
2.09695044975169572E-03  8.74976265284738197E+00
2.10418131337152892E-03  8.76993444913176923E+00
2.11141217699136255E-03  8.79010624541615826E+00
2.11864304061119575E-03  8.81027804170054551E+00
2.12587390423102937E-03  8.83044983798493632E+00
2.13310476785086257E-03  8.85062163426932358E+00
2.14033563147069620E-03  8.87079343055371083E+00
2.14756649509052940E-03  8.89096522683809987E+00
2.15479735871036302E-03  8.91113702312248890E+00
2.16202822233019665E-03  8.93130881940687793E+00
2.16925908595002985E-03  8.95148061569126519E+00
2.17648994956986348E-03  8.97165241197565422E+00
2.18372081318969668E-03  8.99182420826004147E+00
2.19095167680953030E-03  9.01199600454443228E+00
2.19818254042936350E-03  9.03216780082881954E+00
2.20541340404919713E-03  9.05233959711320857E+00
2.21264426766903033E-03  9.07251139339759582E+00
2.21987513128886396E-03  9.09268318968198486E+00
2.22710599490869715E-03  9.11285498596637211E+00
2.23433685852853078E-03  9.13302678225076292E+00
2.24156772214836441E-03  9.15319857853515018E+00
2.24879858576819761E-03  9.17337037481953743E+00
2.25602944938803123E-03  9.19354217110392824E+00
2.26326031300786443E-03  9.21371396738831550E+00
2.27049117662769806E-03  9.23388576367270453E+00
2.27772204024753126E-03  9.25405755995709178E+00
2.28495290386736489E-03  9.27422935624148082E+00
2.29218376748719808E-03  9.29440115252586807E+00
2.29941463110703171E-03  9.31457294881025888E+00
2.30664549472686491E-03  9.33474474509464613E+00
2.31387635834669854E-03  9.35491654137903339E+00
2.32110722196653217E-03  9.37508833766342420E+00
2.32833808558636536E-03  9.39526013394781145E+00
2.33556894920619899E-03  9.41543193023220049E+00
2.34279981282603219E-03  9.43560372651658774E+00
2.35003067644586582E-03  9.45577552280097677E+00
2.35726154006569901E-03  9.47594731908536403E+00
2.36449240368553264E-03  9.49611911536975484E+00
2.37172326730536584E-03  9.51629091165414209E+00
2.37895413092519947E-03  9.53646270793853112E+00
2.38618499454503266E-03  9.55663450422291838E+00
2.39341585816486629E-03  9.57680630050730741E+00
2.40064672178469992E-03  9.59697809679169644E+00
2.40787758540453312E-03  9.61714989307608548E+00
2.41510844902436675E-03  9.63732168936047273E+00
2.42233931264419994E-03  9.65749348564485999E+00
2.42957017626403357E-03  9.67766528192925080E+00
2.43680103988386677E-03  9.69783707821363805E+00
2.44403190350370040E-03  9.71800887449802708E+00
2.45126276712353359E-03  9.73818067078241434E+00
2.45849363074336722E-03  9.75835246706680337E+00
2.46572449436320042E-03  9.77852426335119063E+00
2.47295535798303405E-03  9.79869605963558143E+00
2.48018622160286768E-03  9.81886785591996869E+00
2.48741708522270087E-03  9.83903965220435595E+00
2.49464794884253450E-03  9.85921144848874675E+00
2.50187881246236770E-03  9.87938324477313401E+00
2.50910967608220133E-03  9.89955504105752304E+00
2.51634053970203452E-03  9.91972683734191207E+00
2.52357140332186815E-03  9.93989863362629933E+00
2.53080226694170135E-03  9.96007042991068658E+00
2.53803313056153498E-03  9.98024222619507739E+00
2.54526399418136817E-03  1.00004140224794646E+01
2.55249485780120180E-03  1.00205858187638537E+01
2.55972572142103543E-03  1.00407576150482427E+01
2.56695658504086863E-03  1.00609294113326300E+01
2.57418744866070226E-03  1.00811012076170190E+01
2.58141831228053545E-03  1.01012730039014080E+01
2.58864917590036908E-03  1.01214448001857953E+01
2.59588003952020228E-03  1.01416165964701825E+01
2.60311090314003591E-03  1.01617883927545734E+01
2.61034176675986910E-03  1.01819601890389606E+01
2.61757263037970273E-03  1.02021319853233496E+01
2.62480349399953636E-03  1.02223037816077387E+01
2.63203435761936956E-03  1.02424755778921259E+01
2.63926522123920319E-03  1.02626473741765150E+01
2.64649608485903638E-03  1.02828191704609040E+01
2.65372694847887001E-03  1.03029909667452912E+01
2.66095781209870321E-03  1.03231627630296785E+01
2.66818867571853684E-03  1.03433345593140693E+01
2.67541953933837003E-03  1.03635063555984566E+01
2.68265040295820366E-03  1.03836781518828456E+01
2.68988126657803686E-03  1.04038499481672346E+01
2.69711213019787049E-03  1.04240217444516219E+01
2.70434299381770412E-03  1.04441935407360109E+01
2.71157385743753731E-03  1.04643653370203999E+01
2.71880472105737094E-03  1.04845371333047872E+01
2.72603558467720414E-03  1.05047089295891762E+01
2.73326644829703777E-03  1.05248807258735653E+01
2.74049731191687096E-03  1.05450525221579525E+01
2.74772817553670459E-03  1.05652243184423416E+01
2.75495903915653779E-03  1.05853961147267306E+01
2.76218990277637142E-03  1.06055679110111178E+01
2.76942076639620461E-03  1.06257397072955051E+01
2.77665163001603824E-03  1.06459115035798959E+01
2.78388249363587187E-03  1.06660832998642832E+01
2.79111335725570507E-03  1.06862550961486722E+01
2.79834422087553870E-03  1.07064268924330612E+01
2.80557508449537189E-03  1.07265986887174485E+01
2.81280594811520552E-03  1.07467704850018375E+01
2.82003681173503872E-03  1.07669422812862265E+01
2.82726767535487235E-03  1.07871140775706138E+01
2.83449853897470554E-03  1.08072858738550011E+01
2.84172940259453917E-03  1.08274576701393919E+01
2.84896026621437237E-03  1.08476294664237791E+01
2.85619112983420600E-03  1.08678012627081682E+01
2.86342199345403963E-03  1.08879730589925572E+01
2.87065285707387282E-03  1.09081448552769444E+01
2.87788372069370645E-03  1.09283166515613335E+01
2.88511458431353965E-03  1.09484884478457225E+01
2.89234544793337328E-03  1.09686602441301115E+01
2.89957631155320647E-03  1.09888320404144988E+01
2.90680717517304010E-03  1.10090038366988878E+01
2.91403803879287330E-03  1.10291756329832751E+01
2.92126890241270693E-03  1.10493474292676641E+01
2.92849976603254012E-03  1.10695192255520514E+01
2.93573062965237375E-03  1.10896910218364404E+01
2.94296149327220738E-03  1.11098628181208294E+01
2.95019235689204058E-03  1.11300346144052185E+01
2.95742322051187421E-03  1.11502064106896075E+01
2.96465408413170740E-03  1.11703782069739948E+01
2.97188494775154103E-03  1.11905500032583838E+01
2.97911581137137423E-03  1.12107217995427710E+01
2.98634667499120786E-03  1.12308935958271601E+01
2.99357753861104105E-03  1.12510653921115473E+01
3.00080840223087468E-03  1.12712371883959364E+01
3.00803926585070831E-03  1.12914089846803254E+01
3.01527012947054151E-03  1.13115807809647144E+01
3.02250099309037514E-03  1.13317525772491035E+01
3.02973185671020833E-03  1.13519243735334907E+01
3.03696272033004196E-03  1.13720961698178797E+01
3.04419358394987516E-03  1.13922679661022670E+01
3.05142444756970879E-03  1.14124397623866560E+01
3.05865531118954198E-03  1.14326115586710451E+01
3.06588617480937561E-03  1.14527833549554341E+01
3.07311703842920881E-03  1.14729551512398213E+01
3.08034790204904244E-03  1.14931269475242104E+01
3.08757876566887607E-03  1.15132987438085994E+01
3.09480962928870926E-03  1.15334705400929867E+01
3.10204049290854289E-03  1.15536423363773757E+01
3.10927135652837609E-03  1.15738141326617630E+01
3.11650222014820972E-03  1.15939859289461520E+01
3.12373308376804291E-03  1.16141577252305410E+01
3.13096394738787654E-03  1.16343295215149301E+01
3.13819481100770974E-03  1.16545013177993173E+01
3.14542567462754337E-03  1.16746731140837063E+01
3.15265653824737657E-03  1.16948449103680936E+01
3.15988740186721019E-03  1.17150167066524826E+01
3.16711826548704382E-03  1.17351885029368717E+01
3.17434912910687702E-03  1.17553602992212589E+01
3.18157999272671065E-03  1.17755320955056479E+01
3.18881085634654384E-03  1.17957038917900370E+01
3.19604171996637747E-03  1.18158756880744260E+01
3.20327258358621067E-03  1.18360474843588133E+01
3.21050344720604430E-03  1.18562192806432023E+01
3.21773431082587750E-03  1.18763910769275896E+01
3.22496517444571112E-03  1.18965628732119786E+01
3.23219603806554432E-03  1.19167346694963676E+01
3.23942690168537795E-03  1.19369064657807566E+01
3.24665776530521158E-03  1.19570782620651457E+01
3.25388862892504478E-03  1.19772500583495329E+01
3.26111949254487840E-03  1.19974218546339220E+01
3.26835035616471160E-03  1.20175936509183092E+01
3.27558121978454523E-03  1.20377654472026983E+01
3.28281208340437843E-03  1.20579372434870855E+01
3.29004294702421205E-03  1.20781090397714745E+01
3.29727381064404525E-03  1.20982808360558636E+01
3.30450467426387888E-03  1.21184526323402526E+01
3.31173553788371208E-03  1.21386244286246399E+01
3.31896640150354571E-03  1.21587962249090289E+01
3.32619726512337933E-03  1.21789680211934179E+01
3.33342812874321253E-03  1.21991398174778052E+01
3.34065899236304616E-03  1.22193116137621942E+01
3.34788985598287936E-03  1.22394834100465815E+01
3.35512071960271299E-03  1.22596552063309705E+01
3.36235158322254618E-03  1.22798270026153595E+01
3.36958244684237981E-03  1.22999987988997486E+01
3.37681331046221301E-03  1.23201705951841358E+01
3.38404417408204664E-03  1.23403423914685249E+01
3.39127503770187983E-03  1.23605141877529121E+01
3.39850590132171346E-03  1.23806859840373011E+01
3.40573676494154709E-03  1.24008577803216902E+01
3.41296762856138029E-03  1.24210295766060792E+01
3.42019849218121392E-03  1.24412013728904682E+01
3.42742935580104711E-03  1.24613731691748555E+01
3.43466021942088074E-03  1.24815449654592445E+01
3.44189108304071394E-03  1.25017167617436318E+01
3.44912194666054757E-03  1.25218885580280208E+01
3.45635281028038076E-03  1.25420603543124081E+01
3.46358367390021439E-03  1.25622321505967971E+01
3.47081453752004759E-03  1.25824039468811861E+01
3.47804540113988122E-03  1.26025757431655752E+01
3.48527626475971485E-03  1.26227475394499642E+01
3.49250712837954804E-03  1.26429193357343514E+01
3.49973799199938167E-03  1.26630911320187405E+01
3.50696885561921487E-03  1.26832629283031277E+01
3.51419971923904850E-03  1.27034347245875168E+01
3.52143058285888169E-03  1.27236065208719040E+01
3.52866144647871532E-03  1.27437783171562931E+01
3.53589231009854852E-03  1.27639501134406821E+01
3.54312317371838215E-03  1.27841219097250711E+01
3.55035403733821578E-03  1.28042937060094602E+01
3.55758490095804897E-03  1.28244655022938474E+01
3.56481576457788260E-03  1.28446372985782364E+01
3.57204662819771580E-03  1.28648090948626237E+01
3.57927749181754943E-03  1.28849808911470127E+01
3.58650835543738262E-03  1.29051526874314018E+01
3.59373921905721625E-03  1.29253244837157908E+01
3.60097008267704945E-03  1.29454962800001780E+01
3.60820094629688308E-03  1.29656680762845671E+01
3.61543180991671627E-03  1.29858398725689543E+01
3.62266267353654990E-03  1.30060116688533434E+01
3.62989353715638353E-03  1.30261834651377324E+01
3.63712440077621673E-03  1.30463552614221197E+01
3.64435526439605036E-03  1.30665270577065087E+01
3.65158612801588355E-03  1.30866988539908977E+01
3.65881699163571718E-03  1.31068706502752867E+01
3.66604785525555038E-03  1.31270424465596740E+01
3.67327871887538401E-03  1.31472142428440630E+01
3.68050958249521720E-03  1.31673860391284503E+01
3.68774044611505083E-03  1.31875578354128393E+01
3.69497130973488403E-03  1.32077296316972284E+01
3.70220217335471766E-03  1.32279014279816156E+01
3.70943303697455129E-03  1.32480732242660046E+01
3.71666390059438448E-03  1.32682450205503937E+01
3.72389476421421811E-03  1.32884168168347827E+01
3.73112562783405131E-03  1.33085886131191700E+01
3.73835649145388494E-03  1.33287604094035590E+01
3.74558735507371813E-03  1.33489322056879463E+01
3.75281821869355176E-03  1.33691040019723353E+01
3.76004908231338496E-03  1.33892757982567243E+01
3.76727994593321859E-03  1.34094475945411133E+01
3.77451080955305178E-03  1.34296193908255006E+01
3.78174167317288541E-03  1.34497911871098896E+01
3.78897253679271904E-03  1.34699629833942787E+01
3.79620340041255224E-03  1.34901347796786659E+01
3.80343426403238587E-03  1.35103065759630550E+01
3.81066512765221906E-03  1.35304783722474422E+01
3.81789599127205269E-03  1.35506501685318312E+01
3.82512685489188589E-03  1.35708219648162203E+01
3.83235771851171952E-03  1.35909937611006093E+01
3.83958858213155271E-03  1.36111655573849966E+01
3.84681944575138634E-03  1.36313373536693856E+01
3.85405030937121954E-03  1.36515091499537728E+01
3.86128117299105317E-03  1.36716809462381619E+01
3.86851203661088680E-03  1.36918527425225509E+01
3.87574290023071999E-03  1.37120245388069399E+01
3.88297376385055362E-03  1.37321963350913272E+01
3.89020462747038682E-03  1.37523681313757162E+01
3.89743549109022045E-03  1.37725399276601053E+01
3.90466635471005364E-03  1.37927117239444925E+01
3.91189721832988727E-03  1.38128835202288816E+01
3.91912808194972047E-03  1.38330553165132688E+01
3.92635894556955366E-03  1.38532271127976578E+01
3.93358980918938773E-03  1.38733989090820469E+01
3.94082067280922092E-03  1.38935707053664359E+01
3.94805153642905412E-03  1.39137425016508232E+01
3.95528240004888818E-03  1.39339142979352140E+01
3.96251326366872138E-03  1.39540860942196012E+01
3.96974412728855457E-03  1.39742578905039885E+01
3.97697499090838777E-03  1.39944296867883757E+01
3.98420585452822183E-03  1.40146014830727665E+01
3.99143671814805503E-03  1.40347732793571538E+01
3.99866758176788822E-03  1.40549450756415428E+01
4.00589844538772142E-03  1.40751168719259301E+01
4.01312930900755548E-03  1.40952886682103209E+01
4.02036017262738868E-03  1.41154604644947081E+01
4.02759103624722187E-03  1.41356322607790954E+01
4.03482189986705594E-03  1.41558040570634862E+01
4.04205276348688913E-03  1.41759758533478735E+01
4.04928362710672233E-03  1.41961476496322625E+01
4.05651449072655552E-03  1.42163194459166498E+01
4.06374535434638959E-03  1.42364912422010388E+01
4.07097621796622278E-03  1.42566630384854278E+01
4.07820708158605598E-03  1.42768348347698151E+01
4.08543794520588918E-03  1.42970066310542023E+01
4.09266880882572324E-03  1.43171784273385931E+01
4.09989967244555643E-03  1.43373502236229804E+01
4.10713053606538963E-03  1.43575220199073694E+01
4.11436139968522369E-03  1.43776938161917585E+01
4.12159226330505689E-03  1.43978656124761475E+01
4.12882312692489008E-03  1.44180374087605347E+01
4.13605399054472328E-03  1.44382092050449220E+01
4.14328485416455734E-03  1.44583810013293128E+01
4.15051571778439054E-03  1.44785527976137001E+01
4.15774658140422373E-03  1.44987245938980873E+01
4.16497744502405780E-03  1.45188963901824781E+01
4.17220830864389099E-03  1.45390681864668654E+01
4.17943917226372419E-03  1.45592399827512544E+01
4.18667003588355739E-03  1.45794117790356417E+01
4.19390089950339145E-03  1.45995835753200325E+01
4.20113176312322464E-03  1.46197553716044197E+01
4.20836262674305784E-03  1.46399271678888070E+01
4.21559349036289104E-03  1.46600989641731960E+01
4.22282435398272510E-03  1.46802707604575851E+01
4.23005521760255829E-03  1.47004425567419741E+01
4.23728608122239149E-03  1.47206143530263613E+01
4.24451694484222555E-03  1.47407861493107504E+01
4.25174780846205875E-03  1.47609579455951394E+01
4.25897867208189194E-03  1.47811297418795267E+01
4.26620953570172514E-03  1.48013015381639139E+01
4.27344039932155920E-03  1.48214733344483047E+01
4.28067126294139240E-03  1.48416451307326920E+01
4.28790212656122560E-03  1.48618169270170810E+01
4.29513299018105879E-03  1.48819887233014683E+01
4.30236385380089285E-03  1.49021605195858591E+01
4.30959471742072605E-03  1.49223323158702463E+01
4.31682558104055925E-03  1.49425041121546336E+01
4.32405644466039331E-03  1.49626759084390244E+01
4.33128730828022650E-03  1.49828477047234117E+01
4.33851817190005970E-03  1.50030195010077989E+01
4.34574903551989290E-03  1.50231912972921879E+01
4.35297989913972696E-03  1.50433630935765770E+01
4.36021076275956015E-03  1.50635348898609660E+01
4.36744162637939335E-03  1.50837066861453533E+01
4.37467248999922655E-03  1.51038784824297405E+01
4.38190335361906061E-03  1.51240502787141313E+01
4.38913421723889381E-03  1.51442220749985186E+01
4.39636508085872700E-03  1.51643938712829076E+01
4.40359594447856106E-03  1.51845656675672966E+01
4.41082680809839426E-03  1.52047374638516857E+01
4.41805767171822746E-03  1.52249092601360729E+01
4.42528853533806065E-03  1.52450810564204602E+01
4.43251939895789471E-03  1.52652528527048510E+01
4.43975026257772791E-03  1.52854246489892382E+01
4.44698112619756111E-03  1.53055964452736255E+01
4.45421198981739430E-03  1.53257682415580145E+01
4.46144285343722836E-03  1.53459400378424036E+01
4.46867371705706156E-03  1.53661118341267926E+01
4.47590458067689476E-03  1.53862836304111799E+01
4.48313544429672882E-03  1.54064554266955707E+01
4.49036630791656202E-03  1.54266272229799579E+01
4.49759717153639521E-03  1.54467990192643452E+01
4.50482803515622841E-03  1.54669708155487324E+01
4.51205889877606247E-03  1.54871426118331232E+01
4.51928976239589567E-03  1.55073144081175105E+01
4.52652062601572886E-03  1.55274862044018995E+01
4.53375148963556206E-03  1.55476580006862868E+01
4.54098235325539612E-03  1.55678297969706776E+01
4.54821321687522932E-03  1.55880015932550648E+01
4.55544408049506251E-03  1.56081733895394521E+01
4.56267494411489657E-03  1.56283451858238429E+01
4.56990580773472977E-03  1.56485169821082302E+01
4.57713667135456297E-03  1.56686887783926192E+01
4.58436753497439616E-03  1.56888605746770065E+01
4.59159839859423023E-03  1.57090323709613973E+01
4.59882926221406342E-03  1.57292041672457845E+01
4.60606012583389662E-03  1.57493759635301718E+01
4.61329098945372981E-03  1.57695477598145590E+01
4.62052185307356388E-03  1.57897195560989498E+01
4.62775271669339707E-03  1.58098913523833371E+01
4.63498358031323027E-03  1.58300631486677261E+01
4.64221444393306433E-03  1.58502349449521152E+01
4.64944530755289753E-03  1.58704067412365042E+01
4.65667617117273072E-03  1.58905785375208914E+01
4.66390703479256392E-03  1.59107503338052787E+01
4.67113789841239798E-03  1.59309221300896695E+01
4.67836876203223118E-03  1.59510939263740568E+01
4.68559962565206437E-03  1.59712657226584440E+01
4.69283048927189757E-03  1.59914375189428331E+01
4.70006135289173163E-03  1.60116093152272221E+01
4.70729221651156483E-03  1.60317811115116129E+01
4.71452308013139802E-03  1.60519529077960001E+01
4.72175394375123209E-03  1.60721247040803874E+01
4.72898480737106528E-03  1.60922965003647747E+01
4.73621567099089848E-03  1.61124682966491619E+01
4.74344653461073167E-03  1.61326400929335527E+01
4.75067739823056574E-03  1.61528118892179435E+01
4.75790826185039893E-03  1.61729836855023308E+01
4.76513912547023213E-03  1.61931554817867180E+01
4.77236998909006532E-03  1.62133272780711053E+01
4.77960085270989939E-03  1.62334990743554961E+01
4.78683171632973258E-03  1.62536708706398834E+01
4.79406257994956578E-03  1.62738426669242706E+01
4.80129344356939984E-03  1.62940144632086614E+01
4.80852430718923304E-03  1.63141862594930487E+01
4.81575517080906623E-03  1.63343580557774359E+01
4.82298603442889943E-03  1.63545298520618232E+01
4.83021689804873349E-03  1.63747016483462176E+01
4.83744776166856669E-03  1.63948734446306048E+01
4.84467862528839988E-03  1.64150452409149921E+01
4.85190948890823308E-03  1.64352170371993793E+01
4.85914035252806714E-03  1.64553888334837666E+01
4.86637121614790034E-03  1.64755606297681538E+01
4.87360207976773353E-03  1.64957324260525446E+01
4.88083294338756760E-03  1.65159042223369354E+01
4.88806380700740079E-03  1.65360760186213227E+01
4.89529467062723399E-03  1.65562478149057100E+01
4.90252553424706718E-03  1.65764196111900972E+01
4.90975639786690125E-03  1.65965914074744880E+01
4.91698726148673444E-03  1.66167632037588753E+01
4.92421812510656764E-03  1.66369350000432661E+01
4.93144898872640083E-03  1.66571067963276533E+01
4.93867985234623490E-03  1.66772785926120406E+01
4.94591071596606809E-03  1.66974503888964279E+01
4.95314157958590129E-03  1.67176221851808151E+01
4.96037244320573535E-03  1.67377939814652095E+01
4.96760330682556855E-03  1.67579657777495967E+01
4.97483417044540174E-03  1.67781375740339840E+01
4.98206503406523494E-03  1.67983093703183712E+01
4.98929589768506900E-03  1.68184811666027585E+01
4.99652676130490220E-03  1.68386529628871493E+01
5.00375762492473539E-03  1.68588247591715366E+01
5.01098848854456859E-03  1.68789965554559238E+01
5.01821935216440265E-03  1.68991683517403146E+01
5.02545021578423585E-03  1.69193401480247019E+01
5.03268107940406904E-03  1.69395119443090891E+01
5.03991194302390311E-03  1.69596837405934799E+01
5.04714280664373630E-03  1.69798555368778672E+01
5.05437367026356950E-03  1.70000273331622580E+01
5.06160453388340269E-03  1.70201991294466453E+01
5.06883539750323676E-03  1.70403709257310325E+01
5.07606626112306995E-03  1.70605427220154198E+01
5.08329712474290315E-03  1.70807145182998070E+01
5.09052798836273634E-03  1.71008863145841978E+01
5.09775885198257041E-03  1.71210581108685886E+01
5.10498971560240360E-03  1.71412299071529759E+01
5.11222057922223680E-03  1.71614017034373632E+01
5.11945144284207086E-03  1.71815734997217540E+01
5.12668230646190406E-03  1.72017452960061412E+01
5.13391317008173725E-03  1.72219170922905285E+01
5.14114403370157045E-03  1.72420888885749157E+01
5.14837489732140451E-03  1.72622606848593065E+01
5.15560576094123771E-03  1.72824324811436938E+01
5.16283662456107090E-03  1.73026042774280810E+01
5.17006748818090497E-03  1.73227760737124719E+01
5.17729835180073816E-03  1.73429478699968627E+01
5.18452921542057136E-03  1.73631196662812499E+01
5.19176007904040455E-03  1.73832914625656372E+01
5.19899094266023862E-03  1.74034632588500244E+01
5.20622180628007181E-03  1.74236350551344117E+01
5.21345266989990501E-03  1.74438068514188025E+01
5.22068353351973821E-03  1.74639786477031898E+01
5.22791439713957227E-03  1.74841504439875806E+01
5.23514526075940546E-03  1.75043222402719678E+01
5.24237612437923866E-03  1.75244940365563551E+01
5.24960698799907272E-03  1.75446658328407459E+01
5.25683785161890592E-03  1.75648376291251331E+01
5.26406871523873911E-03  1.75850094254095204E+01
5.27129957885857231E-03  1.76051812216939112E+01
5.27853044247840637E-03  1.76253530179782985E+01
5.28576130609823957E-03  1.76455248142626857E+01
5.29299216971807276E-03  1.76656966105470730E+01
5.30022303333790596E-03  1.76858684068314602E+01
5.30745389695774002E-03  1.77060402031158546E+01
5.31468476057757322E-03  1.77262119994002418E+01
5.32191562419740642E-03  1.77463837956846291E+01
5.32914648781724048E-03  1.77665555919690163E+01
5.33637735143707367E-03  1.77867273882534036E+01
5.34360821505690687E-03  1.78068991845377944E+01
5.35083907867674007E-03  1.78270709808221817E+01
5.35806994229657413E-03  1.78472427771065725E+01
5.36530080591640732E-03  1.78674145733909597E+01
5.37253166953624052E-03  1.78875863696753470E+01
5.37976253315607372E-03  1.79077581659597342E+01
5.38699339677590778E-03  1.79279299622441251E+01
5.39422426039574097E-03  1.79481017585285159E+01
5.40145512401557417E-03  1.79682735548129031E+01
5.40868598763540823E-03  1.79884453510972904E+01
5.41591685125524143E-03  1.80086171473816776E+01
5.42314771487507463E-03  1.80287889436660649E+01
5.43037857849490782E-03  1.80489607399504521E+01
5.43760944211474188E-03  1.80691325362348465E+01
5.44484030573457508E-03  1.80893043325192338E+01
5.45207116935440828E-03  1.81094761288036210E+01
5.45930203297424147E-03  1.81296479250880083E+01
5.46653289659407553E-03  1.81498197213723991E+01
5.47376376021390873E-03  1.81699915176567863E+01
5.48099462383374193E-03  1.81901633139411736E+01
5.48822548745357599E-03  1.82103351102255644E+01
5.49545635107340918E-03  1.82305069065099516E+01
5.50268721469324238E-03  1.82506787027943389E+01
5.50991807831307558E-03  1.82708504990787262E+01
5.51714894193290964E-03  1.82910222953631170E+01
5.52437980555274284E-03  1.83111940916475078E+01
5.53161066917257603E-03  1.83313658879318950E+01
5.53884153279240923E-03  1.83515376842162823E+01
5.54607239641224329E-03  1.83717094805006695E+01
5.55330326003207649E-03  1.83918812767850568E+01
5.56053412365190968E-03  1.84120530730694476E+01
5.56776498727174374E-03  1.84322248693538384E+01
5.57499585089157694E-03  1.84523966656382257E+01
5.58222671451141014E-03  1.84725684619226129E+01
5.58945757813124333E-03  1.84927402582070002E+01
5.59668844175107739E-03  1.85129120544913910E+01
5.60391930537091059E-03  1.85330838507757782E+01
5.61115016899074379E-03  1.85532556470601655E+01
5.61838103261057698E-03  1.85734274433445563E+01
5.62561189623041105E-03  1.85935992396289436E+01
5.63284275985024424E-03  1.86137710359133308E+01
5.64007362347007744E-03  1.86339428321977181E+01
5.64730448708991150E-03  1.86541146284821124E+01
5.65453535070974470E-03  1.86742864247664997E+01
5.66176621432957789E-03  1.86944582210508869E+01
5.66899707794941109E-03  1.87146300173352742E+01
5.67622794156924515E-03  1.87348018136196615E+01
5.68345880518907835E-03  1.87549736099040487E+01
5.69068966880891154E-03  1.87751454061884395E+01
5.69792053242874474E-03  1.87953172024728268E+01
5.70515139604857880E-03  1.88154889987572176E+01
5.71238225966841200E-03  1.88356607950416048E+01
5.71961312328824519E-03  1.88558325913259921E+01
5.72684398690807926E-03  1.88760043876103829E+01
5.73407485052791245E-03  1.88961761838947702E+01
5.74130571414774565E-03  1.89163479801791574E+01
5.74853657776757884E-03  1.89365197764635447E+01
5.75576744138741291E-03  1.89566915727479355E+01
5.76299830500724610E-03  1.89768633690323227E+01
5.77022916862707930E-03  1.89970351653167135E+01
5.77746003224691249E-03  1.90172069616011008E+01
5.78469089586674656E-03  1.90373787578854916E+01
5.79192175948657975E-03  1.90575505541698789E+01
5.79915262310641295E-03  1.90777223504542661E+01
5.80638348672624701E-03  1.90978941467386569E+01
5.81361435034608021E-03  1.91180659430230442E+01
5.82084521396591340E-03  1.91382377393074314E+01
5.82807607758574660E-03  1.91584095355918187E+01
5.83530694120558066E-03  1.91785813318762095E+01
5.84253780482541386E-03  1.91987531281605968E+01
5.84976866844524705E-03  1.92189249244449840E+01
5.85699953206508025E-03  1.92390967207293713E+01
5.86423039568491431E-03  1.92592685170137621E+01
5.87146125930474751E-03  1.92794403132981493E+01
5.87869212292458070E-03  1.92996121095825401E+01
5.88592298654441477E-03  1.93197839058669274E+01
5.89315385016424796E-03  1.93399557021513147E+01
5.90038471378408116E-03  1.93601274984357055E+01
5.90761557740391435E-03  1.93802992947200927E+01
5.91484644102374842E-03  1.94004710910044835E+01
5.92207730464358161E-03  1.94206428872888708E+01
5.92930816826341481E-03  1.94408146835732580E+01
5.93653903188324800E-03  1.94609864798576453E+01
5.94376989550308207E-03  1.94811582761420361E+01
5.95100075912291526E-03  1.95013300724264234E+01
5.95823162274274846E-03  1.95215018687108106E+01
5.96546248636258252E-03  1.95416736649952014E+01
5.97269334998241572E-03  1.95618454612795887E+01
5.97992421360224891E-03  1.95820172575639759E+01
5.98715507722208211E-03  1.96021890538483632E+01
5.99438594084191617E-03  1.96223608501327540E+01
6.00161680446174937E-03  1.96425326464171413E+01
6.00884766808158256E-03  1.96627044427015321E+01
6.01607853170141663E-03  1.96828762389859193E+01
6.02330939532124982E-03  1.97030480352703101E+01
6.03054025894108302E-03  1.97232198315546974E+01
6.03777112256091621E-03  1.97433916278390846E+01
6.04500198618075028E-03  1.97635634241234754E+01
6.05223284980058347E-03  1.97837352204078627E+01
6.05946371342041667E-03  1.98039070166922500E+01
6.06669457704024986E-03  1.98240788129766372E+01
6.07392544066008393E-03  1.98442506092610280E+01
6.08115630427991712E-03  1.98644224055454153E+01
6.08838716789975032E-03  1.98845942018298025E+01
6.09561803151958438E-03  1.99047659981141933E+01
6.10284889513941758E-03  1.99249377943985806E+01
6.11007975875925077E-03  1.99451095906829678E+01
6.11731062237908397E-03  1.99652813869673587E+01
6.12454148599891803E-03  1.99854531832517459E+01
6.13177234961875123E-03  2.00056249795361367E+01
6.13900321323858442E-03  2.00257967758205240E+01
6.14623407685841762E-03  2.00459685721049112E+01
6.15346494047825168E-03  2.00661403683893020E+01
6.16069580409808488E-03  2.00863121646736893E+01
6.16792666771791807E-03  2.01064839609580766E+01
6.17515753133775214E-03  2.01266557572424674E+01
6.18238839495758533E-03  2.01468275535268546E+01
6.18961925857741853E-03  2.01669993498112419E+01
6.19685012219725172E-03  2.01871711460956291E+01
6.20408098581708579E-03  2.02073429423800199E+01
6.21131184943691898E-03  2.02275147386644072E+01
6.21854271305675218E-03  2.02476865349487944E+01
6.22577357667658537E-03  2.02678583312331853E+01
6.23300444029641944E-03  2.02880301275175725E+01
6.24023530391625263E-03  2.03082019238019633E+01
6.24746616753608583E-03  2.03283737200863506E+01
6.25469703115591989E-03  2.03485455163707378E+01
6.26192789477575309E-03  2.03687173126551286E+01
6.26915875839558628E-03  2.03888891089395159E+01
6.27638962201541948E-03  2.04090609052239031E+01
6.28362048563525354E-03  2.04292327015082940E+01
6.29085134925508674E-03  2.04494044977926812E+01
6.29808221287491993E-03  2.04695762940770685E+01
6.30531307649475313E-03  2.04897480903614557E+01
6.31254394011458719E-03  2.05099198866458465E+01
6.31977480373442039E-03  2.05300916829302338E+01
6.32700566735425358E-03  2.05502634792146210E+01
6.33423653097408765E-03  2.05704352754990119E+01
6.34146739459392084E-03  2.05906070717833991E+01
6.34869825821375404E-03  2.06107788680677864E+01
6.35592912183358724E-03  2.06309506643521772E+01
6.36315998545342130E-03  2.06511224606365644E+01
6.37039084907325449E-03  2.06712942569209552E+01
6.37762171269308769E-03  2.06914660532053425E+01
6.38485257631292089E-03  2.07116378494897297E+01
6.39208343993275495E-03  2.07318096457741206E+01
6.39931430355258814E-03  2.07519814420585078E+01
6.40654516717242134E-03  2.07721532383428951E+01
6.41377603079225540E-03  2.07923250346272859E+01
6.42100689441208860E-03  2.08124968309116731E+01
6.42823775803192179E-03  2.08326686271960604E+01
6.43546862165175499E-03  2.08528404234804476E+01
6.44269948527158905E-03  2.08730122197648384E+01
6.44993034889142225E-03  2.08931840160492257E+01
6.45716121251125545E-03  2.09133558123336130E+01
6.46439207613108864E-03  2.09335276086180038E+01
6.47162293975092270E-03  2.09536994049023910E+01
6.47885380337075590E-03  2.09738712011867818E+01
6.48608466699058910E-03  2.09940429974711691E+01
6.49331553061042316E-03  2.10142147937555599E+01
6.50054639423025635E-03  2.10343865900399472E+01
6.50777725785008955E-03  2.10545583863243344E+01
6.51500812146992275E-03  2.10747301826087217E+01
6.52223898508975681E-03  2.10949019788931125E+01
6.52946984870959000E-03  2.11150737751774997E+01
6.53670071232942320E-03  2.11352455714618870E+01
6.54393157594925640E-03  2.11554173677462742E+01
6.55116243956909046E-03  2.11755891640306650E+01
6.55839330318892366E-03  2.11957609603150523E+01
6.56562416680875685E-03  2.12159327565994396E+01
6.57285503042859091E-03  2.12361045528838304E+01
6.58008589404842411E-03  2.12562763491682176E+01
6.58731675766825731E-03  2.12764481454526084E+01
6.59454762128809050E-03  2.12966199417369957E+01
6.60177848490792456E-03  2.13167917380213865E+01
6.60900934852775776E-03  2.13369635343057737E+01
6.61624021214759096E-03  2.13571353305901610E+01
6.62347107576742415E-03  2.13773071268745483E+01
6.63070193938725821E-03  2.13974789231589391E+01
6.63793280300709141E-03  2.14176507194433263E+01
6.64516366662692461E-03  2.14378225157277136E+01
6.65239453024675867E-03  2.14579943120121044E+01
6.65962539386659187E-03  2.14781661082964916E+01
6.66685625748642506E-03  2.14983379045808789E+01
6.67408712110625826E-03  2.15185097008652662E+01
6.68131798472609232E-03  2.15386814971496570E+01
6.68854884834592552E-03  2.15588532934340442E+01
6.69577971196575871E-03  2.15790250897184315E+01
6.70301057558559191E-03  2.15991968860028223E+01
6.71024143920542597E-03  2.16193686822872095E+01
6.71747230282525917E-03  2.16395404785716003E+01
6.72470316644509236E-03  2.16597122748559876E+01
6.73193403006492642E-03  2.16798840711403784E+01
6.73916489368475962E-03  2.17000558674247657E+01
6.74639575730459282E-03  2.17202276637091529E+01
6.75362662092442601E-03  2.17403994599935402E+01
6.76085748454426008E-03  2.17605712562779310E+01
6.76808834816409327E-03  2.17807430525623182E+01
6.77531921178392647E-03  2.18009148488467055E+01
6.78255007540375966E-03  2.18210866451310928E+01
6.78978093902359373E-03  2.18412584414154836E+01
6.79701180264342692E-03  2.18614302376998708E+01
6.80424266626326012E-03  2.18816020339842581E+01
6.81147352988309418E-03  2.19017738302686489E+01
6.81870439350292738E-03  2.19219456265530361E+01
6.82593525712276057E-03  2.19421174228374269E+01
6.83316612074259377E-03  2.19622892191218142E+01
6.84039698436242783E-03  2.19824610154062050E+01
6.84762784798226103E-03  2.20026328116905923E+01
6.85485871160209422E-03  2.20228046079749795E+01
6.86208957522192742E-03  2.20429764042593668E+01
6.86932043884176148E-03  2.20631482005437576E+01
6.87655130246159468E-03  2.20833199968281448E+01
6.88378216608142787E-03  2.21034917931125321E+01
6.89101302970126194E-03  2.21236635893969229E+01
6.89824389332109513E-03  2.21438353856813102E+01
6.90547475694092833E-03  2.21640071819656974E+01
6.91270562056076152E-03  2.21841789782500847E+01
6.91993648418059559E-03  2.22043507745344755E+01
6.92716734780042878E-03  2.22245225708188627E+01
6.93439821142026198E-03  2.22446943671032535E+01
6.94162907504009517E-03  2.22648661633876408E+01
6.94885993865992924E-03  2.22850379596720316E+01
6.95609080227976243E-03  2.23052097559564189E+01
6.96332166589959563E-03  2.23253815522408061E+01
6.97055252951942969E-03  2.23455533485251969E+01
6.97778339313926289E-03  2.23657251448095842E+01
6.98501425675909608E-03  2.23858969410939714E+01
6.99224512037892928E-03  2.24060687373783587E+01
6.99947598399876334E-03  2.24262405336627495E+01
7.00670684761859654E-03  2.24464123299471368E+01
7.01393771123842973E-03  2.24665841262315240E+01
7.02116857485826380E-03  2.24867559225159148E+01
7.02839943847809699E-03  2.25069277188003021E+01
7.03563030209793019E-03  2.25270995150846893E+01
7.04286116571776338E-03  2.25472713113690766E+01
7.05009202933759745E-03  2.25674431076534674E+01
7.05732289295743064E-03  2.25876149039378546E+01
7.06455375657726384E-03  2.26077867002222455E+01
7.07178462019709703E-03  2.26279584965066327E+01
7.07901548381693110E-03  2.26481302927910235E+01
7.08624634743676429E-03  2.26683020890754108E+01
7.09347721105659749E-03  2.26884738853597980E+01
7.10070807467643155E-03  2.27086456816441888E+01
7.10793893829626475E-03  2.27288174779285761E+01
7.11516980191609794E-03  2.27489892742129634E+01
7.12240066553593114E-03  2.27691610704973506E+01
7.12963152915576520E-03  2.27893328667817414E+01
7.13686239277559840E-03  2.28095046630661287E+01
7.14409325639543159E-03  2.28296764593505159E+01
7.15132412001526479E-03  2.28498482556349032E+01
7.15855498363509885E-03  2.28700200519192940E+01
7.16578584725493205E-03  2.28901918482036812E+01
7.17301671087476524E-03  2.29103636444880721E+01
7.18024757449459931E-03  2.29305354407724593E+01
7.18747843811443250E-03  2.29507072370568501E+01
7.19470930173426570E-03  2.29708790333412374E+01
7.20194016535409889E-03  2.29910508296256246E+01
7.20917102897393296E-03  2.30112226259100154E+01
7.21640189259376615E-03  2.30313944221944027E+01
7.22363275621359935E-03  2.30515662184787899E+01
