0.00000000000000000E+00  0.00000000000000000E+00
6.55191821919110591E-06  1.85883829378009707E-01
1.31038364383822118E-05  3.71767658756019415E-01
1.96557546575733169E-05  5.57651488134029094E-01
2.62076728767644236E-05  7.43535317512038829E-01
3.27595910959555304E-05  9.29419146890048564E-01
3.93115093151466337E-05  1.11530297626805819E+00
4.58634275343377439E-05  1.30118680564606803E+00
5.24153457535288472E-05  1.48707063502407766E+00
5.89672639727199506E-05  1.67295446440208728E+00
6.55191821919110607E-05  1.85883829378009713E+00
7.20711004111021709E-05  2.04472212315810697E+00
7.86230186302932675E-05  2.23060595253611638E+00
8.51749368494843776E-05  2.41648978191412622E+00
9.17268550686754878E-05  2.60237361129213607E+00
9.82787732878665843E-05  2.78825744067014547E+00
1.04830691507057694E-04  2.83074105282243194E+00
1.11382609726248805E-04  2.84159570786468407E+00
1.17934527945439901E-04  2.85245036290693621E+00
1.24486446164631025E-04  2.86330501794918835E+00
1.31038364383822121E-04  2.87415967299144048E+00
1.37590282603013218E-04  2.88501432803369262E+00
1.44142200822204342E-04  2.89586898307594476E+00
1.50694119041395438E-04  2.90672363811819690E+00
1.57246037260586535E-04  2.91757829316044903E+00
1.63797955479777659E-04  2.92843294820270117E+00
1.70349873698968755E-04  2.93928760324495331E+00
1.76901791918159852E-04  2.95014225828720544E+00
1.83453710137350976E-04  2.96099691332945758E+00
1.90005628356542072E-04  2.97185156837170972E+00
1.96557546575733169E-04  2.98270622341396185E+00
2.03109464794924292E-04  2.99356087845621399E+00
2.09661383014115389E-04  3.00441553349846613E+00
2.16213301233306486E-04  3.01527018854071827E+00
2.22765219452497609E-04  3.02612484358297040E+00
2.29317137671688706E-04  3.03697949862522254E+00
2.35869055890879802E-04  3.04783415366747468E+00
2.42420974110070926E-04  3.05868880870972681E+00
2.48972892329262050E-04  3.06954346375197895E+00
2.55524810548453146E-04  3.08039811879423109E+00
2.62076728767644243E-04  3.09125277383648323E+00
2.68628646986835340E-04  3.10210742887873536E+00
2.75180565206026436E-04  3.11296208392098706E+00
2.81732483425217533E-04  3.12381673896323964E+00
2.88284401644408684E-04  3.13467139400549177E+00
2.94836319863599780E-04  3.14552604904774391E+00
3.01388238082790877E-04  3.15638070408999560E+00
3.07940156301981973E-04  3.16723535913224818E+00
3.14492074521173070E-04  3.17809001417449988E+00
3.21043992740364166E-04  3.18894466921675201E+00
3.27595910959555317E-04  3.19979932425900415E+00
3.34147829178746414E-04  3.21065397930125629E+00
3.40699747397937510E-04  3.22150863434350843E+00
3.47251665617128607E-04  3.23236328938576056E+00
3.53803583836319704E-04  3.24321794442801270E+00
3.60355502055510800E-04  3.25407259947026484E+00
3.66907420274701951E-04  3.26492725451251697E+00
3.73459338493893048E-04  3.27578190955476911E+00
3.80011256713084144E-04  3.28663656459702125E+00
3.86563174932275241E-04  3.29749121963927339E+00
3.93115093151466337E-04  3.30834587468152552E+00
3.99667011370657434E-04  3.31920052972377766E+00
4.06218929589848585E-04  3.33005518476602980E+00
4.12770847809039681E-04  3.34090983980828193E+00
4.19322766028230778E-04  3.35176449485053407E+00
4.25874684247421875E-04  3.36261914989278621E+00
4.32426602466612971E-04  3.37347380493503834E+00
4.38978520685804122E-04  3.38432845997729048E+00
4.45530438904995219E-04  3.39518311501954262E+00
4.52082357124186315E-04  3.40603777006179476E+00
4.58634275343377412E-04  3.41689242510404689E+00
4.65186193562568508E-04  3.42774708014629859E+00
4.71738111781759605E-04  3.43860173518855117E+00
4.78290030000950756E-04  3.44945639023080286E+00
4.84841948220141852E-04  3.46031104527305544E+00
4.91393866439332949E-04  3.47116570031530713E+00
4.97945784658524100E-04  3.48202035535755972E+00
5.04497702877715142E-04  3.49287501039981141E+00
5.11049621096906293E-04  3.50372966544206399E+00
5.17601539316097335E-04  3.51458432048431568E+00
5.24153457535288486E-04  3.52543897552656782E+00
5.30705375754479528E-04  3.53629363056881996E+00
5.37257293973670679E-04  3.54714828561107209E+00
5.43809212192861830E-04  3.55800294065332423E+00
5.50361130412052872E-04  3.56885759569557637E+00
5.56913048631244023E-04  3.57971225073782851E+00
5.63464966850435066E-04  3.59056690578008064E+00
5.70016885069626216E-04  3.60142156082233278E+00
5.76568803288817367E-04  3.61227621586458492E+00
5.83120721508008409E-04  3.62313087090683705E+00
5.89672639727199560E-04  3.63398552594908919E+00
5.96224557946390603E-04  3.64484018099134133E+00
6.02776476165581753E-04  3.65569483603359346E+00
6.09328394384772796E-04  3.66654949107584560E+00
6.15880312603963947E-04  3.67740414611809774E+00
6.22432230823155097E-04  3.68825880116034988E+00
6.28984149042346140E-04  3.69911345620260157E+00
6.35536067261537291E-04  3.70996811124485415E+00
6.42087985480728333E-04  3.72082276628710584E+00
6.48639903699919484E-04  3.73167742132935842E+00
6.55191821919110635E-04  3.74253207637161056E+00
6.61743740138301677E-04  3.75338673141386270E+00
6.68295658357492828E-04  3.76424138645611439E+00
6.74847576576683870E-04  3.77509604149836697E+00
6.81399494795875021E-04  3.78595069654061867E+00
6.87951413015066172E-04  3.79680535158287125E+00
6.94503331234257214E-04  3.80766000662512294E+00
7.01055249453448365E-04  3.81851466166737552E+00
7.07607167672639407E-04  3.82936931670962721E+00
7.14159085891830558E-04  3.84022397175187979E+00
7.20711004111021600E-04  3.85107862679413149E+00
7.27262922330212751E-04  3.86193328183638362E+00
7.33814840549403902E-04  3.87278793687863576E+00
7.40366758768594944E-04  3.88364259192088790E+00
7.46918676987786095E-04  3.89449724696314004E+00
7.53470595206977138E-04  3.90535190200539217E+00
7.60022513426168288E-04  3.91620655704764431E+00
7.66574431645359439E-04  3.92706121208989645E+00
7.73126349864550482E-04  3.93791586713214858E+00
7.79678268083741632E-04  3.94877052217440072E+00
7.86230186302932675E-04  3.95962517721665286E+00
7.92782104522123826E-04  3.97047983225890500E+00
7.99334022741314868E-04  3.98133448730115713E+00
8.05885940960506019E-04  3.99218914234340927E+00
8.12437859179697170E-04  4.00304379738566141E+00
8.18989777398888212E-04  4.01389845242791310E+00
8.25541695618079363E-04  4.02475310747016568E+00
8.32093613837270405E-04  4.03560776251241737E+00
8.38645532056461556E-04  4.04646241755466995E+00
8.45197450275652707E-04  4.05731707259692165E+00
8.51749368494843749E-04  4.06817172763917423E+00
8.58301286714034900E-04  4.07902638268142592E+00
8.64853204933225942E-04  4.08988103772367850E+00
8.71405123152417093E-04  4.10073569276593020E+00
8.77957041371608244E-04  4.11159034780818278E+00
8.84508959590799286E-04  4.12244500285043447E+00
8.91060877809990437E-04  4.13329965789268705E+00
8.97612796029181479E-04  4.14415431293493874E+00
9.04164714248372630E-04  4.15500896797719133E+00
9.10716632467563673E-04  4.16586362301944302E+00
9.17268550686754823E-04  4.17671827806169560E+00
9.23820468905945974E-04  4.18757293310394729E+00
9.30372387125137017E-04  4.19842758814619899E+00
9.36924305344328167E-04  4.20928224318845157E+00
9.43476223563519210E-04  4.22013689823070415E+00
9.50028141782710361E-04  4.23099155327295584E+00
9.56580060001901511E-04  4.24184620831520753E+00
9.63131978221092554E-04  4.25270086335746011E+00
9.69683896440283704E-04  4.26355551839971270E+00
9.76235814659474747E-04  4.27441017344196439E+00
9.82787732878665898E-04  4.28526482848421608E+00
9.89339651097856940E-04  4.29611948352646866E+00
9.95891569317048199E-04  4.30697413856872124E+00
1.00244348753623924E-03  4.31782879361097294E+00
1.00899540575543028E-03  4.33464189378110021E+00
1.01554732397462133E-03  4.35679150488132994E+00
1.02209924219381259E-03  4.37894111598155966E+00
1.02865116041300363E-03  4.40109072708179028E+00
1.03520307863219467E-03  4.42324033818201912E+00
1.04175499685138593E-03  4.44538994928224973E+00
1.04830691507057697E-03  4.46753956038248035E+00
1.05485883328976801E-03  4.48968917148270918E+00
1.06141075150895906E-03  4.51183878258293891E+00
1.06796266972815032E-03  4.53398839368316953E+00
1.07451458794734136E-03  4.55613800478339925E+00
1.08106650616653240E-03  4.57828761588362898E+00
1.08761842438572366E-03  4.60043722698385871E+00
1.09417034260491470E-03  4.62258683808408932E+00
1.10072226082410574E-03  4.64473644918431816E+00
1.10727417904329700E-03  4.66688606028454878E+00
1.11382609726248805E-03  4.68903567138477939E+00
1.12037801548167909E-03  4.71118528248500823E+00
1.12692993370087013E-03  4.73333489358523885E+00
1.13348185192006139E-03  4.75548450468546857E+00
1.14003377013925243E-03  4.77763411578569830E+00
1.14658568835844347E-03  4.79978372688592803E+00
1.15313760657763473E-03  4.82193333798615775E+00
1.15968952479682578E-03  4.84408294908638837E+00
1.16624144301601682E-03  4.86623256018661721E+00
1.17279336123520786E-03  4.88838217128684782E+00
1.17934527945439912E-03  4.91053178238707844E+00
1.18589719767359016E-03  4.93268139348730728E+00
1.19244911589278121E-03  4.95483100458753700E+00
1.19900103411197246E-03  4.97698061568776762E+00
1.20555295233116351E-03  4.99913022678799734E+00
1.21210487055035455E-03  5.02127983788822707E+00
1.21865678876954559E-03  5.04342944898845680E+00
1.22520870698873685E-03  5.06557906008868741E+00
1.23176062520792789E-03  5.08772867118891714E+00
1.23831254342711894E-03  5.10987828228914687E+00
1.24486446164631019E-03  5.13202789338937659E+00
1.25141637986550124E-03  5.15417750448960632E+00
1.25796829808469228E-03  5.17632711558983605E+00
1.26452021630388354E-03  5.19847672669006666E+00
1.27107213452307458E-03  5.22062633779029639E+00
1.27762405274226562E-03  5.24277594889052612E+00
1.28417597096145667E-03  5.26492555999075584E+00
1.29072788918064793E-03  5.28707517109098646E+00
1.29727980739983897E-03  5.30922478219121619E+00
1.30383172561903001E-03  5.33137439329144591E+00
1.31038364383822127E-03  5.35352400439167564E+00
1.31693556205741231E-03  5.37567361549190537E+00
1.32348748027660335E-03  5.39782322659213509E+00
1.33003939849579440E-03  5.41997283769236482E+00
1.33659131671498566E-03  5.44212244879259543E+00
1.34314323493417670E-03  5.46427205989282516E+00
1.34969515315336774E-03  5.48642167099305489E+00
1.35624707137255900E-03  5.50857128209328550E+00
1.36279898959175004E-03  5.53072089319351523E+00
1.36935090781094108E-03  5.55287050429374496E+00
1.37590282603013234E-03  5.57502011539397468E+00
1.38245474424932339E-03  5.59716972649420441E+00
1.38900666246851443E-03  5.61931933759443414E+00
1.39555858068770547E-03  5.64146894869466387E+00
1.40211049890689673E-03  5.66361855979489448E+00
1.40866241712608777E-03  5.68576817089512421E+00
1.41521433534527881E-03  5.70791778199535393E+00
1.42176625356447007E-03  5.73006739309558455E+00
1.42831817178366112E-03  5.75221700419581428E+00
1.43487009000285216E-03  5.77436661529604400E+00
1.44142200822204320E-03  5.79651622639627373E+00
1.44797392644123446E-03  5.81866583749650346E+00
1.45452584466042550E-03  5.84081544859673318E+00
1.46107776287961654E-03  5.86296505969696291E+00
1.46762968109880780E-03  5.88511467079719353E+00
1.47418159931799885E-03  5.90726428189742325E+00
1.48073351753718989E-03  5.92941389299765298E+00
1.48728543575638115E-03  5.95156350409788359E+00
1.49383735397557219E-03  5.97371311519811332E+00
1.50038927219476323E-03  5.99586272629834305E+00
1.50694119041395428E-03  6.01801233739857278E+00
1.51349310863314553E-03  6.04016194849880250E+00
1.52004502685233658E-03  6.06231155959903223E+00
1.52659694507152762E-03  6.08446117069926196E+00
1.53314886329071888E-03  6.10661078179949257E+00
1.53970078150990992E-03  6.12876039289972230E+00
1.54625269972910096E-03  6.15091000399995202E+00
1.55280461794829201E-03  6.17305961510018175E+00
1.55935653616748326E-03  6.19520922620041237E+00
1.56590845438667431E-03  6.21735883730064209E+00
1.57246037260586535E-03  6.23950844840087182E+00
1.57901229082505661E-03  6.26165805950110155E+00
1.58556420904424765E-03  6.28380767060133127E+00
1.59211612726343869E-03  6.30595728170156100E+00
1.59866804548262974E-03  6.32810689280179073E+00
1.60521996370182100E-03  6.35025650390202134E+00
1.61177188192101204E-03  6.37240611500225107E+00
1.61832380014020308E-03  6.39455572610248080E+00
1.62487571835939434E-03  6.41670533720271141E+00
1.63142763657858538E-03  6.43885494830294114E+00
1.63797955479777642E-03  6.46100455940317087E+00
1.64453147301696768E-03  6.48315417050340059E+00
1.65108339123615873E-03  6.50530378160363032E+00
1.65763530945534977E-03  6.52745339270386005E+00
1.66418722767454081E-03  6.54960300380408977E+00
1.67073914589373207E-03  6.57175261490432039E+00
1.67729106411292311E-03  6.59390222600455012E+00
1.68384298233211415E-03  6.61605183710477984E+00
1.69039490055130541E-03  6.63820144820501046E+00
1.69694681877049646E-03  6.66035105930524018E+00
1.70349873698968750E-03  6.68250067040546991E+00
1.71005065520887854E-03  6.70465028150569964E+00
1.71660257342806980E-03  6.72679989260592937E+00
1.72315449164726084E-03  6.74894950370615909E+00
1.72970640986645188E-03  6.77109911480638882E+00
1.73625832808564314E-03  6.79324872590661943E+00
1.74281024630483419E-03  6.81539833700684916E+00
1.74936216452402523E-03  6.83754794810707889E+00
1.75591408274321649E-03  6.85969755920730950E+00
1.76246600096240753E-03  6.88184717030753923E+00
1.76901791918159857E-03  6.90399678140776896E+00
1.77556983740078961E-03  6.92614639250799868E+00
1.78212175561998087E-03  6.94829600360822841E+00
1.78867367383917192E-03  6.97044561470845814E+00
1.79522559205836296E-03  6.99259522580868786E+00
1.80177751027755422E-03  7.01474483690891848E+00
1.80832942849674526E-03  7.03689444800914821E+00
1.81488134671593630E-03  7.05904405910937793E+00
1.82143326493512735E-03  7.08119367020960766E+00
1.82798518315431860E-03  7.10334328130983828E+00
1.83453710137350965E-03  7.12549289241006800E+00
1.84108901959270069E-03  7.14764250351029773E+00
1.84764093781189195E-03  7.16979211461052746E+00
1.85419285603108299E-03  7.19194172571075718E+00
1.86074477425027403E-03  7.21409133681098691E+00
1.86729669246946508E-03  7.23624094791121664E+00
1.87384861068865633E-03  7.25839055901144725E+00
1.88040052890784738E-03  7.28054017011167698E+00
1.88695244712703842E-03  7.30268978121190671E+00
1.89350436534622968E-03  7.32483939231213732E+00
1.90005628356542072E-03  7.34698900341236705E+00
1.90660820178461176E-03  7.36913861451259677E+00
1.91316012000380302E-03  7.39128822561282650E+00
1.91971203822299407E-03  7.41343783671305623E+00
1.92626395644218511E-03  7.43558744781328596E+00
1.93281587466137615E-03  7.45773705891351568E+00
1.93936779288056741E-03  7.47988667001374630E+00
1.94591971109975845E-03  7.50203628111397602E+00
1.95247162931894949E-03  7.52418589221420575E+00
1.95902354753814054E-03  7.54633550331443548E+00
1.96557546575733180E-03  7.56848511441466609E+00
1.97212738397652305E-03  7.59063472551489582E+00
1.97867930219571388E-03  7.61278433661512555E+00
1.98523122041490514E-03  7.63493394771535527E+00
1.99178313863409640E-03  7.65708355881558589E+00
1.99833505685328722E-03  7.67923316991581473E+00
2.00488697507247848E-03  7.70138278101604534E+00
2.01143889329166931E-03  7.72353239211627418E+00
2.01799081151086057E-03  7.74568200321650480E+00
2.02454272973005183E-03  7.76783161431673541E+00
2.03109464794924265E-03  7.78998122541696425E+00
2.03764656616843391E-03  7.81213083651719487E+00
2.04419848438762517E-03  7.83428044761742459E+00
2.05075040260681600E-03  7.85643005871765432E+00
2.05730232082600726E-03  7.87857966981788405E+00
2.06385423904519852E-03  7.90072928091811466E+00
2.07040615726438934E-03  7.92287889201834350E+00
2.07695807548358060E-03  7.94502850311857411E+00
2.08350999370277186E-03  7.96717811421880473E+00
2.09006191192196268E-03  7.98932772531903357E+00
2.09661383014115394E-03  8.01147733641926507E+00
2.10316574836034520E-03  8.03362694751949391E+00
2.10971766657953603E-03  8.05577655861972275E+00
2.11626958479872729E-03  8.07792616971995336E+00
2.12282150301791811E-03  8.10007578082018220E+00
2.12937342123710937E-03  8.12222539192041282E+00
2.13592533945630063E-03  8.14437500302064343E+00
2.14247725767549146E-03  8.16652461412087227E+00
2.14902917589468272E-03  8.18867422522110289E+00
2.15558109411387398E-03  8.21082383632133350E+00
2.16213301233306480E-03  8.23297344742156234E+00
2.16868493055225606E-03  8.25512305852179296E+00
2.17523684877144732E-03  8.27727266962202179E+00
2.18178876699063815E-03  8.29942228072225241E+00
2.18834068520982940E-03  8.32157189182248302E+00
2.19489260342902066E-03  8.34372150292271186E+00
2.20144452164821149E-03  8.36587111402294070E+00
2.20799643986740275E-03  8.38802072512317309E+00
2.21454835808659401E-03  8.41017033622340193E+00
2.22110027630578483E-03  8.43231994732363077E+00
2.22765219452497609E-03  8.45446955842386316E+00
2.23420411274416692E-03  8.47661916952409200E+00
2.24075603096335818E-03  8.49876878062432084E+00
2.24730794918254944E-03  8.52091839172455146E+00
2.25385986740174026E-03  8.54306800282478207E+00
2.26041178562093152E-03  8.56521761392501091E+00
2.26696370384012278E-03  8.58736722502524152E+00
2.27351562205931361E-03  8.60951683612547036E+00
2.28006754027850487E-03  8.63166644722570098E+00
2.28661945849769612E-03  8.65381605832593159E+00
2.29317137671688695E-03  8.67596566942616043E+00
2.29972329493607821E-03  8.69811528052639105E+00
2.30627521315526947E-03  8.72026489162661989E+00
2.31282713137446029E-03  8.74241450272685050E+00
2.31937904959365155E-03  8.76456411382708112E+00
2.32593096781284281E-03  8.78671372492730995E+00
2.33248288603203364E-03  8.80886333602753879E+00
2.33903480425122490E-03  8.83101294712777118E+00
2.34558672247041572E-03  8.85316255822800002E+00
2.35213864068960698E-03  8.87531216932822886E+00
2.35869055890879824E-03  8.89746178042846125E+00
2.36524247712798907E-03  8.91961139152869009E+00
2.37179439534718033E-03  8.94176100262891893E+00
2.37834631356637159E-03  8.96391061372914955E+00
2.38489823178556241E-03  8.98606022482937838E+00
2.39145015000475367E-03  9.00820983592960900E+00
2.39800206822394493E-03  9.03035944702983961E+00
2.40455398644313575E-03  9.05250905813006845E+00
2.41110590466232701E-03  9.07465866923029907E+00
2.41765782288151827E-03  9.09680828033052968E+00
2.42420974110070910E-03  9.11895789143075852E+00
2.43076165931990036E-03  9.14110750253098914E+00
2.43731357753909118E-03  9.16325711363121798E+00
2.44386549575828244E-03  9.18540672473144859E+00
2.45041741397747370E-03  9.20755633583167921E+00
2.45696933219666453E-03  9.22970594693190804E+00
2.46352125041585579E-03  9.25185555803213866E+00
2.47007316863504705E-03  9.27400516913236928E+00
2.47662508685423787E-03  9.29615478023259811E+00
2.48317700507342913E-03  9.31830439133282695E+00
2.48972892329262039E-03  9.34045400243305757E+00
2.49628084151181122E-03  9.36260361353328641E+00
2.50283275973100247E-03  9.38475322463351702E+00
2.50938467795019373E-03  9.40690283573374764E+00
2.51593659616938456E-03  9.42905244683397648E+00
2.52248851438857582E-03  9.45120205793420709E+00
2.52904043260776708E-03  9.47335166903443771E+00
2.53559235082695790E-03  9.49550128013466654E+00
2.54214426904614916E-03  9.51765089123489716E+00
2.54869618726533999E-03  9.53980050233512600E+00
2.55524810548453125E-03  9.56195011343535661E+00
2.56180002370372251E-03  9.58409972453558723E+00
2.56835194192291333E-03  9.60624933563581607E+00
2.57490386014210459E-03  9.62839894673604668E+00
2.58145577836129585E-03  9.65054855783627730E+00
2.58800769658048668E-03  9.67269816893650614E+00
2.59455961479967794E-03  9.69484778003673675E+00
2.60111153301886919E-03  9.71699739113696737E+00
2.60766345123806002E-03  9.73914700223719620E+00
2.61421536945725128E-03  9.76129661333742504E+00
2.62076728767644254E-03  9.78344622443765566E+00
2.62731920589563336E-03  9.80559583553788450E+00
2.63387112411482462E-03  9.82774544663811511E+00
2.64042304233401588E-03  9.84989505773834573E+00
2.64697496055320671E-03  9.87204466883857457E+00
2.65352687877239797E-03  9.89419427993880518E+00
2.66007879699158879E-03  9.91634389103903402E+00
2.66663071521078005E-03  9.93849350213926463E+00
2.67318263342997131E-03  9.96064311323949525E+00
2.67973455164916214E-03  9.98279272433972409E+00
2.68628646986835340E-03  1.00049423354399547E+01
2.69283838808754466E-03  1.00270919465401853E+01
2.69939030630673548E-03  1.00492415576404142E+01
2.70594222452592674E-03  1.00713911687406448E+01
2.71249414274511800E-03  1.00935407798408754E+01
2.71904606096430882E-03  1.01156903909411042E+01
2.72559797918350008E-03  1.01378400020413348E+01
2.73214989740269134E-03  1.01599896131415655E+01
2.73870181562188217E-03  1.01821392242417943E+01
2.74525373384107343E-03  1.02042888353420249E+01
2.75180565206026469E-03  1.02264384464422537E+01
2.75835757027945551E-03  1.02485880575424826E+01
2.76490948849864677E-03  1.02707376686427132E+01
2.77146140671783760E-03  1.02928872797429420E+01
2.77801332493702886E-03  1.03150368908431727E+01
2.78456524315622012E-03  1.03371865019434033E+01
2.79111716137541094E-03  1.03593361130436321E+01
2.79766907959460220E-03  1.03814857241438627E+01
2.80422099781379346E-03  1.04036353352440933E+01
2.81077291603298429E-03  1.04257849463443222E+01
2.81732483425217554E-03  1.04479345574445528E+01
2.82387675247136680E-03  1.04700841685447834E+01
2.83042867069055763E-03  1.04922337796450122E+01
2.83698058890974889E-03  1.05143833907452429E+01
2.84353250712894015E-03  1.05365330018454735E+01
2.85008442534813097E-03  1.05586826129457023E+01
2.85663634356732223E-03  1.05808322240459329E+01
2.86318826178651349E-03  1.06029818351461635E+01
2.86974018000570432E-03  1.06251314462463924E+01
2.87629209822489558E-03  1.06472810573466230E+01
2.88284401644408640E-03  1.06694306684468518E+01
2.88939593466327766E-03  1.06915802795470807E+01
2.89594785288246892E-03  1.07137298906473113E+01
2.90249977110165975E-03  1.07358795017475401E+01
2.90905168932085101E-03  1.07580291128477707E+01
2.91560360754004226E-03  1.07801787239480014E+01
2.92215552575923309E-03  1.08023283350482302E+01
2.92870744397842435E-03  1.08244779461484608E+01
2.93525936219761561E-03  1.08466275572486914E+01
2.94181128041680643E-03  1.08687771683489203E+01
2.94836319863599769E-03  1.08909267794491509E+01
2.95491511685518895E-03  1.09130763905493815E+01
2.96146703507437978E-03  1.09352260016496103E+01
2.96801895329357104E-03  1.09573756127498410E+01
2.97457087151276230E-03  1.09795252238500716E+01
2.98112278973195312E-03  1.10016748349503004E+01
2.98767470795114438E-03  1.10238244460505310E+01
2.99422662617033521E-03  1.10459740571507599E+01
3.00077854438952647E-03  1.10681236682509905E+01
3.00733046260871772E-03  1.10902732793512211E+01
3.01388238082790855E-03  1.11124228904514499E+01
3.02043429904709981E-03  1.11345725015516788E+01
3.02698621726629107E-03  1.11567221126519094E+01
3.03353813548548189E-03  1.11788717237521382E+01
3.04009005370467315E-03  1.12010213348523688E+01
3.04664197192386441E-03  1.12231709459525995E+01
3.05319389014305524E-03  1.12453205570528283E+01
3.05974580836224650E-03  1.12674701681530589E+01
3.06629772658143776E-03  1.12896197792532895E+01
3.07284964480062858E-03  1.13117693903535184E+01
3.07940156301981984E-03  1.13339190014537490E+01
3.08595348123901067E-03  1.13560686125539778E+01
3.09250539945820193E-03  1.13782182236542084E+01
3.09905731767739319E-03  1.14003678347544390E+01
3.10560923589658401E-03  1.14225174458546679E+01
3.11216115411577527E-03  1.14446670569548985E+01
3.11871307233496653E-03  1.14668166680551291E+01
3.12526499055415736E-03  1.14889662791553580E+01
3.13181690877334861E-03  1.15111158902555886E+01
3.13836882699253987E-03  1.15332655013558192E+01
3.14492074521173070E-03  1.15554151124560480E+01
3.15147266343092196E-03  1.15775647235562769E+01
3.15802458165011322E-03  1.15997143346565075E+01
3.16457649986930404E-03  1.16218639457567363E+01
3.17112841808849530E-03  1.16440135568569669E+01
3.17768033630768656E-03  1.16661631679571975E+01
3.18423225452687739E-03  1.16883127790574264E+01
3.19078417274606865E-03  1.17104623901576570E+01
3.19733609096525947E-03  1.17326120012578858E+01
3.20388800918445073E-03  1.17547616123581165E+01
3.21043992740364199E-03  1.17769112234583471E+01
3.21699184562283282E-03  1.17990608345585759E+01
3.22354376384202407E-03  1.18212104456588065E+01
3.23009568206121533E-03  1.18433600567590371E+01
3.23664760028040616E-03  1.18655096678592660E+01
3.24319951849959742E-03  1.18876592789594966E+01
3.24975143671878868E-03  1.19098088900597272E+01
3.25630335493797950E-03  1.19319585011599560E+01
3.26285527315717076E-03  1.19541081122601867E+01
3.26940719137636202E-03  1.19762577233604173E+01
3.27595910959555285E-03  1.19984073344606461E+01
3.28251102781474411E-03  1.20205569455608767E+01
3.28906294603393537E-03  1.20427065566611056E+01
3.29561486425312619E-03  1.20648561677613344E+01
3.30216678247231745E-03  1.20870057788615650E+01
3.30871870069150828E-03  1.21091553899617939E+01
3.31527061891069954E-03  1.21313050010620245E+01
3.32182253712989079E-03  1.21534546121622551E+01
3.32837445534908162E-03  1.21756042232624839E+01
3.33492637356827288E-03  1.21977538343627145E+01
3.34147829178746414E-03  1.22199034454629452E+01
3.34803021000665496E-03  1.22420530565631740E+01
3.35458212822584622E-03  1.22642026676634046E+01
3.36113404644503748E-03  1.22863522787636352E+01
3.36768596466422831E-03  1.23085018898638641E+01
3.37423788288341957E-03  1.23306515009640947E+01
3.38078980110261083E-03  1.23528011120643253E+01
3.38734171932180165E-03  1.23749507231645541E+01
3.39389363754099291E-03  1.23971003342647847E+01
3.40044555576018417E-03  1.24192499453650154E+01
3.40699747397937500E-03  1.24413995564652442E+01
3.41354939219856626E-03  1.24635491675654748E+01
3.42010131041775708E-03  1.24856987786657037E+01
3.42665322863694834E-03  1.25078483897659325E+01
3.43320514685613960E-03  1.25299980008661631E+01
3.43975706507533042E-03  1.25521476119663919E+01
3.44630898329452168E-03  1.25742972230666226E+01
3.45286090151371294E-03  1.25964468341668532E+01
3.45941281973290377E-03  1.26185964452670820E+01
3.46596473795209503E-03  1.26407460563673126E+01
3.47251665617128629E-03  1.26628956674675432E+01
3.47906857439047711E-03  1.26850452785677721E+01
3.48562049260966837E-03  1.27071948896680027E+01
3.49217241082885963E-03  1.27293445007682333E+01
3.49872432904805046E-03  1.27514941118684622E+01
3.50527624726724172E-03  1.27736437229686928E+01
3.51182816548643298E-03  1.27957933340689234E+01
3.51838008370562380E-03  1.28179429451691522E+01
3.52493200192481506E-03  1.28400925562693828E+01
3.53148392014400589E-03  1.28622421673696117E+01
3.53803583836319714E-03  1.28843917784698423E+01
3.54458775658238840E-03  1.29065413895700729E+01
3.55113967480157923E-03  1.29286910006703017E+01
3.55769159302077049E-03  1.29508406117705306E+01
3.56424351123996175E-03  1.29729902228707612E+01
3.57079542945915257E-03  1.29951398339709900E+01
3.57734734767834383E-03  1.30172894450712207E+01
3.58389926589753509E-03  1.30394390561714513E+01
3.59045118411672592E-03  1.30615886672716801E+01
3.59700310233591718E-03  1.30837382783719107E+01
3.60355502055510844E-03  1.31058878894721413E+01
3.61010693877429926E-03  1.31280375005723702E+01
3.61665885699349052E-03  1.31501871116726008E+01
3.62321077521268178E-03  1.31723367227728314E+01
3.62976269343187261E-03  1.31944863338730602E+01
3.63631461165106386E-03  1.32166359449732909E+01
3.64286652987025469E-03  1.32387855560735197E+01
3.64941844808944595E-03  1.32609351671737503E+01
3.65597036630863721E-03  1.32830847782739809E+01
3.66252228452782803E-03  1.33052343893742098E+01
3.66907420274701929E-03  1.33273840004744404E+01
3.67562612096621055E-03  1.33495336115746710E+01
3.68217803918540138E-03  1.33716832226748998E+01
3.68872995740459264E-03  1.33938328337751287E+01
3.69528187562378390E-03  1.34159824448753593E+01
3.70183379384297472E-03  1.34381320559755881E+01
3.70838571206216598E-03  1.34602816670758187E+01
3.71493763028135724E-03  1.34824312781760494E+01
3.72148954850054807E-03  1.35045808892762782E+01
3.72804146671973933E-03  1.35267305003765088E+01
3.73459338493893015E-03  1.35488801114767377E+01
3.74114530315812141E-03  1.35710297225769683E+01
3.74769722137731267E-03  1.35931793336771989E+01
3.75424913959650349E-03  1.36153289447774277E+01
3.76080105781569475E-03  1.36374785558776583E+01
3.76735297603488601E-03  1.36596281669778890E+01
3.77390489425407684E-03  1.36817777780781178E+01
3.78045681247326810E-03  1.37039273891783484E+01
3.78700873069245936E-03  1.37260770002785790E+01
3.79356064891165018E-03  1.37482266113788079E+01
3.80011256713084144E-03  1.37703762224790385E+01
3.80666448535003270E-03  1.37925258335792691E+01
3.81321640356922353E-03  1.38146754446794979E+01
3.81976832178841479E-03  1.38368250557797268E+01
3.82632024000760605E-03  1.38589746668799574E+01
3.83287215822679687E-03  1.38811242779801862E+01
3.83942407644598813E-03  1.39032738890804168E+01
3.84597599466517896E-03  1.39254235001806457E+01
3.85252791288437021E-03  1.39475731112808763E+01
3.85907983110356147E-03  1.39697227223811069E+01
3.86563174932275230E-03  1.39918723334813357E+01
3.87218366754194356E-03  1.40140219445815664E+01
3.87873558576113482E-03  1.40361715556817970E+01
3.88528750398032564E-03  1.40583211667820258E+01
3.89183942219951690E-03  1.40804707778822564E+01
3.89839134041870816E-03  1.41026203889824870E+01
3.90494325863789899E-03  1.41247700000827159E+01
3.91149517685708981E-03  1.41469196111829447E+01
3.91804709507628107E-03  1.41690692222831753E+01
3.92459901329547233E-03  1.41912188333834060E+01
3.93115093151466359E-03  1.42133684444836366E+01
3.93770284973385485E-03  1.42355180555838672E+01
3.94425476795304611E-03  1.42576676666840960E+01
3.95080668617223650E-03  1.42798172777843249E+01
3.95735860439142776E-03  1.43019668888845555E+01
3.96391052261061902E-03  1.43241164999847843E+01
3.97046244082981028E-03  1.43462661110850149E+01
3.97701435904900154E-03  1.43684157221852455E+01
3.98356627726819280E-03  1.43905653332854762E+01
3.99011819548738319E-03  1.44127149443857032E+01
3.99667011370657445E-03  1.44348645554859338E+01
4.00322203192576571E-03  1.44570141665861644E+01
4.00977395014495697E-03  1.44791637776863951E+01
4.01632586836414823E-03  1.45013133887866257E+01
4.02287778658333862E-03  1.45234629998868527E+01
4.02942970480252988E-03  1.45456126109870834E+01
4.03598162302172114E-03  1.45677622220873140E+01
4.04253354124091240E-03  1.45899118331875446E+01
4.04908545946010365E-03  1.46120614442877752E+01
4.05563737767929491E-03  1.46342110553880058E+01
4.06218929589848531E-03  1.46563606664882329E+01
4.06874121411767656E-03  1.46785102775884635E+01
4.07529313233686782E-03  1.47006598886886941E+01
4.08184505055605908E-03  1.47228094997889247E+01
4.08839696877525034E-03  1.47449591108891536E+01
4.09494888699444160E-03  1.47671087219893842E+01
4.10150080521363199E-03  1.47892583330896130E+01
4.10805272343282325E-03  1.48114079441898419E+01
4.11460464165201451E-03  1.48335575552900725E+01
4.12115655987120577E-03  1.48557071663903031E+01
4.12770847809039703E-03  1.48778567774905337E+01
4.13426039630958742E-03  1.49000063885907608E+01
4.14081231452877868E-03  1.49221559996909914E+01
4.14736423274796994E-03  1.49443056107912220E+01
4.15391615096716120E-03  1.49664552218914526E+01
4.16046806918635246E-03  1.49886048329916832E+01
4.16701998740554372E-03  1.50107544440919138E+01
4.17357190562473411E-03  1.50329040551921409E+01
4.18012382384392537E-03  1.50550536662923715E+01
4.18667574206311663E-03  1.50772032773926021E+01
4.19322766028230789E-03  1.50993528884928327E+01
4.19977957850149915E-03  1.51215024995930634E+01
4.20633149672069041E-03  1.51436521106932922E+01
4.21288341493988080E-03  1.51658017217935210E+01
4.21943533315907206E-03  1.51879513328937517E+01
4.22598725137826332E-03  1.52101009439939805E+01
4.23253916959745458E-03  1.52322505550942111E+01
4.23909108781664584E-03  1.52544001661944417E+01
4.24564300603583623E-03  1.52765497772946688E+01
4.25219492425502749E-03  1.52986993883948994E+01
4.25874684247421875E-03  1.53208489994951300E+01
4.26529876069341000E-03  1.53429986105953606E+01
4.27185067891260126E-03  1.53651482216955912E+01
4.27840259713179252E-03  1.53872978327958219E+01
4.28495451535098291E-03  1.54094474438960489E+01
4.29150643357017417E-03  1.54315970549962795E+01
4.29805835178936543E-03  1.54537466660965102E+01
4.30461027000855669E-03  1.54758962771967408E+01
4.31116218822774795E-03  1.54980458882969714E+01
4.31771410644693921E-03  1.55201954993972020E+01
4.32426602466612960E-03  1.55423451104974291E+01
4.33081794288532086E-03  1.55644947215976597E+01
4.33736986110451212E-03  1.55866443326978903E+01
4.34392177932370338E-03  1.56087939437981209E+01
4.35047369754289464E-03  1.56309435548983497E+01
4.35702561576208503E-03  1.56530931659985786E+01
4.36357753398127629E-03  1.56752427770988092E+01
4.37012945220046755E-03  1.56973923881990380E+01
4.37668137041965881E-03  1.57195419992992687E+01
4.38323328863885007E-03  1.57416916103994993E+01
4.38978520685804133E-03  1.57638412214997299E+01
4.39633712507723172E-03  1.57859908325999569E+01
4.40288904329642298E-03  1.58081404437001876E+01
4.40944096151561424E-03  1.58302900548004182E+01
4.41599287973480550E-03  1.58524396659006488E+01
4.42254479795399676E-03  1.58745892770008794E+01
4.42909671617318802E-03  1.58967388881011100E+01
4.43564863439237841E-03  1.59188884992013371E+01
4.44220055261156967E-03  1.59410381103015677E+01
4.44875247083076093E-03  1.59631877214017983E+01
4.45530438904995219E-03  1.59853373325020289E+01
4.46185630726914344E-03  1.60074869436022595E+01
4.46840822548833384E-03  1.60296365547024848E+01
4.47496014370752510E-03  1.60517861658027172E+01
4.48151206192671635E-03  1.60739357769029496E+01
4.48806398014590761E-03  1.60960853880031785E+01
4.49461589836509887E-03  1.61182349991034073E+01
4.50116781658429013E-03  1.61403846102036397E+01
4.50771973480348052E-03  1.61625342213038650E+01
4.51427165302267178E-03  1.61846838324040974E+01
4.52082357124186304E-03  1.62068334435043262E+01
4.52737548946105430E-03  1.62289830546045550E+01
4.53392740768024556E-03  1.62511326657047874E+01
4.54047932589943682E-03  1.62732822768050198E+01
4.54703124411862721E-03  1.62954318879052451E+01
4.55358316233781847E-03  1.63175814990054775E+01
4.56013508055700973E-03  1.63397311101057063E+01
4.56668699877620099E-03  1.63618807212059352E+01
4.57323891699539225E-03  1.63840303323061676E+01
4.57979083521458264E-03  1.64061799434063929E+01
4.58634275343377390E-03  1.64283295545066252E+01
4.59289467165296516E-03  1.64504791656068576E+01
4.59944658987215642E-03  1.64726287767070865E+01
4.60599850809134768E-03  1.64947783878073153E+01
4.61255042631053894E-03  1.65169279989075477E+01
4.61910234452972933E-03  1.65390776100077730E+01
4.62565426274892059E-03  1.65612272211080054E+01
4.63220618096811185E-03  1.65833768322082342E+01
4.63875809918730311E-03  1.66055264433084631E+01
4.64531001740649437E-03  1.66276760544086954E+01
4.65186193562568562E-03  1.66498256655089278E+01
4.65841385384487602E-03  1.66719752766091531E+01
4.66496577206406728E-03  1.66941248877093855E+01
4.67151769028325854E-03  1.67162744988096144E+01
4.67806960850244979E-03  1.67384241099098432E+01
4.68462152672164105E-03  1.67605737210100756E+01
4.69117344494083145E-03  1.67827233321103009E+01
4.69772536316002270E-03  1.68048729432105333E+01
4.70427728137921396E-03  1.68270225543107657E+01
4.71082919959840522E-03  1.68491721654109945E+01
4.71738111781759648E-03  1.68713217765112233E+01
4.72393303603678774E-03  1.68934713876114557E+01
4.73048495425597813E-03  1.69156209987116810E+01
4.73703687247516939E-03  1.69377706098119134E+01
4.74358879069436065E-03  1.69599202209121422E+01
4.75014070891355191E-03  1.69820698320123746E+01
4.75669262713274317E-03  1.70042194431126035E+01
4.76324454535193356E-03  1.70263690542128323E+01
4.76979646357112482E-03  1.70485186653130611E+01
4.77634838179031608E-03  1.70706682764132935E+01
4.78290030000950734E-03  1.70928178875135224E+01
4.78945221822869860E-03  1.71149674986137548E+01
4.79600413644788986E-03  1.71371171097139836E+01
4.80255605466708025E-03  1.71592667208142124E+01
4.80910797288627151E-03  1.71814163319144413E+01
4.81565989110546277E-03  1.72035659430146737E+01
4.82221180932465403E-03  1.72257155541149025E+01
4.82876372754384529E-03  1.72478651652151314E+01
4.83531564576303655E-03  1.72700147763153637E+01
4.84186756398222694E-03  1.72921643874155926E+01
4.84841948220141820E-03  1.73143139985158214E+01
4.85497140042060946E-03  1.73364636096160503E+01
4.86152331863980072E-03  1.73586132207162827E+01
4.86807523685899197E-03  1.73807628318165115E+01
4.87462715507818237E-03  1.74029124429167403E+01
4.88117907329737363E-03  1.74250620540169692E+01
4.88773099151656489E-03  1.74472116651172016E+01
4.89428290973575614E-03  1.74693612762174304E+01
4.90083482795494740E-03  1.74915108873176628E+01
4.90738674617413866E-03  1.75136604984178916E+01
4.91393866439332905E-03  1.75358101095181205E+01
4.92049058261252031E-03  1.75579597206183493E+01
4.92704250083171157E-03  1.75801093317185817E+01
4.93359441905090283E-03  1.76022589428188105E+01
4.94014633727009409E-03  1.76244085539190429E+01
4.94669825548928535E-03  1.76465581650192718E+01
4.95325017370847574E-03  1.76687077761195006E+01
4.95980209192766700E-03  1.76908573872197294E+01
4.96635401014685826E-03  1.77130069983199583E+01
4.97290592836604952E-03  1.77351566094201907E+01
4.97945784658524078E-03  1.77573062205204195E+01
4.98600976480443117E-03  1.77794558316206484E+01
4.99256168302362243E-03  1.78016054427208772E+01
4.99911360124281369E-03  1.78237550538211096E+01
5.00566551946200495E-03  1.78459046649213384E+01
5.01221743768119621E-03  1.78680542760215708E+01
5.01876935590038747E-03  1.78902038871217997E+01
5.02532127411957786E-03  1.79123534982220285E+01
5.03187319233876912E-03  1.79345031093222573E+01
5.03842511055796038E-03  1.79566527204224897E+01
5.04497702877715164E-03  1.79788023315227186E+01
5.05152894699634290E-03  1.80009519426229510E+01
5.05808086521553416E-03  1.80231015537231798E+01
5.06463278343472455E-03  1.80452511648234086E+01
5.07118470165391581E-03  1.80674007759236375E+01
5.07773661987310707E-03  1.80895503870238699E+01
5.08428853809229832E-03  1.81116999981240987E+01
5.09084045631148958E-03  1.81338496092243275E+01
5.09739237453067998E-03  1.81559992203245564E+01
5.10394429274987124E-03  1.81781488314247888E+01
5.11049621096906249E-03  1.82002984425250176E+01
5.11704812918825375E-03  1.82224480536252464E+01
5.12360004740744501E-03  1.82445976647254788E+01
5.13015196562663627E-03  1.82667472758257077E+01
5.13670388384582666E-03  1.82888968869259365E+01
5.14325580206501792E-03  1.83110464980261654E+01
5.14980772028420918E-03  1.83331961091263977E+01
5.15635963850340044E-03  1.83553457202266266E+01
5.16291155672259170E-03  1.83774953313268590E+01
5.16946347494178296E-03  1.83996449424270878E+01
5.17601539316097335E-03  1.84217945535273167E+01
5.18256731138016461E-03  1.84439441646275455E+01
5.18911922959935587E-03  1.84660937757277779E+01
5.19567114781854713E-03  1.84882433868280067E+01
5.20222306603773839E-03  1.85103929979282391E+01
5.20877498425692878E-03  1.85325426090284644E+01
5.21532690247612004E-03  1.85546922201286968E+01
5.22187882069531130E-03  1.85768418312289256E+01
5.22843073891450256E-03  1.85989914423291545E+01
5.23498265713369382E-03  1.86211410534293869E+01
5.24153457535288508E-03  1.86432906645296157E+01
5.24808649357207547E-03  1.86654402756298445E+01
5.25463841179126673E-03  1.86875898867300734E+01
5.26119033001045799E-03  1.87097394978303058E+01
5.26774224822964925E-03  1.87318891089305346E+01
5.27429416644884051E-03  1.87540387200307670E+01
5.28084608466803176E-03  1.87761883311309958E+01
5.28739800288722216E-03  1.87983379422312247E+01
5.29394992110641342E-03  1.88204875533314535E+01
5.30050183932560467E-03  1.88426371644316859E+01
5.30705375754479593E-03  1.88647867755319147E+01
5.31360567576398719E-03  1.88869363866321471E+01
5.32015759398317759E-03  1.89090859977323724E+01
5.32670951220236884E-03  1.89312356088326048E+01
5.33326143042156010E-03  1.89533852199328336E+01
5.33981334864075136E-03  1.89755348310330660E+01
5.34636526685994262E-03  1.89976844421332949E+01
5.35291718507913388E-03  1.90198340532335237E+01
5.35946910329832427E-03  1.90419836643337526E+01
5.36602102151751553E-03  1.90641332754339849E+01
5.37257293973670679E-03  1.90862828865342138E+01
5.37912485795589805E-03  1.91084324976344426E+01
5.38567677617508931E-03  1.91305821087346750E+01
5.39222869439428057E-03  1.91527317198349039E+01
5.39878061261347096E-03  1.91748813309351327E+01
5.40533253083266222E-03  1.91970309420353615E+01
5.41188444905185348E-03  1.92191805531355939E+01
5.41843636727104474E-03  1.92413301642358228E+01
5.42498828549023600E-03  1.92634797753360552E+01
5.43154020370942639E-03  1.92856293864362804E+01
5.43809212192861765E-03  1.93077789975365128E+01
5.44464404014780891E-03  1.93299286086367417E+01
5.45119595836700017E-03  1.93520782197369741E+01
5.45774787658619143E-03  1.93742278308372029E+01
5.46429979480538269E-03  1.93963774419374353E+01
5.47085171302457308E-03  1.94185270530376606E+01
5.47740363124376434E-03  1.94406766641378930E+01
5.48395554946295560E-03  1.94628262752381218E+01
5.49050746768214686E-03  1.94849758863383542E+01
5.49705938590133811E-03  1.95071254974385830E+01
5.50361130412052937E-03  1.95292751085388119E+01
5.51016322233971977E-03  1.95514247196390407E+01
5.51671514055891102E-03  1.95735743307392696E+01
5.52326705877810228E-03  1.95957239418395019E+01
5.52981897699729354E-03  1.96178735529397308E+01
5.53637089521648480E-03  1.96400231640399632E+01
5.54292281343567519E-03  1.96621727751401885E+01
5.54947473165486645E-03  1.96843223862404209E+01
5.55602664987405771E-03  1.97064719973406497E+01
5.56257856809324897E-03  1.97286216084408821E+01
5.56913048631244023E-03  1.97507712195411109E+01
5.57568240453163149E-03  1.97729208306413433E+01
5.58223432275082188E-03  1.97950704417415686E+01
5.58878624097001314E-03  1.98172200528418010E+01
5.59533815918920440E-03  1.98393696639420298E+01
5.60189007740839566E-03  1.98615192750422622E+01
5.60844199562758692E-03  1.98836688861424911E+01
5.61499391384677818E-03  1.99058184972427199E+01
5.62154583206596857E-03  1.99279681083429487E+01
5.62809775028515983E-03  1.99501177194431811E+01
5.63464966850435109E-03  1.99722673305434100E+01
5.64120158672354235E-03  1.99944169416436388E+01
5.64775350494273361E-03  2.00165665527438712E+01
5.65430542316192400E-03  2.00387161638440965E+01
5.66085734138111526E-03  2.00608657749443289E+01
5.66740925960030652E-03  2.00830153860445577E+01
5.67396117781949778E-03  2.01051649971447901E+01
5.68051309603868904E-03  2.01273146082450189E+01
5.68706501425788030E-03  2.01494642193452513E+01
5.69361693247707069E-03  2.01716138304454766E+01
5.70016885069626195E-03  2.01937634415457090E+01
5.70672076891545321E-03  2.02159130526459379E+01
5.71327268713464446E-03  2.02380626637461702E+01
5.71982460535383572E-03  2.02602122748463991E+01
5.72637652357302698E-03  2.02823618859466315E+01
5.73292844179221737E-03  2.03045114970468568E+01
5.73948036001140863E-03  2.03266611081470892E+01
5.74603227823059989E-03  2.03488107192473180E+01
5.75258419644979115E-03  2.03709603303475504E+01
5.75913611466898241E-03  2.03931099414477792E+01
5.76568803288817280E-03  2.04152595525480081E+01
5.77223995110736406E-03  2.04374091636482369E+01
5.77879186932655532E-03  2.04595587747484657E+01
5.78534378754574658E-03  2.04817083858486981E+01
5.79189570576493784E-03  2.05038579969489270E+01
5.79844762398412910E-03  2.05260076080491594E+01
5.80499954220331949E-03  2.05481572191493846E+01
5.81155146042251075E-03  2.05703068302496170E+01
5.81810337864170201E-03  2.05924564413498459E+01
5.82465529686089327E-03  2.06146060524500783E+01
5.83120721508008453E-03  2.06367556635503071E+01
5.83775913329927579E-03  2.06589052746505395E+01
5.84431105151846618E-03  2.06810548857507648E+01
5.85086296973765744E-03  2.07032044968509972E+01
5.85741488795684870E-03  2.07253541079512260E+01
5.86396680617603996E-03  2.07475037190514584E+01
5.87051872439523122E-03  2.07696533301516872E+01
5.87707064261442161E-03  2.07918029412519161E+01
5.88362256083361287E-03  2.08139525523521449E+01
5.89017447905280413E-03  2.08361021634523773E+01
5.89672639727199539E-03  2.08582517745526062E+01
5.90327831549118665E-03  2.08804013856528350E+01
5.90983023371037790E-03  2.09025509967530674E+01
5.91638215192956830E-03  2.09247006078532962E+01
5.92293407014875956E-03  2.09468502189535251E+01
5.92948598836795081E-03  2.09689998300537539E+01
5.93603790658714207E-03  2.09911494411539863E+01
5.94258982480633333E-03  2.10132990522542151E+01
5.94914174302552459E-03  2.10354486633544475E+01
5.95569366124471498E-03  2.10575982744546728E+01
5.96224557946390624E-03  2.10797478855549052E+01
5.96879749768309750E-03  2.11018974966551340E+01
5.97534941590228876E-03  2.11240471077553664E+01
5.98190133412148002E-03  2.11461967188555953E+01
5.98845325234067041E-03  2.11683463299558241E+01
5.99500517055986167E-03  2.11904959410560529E+01
6.00155708877905293E-03  2.12126455521562853E+01
6.00810900699824419E-03  2.12347951632565142E+01
6.01466092521743545E-03  2.12569447743567466E+01
6.02121284343662671E-03  2.12790943854569754E+01
6.02776476165581710E-03  2.13012439965572042E+01
6.03431667987500836E-03  2.13233936076574331E+01
6.04086859809419962E-03  2.13455432187576619E+01
6.04742051631339088E-03  2.13676928298578943E+01
6.05397243453258214E-03  2.13898424409581231E+01
6.06052435275177253E-03  2.14119920520583520E+01
6.06707627097096379E-03  2.14341416631585808E+01
6.07362818919015505E-03  2.14562912742588132E+01
6.08018010740934631E-03  2.14784408853590421E+01
6.08673202562853757E-03  2.15005904964592744E+01
6.09328394384772883E-03  2.15227401075595033E+01
6.09983586206691922E-03  2.15448897186597321E+01
6.10638778028611048E-03  2.15670393297599610E+01
6.11293969850530174E-03  2.15891889408601934E+01
6.11949161672449300E-03  2.16113385519604222E+01
6.12604353494368425E-03  2.16334881630606546E+01
6.13259545316287551E-03  2.16556377741608834E+01
6.13914737138206591E-03  2.16777873852611123E+01
6.14569928960125716E-03  2.16999369963613411E+01
6.15225120782044842E-03  2.17220866074615735E+01
6.15880312603963968E-03  2.17442362185618023E+01
6.16535504425883094E-03  2.17663858296620312E+01
6.17190696247802133E-03  2.17885354407622600E+01
6.17845888069721259E-03  2.18106850518624924E+01
6.18501079891640385E-03  2.18328346629627212E+01
6.19156271713559511E-03  2.18549842740629501E+01
6.19811463535478637E-03  2.18771338851631825E+01
6.20466655357397763E-03  2.18992834962634113E+01
6.21121847179316802E-03  2.19214331073636401E+01
6.21777039001235928E-03  2.19435827184638690E+01
6.22432230823155054E-03  2.19657323295641014E+01
6.23087422645074180E-03  2.19878819406643302E+01
6.23742614466993306E-03  2.20100315517645626E+01
6.24397806288912432E-03  2.20321811628647914E+01
6.25052998110831471E-03  2.20543307739650203E+01
6.25708189932750597E-03  2.20764803850652491E+01
6.26363381754669723E-03  2.20986299961654815E+01
6.27018573576588849E-03  2.21207796072657104E+01
6.27673765398507975E-03  2.21429292183659427E+01
6.28328957220427014E-03  2.21650788294661680E+01
6.28984149042346140E-03  2.21872284405664004E+01
6.29639340864265266E-03  2.22093780516666293E+01
6.30294532686184392E-03  2.22315276627668581E+01
6.30949724508103518E-03  2.22536772738670905E+01
6.31604916330022644E-03  2.22758268849673193E+01
6.32260108151941683E-03  2.22979764960675482E+01
6.32915299973860809E-03  2.23201261071677770E+01
6.33570491795779935E-03  2.23422757182680094E+01
6.34225683617699060E-03  2.23644253293682382E+01
6.34880875439618186E-03  2.23865749404684706E+01
6.35536067261537312E-03  2.24087245515686995E+01
6.36191259083456351E-03  2.24308741626689283E+01
6.36846450905375477E-03  2.24530237737691571E+01
6.37501642727294603E-03  2.24751733848693895E+01
6.38156834549213729E-03  2.24973229959696184E+01
6.38812026371132855E-03  2.25194726070698508E+01
6.39467218193051894E-03  2.25416222181700761E+01
6.40122410014971020E-03  2.25637718292703084E+01
6.40777601836890146E-03  2.25859214403705373E+01
6.41432793658809272E-03  2.26080710514707697E+01
6.42087985480728398E-03  2.26302206625709985E+01
6.42743177302647524E-03  2.26523702736712274E+01
6.43398369124566563E-03  2.26745198847714562E+01
6.44053560946485689E-03  2.26966694958716886E+01
6.44708752768404815E-03  2.27188191069719174E+01
6.45363944590323941E-03  2.27409687180721463E+01
6.46019136412243067E-03  2.27631183291723787E+01
6.46674328234162193E-03  2.27852679402726075E+01
6.47329520056081232E-03  2.28074175513728363E+01
6.47984711878000358E-03  2.28295671624730652E+01
6.48639903699919484E-03  2.28517167735732976E+01
6.49295095521838610E-03  2.28738663846735264E+01
6.49950287343757736E-03  2.28960159957737588E+01
6.50605479165676775E-03  2.29181656068739841E+01
6.51260670987595901E-03  2.29403152179742165E+01
6.51915862809515027E-03  2.29624648290744453E+01
6.52571054631434153E-03  2.29846144401746777E+01
6.53226246453353279E-03  2.30067640512749065E+01
6.53881438275272404E-03  2.30289136623751389E+01
6.54536630097191444E-03  2.30510632734753642E+01
