0.00000000000000000E+00  0.00000000000000000E+00
6.04689082188367403E-06  1.71555745489677280E-01
1.20937816437673481E-05  3.43111490979354561E-01
1.81406724656510204E-05  5.14667236469031786E-01
2.41875632875346961E-05  6.86222981958709122E-01
3.02344541094183718E-05  8.57778727448386458E-01
3.62813449313020408E-05  1.02933447293806357E+00
4.23282357531857165E-05  1.20089021842774102E+00
4.83751265750693922E-05  1.37244596391741824E+00
5.44220173969530680E-05  1.54400170940709569E+00
6.04689082188367437E-05  1.71555745489677292E+00
6.65157990407204126E-05  1.88711320038645014E+00
7.25626898626040816E-05  2.00820917850683811E+00
7.86095806844877641E-05  2.02965537750731695E+00
8.46564715063714330E-05  2.05110157650779579E+00
9.07033623282551155E-05  2.07254777550827463E+00
9.67502531501387845E-05  2.09399397450875346E+00
1.02797143972022453E-04  2.11544017350923230E+00
1.08844034793906136E-04  2.13688637250971070E+00
1.14890925615789805E-04  2.15833257151018953E+00
1.20937816437673487E-04  2.17977877051066837E+00
1.26984707259557143E-04  2.20122496951114721E+00
1.33031598081440825E-04  2.22267116851162605E+00
1.39078488903324508E-04  2.24411736751210489E+00
1.45125379725208163E-04  2.26556356651258373E+00
1.51172270547091846E-04  2.28700976551306256E+00
1.57219161368975528E-04  2.30845596451354140E+00
1.63266052190859211E-04  2.32990216351402024E+00
1.69312943012742866E-04  2.35134836251449908E+00
1.75359833834626549E-04  2.37279456151497747E+00
1.81406724656510231E-04  2.39424076051545676E+00
1.87453615478393886E-04  2.41568695951593515E+00
1.93500506300277569E-04  2.43713315851641399E+00
1.99547397122161251E-04  2.45857935751689283E+00
2.05594287944044907E-04  2.48002555651737167E+00
2.11641178765928589E-04  2.50147175551785050E+00
2.17688069587812272E-04  2.52291795451832934E+00
2.23734960409695927E-04  2.54436415351880818E+00
2.29781851231579610E-04  2.56581035251928702E+00
2.35828742053463292E-04  2.58725655151976586E+00
2.41875632875346975E-04  2.60870275052024425E+00
2.47922523697230630E-04  2.63014894952072309E+00
2.53969414519114286E-04  2.65159514852120193E+00
2.60016305340997995E-04  2.67304134752168077E+00
2.66063196162881651E-04  2.69448754652215960E+00
2.72110086984765306E-04  2.71593374552263844E+00
2.78156977806649016E-04  2.73737994452311728E+00
2.84203868628532671E-04  2.75882614352359612E+00
2.90250759450416326E-04  2.78027234252407496E+00
2.96297650272300036E-04  2.80171854152455380E+00
3.02344541094183691E-04  2.82316474052503263E+00
3.08391431916067401E-04  2.84461093952551103E+00
3.14438322737951056E-04  2.86605713852599031E+00
3.20485213559834712E-04  2.88750333752646871E+00
3.26532104381718421E-04  2.90894953652694799E+00
3.32578995203602077E-04  2.93039573552742638E+00
3.38625886025485732E-04  2.95184193452790522E+00
3.44672776847369442E-04  2.97328813352838406E+00
3.50719667669253097E-04  2.99473433252886290E+00
3.56766558491136752E-04  3.01618053152934174E+00
3.62813449313020462E-04  3.03762673052982057E+00
3.68860340134904117E-04  3.05907292953029941E+00
3.74907230956787773E-04  3.08051912853077781E+00
3.80954121778671482E-04  3.10196532753125709E+00
3.87001012600555138E-04  3.12341152653173548E+00
3.93047903422438793E-04  3.14485772553221432E+00
3.99094794244322503E-04  3.16630392453269316E+00
4.05141685066206158E-04  3.18775012353317200E+00
4.11188575888089814E-04  3.20919632253365084E+00
4.17235466709973523E-04  3.23064252153412967E+00
4.23282357531857179E-04  3.25208872053460851E+00
4.29329248353740834E-04  3.27353491953508691E+00
4.35376139175624544E-04  3.29498111853556619E+00
4.41423029997508199E-04  3.31642731753604458E+00
4.47469920819391854E-04  3.33787351653652387E+00
4.53516811641275564E-04  3.35931971553700226E+00
4.59563702463159219E-04  3.38076591453748154E+00
4.65610593285042875E-04  3.40221211353795994E+00
4.71657484106926584E-04  3.42365831253843877E+00
4.77704374928810240E-04  3.44510451153891761E+00
4.83751265750693949E-04  3.46655071053939645E+00
4.89798156572577551E-04  3.48799690953987529E+00
4.95845047394461260E-04  3.50944310854035368E+00
5.01891938216344970E-04  3.53088930754083297E+00
5.07938829038228571E-04  3.55233550654131136E+00
5.13985719860112281E-04  3.57378170554179064E+00
5.20032610681995990E-04  3.59522790454226904E+00
5.26079501503879591E-04  3.61667410354274788E+00
5.32126392325763301E-04  3.63812030254322671E+00
5.38173283147647011E-04  3.65956650154370600E+00
5.44220173969530612E-04  3.68101270054418439E+00
5.50267064791414321E-04  3.70245889954466323E+00
5.56313955613298031E-04  3.72390509854514207E+00
5.62360846435181632E-04  3.74535129754562046E+00
5.68407737257065342E-04  3.76679749654609974E+00
5.74454628078949051E-04  3.78824369554657858E+00
5.80501518900832653E-04  3.80968989454705698E+00
5.86548409722716362E-04  3.83113609354753581E+00
5.92595300544600072E-04  3.85258229254801510E+00
5.98642191366483781E-04  3.87402849154849394E+00
6.04689082188367383E-04  3.89547469054897233E+00
6.10735973010251092E-04  3.91692088954945117E+00
6.16782863832134802E-04  3.93836708854993001E+00
6.22829754654018403E-04  3.95981328755040884E+00
6.28876645475902113E-04  3.98125948655088768E+00
6.34923536297785822E-04  4.00270568555136652E+00
6.40970427119669423E-04  4.02415188455184492E+00
6.47017317941553133E-04  4.04559808355232420E+00
6.53064208763436843E-04  4.06704428255280348E+00
6.59111099585320444E-04  4.08849048155328099E+00
6.65157990407204153E-04  4.10993668055376027E+00
6.71204881229087863E-04  4.13138287955423955E+00
6.77251772050971464E-04  4.15282907855471795E+00
6.83298662872855174E-04  4.17427527755519634E+00
6.89345553694738883E-04  4.19572147655567562E+00
6.95392444516622485E-04  4.21716767555615490E+00
7.01439335338506194E-04  4.23861387455663330E+00
7.07486226160389904E-04  4.26006007355711169E+00
7.13533116982273505E-04  4.28150627255759098E+00
7.19580007804157215E-04  4.30295247155807026E+00
7.25626898626040924E-04  4.32439867055854865E+00
7.31673789447924525E-04  4.34584486955902705E+00
7.37720680269808235E-04  4.36729106855950633E+00
7.43767571091691945E-04  4.38873726755998472E+00
7.49814461913575546E-04  4.41018346656046312E+00
7.55861352735459255E-04  4.43162966556094240E+00
7.61908243557342965E-04  4.45307586456142168E+00
7.67955134379226566E-04  4.47452206356190008E+00
7.74002025201110276E-04  4.49596826256237847E+00
7.80048916022993985E-04  4.51741446156285775E+00
7.86095806844877587E-04  4.53886066056333615E+00
7.92142697666761296E-04  4.56030685956381454E+00
7.98189588488645006E-04  4.58175305856429382E+00
8.04236479310528607E-04  4.60319925756477311E+00
8.10283370132412317E-04  4.62464545656525150E+00
8.16330260954296026E-04  4.64609165556572989E+00
8.22377151776179627E-04  4.66753785456620918E+00
8.28424042598063337E-04  4.68898405356668846E+00
8.34470933419947047E-04  4.71043025256716685E+00
8.40517824241830648E-04  4.73187645156764525E+00
8.46564715063714357E-04  4.75332265056812453E+00
8.52611605885598067E-04  4.77476884956860381E+00
8.58658496707481668E-04  4.79621504856908132E+00
8.64705387529365378E-04  4.81766124756956060E+00
8.70752278351249087E-04  4.83910744657003988E+00
8.76799169173132689E-04  4.86055364557051828E+00
8.82846059995016398E-04  4.88199984457099667E+00
8.88892950816900108E-04  4.90344604357147595E+00
8.94939841638783709E-04  4.92489224257195524E+00
9.00986732460667419E-04  4.94633844157243363E+00
9.07033623282551128E-04  4.96778464057291202E+00
9.13080514104434729E-04  4.98923083957339131E+00
9.19127404926318439E-04  5.01067703857387059E+00
9.25174295748202149E-04  5.03212323757434898E+00
9.31221186570085750E-04  5.05356943657482738E+00
9.37268077391969459E-04  5.07501563557530666E+00
9.43314968213853169E-04  5.09646183457578505E+00
9.49361859035736770E-04  5.11790803357626345E+00
9.55408749857620480E-04  5.13935423257674273E+00
9.61455640679504189E-04  5.16080043157722201E+00
9.67502531501387899E-04  5.18224663057770041E+00
9.73549422323271500E-04  5.20369282957817880E+00
9.79596313145155101E-04  5.22513902857865808E+00
9.85643203967038811E-04  5.24658522757913648E+00
9.91690094788922520E-04  5.26803142657961487E+00
9.97736985610806230E-04  5.28947762558009416E+00
1.00378387643268994E-03  5.31092382458057344E+00
1.00983076725457365E-03  5.33237002358105272E+00
1.01587765807645714E-03  5.35381622258153023E+00
1.02192454889834085E-03  5.37526242158200951E+00
1.02797143972022456E-03  5.39670862058248879E+00
1.03401833054210827E-03  5.41815481958296719E+00
1.04006522136399198E-03  5.43960101858344558E+00
1.04611211218587569E-03  5.46104721758392486E+00
1.05215900300775918E-03  5.48249341658440326E+00
1.05820589382964289E-03  5.50393961558488165E+00
1.06425278465152660E-03  5.52538581458536093E+00
1.07029967547341031E-03  5.54683201358584022E+00
1.07634656629529402E-03  5.56827821258631950E+00
1.08239345711717773E-03  5.58972441158679789E+00
1.08844034793906122E-03  5.61108829373777240E+00
1.09448723876094493E-03  5.63238105970794578E+00
1.10053412958282864E-03  5.65367382567811916E+00
1.10658102040471235E-03  5.67496659164829076E+00
1.11262791122659606E-03  5.69625935761846414E+00
1.11867480204847977E-03  5.71755212358863751E+00
1.12472169287036326E-03  5.73884488955880911E+00
1.13076858369224697E-03  5.76013765552898160E+00
1.13681547451413068E-03  5.78143042149915409E+00
1.14286236533601439E-03  5.80272318746932747E+00
1.14890925615789810E-03  5.82401595343949996E+00
1.15495614697978181E-03  5.84530871940967245E+00
1.16100303780166531E-03  5.86660148537984494E+00
1.16704992862354901E-03  5.88789425135001743E+00
1.17309681944543272E-03  5.90918701732018992E+00
1.17914371026731643E-03  5.93047978329036329E+00
1.18519060108920014E-03  5.95177254926053578E+00
1.19123749191108385E-03  5.97306531523070827E+00
1.19728438273296756E-03  5.99435808120088165E+00
1.20333127355485106E-03  6.01565084717105325E+00
1.20937816437673477E-03  6.03694361314122663E+00
1.21542505519861847E-03  6.05823637911139912E+00
1.22147194602050218E-03  6.07952914508157161E+00
1.22751883684238589E-03  6.10082191105174498E+00
1.23356572766426960E-03  6.12211467702191747E+00
1.23961261848615310E-03  6.14340744299208907E+00
1.24565950930803681E-03  6.16470020896226245E+00
1.25170640012992052E-03  6.18599297493243494E+00
1.25775329095180423E-03  6.20728574090260743E+00
1.26380018177368793E-03  6.22857850687278081E+00
1.26984707259557164E-03  6.24987127284295330E+00
1.27589396341745514E-03  6.27116403881312490E+00
1.28194085423933885E-03  6.29245680478329827E+00
1.28798774506122256E-03  6.31374957075347076E+00
1.29403463588310627E-03  6.33504233672364325E+00
1.30008152670498998E-03  6.35633510269381663E+00
1.30612841752687369E-03  6.37762786866398912E+00
1.31217530834875718E-03  6.39892063463416161E+00
1.31822219917064089E-03  6.42021340060433410E+00
1.32426908999252460E-03  6.44150616657450659E+00
1.33031598081440831E-03  6.46279893254467908E+00
1.33636287163629202E-03  6.48409169851485245E+00
1.34240976245817573E-03  6.50538446448502494E+00
1.34845665328005922E-03  6.52667723045519743E+00
1.35450354410194293E-03  6.54796999642536992E+00
1.36055043492382664E-03  6.56926276239554241E+00
1.36659732574571035E-03  6.59055552836571579E+00
1.37264421656759406E-03  6.61184829433588828E+00
1.37869110738947777E-03  6.63314106030606077E+00
1.38473799821136126E-03  6.65443382627623325E+00
1.39078488903324497E-03  6.67572659224640574E+00
1.39683177985512868E-03  6.69701935821657823E+00
1.40287867067701239E-03  6.71831212418675161E+00
1.40892556149889610E-03  6.73960489015692410E+00
1.41497245232077981E-03  6.76089765612709659E+00
1.42101934314266330E-03  6.78219042209726908E+00
1.42706623396454701E-03  6.80348318806744157E+00
1.43311312478643072E-03  6.82477595403761406E+00
1.43916001560831443E-03  6.84606872000778743E+00
1.44520690643019814E-03  6.86736148597795992E+00
1.45125379725208185E-03  6.88865425194813241E+00
1.45730068807396534E-03  6.90994701791830490E+00
1.46334757889584905E-03  6.93123978388847739E+00
1.46939446971773276E-03  6.95253254985865077E+00
1.47544136053961647E-03  6.97382531582882326E+00
1.48148825136150018E-03  6.99511808179899575E+00
1.48753514218338389E-03  7.01641084776916824E+00
1.49358203300526738E-03  7.03770361373934072E+00
1.49962892382715109E-03  7.05899637970951321E+00
1.50567581464903480E-03  7.08028914567968659E+00
1.51172270547091851E-03  7.10158191164985908E+00
1.51776959629280222E-03  7.12287467762003157E+00
1.52381648711468593E-03  7.14416744359020495E+00
1.52986337793656942E-03  7.16546020956037655E+00
1.53591026875845313E-03  7.18675297553054904E+00
1.54195715958033684E-03  7.20804574150072241E+00
1.54800405040222055E-03  7.22933850747089490E+00
1.55405094122410426E-03  7.25063127344106739E+00
1.56009783204598797E-03  7.27192403941124077E+00
1.56614472286787168E-03  7.29321680538141326E+00
1.57219161368975517E-03  7.31450957135158486E+00
1.57823850451163888E-03  7.33580233732175824E+00
1.58428539533352259E-03  7.35709510329193073E+00
1.59033228615540630E-03  7.37838786926210322E+00
1.59637917697729001E-03  7.39968063523227659E+00
1.60242606779917372E-03  7.42097340120244908E+00
1.60847295862105721E-03  7.44226616717262157E+00
1.61451984944294092E-03  7.46355893314279406E+00
1.62056674026482463E-03  7.48485169911296655E+00
1.62661363108670834E-03  7.50614446508313993E+00
1.63266052190859205E-03  7.52743723105331242E+00
1.63870741273047576E-03  7.54872999702348491E+00
1.64475430355235925E-03  7.57002276299365739E+00
1.65080119437424296E-03  7.59131552896382988E+00
1.65684808519612667E-03  7.61260829493400237E+00
1.66289497601801038E-03  7.63390106090417575E+00
1.66894186683989409E-03  7.65519382687434824E+00
1.67498875766177780E-03  7.67648659284452073E+00
1.68103564848366130E-03  7.69777935881469322E+00
1.68708253930554501E-03  7.71907212478486571E+00
1.69312943012742871E-03  7.74036489075503820E+00
1.69917632094931242E-03  7.76165765672521157E+00
1.70522321177119613E-03  7.78295042269538406E+00
1.71127010259307984E-03  7.80424318866555655E+00
1.71731699341496334E-03  7.82553595463572904E+00
1.72336388423684705E-03  7.84682872060590153E+00
1.72941077505873076E-03  7.86812148657607402E+00
1.73545766588061447E-03  7.88941425254624740E+00
1.74150455670249817E-03  7.91070701851641989E+00
1.74755144752438188E-03  7.93199978448659238E+00
1.75359833834626538E-03  7.95329255045676486E+00
1.75964522916814909E-03  7.97458531642693735E+00
1.76569211999003280E-03  7.99587808239711073E+00
1.77173901081191651E-03  8.01717084836728233E+00
1.77778590163380022E-03  8.03846361433745571E+00
1.78383279245568393E-03  8.05975638030762909E+00
1.78987968327756742E-03  8.08104914627780069E+00
1.79592657409945113E-03  8.10234191224797229E+00
1.80197346492133484E-03  8.12363467821814567E+00
1.80802035574321855E-03  8.14492744418831904E+00
1.81406724656510226E-03  8.16622021015849242E+00
1.82011413738698597E-03  8.18751297612866580E+00
1.82616102820886946E-03  8.20880574209883562E+00
1.83220791903075317E-03  8.23009850806900900E+00
1.83825480985263688E-03  8.25139127403918238E+00
1.84430170067452059E-03  8.27268404000935575E+00
1.85034859149640430E-03  8.29397680597952736E+00
1.85639548231828801E-03  8.31526957194970073E+00
1.86244237314017150E-03  8.33656233791987233E+00
1.86848926396205521E-03  8.35785510389004571E+00
1.87453615478393892E-03  8.37914786986021909E+00
1.88058304560582263E-03  8.40044063583039069E+00
1.88662993642770634E-03  8.42173340180056229E+00
1.89267682724959005E-03  8.44302616777073567E+00
1.89872371807147354E-03  8.46431893374090905E+00
1.90477060889335725E-03  8.48561169971108242E+00
1.91081749971524096E-03  8.50690446568125402E+00
1.91686439053712467E-03  8.52819723165142562E+00
1.92291128135900838E-03  8.54948999762159900E+00
1.92895817218089209E-03  8.57078276359177238E+00
1.93500506300277580E-03  8.59207552956194576E+00
1.94105195382465929E-03  8.61336829553211736E+00
1.94709884464654300E-03  8.63466106150228896E+00
1.95314573546842693E-03  8.65595382747246234E+00
1.95919262629031020E-03  8.67724659344263571E+00
1.96523951711219391E-03  8.69853935941280731E+00
1.97128640793407762E-03  8.71983212538297892E+00
1.97733329875596133E-03  8.74112489135315229E+00
1.98338018957784504E-03  8.76241765732332567E+00
1.98942708039972875E-03  8.78371042329349905E+00
1.99547397122161246E-03  8.80500318926367243E+00
2.00152086204349617E-03  8.82629595523384403E+00
2.00756775286537988E-03  8.84758872120401563E+00
2.01361464368726359E-03  8.86888148717418900E+00
2.01966153450914730E-03  8.89017425314436238E+00
2.02570842533103101E-03  8.91146701911453576E+00
2.03175531615291428E-03  8.93275978508470558E+00
2.03780220697479799E-03  8.95405255105487896E+00
2.04384909779668170E-03  8.97534531702505234E+00
2.04989598861856541E-03  8.99663808299522572E+00
2.05594287944044912E-03  9.01793084896539732E+00
2.06198977026233283E-03  9.03922361493557069E+00
2.06803666108421654E-03  9.06051638090574230E+00
2.07408355190610025E-03  9.08180914687591567E+00
2.08013044272798396E-03  9.10310191284608905E+00
2.08617733354986767E-03  9.12439467881626243E+00
2.09222422437175138E-03  9.14568744478643403E+00
2.09827111519363509E-03  9.16698021075660741E+00
2.10431800601551837E-03  9.18827297672677901E+00
2.11036489683740208E-03  9.20956574269695061E+00
2.11641178765928578E-03  9.23085850866712398E+00
2.12245867848116949E-03  9.25215127463729559E+00
2.12850556930305320E-03  9.27344404060746896E+00
2.13455246012493691E-03  9.29473680657764234E+00
2.14059935094682062E-03  9.31602957254781572E+00
2.14664624176870433E-03  9.33732233851798732E+00
2.15269313259058804E-03  9.35861510448816070E+00
2.15874002341247175E-03  9.37990787045833230E+00
2.16478691423435546E-03  9.40120063642850567E+00
2.17083380505623917E-03  9.42249340239867905E+00
2.17688069587812245E-03  9.44378616836884888E+00
2.18292758670000616E-03  9.46507893433902225E+00
2.18897447752188987E-03  9.48637170030919563E+00
2.19502136834377358E-03  9.50766446627936901E+00
2.20106825916565729E-03  9.52895723224954239E+00
2.20711514998754100E-03  9.55024999821971399E+00
2.21316204080942470E-03  9.57154276418988559E+00
2.21920893163130841E-03  9.59283553016005897E+00
2.22525582245319212E-03  9.61412829613023234E+00
2.23130271327507583E-03  9.63542106210040572E+00
2.23734960409695954E-03  9.65671382807057910E+00
2.24339649491884325E-03  9.67800659404075070E+00
2.24944338574072653E-03  9.69929936001092230E+00
2.25549027656261024E-03  9.72059212598109568E+00
2.26153716738449395E-03  9.74188489195126728E+00
2.26758405820637766E-03  9.76317765792143888E+00
2.27363094902826137E-03  9.78447042389161226E+00
2.27967783985014508E-03  9.80576318986178563E+00
2.28572473067202879E-03  9.82705595583195901E+00
2.29177162149391250E-03  9.84834872180213061E+00
2.29781851231579621E-03  9.86964148777230399E+00
2.30386540313767992E-03  9.89093425374247737E+00
2.30991229395956362E-03  9.91222701971264897E+00
2.31595918478144733E-03  9.93351978568282235E+00
2.32200607560333061E-03  9.95481255165299395E+00
2.32805296642521432E-03  9.97610531762316555E+00
2.33409985724709803E-03  9.99739808359333892E+00
2.34014674806898174E-03  1.00186908495635123E+01
2.34619363889086545E-03  1.00399836155336839E+01
2.35224052971274916E-03  1.00612763815038573E+01
2.35828742053463287E-03  1.00825691474740307E+01
2.36433431135651658E-03  1.01038619134442023E+01
2.37038120217840029E-03  1.01251546794143756E+01
2.37642809300028400E-03  1.01464474453845490E+01
2.38247498382216771E-03  1.01677402113547206E+01
2.38852187464405142E-03  1.01890329773248940E+01
2.39456876546593513E-03  1.02103257432950674E+01
2.40061565628781840E-03  1.02316185092652390E+01
2.40666254710970211E-03  1.02529112752354106E+01
2.41270943793158582E-03  1.02742040412055839E+01
2.41875632875346953E-03  1.02954968071757573E+01
2.42480321957535324E-03  1.03167895731459289E+01
2.43085011039723695E-03  1.03380823391161023E+01
2.43689700121912066E-03  1.03593751050862757E+01
2.44294389204100437E-03  1.03806678710564473E+01
2.44899078286288808E-03  1.04019606370266207E+01
2.45503767368477179E-03  1.04232534029967940E+01
2.46108456450665550E-03  1.04445461689669656E+01
2.46713145532853921E-03  1.04658389349371390E+01
2.47317834615042248E-03  1.04871317009073106E+01
2.47922523697230619E-03  1.05084244668774822E+01
2.48527212779418990E-03  1.05297172328476556E+01
2.49131901861607361E-03  1.05510099988178290E+01
2.49736590943795732E-03  1.05723027647880006E+01
2.50341280025984103E-03  1.05935955307581740E+01
2.50945969108172474E-03  1.06148882967283473E+01
2.51550658190360845E-03  1.06361810626985189E+01
2.52155347272549216E-03  1.06574738286686923E+01
2.52760036354737587E-03  1.06787665946388657E+01
2.53364725436925958E-03  1.07000593606090373E+01
2.53969414519114329E-03  1.07213521265792107E+01
2.54574103601302656E-03  1.07426448925493823E+01
2.55178792683491027E-03  1.07639376585195539E+01
2.55783481765679398E-03  1.07852304244897272E+01
2.56388170847867769E-03  1.08065231904599006E+01
2.56992859930056140E-03  1.08278159564300722E+01
2.57597549012244511E-03  1.08491087224002456E+01
2.58202238094432882E-03  1.08704014883704190E+01
2.58806927176621253E-03  1.08916942543405906E+01
2.59411616258809624E-03  1.09129870203107640E+01
2.60016305340997995E-03  1.09342797862809373E+01
2.60620994423186366E-03  1.09555725522511089E+01
2.61225683505374737E-03  1.09768653182212823E+01
2.61830372587563065E-03  1.09981580841914539E+01
2.62435061669751436E-03  1.10194508501616273E+01
2.63039750751939807E-03  1.10407436161317989E+01
2.63644439834128178E-03  1.10620363821019723E+01
2.64249128916316548E-03  1.10833291480721439E+01
2.64853817998504919E-03  1.11046219140423172E+01
2.65458507080693290E-03  1.11259146800124906E+01
2.66063196162881661E-03  1.11472074459826622E+01
2.66667885245070032E-03  1.11685002119528356E+01
2.67272574327258403E-03  1.11897929779230090E+01
2.67877263409446774E-03  1.12110857438931806E+01
2.68481952491635145E-03  1.12323785098633540E+01
2.69086641573823473E-03  1.12536712758335256E+01
2.69691330656011844E-03  1.12749640418036989E+01
2.70296019738200215E-03  1.12962568077738705E+01
2.70900708820388586E-03  1.13175495737440439E+01
2.71505397902576957E-03  1.13388423397142173E+01
2.72110086984765328E-03  1.13601351056843889E+01
2.72714776066953699E-03  1.13814278716545623E+01
2.73319465149142070E-03  1.14027206376247356E+01
2.73924154231330440E-03  1.14240134035949072E+01
2.74528843313518811E-03  1.14453061695650806E+01
2.75133532395707182E-03  1.14665989355352540E+01
2.75738221477895553E-03  1.14878917015054256E+01
2.76342910560083924E-03  1.15091844674755990E+01
2.76947599642272252E-03  1.15304772334457706E+01
2.77552288724460623E-03  1.15517699994159422E+01
2.78156977806648994E-03  1.15730627653861156E+01
2.78761666888837365E-03  1.15943555313562889E+01
2.79366355971025736E-03  1.16156482973264605E+01
2.79971045053214107E-03  1.16369410632966339E+01
2.80575734135402478E-03  1.16582338292668073E+01
2.81180423217590849E-03  1.16795265952369789E+01
2.81785112299779220E-03  1.17008193612071523E+01
2.82389801381967591E-03  1.17221121271773256E+01
2.82994490464155962E-03  1.17434048931474972E+01
2.83599179546344332E-03  1.17646976591176706E+01
2.84203868628532660E-03  1.17859904250878422E+01
2.84808557710721031E-03  1.18072831910580138E+01
2.85413246792909402E-03  1.18285759570281872E+01
2.86017935875097773E-03  1.18498687229983606E+01
2.86622624957286144E-03  1.18711614889685322E+01
2.87227314039474515E-03  1.18924542549387056E+01
2.87832003121662886E-03  1.19137470209088789E+01
2.88436692203851257E-03  1.19350397868790505E+01
2.89041381286039628E-03  1.19563325528492239E+01
2.89646070368227999E-03  1.19776253188193973E+01
2.90250759450416370E-03  1.19989180847895689E+01
2.90855448532604741E-03  1.20202108507597423E+01
2.91460137614793068E-03  1.20415036167299139E+01
2.92064826696981439E-03  1.20627963827000872E+01
2.92669515779169810E-03  1.20840891486702589E+01
2.93274204861358181E-03  1.21053819146404322E+01
2.93878893943546552E-03  1.21266746806106056E+01
2.94483583025734923E-03  1.21479674465807772E+01
2.95088272107923294E-03  1.21692602125509506E+01
2.95692961190111665E-03  1.21905529785211222E+01
2.96297650272300036E-03  1.22118457444912956E+01
2.96902339354488407E-03  1.22331385104614689E+01
2.97507028436676778E-03  1.22544312764316405E+01
2.98111717518865149E-03  1.22757240424018139E+01
2.98716406601053476E-03  1.22970168083719855E+01
2.99321095683241847E-03  1.23183095743421589E+01
2.99925784765430218E-03  1.23396023403123305E+01
3.00530473847618589E-03  1.23608951062825039E+01
3.01135162929806960E-03  1.23821878722526773E+01
3.01739852011995331E-03  1.24034806382228489E+01
3.02344541094183702E-03  1.24247734041930222E+01
3.02949230176372073E-03  1.24460661701631956E+01
3.03553919258560444E-03  1.24673589361333672E+01
3.04158608340748815E-03  1.24886517021035406E+01
3.04763297422937186E-03  1.25099444680737140E+01
3.05367986505125557E-03  1.25312372340438856E+01
3.05972675587313885E-03  1.25525300000140572E+01
3.06577364669502255E-03  1.25738227659842305E+01
3.07182053751690626E-03  1.25951155319544021E+01
3.07786742833878997E-03  1.26164082979245755E+01
3.08391431916067368E-03  1.26377010638947489E+01
3.08996120998255739E-03  1.26589938298649205E+01
3.09600810080444110E-03  1.26802865958350939E+01
3.10205499162632481E-03  1.27015793618052673E+01
3.10810188244820852E-03  1.27228721277754389E+01
3.11414877327009223E-03  1.27441648937456122E+01
3.12019566409197594E-03  1.27654576597157856E+01
3.12624255491385965E-03  1.27867504256859572E+01
3.13228944573574336E-03  1.28080431916561306E+01
3.13833633655762664E-03  1.28293359576263022E+01
3.14438322737951035E-03  1.28506287235964738E+01
3.15043011820139406E-03  1.28719214895666472E+01
3.15647700902327777E-03  1.28932142555368205E+01
3.16252389984516147E-03  1.29145070215069921E+01
3.16857079066704518E-03  1.29357997874771655E+01
3.17461768148892889E-03  1.29570925534473389E+01
3.18066457231081260E-03  1.29783853194175105E+01
3.18671146313269631E-03  1.29996780853876839E+01
3.19275835395458002E-03  1.30209708513578573E+01
3.19880524477646373E-03  1.30422636173280289E+01
3.20485213559834744E-03  1.30635563832982022E+01
3.21089902642023072E-03  1.30848491492683738E+01
3.21694591724211443E-03  1.31061419152385472E+01
3.22299280806399814E-03  1.31274346812087188E+01
3.22903969888588185E-03  1.31487274471788922E+01
3.23508658970776556E-03  1.31700202131490656E+01
3.24113348052964927E-03  1.31913129791192372E+01
3.24718037135153298E-03  1.32126057450894105E+01
3.25322726217341669E-03  1.32338985110595839E+01
3.25927415299530039E-03  1.32551912770297555E+01
3.26532104381718410E-03  1.32764840429999289E+01
3.27136793463906781E-03  1.32977768089701023E+01
3.27741482546095152E-03  1.33190695749402739E+01
3.28346171628283480E-03  1.33403623409104455E+01
3.28950860710471851E-03  1.33616551068806189E+01
3.29555549792660222E-03  1.33829478728507905E+01
3.30160238874848593E-03  1.34042406388209638E+01
3.30764927957036964E-03  1.34255334047911372E+01
3.31369617039225335E-03  1.34468261707613088E+01
3.31974306121413706E-03  1.34681189367314822E+01
3.32578995203602077E-03  1.34894117027016556E+01
3.33183684285790448E-03  1.35107044686718272E+01
3.33788373367978819E-03  1.35319972346420005E+01
3.34393062450167190E-03  1.35532900006121739E+01
3.34997751532355561E-03  1.35745827665823455E+01
3.35602440614543888E-03  1.35958755325525171E+01
3.36207129696732259E-03  1.36171682985226905E+01
3.36811818778920630E-03  1.36384610644928621E+01
3.37416507861109001E-03  1.36597538304630355E+01
3.38021196943297372E-03  1.36810465964332089E+01
3.38625886025485743E-03  1.37023393624033805E+01
3.39230575107674114E-03  1.37236321283735538E+01
3.39835264189862485E-03  1.37449248943437272E+01
3.40439953272050856E-03  1.37662176603138988E+01
3.41044642354239227E-03  1.37875104262840722E+01
3.41649331436427598E-03  1.38088031922542456E+01
3.42254020518615969E-03  1.38300959582244172E+01
3.42858709600804296E-03  1.38513887241945888E+01
3.43463398682992667E-03  1.38726814901647622E+01
3.44068087765181038E-03  1.38939742561349338E+01
3.44672776847369409E-03  1.39152670221051071E+01
3.45277465929557780E-03  1.39365597880752805E+01
3.45882155011746151E-03  1.39578525540454521E+01
3.46486844093934522E-03  1.39791453200156255E+01
3.47091533176122893E-03  1.40004380859857989E+01
3.47696222258311264E-03  1.40217308519559705E+01
3.48300911340499635E-03  1.40430236179261438E+01
3.48905600422688006E-03  1.40643163838963172E+01
3.49510289504876377E-03  1.40856091498664888E+01
3.50114978587064748E-03  1.41069019158366622E+01
3.50719667669253075E-03  1.41281946818068338E+01
3.51324356751441446E-03  1.41494874477770072E+01
3.51929045833629817E-03  1.41707802137471788E+01
3.52533734915818188E-03  1.41920729797173522E+01
3.53138423998006559E-03  1.42133657456875255E+01
3.53743113080194930E-03  1.42346585116576971E+01
3.54347802162383301E-03  1.42559512776278705E+01
3.54952491244571672E-03  1.42772440435980439E+01
3.55557180326760043E-03  1.42985368095682155E+01
3.56161869408948414E-03  1.43198295755383889E+01
3.56766558491136785E-03  1.43411223415085622E+01
3.57371247573325156E-03  1.43624151074787338E+01
3.57975936655513484E-03  1.43837078734489054E+01
3.58580625737701855E-03  1.44050006394190788E+01
3.59185314819890225E-03  1.44262934053892504E+01
3.59790003902078596E-03  1.44475861713594238E+01
3.60394692984266967E-03  1.44688789373295972E+01
3.60999382066455338E-03  1.44901717032997688E+01
3.61604071148643709E-03  1.45114644692699422E+01
3.62208760230832080E-03  1.45327572352401155E+01
3.62813449313020451E-03  1.45540500012102871E+01
3.63418138395208822E-03  1.45753427671804605E+01
3.64022827477397193E-03  1.45966355331506339E+01
3.64627516559585564E-03  1.46179282991208055E+01
3.65232205641773892E-03  1.46392210650909771E+01
3.65836894723962263E-03  1.46605138310611505E+01
3.66441583806150634E-03  1.46818065970313221E+01
3.67046272888339005E-03  1.47030993630014954E+01
3.67650961970527376E-03  1.47243921289716688E+01
3.68255651052715747E-03  1.47456848949418404E+01
3.68860340134904117E-03  1.47669776609120138E+01
3.69465029217092488E-03  1.47882704268821872E+01
3.70069718299280859E-03  1.48095631928523588E+01
3.70674407381469230E-03  1.48308559588225322E+01
3.71279096463657601E-03  1.48521487247927055E+01
3.71883785545845972E-03  1.48734414907628771E+01
3.72488474628034300E-03  1.48947342567330487E+01
3.73093163710222671E-03  1.49160270227032221E+01
3.73697852792411042E-03  1.49373197886733937E+01
3.74302541874599413E-03  1.49586125546435671E+01
3.74907230956787784E-03  1.49799053206137405E+01
3.75511920038976155E-03  1.50011980865839121E+01
3.76116609121164526E-03  1.50224908525540854E+01
3.76721298203352897E-03  1.50437836185242588E+01
3.77325987285541268E-03  1.50650763844944304E+01
3.77930676367729639E-03  1.50863691504646038E+01
3.78535365449918009E-03  1.51076619164347772E+01
3.79140054532106380E-03  1.51289546824049488E+01
3.79744743614294708E-03  1.51502474483751204E+01
3.80349432696483079E-03  1.51715402143452938E+01
3.80954121778671450E-03  1.51928329803154671E+01
3.81558810860859821E-03  1.52141257462856387E+01
3.82163499943048192E-03  1.52354185122558121E+01
3.82768189025236563E-03  1.52567112782259855E+01
3.83372878107424934E-03  1.52780040441961571E+01
3.83977567189613305E-03  1.52992968101663305E+01
3.84582256271801676E-03  1.53205895761365039E+01
3.85186945353990047E-03  1.53418823421066755E+01
3.85791634436178418E-03  1.53631751080768488E+01
3.86396323518366789E-03  1.53844678740470222E+01
3.87001012600555160E-03  1.54057606400171938E+01
3.87605701682743487E-03  1.54270534059873654E+01
3.88210390764931858E-03  1.54483461719575388E+01
3.88815079847120229E-03  1.54696389379277104E+01
3.89419768929308600E-03  1.54909317038978838E+01
3.90024458011496971E-03  1.55122244698680571E+01
3.90629147093685385E-03  1.55335172358382305E+01
3.91233836175873713E-03  1.55548100018084021E+01
3.91838525258062041E-03  1.55761027677785737E+01
3.92443214340250455E-03  1.55973955337487471E+01
3.93047903422438782E-03  1.56186882997189187E+01
3.93652592504627197E-03  1.56399810656890939E+01
3.94257281586815524E-03  1.56612738316592637E+01
3.94861970669003939E-03  1.56825665976294388E+01
3.95466659751192266E-03  1.57038593635996104E+01
3.96071348833380681E-03  1.57251521295697838E+01
3.96676037915569008E-03  1.57464448955399554E+01
3.97280726997757423E-03  1.57677376615101306E+01
3.97885416079945750E-03  1.57890304274803004E+01
3.98490105162134078E-03  1.58103231934504720E+01
3.99094794244322492E-03  1.58316159594206471E+01
3.99699483326510820E-03  1.58529087253908187E+01
4.00304172408699234E-03  1.58742014913609921E+01
4.00908861490887562E-03  1.58954942573311637E+01
4.01513550573075976E-03  1.59167870233013371E+01
4.02118239655264303E-03  1.59380797892715087E+01
4.02722928737452718E-03  1.59593725552416839E+01
4.03327617819641045E-03  1.59806653212118537E+01
4.03932306901829460E-03  1.60019580871820288E+01
4.04536995984017787E-03  1.60232508531521987E+01
4.05141685066206202E-03  1.60445436191223720E+01
4.05746374148394529E-03  1.60658363850925454E+01
4.06351063230582857E-03  1.60871291510627188E+01
4.06955752312771271E-03  1.61084219170328922E+01
4.07560441394959599E-03  1.61297146830030620E+01
4.08165130477148013E-03  1.61510074489732389E+01
4.08769819559336341E-03  1.61723002149434087E+01
4.09374508641524755E-03  1.61935929809135821E+01
4.09979197723713083E-03  1.62148857468837519E+01
4.10583886805901497E-03  1.62361785128539253E+01
4.11188575888089825E-03  1.62574712788240987E+01
4.11793264970278239E-03  1.62787640447942721E+01
4.12397954052466566E-03  1.63000568107644455E+01
4.13002643134654894E-03  1.63213495767346153E+01
4.13607332216843308E-03  1.63426423427047922E+01
4.14212021299031636E-03  1.63639351086749620E+01
4.14816710381220050E-03  1.63852278746451354E+01
4.15421399463408378E-03  1.64065206406153052E+01
4.16026088545596792E-03  1.64278134065854822E+01
4.16630777627785120E-03  1.64491061725556520E+01
4.17235466709973534E-03  1.64703989385258254E+01
4.17840155792161862E-03  1.64916917044959987E+01
4.18444844874350276E-03  1.65129844704661721E+01
4.19049533956538604E-03  1.65342772364363455E+01
4.19654223038727018E-03  1.65555700024065189E+01
4.20258912120915346E-03  1.65768627683766887E+01
4.20863601203103673E-03  1.65981555343468585E+01
4.21468290285292087E-03  1.66194483003170355E+01
4.22072979367480415E-03  1.66407410662872053E+01
4.22677668449668829E-03  1.66620338322573787E+01
4.23282357531857157E-03  1.66833265982275520E+01
4.23887046614045571E-03  1.67046193641977254E+01
4.24491735696233899E-03  1.67259121301678988E+01
4.25096424778422313E-03  1.67472048961380722E+01
4.25701113860610641E-03  1.67684976621082420E+01
4.26305802942799055E-03  1.67897904280784189E+01
4.26910492024987383E-03  1.68110831940485888E+01
4.27515181107175797E-03  1.68323759600187621E+01
4.28119870189364125E-03  1.68536687259889320E+01
4.28724559271552452E-03  1.68749614919591053E+01
4.29329248353740867E-03  1.68962542579292787E+01
4.29933937435929194E-03  1.69175470238994521E+01
4.30538626518117609E-03  1.69388397898696255E+01
4.31143315600305936E-03  1.69601325558397988E+01
4.31748004682494350E-03  1.69814253218099722E+01
4.32352693764682678E-03  1.70027180877801420E+01
4.32957382846871092E-03  1.70240108537503154E+01
4.33562071929059420E-03  1.70453036197204852E+01
4.34166761011247834E-03  1.70665963856906622E+01
4.34771450093436162E-03  1.70878891516608320E+01
4.35376139175624489E-03  1.71091819176310054E+01
4.35980828257812904E-03  1.71304746836011788E+01
4.36585517340001231E-03  1.71517674495713521E+01
4.37190206422189646E-03  1.71730602155415255E+01
4.37794895504377973E-03  1.71943529815116953E+01
4.38399584586566388E-03  1.72156457474818687E+01
4.39004273668754715E-03  1.72369385134520385E+01
4.39608962750943130E-03  1.72582312794222155E+01
4.40213651833131457E-03  1.72795240453923853E+01
4.40818340915319871E-03  1.73008168113625587E+01
4.41423029997508199E-03  1.73221095773327320E+01
4.42027719079696613E-03  1.73434023433029054E+01
4.42632408161884941E-03  1.73646951092730788E+01
4.43237097244073269E-03  1.73859878752432486E+01
4.43841786326261683E-03  1.74072806412134256E+01
4.44446475408450010E-03  1.74285734071835918E+01
4.45051164490638425E-03  1.74498661731537688E+01
4.45655853572826752E-03  1.74711589391239386E+01
4.46260542655015167E-03  1.74924517050941120E+01
4.46865231737203494E-03  1.75137444710642853E+01
4.47469920819391909E-03  1.75350372370344587E+01
4.48074609901580236E-03  1.75563300030046321E+01
4.48679298983768651E-03  1.75776227689748055E+01
4.49283988065956978E-03  1.75989155349449788E+01
4.49888677148145306E-03  1.76202083009151451E+01
4.50493366230333720E-03  1.76415010668853220E+01
4.51098055312522048E-03  1.76627938328554919E+01
4.51702744394710462E-03  1.76840865988256652E+01
4.52307433476898790E-03  1.77053793647958386E+01
4.52912122559087204E-03  1.77266721307660120E+01
4.53516811641275532E-03  1.77479648967361854E+01
4.54121500723463946E-03  1.77692576627063588E+01
4.54726189805652273E-03  1.77905504286765286E+01
4.55330878887840688E-03  1.78118431946467055E+01
4.55935567970029015E-03  1.78331359606168753E+01
4.56540257052217430E-03  1.78544287265870487E+01
4.57144946134405757E-03  1.78757214925572221E+01
4.57749635216594085E-03  1.78970142585273919E+01
4.58354324298782499E-03  1.79183070244975653E+01
4.58959013380970827E-03  1.79395997904677387E+01
4.59563702463159241E-03  1.79608925564379120E+01
4.60168391545347569E-03  1.79821853224080819E+01
4.60773080627535983E-03  1.80034780883782588E+01
4.61377769709724311E-03  1.80247708543484286E+01
4.61982458791912725E-03  1.80460636203186020E+01
4.62587147874101053E-03  1.80673563862887754E+01
4.63191836956289467E-03  1.80886491522589488E+01
4.63796526038477794E-03  1.81099419182291186E+01
4.64401215120666122E-03  1.81312346841992920E+01
4.65005904202854536E-03  1.81525274501694653E+01
4.65610593285042864E-03  1.81738202161396352E+01
4.66215282367231278E-03  1.81951129821098121E+01
4.66819971449419606E-03  1.82164057480799819E+01
4.67424660531608020E-03  1.82376985140501553E+01
4.68029349613796348E-03  1.82589912800203287E+01
4.68634038695984762E-03  1.82802840459905021E+01
4.69238727778173090E-03  1.83015768119606719E+01
4.69843416860361504E-03  1.83228695779308488E+01
4.70448105942549832E-03  1.83441623439010186E+01
4.71052795024738246E-03  1.83654551098711920E+01
4.71657484106926574E-03  1.83867478758413654E+01
4.72262173189114901E-03  1.84080406418115352E+01
4.72866862271303316E-03  1.84293334077817086E+01
4.73471551353491643E-03  1.84506261737518820E+01
4.74076240435680057E-03  1.84719189397220553E+01
4.74680929517868385E-03  1.84932117056922287E+01
4.75285618600056799E-03  1.85145044716624021E+01
4.75890307682245127E-03  1.85357972376325719E+01
4.76494996764433541E-03  1.85570900036027453E+01
4.77099685846621869E-03  1.85783827695729187E+01
4.77704374928810283E-03  1.85996755355430921E+01
4.78309064010998611E-03  1.86209683015132654E+01
4.78913753093187025E-03  1.86422610674834388E+01
4.79518442175375353E-03  1.86635538334536086E+01
4.80123131257563680E-03  1.86848465994237820E+01
4.80727820339752095E-03  1.87061393653939554E+01
4.81332509421940422E-03  1.87274321313641252E+01
4.81937198504128837E-03  1.87487248973343021E+01
4.82541887586317164E-03  1.87700176633044720E+01
4.83146576668505578E-03  1.87913104292746453E+01
4.83751265750693906E-03  1.88126031952448187E+01
4.84355954832882320E-03  1.88338959612149921E+01
4.84960643915070648E-03  1.88551887271851619E+01
4.85565332997259062E-03  1.88764814931553353E+01
4.86170022079447390E-03  1.88977742591255087E+01
4.86774711161635718E-03  1.89190670250956785E+01
4.87379400243824132E-03  1.89403597910658554E+01
4.87984089326012459E-03  1.89616525570360253E+01
4.88588778408200874E-03  1.89829453230061986E+01
4.89193467490389201E-03  1.90042380889763720E+01
4.89798156572577616E-03  1.90255308549465454E+01
4.90402845654765943E-03  1.90468236209167152E+01
4.91007534736954358E-03  1.90681163868868921E+01
4.91612223819142685E-03  1.90894091528570620E+01
4.92216912901331100E-03  1.91107019188272353E+01
4.92821601983519427E-03  1.91319946847974087E+01
4.93426291065707841E-03  1.91532874507675821E+01
4.94030980147896169E-03  1.91745802167377519E+01
4.94635669230084497E-03  1.91958729827079253E+01
4.95240358312272911E-03  1.92171657486780987E+01
4.95845047394461239E-03  1.92384585146482685E+01
4.96449736476649653E-03  1.92597512806184454E+01
4.97054425558837980E-03  1.92810440465886153E+01
4.97659114641026395E-03  1.93023368125587886E+01
4.98263803723214722E-03  1.93236295785289620E+01
4.98868492805403137E-03  1.93449223444991354E+01
4.99473181887591464E-03  1.93662151104693052E+01
5.00077870969779879E-03  1.93875078764394821E+01
5.00682560051968206E-03  1.94088006424096520E+01
5.01287249134156534E-03  1.94300934083798218E+01
5.01891938216344948E-03  1.94513861743499987E+01
5.02496627298533276E-03  1.94726789403201686E+01
5.03101316380721690E-03  1.94939717062903419E+01
5.03706005462910018E-03  1.95152644722605153E+01
5.04310694545098432E-03  1.95365572382306887E+01
5.04915383627286760E-03  1.95578500042008585E+01
5.05520072709475174E-03  1.95791427701710354E+01
5.06124761791663502E-03  1.96004355361412053E+01
5.06729450873851916E-03  1.96217283021113786E+01
5.07334139956040243E-03  1.96430210680815520E+01
5.07938829038228658E-03  1.96643138340517254E+01
5.08543518120416985E-03  1.96856066000218952E+01
5.09148207202605313E-03  1.97068993659920686E+01
5.09752896284793727E-03  1.97281921319622420E+01
5.10357585366982055E-03  1.97494848979324118E+01
5.10962274449170469E-03  1.97707776639025887E+01
5.11566963531358797E-03  1.97920704298727586E+01
5.12171652613547211E-03  1.98133631958429319E+01
5.12776341695735539E-03  1.98346559618131053E+01
5.13381030777923953E-03  1.98559487277832787E+01
5.13985719860112281E-03  1.98772414937534485E+01
5.14590408942300695E-03  1.98985342597236254E+01
5.15195098024489023E-03  1.99198270256937953E+01
5.15799787106677437E-03  1.99411197916639686E+01
5.16404476188865764E-03  1.99624125576341420E+01
5.17009165271054092E-03  1.99837053236043118E+01
5.17613854353242506E-03  2.00049980895744852E+01
5.18218543435430834E-03  2.00262908555446586E+01
5.18823232517619248E-03  2.00475836215148320E+01
5.19427921599807576E-03  2.00688763874850018E+01
5.20032610681995990E-03  2.00901691534551787E+01
5.20637299764184318E-03  2.01114619194253486E+01
5.21241988846372732E-03  2.01327546853955219E+01
5.21846677928561060E-03  2.01540474513656953E+01
5.22451367010749474E-03  2.01753402173358687E+01
5.23056056092937802E-03  2.01966329833060385E+01
5.23660745175126129E-03  2.02179257492762119E+01
5.24265434257314544E-03  2.02392185152463853E+01
5.24870123339502871E-03  2.02605112812165586E+01
5.25474812421691286E-03  2.02818040471867320E+01
5.26079501503879613E-03  2.03030968131569018E+01
5.26684190586068027E-03  2.03243895791270752E+01
5.27288879668256355E-03  2.03456823450972486E+01
5.27893568750444769E-03  2.03669751110674220E+01
5.28498257832633097E-03  2.03882678770375918E+01
5.29102946914821511E-03  2.04095606430077687E+01
5.29707635997009839E-03  2.04308534089779386E+01
5.30312325079198253E-03  2.04521461749481119E+01
5.30917014161386581E-03  2.04734389409182853E+01
5.31521703243574908E-03  2.04947317068884551E+01
5.32126392325763323E-03  2.05160244728586285E+01
5.32731081407951650E-03  2.05373172388288019E+01
5.33335770490140065E-03  2.05586100047989753E+01
5.33940459572328392E-03  2.05799027707691486E+01
5.34545148654516807E-03  2.06011955367393220E+01
5.35149837736705134E-03  2.06224883027094918E+01
5.35754526818893548E-03  2.06437810686796652E+01
5.36359215901081876E-03  2.06650738346498386E+01
5.36963904983270290E-03  2.06863666006200120E+01
5.37568594065458618E-03  2.07076593665901854E+01
5.38173283147646946E-03  2.07289521325603552E+01
5.38777972229835360E-03  2.07502448985305286E+01
5.39382661312023687E-03  2.07715376645007019E+01
5.39987350394212102E-03  2.07928304304708753E+01
5.40592039476400429E-03  2.08141231964410451E+01
5.41196728558588844E-03  2.08354159624112221E+01
5.41801417640777171E-03  2.08567087283813919E+01
5.42406106722965586E-03  2.08780014943515653E+01
5.43010795805153913E-03  2.08992942603217386E+01
5.43615484887342328E-03  2.09205870262919120E+01
5.44220173969530655E-03  2.09418797922620818E+01
5.44824863051719070E-03  2.09631725582322588E+01
5.45429552133907397E-03  2.09844653242024286E+01
5.46034241216095725E-03  2.10057580901725984E+01
5.46638930298284139E-03  2.10270508561427754E+01
5.47243619380472467E-03  2.10483436221129452E+01
5.47848308462660881E-03  2.10696363880831186E+01
5.48452997544849209E-03  2.10909291540532919E+01
5.49057686627037623E-03  2.11122219200234653E+01
5.49662375709225950E-03  2.11335146859936351E+01
5.50267064791414365E-03  2.11548074519638121E+01
5.50871753873602692E-03  2.11761002179339819E+01
5.51476442955791107E-03  2.11973929839041553E+01
5.52081132037979434E-03  2.12186857498743286E+01
5.52685821120167849E-03  2.12399785158445020E+01
5.53290510202356176E-03  2.12612712818146719E+01
5.53895199284544504E-03  2.12825640477848452E+01
5.54499888366732918E-03  2.13038568137550186E+01
5.55104577448921246E-03  2.13251495797251884E+01
5.55709266531109660E-03  2.13464423456953654E+01
5.56313955613297988E-03  2.13677351116655352E+01
5.56918644695486402E-03  2.13890278776357086E+01
5.57523333777674730E-03  2.14103206436058819E+01
5.58128022859863144E-03  2.14316134095760553E+01
5.58732711942051471E-03  2.14529061755462251E+01
5.59337401024239886E-03  2.14741989415164021E+01
5.59942090106428213E-03  2.14954917074865719E+01
5.60546779188616541E-03  2.15167844734567417E+01
5.61151468270804955E-03  2.15380772394269187E+01
5.61756157352993283E-03  2.15593700053970885E+01
5.62360846435181697E-03  2.15806627713672619E+01
5.62965535517370025E-03  2.16019555373374352E+01
5.63570224599558439E-03  2.16232483033076086E+01
5.64174913681746767E-03  2.16445410692777784E+01
5.64779602763935181E-03  2.16658338352479554E+01
5.65384291846123509E-03  2.16871266012181252E+01
5.65988980928311923E-03  2.17084193671882986E+01
5.66593670010500251E-03  2.17297121331584719E+01
5.67198359092688665E-03  2.17510048991286453E+01
5.67803048174876993E-03  2.17722976650988151E+01
5.68407737257065320E-03  2.17935904310689885E+01
5.69012426339253734E-03  2.18148831970391619E+01
5.69617115421442062E-03  2.18361759630093317E+01
5.70221804503630476E-03  2.18574687289795087E+01
5.70826493585818804E-03  2.18787614949496785E+01
5.71431182668007218E-03  2.19000542609198519E+01
5.72035871750195546E-03  2.19213470268900252E+01
5.72640560832383960E-03  2.19426397928601986E+01
5.73245249914572288E-03  2.19639325588303684E+01
5.73849938996760702E-03  2.19852253248005454E+01
5.74454628078949030E-03  2.20065180907707152E+01
5.75059317161137357E-03  2.20278108567408850E+01
5.75664006243325772E-03  2.20491036227110619E+01
5.76268695325514099E-03  2.20703963886812318E+01
5.76873384407702514E-03  2.20916891546514051E+01
5.77478073489890841E-03  2.21129819206215785E+01
5.78082762572079255E-03  2.21342746865917519E+01
5.78687451654267583E-03  2.21555674525619217E+01
5.79292140736455997E-03  2.21768602185320987E+01
5.79896829818644325E-03  2.21981529845022685E+01
5.80501518900832739E-03  2.22194457504724419E+01
5.81106207983021067E-03  2.22407385164426152E+01
5.81710897065209481E-03  2.22620312824127886E+01
5.82315586147397809E-03  2.22833240483829584E+01
5.82920275229586136E-03  2.23046168143531318E+01
5.83524964311774551E-03  2.23259095803233052E+01
5.84129653393962878E-03  2.23472023462934786E+01
5.84734342476151293E-03  2.23684951122636519E+01
5.85339031558339620E-03  2.23897878782338218E+01
5.85943720640528035E-03  2.24110806442039951E+01
5.86548409722716362E-03  2.24323734101741685E+01
5.87153098804904777E-03  2.24536661761443419E+01
5.87757787887093104E-03  2.24749589421145153E+01
5.88362476969281518E-03  2.24962517080846887E+01
5.88967166051469846E-03  2.25175444740548585E+01
5.89571855133658260E-03  2.25388372400250319E+01
5.90176544215846588E-03  2.25601300059952052E+01
5.90781233298034916E-03  2.25814227719653751E+01
5.91385922380223330E-03  2.26027155379355484E+01
5.91990611462411657E-03  2.26240083039057218E+01
5.92595300544600072E-03  2.26453010698758952E+01
5.93199989626788399E-03  2.26665938358460686E+01
5.93804678708976814E-03  2.26878866018162419E+01
5.94409367791165141E-03  2.27091793677864118E+01
5.95014056873353556E-03  2.27304721337565852E+01
5.95618745955541883E-03  2.27517648997267585E+01
5.96223435037730298E-03  2.27730576656969319E+01
5.96828124119918625E-03  2.27943504316671053E+01
5.97432813202106953E-03  2.28156431976372751E+01
5.98037502284295367E-03  2.28369359636074485E+01
5.98642191366483695E-03  2.28582287295776219E+01
5.99246880448672109E-03  2.28795214955477952E+01
5.99851569530860437E-03  2.29008142615179651E+01
6.00456258613048851E-03  2.29221070274881420E+01
6.01060947695237179E-03  2.29433997934583118E+01
6.01665636777425593E-03  2.29646925594284852E+01
6.02270325859613920E-03  2.29859853253986586E+01
6.02875014941802335E-03  2.30072780913688320E+01
6.03479704023990662E-03  2.30285708573390018E+01
6.04084393106179077E-03  2.30498636233091787E+01
