0.00000000000000000E+00  0.00000000000000000E+00
5.76987930893711016E-06  1.63696678989916106E-01
1.15397586178742203E-05  3.27393357979832211E-01
1.73096379268113305E-05  4.91090036969748345E-01
2.30795172357484406E-05  6.54786715959664423E-01
2.88493965446855508E-05  8.18483394949580556E-01
3.46192758536226610E-05  9.82180073939496689E-01
4.03891551625597711E-05  1.14587675292941293E+00
4.61590344714968813E-05  1.30957343191932885E+00
5.19289137804339915E-05  1.47327011090924498E+00
5.76987930893711016E-05  1.63696678989916111E+00
6.34686723983082118E-05  1.80066346888907725E+00
6.92385517072453219E-05  1.96436014787899338E+00
7.50084310161824321E-05  2.12805682686890973E+00
8.07783103251195423E-05  2.29175350585882587E+00
8.65481896340566524E-05  2.45545018484874156E+00
9.23180689429937626E-05  2.51501517094929206E+00
9.80879482519308728E-05  2.52838732602393890E+00
1.03857827560867983E-04  2.54175948109858574E+00
1.09627706869805093E-04  2.55513163617323258E+00
1.15397586178742203E-04  2.56850379124787942E+00
1.21167465487679313E-04  2.58187594632252626E+00
1.26937344796616424E-04  2.59524810139717310E+00
1.32707224105553534E-04  2.60862025647181994E+00
1.38477103414490644E-04  2.62199241154646678E+00
1.44246982723427754E-04  2.63536456662111362E+00
1.50016862032364864E-04  2.64873672169576047E+00
1.55786741341301974E-04  2.66210887677040731E+00
1.61556620650239085E-04  2.67548103184505415E+00
1.67326499959176195E-04  2.68885318691970099E+00
1.73096379268113305E-04  2.70222534199434783E+00
1.78866258577050415E-04  2.71559749706899467E+00
1.84636137885987525E-04  2.72896965214364151E+00
1.90406017194924635E-04  2.74234180721828835E+00
1.96175896503861746E-04  2.75571396229293519E+00
2.01945775812798856E-04  2.76908611736758203E+00
2.07715655121735966E-04  2.78245827244222887E+00
2.13485534430673076E-04  2.79583042751687572E+00
2.19255413739610186E-04  2.80920258259152256E+00
2.25025293048547296E-04  2.82257473766616940E+00
2.30795172357484406E-04  2.83594689274081624E+00
2.36565051666421517E-04  2.84931904781546308E+00
2.42334930975358627E-04  2.86269120289010992E+00
2.48104810284295737E-04  2.87606335796475676E+00
2.53874689593232847E-04  2.88943551303940360E+00
2.59644568902169957E-04  2.90280766811405044E+00
2.65414448211107067E-04  2.91617982318869728E+00
2.71184327520044178E-04  2.92955197826334413E+00
2.76954206828981288E-04  2.94292413333799097E+00
2.82724086137918398E-04  2.95629628841263781E+00
2.88493965446855508E-04  2.96966844348728465E+00
2.94263844755792618E-04  2.98304059856193149E+00
3.00033724064729728E-04  2.99641275363657833E+00
3.05803603373666839E-04  3.00978490871122517E+00
3.11573482682603949E-04  3.02315706378587201E+00
3.17343361991541059E-04  3.03652921886051885E+00
3.23113241300478169E-04  3.04990137393516569E+00
3.28883120609415279E-04  3.06327352900981253E+00
3.34652999918352389E-04  3.07664568408445938E+00
3.40422879227289500E-04  3.09001783915910622E+00
3.46192758536226610E-04  3.10338999423375306E+00
3.51962637845163720E-04  3.11676214930839990E+00
3.57732517154100830E-04  3.13013430438304674E+00
3.63502396463037940E-04  3.14350645945769358E+00
3.69272275771975050E-04  3.15687861453234042E+00
3.75042155080912161E-04  3.17025076960698726E+00
3.80812034389849271E-04  3.18362292468163410E+00
3.86581913698786381E-04  3.19699507975628094E+00
3.92351793007723491E-04  3.21036723483092779E+00
3.98121672316660601E-04  3.22373938990557463E+00
4.03891551625597711E-04  3.23711154498022147E+00
4.09661430934534822E-04  3.25048370005486831E+00
4.15431310243471932E-04  3.26385585512951515E+00
4.21201189552409042E-04  3.27722801020416199E+00
4.26971068861346152E-04  3.29060016527880883E+00
4.32740948170283262E-04  3.30397232035345567E+00
4.38510827479220372E-04  3.31734447542810251E+00
4.44280706788157482E-04  3.33071663050274935E+00
4.50050586097094593E-04  3.34408878557739619E+00
4.55820465406031703E-04  3.35746094065204304E+00
4.61590344714968813E-04  3.37083309572668988E+00
4.67360224023905923E-04  3.38420525080133672E+00
4.73130103332843033E-04  3.39757740587598356E+00
4.78899982641780143E-04  3.41094956095063040E+00
4.84669861950717254E-04  3.42432171602527724E+00
4.90439741259654418E-04  3.43769387109992408E+00
4.96209620568591474E-04  3.45106602617457092E+00
5.01979499877528530E-04  3.46443818124921732E+00
5.07749379186465694E-04  3.47781033632386460E+00
5.13519258495402859E-04  3.49118249139851144E+00
5.19289137804339915E-04  3.50455464647315829E+00
5.25059017113276971E-04  3.51792680154780468E+00
5.30828896422214135E-04  3.53129895662245197E+00
5.36598775731151299E-04  3.54467111169709881E+00
5.42368655040088355E-04  3.55804326677174521E+00
5.48138534349025411E-04  3.57141542184639205E+00
5.53908413657962576E-04  3.58478757692103889E+00
5.59678292966899740E-04  3.59815973199568617E+00
5.65448172275836796E-04  3.61153188707033257E+00
5.71218051584773852E-04  3.62490404214497941E+00
5.76987930893711016E-04  3.63827619721962625E+00
5.82757810202648181E-04  3.65164835229427354E+00
5.88527689511585237E-04  3.66502050736891993E+00
5.94297568820522292E-04  3.67839266244356677E+00
6.00067448129459457E-04  3.69176481751821361E+00
6.05837327438396621E-04  3.70513697259286090E+00
6.11607206747333677E-04  3.71850912766750730E+00
6.17377086056270733E-04  3.73188128274215414E+00
6.23146965365207898E-04  3.74525343781680098E+00
6.28916844674145062E-04  3.75862559289144826E+00
6.34686723983082118E-04  3.77199774796609466E+00
6.40456603292019174E-04  3.78536990304074150E+00
6.46226482600956338E-04  3.79874205811538834E+00
6.51996361909893503E-04  3.81211421319003563E+00
6.57766241218830558E-04  3.82548636826468202E+00
6.63536120527767614E-04  3.83885852333932887E+00
6.69305999836704779E-04  3.85223067841397571E+00
6.75075879145641943E-04  3.86560283348862299E+00
6.80845758454578999E-04  3.87897498856326939E+00
6.86615637763516055E-04  3.89234714363791623E+00
6.92385517072453219E-04  3.90571929871256307E+00
6.98155396381390384E-04  3.91909145378721036E+00
7.03925275690327440E-04  3.93246360886185675E+00
7.09695154999264496E-04  3.94583576393650315E+00
7.15465034308201660E-04  3.95920791901115043E+00
7.21234913617138824E-04  3.97258007408579772E+00
7.27004792926075880E-04  3.98595222916044412E+00
7.32774672235012936E-04  3.99932438423509051E+00
7.38544551543950101E-04  4.01269653930973824E+00
7.44314430852887265E-04  4.02606869438438508E+00
7.50084310161824321E-04  4.03944084945903192E+00
7.55854189470761377E-04  4.05281300453367788E+00
7.61624068779698541E-04  4.06618515960832561E+00
7.67393948088635706E-04  4.07955731468297245E+00
7.73163827397572762E-04  4.09292946975761929E+00
7.78933706706509818E-04  4.10630162483226524E+00
7.84703586015446982E-04  4.11967377990691297E+00
7.90473465324384146E-04  4.13304593498155981E+00
7.96243344633321202E-04  4.14641809005620665E+00
8.02013223942258258E-04  4.15979024513085260E+00
8.07783103251195423E-04  4.17316240020550033E+00
8.13552982560132587E-04  4.18653455528014717E+00
8.19322861869069643E-04  4.19990671035479401E+00
8.25092741178006699E-04  4.21327886542943997E+00
8.30862620486943863E-04  4.22665102050408770E+00
8.36632499795881028E-04  4.24002317557873454E+00
8.42402379104818084E-04  4.25339533065338138E+00
8.48172258413755140E-04  4.26676748572802733E+00
8.53942137722692304E-04  4.28013964080267506E+00
8.59712017031629468E-04  4.29351179587732190E+00
8.65481896340566524E-04  4.30688395095196874E+00
8.71251775649503580E-04  4.32025610602661470E+00
8.77021654958440745E-04  4.33362826110126242E+00
8.82791534267377909E-04  4.35345797800761680E+00
8.88561413576314965E-04  4.37562511148584932E+00
8.94331292885252021E-04  4.39779224496408183E+00
9.00101172194189185E-04  4.41995937844231435E+00
9.05871051503126350E-04  4.44212651192054686E+00
9.11640930812063406E-04  4.46429364539877938E+00
9.17410810121000462E-04  4.48646077887701189E+00
9.23180689429937626E-04  4.50862791235524440E+00
9.28950568738874790E-04  4.53079504583347781E+00
9.34720448047811846E-04  4.55296217931171032E+00
9.40490327356748902E-04  4.57512931278994284E+00
9.46260206665686067E-04  4.59729644626817624E+00
9.52030085974623231E-04  4.61946357974640875E+00
9.57799965283560287E-04  4.64163071322464127E+00
9.63569844592497343E-04  4.66379784670287378E+00
9.69339723901434507E-04  4.68596498018110630E+00
9.75109603210371672E-04  4.70813211365933970E+00
9.80879482519308836E-04  4.73029924713757310E+00
9.86649361828245784E-04  4.75246638061580473E+00
9.92419241137182948E-04  4.77463351409403813E+00
9.98189120446120112E-04  4.79680064757227065E+00
1.00395899975505706E-03  4.81896778105050316E+00
1.00972887906399422E-03  4.84113491452873568E+00
1.01549875837293139E-03  4.86330204800696819E+00
1.02126863768186855E-03  4.88546918148520160E+00
1.02703851699080572E-03  4.90763631496343500E+00
1.03280839629974266E-03  4.92980344844166662E+00
1.03857827560867983E-03  4.95197058191989914E+00
1.04434815491761699E-03  4.97413771539813254E+00
1.05011803422655394E-03  4.99630484887636417E+00
1.05588791353549111E-03  5.01847198235459757E+00
1.06165779284442827E-03  5.04063911583283009E+00
1.06742767215336543E-03  5.06280624931106349E+00
1.07319755146230260E-03  5.08497338278929600E+00
1.07896743077123955E-03  5.10714051626752852E+00
1.08473731008017671E-03  5.12930764974576103E+00
1.09050718938911387E-03  5.15147478322399444E+00
1.09627706869805082E-03  5.17364191670222606E+00
1.10204694800698799E-03  5.19580905018045947E+00
1.10781682731592515E-03  5.21797618365869198E+00
1.11358670662486232E-03  5.24014331713692449E+00
1.11935658593379948E-03  5.26231045061515790E+00
1.12512646524273643E-03  5.28447758409338952E+00
1.13089634455167359E-03  5.30664471757162293E+00
1.13666622386061076E-03  5.32881185104985544E+00
1.14243610316954770E-03  5.35097898452808796E+00
1.14820598247848487E-03  5.37314611800632047E+00
1.15397586178742203E-03  5.39531325148455387E+00
1.15974574109635920E-03  5.41748038496278639E+00
1.16551562040529636E-03  5.43964751844101979E+00
1.17128549971423331E-03  5.46181465191925142E+00
1.17705537902317047E-03  5.48398178539748482E+00
1.18282525833210764E-03  5.50614891887571734E+00
1.18859513764104458E-03  5.52831605235394985E+00
1.19436501694998175E-03  5.55048318583218236E+00
1.20013489625891891E-03  5.57265031931041577E+00
1.20590477556785608E-03  5.59481745278864828E+00
1.21167465487679324E-03  5.61698458626688168E+00
1.21744453418573019E-03  5.63915171974511331E+00
1.22321441349466735E-03  5.66131885322334671E+00
1.22898429280360452E-03  5.68348598670157923E+00
1.23475417211254147E-03  5.70565312017981174E+00
1.24052405142147863E-03  5.72782025365804426E+00
1.24629393073041580E-03  5.74998738713627677E+00
1.25206381003935296E-03  5.77215452061451018E+00
1.25783368934829012E-03  5.79432165409274269E+00
1.26360356865722707E-03  5.81648878757097521E+00
1.26937344796616424E-03  5.83865592104920772E+00
1.27514332727510140E-03  5.86082305452744112E+00
1.28091320658403835E-03  5.88299018800567275E+00
1.28668308589297551E-03  5.90515732148390615E+00
1.29245296520191268E-03  5.92732445496213867E+00
1.29822284451084984E-03  5.94949158844037207E+00
1.30399272381978701E-03  5.97165872191860458E+00
1.30976260312872395E-03  5.99382585539683710E+00
1.31553248243766112E-03  6.01599298887506961E+00
1.32130236174659828E-03  6.03816012235330302E+00
1.32707224105553523E-03  6.06032725583153464E+00
1.33284212036447239E-03  6.08249438930976805E+00
1.33861199967340956E-03  6.10466152278800056E+00
1.34438187898234672E-03  6.12682865626623396E+00
1.35015175829128389E-03  6.14899578974446648E+00
1.35592163760022083E-03  6.17116292322269899E+00
1.36169151690915800E-03  6.19333005670093151E+00
1.36746139621809516E-03  6.21549719017916491E+00
1.37323127552703211E-03  6.23766432365739654E+00
1.37900115483596927E-03  6.25983145713562994E+00
1.38477103414490644E-03  6.28199859061386245E+00
1.39054091345384360E-03  6.30416572409209497E+00
1.39631079276278077E-03  6.32633285757032837E+00
1.40208067207171772E-03  6.34849999104856000E+00
1.40785055138065488E-03  6.37066712452679340E+00
1.41362043068959204E-03  6.39283425800502592E+00
1.41939030999852899E-03  6.41500139148325843E+00
1.42516018930746616E-03  6.43716852496149095E+00
1.43093006861640332E-03  6.45933565843972435E+00
1.43669994792534048E-03  6.48150279191795686E+00
1.44246982723427765E-03  6.50366992539619027E+00
1.44823970654321460E-03  6.52583705887442189E+00
1.45400958585215176E-03  6.54800419235265529E+00
1.45977946516108893E-03  6.57017132583088781E+00
1.46554934447002587E-03  6.59233845930912032E+00
1.47131922377896304E-03  6.61450559278735284E+00
1.47708910308790020E-03  6.63667272626558624E+00
1.48285898239683737E-03  6.65883985974381876E+00
1.48862886170577453E-03  6.68100699322205216E+00
1.49439874101471148E-03  6.70317412670028379E+00
1.50016862032364864E-03  6.72534126017851719E+00
1.50593849963258581E-03  6.74750839365674970E+00
1.51170837894152275E-03  6.76967552713498222E+00
1.51747825825045992E-03  6.79184266061321473E+00
1.52324813755939708E-03  6.81400979409144725E+00
1.52901801686833425E-03  6.83617692756968065E+00
1.53478789617727141E-03  6.85834406104791316E+00
1.54055777548620836E-03  6.88051119452614568E+00
1.54632765479514552E-03  6.90267832800437819E+00
1.55209753410408269E-03  6.92484546148261160E+00
1.55786741341301964E-03  6.94701259496084322E+00
1.56363729272195680E-03  6.96917972843907663E+00
1.56940717203089396E-03  6.99134686191730914E+00
1.57517705133983113E-03  7.01351399539554254E+00
1.58094693064876829E-03  7.03568112887377506E+00
1.58671680995770524E-03  7.05784826235200757E+00
1.59248668926664240E-03  7.08001539583024009E+00
1.59825656857557957E-03  7.10218252930847349E+00
1.60402644788451652E-03  7.12434966278670512E+00
1.60979632719345368E-03  7.14651679626493852E+00
1.61556620650239085E-03  7.16868392974317103E+00
1.62133608581132801E-03  7.19085106322140444E+00
1.62710596512026517E-03  7.21301819669963695E+00
1.63287584442920212E-03  7.23518533017786947E+00
1.63864572373813929E-03  7.25735246365610198E+00
1.64441560304707645E-03  7.27951959713433538E+00
1.65018548235601340E-03  7.30168673061256701E+00
1.65595536166495056E-03  7.32385386409080041E+00
1.66172524097388773E-03  7.34602099756903293E+00
1.66749512028282489E-03  7.36818813104726544E+00
1.67326499959176206E-03  7.39035526452549885E+00
1.67903487890069900E-03  7.41252239800373047E+00
1.68480475820963617E-03  7.43468953148196388E+00
1.69057463751857333E-03  7.45685666496019639E+00
1.69634451682751028E-03  7.47902379843842890E+00
1.70211439613644744E-03  7.50119093191666142E+00
1.70788427544538461E-03  7.52335806539489482E+00
1.71365415475432177E-03  7.54552519887312734E+00
1.71942403406325894E-03  7.56769233235136074E+00
1.72519391337219588E-03  7.58985946582959237E+00
1.73096379268113305E-03  7.61202659930782577E+00
1.73673367199007021E-03  7.63419373278605828E+00
1.74250355129900716E-03  7.65636086626429080E+00
1.74827343060794432E-03  7.67852799974252331E+00
1.75404330991688149E-03  7.70069513322075672E+00
1.75981318922581865E-03  7.72286226669898923E+00
1.76558306853475582E-03  7.74502940017722263E+00
1.77135294784369277E-03  7.76719653365545426E+00
1.77712282715262993E-03  7.78936366713368766E+00
1.78289270646156709E-03  7.81153080061192018E+00
1.78866258577050404E-03  7.83369793409015269E+00
1.79443246507944121E-03  7.85586506756838521E+00
1.80020234438837837E-03  7.87803220104661772E+00
1.80597222369731553E-03  7.90019933452485112E+00
1.81174210300625270E-03  7.92236646800308364E+00
1.81751198231518965E-03  7.94453360148131615E+00
1.82328186162412681E-03  7.96670073495954867E+00
1.82905174093306398E-03  7.98886786843778207E+00
1.83482162024200092E-03  8.01103500191601370E+00
1.84059149955093809E-03  8.03320213539424799E+00
1.84636137885987525E-03  8.05536926887247873E+00
1.85213125816881242E-03  8.07753640235071302E+00
1.85790113747774958E-03  8.09970353582894553E+00
1.86367101678668653E-03  8.12187066930717805E+00
1.86944089609562369E-03  8.14403780278541056E+00
1.87521077540456086E-03  8.16620493626364308E+00
1.88098065471349780E-03  8.18837206974187559E+00
1.88675053402243497E-03  8.21053920322010811E+00
1.89252041333137213E-03  8.23270633669834240E+00
1.89829029264030930E-03  8.25487347017657491E+00
1.90406017194924646E-03  8.27704060365480743E+00
1.90983005125818341E-03  8.29920773713303994E+00
1.91559993056712057E-03  8.32137487061127246E+00
1.92136980987605774E-03  8.34354200408950675E+00
1.92713968918499469E-03  8.36570913756773749E+00
1.93290956849393185E-03  8.38787627104597178E+00
1.93867944780286901E-03  8.41004340452420251E+00
1.94444932711180618E-03  8.43221053800243681E+00
1.95021920642074334E-03  8.45437767148066932E+00
1.95598908572968029E-03  8.47654480495890184E+00
1.96175896503861767E-03  8.49871193843713613E+00
1.96752884434755462E-03  8.52087907191536686E+00
1.97329872365649157E-03  8.54304620539359938E+00
1.97906860296542895E-03  8.56521333887183189E+00
1.98483848227436590E-03  8.58738047235006619E+00
1.99060836158330284E-03  8.60954760582829692E+00
1.99637824089224022E-03  8.63171473930653121E+00
2.00214812020117717E-03  8.65388187278476195E+00
2.00791799951011412E-03  8.67604900626299624E+00
2.01368787881905150E-03  8.69821613974122876E+00
2.01945775812798845E-03  8.72038327321946127E+00
2.02522763743692583E-03  8.74255040669769556E+00
2.03099751674586278E-03  8.76471754017592630E+00
2.03676739605479972E-03  8.78688467365415882E+00
2.04253727536373711E-03  8.80905180713239311E+00
2.04830715467267405E-03  8.83121894061062562E+00
2.05407703398161143E-03  8.85338607408885991E+00
2.05984691329054838E-03  8.87555320756709065E+00
2.06561679259948533E-03  8.89772034104532317E+00
2.07138667190842271E-03  8.91988747452355568E+00
2.07715655121735966E-03  8.94205460800178820E+00
2.08292643052629661E-03  8.96422174148002071E+00
2.08869630983523399E-03  8.98638887495825500E+00
2.09446618914417093E-03  9.00855600843648574E+00
2.10023606845310788E-03  9.03072314191471825E+00
2.10600594776204526E-03  9.05289027539295255E+00
2.11177582707098221E-03  9.07505740887118506E+00
2.11754570637991959E-03  9.09722454234941758E+00
2.12331558568885654E-03  9.11939167582765009E+00
2.12908546499779349E-03  9.14155880930588260E+00
2.13485534430673087E-03  9.16372594278411690E+00
2.14062522361566782E-03  9.18589307626234763E+00
2.14639510292460520E-03  9.20806020974058193E+00
2.15216498223354214E-03  9.23022734321881444E+00
2.15793486154247909E-03  9.25239447669704695E+00
2.16370474085141647E-03  9.27456161017527947E+00
2.16947462016035342E-03  9.29672874365351198E+00
2.17524449946929037E-03  9.31889587713174450E+00
2.18101437877822775E-03  9.34106301060997879E+00
2.18678425808716470E-03  9.36323014408820953E+00
2.19255413739610164E-03  9.38539727756644204E+00
2.19832401670503903E-03  9.40756441104467633E+00
2.20409389601397597E-03  9.42973154452290885E+00
2.20986377532291335E-03  9.45189867800114136E+00
2.21563365463185030E-03  9.47406581147937388E+00
2.22140353394078725E-03  9.49623294495760639E+00
2.22717341324972463E-03  9.51840007843583891E+00
2.23294329255866158E-03  9.54056721191407142E+00
2.23871317186759896E-03  9.56273434539230571E+00
2.24448305117653591E-03  9.58490147887053823E+00
2.25025293048547285E-03  9.60706861234876897E+00
2.25602280979441024E-03  9.62923574582700326E+00
2.26179268910334718E-03  9.65140287930523577E+00
2.26756256841228413E-03  9.67357001278346829E+00
2.27333244772122151E-03  9.69573714626170080E+00
2.27910232703015846E-03  9.71790427973993332E+00
2.28487220633909541E-03  9.74007141321816583E+00
2.29064208564803279E-03  9.76223854669640012E+00
2.29641196495696974E-03  9.78440568017463086E+00
2.30218184426590712E-03  9.80657281365286515E+00
2.30795172357484406E-03  9.82873994713109767E+00
2.31372160288378101E-03  9.85090708060933018E+00
2.31949148219271839E-03  9.87307421408756269E+00
2.32526136150165534E-03  9.89524134756579521E+00
2.33103124081059272E-03  9.91740848104402950E+00
2.33680112011952967E-03  9.93957561452226201E+00
2.34257099942846662E-03  9.96174274800049275E+00
2.34834087873740400E-03  9.98390988147872704E+00
2.35411075804634095E-03  1.00060770149569596E+01
2.35988063735527789E-03  1.00282441484351921E+01
2.36565051666421527E-03  1.00504112819134246E+01
2.37142039597315222E-03  1.00725784153916571E+01
2.37719027528208917E-03  1.00947455488698896E+01
2.38296015459102655E-03  1.01169126823481221E+01
2.38873003389996350E-03  1.01390798158263546E+01
2.39449991320890088E-03  1.01612469493045889E+01
2.40026979251783783E-03  1.01834140827828215E+01
2.40603967182677477E-03  1.02055812162610522E+01
2.41180955113571216E-03  1.02277483497392865E+01
2.41757943044464910E-03  1.02499154832175190E+01
2.42334930975358648E-03  1.02720826166957533E+01
2.42911918906252343E-03  1.02942497501739840E+01
2.43488906837146038E-03  1.03164168836522165E+01
2.44065894768039776E-03  1.03385840171304508E+01
2.44642882698933471E-03  1.03607511506086833E+01
2.45219870629827166E-03  1.03829182840869141E+01
2.45796858560720904E-03  1.04050854175651484E+01
2.46373846491614599E-03  1.04272525510433809E+01
2.46950834422508293E-03  1.04494196845216134E+01
2.47527822353402031E-03  1.04715868179998459E+01
2.48104810284295726E-03  1.04937539514780784E+01
2.48681798215189464E-03  1.05159210849563127E+01
2.49258786146083159E-03  1.05380882184345435E+01
2.49835774076976854E-03  1.05602553519127760E+01
2.50412762007870592E-03  1.05824224853910103E+01
2.50989749938764287E-03  1.06045896188692428E+01
2.51566737869658025E-03  1.06267567523474753E+01
2.52143725800551720E-03  1.06489238858257078E+01
2.52720713731445414E-03  1.06710910193039403E+01
2.53297701662339152E-03  1.06932581527821746E+01
2.53874689593232847E-03  1.07154252862604054E+01
2.54451677524126542E-03  1.07375924197386379E+01
2.55028665455020280E-03  1.07597595532168722E+01
2.55605653385913975E-03  1.07819266866951047E+01
2.56182641316807670E-03  1.08040938201733354E+01
2.56759629247701408E-03  1.08262609536515697E+01
2.57336617178595102E-03  1.08484280871298022E+01
2.57913605109488841E-03  1.08705952206080365E+01
2.58490593040382535E-03  1.08927623540862673E+01
2.59067580971276230E-03  1.09149294875644998E+01
2.59644568902169968E-03  1.09370966210427341E+01
2.60221556833063663E-03  1.09592637545209666E+01
2.60798544763957401E-03  1.09814308879991991E+01
2.61375532694851096E-03  1.10035980214774316E+01
2.61952520625744791E-03  1.10257651549556641E+01
2.62529508556638529E-03  1.10479322884338966E+01
2.63106496487532223E-03  1.10700994219121291E+01
2.63683484418425918E-03  1.10922665553903617E+01
2.64260472349319656E-03  1.11144336888685960E+01
2.64837460280213351E-03  1.11366008223468267E+01
2.65414448211107046E-03  1.11587679558250592E+01
2.65991436142000784E-03  1.11809350893032935E+01
2.66568424072894479E-03  1.12031022227815260E+01
2.67145412003788217E-03  1.12252693562597585E+01
2.67722399934681912E-03  1.12474364897379910E+01
2.68299387865575606E-03  1.12696036232162236E+01
2.68876375796469344E-03  1.12917707566944578E+01
2.69453363727363039E-03  1.13139378901726886E+01
2.70030351658256777E-03  1.13361050236509229E+01
2.70607339589150472E-03  1.13582721571291554E+01
2.71184327520044167E-03  1.13804392906073879E+01
2.71761315450937905E-03  1.14026064240856204E+01
2.72338303381831600E-03  1.14247735575638529E+01
2.72915291312725294E-03  1.14469406910420854E+01
2.73492279243619033E-03  1.14691078245203197E+01
2.74069267174512727E-03  1.14912749579985505E+01
2.74646255105406422E-03  1.15134420914767830E+01
2.75223243036300160E-03  1.15356092249550173E+01
2.75800230967193855E-03  1.15577763584332498E+01
2.76377218898087593E-03  1.15799434919114823E+01
2.76954206828981288E-03  1.16021106253897148E+01
2.77531194759874983E-03  1.16242777588679473E+01
2.78108182690768721E-03  1.16464448923461799E+01
2.78685170621662415E-03  1.16686120258244124E+01
2.79262158552556154E-03  1.16907791593026467E+01
2.79839146483449848E-03  1.17129462927808792E+01
2.80416134414343543E-03  1.17351134262591099E+01
2.80993122345237281E-03  1.17572805597373442E+01
2.81570110276130976E-03  1.17794476932155767E+01
2.82147098207024671E-03  1.18016148266938092E+01
2.82724086137918409E-03  1.18237819601720417E+01
2.83301074068812104E-03  1.18459490936502743E+01
2.83878061999705798E-03  1.18681162271285068E+01
2.84455049930599536E-03  1.18902833606067411E+01
2.85032037861493231E-03  1.19124504940849718E+01
2.85609025792386969E-03  1.19346176275632061E+01
2.86186013723280664E-03  1.19567847610414386E+01
2.86763001654174359E-03  1.19789518945196711E+01
2.87339989585068097E-03  1.20011190279979036E+01
2.87916977515961792E-03  1.20232861614761362E+01
2.88493965446855530E-03  1.20454532949543704E+01
2.89070953377749225E-03  1.20676204284326030E+01
2.89647941308642919E-03  1.20897875619108337E+01
2.90224929239536657E-03  1.21119546953890680E+01
2.90801917170430352E-03  1.21341218288673005E+01
2.91378905101324047E-03  1.21562889623455330E+01
2.91955893032217785E-03  1.21784560958237655E+01
2.92532880963111480E-03  1.22006232293019981E+01
2.93109868894005175E-03  1.22227903627802306E+01
2.93686856824898913E-03  1.22449574962584631E+01
2.94263844755792607E-03  1.22671246297366956E+01
2.94840832686686346E-03  1.22892917632149299E+01
2.95417820617580040E-03  1.23114588966931624E+01
2.95994808548473735E-03  1.23336260301713931E+01
2.96571796479367473E-03  1.23557931636496274E+01
2.97148784410261168E-03  1.23779602971278599E+01
2.97725772341154906E-03  1.24001274306060942E+01
2.98302760272048601E-03  1.24222945640843250E+01
2.98879748202942296E-03  1.24444616975625575E+01
2.99456736133836034E-03  1.24666288310407918E+01
3.00033724064729728E-03  1.24887959645190243E+01
3.00610711995623423E-03  1.25109630979972550E+01
3.01187699926517161E-03  1.25331302314754893E+01
3.01764687857410856E-03  1.25552973649537218E+01
3.02341675788304551E-03  1.25774644984319544E+01
3.02918663719198289E-03  1.25996316319101869E+01
3.03495651650091984E-03  1.26217987653884194E+01
3.04072639580985722E-03  1.26439658988666537E+01
3.04649627511879417E-03  1.26661330323448844E+01
3.05226615442773111E-03  1.26883001658231169E+01
3.05803603373666849E-03  1.27104672993013512E+01
3.06380591304560544E-03  1.27326344327795837E+01
3.06957579235454282E-03  1.27548015662578162E+01
3.07534567166347977E-03  1.27769686997360488E+01
3.08111555097241672E-03  1.27991358332142813E+01
3.08688543028135410E-03  1.28213029666925156E+01
3.09265530959029105E-03  1.28434701001707463E+01
3.09842518889922799E-03  1.28656372336489788E+01
3.10419506820816538E-03  1.28878043671272131E+01
3.10996494751710232E-03  1.29099715006054456E+01
3.11573482682603927E-03  1.29321386340836764E+01
3.12150470613497665E-03  1.29543057675619107E+01
3.12727458544391360E-03  1.29764729010401432E+01
3.13304446475285098E-03  1.29986400345183775E+01
3.13881434406178793E-03  1.30208071679966082E+01
3.14458422337072488E-03  1.30429743014748407E+01
3.15035410267966226E-03  1.30651414349530750E+01
3.15612398198859920E-03  1.30873085684313075E+01
3.16189386129753659E-03  1.31094757019095400E+01
3.16766374060647353E-03  1.31316428353877725E+01
3.17343361991541048E-03  1.31538099688660051E+01
3.17920349922434786E-03  1.31759771023442376E+01
3.18497337853328481E-03  1.31981442358224701E+01
3.19074325784222176E-03  1.32203113693007026E+01
3.19651313715115914E-03  1.32424785027789369E+01
3.20228301646009609E-03  1.32646456362571676E+01
3.20805289576903303E-03  1.32868127697354002E+01
3.21382277507797041E-03  1.33089799032136344E+01
3.21959265438690736E-03  1.33311470366918670E+01
3.22536253369584474E-03  1.33533141701700995E+01
3.23113241300478169E-03  1.33754813036483320E+01
3.23690229231371864E-03  1.33976484371265645E+01
3.24267217162265602E-03  1.34198155706047988E+01
3.24844205093159297E-03  1.34419827040830295E+01
3.25421193024053035E-03  1.34641498375612638E+01
3.25998180954946730E-03  1.34863169710394963E+01
3.26575168885840424E-03  1.35084841045177289E+01
3.27152156816734162E-03  1.35306512379959614E+01
3.27729144747627857E-03  1.35528183714741939E+01
3.28306132678521552E-03  1.35749855049524264E+01
3.28883120609415290E-03  1.35971526384306607E+01
3.29460108540308985E-03  1.36193197719088914E+01
3.30037096471202680E-03  1.36414869053871239E+01
3.30614084402096418E-03  1.36636540388653582E+01
3.31191072332990112E-03  1.36858211723435907E+01
3.31768060263883851E-03  1.37079883058218233E+01
3.32345048194777545E-03  1.37301554393000558E+01
3.32922036125671240E-03  1.37523225727782883E+01
3.33499024056564978E-03  1.37744897062565208E+01
3.34076011987458673E-03  1.37966568397347533E+01
3.34652999918352411E-03  1.38188239732129876E+01
3.35229987849246106E-03  1.38409911066912201E+01
3.35806975780139801E-03  1.38631582401694509E+01
3.36383963711033539E-03  1.38853253736476852E+01
3.36960951641927233E-03  1.39074925071259177E+01
3.37537939572820928E-03  1.39296596406041502E+01
3.38114927503714666E-03  1.39518267740823827E+01
3.38691915434608361E-03  1.39739939075606152E+01
3.39268903365502056E-03  1.39961610410388477E+01
3.39845891296395794E-03  1.40183281745170820E+01
3.40422879227289489E-03  1.40404953079953128E+01
3.40999867158183227E-03  1.40626624414735470E+01
3.41576855089076922E-03  1.40848295749517796E+01
3.42153843019970616E-03  1.41069967084300121E+01
3.42730830950864354E-03  1.41291638419082446E+01
3.43307818881758049E-03  1.41513309753864771E+01
3.43884806812651787E-03  1.41734981088647114E+01
3.44461794743545482E-03  1.41956652423429439E+01
3.45038782674439177E-03  1.42178323758211747E+01
3.45615770605332915E-03  1.42399995092994089E+01
3.46192758536226610E-03  1.42621666427776415E+01
3.46769746467120304E-03  1.42843337762558740E+01
3.47346734398014043E-03  1.43065009097341065E+01
3.47923722328907737E-03  1.43286680432123390E+01
3.48500710259801432E-03  1.43508351766905715E+01
3.49077698190695170E-03  1.43730023101688040E+01
3.49654686121588865E-03  1.43951694436470365E+01
3.50231674052482603E-03  1.44173365771252708E+01
3.50808661983376298E-03  1.44395037106035034E+01
3.51385649914269993E-03  1.44616708440817341E+01
3.51962637845163731E-03  1.44838379775599684E+01
3.52539625776057425E-03  1.45060051110382009E+01
3.53116613706951164E-03  1.45281722445164352E+01
3.53693601637844858E-03  1.45503393779946659E+01
3.54270589568738553E-03  1.45725065114728984E+01
3.54847577499632291E-03  1.45946736449511327E+01
3.55424565430525986E-03  1.46168407784293652E+01
3.56001553361419681E-03  1.46390079119075960E+01
3.56578541292313419E-03  1.46611750453858303E+01
3.57155529223207114E-03  1.46833421788640628E+01
3.57732517154100808E-03  1.47055093123422953E+01
3.58309505084994546E-03  1.47276764458205278E+01
3.58886493015888241E-03  1.47498435792987603E+01
3.59463480946781979E-03  1.47720107127769946E+01
3.60040468877675674E-03  1.47941778462552254E+01
3.60617456808569369E-03  1.48163449797334579E+01
3.61194444739463107E-03  1.48385121132116922E+01
3.61771432670356802E-03  1.48606792466899247E+01
3.62348420601250540E-03  1.48828463801681572E+01
3.62925408532144235E-03  1.49050135136463897E+01
3.63502396463037929E-03  1.49271806471246222E+01
3.64079384393931667E-03  1.49493477806028565E+01
3.64656372324825362E-03  1.49715149140810873E+01
3.65233360255719057E-03  1.49936820475593198E+01
3.65810348186612795E-03  1.50158491810375541E+01
3.66387336117506490E-03  1.50380163145157866E+01
3.66964324048400185E-03  1.50601834479940173E+01
3.67541311979293923E-03  1.50823505814722516E+01
3.68118299910187617E-03  1.51045177149504841E+01
3.68695287841081356E-03  1.51266848484287184E+01
3.69272275771975050E-03  1.51488519819069491E+01
3.69849263702868745E-03  1.51710191153851817E+01
3.70426251633762483E-03  1.51931862488634160E+01
3.71003239564656178E-03  1.52153533823416485E+01
3.71580227495549916E-03  1.52375205158198810E+01
3.72157215426443611E-03  1.52596876492981135E+01
3.72734203357337306E-03  1.52818547827763460E+01
3.73311191288231044E-03  1.53040219162545785E+01
3.73888179219124739E-03  1.53261890497328110E+01
3.74465167150018433E-03  1.53483561832110436E+01
3.75042155080912171E-03  1.53705233166892778E+01
3.75619143011805866E-03  1.53926904501675086E+01
3.76196130942699561E-03  1.54148575836457411E+01
3.76773118873593299E-03  1.54370247171239754E+01
3.77350106804486994E-03  1.54591918506022079E+01
3.77927094735380732E-03  1.54813589840804404E+01
3.78504082666274427E-03  1.55035261175586729E+01
3.79081070597168121E-03  1.55256932510369055E+01
3.79658058528061860E-03  1.55478603845151397E+01
3.80235046458955554E-03  1.55700275179933705E+01
3.80812034389849292E-03  1.55921946514716048E+01
3.81389022320742987E-03  1.56143617849498373E+01
3.81966010251636682E-03  1.56365289184280698E+01
3.82542998182530420E-03  1.56586960519063023E+01
3.83119986113424115E-03  1.56808631853845348E+01
3.83696974044317810E-03  1.57030303188627673E+01
3.84273961975211548E-03  1.57251974523410016E+01
3.84850949906105242E-03  1.57473645858192324E+01
3.85427937836998937E-03  1.57695317192974649E+01
3.86004925767892675E-03  1.57916988527756992E+01
3.86581913698786370E-03  1.58138659862539317E+01
3.87158901629680108E-03  1.58360331197321642E+01
3.87735889560573803E-03  1.58582002532103967E+01
3.88312877491467498E-03  1.58803673866886292E+01
3.88889865422361236E-03  1.59025345201668618E+01
3.89466853353254931E-03  1.59247016536450943E+01
3.90043841284148669E-03  1.59468687871233286E+01
3.90620829215042363E-03  1.59690359206015611E+01
3.91197817145936058E-03  1.59912030540797918E+01
3.91774805076829796E-03  1.60133701875580243E+01
3.92351793007723534E-03  1.60355373210362586E+01
3.92928780938617186E-03  1.60577044545144929E+01
3.93505768869510924E-03  1.60798715879927236E+01
3.94082756800404662E-03  1.61020387214709579E+01
3.94659744731298313E-03  1.61242058549491887E+01
3.95236732662192052E-03  1.61463729884274230E+01
3.95813720593085790E-03  1.61685401219056573E+01
3.96390708523979441E-03  1.61907072553838844E+01
3.96967696454873179E-03  1.62128743888621187E+01
3.97544684385766917E-03  1.62350415223403530E+01
3.98121672316660569E-03  1.62572086558185838E+01
3.98698660247554307E-03  1.62793757892968181E+01
3.99275648178448045E-03  1.63015429227750523E+01
3.99852636109341696E-03  1.63237100562532831E+01
4.00429624040235434E-03  1.63458771897315174E+01
4.01006611971129173E-03  1.63680443232097517E+01
4.01583599902022824E-03  1.63902114566879789E+01
4.02160587832916562E-03  1.64123785901662131E+01
4.02737575763810300E-03  1.64345457236444474E+01
4.03314563694704038E-03  1.64567128571226817E+01
4.03891551625597690E-03  1.64788799906009125E+01
4.04468539556491428E-03  1.65010471240791432E+01
4.05045527487385166E-03  1.65232142575573775E+01
4.05622515418278817E-03  1.65453813910356118E+01
4.06199503349172555E-03  1.65675485245138461E+01
4.06776491280066294E-03  1.65897156579920768E+01
4.07353479210959945E-03  1.66118827914703076E+01
4.07930467141853683E-03  1.66340499249485418E+01
4.08507455072747421E-03  1.66562170584267761E+01
4.09084443003641073E-03  1.66783841919050033E+01
4.09661430934534811E-03  1.67005513253832376E+01
4.10238418865428549E-03  1.67227184588614719E+01
4.10815406796322287E-03  1.67448855923397062E+01
4.11392394727215938E-03  1.67670527258179369E+01
4.11969382658109676E-03  1.67892198592961712E+01
4.12546370589003415E-03  1.68113869927744055E+01
4.13123358519897066E-03  1.68335541262526363E+01
4.13700346450790804E-03  1.68557212597308705E+01
4.14277334381684542E-03  1.68778883932091048E+01
4.14854322312578194E-03  1.69000555266873320E+01
4.15431310243471932E-03  1.69222226601655663E+01
4.16008298174365670E-03  1.69443897936438006E+01
4.16585286105259321E-03  1.69665569271220313E+01
4.17162274036153059E-03  1.69887240606002656E+01
4.17739261967046797E-03  1.70108911940784999E+01
4.18316249897940449E-03  1.70330583275567307E+01
4.18893237828834187E-03  1.70552254610349614E+01
4.19470225759727925E-03  1.70773925945131957E+01
4.20047213690621576E-03  1.70995597279914264E+01
4.20624201621515315E-03  1.71217268614696607E+01
4.21201189552409053E-03  1.71438939949478950E+01
4.21778177483302791E-03  1.71660611284261293E+01
4.22355165414196442E-03  1.71882282619043600E+01
4.22932153345090180E-03  1.72103953953825943E+01
4.23509141275983918E-03  1.72325625288608251E+01
4.24086129206877570E-03  1.72547296623390558E+01
4.24663117137771308E-03  1.72768967958172901E+01
4.25240105068665046E-03  1.72990639292955244E+01
4.25817092999558697E-03  1.73212310627737551E+01
4.26394080930452436E-03  1.73433981962519894E+01
4.26971068861346174E-03  1.73655653297302237E+01
4.27548056792239825E-03  1.73877324632084544E+01
4.28125044723133563E-03  1.74098995966866852E+01
4.28702032654027301E-03  1.74320667301649195E+01
4.29279020584921039E-03  1.74542338636431538E+01
4.29856008515814691E-03  1.74764009971213845E+01
4.30432996446708429E-03  1.74985681305996188E+01
4.31009984377602167E-03  1.75207352640778531E+01
4.31586972308495818E-03  1.75429023975560838E+01
4.32163960239389557E-03  1.75650695310343146E+01
4.32740948170283295E-03  1.75872366645125489E+01
4.33317936101176946E-03  1.76094037979907796E+01
4.33894924032070684E-03  1.76315709314690139E+01
4.34471911962964422E-03  1.76537380649472482E+01
4.35048899893858074E-03  1.76759051984254789E+01
4.35625887824751812E-03  1.76980723319037132E+01
4.36202875755645550E-03  1.77202394653819475E+01
4.36779863686539201E-03  1.77424065988601747E+01
4.37356851617432939E-03  1.77645737323384090E+01
4.37933839548326678E-03  1.77867408658166433E+01
4.38510827479220329E-03  1.78089079992948740E+01
4.39087815410114067E-03  1.78310751327731083E+01
4.39664803341007805E-03  1.78532422662513426E+01
4.40241791271901543E-03  1.78754093997295769E+01
4.40818779202795195E-03  1.78975765332078076E+01
4.41395767133688933E-03  1.79197436666860384E+01
4.41972755064582671E-03  1.79419108001642726E+01
4.42549742995476322E-03  1.79640779336425034E+01
4.43126730926370060E-03  1.79862450671207377E+01
4.43703718857263799E-03  1.80084122005989720E+01
4.44280706788157450E-03  1.80305793340772027E+01
4.44857694719051188E-03  1.80527464675554370E+01
4.45434682649944926E-03  1.80749136010336677E+01
4.46011670580838578E-03  1.80970807345118985E+01
4.46588658511732316E-03  1.81192478679901328E+01
4.47165646442626054E-03  1.81414150014683671E+01
4.47742634373519792E-03  1.81635821349466013E+01
4.48319622304413443E-03  1.81857492684248321E+01
4.48896610235307181E-03  1.82079164019030664E+01
4.49473598166200920E-03  1.82300835353813007E+01
4.50050586097094571E-03  1.82522506688595278E+01
4.50627574027988309E-03  1.82744178023377621E+01
4.51204561958882047E-03  1.82965849358159964E+01
4.51781549889775699E-03  1.83187520692942272E+01
4.52358537820669437E-03  1.83409192027724615E+01
4.52935525751563175E-03  1.83630863362506958E+01
4.53512513682456826E-03  1.83852534697289265E+01
4.54089501613350564E-03  1.84074206032071608E+01
4.54666489544244302E-03  1.84295877366853915E+01
4.55243477475137954E-03  1.84517548701636223E+01
4.55820465406031692E-03  1.84739220036418565E+01
4.56397453336925430E-03  1.84960891371200908E+01
4.56974441267819081E-03  1.85182562705983216E+01
4.57551429198712820E-03  1.85404234040765559E+01
4.58128417129606558E-03  1.85625905375547902E+01
4.58705405060500296E-03  1.85847576710330209E+01
4.59282392991393947E-03  1.86069248045112516E+01
4.59859380922287685E-03  1.86290919379894859E+01
4.60436368853181423E-03  1.86512590714677202E+01
4.61013356784075075E-03  1.86734262049459510E+01
4.61590344714968813E-03  1.86955933384241852E+01
4.62167332645862551E-03  1.87177604719024195E+01
4.62744320576756202E-03  1.87399276053806503E+01
4.63321308507649941E-03  1.87620947388588810E+01
4.63898296438543679E-03  1.87842618723371153E+01
4.64475284369437330E-03  1.88064290058153460E+01
4.65052272300331068E-03  1.88285961392935803E+01
4.65629260231224806E-03  1.88507632727718146E+01
4.66206248162118544E-03  1.88729304062500489E+01
4.66783236093012196E-03  1.88950975397282797E+01
4.67360224023905934E-03  1.89172646732065139E+01
4.67937211954799672E-03  1.89394318066847447E+01
4.68514199885693323E-03  1.89615989401629754E+01
4.69091187816587062E-03  1.89837660736412097E+01
4.69668175747480800E-03  1.90059332071194440E+01
4.70245163678374451E-03  1.90281003405976747E+01
4.70822151609268189E-03  1.90502674740759090E+01
4.71399139540161927E-03  1.90724346075541433E+01
4.71976127471055579E-03  1.90946017410323741E+01
4.72553115401949317E-03  1.91167688745106048E+01
4.73130103332843055E-03  1.91389360079888391E+01
4.73707091263736706E-03  1.91611031414670698E+01
4.74284079194630444E-03  1.91832702749453041E+01
4.74861067125524183E-03  1.92054374084235384E+01
4.75438055056417834E-03  1.92276045419017692E+01
4.76015042987311572E-03  1.92497716753800034E+01
4.76592030918205310E-03  1.92719388088582342E+01
4.77169018849099048E-03  1.92941059423364685E+01
4.77746006779992700E-03  1.93162730758146992E+01
4.78322994710886438E-03  1.93384402092929335E+01
4.78899982641780176E-03  1.93606073427711678E+01
4.79476970572673827E-03  1.93827744762493985E+01
4.80053958503567565E-03  1.94049416097276328E+01
4.80630946434461304E-03  1.94271087432058671E+01
4.81207934365354955E-03  1.94492758766840943E+01
4.81784922296248693E-03  1.94714430101623286E+01
4.82361910227142431E-03  1.94936101436405629E+01
4.82938898158036083E-03  1.95157772771187936E+01
4.83515886088929821E-03  1.95379444105970279E+01
4.84092874019823559E-03  1.95601115440752622E+01
4.84669861950717297E-03  1.95822786775534965E+01
4.85246849881610948E-03  1.96044458110317272E+01
4.85823837812504686E-03  1.96266129445099580E+01
4.86400825743398425E-03  1.96487800779881923E+01
4.86977813674292076E-03  1.96709472114664230E+01
4.87554801605185814E-03  1.96931143449446573E+01
4.88131789536079552E-03  1.97152814784228916E+01
4.88708777466973204E-03  1.97374486119011223E+01
4.89285765397866942E-03  1.97596157453793566E+01
4.89862753328760680E-03  1.97817828788575873E+01
4.90439741259654331E-03  1.98039500123358181E+01
4.91016729190548069E-03  1.98261171458140524E+01
4.91593717121441807E-03  1.98482842792922867E+01
4.92170705052335459E-03  1.98704514127705174E+01
4.92747692983229197E-03  1.98926185462487517E+01
4.93324680914122935E-03  1.99147856797269860E+01
4.93901668845016587E-03  1.99369528132052167E+01
4.94478656775910325E-03  1.99591199466834475E+01
4.95055644706804063E-03  1.99812870801616818E+01
4.95632632637697801E-03  2.00034542136399160E+01
4.96209620568591452E-03  2.00256213471181468E+01
4.96786608499485190E-03  2.00477884805963811E+01
4.97363596430378928E-03  2.00699556140746154E+01
4.97940584361272580E-03  2.00921227475528461E+01
4.98517572292166318E-03  2.01142898810310768E+01
4.99094560223060056E-03  2.01364570145093111E+01
4.99671548153953708E-03  2.01586241479875419E+01
5.00248536084847446E-03  2.01807912814657762E+01
5.00825524015741184E-03  2.02029584149440105E+01
5.01402511946634835E-03  2.02251255484222412E+01
5.01979499877528573E-03  2.02472926819004755E+01
5.02556487808422311E-03  2.02694598153787098E+01
5.03133475739316050E-03  2.02916269488569405E+01
5.03710463670209701E-03  2.03137940823351713E+01
5.04287451601103439E-03  2.03359612158134055E+01
5.04864439531997177E-03  2.03581283492916398E+01
5.05441427462890829E-03  2.03802954827698706E+01
5.06018415393784567E-03  2.04024626162481049E+01
5.06595403324678305E-03  2.04246297497263392E+01
5.07172391255571956E-03  2.04467968832045699E+01
5.07749379186465694E-03  2.04689640166828006E+01
5.08326367117359432E-03  2.04911311501610349E+01
5.08903355048253084E-03  2.05132982836392657E+01
5.09480342979146822E-03  2.05354654171175000E+01
5.10057330910040560E-03  2.05576325505957342E+01
5.10634318840934211E-03  2.05797996840739650E+01
5.11211306771827950E-03  2.06019668175521993E+01
5.11788294702721688E-03  2.06241339510304300E+01
5.12365282633615339E-03  2.06463010845086608E+01
5.12942270564509077E-03  2.06684682179868950E+01
5.13519258495402815E-03  2.06906353514651293E+01
5.14096246426296553E-03  2.07128024849433636E+01
5.14673234357190205E-03  2.07349696184215944E+01
5.15250222288083943E-03  2.07571367518998287E+01
5.15827210218977681E-03  2.07793038853780629E+01
5.16404198149871332E-03  2.08014710188562901E+01
5.16981186080765071E-03  2.08236381523345244E+01
5.17558174011658809E-03  2.08458052858127587E+01
5.18135161942552460E-03  2.08679724192909894E+01
5.18712149873446198E-03  2.08901395527692237E+01
5.19289137804339936E-03  2.09123066862474580E+01
5.19866125735233588E-03  2.09344738197256888E+01
5.20443113666127326E-03  2.09566409532039231E+01
5.21020101597021064E-03  2.09788080866821538E+01
5.21597089527914802E-03  2.10009752201603881E+01
5.22174077458808453E-03  2.10231423536386188E+01
5.22751065389702192E-03  2.10453094871168531E+01
5.23328053320595930E-03  2.10674766205950874E+01
5.23905041251489581E-03  2.10896437540733181E+01
5.24482029182383319E-03  2.11118108875515524E+01
5.25059017113277057E-03  2.11339780210297832E+01
5.25636005044170709E-03  2.11561451545080139E+01
5.26212992975064447E-03  2.11783122879862482E+01
5.26789980905958185E-03  2.12004794214644825E+01
5.27366968836851836E-03  2.12226465549427132E+01
5.27943956767745574E-03  2.12448136884209475E+01
5.28520944698639313E-03  2.12669808218991818E+01
5.29097932629532964E-03  2.12891479553774126E+01
5.29674920560426702E-03  2.13113150888556433E+01
5.30251908491320440E-03  2.13334822223338776E+01
5.30828896422214092E-03  2.13556493558121083E+01
5.31405884353107830E-03  2.13778164892903426E+01
5.31982872284001568E-03  2.13999836227685769E+01
5.32559860214895306E-03  2.14221507562468112E+01
5.33136848145788957E-03  2.14443178897250419E+01
5.33713836076682695E-03  2.14664850232032762E+01
5.34290824007576434E-03  2.14886521566815070E+01
5.34867811938470085E-03  2.15108192901597377E+01
5.35444799869363823E-03  2.15329864236379720E+01
5.36021787800257561E-03  2.15551535571162063E+01
5.36598775731151213E-03  2.15773206905944370E+01
5.37175763662044951E-03  2.15994878240726713E+01
5.37752751592938689E-03  2.16216549575509056E+01
5.38329739523832340E-03  2.16438220910291363E+01
5.38906727454726078E-03  2.16659892245073671E+01
5.39483715385619816E-03  2.16881563579856014E+01
5.40060703316513555E-03  2.17103234914638357E+01
5.40637691247407206E-03  2.17324906249420664E+01
5.41214679178300944E-03  2.17546577584203007E+01
5.41791667109194682E-03  2.17768248918985350E+01
5.42368655040088334E-03  2.17989920253767657E+01
5.42945642970982072E-03  2.18211591588549965E+01
5.43522630901875810E-03  2.18433262923332308E+01
5.44099618832769461E-03  2.18654934258114615E+01
5.44676606763663199E-03  2.18876605592896958E+01
5.45253594694556937E-03  2.19098276927679301E+01
5.45830582625450589E-03  2.19319948262461608E+01
5.46407570556344327E-03  2.19541619597243951E+01
5.46984558487238065E-03  2.19763290932026294E+01
5.47561546418131716E-03  2.19984962266808566E+01
5.48138534349025455E-03  2.20206633601590909E+01
5.48715522279919193E-03  2.20428304936373252E+01
5.49292510210812844E-03  2.20649976271155559E+01
5.49869498141706582E-03  2.20871647605937902E+01
5.50446486072600320E-03  2.21093318940720245E+01
5.51023474003494058E-03  2.21314990275502588E+01
5.51600461934387710E-03  2.21536661610284895E+01
5.52177449865281448E-03  2.21758332945067203E+01
5.52754437796175186E-03  2.21980004279849545E+01
5.53331425727068837E-03  2.22201675614631853E+01
5.53908413657962576E-03  2.22423346949414196E+01
5.54485401588856314E-03  2.22645018284196539E+01
5.55062389519749965E-03  2.22866689618978846E+01
5.55639377450643703E-03  2.23088360953761189E+01
5.56216365381537441E-03  2.23310032288543496E+01
5.56793353312431093E-03  2.23531703623325804E+01
5.57370341243324831E-03  2.23753374958108147E+01
5.57947329174218569E-03  2.23975046292890489E+01
5.58524317105112307E-03  2.24196717627672832E+01
5.59101305036005958E-03  2.24418388962455140E+01
5.59678292966899697E-03  2.24640060297237483E+01
5.60255280897793435E-03  2.24861731632019826E+01
5.60832268828687086E-03  2.25083402966802097E+01
5.61409256759580824E-03  2.25305074301584440E+01
5.61986244690474562E-03  2.25526745636366783E+01
5.62563232621368214E-03  2.25748416971149091E+01
5.63140220552261952E-03  2.25970088305931434E+01
5.63717208483155690E-03  2.26191759640713776E+01
5.64294196414049341E-03  2.26413430975496084E+01
5.64871184344943079E-03  2.26635102310278427E+01
5.65448172275836818E-03  2.26856773645060734E+01
5.66025160206730469E-03  2.27078444979843042E+01
5.66602148137624207E-03  2.27300116314625384E+01
5.67179136068517945E-03  2.27521787649407727E+01
5.67756123999411597E-03  2.27743458984190035E+01
5.68333111930305335E-03  2.27965130318972378E+01
5.68910099861199073E-03  2.28186801653754721E+01
5.69487087792092811E-03  2.28408472988537028E+01
5.70064075722986462E-03  2.28630144323319335E+01
5.70641063653880200E-03  2.28851815658101678E+01
5.71218051584773939E-03  2.29073486992884021E+01
5.71795039515667590E-03  2.29295158327666329E+01
5.72372027446561328E-03  2.29516829662448671E+01
5.72949015377455066E-03  2.29738500997231014E+01
5.73526003308348718E-03  2.29960172332013322E+01
5.74102991239242456E-03  2.30181843666795629E+01
5.74679979170136194E-03  2.30403515001577972E+01
