0.00000000000000000E+00  0.00000000000000000E+00
5.19711453679029950E-06  1.47446825055390335E-01
1.03942290735805990E-05  2.94893650110780670E-01
1.55913436103708968E-05  4.42340475166170921E-01
2.07884581471611980E-05  5.89787300221561339E-01
2.59855726839514992E-05  7.37234125276951646E-01
3.11826872207417936E-05  8.84680950332341842E-01
3.63798017575320948E-05  1.03212777538773226E+00
4.15769162943223960E-05  1.17957460044312268E+00
4.67740308311126972E-05  1.32702142549851287E+00
5.19711453679029984E-05  1.47446825055390329E+00
5.71682599046932928E-05  1.62191507560929349E+00
6.23653744414835872E-05  1.76936190066468368E+00
6.75624889782738884E-05  1.91680872572007410E+00
7.27596035150641896E-05  2.06425555077546452E+00
7.79567180518544908E-05  2.21170237583085472E+00
8.31538325886447920E-05  2.35914920088624536E+00
8.83509471254350932E-05  2.50659602594163555E+00
9.35480616622253944E-05  2.65404285099702575E+00
9.87451761990156956E-05  2.76309191086794792E+00
1.03942290735805997E-04  2.78418968141708589E+00
1.09139405272596284E-04  2.80528745196622342E+00
1.14336519809386586E-04  2.82638522251536140E+00
1.19533634346176887E-04  2.84748299306449937E+00
1.24730748882967174E-04  2.86858076361363690E+00
1.29927863419757489E-04  2.88967853416277487E+00
1.35124977956547777E-04  2.91077630471191284E+00
1.40322092493338092E-04  2.93187407526105082E+00
1.45519207030128379E-04  2.95297184581018879E+00
1.50716321566918694E-04  2.97406961635932632E+00
1.55913436103708982E-04  2.99516738690846429E+00
1.61110550640499296E-04  3.01626515745760226E+00
1.66307665177289584E-04  3.03736292800674024E+00
1.71504779714079872E-04  3.05846069855587777E+00
1.76701894250870186E-04  3.07955846910501574E+00
1.81899008787660474E-04  3.10065623965415371E+00
1.87096123324450789E-04  3.12175401020329168E+00
1.92293237861241076E-04  3.14285178075242921E+00
1.97490352398031391E-04  3.16394955130156719E+00
2.02687466934821679E-04  3.18504732185070516E+00
2.07884581471611994E-04  3.20614509239984313E+00
2.13081696008402281E-04  3.22724286294898111E+00
2.18278810545192569E-04  3.24834063349811863E+00
2.23475925081982884E-04  3.26943840404725661E+00
2.28673039618773171E-04  3.29053617459639458E+00
2.33870154155563486E-04  3.31163394514553255E+00
2.39067268692353774E-04  3.33273171569467008E+00
2.44264383229144061E-04  3.35382948624380806E+00
2.49461497765934349E-04  3.37492725679294558E+00
2.54658612302724691E-04  3.39602502734208400E+00
2.59855726839514978E-04  3.41712279789122153E+00
2.65052841376305266E-04  3.43822056844035950E+00
2.70249955913095554E-04  3.45931833898949748E+00
2.75447070449885895E-04  3.48041610953863545E+00
2.80644184986676183E-04  3.50151388008777342E+00
2.85841299523466471E-04  3.52261165063691095E+00
2.91038414060256758E-04  3.54370942118604892E+00
2.96235528597047046E-04  3.56480719173518690E+00
3.01432643133837388E-04  3.58590496228432487E+00
3.06629757670627676E-04  3.60700273283346284E+00
3.11826872207417963E-04  3.62810050338260037E+00
3.17023986744208251E-04  3.64919827393173835E+00
3.22221101280998593E-04  3.67029604448087632E+00
3.27418215817788880E-04  3.69139381503001385E+00
3.32615330354579168E-04  3.71249158557915226E+00
3.37812444891369456E-04  3.73358935612828979E+00
3.43009559428159743E-04  3.75468712667742732E+00
3.48206673964950085E-04  3.77578489722656574E+00
3.53403788501740373E-04  3.79688266777570327E+00
3.58600903038530660E-04  3.81798043832484124E+00
3.63798017575320948E-04  3.83907820887397921E+00
3.68995132112111290E-04  3.86017597942311719E+00
3.74192246648901577E-04  3.88127374997225516E+00
3.79389361185691865E-04  3.90237152052139269E+00
3.84586475722482153E-04  3.92346929107053066E+00
3.89783590259272440E-04  3.94456706161966864E+00
3.94980704796062782E-04  3.96566483216880616E+00
4.00177819332853070E-04  3.98676260271794458E+00
4.05374933869643358E-04  4.00786037326708211E+00
4.10572048406433645E-04  4.02895814381621964E+00
4.15769162943223987E-04  4.05005591436535806E+00
4.20966277480014275E-04  4.07115368491449559E+00
4.26163392016804562E-04  4.09225145546363400E+00
4.31360506553594850E-04  4.11334922601277153E+00
4.36557621090385138E-04  4.13444699656190906E+00
4.41754735627175479E-04  4.15554476711104748E+00
4.46951850163965767E-04  4.17664253766018501E+00
4.52148964700756055E-04  4.19774030820932254E+00
4.57346079237546342E-04  4.21883807875846095E+00
4.62543193774336630E-04  4.23993584930759848E+00
4.67740308311126972E-04  4.26103361985673690E+00
4.72937422847917260E-04  4.28213139040587443E+00
4.78134537384707547E-04  4.30322916095501196E+00
4.83331651921497835E-04  4.32432693150415037E+00
4.88528766458288122E-04  4.34542470205328790E+00
4.93725880995078410E-04  4.36652247260242632E+00
4.98922995531868698E-04  4.38762024315156296E+00
5.04120110068659094E-04  4.40871801370070138E+00
5.09317224605449381E-04  4.42981578424983979E+00
5.14514339142239669E-04  4.45091355479897732E+00
5.19711453679029957E-04  4.47201132534811485E+00
5.24908568215820244E-04  4.49310909589725327E+00
5.30105682752610532E-04  4.51420686644639080E+00
5.35302797289400820E-04  4.53530463699552833E+00
5.40499911826191107E-04  4.55640240754466674E+00
5.45697026362981395E-04  4.57750017809380427E+00
5.50894140899771791E-04  4.59859794864294269E+00
5.56091255436562079E-04  4.61969571919208022E+00
5.61288369973352366E-04  4.64079348974121864E+00
5.66485484510142654E-04  4.66189126029035616E+00
5.71682599046932942E-04  4.68298903083949369E+00
5.76879713583723229E-04  4.70408680138863211E+00
5.82076828120513517E-04  4.72518457193776964E+00
5.87273942657303804E-04  4.74628234248690717E+00
5.92471057194094092E-04  4.76738011303604559E+00
5.97668171730884488E-04  4.78847788358518400E+00
6.02865286267674776E-04  4.80957565413432153E+00
6.08062400804465063E-04  4.83067342468345906E+00
6.13259515341255351E-04  4.85177119523259748E+00
6.18456629878045639E-04  4.87286896578173501E+00
6.23653744414835926E-04  4.89396673633087254E+00
6.28850858951626214E-04  4.91506450688001095E+00
6.34047973488416502E-04  4.93616227742914848E+00
6.39245088025206789E-04  4.95726004797828601E+00
6.44442202561997185E-04  4.97835781852742443E+00
6.49639317098787473E-04  4.99945558907656284E+00
6.54836431635577761E-04  5.02055335962569949E+00
6.60033546172368048E-04  5.04165113017483790E+00
6.65230660709158336E-04  5.06274890072397632E+00
6.70427775245948624E-04  5.08384667127311296E+00
6.75624889782738911E-04  5.10494444182225138E+00
6.80822004319529199E-04  5.12604221237138891E+00
6.86019118856319486E-04  5.14713998292052644E+00
6.91216233393109883E-04  5.16823775346966485E+00
6.96413347929900170E-04  5.18933552401880327E+00
7.01610462466690458E-04  5.21043329456794080E+00
7.06807577003480745E-04  5.23153106511707833E+00
7.12004691540271033E-04  5.25262883566621674E+00
7.17201806077061321E-04  5.27372660621535427E+00
7.22398920613851608E-04  5.29482437676449180E+00
7.27596035150641896E-04  5.31592214731363022E+00
7.32793149687432184E-04  5.33701991786276775E+00
7.37990264224222580E-04  5.35811768841190617E+00
7.43187378761012867E-04  5.37921545896104369E+00
7.48384493297803155E-04  5.40031322951018211E+00
7.53581607834593443E-04  5.42141100005931964E+00
7.58778722371383730E-04  5.44250877060845717E+00
7.63975836908174018E-04  5.46360654115759559E+00
7.69172951444964306E-04  5.48470431170673312E+00
7.74370065981754593E-04  5.50580208225587064E+00
7.79567180518544881E-04  5.52689985280500906E+00
7.84764295055335277E-04  5.54799762335414748E+00
7.89961409592125565E-04  5.56909539390328412E+00
7.95158524128915852E-04  5.59019316445242254E+00
8.00355638665706140E-04  5.61129093500156095E+00
8.05552753202496427E-04  5.63238870555069759E+00
8.10749867739286715E-04  5.65348647609983601E+00
8.15946982276077003E-04  5.67458424664897443E+00
8.21144096812867290E-04  5.69568201719811107E+00
8.26341211349657578E-04  5.71677978774724949E+00
8.31538325886447974E-04  5.73787755829638790E+00
8.36735440423238262E-04  5.75897532884552543E+00
8.41932554960028549E-04  5.78007309939466296E+00
8.47129669496818837E-04  5.80117086994380138E+00
8.52326784033609125E-04  5.82184231090757809E+00
8.57523898570399412E-04  5.84246608167255044E+00
8.62721013107189700E-04  5.86308985243752279E+00
8.67918127643979988E-04  5.88371362320249602E+00
8.73115242180770275E-04  5.90433739396746837E+00
8.78312356717560563E-04  5.92496116473244072E+00
8.83509471254350959E-04  5.94558493549741307E+00
8.88706585791141247E-04  5.96620870626238631E+00
8.93903700327931534E-04  5.98683247702735866E+00
8.99100814864721822E-04  6.00745624779233189E+00
9.04297929401512109E-04  6.02808001855730424E+00
9.09495043938302397E-04  6.04870378932227659E+00
9.14692158475092685E-04  6.06932756008724894E+00
9.19889273011882972E-04  6.08995133085222129E+00
9.25086387548673260E-04  6.11057510161719364E+00
9.30283502085463656E-04  6.13119887238216776E+00
9.35480616622253944E-04  6.15182264314714011E+00
9.40677731159044231E-04  6.17244641391211246E+00
9.45874845695834519E-04  6.19307018467708481E+00
9.51071960232624807E-04  6.21369395544205716E+00
9.56269074769415094E-04  6.23431772620702951E+00
9.61466189306205382E-04  6.25494149697200275E+00
9.66663303842995670E-04  6.27556526773697509E+00
9.71860418379785957E-04  6.29618903850194833E+00
9.77057532916576245E-04  6.31681280926692068E+00
9.82254647453366641E-04  6.33743658003189303E+00
9.87451761990156820E-04  6.35806035079686538E+00
9.92648876526947216E-04  6.37868412156183862E+00
9.97845991063737395E-04  6.39930789232681008E+00
1.00304310560052779E-03  6.41993166309178420E+00
1.00824022013731819E-03  6.44055543385675655E+00
1.01343733467410837E-03  6.46117920462172890E+00
1.01863444921089876E-03  6.48180297538670214E+00
1.02383156374768894E-03  6.50242674615167360E+00
1.02902867828447934E-03  6.52305051691664683E+00
1.03422579282126952E-03  6.54367428768161918E+00
1.03942290735805991E-03  6.56429805844659153E+00
1.04462002189485009E-03  6.58492182921156388E+00
1.04981713643164049E-03  6.60554559997653712E+00
1.05501425096843088E-03  6.62616937074151036E+00
1.06021136550522106E-03  6.64679314150648182E+00
1.06540848004201146E-03  6.66741691227145505E+00
1.07060559457880164E-03  6.68804068303642740E+00
1.07580270911559204E-03  6.70866445380140064E+00
1.08099982365238221E-03  6.72928822456637210E+00
1.08619693818917261E-03  6.74991199533134534E+00
1.09139405272596279E-03  6.77053576609631769E+00
1.09659116726275319E-03  6.79115953686129092E+00
1.10178828179954358E-03  6.81178330762626327E+00
1.10698539633633376E-03  6.83240707839123562E+00
1.11218251087312416E-03  6.85303084915620886E+00
1.11737962540991434E-03  6.87365461992118121E+00
1.12257673994670473E-03  6.89427839068615356E+00
1.12777385448349491E-03  6.91490216145112591E+00
1.13297096902028531E-03  6.93552593221609914E+00
1.13816808355707549E-03  6.95614970298107149E+00
1.14336519809386588E-03  6.97677347374604384E+00
1.14856231263065628E-03  6.99739724451101708E+00
1.15375942716744646E-03  7.01802101527598943E+00
1.15895654170423685E-03  7.03864478604096266E+00
1.16415365624102703E-03  7.05926855680593413E+00
1.16935077077781743E-03  7.07989232757090736E+00
1.17454788531460761E-03  7.10051609833587971E+00
1.17974499985139800E-03  7.12113986910085295E+00
1.18494211438818818E-03  7.14176363986582441E+00
1.19013922892497858E-03  7.16238741063079765E+00
1.19533634346176898E-03  7.18301118139577088E+00
1.20053345799855916E-03  7.20363495216074323E+00
1.20573057253534955E-03  7.22425872292571558E+00
1.21092768707213973E-03  7.24488249369068793E+00
1.21612480160893013E-03  7.26550626445566117E+00
1.22132191614572031E-03  7.28613003522063263E+00
1.22651903068251070E-03  7.30675380598560587E+00
1.23171614521930088E-03  7.32737757675057821E+00
1.23691325975609128E-03  7.34800134751555145E+00
1.24211037429288167E-03  7.36862511828052380E+00
1.24730748882967185E-03  7.38924888904549615E+00
1.25250460336646225E-03  7.40987265981046939E+00
1.25770171790325243E-03  7.43049643057544174E+00
1.26289883244004282E-03  7.45112020134041408E+00
1.26809594697683300E-03  7.47174397210538643E+00
1.27329306151362340E-03  7.49236774287035967E+00
1.27849017605041358E-03  7.51299151363533202E+00
1.28368729058720397E-03  7.53361528440030437E+00
1.28888440512399437E-03  7.55423905516527761E+00
1.29408151966078455E-03  7.57486282593024995E+00
1.29927863419757495E-03  7.59548659669522319E+00
1.30447574873436513E-03  7.61611036746019465E+00
1.30967286327115552E-03  7.63673413822516789E+00
1.31486997780794570E-03  7.65735790899014024E+00
1.32006709234473610E-03  7.67798167975511348E+00
1.32526420688152628E-03  7.69860545052008494E+00
1.33046132141831667E-03  7.71922922128505817E+00
1.33565843595510707E-03  7.73985299205003141E+00
1.34085555049189725E-03  7.76047676281500376E+00
1.34605266502868764E-03  7.78110053357997611E+00
1.35124977956547782E-03  7.80172430434494846E+00
1.35644689410226822E-03  7.82234807510992169E+00
1.36164400863905840E-03  7.84297184587489404E+00
1.36684112317584879E-03  7.86359561663986639E+00
1.37203823771263897E-03  7.88421938740483874E+00
1.37723535224942937E-03  7.90484315816981198E+00
1.38243246678621977E-03  7.92546692893478433E+00
1.38762958132300994E-03  7.94609069969975668E+00
1.39282669585980034E-03  7.96671447046472991E+00
1.39802381039659052E-03  7.98733824122970226E+00
1.40322092493338092E-03  8.00796201199467461E+00
1.40841803947017109E-03  8.02858578275964696E+00
1.41361515400696149E-03  8.04920955352461931E+00
1.41881226854375167E-03  8.06983332428959343E+00
1.42400938308054207E-03  8.09045709505456401E+00
1.42920649761733246E-03  8.11108086581953813E+00
1.43440361215412264E-03  8.13170463658451048E+00
1.43960072669091304E-03  8.15232840734948283E+00
1.44479784122770322E-03  8.17295217811445518E+00
1.44999495576449361E-03  8.19357594887942753E+00
1.45519207030128379E-03  8.21419971964440165E+00
1.46038918483807419E-03  8.23482349040937400E+00
1.46558629937486437E-03  8.25544726117434635E+00
1.47078341391165476E-03  8.27607103193931870E+00
1.47598052844844516E-03  8.29669480270429105E+00
1.48117764298523534E-03  8.31731857346926517E+00
1.48637475752202573E-03  8.33794234423423575E+00
1.49157187205881591E-03  8.35856611499920987E+00
1.49676898659560631E-03  8.37918988576418222E+00
1.50196610113239649E-03  8.39981365652915457E+00
1.50716321566918689E-03  8.42043742729412692E+00
1.51236033020597706E-03  8.44106119805909927E+00
1.51755744474276746E-03  8.46168496882407339E+00
1.52275455927955786E-03  8.48230873958904574E+00
1.52795167381634804E-03  8.50293251035401809E+00
1.53314878835313843E-03  8.52355628111899044E+00
1.53834590288992861E-03  8.54418005188396279E+00
1.54354301742671901E-03  8.56480382264893514E+00
1.54874013196350919E-03  8.58542759341390749E+00
1.55393724650029958E-03  8.60605136417888161E+00
1.55913436103708976E-03  8.62667513494385219E+00
1.56433147557388016E-03  8.64729890570882631E+00
1.56952859011067055E-03  8.66792267647379866E+00
1.57472570464746073E-03  8.68854644723877101E+00
1.57992281918425113E-03  8.70917021800374513E+00
1.58511993372104131E-03  8.72979398876871571E+00
1.59031704825783170E-03  8.75041775953368983E+00
1.59551416279462188E-03  8.77104153029866040E+00
1.60071127733141228E-03  8.79166530106363453E+00
1.60590839186820246E-03  8.81228907182860510E+00
1.61110550640499285E-03  8.83291284259357923E+00
1.61630262094178325E-03  8.85353661335855335E+00
1.62149973547857343E-03  8.87416038412352393E+00
1.62669685001536383E-03  8.89478415488849805E+00
1.63189396455215401E-03  8.91540792565346862E+00
1.63709107908894440E-03  8.93603169641844275E+00
1.64228819362573458E-03  8.95665546718341510E+00
1.64748530816252498E-03  8.97727923794838745E+00
1.65268242269931516E-03  8.99790300871335980E+00
1.65787953723610555E-03  9.01852677947833214E+00
1.66307665177289595E-03  9.03915055024330627E+00
1.66827376630968613E-03  9.05977432100827684E+00
1.67347088084647652E-03  9.08039809177325097E+00
1.67866799538326670E-03  9.10102186253822332E+00
1.68386510992005710E-03  9.12164563330319567E+00
1.68906222445684728E-03  9.14226940406816801E+00
1.69425933899363767E-03  9.16289317483314036E+00
1.69945645353042785E-03  9.18351694559811449E+00
1.70465356806721825E-03  9.20414071636308684E+00
1.70985068260400843E-03  9.22476448712805919E+00
1.71504779714079882E-03  9.24538825789303154E+00
1.72024491167758922E-03  9.26601202865800389E+00
1.72544202621437940E-03  9.28663579942297623E+00
1.73063914075116980E-03  9.30725957018794858E+00
1.73583625528795998E-03  9.32788334095292271E+00
1.74103336982475037E-03  9.34850711171789506E+00
1.74623048436154055E-03  9.36913088248286741E+00
1.75142759889833095E-03  9.38975465324783976E+00
1.75662471343512113E-03  9.41037842401281210E+00
1.76182182797191152E-03  9.43100219477778623E+00
1.76701894250870192E-03  9.45162596554275680E+00
1.77221605704549210E-03  9.47224973630773093E+00
1.77741317158228249E-03  9.49287350707270328E+00
1.78261028611907267E-03  9.51349727783767563E+00
1.78780740065586307E-03  9.53412104860264797E+00
1.79300451519265325E-03  9.55474481936762032E+00
1.79820162972944364E-03  9.57536859013259445E+00
1.80339874426623382E-03  9.59599236089756502E+00
1.80859585880302422E-03  9.61661613166253915E+00
1.81379297333981462E-03  9.63723990242751150E+00
1.81899008787660479E-03  9.65786367319248384E+00
1.82418720241339519E-03  9.67848744395745797E+00
1.82938431695018537E-03  9.69911121472242854E+00
1.83458143148697577E-03  9.71973498548740267E+00
1.83977854602376594E-03  9.74035875625237324E+00
1.84497566056055634E-03  9.76098252701734737E+00
1.85017277509734652E-03  9.78160629778231794E+00
1.85536988963413692E-03  9.80223006854729206E+00
1.86056700417092731E-03  9.82285383931226619E+00
1.86576411870771749E-03  9.84347761007723676E+00
1.87096123324450789E-03  9.86410138084221089E+00
1.87615834778129807E-03  9.88472515160718146E+00
1.88135546231808846E-03  9.90534892237215558E+00
1.88655257685487864E-03  9.92597269313712793E+00
1.89174969139166904E-03  9.94659646390210028E+00
1.89694680592845922E-03  9.96722023466707263E+00
1.90214392046524961E-03  9.98784400543204498E+00
1.90734103500204001E-03  1.00084677761970191E+01
1.91253814953883019E-03  1.00290915469619897E+01
1.91773526407562058E-03  1.00497153177269638E+01
1.92293237861241076E-03  1.00703390884919362E+01
1.92812949314920116E-03  1.00909628592569085E+01
1.93332660768599134E-03  1.01115866300218809E+01
1.93852372222278174E-03  1.01322104007868532E+01
1.94372083675957191E-03  1.01528341715518273E+01
1.94891795129636231E-03  1.01734579423167979E+01
1.95411506583315249E-03  1.01940817130817720E+01
1.95931218036994289E-03  1.02147054838467444E+01
1.96450929490673328E-03  1.02353292546117167E+01
1.96970640944352368E-03  1.02559530253766908E+01
1.97490352398031364E-03  1.02765767961416614E+01
1.98010063851710404E-03  1.02972005669066355E+01
1.98529775305389443E-03  1.03178243376716079E+01
1.99049486759068483E-03  1.03384481084365802E+01
1.99569198212747479E-03  1.03590718792015508E+01
2.00088909666426519E-03  1.03796956499665249E+01
2.00608621120105558E-03  1.04003194207314991E+01
2.01128332573784598E-03  1.04209431914964696E+01
2.01648044027463638E-03  1.04415669622614438E+01
2.02167755481142634E-03  1.04621907330264143E+01
2.02687466934821673E-03  1.04828145037913885E+01
2.03207178388500713E-03  1.05034382745563608E+01
2.03726889842179753E-03  1.05240620453213349E+01
2.04246601295858749E-03  1.05446858160863055E+01
2.04766312749537788E-03  1.05653095868512779E+01
2.05286024203216828E-03  1.05859333576162520E+01
2.05805735656895868E-03  1.06065571283812243E+01
2.06325447110574907E-03  1.06271808991461967E+01
2.06845158564253903E-03  1.06478046699111690E+01
2.07364870017932943E-03  1.06684284406761414E+01
2.07884581471611983E-03  1.06890522114411137E+01
2.08404292925291022E-03  1.07096759822060879E+01
2.08924004378970019E-03  1.07302997529710584E+01
2.09443715832649058E-03  1.07509235237360325E+01
2.09963427286328098E-03  1.07715472945010049E+01
2.10483138740007137E-03  1.07921710652659772E+01
2.11002850193686177E-03  1.08127948360309514E+01
2.11522561647365173E-03  1.08334186067959219E+01
2.12042273101044213E-03  1.08540423775608943E+01
2.12561984554723252E-03  1.08746661483258684E+01
2.13081696008402292E-03  1.08952899190908408E+01
2.13601407462081288E-03  1.09159136898558131E+01
2.14121118915760328E-03  1.09365374606207855E+01
2.14640830369439367E-03  1.09571612313857578E+01
2.15160541823118407E-03  1.09777850021507319E+01
2.15680253276797447E-03  1.09984087729157043E+01
2.16199964730476443E-03  1.10190325436806749E+01
2.16719676184155483E-03  1.10396563144456490E+01
2.17239387637834522E-03  1.10602800852106213E+01
2.17759099091513562E-03  1.10809038559755955E+01
2.18278810545192558E-03  1.11015276267405660E+01
2.18798521998871598E-03  1.11221513975055384E+01
2.19318233452550637E-03  1.11427751682705125E+01
2.19837944906229677E-03  1.11633989390354849E+01
2.20357656359908716E-03  1.11840227098004572E+01
2.20877367813587713E-03  1.12046464805654296E+01
2.21397079267266752E-03  1.12252702513304019E+01
2.21916790720945792E-03  1.12458940220953760E+01
2.22436502174624831E-03  1.12665177928603484E+01
2.22956213628303828E-03  1.12871415636253190E+01
2.23475925081982867E-03  1.13077653343902931E+01
2.23995636535661907E-03  1.13283891051552654E+01
2.24515347989340946E-03  1.13490128759202378E+01
2.25035059443019986E-03  1.13696366466852119E+01
2.25554770896698982E-03  1.13902604174501825E+01
2.26074482350378022E-03  1.14108841882151548E+01
2.26594193804057062E-03  1.14315079589801289E+01
2.27113905257736101E-03  1.14521317297451013E+01
2.27633616711415097E-03  1.14727555005100736E+01
2.28153328165094137E-03  1.14933792712750460E+01
2.28673039618773177E-03  1.15140030420400183E+01
2.29192751072452216E-03  1.15346268128049925E+01
2.29712462526131256E-03  1.15552505835699648E+01
2.30232173979810252E-03  1.15758743543349354E+01
2.30751885433489292E-03  1.15964981250999095E+01
2.31271596887168331E-03  1.16171218958648819E+01
2.31791308340847371E-03  1.16377456666298560E+01
2.32311019794526367E-03  1.16583694373948266E+01
2.32830731248205407E-03  1.16789932081597989E+01
2.33350442701884446E-03  1.16996169789247730E+01
2.33870154155563486E-03  1.17202407496897454E+01
2.34389865609242526E-03  1.17408645204547177E+01
2.34909577062921522E-03  1.17614882912196901E+01
2.35429288516600561E-03  1.17821120619846624E+01
2.35948999970279601E-03  1.18027358327496366E+01
2.36468711423958641E-03  1.18233596035146089E+01
2.36988422877637637E-03  1.18439833742795795E+01
2.37508134331316676E-03  1.18646071450445536E+01
2.38027845784995716E-03  1.18852309158095260E+01
2.38547557238674756E-03  1.19058546865744983E+01
2.39067268692353795E-03  1.19264784573394724E+01
2.39586980146032791E-03  1.19471022281044430E+01
2.40106691599711831E-03  1.19677259988694171E+01
2.40626403053390871E-03  1.19883497696343895E+01
2.41146114507069910E-03  1.20089735403993618E+01
2.41665825960748907E-03  1.20295973111643342E+01
2.42185537414427946E-03  1.20502210819293065E+01
2.42705248868106986E-03  1.20708448526942789E+01
2.43224960321786025E-03  1.20914686234592530E+01
2.43744671775465065E-03  1.21120923942242253E+01
2.44264383229144061E-03  1.21327161649891959E+01
2.44784094682823101E-03  1.21533399357541700E+01
2.45303806136502140E-03  1.21739637065191424E+01
2.45823517590181180E-03  1.21945874772841165E+01
2.46343229043860176E-03  1.22152112480490871E+01
2.46862940497539216E-03  1.22358350188140594E+01
2.47382651951218255E-03  1.22564587895790336E+01
2.47902363404897295E-03  1.22770825603440059E+01
2.48422074858576335E-03  1.22977063311089783E+01
2.48941786312255331E-03  1.23183301018739506E+01
2.49461497765934371E-03  1.23389538726389230E+01
2.49981209219613410E-03  1.23595776434038971E+01
2.50500920673292450E-03  1.23802014141688694E+01
2.51020632126971446E-03  1.24008251849338400E+01
2.51540343580650486E-03  1.24214489556988141E+01
2.52060055034329525E-03  1.24420727264637865E+01
2.52579766488008565E-03  1.24626964972287588E+01
2.53099477941687604E-03  1.24833202679937330E+01
2.53619189395366601E-03  1.25039440387587035E+01
2.54138900849045640E-03  1.25245678095236777E+01
2.54658612302724680E-03  1.25451915802886500E+01
2.55178323756403719E-03  1.25658153510536224E+01
2.55698035210082716E-03  1.25864391218185947E+01
2.56217746663761755E-03  1.26070628925835670E+01
2.56737458117440795E-03  1.26276866633485394E+01
2.57257169571119835E-03  1.26483104341135135E+01
2.57776881024798874E-03  1.26689342048784859E+01
2.58296592478477870E-03  1.26895579756434582E+01
2.58816303932156910E-03  1.27101817464084306E+01
2.59336015385835950E-03  1.27308055171734029E+01
2.59855726839514989E-03  1.27514292879383770E+01
2.60375438293193985E-03  1.27720530587033476E+01
2.60895149746873025E-03  1.27926768294683200E+01
2.61414861200552065E-03  1.28133006002332941E+01
2.61934572654231104E-03  1.28339243709982664E+01
2.62454284107910144E-03  1.28545481417632388E+01
2.62973995561589140E-03  1.28751719125282111E+01
2.63493707015268180E-03  1.28957956832931835E+01
2.64013418468947219E-03  1.29164194540581576E+01
2.64533129922626259E-03  1.29370432248231300E+01
2.65052841376305255E-03  1.29576669955881005E+01
2.65572552829984295E-03  1.29782907663530747E+01
2.66092264283663334E-03  1.29989145371180470E+01
2.66611975737342374E-03  1.30195383078830194E+01
2.67131687191021414E-03  1.30401620786479935E+01
2.67651398644700410E-03  1.30607858494129641E+01
2.68171110098379449E-03  1.30814096201779382E+01
2.68690821552058489E-03  1.31020333909429105E+01
2.69210533005737529E-03  1.31226571617078829E+01
2.69730244459416525E-03  1.31432809324728552E+01
2.70249955913095564E-03  1.31639047032378276E+01
2.70769667366774604E-03  1.31845284740027999E+01
2.71289378820453644E-03  1.32051522447677741E+01
2.71809090274132683E-03  1.32257760155327464E+01
2.72328801727811680E-03  1.32463997862977187E+01
2.72848513181490719E-03  1.32670235570626911E+01
2.73368224635169759E-03  1.32876473278276634E+01
2.73887936088848798E-03  1.33082710985926376E+01
2.74407647542527795E-03  1.33288948693576081E+01
2.74927358996206834E-03  1.33495186401225805E+01
2.75447070449885874E-03  1.33701424108875546E+01
2.75966781903564913E-03  1.33907661816525270E+01
2.76486493357243953E-03  1.34113899524174993E+01
2.77006204810922949E-03  1.34320137231824717E+01
2.77525916264601989E-03  1.34526374939474440E+01
2.78045627718281028E-03  1.34732612647124181E+01
2.78565339171960068E-03  1.34938850354773905E+01
2.79085050625639064E-03  1.35145088062423611E+01
2.79604762079318104E-03  1.35351325770073352E+01
2.80124473532997144E-03  1.35557563477723075E+01
2.80644184986676183E-03  1.35763801185372799E+01
2.81163896440355223E-03  1.35970038893022540E+01
2.81683607894034219E-03  1.36176276600672246E+01
2.82203319347713259E-03  1.36382514308321987E+01
2.82723030801392298E-03  1.36588752015971711E+01
2.83242742255071338E-03  1.36794989723621434E+01
2.83762453708750334E-03  1.37001227431271158E+01
2.84282165162429374E-03  1.37207465138920881E+01
2.84801876616108413E-03  1.37413702846570605E+01
2.85321588069787453E-03  1.37619940554220346E+01
2.85841299523466492E-03  1.37826178261870069E+01
2.86361010977145489E-03  1.38032415969519793E+01
2.86880722430824528E-03  1.38238653677169516E+01
2.87400433884503568E-03  1.38444891384819240E+01
2.87920145338182608E-03  1.38651129092468981E+01
2.88439856791861604E-03  1.38857366800118687E+01
2.88959568245540643E-03  1.39063604507768410E+01
2.89479279699219683E-03  1.39269842215418151E+01
2.89998991152898723E-03  1.39476079923067875E+01
2.90518702606577762E-03  1.39682317630717598E+01
2.91038414060256758E-03  1.39888555338367322E+01
2.91558125513935798E-03  1.40094793046017045E+01
2.92077836967614838E-03  1.40301030753666787E+01
2.92597548421293877E-03  1.40507268461316510E+01
2.93117259874972873E-03  1.40713506168966216E+01
2.93636971328651913E-03  1.40919743876615957E+01
2.94156682782330953E-03  1.41125981584265681E+01
2.94676394236009992E-03  1.41332219291915404E+01
2.95196105689689032E-03  1.41538456999565145E+01
2.95715817143368028E-03  1.41744694707214851E+01
2.96235528597047068E-03  1.41950932414864592E+01
2.96755240050726107E-03  1.42157170122514316E+01
2.97274951504405147E-03  1.42363407830164039E+01
2.97794662958084143E-03  1.42569645537813763E+01
2.98314374411763183E-03  1.42775883245463486E+01
2.98834085865442222E-03  1.42982120953113210E+01
2.99353797319121262E-03  1.43188358660762951E+01
2.99873508772800302E-03  1.43394596368412675E+01
3.00393220226479298E-03  1.43600834076062398E+01
3.00912931680158337E-03  1.43807071783712122E+01
3.01432643133837377E-03  1.44013309491361845E+01
3.01952354587516417E-03  1.44219547199011586E+01
3.02472066041195413E-03  1.44425784906661292E+01
3.02991777494874453E-03  1.44632022614311015E+01
3.03511488948553492E-03  1.44838260321960757E+01
3.04031200402232532E-03  1.45044498029610480E+01
3.04550911855911571E-03  1.45250735737260221E+01
3.05070623309590568E-03  1.45456973444909927E+01
3.05590334763269607E-03  1.45663211152559651E+01
3.06110046216948647E-03  1.45869448860209392E+01
3.06629757670627686E-03  1.46075686567859115E+01
3.07149469124306683E-03  1.46281924275508821E+01
3.07669180577985722E-03  1.46488161983158562E+01
3.08188892031664762E-03  1.46694399690808286E+01
3.08708603485343801E-03  1.46900637398458009E+01
3.09228314939022841E-03  1.47106875106107751E+01
3.09748026392701837E-03  1.47313112813757456E+01
3.10267737846380877E-03  1.47519350521407198E+01
3.10787449300059916E-03  1.47725588229056921E+01
3.11307160753738956E-03  1.47931825936706645E+01
3.11826872207417952E-03  1.48138063644356368E+01
3.12346583661096992E-03  1.48344301352006092E+01
3.12866295114776032E-03  1.48550539059655815E+01
3.13386006568455071E-03  1.48756776767305556E+01
3.13905718022134111E-03  1.48963014474955280E+01
3.14425429475813107E-03  1.49169252182605003E+01
3.14945140929492147E-03  1.49375489890254727E+01
3.15464852383171186E-03  1.49581727597904450E+01
3.15984563836850226E-03  1.49787965305554192E+01
3.16504275290529222E-03  1.49994203013203897E+01
3.17023986744208262E-03  1.50200440720853621E+01
3.17543698197887301E-03  1.50406678428503362E+01
3.18063409651566341E-03  1.50612916136153085E+01
3.18583121105245380E-03  1.50819153843802827E+01
3.19102832558924377E-03  1.51025391551452532E+01
3.19622544012603416E-03  1.51231629259102256E+01
3.20142255466282456E-03  1.51437866966751997E+01
3.20661966919961496E-03  1.51644104674401721E+01
3.21181678373640492E-03  1.51850342382051426E+01
3.21701389827319531E-03  1.52056580089701168E+01
3.22221101280998571E-03  1.52262817797350891E+01
3.22740812734677611E-03  1.52469055505000632E+01
3.23260524188356650E-03  1.52675293212650356E+01
3.23780235642035646E-03  1.52881530920300062E+01
3.24299947095714686E-03  1.53087768627949803E+01
3.24819658549393726E-03  1.53294006335599526E+01
3.25339370003072765E-03  1.53500244043249250E+01
3.25859081456751761E-03  1.53706481750898973E+01
3.26378792910430801E-03  1.53912719458548697E+01
3.26898504364109841E-03  1.54118957166198420E+01
3.27418215817788880E-03  1.54325194873848162E+01
3.27937927271467920E-03  1.54531432581497885E+01
3.28457638725146916E-03  1.54737670289147609E+01
3.28977350178825956E-03  1.54943907996797332E+01
3.29497061632504995E-03  1.55150145704447056E+01
3.30016773086184035E-03  1.55356383412096797E+01
3.30536484539863031E-03  1.55562621119746503E+01
3.31056195993542071E-03  1.55768858827396226E+01
3.31575907447221110E-03  1.55975096535045967E+01
3.32095618900900150E-03  1.56181334242695691E+01
3.32615330354579190E-03  1.56387571950345432E+01
3.33135041808258186E-03  1.56593809657995138E+01
3.33654753261937225E-03  1.56800047365644861E+01
3.34174464715616265E-03  1.57006285073294602E+01
3.34694176169295305E-03  1.57212522780944326E+01
3.35213887622974301E-03  1.57418760488594032E+01
3.35733599076653341E-03  1.57624998196243773E+01
3.36253310530332380E-03  1.57831235903893496E+01
3.36773021984011420E-03  1.58037473611543238E+01
3.37292733437690416E-03  1.58243711319192943E+01
3.37812444891369456E-03  1.58449949026842667E+01
3.38332156345048495E-03  1.58656186734492408E+01
3.38851867798727535E-03  1.58862424442142132E+01
3.39371579252406574E-03  1.59068662149791855E+01
3.39891290706085571E-03  1.59274899857441579E+01
3.40411002159764610E-03  1.59481137565091302E+01
3.40930713613443650E-03  1.59687375272741043E+01
3.41450425067122689E-03  1.59893612980390767E+01
3.41970136520801686E-03  1.60099850688040490E+01
3.42489847974480725E-03  1.60306088395690196E+01
3.43009559428159765E-03  1.60512326103339937E+01
3.43529270881838805E-03  1.60718563810989679E+01
3.44048982335517844E-03  1.60924801518639384E+01
3.44568693789196840E-03  1.61131039226289090E+01
3.45088405242875880E-03  1.61337276933938831E+01
3.45608116696554920E-03  1.61543514641588573E+01
3.46127828150233959E-03  1.61749752349238278E+01
3.46647539603912955E-03  1.61955990056888020E+01
3.47167251057591995E-03  1.62162227764537761E+01
3.47686962511271035E-03  1.62368465472187467E+01
3.48206673964950074E-03  1.62574703179837208E+01
3.48726385418629114E-03  1.62780940887486949E+01
3.49246096872308110E-03  1.62987178595136655E+01
3.49765808325987150E-03  1.63193416302786360E+01
3.50285519779666189E-03  1.63399654010436102E+01
3.50805231233345229E-03  1.63605891718085843E+01
3.51324942687024225E-03  1.63812129425735549E+01
3.51844654140703265E-03  1.64018367133385254E+01
3.52364365594382304E-03  1.64224604841035031E+01
3.52884077048061344E-03  1.64430842548684737E+01
3.53403788501740384E-03  1.64637080256334443E+01
3.53923499955419380E-03  1.64843317963984184E+01
3.54443211409098419E-03  1.65049555671633925E+01
3.54962922862777459E-03  1.65255793379283631E+01
3.55482634316456499E-03  1.65462031086933372E+01
3.56002345770135495E-03  1.65668268794583078E+01
3.56522057223814534E-03  1.65874506502232819E+01
3.57041768677493574E-03  1.66080744209882525E+01
3.57561480131172614E-03  1.66286981917532266E+01
3.58081191584851653E-03  1.66493219625182007E+01
3.58600903038530650E-03  1.66699457332831713E+01
3.59120614492209689E-03  1.66905695040481454E+01
3.59640325945888729E-03  1.67111932748131196E+01
3.60160037399567768E-03  1.67318170455780901E+01
3.60679748853246765E-03  1.67524408163430607E+01
3.61199460306925804E-03  1.67730645871080348E+01
3.61719171760604844E-03  1.67936883578730090E+01
3.62238883214283883E-03  1.68143121286379795E+01
3.62758594667962923E-03  1.68349358994029537E+01
3.63278306121641919E-03  1.68555596701679242E+01
3.63798017575320959E-03  1.68761834409328983E+01
3.64317729028999998E-03  1.68968072116978689E+01
3.64837440482679038E-03  1.69174309824628466E+01
3.65357151936358034E-03  1.69380547532278172E+01
3.65876863390037074E-03  1.69586785239927877E+01
3.66396574843716114E-03  1.69793022947577619E+01
3.66916286297395153E-03  1.69999260655227360E+01
3.67435997751074193E-03  1.70205498362877066E+01
3.67955709204753189E-03  1.70411736070526771E+01
3.68475420658432229E-03  1.70617973778176513E+01
3.68995132112111268E-03  1.70824211485826254E+01
3.69514843565790308E-03  1.71030449193475960E+01
3.70034555019469304E-03  1.71236686901125665E+01
3.70554266473148344E-03  1.71442924608775442E+01
3.71073977926827383E-03  1.71649162316425148E+01
3.71593689380506423E-03  1.71855400024074854E+01
3.72113400834185462E-03  1.72061637731724630E+01
3.72633112287864459E-03  1.72267875439374336E+01
3.73152823741543498E-03  1.72474113147024042E+01
3.73672535195222538E-03  1.72680350854673783E+01
3.74192246648901577E-03  1.72886588562323524E+01
3.74711958102580574E-03  1.73092826269973230E+01
3.75231669556259613E-03  1.73299063977622936E+01
3.75751381009938653E-03  1.73505301685272677E+01
3.76271092463617693E-03  1.73711539392922418E+01
3.76790803917296732E-03  1.73917777100572124E+01
3.77310515370975728E-03  1.74124014808221865E+01
3.77830226824654768E-03  1.74330252515871607E+01
3.78349938278333808E-03  1.74536490223521312E+01
3.78869649732012847E-03  1.74742727931171054E+01
3.79389361185691843E-03  1.74948965638820759E+01
3.79909072639370883E-03  1.75155203346470500E+01
3.80428784093049923E-03  1.75361441054120206E+01
3.80948495546728962E-03  1.75567678761769947E+01
3.81468207000408002E-03  1.75773916469419689E+01
3.81987918454086998E-03  1.75980154177069394E+01
3.82507629907766038E-03  1.76186391884719100E+01
3.83027341361445077E-03  1.76392629592368877E+01
3.83547052815124117E-03  1.76598867300018583E+01
3.84066764268803113E-03  1.76805105007668288E+01
3.84586475722482153E-03  1.77011342715318030E+01
3.85106187176161192E-03  1.77217580422967771E+01
3.85625898629840232E-03  1.77423818130617477E+01
3.86145610083519272E-03  1.77630055838267218E+01
3.86665321537198268E-03  1.77836293545916924E+01
3.87185032990877307E-03  1.78042531253566665E+01
3.87704744444556347E-03  1.78248768961216371E+01
3.88224455898235387E-03  1.78455006668866112E+01
3.88744167351914383E-03  1.78661244376515853E+01
3.89263878805593422E-03  1.78867482084165559E+01
3.89783590259272462E-03  1.79073719791815265E+01
3.90303301712951502E-03  1.79279957499465041E+01
3.90823013166630498E-03  1.79486195207114747E+01
3.91342724620309581E-03  1.79692432914764488E+01
3.91862436073988577E-03  1.79898670622414194E+01
3.92382147527667573E-03  1.80104908330063900E+01
3.92901858981346656E-03  1.80311146037713641E+01
3.93421570435025653E-03  1.80517383745363347E+01
3.93941281888704736E-03  1.80723621453013124E+01
3.94460993342383732E-03  1.80929859160662829E+01
3.94980704796062728E-03  1.81136096868312535E+01
3.95500416249741811E-03  1.81342334575962276E+01
3.96020127703420807E-03  1.81548572283612017E+01
3.96539839157099890E-03  1.81754809991261723E+01
3.97059550610778886E-03  1.81961047698911464E+01
3.97579262064457883E-03  1.82167285406561170E+01
3.98098973518136966E-03  1.82373523114210911E+01
3.98618684971815962E-03  1.82579760821860617E+01
3.99138396425494958E-03  1.82785998529510323E+01
3.99658107879174041E-03  1.82992236237160100E+01
4.00177819332853037E-03  1.83198473944809805E+01
4.00697530786532120E-03  1.83404711652459547E+01
4.01217242240211117E-03  1.83610949360109288E+01
4.01736953693890113E-03  1.83817187067758994E+01
4.02256665147569196E-03  1.84023424775408699E+01
4.02776376601248192E-03  1.84229662483058441E+01
4.03296088054927275E-03  1.84435900190708182E+01
4.03815799508606271E-03  1.84642137898357888E+01
4.04335510962285267E-03  1.84848375606007593E+01
4.04855222415964350E-03  1.85054613313657370E+01
4.05374933869643347E-03  1.85260851021307076E+01
4.05894645323322430E-03  1.85467088728956817E+01
4.06414356777001426E-03  1.85673326436606523E+01
4.06934068230680422E-03  1.85879564144256229E+01
4.07453779684359505E-03  1.86085801851906005E+01
4.07973491138038501E-03  1.86292039559555711E+01
4.08493202591717498E-03  1.86498277267205417E+01
4.09012914045396581E-03  1.86704514974855158E+01
4.09532625499075577E-03  1.86910752682504864E+01
4.10052336952754660E-03  1.87116990390154605E+01
4.10572048406433656E-03  1.87323228097804346E+01
4.11091759860112652E-03  1.87529465805454052E+01
4.11611471313791735E-03  1.87735703513103793E+01
4.12131182767470731E-03  1.87941941220753499E+01
4.12650894221149814E-03  1.88148178928403240E+01
4.13170605674828811E-03  1.88354416636052981E+01
4.13690317128507807E-03  1.88560654343702687E+01
4.14210028582186890E-03  1.88766892051352428E+01
4.14729740035865886E-03  1.88973129759002134E+01
4.15249451489544969E-03  1.89179367466651875E+01
4.15769162943223965E-03  1.89385605174301581E+01
4.16288874396902962E-03  1.89591842881951322E+01
4.16808585850582045E-03  1.89798080589601064E+01
4.17328297304261041E-03  1.90004318297250769E+01
4.17848008757940037E-03  1.90210556004900475E+01
4.18367720211619120E-03  1.90416793712550216E+01
4.18887431665298116E-03  1.90623031420199958E+01
4.19407143118977199E-03  1.90829269127849699E+01
4.19926854572656195E-03  1.91035506835499405E+01
4.20446566026335192E-03  1.91241744543149110E+01
4.20966277480014275E-03  1.91447982250798852E+01
4.21485988933693271E-03  1.91654219958448593E+01
4.22005700387372354E-03  1.91860457666098334E+01
4.22525411841051350E-03  1.92066695373748040E+01
4.23045123294730346E-03  1.92272933081397746E+01
4.23564834748409429E-03  1.92479170789047487E+01
4.24084546202088426E-03  1.92685408496697193E+01
4.24604257655767509E-03  1.92891646204346969E+01
4.25123969109446505E-03  1.93097883911996675E+01
4.25643680563125501E-03  1.93304121619646381E+01
4.26163392016804584E-03  1.93510359327296122E+01
4.26683103470483580E-03  1.93716597034945828E+01
4.27202814924162576E-03  1.93922834742595569E+01
4.27722526377841659E-03  1.94129072450245310E+01
4.28242237831520656E-03  1.94335310157895016E+01
4.28761949285199739E-03  1.94541547865544757E+01
4.29281660738878735E-03  1.94747785573194463E+01
4.29801372192557731E-03  1.94954023280844204E+01
4.30321083646236814E-03  1.95160260988493945E+01
4.30840795099915810E-03  1.95366498696143651E+01
4.31360506553594893E-03  1.95572736403793392E+01
4.31880218007273890E-03  1.95778974111443098E+01
4.32399929460952886E-03  1.95985211819092804E+01
4.32919640914631969E-03  1.96191449526742581E+01
4.33439352368310965E-03  1.96397687234392286E+01
4.33959063821990048E-03  1.96603924942042028E+01
4.34478775275669044E-03  1.96810162649691733E+01
4.34998486729348040E-03  1.97016400357341439E+01
4.35518198183027123E-03  1.97222638064991216E+01
4.36037909636706120E-03  1.97428875772640922E+01
4.36557621090385116E-03  1.97635113480290627E+01
4.37077332544064199E-03  1.97841351187940369E+01
4.37597043997743195E-03  1.98047588895590074E+01
4.38116755451422278E-03  1.98253826603239816E+01
4.38636466905101274E-03  1.98460064310889557E+01
4.39156178358780271E-03  1.98666302018539263E+01
4.39675889812459354E-03  1.98872539726189004E+01
4.40195601266138350E-03  1.99078777433838709E+01
4.40715312719817433E-03  1.99285015141488451E+01
4.41235024173496429E-03  1.99491252849138192E+01
4.41754735627175425E-03  1.99697490556787898E+01
4.42274447080854508E-03  1.99903728264437639E+01
4.42794158534533504E-03  2.00109965972087345E+01
4.43313869988212587E-03  2.00316203679737086E+01
4.43833581441891584E-03  2.00522441387386827E+01
4.44353292895570580E-03  2.00728679095036533E+01
4.44873004349249663E-03  2.00934916802686274E+01
4.45392715802928659E-03  2.01141154510335980E+01
4.45912427256607655E-03  2.01347392217985686E+01
4.46432138710286738E-03  2.01553629925635427E+01
4.46951850163965735E-03  2.01759867633285168E+01
4.47471561617644818E-03  2.01966105340934909E+01
4.47991273071323814E-03  2.02172343048584615E+01
4.48510984525002810E-03  2.02378580756234321E+01
4.49030695978681893E-03  2.02584818463884062E+01
4.49550407432360889E-03  2.02791056171533803E+01
4.50070118886039972E-03  2.02997293879183545E+01
4.50589830339718968E-03  2.03203531586833250E+01
4.51109541793397965E-03  2.03409769294482956E+01
4.51629253247077048E-03  2.03616007002132697E+01
4.52148964700756044E-03  2.03822244709782403E+01
4.52668676154435127E-03  2.04028482417432180E+01
4.53188387608114123E-03  2.04234720125081886E+01
4.53708099061793119E-03  2.04440957832731591E+01
4.54227810515472202E-03  2.04647195540381333E+01
4.54747521969151199E-03  2.04853433248031038E+01
4.55267233422830195E-03  2.05059670955680780E+01
4.55786944876509278E-03  2.05265908663330521E+01
4.56306656330188274E-03  2.05472146370980226E+01
4.56826367783867357E-03  2.05678384078629968E+01
4.57346079237546353E-03  2.05884621786279673E+01
4.57865790691225349E-03  2.06090859493929415E+01
4.58385502144904432E-03  2.06297097201579156E+01
4.58905213598583429E-03  2.06503334909228862E+01
4.59424925052262512E-03  2.06709572616878603E+01
4.59944636505941508E-03  2.06915810324528309E+01
4.60464347959620504E-03  2.07122048032178014E+01
4.60984059413299587E-03  2.07328285739827791E+01
4.61503770866978583E-03  2.07534523447477497E+01
4.62023482320657666E-03  2.07740761155127238E+01
4.62543193774336663E-03  2.07946998862776944E+01
4.63062905228015659E-03  2.08153236570426650E+01
4.63582616681694742E-03  2.08359474278076426E+01
4.64102328135373738E-03  2.08565711985726132E+01
4.64622039589052734E-03  2.08771949693375838E+01
4.65141751042731817E-03  2.08978187401025579E+01
4.65661462496410813E-03  2.09184425108675285E+01
4.66181173950089896E-03  2.09390662816325026E+01
4.66700885403768893E-03  2.09596900523974767E+01
4.67220596857447889E-03  2.09803138231624473E+01
4.67740308311126972E-03  2.10009375939274214E+01
4.68260019764805968E-03  2.10215613646923920E+01
4.68779731218485051E-03  2.10421851354573661E+01
4.69299442672164047E-03  2.10628089062223403E+01
4.69819154125843044E-03  2.10834326769873108E+01
4.70338865579522127E-03  2.11040564477522850E+01
4.70858577033201123E-03  2.11246802185172555E+01
4.71378288486880206E-03  2.11453039892822297E+01
4.71897999940559202E-03  2.11659277600472038E+01
4.72417711394238198E-03  2.11865515308121743E+01
4.72937422847917281E-03  2.12071753015771485E+01
4.73457134301596277E-03  2.12277990723421190E+01
4.73976845755275274E-03  2.12484228431070896E+01
4.74496557208954357E-03  2.12690466138720637E+01
4.75016268662633353E-03  2.12896703846370379E+01
4.75535980116312436E-03  2.13102941554020120E+01
4.76055691569991432E-03  2.13309179261669826E+01
4.76575403023670428E-03  2.13515416969319531E+01
4.77095114477349511E-03  2.13721654676969273E+01
4.77614825931028508E-03  2.13927892384619014E+01
4.78134537384707591E-03  2.14134130092268755E+01
4.78654248838386587E-03  2.14340367799918461E+01
4.79173960292065583E-03  2.14546605507568167E+01
4.79693671745744666E-03  2.14752843215217908E+01
4.80213383199423662E-03  2.14959080922867649E+01
4.80733094653102745E-03  2.15165318630517390E+01
4.81252806106781741E-03  2.15371556338167096E+01
4.81772517560460738E-03  2.15577794045816802E+01
4.82292229014139821E-03  2.15784031753466543E+01
4.82811940467818817E-03  2.15990269461116249E+01
4.83331651921497813E-03  2.16196507168765990E+01
4.83851363375176896E-03  2.16402744876415731E+01
4.84371074828855892E-03  2.16608982584065437E+01
4.84890786282534975E-03  2.16815220291715178E+01
4.85410497736213972E-03  2.17021457999364884E+01
4.85930209189892968E-03  2.17227695707014625E+01
4.86449920643572051E-03  2.17433933414664367E+01
4.86969632097251047E-03  2.17640171122314072E+01
4.87489343550930130E-03  2.17846408829963814E+01
4.88009055004609126E-03  2.18052646537613519E+01
4.88528766458288122E-03  2.18258884245263225E+01
4.89048477911967205E-03  2.18465121952913002E+01
4.89568189365646202E-03  2.18671359660562707E+01
4.90087900819325285E-03  2.18877597368212449E+01
4.90607612273004281E-03  2.19083835075862154E+01
4.91127323726683277E-03  2.19290072783511860E+01
4.91647035180362360E-03  2.19496310491161637E+01
4.92166746634041356E-03  2.19702548198811343E+01
4.92686458087720353E-03  2.19908785906461048E+01
4.93206169541399436E-03  2.20115023614110790E+01
4.93725880995078432E-03  2.20321261321760495E+01
4.94245592448757515E-03  2.20527499029410272E+01
4.94765303902436511E-03  2.20733736737059978E+01
4.95285015356115507E-03  2.20939974444709684E+01
4.95804726809794590E-03  2.21146212152359425E+01
4.96324438263473586E-03  2.21352449860009131E+01
4.96844149717152669E-03  2.21558687567658872E+01
4.97363861170831666E-03  2.21764925275308613E+01
4.97883572624510662E-03  2.21971162982958319E+01
4.98403284078189745E-03  2.22177400690608060E+01
4.98922995531868741E-03  2.22383638398257766E+01
4.99442706985547824E-03  2.22589876105907507E+01
4.99962418439226820E-03  2.22796113813557248E+01
5.00482129892905817E-03  2.23002351521206954E+01
5.01001841346584900E-03  2.23208589228856695E+01
5.01521552800263896E-03  2.23414826936506401E+01
5.02041264253942892E-03  2.23621064644156107E+01
5.02560975707621975E-03  2.23827302351805848E+01
5.03080687161300971E-03  2.24033540059455589E+01
5.03600398614980054E-03  2.24239777767105330E+01
5.04120110068659050E-03  2.24446015474755036E+01
5.04639821522338047E-03  2.24652253182404742E+01
5.05159532976017130E-03  2.24858490890054483E+01
5.05679244429696126E-03  2.25064728597704224E+01
5.06198955883375209E-03  2.25270966305353966E+01
5.06718667337054205E-03  2.25477204013003671E+01
5.07238378790733201E-03  2.25683441720653377E+01
5.07758090244412284E-03  2.25889679428303118E+01
5.08277801698091281E-03  2.26095917135952860E+01
5.08797513151770363E-03  2.26302154843602601E+01
5.09317224605449360E-03  2.26508392551252307E+01
5.09836936059128356E-03  2.26714630258902012E+01
5.10356647512807439E-03  2.26920867966551754E+01
5.10876358966486435E-03  2.27127105674201459E+01
5.11396070420165431E-03  2.27333343381851201E+01
5.11915781873844514E-03  2.27539581089500942E+01
5.12435493327523511E-03  2.27745818797150648E+01
5.12955204781202594E-03  2.27952056504800389E+01
5.13474916234881590E-03  2.28158294212450095E+01
5.13994627688560586E-03  2.28364531920099836E+01
5.14514339142239669E-03  2.28570769627749577E+01
5.15034050595918665E-03  2.28777007335399283E+01
5.15553762049597748E-03  2.28983245043049024E+01
5.16073473503276745E-03  2.29189482750698730E+01
5.16593184956955741E-03  2.29395720458348471E+01
5.17112896410634824E-03  2.29601958165998212E+01
5.17632607864313820E-03  2.29808195873647918E+01
5.18152319317992903E-03  2.30014433581297659E+01
5.18672030771671899E-03  2.30220671288947365E+01
5.19191742225350895E-03  2.30426908996597071E+01
