0.00000000000000000E+00  0.00000000000000000E+00
6.19932657407525224E-06  1.75880485702856942E-01
1.23986531481505045E-05  3.51760971405713885E-01
1.85979797222257559E-05  5.27641457108570799E-01
2.47973062963010090E-05  7.03521942811427770E-01
3.09966328703762620E-05  8.79402428514284740E-01
3.71959594444515117E-05  1.05528291421714160E+00
4.33952860185267682E-05  1.23116339991999868E+00
4.95946125926020179E-05  1.40704388562285554E+00
5.57939391666772676E-05  1.58292437132571240E+00
6.19932657407525241E-05  1.75880485702856948E+00
6.81925923148277738E-05  1.93468534273142634E+00
7.43919188889030235E-05  2.11056582843428320E+00
8.05912454629782732E-05  2.28644631413714006E+00
8.67905720370535364E-05  2.46232679983999736E+00
9.29898986111287861E-05  2.63820728554285422E+00
9.91892251852040358E-05  2.81408777124571108E+00
1.05388551759279286E-04  2.98996825694856794E+00
1.11587878333354535E-04  3.13882661046259681E+00
1.17787204907429798E-04  3.14136321321251666E+00
1.23986531481505048E-04  3.14389981596243651E+00
1.30185858055580284E-04  3.14643641871235635E+00
1.36385184629655548E-04  3.14897302146227620E+00
1.42584511203730811E-04  3.15150962421219605E+00
1.48783837777806047E-04  3.15404622696211590E+00
1.54983164351881310E-04  3.15658282971203574E+00
1.61182490925956546E-04  3.15911943246195559E+00
1.67381817500031810E-04  3.16165603521187544E+00
1.73581144074107073E-04  3.16419263796179528E+00
1.79780470648182309E-04  3.16672924071171558E+00
1.85979797222257572E-04  3.16926584346163542E+00
1.92179123796332808E-04  3.17180244621155527E+00
1.98378450370408072E-04  3.17433904896147512E+00
2.04577776944483335E-04  3.17687565171139497E+00
2.10777103518558571E-04  3.17941225446131481E+00
2.16976430092633834E-04  3.18194885721123466E+00
2.23175756666709070E-04  3.18448545996115451E+00
2.29375083240784334E-04  3.18702206271107435E+00
2.35574409814859597E-04  3.18955866546099420E+00
2.41773736388934833E-04  3.19209526821091405E+00
2.47973062963010096E-04  3.19463187096083390E+00
2.54172389537085360E-04  3.19716847371075419E+00
2.60371716111160569E-04  3.19970507646067404E+00
2.66571042685235832E-04  3.20224167921059388E+00
2.72770369259311095E-04  3.20477828196051373E+00
2.78969695833386358E-04  3.20731488471043358E+00
2.85169022407461622E-04  3.20985148746035343E+00
2.91368348981536831E-04  3.21238809021027327E+00
2.97567675555612094E-04  3.21492469296019312E+00
3.03767002129687357E-04  3.21746129571011297E+00
3.09966328703762620E-04  3.21999789846003281E+00
3.16165655277837884E-04  3.22253450120995266E+00
3.22364981851913093E-04  3.22507110395987251E+00
3.28564308425988356E-04  3.22760770670979280E+00
3.34763635000063619E-04  3.23014430945971265E+00
3.40962961574138882E-04  3.23268091220963250E+00
3.47162288148214146E-04  3.23521751495955234E+00
3.53361614722289355E-04  3.23775411770947219E+00
3.59560941296364618E-04  3.24029072045939204E+00
3.65760267870439881E-04  3.24282732320931188E+00
3.71959594444515144E-04  3.24536392595923173E+00
3.78158921018590408E-04  3.24790052870915158E+00
3.84358247592665617E-04  3.25043713145907143E+00
3.90557574166740880E-04  3.25297373420899127E+00
3.96756900740816143E-04  3.25551033695891157E+00
4.02956227314891407E-04  3.25804693970883141E+00
4.09155553888966670E-04  3.26058354245875126E+00
4.15354880463041879E-04  3.26312014520867111E+00
4.21554207037117142E-04  3.26565674795859096E+00
4.27753533611192405E-04  3.26819335070851080E+00
4.33952860185267669E-04  3.27072995345843065E+00
4.40152186759342932E-04  3.27326655620835050E+00
4.46351513333418141E-04  3.27580315895827034E+00
4.52550839907493404E-04  3.27833976170819019E+00
4.58750166481568667E-04  3.28087636445811004E+00
4.64949493055643931E-04  3.28341296720803033E+00
4.71148819629719194E-04  3.28594956995795018E+00
4.77348146203794403E-04  3.28848617270787003E+00
4.83547472777869666E-04  3.29102277545778987E+00
4.89746799351944875E-04  3.29355937820770972E+00
4.95946125926020193E-04  3.29609598095762957E+00
5.02145452500095402E-04  3.29863258370754941E+00
5.08344779074170719E-04  3.30116918645746926E+00
5.14544105648245928E-04  3.30370578920738911E+00
5.20743432222321137E-04  3.30624239195730896E+00
5.26942758796396455E-04  3.30877899470722880E+00
5.33142085370471664E-04  3.31131559745714865E+00
5.39341411944546981E-04  3.31385220020706894E+00
5.45540738518622190E-04  3.31638880295698879E+00
5.51740065092697399E-04  3.31892540570690864E+00
5.57939391666772717E-04  3.32146200845682849E+00
5.64138718240847926E-04  3.32399861120674833E+00
5.70338044814923243E-04  3.32653521395666818E+00
5.76537371388998452E-04  3.32907181670658803E+00
5.82736697963073661E-04  3.33160841945650787E+00
5.88936024537148979E-04  3.33414502220642772E+00
5.95135351111224188E-04  3.33668162495634757E+00
6.01334677685299505E-04  3.33921822770626742E+00
6.07534004259374714E-04  3.34175483045618726E+00
6.13733330833449923E-04  3.34429143320610756E+00
6.19932657407525241E-04  3.34682803595602740E+00
6.26131983981600450E-04  3.34936463870594725E+00
6.32331310555675767E-04  3.35190124145586710E+00
6.38530637129750976E-04  3.35443784420578694E+00
6.44729963703826185E-04  3.35697444695570679E+00
6.50929290277901503E-04  3.35951104970562664E+00
6.57128616851976712E-04  3.36204765245554649E+00
6.63327943426052029E-04  3.36458425520546633E+00
6.69527270000127238E-04  3.36712085795538618E+00
6.75726596574202447E-04  3.36965746070530603E+00
6.81925923148277765E-04  3.37219406345522632E+00
6.88125249722352974E-04  3.37473066620514572E+00
6.94324576296428291E-04  3.37726726895506602E+00
7.00523902870503500E-04  3.37980387170498586E+00
7.06723229444578709E-04  3.38234047445490571E+00
7.12922556018654027E-04  3.38487707720482556E+00
7.19121882592729236E-04  3.38741367995474540E+00
7.25321209166804553E-04  3.38995028270466525E+00
7.31520535740879762E-04  3.39248688545458510E+00
7.37719862314954971E-04  3.39502348820450495E+00
7.43919188889030289E-04  3.39756009095442479E+00
7.50118515463105498E-04  3.40009669370434464E+00
7.56317842037180815E-04  3.40263329645426449E+00
7.62517168611256024E-04  3.40516989920418478E+00
7.68716495185331234E-04  3.40770650195410463E+00
7.74915821759406551E-04  3.41024310470402447E+00
7.81115148333481760E-04  3.41277970745394432E+00
7.87314474907557077E-04  3.41531631020386417E+00
7.93513801481632287E-04  3.41785291295378402E+00
7.99713128055707496E-04  3.42038951570370386E+00
8.05912454629782813E-04  3.42292611845362371E+00
8.12111781203858022E-04  3.42546272120354356E+00
8.18311107777933340E-04  3.42799932395346341E+00
8.24510434352008549E-04  3.43053592670338325E+00
8.30709760926083758E-04  3.43307252945330355E+00
8.36909087500159075E-04  3.43560913220322339E+00
8.43108414074234284E-04  3.43814573495314324E+00
8.49307740648309602E-04  3.44068233770306309E+00
8.55507067222384811E-04  3.44321894045298293E+00
8.61706393796460020E-04  3.44575554320290278E+00
8.67905720370535337E-04  3.44829214595282263E+00
8.74105046944610546E-04  3.45082874870274248E+00
8.80304373518685864E-04  3.45336535145266232E+00
8.86503700092761073E-04  3.45590195420258217E+00
8.92703026666836282E-04  3.45843855695250202E+00
8.98902353240911599E-04  3.46570028218338777E+00
9.05101679814986808E-04  3.48858589958243126E+00
9.11301006389062126E-04  3.51147151698147475E+00
9.17500332963137335E-04  3.53435713438051824E+00
9.23699659537212544E-04  3.55724275177956173E+00
9.29898986111287861E-04  3.58012836917860522E+00
9.36098312685363070E-04  3.60301398657764871E+00
9.42297639259438388E-04  3.62589960397669264E+00
9.48496965833513597E-04  3.64878522137573569E+00
9.54696292407588806E-04  3.67167083877477918E+00
9.60895618981664123E-04  3.69455645617382311E+00
9.67094945555739332E-04  3.71744207357286616E+00
9.73294272129814650E-04  3.74032769097191009E+00
9.79493598703889750E-04  3.76321330837095314E+00
9.85692925277965176E-04  3.78609892576999707E+00
9.91892251852040385E-04  3.80898454316904056E+00
9.98091578426115594E-04  3.83187016056808405E+00
1.00429090500019080E-03  3.85475577796712709E+00
1.01049023157426601E-03  3.87764139536617058E+00
1.01668955814834144E-03  3.90052701276521496E+00
1.02288888472241665E-03  3.92341263016425801E+00
1.02908821129649186E-03  3.94629824756330150E+00
1.03528753787056707E-03  3.96918386496234499E+00
1.04148686444464227E-03  3.99206948236138803E+00
1.04768619101871770E-03  4.01495509976043241E+00
1.05388551759279291E-03  4.03784071715947590E+00
1.06008484416686812E-03  4.06072633455851850E+00
1.06628417074094333E-03  4.08361195195756288E+00
1.07248349731501854E-03  4.10649756935660548E+00
1.07868282388909396E-03  4.12938318675564986E+00
1.08488215046316917E-03  4.15226880415469335E+00
1.09108147703724438E-03  4.17515442155373684E+00
1.09728080361131959E-03  4.19804003895278033E+00
1.10348013018539480E-03  4.22092565635182382E+00
1.10967945675947022E-03  4.24381127375086731E+00
1.11587878333354543E-03  4.26669689114991080E+00
1.12207810990762064E-03  4.28958250854895429E+00
1.12827743648169585E-03  4.31246812594799778E+00
1.13447676305577106E-03  4.33535374334704127E+00
1.14067608962984649E-03  4.35823936074608476E+00
1.14687541620392170E-03  4.38112497814512825E+00
1.15307474277799690E-03  4.40401059554417174E+00
1.15927406935207211E-03  4.42689621294321523E+00
1.16547339592614732E-03  4.44978183034225871E+00
1.17167272250022275E-03  4.47266744774130309E+00
1.17787204907429796E-03  4.49555306514034658E+00
1.18407137564837317E-03  4.51843868253938918E+00
1.19027070222244838E-03  4.54132429993843267E+00
1.19647002879652358E-03  4.56420991733747616E+00
1.20266935537059901E-03  4.58709553473652054E+00
1.20886868194467422E-03  4.60998115213556403E+00
1.21506800851874943E-03  4.63286676953460752E+00
1.22126733509282464E-03  4.65575238693365012E+00
1.22746666166689985E-03  4.67863800433269361E+00
1.23366598824097527E-03  4.70152362173173799E+00
1.23986531481505048E-03  4.72440923913078148E+00
1.24606464138912569E-03  4.74729485652982497E+00
1.25226396796320090E-03  4.77018047392886846E+00
1.25846329453727611E-03  4.79306609132791106E+00
1.26466262111135153E-03  4.81595170872695544E+00
1.27086194768542674E-03  4.83883732612599893E+00
1.27706127425950195E-03  4.86172294352504242E+00
1.28326060083357716E-03  4.88460856092408591E+00
1.28945992740765237E-03  4.90749417832312940E+00
1.29565925398172780E-03  4.93037979572217289E+00
1.30185858055580301E-03  4.95326541312121638E+00
1.30805790712987821E-03  4.97615103052025987E+00
1.31425723370395342E-03  4.99903664791930336E+00
1.32045656027802863E-03  5.02192226531834685E+00
1.32665588685210406E-03  5.04480788271739122E+00
1.33285521342617927E-03  5.06769350011643382E+00
1.33905454000025448E-03  5.09057911751547731E+00
1.34525386657432969E-03  5.11346473491452080E+00
1.35145319314840489E-03  5.13635035231356429E+00
1.35765251972248032E-03  5.15923596971260867E+00
1.36385184629655553E-03  5.18212158711165216E+00
1.37005117287063074E-03  5.20500720451069476E+00
1.37625049944470595E-03  5.22789282190973825E+00
1.38244982601878116E-03  5.25077843930878174E+00
1.38864915259285658E-03  5.27366405670782612E+00
1.39484847916693179E-03  5.29654967410686961E+00
1.40104780574100700E-03  5.31943529150591310E+00
1.40724713231508221E-03  5.34232090890495570E+00
1.41344645888915742E-03  5.36520652630399919E+00
1.41964578546323284E-03  5.38809214370304357E+00
1.42584511203730805E-03  5.41097776110208706E+00
1.43204443861138326E-03  5.43386337850113055E+00
1.43824376518545847E-03  5.45674899590017404E+00
1.44444309175953368E-03  5.47963461329921664E+00
1.45064241833360911E-03  5.50252023069826102E+00
1.45684174490768432E-03  5.52540584809730451E+00
1.46304107148175952E-03  5.54829146549634800E+00
1.46924039805583473E-03  5.57117708289539149E+00
1.47543972462990994E-03  5.59406270029443498E+00
1.48163905120398537E-03  5.61694831769347847E+00
1.48783837777806058E-03  5.63983393509252195E+00
1.49403770435213579E-03  5.66271955249156544E+00
1.50023703092621100E-03  5.68560516989060893E+00
1.50643635750028621E-03  5.70849078728965242E+00
1.51263568407436163E-03  5.73137640468869680E+00
1.51883501064843684E-03  5.75426202208773940E+00
1.52503433722251205E-03  5.77714763948678289E+00
1.53123366379658726E-03  5.80003325688582638E+00
1.53743299037066247E-03  5.82291887428486987E+00
1.54363231694473789E-03  5.84580449168391425E+00
1.54983164351881310E-03  5.86869010908295774E+00
1.55603097009288831E-03  5.89157572648200034E+00
1.56223029666696352E-03  5.91446134388104383E+00
1.56842962324103873E-03  5.93734696128008732E+00
1.57462894981511415E-03  5.96023257867913170E+00
1.58082827638918936E-03  5.98311819607817519E+00
1.58702760296326457E-03  6.00600381347721868E+00
1.59322692953733978E-03  6.02888943087626128E+00
1.59942625611141499E-03  6.05177504827530477E+00
1.60562558268549042E-03  6.07466066567434915E+00
1.61182490925956563E-03  6.09754628307339264E+00
1.61802423583364084E-03  6.12043190047243613E+00
1.62422356240771604E-03  6.14331751787147962E+00
1.63042288898179125E-03  6.16620313527052222E+00
1.63662221555586668E-03  6.18908875266956660E+00
1.64282154212994189E-03  6.21197437006861009E+00
1.64902086870401710E-03  6.23485998746765357E+00
1.65522019527809231E-03  6.25774560486669706E+00
1.66141952185216752E-03  6.28063122226574055E+00
1.66761884842624294E-03  6.30351683966478404E+00
1.67381817500031815E-03  6.32640245706382753E+00
1.68001750157439336E-03  6.34928807446287102E+00
1.68621682814846857E-03  6.37217369186191451E+00
1.69241615472254378E-03  6.39505930926095800E+00
1.69861548129661920E-03  6.41794492666000238E+00
1.70481480787069441E-03  6.44083054405904498E+00
1.71101413444476962E-03  6.46371616145808847E+00
1.71721346101884483E-03  6.48660177885713196E+00
1.72341278759292004E-03  6.50948739625617545E+00
1.72961211416699547E-03  6.53237301365521983E+00
1.73581144074107067E-03  6.55525863105426332E+00
1.74201076731514588E-03  6.57814424845330592E+00
1.74821009388922109E-03  6.60102986585234941E+00
1.75440942046329630E-03  6.62391548325139290E+00
1.76060874703737173E-03  6.64680110065043728E+00
1.76680807361144694E-03  6.66968671804948077E+00
1.77300740018552215E-03  6.69257233544852426E+00
1.77920672675959735E-03  6.71545795284756686E+00
1.78540605333367256E-03  6.73834357024661035E+00
1.79160537990774799E-03  6.76122918764565473E+00
1.79780470648182320E-03  6.78411480504469822E+00
1.80400403305589841E-03  6.80700042244374171E+00
1.81020335962997362E-03  6.82988603984278519E+00
1.81640268620404883E-03  6.85277165724182780E+00
1.82260201277812425E-03  6.87565727464087217E+00
1.82880133935219946E-03  6.89854289203991566E+00
1.83500066592627467E-03  6.92142850943895915E+00
1.84119999250034988E-03  6.94431412683800264E+00
1.84739931907442509E-03  6.96719974423704613E+00
1.85359864564850051E-03  6.99008536163608962E+00
1.85979797222257572E-03  7.01297097903513311E+00
1.86599729879665093E-03  7.03585659643417660E+00
1.87219662537072614E-03  7.05874221383322009E+00
1.87839595194480135E-03  7.08162783123226358E+00
1.88459527851887678E-03  7.10451344863130796E+00
1.89079460509295198E-03  7.12739906603035056E+00
1.89699393166702719E-03  7.15028468342939405E+00
1.90319325824110240E-03  7.17317030082843754E+00
1.90939258481517761E-03  7.19605591822748103E+00
1.91559191138925304E-03  7.21894153562652541E+00
1.92179123796332825E-03  7.24182715302556890E+00
1.92799056453740346E-03  7.26471277042461150E+00
1.93418989111147866E-03  7.28759838782365499E+00
1.94038921768555387E-03  7.31048400522269848E+00
1.94658854425962930E-03  7.33336962262174286E+00
1.95278787083370451E-03  7.35625524002078635E+00
1.95898719740777950E-03  7.37914085741982895E+00
1.96518652398185514E-03  7.40202647481887333E+00
1.97138585055593035E-03  7.42491209221791681E+00
1.97758517713000556E-03  7.44779770961696030E+00
1.98378450370408077E-03  7.47068332701600379E+00
1.98998383027815598E-03  7.49356894441504728E+00
1.99618315685223119E-03  7.51645456181409077E+00
2.00238248342630640E-03  7.53934017921313426E+00
2.00858181000038161E-03  7.56222579661217686E+00
2.01478113657445682E-03  7.58511141401122035E+00
2.02098046314853202E-03  7.60799703141026384E+00
2.02717978972260767E-03  7.63088264880930911E+00
2.03337911629668288E-03  7.65376826620835260E+00
2.03957844287075809E-03  7.67665388360739520E+00
2.04577776944483329E-03  7.69953950100643869E+00
2.05197709601890850E-03  7.72242511840548218E+00
2.05817642259298371E-03  7.74531073580452567E+00
2.06437574916705892E-03  7.76819635320356916E+00
2.07057507574113413E-03  7.79108197060261265E+00
2.07677440231520934E-03  7.81396758800165614E+00
2.08297372888928455E-03  7.83685320540069874E+00
2.08917305546336019E-03  7.85973882279974401E+00
2.09537238203743540E-03  7.88262444019878750E+00
2.10157170861151061E-03  7.90551005759783099E+00
2.10777103518558582E-03  7.92839567499687448E+00
2.11397036175966103E-03  7.95128129239591708E+00
2.12016968833373624E-03  7.97416690979496057E+00
2.12636901490781145E-03  7.99705252719400406E+00
2.13256834148188665E-03  8.01993814459304843E+00
2.13876766805596186E-03  8.04282376199209104E+00
2.14496699463003707E-03  8.06570937939113364E+00
2.15116632120411272E-03  8.08859499679017802E+00
2.15736564777818792E-03  8.11148061418922239E+00
2.16356497435226313E-03  8.13436623158826677E+00
2.16976430092633834E-03  8.15725184898730937E+00
2.17596362750041355E-03  8.18013746638635197E+00
2.18216295407448876E-03  8.20302308378539635E+00
2.18836228064856397E-03  8.22590870118443895E+00
2.19456160722263918E-03  8.24879431858348333E+00
2.20076093379671439E-03  8.27167993598252593E+00
2.20696026037078960E-03  8.29456555338157031E+00
2.21315958694486524E-03  8.31745117078061469E+00
2.21935891351894045E-03  8.34033678817965729E+00
2.22555824009301566E-03  8.36322240557870167E+00
2.23175756666709087E-03  8.38610802297774427E+00
2.23795689324116608E-03  8.40899364037678865E+00
2.24415621981524128E-03  8.43187925777583125E+00
2.25035554638931649E-03  8.45476487517487385E+00
2.25655487296339170E-03  8.47765049257391823E+00
2.26275419953746691E-03  8.50053610997296083E+00
2.26895352611154212E-03  8.52342172737200521E+00
2.27515285268561776E-03  8.54630734477104959E+00
2.28135217925969297E-03  8.56919296217009219E+00
2.28755150583376818E-03  8.59207857956913656E+00
2.29375083240784339E-03  8.61496419696817917E+00
2.29995015898191860E-03  8.63784981436722354E+00
2.30614948555599381E-03  8.66073543176626615E+00
2.31234881213006902E-03  8.68362104916531052E+00
2.31854813870414423E-03  8.70650666656435313E+00
2.32474746527821944E-03  8.72939228396339573E+00
2.33094679185229465E-03  8.75227790136244010E+00
2.33714611842637029E-03  8.77516351876148448E+00
2.34334544500044550E-03  8.79804913616052886E+00
2.34954477157452071E-03  8.82093475355957146E+00
2.35574409814859591E-03  8.84382037095861584E+00
2.36194342472267112E-03  8.86670598835765844E+00
2.36814275129674633E-03  8.88959160575670104E+00
2.37434207787082154E-03  8.91247722315574542E+00
2.38054140444489675E-03  8.93536284055478802E+00
2.38674073101897196E-03  8.95824845795383240E+00
2.39294005759304717E-03  8.98113407535287500E+00
2.39913938416712281E-03  9.00401969275191938E+00
2.40533871074119802E-03  9.02690531015096376E+00
2.41153803731527323E-03  9.04979092755000636E+00
2.41773736388934844E-03  9.07267654494905074E+00
2.42393669046342365E-03  9.09556216234809334E+00
2.43013601703749886E-03  9.11844777974713772E+00
2.43633534361157407E-03  9.14133339714618032E+00
2.44253467018564928E-03  9.16421901454522292E+00
2.44873399675972448E-03  9.18710463194426730E+00
2.45493332333379969E-03  9.20999024934330990E+00
2.46113264990787534E-03  9.23287586674235605E+00
2.46733197648195055E-03  9.25576148414139865E+00
2.47353130305602575E-03  9.27864710154044126E+00
2.47973062963010096E-03  9.30153271893948563E+00
2.48592995620417617E-03  9.32441833633852823E+00
2.49212928277825138E-03  9.34730395373757261E+00
2.49832860935232659E-03  9.37018957113661521E+00
2.50452793592640180E-03  9.39307518853565959E+00
2.51072726250047701E-03  9.41596080593470219E+00
2.51692658907455222E-03  9.43884642333374480E+00
2.52312591564862786E-03  9.46173204073279095E+00
2.52932524222270307E-03  9.48461765813183355E+00
2.53552456879677828E-03  9.50750327553087793E+00
2.54172389537085349E-03  9.53038889292992053E+00
2.54792322194492870E-03  9.55327451032896313E+00
2.55412254851900391E-03  9.57616012772800751E+00
2.56032187509307911E-03  9.59904574512705011E+00
2.56652120166715432E-03  9.62193136252609449E+00
2.57272052824122953E-03  9.64481697992513709E+00
2.57891985481530474E-03  9.66770259732418147E+00
2.58511918138938038E-03  9.69058821472322585E+00
2.59131850796345559E-03  9.71347383212226845E+00
2.59751783453753080E-03  9.73635944952131283E+00
2.60371716111160601E-03  9.75924506692035543E+00
2.60991648768568122E-03  9.78213068431939980E+00
2.61611581425975643E-03  9.80501630171844241E+00
2.62231514083383164E-03  9.82790191911748501E+00
2.62851446740790685E-03  9.85078753651652939E+00
2.63471379398198206E-03  9.87367315391557199E+00
2.64091312055605727E-03  9.89655877131461637E+00
2.64711244713013291E-03  9.91944438871366074E+00
2.65331177370420812E-03  9.94233000611270512E+00
2.65951110027828333E-03  9.96521562351174772E+00
2.66571042685235854E-03  9.98810124091079032E+00
2.67190975342643374E-03  1.00109868583098347E+01
2.67810908000050895E-03  1.00338724757088773E+01
2.68430840657458416E-03  1.00567580931079217E+01
2.69050773314865937E-03  1.00796437105069643E+01
2.69670705972273458E-03  1.01025293279060069E+01
2.70290638629680979E-03  1.01254149453050513E+01
2.70910571287088543E-03  1.01483005627040956E+01
2.71530503944496064E-03  1.01711861801031400E+01
2.72150436601903585E-03  1.01940717975021826E+01
2.72770369259311106E-03  1.02169574149012270E+01
2.73390301916718627E-03  1.02398430323002696E+01
2.74010234574126148E-03  1.02627286496993122E+01
2.74630167231533669E-03  1.02856142670983566E+01
2.75250099888941190E-03  1.03084998844973992E+01
2.75870032546348710E-03  1.03313855018964436E+01
2.76489965203756231E-03  1.03542711192954862E+01
2.77109897861163796E-03  1.03771567366945305E+01
2.77729830518571317E-03  1.04000423540935749E+01
2.78349763175978837E-03  1.04229279714926175E+01
2.78969695833386358E-03  1.04458135888916619E+01
2.79589628490793879E-03  1.04686992062907045E+01
2.80209561148201400E-03  1.04915848236897489E+01
2.80829493805608921E-03  1.05144704410887915E+01
2.81449426463016442E-03  1.05373560584878341E+01
2.82069359120423963E-03  1.05602416758868785E+01
2.82689291777831484E-03  1.05831272932859211E+01
2.83309224435239048E-03  1.06060129106849672E+01
2.83929157092646569E-03  1.06288985280840098E+01
2.84549089750054090E-03  1.06517841454830524E+01
2.85169022407461611E-03  1.06746697628820968E+01
2.85788955064869132E-03  1.06975553802811394E+01
2.86408887722276653E-03  1.07204409976801838E+01
2.87028820379684173E-03  1.07433266150792264E+01
2.87648753037091694E-03  1.07662122324782707E+01
2.88268685694499215E-03  1.07890978498773134E+01
2.88888618351906736E-03  1.08119834672763560E+01
2.89508551009314300E-03  1.08348690846754021E+01
2.90128483666721821E-03  1.08577547020744447E+01
2.90748416324129342E-03  1.08806403194734891E+01
2.91368348981536863E-03  1.09035259368725317E+01
2.91988281638944384E-03  1.09264115542715743E+01
2.92608214296351905E-03  1.09492971716706187E+01
2.93228146953759426E-03  1.09721827890696613E+01
2.93848079611166947E-03  1.09950684064687056E+01
2.94468012268574468E-03  1.10179540238677482E+01
2.95087944925981989E-03  1.10408396412667926E+01
2.95707877583389553E-03  1.10637252586658370E+01
2.96327810240797074E-03  1.10866108760648796E+01
2.96947742898204595E-03  1.11094964934639240E+01
2.97567675555612116E-03  1.11323821108629666E+01
2.98187608213019636E-03  1.11552677282620110E+01
2.98807540870427157E-03  1.11781533456610536E+01
2.99427473527834678E-03  1.12010389630600962E+01
3.00047406185242199E-03  1.12239245804591405E+01
3.00667338842649720E-03  1.12468101978581831E+01
3.01287271500057241E-03  1.12696958152572275E+01
3.01907204157464805E-03  1.12925814326562719E+01
3.02527136814872326E-03  1.13154670500553163E+01
3.03147069472279847E-03  1.13383526674543589E+01
3.03767002129687368E-03  1.13612382848534015E+01
3.04386934787094889E-03  1.13841239022524459E+01
3.05006867444502410E-03  1.14070095196514885E+01
3.05626800101909931E-03  1.14298951370505328E+01
3.06246732759317452E-03  1.14527807544495754E+01
3.06866665416724973E-03  1.14756663718486198E+01
3.07486598074132493E-03  1.14985519892476624E+01
3.08106530731540058E-03  1.15214376066467068E+01
3.08726463388947579E-03  1.15443232240457512E+01
3.09346396046355099E-03  1.15672088414447938E+01
3.09966328703762620E-03  1.15900944588438382E+01
3.10586261361170141E-03  1.16129800762428808E+01
3.11206194018577662E-03  1.16358656936419234E+01
3.11826126675985183E-03  1.16587513110409677E+01
3.12446059333392704E-03  1.16816369284400103E+01
3.13065991990800225E-03  1.17045225458390547E+01
3.13685924648207746E-03  1.17274081632380973E+01
3.14305857305615310E-03  1.17502937806371417E+01
3.14925789963022831E-03  1.17731793980361861E+01
3.15545722620430352E-03  1.17960650154352287E+01
3.16165655277837873E-03  1.18189506328342731E+01
3.16785587935245394E-03  1.18418362502333157E+01
3.17405520592652915E-03  1.18647218676323600E+01
3.18025453250060436E-03  1.18876074850314026E+01
3.18645385907467956E-03  1.19104931024304452E+01
3.19265318564875477E-03  1.19333787198294896E+01
3.19885251222282998E-03  1.19562643372285322E+01
3.20505183879690519E-03  1.19791499546275766E+01
3.21125116537098083E-03  1.20020355720266210E+01
3.21745049194505604E-03  1.20249211894256636E+01
3.22364981851913125E-03  1.20478068068247079E+01
3.22984914509320646E-03  1.20706924242237505E+01
3.23604847166728167E-03  1.20935780416227949E+01
3.24224779824135688E-03  1.21164636590218375E+01
3.24844712481543209E-03  1.21393492764208819E+01
3.25464645138950730E-03  1.21622348938199245E+01
3.26084577796358251E-03  1.21851205112189671E+01
3.26704510453765772E-03  1.22080061286180115E+01
3.27324443111173336E-03  1.22308917460170559E+01
3.27944375768580857E-03  1.22537773634161002E+01
3.28564308425988378E-03  1.22766629808151428E+01
3.29184241083395899E-03  1.22995485982141854E+01
3.29804173740803419E-03  1.23224342156132298E+01
3.30424106398210940E-03  1.23453198330122724E+01
3.31044039055618461E-03  1.23682054504113168E+01
3.31663971713025982E-03  1.23910910678103594E+01
3.32283904370433503E-03  1.24139766852094038E+01
3.32903837027841024E-03  1.24368623026084464E+01
3.33523769685248588E-03  1.24597479200074908E+01
3.34143702342656109E-03  1.24826335374065351E+01
3.34763635000063630E-03  1.25055191548055777E+01
3.35383567657471151E-03  1.25284047722046221E+01
3.36003500314878672E-03  1.25512903896036647E+01
3.36623432972286193E-03  1.25741760070027091E+01
3.37243365629693714E-03  1.25970616244017517E+01
3.37863298287101235E-03  1.26199472418007943E+01
3.38483230944508755E-03  1.26428328591998387E+01
3.39103163601916276E-03  1.26657184765988813E+01
3.39723096259323841E-03  1.26886040939979274E+01
3.40343028916731362E-03  1.27114897113969700E+01
3.40962961574138882E-03  1.27343753287960126E+01
3.41582894231546403E-03  1.27572609461950570E+01
3.42202826888953924E-03  1.27801465635940996E+01
3.42822759546361445E-03  1.28030321809931440E+01
3.43442692203768966E-03  1.28259177983921866E+01
3.44062624861176487E-03  1.28488034157912310E+01
3.44682557518584008E-03  1.28716890331902736E+01
3.45302490175991529E-03  1.28945746505893162E+01
3.45922422833399093E-03  1.29174602679883623E+01
3.46542355490806614E-03  1.29403458853874049E+01
3.47162288148214135E-03  1.29632315027864493E+01
3.47782220805621656E-03  1.29861171201854919E+01
3.48402153463029177E-03  1.30090027375845345E+01
3.49022086120436698E-03  1.30318883549835789E+01
3.49642018777844218E-03  1.30547739723826215E+01
3.50261951435251739E-03  1.30776595897816659E+01
3.50881884092659260E-03  1.31005452071807085E+01
3.51501816750066781E-03  1.31234308245797529E+01
3.52121749407474345E-03  1.31463164419787972E+01
3.52741682064881866E-03  1.31692020593778398E+01
3.53361614722289387E-03  1.31920876767768842E+01
3.53981547379696908E-03  1.32149732941759268E+01
3.54601480037104429E-03  1.32378589115749712E+01
3.55221412694511950E-03  1.32607445289740138E+01
3.55841345351919471E-03  1.32836301463730564E+01
3.56461278009326992E-03  1.33065157637721008E+01
3.57081210666734513E-03  1.33294013811711434E+01
3.57701143324142034E-03  1.33522869985701877E+01
3.58321075981549598E-03  1.33751726159692321E+01
3.58941008638957119E-03  1.33980582333682747E+01
3.59560941296364640E-03  1.34209438507673191E+01
3.60180873953772161E-03  1.34438294681663617E+01
3.60800806611179681E-03  1.34667150855654061E+01
3.61420739268587202E-03  1.34896007029644487E+01
3.62040671925994723E-03  1.35124863203634931E+01
3.62660604583402244E-03  1.35353719377625357E+01
3.63280537240809765E-03  1.35582575551615783E+01
3.63900469898217286E-03  1.35811431725606226E+01
3.64520402555624850E-03  1.36040287899596670E+01
3.65140335213032371E-03  1.36269144073587114E+01
3.65760267870439892E-03  1.36498000247577540E+01
3.66380200527847413E-03  1.36726856421567984E+01
3.67000133185254934E-03  1.36955712595558410E+01
3.67620065842662455E-03  1.37184568769548836E+01
3.68239998500069976E-03  1.37413424943539280E+01
3.68859931157477497E-03  1.37642281117529706E+01
3.69479863814885017E-03  1.37871137291520149E+01
3.70099796472292538E-03  1.38099993465510575E+01
3.70719729129700103E-03  1.38328849639501019E+01
3.71339661787107624E-03  1.38557705813491463E+01
3.71959594444515144E-03  1.38786561987481889E+01
3.72579527101922665E-03  1.39015418161472333E+01
3.73199459759330186E-03  1.39244274335462759E+01
3.73819392416737707E-03  1.39473130509453203E+01
3.74439325074145228E-03  1.39701986683443629E+01
3.75059257731552749E-03  1.39930842857434055E+01
3.75679190388960270E-03  1.40159699031424498E+01
3.76299123046367791E-03  1.40388555205414924E+01
3.76919055703775355E-03  1.40617411379405386E+01
3.77538988361182876E-03  1.40846267553395812E+01
3.78158921018590397E-03  1.41075123727386238E+01
3.78778853675997918E-03  1.41303979901376682E+01
3.79398786333405439E-03  1.41532836075367108E+01
3.80018718990812960E-03  1.41761692249357552E+01
3.80638651648220480E-03  1.41990548423347978E+01
3.81258584305628001E-03  1.42219404597338421E+01
3.81878516963035522E-03  1.42448260771328847E+01
3.82498449620443043E-03  1.42677116945319273E+01
3.83118382277850607E-03  1.42905973119309735E+01
3.83738314935258128E-03  1.43134829293300161E+01
3.84358247592665649E-03  1.43363685467290605E+01
3.84978180250073170E-03  1.43592541641281031E+01
3.85598112907480691E-03  1.43821397815271457E+01
3.86218045564888212E-03  1.44050253989261901E+01
3.86837978222295733E-03  1.44279110163252327E+01
3.87457910879703254E-03  1.44507966337242770E+01
3.88077843537110775E-03  1.44736822511233196E+01
3.88697776194518296E-03  1.44965678685223640E+01
3.89317708851925860E-03  1.45194534859214084E+01
3.89937641509333381E-03  1.45423391033204510E+01
3.90557574166740902E-03  1.45652247207194954E+01
3.91177506824148379E-03  1.45881103381185362E+01
3.91797439481555900E-03  1.46109959555175806E+01
3.92417372138963508E-03  1.46338815729166267E+01
3.93037304796371029E-03  1.46567671903156693E+01
3.93657237453778550E-03  1.46796528077147137E+01
3.94277170111186070E-03  1.47025384251137563E+01
3.94897102768593591E-03  1.47254240425128007E+01
3.95517035426001112E-03  1.47483096599118433E+01
3.96136968083408633E-03  1.47711952773108877E+01
3.96756900740816154E-03  1.47940808947099303E+01
3.97376833398223675E-03  1.48169665121089729E+01
3.97996766055631196E-03  1.48398521295080172E+01
3.98616698713038717E-03  1.48627377469070598E+01
3.99236631370446238E-03  1.48856233643061042E+01
3.99856564027853759E-03  1.49085089817051468E+01
4.00476496685261280E-03  1.49313945991041912E+01
4.01096429342668800E-03  1.49542802165032338E+01
4.01716362000076321E-03  1.49771658339022764E+01
4.02336294657483842E-03  1.50000514513013208E+01
4.02956227314891363E-03  1.50229370687003634E+01
4.03576159972298884E-03  1.50458226860994078E+01
4.04196092629706405E-03  1.50687083034984504E+01
4.04816025287114013E-03  1.50915939208974965E+01
4.05435957944521533E-03  1.51144795382965409E+01
4.06055890601929054E-03  1.51373651556955835E+01
4.06675823259336575E-03  1.51602507730946279E+01
4.07295755916744096E-03  1.51831363904936705E+01
4.07915688574151617E-03  1.52060220078927131E+01
4.08535621231559138E-03  1.52289076252917575E+01
4.09155553888966659E-03  1.52517932426908001E+01
4.09775486546374180E-03  1.52746788600898444E+01
4.10395419203781701E-03  1.52975644774888870E+01
4.11015351861189222E-03  1.53204500948879314E+01
4.11635284518596743E-03  1.53433357122869740E+01
4.12255217176004263E-03  1.53662213296860166E+01
4.12875149833411784E-03  1.53891069470850610E+01
4.13495082490819305E-03  1.54119925644841036E+01
4.14115015148226826E-03  1.54348781818831480E+01
4.14734947805634347E-03  1.54577637992821906E+01
4.15354880463041868E-03  1.54806494166812350E+01
4.15974813120449389E-03  1.55035350340802776E+01
4.16594745777856910E-03  1.55264206514793202E+01
4.17214678435264517E-03  1.55493062688783681E+01
4.17834611092672038E-03  1.55721918862774107E+01
4.18454543750079559E-03  1.55950775036764533E+01
4.19074476407487080E-03  1.56179631210754977E+01
4.19694409064894601E-03  1.56408487384745403E+01
4.20314341722302122E-03  1.56637343558735846E+01
4.20934274379709643E-03  1.56866199732726272E+01
4.21554207037117164E-03  1.57095055906716716E+01
4.22174139694524685E-03  1.57323912080707142E+01
4.22794072351932206E-03  1.57552768254697568E+01
4.23414005009339726E-03  1.57781624428688012E+01
4.24033937666747247E-03  1.58010480602678438E+01
4.24653870324154768E-03  1.58239336776668882E+01
4.25273802981562289E-03  1.58468192950659308E+01
4.25893735638969810E-03  1.58697049124649752E+01
4.26513668296377331E-03  1.58925905298640178E+01
4.27133600953784852E-03  1.59154761472630604E+01
4.27753533611192373E-03  1.59383617646621047E+01
4.28373466268599894E-03  1.59612473820611473E+01
4.28993398926007415E-03  1.59841329994601917E+01
4.29613331583415022E-03  1.60070186168592379E+01
4.30233264240822543E-03  1.60299042342582823E+01
4.30853196898230064E-03  1.60527898516573231E+01
4.31473129555637585E-03  1.60756754690563675E+01
4.32093062213045106E-03  1.60985610864554118E+01
4.32712994870452627E-03  1.61214467038544527E+01
4.33332927527860148E-03  1.61443323212535006E+01
4.33952860185267669E-03  1.61672179386525414E+01
4.34572792842675189E-03  1.61901035560515858E+01
4.35192725500082710E-03  1.62129891734506266E+01
4.35812658157490231E-03  1.62358747908496710E+01
4.36432590814897752E-03  1.62587604082487154E+01
4.37052523472305273E-03  1.62816460256477598E+01
4.37672456129712794E-03  1.63045316430468006E+01
4.38292388787120315E-03  1.63274172604458450E+01
4.38912321444527836E-03  1.63503028778448893E+01
4.39532254101935357E-03  1.63731884952439302E+01
4.40152186759342878E-03  1.63960741126429745E+01
4.40772119416750398E-03  1.64189597300420189E+01
4.41392052074157919E-03  1.64418453474410633E+01
4.42011984731565527E-03  1.64647309648401077E+01
4.42631917388973048E-03  1.64876165822391521E+01
4.43251850046380569E-03  1.65105021996381964E+01
4.43871782703788090E-03  1.65333878170372373E+01
4.44491715361195611E-03  1.65562734344362816E+01
4.45111648018603132E-03  1.65791590518353260E+01
4.45731580676010652E-03  1.66020446692343668E+01
4.46351513333418173E-03  1.66249302866334112E+01
4.46971445990825694E-03  1.66478159040324556E+01
4.47591378648233215E-03  1.66707015214315000E+01
4.48211311305640736E-03  1.66935871388305408E+01
4.48831243963048257E-03  1.67164727562295852E+01
4.49451176620455778E-03  1.67393583736286296E+01
4.50071109277863299E-03  1.67622439910276704E+01
4.50691041935270820E-03  1.67851296084267148E+01
4.51310974592678341E-03  1.68080152258257591E+01
4.51930907250085862E-03  1.68309008432248035E+01
4.52550839907493382E-03  1.68537864606238443E+01
4.53170772564900903E-03  1.68766720780228887E+01
4.53790705222308424E-03  1.68995576954219331E+01
4.54410637879716032E-03  1.69224433128209775E+01
4.55030570537123553E-03  1.69453289302200218E+01
4.55650503194531074E-03  1.69682145476190662E+01
4.56270435851938595E-03  1.69911001650181070E+01
4.56890368509346115E-03  1.70139857824171514E+01
4.57510301166753636E-03  1.70368713998161958E+01
4.58130233824161157E-03  1.70597570172152402E+01
4.58750166481568678E-03  1.70826426346142810E+01
4.59370099138976199E-03  1.71055282520133254E+01
4.59990031796383720E-03  1.71284138694123698E+01
4.60609964453791241E-03  1.71512994868114106E+01
4.61229897111198762E-03  1.71741851042104550E+01
4.61849829768606283E-03  1.71970707216094993E+01
4.62469762426013804E-03  1.72199563390085437E+01
4.63089695083421325E-03  1.72428419564075845E+01
4.63709627740828845E-03  1.72657275738066289E+01
4.64329560398236366E-03  1.72886131912056733E+01
4.64949493055643887E-03  1.73114988086047141E+01
4.65569425713051408E-03  1.73343844260037585E+01
4.66189358370458929E-03  1.73572700434028029E+01
4.66809291027866537E-03  1.73801556608018508E+01
4.67429223685274058E-03  1.74030412782008916E+01
4.68049156342681578E-03  1.74259268955999360E+01
4.68669089000089099E-03  1.74488125129989804E+01
4.69289021657496620E-03  1.74716981303980212E+01
4.69908954314904141E-03  1.74945837477970656E+01
4.70528886972311662E-03  1.75174693651961100E+01
4.71148819629719183E-03  1.75403549825951544E+01
4.71768752287126704E-03  1.75632405999941952E+01
4.72388684944534225E-03  1.75861262173932396E+01
4.73008617601941746E-03  1.76090118347922839E+01
4.73628550259349267E-03  1.76318974521913248E+01
4.74248482916756788E-03  1.76547830695903691E+01
4.74868415574164308E-03  1.76776686869894135E+01
4.75488348231571829E-03  1.77005543043884543E+01
4.76108280888979350E-03  1.77234399217874987E+01
4.76728213546386871E-03  1.77463255391865431E+01
4.77348146203794392E-03  1.77692111565855875E+01
4.77968078861201913E-03  1.77920967739846283E+01
4.78588011518609434E-03  1.78149823913836727E+01
4.79207944176016955E-03  1.78378680087827171E+01
4.79827876833424562E-03  1.78607536261817614E+01
4.80447809490832083E-03  1.78836392435808058E+01
4.81067742148239604E-03  1.79065248609798502E+01
4.81687674805647125E-03  1.79294104783788946E+01
4.82307607463054646E-03  1.79522960957779354E+01
4.82927540120462167E-03  1.79751817131769798E+01
4.83547472777869688E-03  1.79980673305760241E+01
4.84167405435277209E-03  1.80209529479750650E+01
4.84787338092684730E-03  1.80438385653741094E+01
4.85407270750092251E-03  1.80667241827731537E+01
4.86027203407499771E-03  1.80896098001721981E+01
4.86647136064907292E-03  1.81124954175712389E+01
4.87267068722314813E-03  1.81353810349702833E+01
4.87887001379722334E-03  1.81582666523693277E+01
4.88506934037129855E-03  1.81811522697683685E+01
4.89126866694537376E-03  1.82040378871674129E+01
4.89746799351944897E-03  1.82269235045664573E+01
4.90366732009352418E-03  1.82498091219655016E+01
4.90986664666759939E-03  1.82726947393645425E+01
4.91606597324167460E-03  1.82955803567635868E+01
4.92226529981575067E-03  1.83184659741626348E+01
4.92846462638982588E-03  1.83413515915616756E+01
4.93466395296390109E-03  1.83642372089607200E+01
4.94086327953797630E-03  1.83871228263597644E+01
4.94706260611205151E-03  1.84100084437588052E+01
4.95326193268612672E-03  1.84328940611578496E+01
4.95946125926020193E-03  1.84557796785568939E+01
4.96566058583427714E-03  1.84786652959559383E+01
4.97185991240835234E-03  1.85015509133549791E+01
4.97805923898242755E-03  1.85244365307540235E+01
4.98425856555650276E-03  1.85473221481530679E+01
4.99045789213057797E-03  1.85702077655521087E+01
4.99665721870465318E-03  1.85930933829511531E+01
5.00285654527872839E-03  1.86159790003501975E+01
5.00905587185280360E-03  1.86388646177492419E+01
5.01525519842687881E-03  1.86617502351482827E+01
5.02145452500095402E-03  1.86846358525473271E+01
5.02765385157502923E-03  1.87075214699463714E+01
5.03385317814910443E-03  1.87304070873454123E+01
5.04005250472317964E-03  1.87532927047444566E+01
5.04625183129725572E-03  1.87761783221435046E+01
5.05245115787133093E-03  1.87990639395425454E+01
5.05865048444540614E-03  1.88219495569415898E+01
5.06484981101948135E-03  1.88448351743406342E+01
5.07104913759355656E-03  1.88677207917396785E+01
5.07724846416763177E-03  1.88906064091387194E+01
5.08344779074170697E-03  1.89134920265377637E+01
5.08964711731578218E-03  1.89363776439368081E+01
5.09584644388985739E-03  1.89592632613358489E+01
5.10204577046393260E-03  1.89821488787348933E+01
5.10824509703800781E-03  1.90050344961339377E+01
5.11444442361208302E-03  1.90279201135329821E+01
5.12064375018615823E-03  1.90508057309320229E+01
5.12684307676023344E-03  1.90736913483310673E+01
5.13304240333430865E-03  1.90965769657301117E+01
5.13924172990838386E-03  1.91194625831291525E+01
5.14544105648245906E-03  1.91423482005281969E+01
5.15164038305653427E-03  1.91652338179272412E+01
5.15783970963060948E-03  1.91881194353262856E+01
5.16403903620468469E-03  1.92110050527253264E+01
5.17023836277876077E-03  1.92338906701243744E+01
5.17643768935283598E-03  1.92567762875234187E+01
5.18263701592691119E-03  1.92796619049224596E+01
5.18883634250098640E-03  1.93025475223215039E+01
5.19503566907506160E-03  1.93254331397205483E+01
5.20123499564913681E-03  1.93483187571195892E+01
5.20743432222321202E-03  1.93712043745186335E+01
5.21363364879728723E-03  1.93940899919176779E+01
5.21983297537136244E-03  1.94169756093167223E+01
5.22603230194543765E-03  1.94398612267157631E+01
5.23223162851951286E-03  1.94627468441148075E+01
5.23843095509358807E-03  1.94856324615138519E+01
5.24463028166766328E-03  1.95085180789128927E+01
5.25082960824173849E-03  1.95314036963119371E+01
5.25702893481581369E-03  1.95542893137109814E+01
5.26322826138988890E-03  1.95771749311100258E+01
5.26942758796396411E-03  1.96000605485090666E+01
5.27562691453803932E-03  1.96229461659081110E+01
5.28182624111211453E-03  1.96458317833071554E+01
5.28802556768618974E-03  1.96687174007061962E+01
5.29422489426026582E-03  1.96916030181052442E+01
5.30042422083434103E-03  1.97144886355042885E+01
5.30662354740841623E-03  1.97373742529033329E+01
5.31282287398249144E-03  1.97602598703023737E+01
5.31902220055656665E-03  1.97831454877014181E+01
5.32522152713064186E-03  1.98060311051004625E+01
5.33142085370471707E-03  1.98289167224995033E+01
5.33762018027879228E-03  1.98518023398985477E+01
5.34381950685286749E-03  1.98746879572975921E+01
5.35001883342694270E-03  1.98975735746966329E+01
5.35621816000101791E-03  1.99204591920956773E+01
5.36241748657509312E-03  1.99433448094947217E+01
5.36861681314916833E-03  1.99662304268937660E+01
5.37481613972324353E-03  1.99891160442928069E+01
5.38101546629731874E-03  2.00120016616918512E+01
5.38721479287139395E-03  2.00348872790908956E+01
5.39341411944546916E-03  2.00577728964899364E+01
5.39961344601954437E-03  2.00806585138889808E+01
5.40581277259361958E-03  2.01035441312880252E+01
5.41201209916769479E-03  2.01264297486870696E+01
5.41821142574177086E-03  2.01493153660861140E+01
5.42441075231584607E-03  2.01722009834851583E+01
5.43061007888992128E-03  2.01950866008842027E+01
5.43680940546399649E-03  2.02179722182832435E+01
5.44300873203807170E-03  2.02408578356822879E+01
5.44920805861214691E-03  2.02637434530813323E+01
5.45540738518622212E-03  2.02866290704803767E+01
5.46160671176029733E-03  2.03095146878794175E+01
5.46780603833437254E-03  2.03324003052784619E+01
5.47400536490844775E-03  2.03552859226775062E+01
5.48020469148252296E-03  2.03781715400765471E+01
5.48640401805659816E-03  2.04010571574755915E+01
5.49260334463067337E-03  2.04239427748746358E+01
5.49880267120474858E-03  2.04468283922736802E+01
5.50500199777882379E-03  2.04697140096727210E+01
5.51120132435289900E-03  2.04925996270717654E+01
5.51740065092697421E-03  2.05154852444708098E+01
5.52359997750104942E-03  2.05383708618698506E+01
5.52979930407512463E-03  2.05612564792688950E+01
5.53599863064919984E-03  2.05841420966679394E+01
5.54219795722327591E-03  2.06070277140669837E+01
5.54839728379735112E-03  2.06299133314660281E+01
5.55459661037142633E-03  2.06527989488650725E+01
5.56079593694550154E-03  2.06756845662641169E+01
5.56699526351957675E-03  2.06985701836631577E+01
5.57319459009365196E-03  2.07214558010622021E+01
5.57939391666772717E-03  2.07443414184612465E+01
5.58559324324180238E-03  2.07672270358602873E+01
5.59179256981587759E-03  2.07901126532593317E+01
5.59799189638995279E-03  2.08129982706583760E+01
5.60419122296402800E-03  2.08358838880574204E+01
5.61039054953810321E-03  2.08587695054564612E+01
5.61658987611217842E-03  2.08816551228555056E+01
5.62278920268625363E-03  2.09045407402545500E+01
5.62898852926032884E-03  2.09274263576535908E+01
5.63518785583440405E-03  2.09503119750526352E+01
5.64138718240847926E-03  2.09731975924516796E+01
5.64758650898255447E-03  2.09960832098507240E+01
5.65378583555662968E-03  2.10189688272497648E+01
5.65998516213070488E-03  2.10418544446488092E+01
5.66618448870478096E-03  2.10647400620478571E+01
5.67238381527885617E-03  2.10876256794468979E+01
5.67858314185293138E-03  2.11105112968459423E+01
5.68478246842700659E-03  2.11333969142449867E+01
5.69098179500108180E-03  2.11562825316440275E+01
5.69718112157515701E-03  2.11791681490430719E+01
5.70338044814923222E-03  2.12020537664421163E+01
5.70957977472330742E-03  2.12249393838411606E+01
5.71577910129738263E-03  2.12478250012402015E+01
5.72197842787145784E-03  2.12707106186392458E+01
5.72817775444553305E-03  2.12935962360382902E+01
5.73437708101960826E-03  2.13164818534373310E+01
5.74057640759368347E-03  2.13393674708363754E+01
5.74677573416775868E-03  2.13622530882354198E+01
5.75297506074183389E-03  2.13851387056344642E+01
5.75917438731590910E-03  2.14080243230335050E+01
5.76537371388998431E-03  2.14309099404325494E+01
5.77157304046405951E-03  2.14537955578315938E+01
5.77777236703813472E-03  2.14766811752306346E+01
5.78397169361220993E-03  2.14995667926296790E+01
5.79017102018628601E-03  2.15224524100287269E+01
5.79637034676036122E-03  2.15453380274277677E+01
5.80256967333443643E-03  2.15682236448268121E+01
5.80876899990851164E-03  2.15911092622258565E+01
5.81496832648258685E-03  2.16139948796249008E+01
5.82116765305666205E-03  2.16368804970239417E+01
5.82736697963073726E-03  2.16597661144229860E+01
5.83356630620481247E-03  2.16826517318220304E+01
5.83976563277888768E-03  2.17055373492210713E+01
5.84596495935296289E-03  2.17284229666201156E+01
5.85216428592703810E-03  2.17513085840191600E+01
5.85836361250111331E-03  2.17741942014182044E+01
5.86456293907518852E-03  2.17970798188172452E+01
5.87076226564926373E-03  2.18199654362162896E+01
5.87696159222333894E-03  2.18428510536153340E+01
5.88316091879741414E-03  2.18657366710143748E+01
5.88936024537148935E-03  2.18886222884134192E+01
5.89555957194556456E-03  2.19115079058124635E+01
5.90175889851963977E-03  2.19343935232115079E+01
5.90795822509371498E-03  2.19572791406105488E+01
5.91415755166779106E-03  2.19801647580095967E+01
5.92035687824186627E-03  2.20030503754086411E+01
5.92655620481594148E-03  2.20259359928076819E+01
5.93275553139001668E-03  2.20488216102067263E+01
5.93895485796409189E-03  2.20717072276057706E+01
5.94515418453816710E-03  2.20945928450048115E+01
5.95135351111224231E-03  2.21174784624038558E+01
5.95755283768631752E-03  2.21403640798029002E+01
5.96375216426039273E-03  2.21632496972019446E+01
5.96995149083446794E-03  2.21861353146009854E+01
5.97615081740854315E-03  2.22090209320000298E+01
5.98235014398261836E-03  2.22319065493990742E+01
5.98854947055669357E-03  2.22547921667981150E+01
5.99474879713076877E-03  2.22776777841971594E+01
6.00094812370484398E-03  2.23005634015962038E+01
6.00714745027891919E-03  2.23234490189952481E+01
6.01334677685299440E-03  2.23463346363942890E+01
6.01954610342706961E-03  2.23692202537933333E+01
6.02574543000114482E-03  2.23921058711923777E+01
6.03194475657522003E-03  2.24149914885914185E+01
6.03814408314929611E-03  2.24378771059904665E+01
6.04434340972337131E-03  2.24607627233895109E+01
6.05054273629744652E-03  2.24836483407885552E+01
6.05674206287152173E-03  2.25065339581875961E+01
6.06294138944559694E-03  2.25294195755866404E+01
6.06914071601967215E-03  2.25523051929856848E+01
6.07534004259374736E-03  2.25751908103847256E+01
6.08153936916782257E-03  2.25980764277837700E+01
6.08773869574189778E-03  2.26209620451828144E+01
6.09393802231597299E-03  2.26438476625818588E+01
6.10013734889004820E-03  2.26667332799808996E+01
6.10633667546412340E-03  2.26896188973799440E+01
6.11253600203819861E-03  2.27125045147789884E+01
6.11873532861227382E-03  2.27353901321780292E+01
6.12493465518634903E-03  2.27582757495770736E+01
6.13113398176042424E-03  2.27811613669761179E+01
6.13733330833449945E-03  2.28040469843751623E+01
6.14353263490857466E-03  2.28269326017742031E+01
6.14973196148264987E-03  2.28498182191732475E+01
6.15593128805672508E-03  2.28727038365722919E+01
6.16213061463080115E-03  2.28955894539713363E+01
6.16832994120487636E-03  2.29184750713703806E+01
6.17452926777895157E-03  2.29413606887694250E+01
6.18072859435302678E-03  2.29642463061684658E+01
6.18692792092710199E-03  2.29871319235675102E+01
6.19312724750117720E-03  2.30100175409665546E+01
