0.00000000000000000E+00  0.00000000000000000E+00
5.57519395065994102E-06  1.58131888879613630E-01
1.11503879013198820E-05  3.16263777759227260E-01
1.67255818519798222E-05  4.74395666638840918E-01
2.23007758026397641E-05  6.32527555518454521E-01
2.78759697532997060E-05  7.90659444398068234E-01
3.34511637039596444E-05  9.48791333277681836E-01
3.90263576546195863E-05  1.10692322215729555E+00
4.46015516052795282E-05  1.26505511103690904E+00
5.01767455559394701E-05  1.42318699991652275E+00
5.57519395065994119E-05  1.58131888879613647E+00
6.13271334572593538E-05  1.73945077767575018E+00
6.69023274079192889E-05  1.89758266655536367E+00
7.24775213585792375E-05  2.05571455543497761E+00
7.80527153092391726E-05  2.21384644431459110E+00
8.36279092598991213E-05  2.37197833319420459E+00
8.92031032105590564E-05  2.53011022207381808E+00
9.47782971612189915E-05  2.68824211095343157E+00
1.00353491111878940E-04  2.84237087261660282E+00
1.05928685062538875E-04  2.85093782751618985E+00
1.11503879013198824E-04  2.85950478241577732E+00
1.17079072963858759E-04  2.86807173731536480E+00
1.22654266914518708E-04  2.87663869221495228E+00
1.28229460865178643E-04  2.88520564711453975E+00
1.33804654815838578E-04  2.89377260201412723E+00
1.39379848766498513E-04  2.90233955691371470E+00
1.44955042717158475E-04  2.91090651181330173E+00
1.50530236667818410E-04  2.91947346671288921E+00
1.56105430618478345E-04  2.92804042161247668E+00
1.61680624569138280E-04  2.93660737651206416E+00
1.67255818519798243E-04  2.94517433141165164E+00
1.72831012470458178E-04  2.95374128631123911E+00
1.78406206421118113E-04  2.96230824121082659E+00
1.83981400371778048E-04  2.97087519611041362E+00
1.89556594322437983E-04  2.97944215101000109E+00
1.95131788273097945E-04  2.98800910590958857E+00
2.00706982223757880E-04  2.99657606080917605E+00
2.06282176174417815E-04  3.00514301570876352E+00
2.11857370125077750E-04  3.01370997060835100E+00
2.17432564075737713E-04  3.02227692550793847E+00
2.23007758026397648E-04  3.03084388040752595E+00
2.28582951977057583E-04  3.03941083530711342E+00
2.34158145927717518E-04  3.04797779020670045E+00
2.39733339878377453E-04  3.05654474510628793E+00
2.45308533829037415E-04  3.06511170000587541E+00
2.50883727779697323E-04  3.07367865490546288E+00
2.56458921730357285E-04  3.08224560980505036E+00
2.62034115681017248E-04  3.09081256470463783E+00
2.67609309631677156E-04  3.09937951960422531E+00
2.73184503582337118E-04  3.10794647450381234E+00
2.78759697532997026E-04  3.11651342940339982E+00
2.84334891483656988E-04  3.12508038430298729E+00
2.89910085434316950E-04  3.13364733920257477E+00
2.95485279384976858E-04  3.14221429410216224E+00
3.01060473335636820E-04  3.15078124900174972E+00
3.06635667286296783E-04  3.15934820390133719E+00
3.12210861236956690E-04  3.16791515880092422E+00
3.17786055187616653E-04  3.17648211370051170E+00
3.23361249138276561E-04  3.18504906860009918E+00
3.28936443088936523E-04  3.19361602349968665E+00
3.34511637039596485E-04  3.20218297839927413E+00
3.40086830990256393E-04  3.21074993329886160E+00
3.45662024940916355E-04  3.21931688819844908E+00
3.51237218891576263E-04  3.22788384309803611E+00
3.56812412842236225E-04  3.23645079799762359E+00
3.62387606792896188E-04  3.24501775289721106E+00
3.67962800743556096E-04  3.25358470779679854E+00
3.73537994694216058E-04  3.26215166269638601E+00
3.79113188644875966E-04  3.27071861759597349E+00
3.84688382595535928E-04  3.27928557249556096E+00
3.90263576546195890E-04  3.28785252739514799E+00
3.95838770496855798E-04  3.29641948229473547E+00
4.01413964447515760E-04  3.30498643719432295E+00
4.06989158398175668E-04  3.31355339209391042E+00
4.12564352348835631E-04  3.32212034699349790E+00
4.18139546299495593E-04  3.33068730189308537E+00
4.23714740250155501E-04  3.33925425679267285E+00
4.29289934200815463E-04  3.34782121169225988E+00
4.34865128151475425E-04  3.35638816659184780E+00
4.40440322102135333E-04  3.36495512149143483E+00
4.46015516052795295E-04  3.37352207639102231E+00
4.51590710003455203E-04  3.38208903129060978E+00
4.57165903954115166E-04  3.39065598619019726E+00
4.62741097904775128E-04  3.39922294108978473E+00
4.68316291855435036E-04  3.40778989598937176E+00
4.73891485806094998E-04  3.41635685088895968E+00
4.79466679756754906E-04  3.42492380578854672E+00
4.85041873707414868E-04  3.43349076068813419E+00
4.90617067658074830E-04  3.44205771558772167E+00
4.96192261608734793E-04  3.45062467048730914E+00
5.01767455559394646E-04  3.45919162538689662E+00
5.07342649510054608E-04  3.46775858028648365E+00
5.12917843460714571E-04  3.47632553518607157E+00
5.18493037411374533E-04  3.48489249008565860E+00
5.24068231362034495E-04  3.49345944498524652E+00
5.29643425312694349E-04  3.50202639988483355E+00
5.35218619263354311E-04  3.51059335478442103E+00
5.40793813214014273E-04  3.51916030968400850E+00
5.46369007164674235E-04  3.52772726458359598E+00
5.51944201115334198E-04  3.53629421948318345E+00
5.57519395065994051E-04  3.54486117438277049E+00
5.63094589016654014E-04  3.55342812928235796E+00
5.68669782967313976E-04  3.56199508418194544E+00
5.74244976917973938E-04  3.57056203908153291E+00
5.79820170868633900E-04  3.57912899398112039E+00
5.85395364819293754E-04  3.58769594888070742E+00
5.90970558769953716E-04  3.59626290378029534E+00
5.96545752720613678E-04  3.60482985867988237E+00
6.02120946671273641E-04  3.61339681357947029E+00
6.07696140621933603E-04  3.62196376847905732E+00
6.13271334572593565E-04  3.63053072337864480E+00
6.18846528523253419E-04  3.63909767827823227E+00
6.24421722473913381E-04  3.64766463317781975E+00
6.29996916424573343E-04  3.65623158807740722E+00
6.35572110375233305E-04  3.66479854297699470E+00
6.41147304325893268E-04  3.67336549787658218E+00
6.46722498276553121E-04  3.68193245277616921E+00
6.52297692227213084E-04  3.69049940767575668E+00
6.57872886177873046E-04  3.69906636257534416E+00
6.63448080128533008E-04  3.70763331747493163E+00
6.69023274079192970E-04  3.71620027237451911E+00
6.74598468029852824E-04  3.72476722727410614E+00
6.80173661980512786E-04  3.73333418217369406E+00
6.85748855931172748E-04  3.74190113707328109E+00
6.91324049881832711E-04  3.75046809197286901E+00
6.96899243832492673E-04  3.75903504687245604E+00
7.02474437783152527E-04  3.76760200177204352E+00
7.08049631733812489E-04  3.77616895667163099E+00
7.13624825684472451E-04  3.78473591157121803E+00
7.19200019635132413E-04  3.79330286647080595E+00
7.24775213585792375E-04  3.80186982137039298E+00
7.30350407536452229E-04  3.81043677626998045E+00
7.35925601487112191E-04  3.81900373116956793E+00
7.41500795437772153E-04  3.82757068606915540E+00
7.47075989388432116E-04  3.83613764096874288E+00
7.52651183339092078E-04  3.84470459586833035E+00
7.58226377289751932E-04  3.85327155076791783E+00
7.63801571240411894E-04  3.86183850566750486E+00
7.69376765191071856E-04  3.87040546056709278E+00
7.74951959141731818E-04  3.87897241546667981E+00
7.80527153092391780E-04  3.88753937036626729E+00
7.86102347043051634E-04  3.89610632526585476E+00
7.91677540993711596E-04  3.90467328016544180E+00
7.97252734944371559E-04  3.91324023506502972E+00
8.02827928895031521E-04  3.92180718996461675E+00
8.08403122845691483E-04  3.93037414486420467E+00
8.13978316796351337E-04  3.93894109976379170E+00
8.19553510747011299E-04  3.94750805466337917E+00
8.25128704697671261E-04  3.95607500956296665E+00
8.30703898648331223E-04  3.96464196446255412E+00
8.36279092598991186E-04  3.97320891936214160E+00
8.41854286549651148E-04  3.98177587426172863E+00
8.47429480500311002E-04  3.99034282916131655E+00
8.53004674450970964E-04  3.99890978406090358E+00
8.58579868401630926E-04  4.00747673896049150E+00
8.64155062352290888E-04  4.01604369386007853E+00
8.69730256302950850E-04  4.02461064875966557E+00
8.75305450253610704E-04  4.03317760365925349E+00
8.80880644204270666E-04  4.04174455855884052E+00
8.86455838154930629E-04  4.05031151345842844E+00
8.92031032105590591E-04  4.05887846835801547E+00
8.97606226056250553E-04  4.06744542325760339E+00
9.03181420006910407E-04  4.07601237815719042E+00
9.08756613957570369E-04  4.09636967223467341E+00
9.14331807908230331E-04  4.11900783259056169E+00
9.19907001858890293E-04  4.14164599294644908E+00
9.25482195809550255E-04  4.16428415330233825E+00
9.31057389760210109E-04  4.18692231365822565E+00
9.36632583710870071E-04  4.20956047401411304E+00
9.42207777661530034E-04  4.23219863437000132E+00
9.47782971612189996E-04  4.25483679472588960E+00
9.53358165562849958E-04  4.27747495508177789E+00
9.58933359513509812E-04  4.30011311543766528E+00
9.64508553464169774E-04  4.32275127579355356E+00
9.70083747414829736E-04  4.34538943614944095E+00
9.75658941365489698E-04  4.36802759650533012E+00
9.81234135316149661E-04  4.39066575686121752E+00
9.86809329266809514E-04  4.41330391721710580E+00
9.92384523217469585E-04  4.43594207757299408E+00
9.97959717168129439E-04  4.45858023792888147E+00
1.00353491111878929E-03  4.48121839828476975E+00
1.00911010506944936E-03  4.50385655864065804E+00
1.01468529902010922E-03  4.52649471899654543E+00
1.02026049297076929E-03  4.54913287935243371E+00
1.02583568692142914E-03  4.57177103970832199E+00
1.03141088087208900E-03  4.59440920006420939E+00
1.03698607482274907E-03  4.61704736042009767E+00
1.04256126877340892E-03  4.63968552077598595E+00
1.04813646272406899E-03  4.66232368113187423E+00
1.05371165667472884E-03  4.68496184148776162E+00
1.05928685062538870E-03  4.70760000184364991E+00
1.06486204457604877E-03  4.73023816219953819E+00
1.07043723852670862E-03  4.75287632255542558E+00
1.07601243247736869E-03  4.77551448291131386E+00
1.08158762642802855E-03  4.79815264326720214E+00
1.08716282037868840E-03  4.82079080362308954E+00
1.09273801432934847E-03  4.84342896397897782E+00
1.09831320828000832E-03  4.86606712433486610E+00
1.10388840223066840E-03  4.88870528469075438E+00
1.10946359618132825E-03  4.91134344504664178E+00
1.11503879013198810E-03  4.93398160540253006E+00
1.12061398408264817E-03  4.95661976575841834E+00
1.12618917803330803E-03  4.97925792611430573E+00
1.13176437198396810E-03  5.00189608647019490E+00
1.13733956593462795E-03  5.02453424682608230E+00
1.14291475988528781E-03  5.04717240718196969E+00
1.14848995383594788E-03  5.06981056753785797E+00
1.15406514778660773E-03  5.09244872789374625E+00
1.15964034173726780E-03  5.11508688824963453E+00
1.16521553568792765E-03  5.13772504860552193E+00
1.17079072963858751E-03  5.16036320896141021E+00
1.17636592358924758E-03  5.18300136931729849E+00
1.18194111753990743E-03  5.20563952967318588E+00
1.18751631149056750E-03  5.22827769002907505E+00
1.19309150544122736E-03  5.25091585038496245E+00
1.19866669939188743E-03  5.27355401074085073E+00
1.20424189334254728E-03  5.29619217109673812E+00
1.20981708729320713E-03  5.31883033145262640E+00
1.21539228124386721E-03  5.34146849180851468E+00
1.22096747519452706E-03  5.36410665216440208E+00
1.22654266914518713E-03  5.38674481252029125E+00
1.23211786309584698E-03  5.40938297287617864E+00
1.23769305704650684E-03  5.43202113323206603E+00
1.24326825099716691E-03  5.45465929358795520E+00
1.24884344494782676E-03  5.47729745394384260E+00
1.25441863889848683E-03  5.49993561429973088E+00
1.25999383284914669E-03  5.52257377465561827E+00
1.26556902679980654E-03  5.54521193501150655E+00
1.27114422075046661E-03  5.56785009536739484E+00
1.27671941470112646E-03  5.59048825572328223E+00
1.28229460865178654E-03  5.61312641607917140E+00
1.28786980260244639E-03  5.63576457643505879E+00
1.29344499655310624E-03  5.65840273679094619E+00
1.29902019050376631E-03  5.68104089714683536E+00
1.30459538445442617E-03  5.70367905750272275E+00
1.31017057840508624E-03  5.72631721785861103E+00
1.31574577235574609E-03  5.74895537821449931E+00
1.32132096630640595E-03  5.77159353857038671E+00
1.32689616025706602E-03  5.79423169892627499E+00
1.33247135420772587E-03  5.81686985928216238E+00
1.33804654815838594E-03  5.83950801963805155E+00
1.34362174210904579E-03  5.86214617999393894E+00
1.34919693605970565E-03  5.88478434034982634E+00
1.35477213001036572E-03  5.90742250070571551E+00
1.36034732396102557E-03  5.93006066106160290E+00
1.36592251791168564E-03  5.95269882141749118E+00
1.37149771186234550E-03  5.97533698177337946E+00
1.37707290581300535E-03  5.99797514212926686E+00
1.38264809976366542E-03  6.02061330248515514E+00
1.38822329371432527E-03  6.04325146284104253E+00
1.39379848766498535E-03  6.06588962319693170E+00
1.39937368161564520E-03  6.08852778355281909E+00
1.40494887556630505E-03  6.11116594390870649E+00
1.41052406951696512E-03  6.13380410426459566E+00
1.41609926346762498E-03  6.15644226462048305E+00
1.42167445741828505E-03  6.17908042497637133E+00
1.42724965136894490E-03  6.20171858533225961E+00
1.43282484531960476E-03  6.22435674568814701E+00
1.43840003927026483E-03  6.24699490604403529E+00
1.44397523322092468E-03  6.26963306639992268E+00
1.44955042717158475E-03  6.29227122675581185E+00
1.45512562112224460E-03  6.31490938711169925E+00
1.46070081507290446E-03  6.33754754746758664E+00
1.46627600902356453E-03  6.36018570782347581E+00
1.47185120297422438E-03  6.38282386817936320E+00
1.47742639692488445E-03  6.40546202853525148E+00
1.48300159087554431E-03  6.42810018889113977E+00
1.48857678482620416E-03  6.45073834924702716E+00
1.49415197877686423E-03  6.47337650960291544E+00
1.49972717272752409E-03  6.49601466995880372E+00
1.50530236667818416E-03  6.51865283031469200E+00
1.51087756062884401E-03  6.54129099067057940E+00
1.51645275457950386E-03  6.56392915102646679E+00
1.52202794853016393E-03  6.58656731138235596E+00
1.52760314248082379E-03  6.60920547173824335E+00
1.53317833643148386E-03  6.63184363209413164E+00
1.53875353038214371E-03  6.65448179245001992E+00
1.54432872433280357E-03  6.67711995280590731E+00
1.54990391828346364E-03  6.69975811316179559E+00
1.55547911223412349E-03  6.72239627351768387E+00
1.56105430618478356E-03  6.74503443387357215E+00
1.56662950013544341E-03  6.76767259422945955E+00
1.57220469408610327E-03  6.79031075458534694E+00
1.57777988803676334E-03  6.81294891494123611E+00
1.58335508198742319E-03  6.83558707529712350E+00
1.58893027593808326E-03  6.85822523565301179E+00
1.59450546988874312E-03  6.88086339600890007E+00
1.60008066383940297E-03  6.90350155636478746E+00
1.60565585779006304E-03  6.92613971672067574E+00
1.61123105174072290E-03  6.94877787707656402E+00
1.61680624569138297E-03  6.97141603743245231E+00
1.62238143964204282E-03  6.99405419778833970E+00
1.62795663359270267E-03  7.01669235814422709E+00
1.63353182754336274E-03  7.03933051850011626E+00
1.63910702149402260E-03  7.06196867885600366E+00
1.64468221544468267E-03  7.08460683921189194E+00
1.65025740939534252E-03  7.10724499956778022E+00
1.65583260334600238E-03  7.12988315992366761E+00
1.66140779729666245E-03  7.15252132027955589E+00
1.66698299124732230E-03  7.17515948063544418E+00
1.67255818519798237E-03  7.19779764099133246E+00
1.67813337914864222E-03  7.22043580134721985E+00
1.68370857309930230E-03  7.24307396170310813E+00
1.68928376704996215E-03  7.26571212205899641E+00
1.69485896100062200E-03  7.28835028241488381E+00
1.70043415495128207E-03  7.31098844277077209E+00
1.70600934890194193E-03  7.33362660312666037E+00
1.71158454285260200E-03  7.35626476348254865E+00
1.71715973680326185E-03  7.37890292383843605E+00
1.72273493075392171E-03  7.40154108419432433E+00
1.72831012470458178E-03  7.42417924455021261E+00
1.73388531865524163E-03  7.44681740490610000E+00
1.73946051260590170E-03  7.46945556526198917E+00
1.74503570655656155E-03  7.49209372561787657E+00
1.75061090050722141E-03  7.51473188597376396E+00
1.75618609445788148E-03  7.53737004632965224E+00
1.76176128840854133E-03  7.56000820668554052E+00
1.76733648235920140E-03  7.58264636704142880E+00
1.77291167630986126E-03  7.60528452739731620E+00
1.77848687026052111E-03  7.62792268775320448E+00
1.78406206421118118E-03  7.65056084810909276E+00
1.78963725816184104E-03  7.67319900846498015E+00
1.79521245211250111E-03  7.69583716882086932E+00
1.80078764606316096E-03  7.71847532917675672E+00
1.80636284001382081E-03  7.74111348953264411E+00
1.81193803396448088E-03  7.76375164988853239E+00
1.81751322791514074E-03  7.78638981024442067E+00
1.82308842186580081E-03  7.80902797060030895E+00
1.82866361581646066E-03  7.83166613095619635E+00
1.83423880976712052E-03  7.85430429131208463E+00
1.83981400371778059E-03  7.87694245166797291E+00
1.84538919766844044E-03  7.89958061202386030E+00
1.85096439161910051E-03  7.92221877237974947E+00
1.85653958556976036E-03  7.94485693273563687E+00
1.86211477952042022E-03  7.96749509309152426E+00
1.86768997347108029E-03  7.99013325344741254E+00
1.87326516742174014E-03  8.01277141380329994E+00
1.87884036137240021E-03  8.03540957415918911E+00
1.88441555532306007E-03  8.05804773451507650E+00
1.88999074927371992E-03  8.08068589487096389E+00
1.89556594322437999E-03  8.10332405522685306E+00
1.90114113717503985E-03  8.12596221558274046E+00
1.90671633112569992E-03  8.14860037593862963E+00
1.91229152507635977E-03  8.17123853629451702E+00
1.91786671902701962E-03  8.19387669665040441E+00
1.92344191297767969E-03  8.21651485700629358E+00
1.92901710692833955E-03  8.23915301736218098E+00
1.93459230087899962E-03  8.26179117771807014E+00
1.94016749482965947E-03  8.28442933807395576E+00
1.94574268878031933E-03  8.30706749842984493E+00
1.95131788273097940E-03  8.32970565878573410E+00
1.95689307668163925E-03  8.35234381914161972E+00
1.96246827063229932E-03  8.37498197949750889E+00
1.96804346458295939E-03  8.39762013985339806E+00
1.97361865853361903E-03  8.42025830020928545E+00
1.97919385248427910E-03  8.44289646056517284E+00
1.98476904643493917E-03  8.46553462092106201E+00
1.99034424038559881E-03  8.48817278127694941E+00
1.99591943433625888E-03  8.51081094163283680E+00
2.00149462828691895E-03  8.53344910198872597E+00
2.00706982223757859E-03  8.55608726234461336E+00
2.01264501618823866E-03  8.57872542270050076E+00
2.01822021013889873E-03  8.60136358305638993E+00
2.02379540408955880E-03  8.62400174341227732E+00
2.02937059804021843E-03  8.64663990376816471E+00
2.03494579199087850E-03  8.66927806412405388E+00
2.04052098594153858E-03  8.69191622447994128E+00
2.04609617989219821E-03  8.71455438483582867E+00
2.05167137384285828E-03  8.73719254519171784E+00
2.05724656779351835E-03  8.75983070554760523E+00
2.06282176174417799E-03  8.78246886590349263E+00
2.06839695569483806E-03  8.80510702625938180E+00
2.07397214964549813E-03  8.82774518661526919E+00
2.07954734359615820E-03  8.85038334697115836E+00
2.08512253754681784E-03  8.87302150732704575E+00
2.09069773149747791E-03  8.89565966768293315E+00
2.09627292544813798E-03  8.91829782803882232E+00
2.10184811939879762E-03  8.94093598839470971E+00
2.10742331334945769E-03  8.96357414875059710E+00
2.11299850730011776E-03  8.98621230910648627E+00
2.11857370125077740E-03  9.00885046946237367E+00
2.12414889520143747E-03  9.03148862981826106E+00
2.12972408915209754E-03  9.05412679017415023E+00
2.13529928310275761E-03  9.07676495053003940E+00
2.14087447705341724E-03  9.09940311088592502E+00
2.14644967100407731E-03  9.12204127124181419E+00
2.15202486495473739E-03  9.14467943159770158E+00
2.15760005890539702E-03  9.16731759195358897E+00
2.16317525285605709E-03  9.18995575230947814E+00
2.16875044680671716E-03  9.21259391266536554E+00
2.17432564075737680E-03  9.23523207302125293E+00
2.17990083470803687E-03  9.25787023337714210E+00
2.18547602865869694E-03  9.28050839373302949E+00
2.19105122260935701E-03  9.30314655408891866E+00
2.19662641656001665E-03  9.32578471444480606E+00
2.20220161051067672E-03  9.34842287480069345E+00
2.20777680446133679E-03  9.37106103515658262E+00
2.21335199841199643E-03  9.39369919551247001E+00
2.21892719236265650E-03  9.41633735586835741E+00
2.22450238631331657E-03  9.43897551622424658E+00
2.23007758026397621E-03  9.46161367658013397E+00
2.23565277421463628E-03  9.48425183693602136E+00
2.24122796816529635E-03  9.50688999729191053E+00
2.24680316211595642E-03  9.52952815764779970E+00
2.25237835606661605E-03  9.55216631800368532E+00
2.25795355001727613E-03  9.57480447835957449E+00
2.26352874396793620E-03  9.59744263871546366E+00
2.26910393791859583E-03  9.62008079907134928E+00
2.27467913186925590E-03  9.64271895942723845E+00
2.28025432581991597E-03  9.66535711978312584E+00
2.28582951977057561E-03  9.68799528013901323E+00
2.29140471372123568E-03  9.71063344049490240E+00
2.29697990767189575E-03  9.73327160085078980E+00
2.30255510162255582E-03  9.75590976120667897E+00
2.30813029557321546E-03  9.77854792156256636E+00
2.31370548952387553E-03  9.80118608191845375E+00
2.31928068347453560E-03  9.82382424227434292E+00
2.32485587742519524E-03  9.84646240263023032E+00
2.33043107137585531E-03  9.86910056298611771E+00
2.33600626532651538E-03  9.89173872334200688E+00
2.34158145927717502E-03  9.91437688369789427E+00
2.34715665322783509E-03  9.93701504405378166E+00
2.35273184717849516E-03  9.95965320440967083E+00
2.35830704112915523E-03  9.98229136476556000E+00
2.36388223507981486E-03  1.00049295251214456E+01
2.36945742903047494E-03  1.00275676854773348E+01
2.37503262298113501E-03  1.00502058458332240E+01
2.38060781693179464E-03  1.00728440061891096E+01
2.38618301088245471E-03  1.00954821665449987E+01
2.39175820483311478E-03  1.01181203269008861E+01
2.39733339878377485E-03  1.01407584872567753E+01
2.40290859273443449E-03  1.01633966476126627E+01
2.40848378668509456E-03  1.01860348079685501E+01
2.41405898063575463E-03  1.02086729683244393E+01
2.41963417458641427E-03  1.02313111286803267E+01
2.42520936853707434E-03  1.02539492890362141E+01
2.43078456248773441E-03  1.02765874493921032E+01
2.43635975643839405E-03  1.02992256097479906E+01
2.44193495038905412E-03  1.03218637701038780E+01
2.44751014433971419E-03  1.03445019304597672E+01
2.45308533829037426E-03  1.03671400908156564E+01
2.45866053224103390E-03  1.03897782511715420E+01
2.46423572619169397E-03  1.04124164115274311E+01
2.46981092014235404E-03  1.04350545718833203E+01
2.47538611409301368E-03  1.04576927322392059E+01
2.48096130804367375E-03  1.04803308925950951E+01
2.48653650199433382E-03  1.05029690529509843E+01
2.49211169594499345E-03  1.05256072133068699E+01
2.49768688989565352E-03  1.05482453736627591E+01
2.50326208384631359E-03  1.05708835340186482E+01
2.50883727779697367E-03  1.05935216943745356E+01
2.51441247174763330E-03  1.06161598547304230E+01
2.51998766569829337E-03  1.06387980150863104E+01
2.52556285964895344E-03  1.06614361754421996E+01
2.53113805359961308E-03  1.06840743357980870E+01
2.53671324755027315E-03  1.07067124961539744E+01
2.54228844150093322E-03  1.07293506565098635E+01
2.54786363545159286E-03  1.07519888168657509E+01
2.55343882940225293E-03  1.07746269772216383E+01
2.55901402335291300E-03  1.07972651375775275E+01
2.56458921730357307E-03  1.08199032979334167E+01
2.57016441125423271E-03  1.08425414582893023E+01
2.57573960520489278E-03  1.08651796186451914E+01
2.58131479915555285E-03  1.08878177790010806E+01
2.58688999310621249E-03  1.09104559393569662E+01
2.59246518705687256E-03  1.09330940997128554E+01
2.59804038100753263E-03  1.09557322600687446E+01
2.60361557495819226E-03  1.09783704204246302E+01
2.60919076890885233E-03  1.10010085807805194E+01
2.61476596285951240E-03  1.10236467411364085E+01
2.62034115681017248E-03  1.10462849014922959E+01
2.62591635076083211E-03  1.10689230618481833E+01
2.63149154471149218E-03  1.10915612222040725E+01
2.63706673866215225E-03  1.11141993825599599E+01
2.64264193261281189E-03  1.11368375429158473E+01
2.64821712656347196E-03  1.11594757032717347E+01
2.65379232051413203E-03  1.11821138636276238E+01
2.65936751446479167E-03  1.12047520239835112E+01
2.66494270841545174E-03  1.12273901843393986E+01
2.67051790236611181E-03  1.12500283446952878E+01
2.67609309631677188E-03  1.12726665050511770E+01
2.68166829026743152E-03  1.12953046654070626E+01
2.68724348421809159E-03  1.13179428257629517E+01
2.69281867816875166E-03  1.13405809861188409E+01
2.69839387211941130E-03  1.13632191464747265E+01
2.70396906607007137E-03  1.13858573068306157E+01
2.70954426002073144E-03  1.14084954671865049E+01
2.71511945397139107E-03  1.14311336275423905E+01
2.72069464792205114E-03  1.14537717878982797E+01
2.72626984187271122E-03  1.14764099482541688E+01
2.73184503582337129E-03  1.14990481086100562E+01
2.73742022977403092E-03  1.15216862689659436E+01
2.74299542372469099E-03  1.15443244293218328E+01
2.74857061767535106E-03  1.15669625896777202E+01
2.75414581162601070E-03  1.15896007500336076E+01
2.75972100557667077E-03  1.16122389103894950E+01
2.76529619952733084E-03  1.16348770707453841E+01
2.77087139347799048E-03  1.16575152311012715E+01
2.77644658742865055E-03  1.16801533914571589E+01
2.78202178137931062E-03  1.17027915518130481E+01
2.78759697532997069E-03  1.17254297121689373E+01
2.79317216928063033E-03  1.17480678725248229E+01
2.79874736323129040E-03  1.17707060328807120E+01
2.80432255718195047E-03  1.17933441932366012E+01
2.80989775113261011E-03  1.18159823535924868E+01
2.81547294508327018E-03  1.18386205139483760E+01
2.82104813903393025E-03  1.18612586743042652E+01
2.82662333298458988E-03  1.18838968346601508E+01
2.83219852693524995E-03  1.19065349950160400E+01
2.83777372088591003E-03  1.19291731553719291E+01
2.84334891483657010E-03  1.19518113157278165E+01
2.84892410878722973E-03  1.19744494760837039E+01
2.85449930273788980E-03  1.19970876364395931E+01
2.86007449668854987E-03  1.20197257967954805E+01
2.86564969063920951E-03  1.20423639571513679E+01
2.87122488458986958E-03  1.20650021175072570E+01
2.87680007854052965E-03  1.20876402778631444E+01
2.88237527249118972E-03  1.21102784382190336E+01
2.88795046644184936E-03  1.21329165985749192E+01
2.89352566039250943E-03  1.21555547589308084E+01
2.89910085434316950E-03  1.21781929192866976E+01
2.90467604829382914E-03  1.22008310796425832E+01
2.91025124224448921E-03  1.22234692399984723E+01
2.91582643619514928E-03  1.22461074003543615E+01
2.92140163014580892E-03  1.22687455607102471E+01
2.92697682409646899E-03  1.22913837210661363E+01
2.93255201804712906E-03  1.23140218814220255E+01
2.93812721199778913E-03  1.23366600417779129E+01
2.94370240594844877E-03  1.23592982021338003E+01
2.94927759989910884E-03  1.23819363624896894E+01
2.95485279384976891E-03  1.24045745228455768E+01
2.96042798780042854E-03  1.24272126832014642E+01
2.96600318175108861E-03  1.24498508435573534E+01
2.97157837570174868E-03  1.24724890039132408E+01
2.97715356965240832E-03  1.24951271642691282E+01
2.98272876360306839E-03  1.25177653246250173E+01
2.98830395755372846E-03  1.25404034849809047E+01
2.99387915150438853E-03  1.25630416453367939E+01
2.99945434545504817E-03  1.25856798056926813E+01
3.00502953940570824E-03  1.26083179660485687E+01
3.01060473335636831E-03  1.26309561264044579E+01
3.01617992730702795E-03  1.26535942867603435E+01
3.02175512125768802E-03  1.26762324471162326E+01
3.02733031520834809E-03  1.26988706074721218E+01
3.03290550915900773E-03  1.27215087678280074E+01
3.03848070310966780E-03  1.27441469281838966E+01
3.04405589706032787E-03  1.27667850885397858E+01
3.04963109101098794E-03  1.27894232488956732E+01
3.05520628496164758E-03  1.28120614092515606E+01
3.06078147891230765E-03  1.28346995696074497E+01
3.06635667286296772E-03  1.28573377299633371E+01
3.07193186681362735E-03  1.28799758903192245E+01
3.07750706076428742E-03  1.29026140506751137E+01
3.08308225471494749E-03  1.29252522110310011E+01
3.08865744866560713E-03  1.29478903713868885E+01
3.09423264261626720E-03  1.29705285317427776E+01
3.09980783656692727E-03  1.29931666920986650E+01
3.10538303051758734E-03  1.30158048524545542E+01
3.11095822446824698E-03  1.30384430128104416E+01
3.11653341841890705E-03  1.30610811731663290E+01
3.12210861236956712E-03  1.30837193335222182E+01
3.12768380632022676E-03  1.31063574938781038E+01
3.13325900027088683E-03  1.31289956542339930E+01
3.13883419422154690E-03  1.31516338145898821E+01
3.14440938817220654E-03  1.31742719749457677E+01
3.14998458212286661E-03  1.31969101353016569E+01
3.15555977607352668E-03  1.32195482956575461E+01
3.16113497002418675E-03  1.32421864560134335E+01
3.16671016397484639E-03  1.32648246163693209E+01
3.17228535792550646E-03  1.32874627767252100E+01
3.17786055187616653E-03  1.33101009370810974E+01
3.18343574582682616E-03  1.33327390974369848E+01
3.18901093977748623E-03  1.33553772577928740E+01
3.19458613372814631E-03  1.33780154181487614E+01
3.20016132767880594E-03  1.34006535785046488E+01
3.20573652162946601E-03  1.34232917388605379E+01
3.21131171558012608E-03  1.34459298992164253E+01
3.21688690953078615E-03  1.34685680595723145E+01
3.22246210348144579E-03  1.34912062199282019E+01
3.22803729743210586E-03  1.35138443802840893E+01
3.23361249138276593E-03  1.35364825406399785E+01
3.23918768533342557E-03  1.35591207009958659E+01
3.24476287928408564E-03  1.35817588613517533E+01
3.25033807323474571E-03  1.36043970217076424E+01
3.25591326718540535E-03  1.36270351820635280E+01
3.26148846113606542E-03  1.36496733424194172E+01
3.26706365508672549E-03  1.36723115027753064E+01
3.27263884903738556E-03  1.36949496631311938E+01
3.27821404298804520E-03  1.37175878234870812E+01
3.28378923693870527E-03  1.37402259838429703E+01
3.28936443088936534E-03  1.37628641441988577E+01
3.29493962484002497E-03  1.37855023045547451E+01
3.30051481879068504E-03  1.38081404649106343E+01
3.30609001274134512E-03  1.38307786252665217E+01
3.31166520669200475E-03  1.38534167856224091E+01
3.31724040064266482E-03  1.38760549459782982E+01
3.32281559459332489E-03  1.38986931063341856E+01
3.32839078854398496E-03  1.39213312666900748E+01
3.33396598249464460E-03  1.39439694270459622E+01
3.33954117644530467E-03  1.39666075874018496E+01
3.34511637039596474E-03  1.39892457477577388E+01
3.35069156434662438E-03  1.40118839081136262E+01
3.35626675829728445E-03  1.40345220684695136E+01
3.36184195224794452E-03  1.40571602288254027E+01
3.36741714619860459E-03  1.40797983891812901E+01
3.37299234014926423E-03  1.41024365495371775E+01
3.37856753409992430E-03  1.41250747098930667E+01
3.38414272805058437E-03  1.41477128702489541E+01
3.38971792200124401E-03  1.41703510306048415E+01
3.39529311595190408E-03  1.41929891909607306E+01
3.40086830990256415E-03  1.42156273513166180E+01
3.40644350385322378E-03  1.42382655116725054E+01
3.41201869780388386E-03  1.42609036720283946E+01
3.41759389175454393E-03  1.42835418323842820E+01
3.42316908570520400E-03  1.43061799927401712E+01
3.42874427965586363E-03  1.43288181530960586E+01
3.43431947360652370E-03  1.43514563134519459E+01
3.43989466755718377E-03  1.43740944738078351E+01
3.44546986150784341E-03  1.43967326341637225E+01
3.45104505545850348E-03  1.44193707945196099E+01
3.45662024940916355E-03  1.44420089548754991E+01
3.46219544335982319E-03  1.44646471152313865E+01
3.46777063731048326E-03  1.44872852755872739E+01
3.47334583126114333E-03  1.45099234359431630E+01
3.47892102521180340E-03  1.45325615962990522E+01
3.48449621916246304E-03  1.45551997566549378E+01
3.49007141311312311E-03  1.45778379170108270E+01
3.49564660706378318E-03  1.46004760773667144E+01
3.50122180101444282E-03  1.46231142377226018E+01
3.50679699496510289E-03  1.46457523980784909E+01
3.51237218891576296E-03  1.46683905584343783E+01
3.51794738286642259E-03  1.46910287187902657E+01
3.52352257681708267E-03  1.47136668791461549E+01
3.52909777076774274E-03  1.47363050395020423E+01
3.53467296471840281E-03  1.47589431998579315E+01
3.54024815866906244E-03  1.47815813602138189E+01
3.54582335261972251E-03  1.48042195205697062E+01
3.55139854657038258E-03  1.48268576809255954E+01
3.55697374052104222E-03  1.48494958412814828E+01
3.56254893447170229E-03  1.48721340016373702E+01
3.56812412842236236E-03  1.48947721619932594E+01
3.57369932237302200E-03  1.49174103223491468E+01
3.57927451632368207E-03  1.49400484827050342E+01
3.58484971027434214E-03  1.49626866430609233E+01
3.59042490422500221E-03  1.49853248034168125E+01
3.59600009817566185E-03  1.50079629637726981E+01
3.60157529212632192E-03  1.50306011241285873E+01
3.60715048607698199E-03  1.50532392844844765E+01
3.61272568002764163E-03  1.50758774448403621E+01
3.61830087397830170E-03  1.50985156051962512E+01
3.62387606792896177E-03  1.51211537655521386E+01
3.62945126187962140E-03  1.51437919259080260E+01
3.63502645583028148E-03  1.51664300862639152E+01
3.64060164978094155E-03  1.51890682466198026E+01
3.64617684373160162E-03  1.52117064069756918E+01
3.65175203768226125E-03  1.52343445673315792E+01
3.65732723163292132E-03  1.52569827276874666E+01
3.66290242558358140E-03  1.52796208880433557E+01
3.66847761953424103E-03  1.53022590483992431E+01
3.67405281348490110E-03  1.53248972087551305E+01
3.67962800743556117E-03  1.53475353691110197E+01
3.68520320138622081E-03  1.53701735294669071E+01
3.69077839533688088E-03  1.53928116898227945E+01
3.69635358928754095E-03  1.54154498501786836E+01
3.70192878323820102E-03  1.54380880105345728E+01
3.70750397718886066E-03  1.54607261708904584E+01
3.71307917113952073E-03  1.54833643312463476E+01
3.71865436509018080E-03  1.55060024916022368E+01
3.72422955904084044E-03  1.55286406519581224E+01
3.72980475299150051E-03  1.55512788123140115E+01
3.73537994694216058E-03  1.55739169726698989E+01
3.74095514089282022E-03  1.55965551330257863E+01
3.74653033484348029E-03  1.56191932933816755E+01
3.75210552879414036E-03  1.56418314537375629E+01
3.75768072274480043E-03  1.56644696140934521E+01
3.76325591669546006E-03  1.56871077744493395E+01
3.76883111064612013E-03  1.57097459348052269E+01
3.77440630459678021E-03  1.57323840951611160E+01
3.77998149854743984E-03  1.57550222555170034E+01
3.78555669249809991E-03  1.57776604158728908E+01
3.79113188644875998E-03  1.58002985762287800E+01
3.79670708039941962E-03  1.58229367365846674E+01
3.80228227435007969E-03  1.58455748969405548E+01
3.80785746830073976E-03  1.58682130572964439E+01
3.81343266225139983E-03  1.58908512176523331E+01
3.81900785620205947E-03  1.59134893780082187E+01
3.82458305015271954E-03  1.59361275383641079E+01
3.83015824410337961E-03  1.59587656987199971E+01
3.83573343805403925E-03  1.59814038590758827E+01
3.84130863200469932E-03  1.60040420194317718E+01
3.84688382595535939E-03  1.60266801797876610E+01
3.85245901990601946E-03  1.60493183401435502E+01
3.85803421385667910E-03  1.60719565004994358E+01
3.86360940780733917E-03  1.60945946608553214E+01
3.86918460175799924E-03  1.61172328212112106E+01
3.87475979570865887E-03  1.61398709815670998E+01
3.88033498965931894E-03  1.61625091419229889E+01
3.88591018360997902E-03  1.61851473022788781E+01
3.89148537756063865E-03  1.62077854626347637E+01
3.89706057151129872E-03  1.62304236229906493E+01
3.90263576546195879E-03  1.62530617833465385E+01
3.90821095941261843E-03  1.62756999437024277E+01
3.91378615336327850E-03  1.62983381040583168E+01
3.91936134731393857E-03  1.63209762644142060E+01
3.92493654126459864E-03  1.63436144247700952E+01
3.93051173521525871E-03  1.63662525851259808E+01
3.93608692916591878E-03  1.63888907454818700E+01
3.94166212311657799E-03  1.64115289058377556E+01
3.94723731706723806E-03  1.64341670661936448E+01
3.95281251101789813E-03  1.64568052265495304E+01
3.95838770496855820E-03  1.64794433869054195E+01
3.96396289891921827E-03  1.65020815472613087E+01
3.96953809286987834E-03  1.65247197076171979E+01
3.97511328682053754E-03  1.65473578679730835E+01
3.98068848077119761E-03  1.65699960283289727E+01
3.98626367472185768E-03  1.65926341886848583E+01
3.99183886867251776E-03  1.66152723490407475E+01
3.99741406262317783E-03  1.66379105093966366E+01
4.00298925657383790E-03  1.66605486697525258E+01
4.00856445052449797E-03  1.66831868301084150E+01
4.01413964447515717E-03  1.67058249904643006E+01
4.01971483842581724E-03  1.67284631508201862E+01
4.02529003237647731E-03  1.67511013111760754E+01
4.03086522632713738E-03  1.67737394715319645E+01
4.03644042027779745E-03  1.67963776318878537E+01
4.04201561422845752E-03  1.68190157922437429E+01
4.04759080817911759E-03  1.68416539525996285E+01
4.05316600212977680E-03  1.68642921129555141E+01
4.05874119608043687E-03  1.68869302733114033E+01
4.06431639003109694E-03  1.69095684336672925E+01
4.06989158398175701E-03  1.69322065940231816E+01
4.07546677793241708E-03  1.69548447543790708E+01
4.08104197188307715E-03  1.69774829147349564E+01
4.08661716583373635E-03  1.70001210750908420E+01
4.09219235978439642E-03  1.70227592354467312E+01
4.09776755373505649E-03  1.70453973958026204E+01
4.10334274768571657E-03  1.70680355561585095E+01
4.10891794163637664E-03  1.70906737165143987E+01
4.11449313558703671E-03  1.71133118768702843E+01
4.12006832953769678E-03  1.71359500372261735E+01
4.12564352348835598E-03  1.71585881975820591E+01
4.13121871743901605E-03  1.71812263579379483E+01
4.13679391138967612E-03  1.72038645182938374E+01
4.14236910534033619E-03  1.72265026786497266E+01
4.14794429929099626E-03  1.72491408390056122E+01
4.15351949324165633E-03  1.72717789993615014E+01
4.15909468719231640E-03  1.72944171597173906E+01
4.16466988114297561E-03  1.73170553200732762E+01
4.17024507509363568E-03  1.73396934804291654E+01
4.17582026904429575E-03  1.73623316407850510E+01
4.18139546299495582E-03  1.73849698011409401E+01
4.18697065694561589E-03  1.74076079614968293E+01
4.19254585089627596E-03  1.74302461218527185E+01
4.19812104484693516E-03  1.74528842822086041E+01
4.20369623879759523E-03  1.74755224425644933E+01
4.20927143274825531E-03  1.74981606029203789E+01
4.21484662669891538E-03  1.75207987632762681E+01
4.22042182064957545E-03  1.75434369236321572E+01
4.22599701460023552E-03  1.75660750839880464E+01
4.23157220855089559E-03  1.75887132443439356E+01
4.23714740250155479E-03  1.76113514046998212E+01
4.24272259645221486E-03  1.76339895650557068E+01
4.24829779040287493E-03  1.76566277254115960E+01
4.25387298435353500E-03  1.76792658857674851E+01
4.25944817830419507E-03  1.77019040461233743E+01
4.26502337225485514E-03  1.77245422064792635E+01
4.27059856620551521E-03  1.77471803668351527E+01
4.27617376015617442E-03  1.77698185271910347E+01
4.28174895410683449E-03  1.77924566875469239E+01
4.28732414805749456E-03  1.78150948479028131E+01
4.29289934200815463E-03  1.78377330082587022E+01
4.29847453595881470E-03  1.78603711686145914E+01
4.30404972990947477E-03  1.78830093289704770E+01
4.30962492386013484E-03  1.79056474893263662E+01
4.31520011781079404E-03  1.79282856496822518E+01
4.32077531176145412E-03  1.79509238100381410E+01
4.32635050571211419E-03  1.79735619703940301E+01
4.33192569966277426E-03  1.79962001307499193E+01
4.33750089361343433E-03  1.80188382911058049E+01
4.34307608756409440E-03  1.80414764514616941E+01
4.34865128151475360E-03  1.80641146118175797E+01
4.35422647546541367E-03  1.80867527721734689E+01
4.35980166941607374E-03  1.81093909325293581E+01
4.36537686336673381E-03  1.81320290928852472E+01
4.37095205731739388E-03  1.81546672532411328E+01
4.37652725126805395E-03  1.81773054135970220E+01
4.38210244521871402E-03  1.81999435739529112E+01
4.38767763916937323E-03  1.82225817343087968E+01
4.39325283312003330E-03  1.82452198946646860E+01
4.39882802707069337E-03  1.82678580550205751E+01
4.40440322102135344E-03  1.82904962153764608E+01
4.40997841497201351E-03  1.83131343757323499E+01
4.41555360892267358E-03  1.83357725360882391E+01
4.42112880287333365E-03  1.83584106964441283E+01
4.42670399682399286E-03  1.83810488568000139E+01
4.43227919077465293E-03  1.84036870171558995E+01
4.43785438472531300E-03  1.84263251775117887E+01
4.44342957867597307E-03  1.84489633378676778E+01
4.44900477262663314E-03  1.84716014982235670E+01
4.45457996657729321E-03  1.84942396585794562E+01
4.46015516052795241E-03  1.85168778189353418E+01
4.46573035447861248E-03  1.85395159792912274E+01
4.47130554842927255E-03  1.85621541396471166E+01
4.47688074237993262E-03  1.85847923000030057E+01
4.48245593633059269E-03  1.86074304603588949E+01
4.48803113028125276E-03  1.86300686207147841E+01
4.49360632423191284E-03  1.86527067810706733E+01
4.49918151818257204E-03  1.86753449414265553E+01
4.50475671213323211E-03  1.86979831017824445E+01
4.51033190608389218E-03  1.87206212621383337E+01
4.51590710003455225E-03  1.87432594224942228E+01
4.52148229398521232E-03  1.87658975828501120E+01
4.52705748793587239E-03  1.87885357432060012E+01
4.53263268188653246E-03  1.88111739035618868E+01
4.53820787583719167E-03  1.88338120639177724E+01
4.54378306978785174E-03  1.88564502242736616E+01
4.54935826373851181E-03  1.88790883846295507E+01
4.55493345768917188E-03  1.89017265449854399E+01
4.56050865163983195E-03  1.89243647053413255E+01
4.56608384559049202E-03  1.89470028656972147E+01
4.57165903954115122E-03  1.89696410260531003E+01
4.57723423349181129E-03  1.89922791864089895E+01
4.58280942744247136E-03  1.90149173467648787E+01
4.58838462139313143E-03  1.90375555071207678E+01
4.59395981534379150E-03  1.90601936674766534E+01
4.59953500929445157E-03  1.90828318278325426E+01
4.60511020324511165E-03  1.91054699881884318E+01
4.61068539719577085E-03  1.91281081485443174E+01
4.61626059114643092E-03  1.91507463089002066E+01
4.62183578509709099E-03  1.91733844692560957E+01
4.62741097904775106E-03  1.91960226296119814E+01
4.63298617299841113E-03  1.92186607899678705E+01
4.63856136694907120E-03  1.92412989503237597E+01
4.64413656089973127E-03  1.92639371106796489E+01
4.64971175485039048E-03  1.92865752710355345E+01
4.65528694880105055E-03  1.93092134313914237E+01
4.66086214275171062E-03  1.93318515917473093E+01
4.66643733670237069E-03  1.93544897521031984E+01
4.67201253065303076E-03  1.93771279124590876E+01
4.67758772460369083E-03  1.93997660728149768E+01
4.68316291855435003E-03  1.94224042331708624E+01
4.68873811250501010E-03  1.94450423935267480E+01
4.69431330645567017E-03  1.94676805538826372E+01
4.69988850040633024E-03  1.94903187142385264E+01
4.70546369435699031E-03  1.95129568745944155E+01
4.71103888830765039E-03  1.95355950349503047E+01
4.71661408225831046E-03  1.95582331953061939E+01
4.72218927620896966E-03  1.95808713556620759E+01
4.72776447015962973E-03  1.96035095160179651E+01
4.73333966411028980E-03  1.96261476763738543E+01
4.73891485806094987E-03  1.96487858367297434E+01
4.74449005201160994E-03  1.96714239970856326E+01
4.75006524596227001E-03  1.96940621574415218E+01
4.75564043991293008E-03  1.97167003177974074E+01
4.76121563386358929E-03  1.97393384781532930E+01
4.76679082781424936E-03  1.97619766385091822E+01
4.77236602176490943E-03  1.97846147988650714E+01
4.77794121571556950E-03  1.98072529592209605E+01
4.78351640966622957E-03  1.98298911195768461E+01
4.78909160361688964E-03  1.98525292799327353E+01
4.79466679756754971E-03  1.98751674402886245E+01
4.80024199151820891E-03  1.98978056006445101E+01
4.80581718546886898E-03  1.99204437610003993E+01
4.81139237941952905E-03  1.99430819213562884E+01
4.81696757337018912E-03  1.99657200817121740E+01
4.82254276732084920E-03  1.99883582420680632E+01
4.82811796127150927E-03  2.00109964024239524E+01
4.83369315522216847E-03  2.00336345627798380E+01
4.83926834917282854E-03  2.00562727231357272E+01
4.84484354312348861E-03  2.00789108834916163E+01
4.85041873707414868E-03  2.01015490438475020E+01
4.85599393102480875E-03  2.01241872042033911E+01
4.86156912497546882E-03  2.01468253645592803E+01
4.86714431892612889E-03  2.01694635249151695E+01
4.87271951287678810E-03  2.01921016852710551E+01
4.87829470682744817E-03  2.02147398456269443E+01
4.88386990077810824E-03  2.02373780059828299E+01
4.88944509472876831E-03  2.02600161663387190E+01
4.89502028867942838E-03  2.02826543266946082E+01
4.90059548263008845E-03  2.03052924870504974E+01
4.90617067658074852E-03  2.03279306474063866E+01
4.91174587053140772E-03  2.03505688077622686E+01
4.91732106448206779E-03  2.03732069681181578E+01
4.92289625843272786E-03  2.03958451284740470E+01
4.92847145238338794E-03  2.04184832888299361E+01
4.93404664633404801E-03  2.04411214491858253E+01
4.93962184028470808E-03  2.04637596095417145E+01
4.94519703423536728E-03  2.04863977698975965E+01
4.95077222818602735E-03  2.05090359302534857E+01
4.95634742213668742E-03  2.05316740906093749E+01
4.96192261608734749E-03  2.05543122509652640E+01
4.96749781003800756E-03  2.05769504113211532E+01
4.97307300398866763E-03  2.05995885716770424E+01
4.97864819793932770E-03  2.06222267320329280E+01
4.98422339188998691E-03  2.06448648923888136E+01
4.98979858584064698E-03  2.06675030527447028E+01
4.99537377979130705E-03  2.06901412131005920E+01
5.00094897374196712E-03  2.07127793734564811E+01
5.00652416769262719E-03  2.07354175338123703E+01
5.01209936164328726E-03  2.07580556941682559E+01
5.01767455559394733E-03  2.07806938545241451E+01
5.02324974954460653E-03  2.08033320148800307E+01
5.02882494349526660E-03  2.08259701752359199E+01
5.03440013744592667E-03  2.08486083355918090E+01
5.03997533139658675E-03  2.08712464959476947E+01
5.04555052534724682E-03  2.08938846563035838E+01
5.05112571929790689E-03  2.09165228166594730E+01
5.05670091324856609E-03  2.09391609770153586E+01
5.06227610719922616E-03  2.09617991373712478E+01
5.06785130114988623E-03  2.09844372977271370E+01
5.07342649510054630E-03  2.10070754580830226E+01
5.07900168905120637E-03  2.10297136184389117E+01
5.08457688300186644E-03  2.10523517787948009E+01
5.09015207695252651E-03  2.10749899391506901E+01
5.09572727090318572E-03  2.10976280995065757E+01
5.10130246485384579E-03  2.11202662598624649E+01
5.10687765880450586E-03  2.11429044202183505E+01
5.11245285275516593E-03  2.11655425805742397E+01
5.11802804670582600E-03  2.11881807409301288E+01
5.12360324065648607E-03  2.12108189012860180E+01
5.12917843460714614E-03  2.12334570616419072E+01
5.13475362855780534E-03  2.12560952219977928E+01
5.14032882250846541E-03  2.12787333823536784E+01
5.14590401645912549E-03  2.13013715427095676E+01
5.15147921040978556E-03  2.13240097030654567E+01
5.15705440436044563E-03  2.13466478634213459E+01
5.16262959831110570E-03  2.13692860237772351E+01
5.16820479226176490E-03  2.13919241841331171E+01
5.17377998621242497E-03  2.14145623444890063E+01
5.17935518016308504E-03  2.14372005048448955E+01
5.18493037411374511E-03  2.14598386652007846E+01
5.19050556806440518E-03  2.14824768255566738E+01
5.19608076201506525E-03  2.15051149859125630E+01
5.20165595596572532E-03  2.15277531462684486E+01
5.20723114991638453E-03  2.15503913066243342E+01
5.21280634386704460E-03  2.15730294669802234E+01
5.21838153781770467E-03  2.15956676273361126E+01
5.22395673176836474E-03  2.16183057876920017E+01
5.22953192571902481E-03  2.16409439480478909E+01
5.23510711966968488E-03  2.16635821084037765E+01
5.24068231362034495E-03  2.16862202687596657E+01
5.24625750757100415E-03  2.17088584291155513E+01
5.25183270152166422E-03  2.17314965894714405E+01
5.25740789547232430E-03  2.17541347498273296E+01
5.26298308942298437E-03  2.17767729101832188E+01
5.26855828337364444E-03  2.17994110705391044E+01
5.27413347732430451E-03  2.18220492308949936E+01
5.27970867127496458E-03  2.18446873912508828E+01
5.28528386522562378E-03  2.18673255516067684E+01
5.29085905917628385E-03  2.18899637119626576E+01
5.29643425312694392E-03  2.19126018723185432E+01
5.30200944707760399E-03  2.19352400326744323E+01
5.30758464102826406E-03  2.19578781930303215E+01
5.31315983497892413E-03  2.19805163533862107E+01
5.31873502892958334E-03  2.20031545137420963E+01
5.32431022288024341E-03  2.20257926740979855E+01
5.32988541683090348E-03  2.20484308344538711E+01
5.33546061078156355E-03  2.20710689948097603E+01
5.34103580473222362E-03  2.20937071551656494E+01
5.34661099868288369E-03  2.21163453155215386E+01
5.35218619263354376E-03  2.21389834758774278E+01
5.35776138658420296E-03  2.21616216362333134E+01
5.36333658053486304E-03  2.21842597965891990E+01
5.36891177448552311E-03  2.22068979569450882E+01
5.37448696843618318E-03  2.22295361173009773E+01
5.38006216238684325E-03  2.22521742776568665E+01
5.38563735633750332E-03  2.22748124380127557E+01
5.39121255028816339E-03  2.22974505983686413E+01
5.39678774423882259E-03  2.23200887587245269E+01
5.40236293818948266E-03  2.23427269190804161E+01
5.40793813214014273E-03  2.23653650794363053E+01
5.41351332609080280E-03  2.23880032397921944E+01
5.41908852004146287E-03  2.24106414001480836E+01
5.42466371399212294E-03  2.24332795605039692E+01
5.43023890794278215E-03  2.24559177208598548E+01
5.43581410189344222E-03  2.24785558812157440E+01
5.44138929584410229E-03  2.25011940415716332E+01
5.44696448979476236E-03  2.25238322019275223E+01
5.45253968374542243E-03  2.25464703622834115E+01
5.45811487769608250E-03  2.25691085226392971E+01
5.46369007164674257E-03  2.25917466829951863E+01
5.46926526559740177E-03  2.26143848433510719E+01
5.47484045954806185E-03  2.26370230037069611E+01
5.48041565349872192E-03  2.26596611640628502E+01
5.48599084744938199E-03  2.26822993244187394E+01
5.49156604140004206E-03  2.27049374847746250E+01
5.49714123535070213E-03  2.27275756451305142E+01
5.50271642930136220E-03  2.27502138054864034E+01
5.50829162325202140E-03  2.27728519658422890E+01
5.51386681720268147E-03  2.27954901261981782E+01
5.51944201115334154E-03  2.28181282865540638E+01
5.52501720510400161E-03  2.28407664469099529E+01
5.53059239905466168E-03  2.28634046072658421E+01
5.53616759300532175E-03  2.28860427676217313E+01
5.54174278695598096E-03  2.29086809279776169E+01
5.54731798090664103E-03  2.29313190883335061E+01
5.55289317485730110E-03  2.29539572486893917E+01
5.55846836880796117E-03  2.29765954090452809E+01
5.56404356275862124E-03  2.29992335694011700E+01
5.56961875670928131E-03  2.30218717297570592E+01
