0.00000000000000000E+00  0.00000000000000000E+00
5.01718010502593546E-06  1.42341923656859298E-01
1.00343602100518709E-05  2.84683847313718597E-01
1.50515403150778072E-05  4.27025770970577923E-01
2.00687204201037418E-05  5.69367694627437193E-01
2.50859005251296764E-05  7.11709618284296464E-01
3.01030806301556144E-05  8.54051541941155845E-01
3.51202607351815490E-05  9.96393465598015116E-01
4.01374408402074836E-05  1.13873538925487439E+00
4.51546209452334183E-05  1.28107731291173366E+00
5.01718010502593529E-05  1.42341923656859293E+00
5.51889811552852875E-05  1.56576116022545220E+00
6.02061612603112289E-05  1.70810308388231169E+00
6.52233413653371567E-05  1.85044500753917074E+00
7.02405214703630981E-05  1.99278693119603023E+00
7.52577015753890259E-05  2.13512885485288928E+00
8.02748816804149673E-05  2.27747077850974877E+00
8.52920617854409087E-05  2.41981270216660826E+00
9.03092418904668365E-05  2.56215462582346731E+00
9.53264219954927779E-05  2.70449654948032681E+00
1.00343602100518706E-04  2.84683847313718585E+00
1.05360782205544647E-04  2.98918039679404535E+00
1.10377962310570575E-04  3.13152232045090440E+00
1.15395142415596516E-04  3.15315825761882573E+00
1.20412322520622458E-04  3.16939734897497338E+00
1.25429502625648386E-04  3.18563644033112059E+00
1.30446682730674313E-04  3.20187553168726780E+00
1.35463862835700268E-04  3.21811462304341545E+00
1.40481042940726196E-04  3.23435371439956265E+00
1.45498223045752124E-04  3.25059280575571030E+00
1.50515403150778052E-04  3.26683189711185751E+00
1.55532583255804007E-04  3.28307098846800471E+00
1.60549763360829935E-04  3.29931007982415236E+00
1.65566943465855862E-04  3.31554917118029957E+00
1.70584123570881817E-04  3.33178826253644722E+00
1.75601303675907745E-04  3.34802735389259443E+00
1.80618483780933673E-04  3.36426644524874163E+00
1.85635663885959601E-04  3.38050553660488928E+00
1.90652843990985556E-04  3.39674462796103693E+00
1.95670024096011484E-04  3.41298371931718414E+00
2.00687204201037411E-04  3.42922281067333135E+00
2.05704384306063366E-04  3.44546190202947900E+00
2.10721564411089294E-04  3.46170099338562620E+00
2.15738744516115222E-04  3.47794008474177385E+00
2.20755924621141150E-04  3.49417917609792106E+00
2.25773104726167105E-04  3.51041826745406826E+00
2.30790284831193033E-04  3.52665735881021591E+00
2.35807464936218960E-04  3.54289645016636312E+00
2.40824645041244915E-04  3.55913554152251077E+00
2.45841825146270816E-04  3.57537463287865798E+00
2.50859005251296771E-04  3.59161372423480563E+00
2.55876185356322726E-04  3.60785281559095283E+00
2.60893365461348627E-04  3.62409190694710048E+00
2.65910545566374582E-04  3.64033099830324769E+00
2.70927725671400537E-04  3.65657008965939490E+00
2.75944905776426437E-04  3.67280918101554255E+00
2.80962085881452392E-04  3.68904827237168975E+00
2.85979265986478347E-04  3.70528736372783740E+00
2.90996446091504248E-04  3.72152645508398461E+00
2.96013626196530203E-04  3.73776554644013226E+00
3.01030806301556104E-04  3.75400463779627946E+00
3.06047986406582059E-04  3.77024372915242711E+00
3.11065166511608013E-04  3.78648282050857432E+00
3.16082346616633914E-04  3.80272191186472153E+00
3.21099526721659869E-04  3.81896100322086873E+00
3.26116706826685824E-04  3.83520009457701683E+00
3.31133886931711725E-04  3.85143918593316403E+00
3.36151067036737680E-04  3.86767827728931124E+00
3.41168247141763635E-04  3.88391736864545845E+00
3.46185427246789535E-04  3.90015646000160610E+00
3.51202607351815490E-04  3.91639555135775375E+00
3.56219787456841391E-04  3.93263464271390095E+00
3.61236967561867346E-04  3.94887373407004816E+00
3.66254147666893301E-04  3.96511282542619536E+00
3.71271327771919202E-04  3.98135191678234301E+00
3.76288507876945157E-04  3.99759100813849066E+00
3.81305687981971112E-04  4.01383009949463787E+00
3.86322868086997012E-04  4.03006919085078508E+00
3.91340048192022967E-04  4.04630828220693317E+00
3.96357228297048922E-04  4.06254737356308038E+00
4.01374408402074823E-04  4.07878646491922758E+00
4.06391588507100778E-04  4.09502555627537479E+00
4.11408768612126733E-04  4.11126464763152200E+00
4.16425948717152633E-04  4.12750373898767009E+00
4.21443128822178588E-04  4.14374283034381730E+00
4.26460308927204489E-04  4.15998192169996450E+00
4.31477489032230444E-04  4.17622101305611171E+00
4.36494669137256399E-04  4.19246010441225891E+00
4.41511849242282300E-04  4.20869919576840701E+00
4.46529029347308255E-04  4.22493828712455421E+00
4.51546209452334210E-04  4.24117737848070142E+00
4.56563389557360110E-04  4.25741646983684863E+00
4.61580569662386065E-04  4.27365556119299583E+00
4.66597749767412020E-04  4.28989465254914393E+00
4.71614929872437921E-04  4.30613374390529113E+00
4.76632109977463876E-04  4.32237283526143834E+00
4.81649290082489831E-04  4.33861192661758643E+00
4.86666470187515732E-04  4.35485101797373275E+00
4.91683650292541632E-04  4.37109010932988085E+00
4.96700830397567641E-04  4.38732920068602805E+00
5.01718010502593542E-04  4.40356829204217526E+00
5.06735190607619443E-04  4.41980738339832246E+00
5.11752370712645452E-04  4.43604647475447056E+00
5.16769550817671353E-04  4.45228556611061776E+00
5.21786730922697253E-04  4.46852465746676497E+00
5.26803911027723263E-04  4.48476374882291218E+00
5.31821091132749163E-04  4.50100284017906027E+00
5.36838271237775064E-04  4.51724193153520659E+00
5.41855451342801073E-04  4.53348102289135468E+00
5.46872631447826974E-04  4.54972011424750189E+00
5.51889811552852875E-04  4.56595920560364910E+00
5.56906991657878884E-04  4.58219829695979719E+00
5.61924171762904785E-04  4.59843738831594440E+00
5.66941351867930685E-04  4.61467647967209160E+00
5.71958531972956694E-04  4.63091557102823970E+00
5.76975712077982595E-04  4.64715466238438601E+00
5.81992892183008496E-04  4.66339375374053411E+00
5.87010072288034397E-04  4.67963284509668132E+00
5.92027252393060406E-04  4.69587193645282852E+00
5.97044432498086306E-04  4.71211102780897573E+00
6.02061612603112207E-04  4.72835011916512293E+00
6.07078792708138216E-04  4.74458921052127103E+00
6.12095972813164117E-04  4.76082830187741823E+00
6.17113152918190018E-04  4.77706739323356544E+00
6.22130333023216027E-04  4.79330648458971353E+00
6.27147513128241928E-04  4.80954557594585985E+00
6.32164693233267828E-04  4.82578466730200795E+00
6.37181873338293838E-04  4.84202375865815515E+00
6.42199053443319738E-04  4.85826285001430236E+00
6.47216233548345639E-04  4.87450194137045045E+00
6.52233413653371648E-04  4.89074103272659766E+00
6.57250593758397549E-04  4.90698012408274487E+00
6.62267773863423450E-04  4.92321921543889207E+00
6.67284953968449459E-04  4.93945830679503928E+00
6.72302134073475359E-04  4.95569739815118737E+00
6.77319314178501260E-04  4.97193648950733369E+00
6.82336494283527269E-04  4.98817558086348178E+00
6.87353674388553170E-04  5.00441467221962899E+00
6.92370854493579071E-04  5.02065376357577620E+00
6.97388034598605080E-04  5.03689285493192429E+00
7.02405214703630981E-04  5.05313194628807150E+00
7.07422394808656881E-04  5.06937103764421870E+00
7.12439574913682782E-04  5.08561012900036591E+00
7.17456755018708791E-04  5.10184922035651311E+00
7.22473935123734692E-04  5.11808831171266121E+00
7.27491115228760593E-04  5.13432740306880753E+00
7.32508295333786602E-04  5.15056649442495562E+00
7.37525475438812503E-04  5.16680558578110372E+00
7.42542655543838403E-04  5.18304467713725003E+00
7.47559835648864413E-04  5.19928376849339813E+00
7.52577015753890313E-04  5.21552285984954533E+00
7.57594195858916214E-04  5.23176195120569254E+00
7.62611375963942223E-04  5.24800104256184063E+00
7.67628556068968124E-04  5.26424013391798695E+00
7.72645736173994025E-04  5.28047922527413505E+00
7.77662916279020034E-04  5.29671831663028225E+00
7.82680096384045934E-04  5.31295740798642946E+00
7.87697276489071835E-04  5.32919649934257755E+00
7.92714456594097844E-04  5.34543559069872476E+00
7.97731636699123745E-04  5.36167468205487197E+00
8.02748816804149646E-04  5.37791377341101917E+00
8.07765996909175655E-04  5.39415286476716638E+00
8.12783177014201556E-04  5.41039195612331447E+00
8.17800357119227456E-04  5.42663104747946079E+00
8.22817537224253466E-04  5.44287013883560888E+00
8.27834717329279366E-04  5.45910923019175698E+00
8.32851897434305267E-04  5.47534832154790330E+00
8.37869077539331168E-04  5.49158741290405139E+00
8.42886257644357177E-04  5.50782650426019860E+00
8.47903437749383078E-04  5.52406559561634580E+00
8.52920617854408978E-04  5.54030468697249301E+00
8.57937797959434987E-04  5.55654377832864022E+00
8.62954978064460888E-04  5.57278286968478831E+00
8.67972158169486789E-04  5.58902196104093552E+00
8.72989338274512798E-04  5.60526105239708272E+00
8.78006518379538699E-04  5.62150014375323082E+00
8.83023698484564599E-04  5.63773923510937713E+00
8.88040878589590609E-04  5.65397832646552523E+00
8.93058058694616509E-04  5.67021741782167243E+00
8.98075238799642410E-04  5.68645650917781964E+00
9.03092418904668419E-04  5.70269560053396773E+00
9.08109599009694320E-04  5.71893469189011405E+00
9.13126779114720221E-04  5.73517378324626215E+00
9.18143959219746230E-04  5.75324851923613245E+00
9.23161139324772131E-04  5.77451625640482558E+00
9.28178319429798031E-04  5.79578399357351870E+00
9.33195499534824040E-04  5.81705173074221094E+00
9.38212679639849941E-04  5.83831946791090317E+00
9.43229859744875842E-04  5.85958720507959629E+00
9.48247039849901851E-04  5.88085494224828942E+00
9.53264219954927752E-04  5.90212267941698165E+00
9.58281400059953653E-04  5.92339041658567478E+00
9.63298580164979662E-04  5.94465815375436701E+00
9.68315760270005562E-04  5.96592589092306014E+00
9.73332940375031463E-04  5.98719362809175237E+00
9.78350120480057364E-04  6.00846136526044550E+00
9.83367300585083265E-04  6.02972910242913773E+00
9.88384480690109382E-04  6.05099683959783086E+00
9.93401660795135283E-04  6.07226457676652398E+00
9.98418840900161184E-04  6.09353231393521622E+00
1.00343602100518708E-03  6.11480005110390934E+00
1.00845320111021299E-03  6.13606778827260158E+00
1.01347038121523889E-03  6.15733552544129381E+00
1.01848756132026500E-03  6.17860326260998782E+00
1.02350474142529090E-03  6.19987099977868006E+00
1.02852192153031680E-03  6.22113873694737229E+00
1.03353910163534271E-03  6.24240647411606542E+00
1.03855628174036861E-03  6.26367421128475765E+00
1.04357346184539451E-03  6.28494194845345078E+00
1.04859064195042041E-03  6.30620968562214301E+00
1.05360782205544653E-03  6.32747742279083614E+00
1.05862500216047243E-03  6.34874515995952926E+00
1.06364218226549833E-03  6.37001289712822150E+00
1.06865936237052423E-03  6.39128063429691373E+00
1.07367654247555013E-03  6.41254837146560686E+00
1.07869372258057603E-03  6.43381610863429909E+00
1.08371090268560215E-03  6.45508384580299310E+00
1.08872808279062805E-03  6.47635158297168534E+00
1.09374526289565395E-03  6.49761932014037757E+00
1.09876244300067985E-03  6.51888705730907070E+00
1.10377962310570575E-03  6.54015479447776293E+00
1.10879680321073165E-03  6.56142253164645517E+00
1.11381398331575777E-03  6.58269026881514918E+00
1.11883116342078367E-03  6.60395800598384142E+00
1.12384834352580957E-03  6.62522574315253454E+00
1.12886552363083547E-03  6.64649348032122678E+00
1.13388270373586137E-03  6.66776121748991901E+00
1.13889988384088727E-03  6.68902895465861214E+00
1.14391706394591339E-03  6.71029669182730526E+00
1.14893424405093929E-03  6.73156442899599750E+00
1.15395142415596519E-03  6.75283216616469062E+00
1.15896860426099109E-03  6.77409990333338285E+00
1.16398578436601699E-03  6.79536764050207598E+00
1.16900296447104289E-03  6.81663537767076821E+00
1.17402014457606879E-03  6.83790311483946045E+00
1.17903732468109491E-03  6.85917085200815446E+00
1.18405450478612081E-03  6.88043858917684670E+00
1.18907168489114671E-03  6.90170632634553893E+00
1.19408886499617261E-03  6.92297406351423206E+00
1.19910604510119851E-03  6.94424180068292429E+00
1.20412322520622441E-03  6.96550953785161742E+00
1.20914040531125053E-03  6.98677727502031054E+00
1.21415758541627643E-03  7.00804501218900278E+00
1.21917476552130233E-03  7.02931274935769590E+00
1.22419194562632823E-03  7.05058048652638814E+00
1.22920912573135413E-03  7.07184822369508037E+00
1.23422630583638004E-03  7.09311596086377349E+00
1.23924348594140615E-03  7.11438369803246662E+00
1.24426066604643205E-03  7.13565143520115974E+00
1.24927784615145795E-03  7.15691917236985198E+00
1.25429502625648386E-03  7.17818690953854421E+00
1.25931220636150976E-03  7.19945464670723734E+00
1.26432938646653566E-03  7.22072238387592957E+00
1.26934656657156177E-03  7.24199012104462359E+00
1.27436374667658768E-03  7.26325785821331582E+00
1.27938092678161358E-03  7.28452559538200806E+00
1.28439810688663948E-03  7.30579333255070118E+00
1.28941528699166538E-03  7.32706106971939342E+00
1.29443246709669128E-03  7.34832880688808565E+00
1.29944964720171718E-03  7.36959654405677878E+00
1.30446682730674330E-03  7.39086428122547190E+00
1.30948400741176920E-03  7.41213201839416502E+00
1.31450118751679510E-03  7.43339975556285726E+00
1.31951836762182100E-03  7.45466749273154949E+00
1.32453554772684690E-03  7.47593522990024262E+00
1.32955272783187280E-03  7.49720296706893485E+00
1.33456990793689892E-03  7.51847070423762798E+00
1.33958708804192482E-03  7.53973844140632110E+00
1.34460426814695072E-03  7.56100617857501334E+00
1.34962144825197662E-03  7.58227391574370646E+00
1.35463862835700252E-03  7.60354165291239870E+00
1.35965580846202842E-03  7.62480939008109093E+00
1.36467298856705454E-03  7.64607712724978494E+00
1.36969016867208044E-03  7.66734486441847718E+00
1.37470734877710634E-03  7.68861260158716942E+00
1.37972452888213224E-03  7.70988033875586254E+00
1.38474170898715814E-03  7.73114807592455477E+00
1.38975888909218404E-03  7.75241581309324790E+00
1.39477606919721016E-03  7.77368355026194102E+00
1.39979324930223606E-03  7.79495128743063326E+00
1.40481042940726196E-03  7.81621902459932638E+00
1.40982760951228786E-03  7.83748676176801862E+00
1.41484478961731376E-03  7.85875449893671085E+00
1.41986196972233966E-03  7.88002223610540398E+00
1.42487914982736556E-03  7.90128997327409621E+00
1.42989632993239168E-03  7.92255771044279022E+00
1.43491351003741758E-03  7.94382544761148246E+00
1.43993069014244348E-03  7.96509318478017470E+00
1.44494787024746938E-03  7.98636092194886782E+00
1.44996505035249528E-03  8.00762865911756094E+00
1.45498223045752119E-03  8.02889639628625318E+00
1.45999941056254730E-03  8.05016413345494541E+00
1.46501659066757320E-03  8.07143187062363765E+00
1.47003377077259910E-03  8.09269960779233166E+00
1.47505095087762501E-03  8.11396734496102390E+00
1.48006813098265091E-03  8.13523508212971613E+00
1.48508531108767681E-03  8.15650281929841015E+00
1.49010249119270292E-03  8.17777055646710238E+00
1.49511967129772883E-03  8.19903829363579462E+00
1.50013685140275473E-03  8.22030603080448685E+00
1.50515403150778063E-03  8.24157376797317909E+00
1.51017121161280653E-03  8.26284150514187310E+00
1.51518839171783243E-03  8.28410924231056534E+00
1.52020557182285855E-03  8.30537697947925935E+00
1.52522275192788445E-03  8.32664471664795158E+00
1.53023993203291035E-03  8.34791245381664382E+00
1.53525711213793625E-03  8.36918019098533605E+00
1.54027429224296215E-03  8.39044792815402829E+00
1.54529147234798805E-03  8.41171566532272053E+00
1.55030865245301395E-03  8.43298340249141454E+00
1.55532583255804007E-03  8.45425113966010855E+00
1.56034301266306597E-03  8.47551887682880079E+00
1.56536019276809187E-03  8.49678661399749302E+00
1.57037737287311777E-03  8.51805435116618526E+00
1.57539455297814367E-03  8.53932208833487749E+00
1.58041173308316957E-03  8.56058982550356973E+00
1.58542891318819569E-03  8.58185756267226374E+00
1.59044609329322159E-03  8.60312529984095775E+00
1.59546327339824749E-03  8.62439303700964999E+00
1.60048045350327339E-03  8.64566077417834222E+00
1.60549763360829929E-03  8.66692851134703446E+00
1.61051481371332519E-03  8.68819624851572669E+00
1.61553199381835131E-03  8.70946398568442071E+00
1.62054917392337721E-03  8.73073172285311294E+00
1.62556635402840311E-03  8.75199946002180518E+00
1.63058353413342901E-03  8.77326719719049919E+00
1.63560071423845491E-03  8.79453493435919142E+00
1.64061789434348081E-03  8.81580267152788366E+00
1.64563507444850693E-03  8.83707040869657590E+00
1.65065225455353283E-03  8.85833814586526813E+00
1.65566943465855873E-03  8.87960588303396214E+00
1.66068661476358463E-03  8.90087362020265438E+00
1.66570379486861053E-03  8.92214135737134661E+00
1.67072097497363643E-03  8.94340909454004063E+00
1.67573815507866234E-03  8.96467683170873286E+00
1.68075533518368845E-03  8.98594456887742510E+00
1.68577251528871435E-03  9.00721230604611733E+00
1.69078969539374025E-03  9.02848004321480957E+00
1.69580687549876616E-03  9.04974778038350358E+00
1.70082405560379206E-03  9.07101551755219582E+00
1.70584123570881796E-03  9.09228325472088805E+00
1.71085841581384407E-03  9.11355099188958206E+00
1.71587559591886997E-03  9.13481872905827430E+00
1.72089277602389588E-03  9.15608646622696654E+00
1.72590995612892178E-03  9.17735420339565877E+00
1.73092713623394768E-03  9.19862194056435101E+00
1.73594431633897358E-03  9.21988967773304502E+00
1.74096149644399970E-03  9.24115741490173903E+00
1.74597867654902560E-03  9.26242515207043127E+00
1.75099585665405150E-03  9.28369288923912350E+00
1.75601303675907740E-03  9.30496062640781574E+00
1.76103021686410330E-03  9.32622836357650797E+00
1.76604739696912920E-03  9.34749610074520021E+00
1.77106457707415532E-03  9.36876383791389422E+00
1.77608175717918122E-03  9.39003157508258823E+00
1.78109893728420712E-03  9.41129931225128047E+00
1.78611611738923302E-03  9.43256704941997270E+00
1.79113329749425892E-03  9.45383478658866494E+00
1.79615047759928482E-03  9.47510252375735718E+00
1.80116765770431072E-03  9.49637026092604941E+00
1.80618483780933684E-03  9.51763799809474342E+00
1.81120201791436274E-03  9.53890573526343566E+00
1.81621919801938864E-03  9.56017347243212967E+00
1.82123637812441454E-03  9.58144120960082191E+00
1.82625355822944044E-03  9.60270894676951414E+00
1.83127073833446634E-03  9.62397668393820638E+00
1.83628791843949246E-03  9.64524442110689861E+00
1.84130509854451836E-03  9.66651215827559263E+00
1.84632227864954426E-03  9.68777989544428486E+00
1.85133945875457016E-03  9.70904763261297710E+00
1.85635663885959606E-03  9.73031536978167111E+00
1.86137381896462196E-03  9.75158310695036334E+00
1.86639099906964808E-03  9.77285084411905558E+00
1.87140817917467398E-03  9.79411858128774782E+00
1.87642535927969988E-03  9.81538631845644005E+00
1.88144253938472578E-03  9.83665405562513406E+00
1.88645971948975168E-03  9.85792179279382630E+00
1.89147689959477758E-03  9.87918952996251853E+00
1.89649407969980370E-03  9.90045726713121255E+00
1.90151125980482960E-03  9.92172500429990478E+00
1.90652843990985550E-03  9.94299274146859702E+00
1.91154562001488140E-03  9.96426047863728925E+00
1.91656280011990731E-03  9.98552821580598327E+00
1.92157998022493321E-03  1.00067959529746755E+01
1.92659716032995932E-03  1.00280636901433677E+01
1.93161434043498522E-03  1.00493314273120617E+01
1.93663152054001112E-03  1.00705991644807540E+01
1.94164870064503703E-03  1.00918669016494462E+01
1.94666588075006293E-03  1.01131346388181385E+01
1.95168306085508883E-03  1.01344023759868307E+01
1.95670024096011473E-03  1.01556701131555247E+01
1.96171742106514063E-03  1.01769378503242169E+01
1.96673460117016653E-03  1.01982055874929092E+01
1.97175178127519243E-03  1.02194733246616014E+01
1.97676896138021876E-03  1.02407410618302954E+01
1.98178614148524466E-03  1.02620087989989894E+01
1.98680332159027057E-03  1.02832765361676817E+01
1.99182050169529647E-03  1.03045442733363739E+01
1.99683768180032237E-03  1.03258120105050661E+01
2.00185486190534827E-03  1.03470797476737584E+01
2.00687204201037417E-03  1.03683474848424524E+01
2.01188922211540007E-03  1.03896152220111446E+01
2.01690640222042597E-03  1.04108829591798369E+01
2.02192358232545187E-03  1.04321506963485291E+01
2.02694076243047777E-03  1.04534184335172213E+01
2.03195794253550367E-03  1.04746861706859136E+01
2.03697512264053001E-03  1.04959539078546094E+01
2.04199230274555591E-03  1.05172216450233016E+01
2.04700948285058181E-03  1.05384893821919938E+01
2.05202666295560771E-03  1.05597571193606861E+01
2.05704384306063361E-03  1.05810248565293783E+01
2.06206102316565951E-03  1.06022925936980723E+01
2.06707820327068541E-03  1.06235603308667645E+01
2.07209538337571131E-03  1.06448280680354568E+01
2.07711256348073721E-03  1.06660958052041490E+01
2.08212974358576311E-03  1.06873635423728413E+01
2.08714692369078901E-03  1.07086312795415353E+01
2.09216410379581491E-03  1.07298990167102275E+01
2.09718128390084082E-03  1.07511667538789197E+01
2.10219846400586715E-03  1.07724344910476137E+01
2.10721564411089305E-03  1.07937022282163060E+01
2.11223282421591895E-03  1.08149699653849982E+01
2.11725000432094485E-03  1.08362377025536922E+01
2.12226718442597075E-03  1.08575054397223845E+01
2.12728436453099665E-03  1.08787731768910767E+01
2.13230154463602255E-03  1.09000409140597689E+01
2.13731872474104845E-03  1.09213086512284612E+01
2.14233590484607436E-03  1.09425763883971552E+01
2.14735308495110026E-03  1.09638441255658474E+01
2.15237026505612616E-03  1.09851118627345397E+01
2.15738744516115206E-03  1.10063795999032319E+01
2.16240462526617839E-03  1.10276473370719259E+01
2.16742180537120429E-03  1.10489150742406199E+01
2.17243898547623019E-03  1.10701828114093122E+01
2.17745616558125609E-03  1.10914505485780044E+01
2.18247334568628200E-03  1.11127182857466966E+01
2.18749052579130790E-03  1.11339860229153889E+01
2.19250770589633380E-03  1.11552537600840811E+01
2.19752488600135970E-03  1.11765214972527751E+01
2.20254206610638560E-03  1.11977892344214673E+01
2.20755924621141150E-03  1.12190569715901596E+01
2.21257642631643740E-03  1.12403247087588518E+01
2.21759360642146330E-03  1.12615924459275440E+01
2.22261078652648920E-03  1.12828601830962381E+01
2.22762796663151554E-03  1.13041279202649321E+01
2.23264514673654144E-03  1.13253956574336243E+01
2.23766232684156734E-03  1.13466633946023165E+01
2.24267950694659324E-03  1.13679311317710088E+01
2.24769668705161914E-03  1.13891988689397028E+01
2.25271386715664504E-03  1.14104666061083950E+01
2.25773104726167094E-03  1.14317343432770873E+01
2.26274822736669684E-03  1.14530020804457795E+01
2.26776540747172274E-03  1.14742698176144717E+01
2.27278258757674864E-03  1.14955375547831640E+01
2.27779976768177454E-03  1.15168052919518580E+01
2.28281694778680044E-03  1.15380730291205502E+01
2.28783412789182678E-03  1.15593407662892442E+01
2.29285130799685268E-03  1.15806085034579365E+01
2.29786848810187858E-03  1.16018762406266287E+01
2.30288566820690448E-03  1.16231439777953227E+01
2.30790284831193038E-03  1.16444117149640149E+01
2.31292002841695628E-03  1.16656794521327072E+01
2.31793720852198218E-03  1.16869471893013994E+01
2.32295438862700808E-03  1.17082149264700917E+01
2.32797156873203398E-03  1.17294826636387857E+01
2.33298874883705988E-03  1.17507504008074779E+01
2.33800592894208579E-03  1.17720181379761701E+01
2.34302310904711169E-03  1.17932858751448624E+01
2.34804028915213759E-03  1.18145536123135546E+01
2.35305746925716392E-03  1.18358213494822504E+01
2.35807464936218982E-03  1.18570890866509426E+01
2.36309182946721572E-03  1.18783568238196349E+01
2.36810900957224162E-03  1.18996245609883271E+01
2.37312618967726752E-03  1.19208922981570193E+01
2.37814336978229342E-03  1.19421600353257116E+01
2.38316054988731933E-03  1.19634277724944056E+01
2.38817772999234523E-03  1.19846955096630978E+01
2.39319491009737113E-03  1.20059632468317901E+01
2.39821209020239703E-03  1.20272309840004823E+01
2.40322927030742293E-03  1.20484987211691745E+01
2.40824645041244883E-03  1.20697664583378685E+01
2.41326363051747516E-03  1.20910341955065626E+01
2.41828081062250106E-03  1.21123019326752548E+01
2.42329799072752696E-03  1.21335696698439470E+01
2.42831517083255287E-03  1.21548374070126393E+01
2.43333235093757877E-03  1.21761051441813333E+01
2.43834953104260467E-03  1.21973728813500255E+01
2.44336671114763057E-03  1.22186406185187177E+01
2.44838389125265647E-03  1.22399083556874100E+01
2.45340107135768237E-03  1.22611760928561022E+01
2.45841825146270827E-03  1.22824438300247945E+01
2.46343543156773417E-03  1.23037115671934885E+01
2.46845261167276007E-03  1.23249793043621807E+01
2.47346979177778597E-03  1.23462470415308729E+01
2.47848697188281231E-03  1.23675147786995669E+01
2.48350415198783821E-03  1.23887825158682592E+01
2.48852133209286411E-03  1.24100502530369532E+01
2.49353851219789001E-03  1.24313179902056454E+01
2.49855569230291591E-03  1.24525857273743377E+01
2.50357287240794181E-03  1.24738534645430299E+01
2.50859005251296771E-03  1.24951212017117221E+01
2.51360723261799361E-03  1.25163889388804161E+01
2.51862441272301951E-03  1.25376566760491084E+01
2.52364159282804541E-03  1.25589244132178006E+01
2.52865877293307131E-03  1.25801921503864929E+01
2.53367595303809721E-03  1.26014598875551851E+01
2.53869313314312355E-03  1.26227276247238809E+01
2.54371031324814945E-03  1.26439953618925731E+01
2.54872749335317535E-03  1.26652630990612654E+01
2.55374467345820125E-03  1.26865308362299576E+01
2.55876185356322715E-03  1.27077985733986498E+01
2.56377903366825305E-03  1.27290663105673421E+01
2.56879621377327895E-03  1.27503340477360361E+01
2.57381339387830485E-03  1.27716017849047283E+01
2.57883057398333075E-03  1.27928695220734205E+01
2.58384775408835666E-03  1.28141372592421128E+01
2.58886493419338256E-03  1.28354049964108050E+01
2.59388211429840846E-03  1.28566727335794990E+01
2.59889929440343436E-03  1.28779404707481913E+01
2.60391647450846069E-03  1.28992082079168853E+01
2.60893365461348659E-03  1.29204759450855775E+01
2.61395083471851249E-03  1.29417436822542697E+01
2.61896801482353839E-03  1.29630114194229638E+01
2.62398519492856429E-03  1.29842791565916560E+01
2.62900237503359020E-03  1.30055468937603482E+01
2.63401955513861610E-03  1.30268146309290405E+01
2.63903673524364200E-03  1.30480823680977327E+01
2.64405391534866790E-03  1.30693501052664249E+01
2.64907109545369380E-03  1.30906178424351189E+01
2.65408827555871970E-03  1.31118855796038112E+01
2.65910545566374560E-03  1.31331533167725034E+01
2.66412263576877193E-03  1.31544210539411974E+01
2.66913981587379784E-03  1.31756887911098897E+01
2.67415699597882374E-03  1.31969565282785837E+01
2.67917417608384964E-03  1.32182242654472759E+01
2.68419135618887554E-03  1.32394920026159681E+01
2.68920853629390144E-03  1.32607597397846604E+01
2.69422571639892734E-03  1.32820274769533526E+01
2.69924289650395324E-03  1.33032952141220466E+01
2.70426007660897914E-03  1.33245629512907389E+01
2.70927725671400504E-03  1.33458306884594311E+01
2.71429443681903094E-03  1.33670984256281233E+01
2.71931161692405684E-03  1.33883661627968156E+01
2.72432879702908274E-03  1.34096338999655078E+01
2.72934597713410908E-03  1.34309016371342036E+01
2.73436315723913498E-03  1.34521693743028958E+01
2.73938033734416088E-03  1.34734371114715881E+01
2.74439751744918678E-03  1.34947048486402803E+01
2.74941469755421268E-03  1.35159725858089725E+01
2.75443187765923858E-03  1.35372403229776666E+01
2.75944905776426448E-03  1.35585080601463588E+01
2.76446623786929038E-03  1.35797757973150510E+01
2.76948341797431628E-03  1.36010435344837433E+01
2.77450059807934218E-03  1.36223112716524355E+01
2.77951777818436808E-03  1.36435790088211295E+01
2.78453495828939399E-03  1.36648467459898217E+01
2.78955213839442032E-03  1.36861144831585158E+01
2.79456931849944622E-03  1.37073822203272080E+01
2.79958649860447212E-03  1.37286499574959002E+01
2.80460367870949802E-03  1.37499176946645942E+01
2.80962085881452392E-03  1.37711854318332865E+01
2.81463803891954982E-03  1.37924531690019787E+01
2.81965521902457572E-03  1.38137209061706709E+01
2.82467239912960162E-03  1.38349886433393632E+01
2.82968957923462753E-03  1.38562563805080554E+01
2.83470675933965343E-03  1.38775241176767494E+01
2.83972393944467933E-03  1.38987918548454417E+01
2.84474111954970523E-03  1.39200595920141339E+01
2.84975829965473113E-03  1.39413273291828261E+01
2.85477547975975746E-03  1.39625950663515201E+01
2.85979265986478336E-03  1.39838628035202142E+01
2.86480983996980926E-03  1.40051305406889064E+01
2.86982702007483517E-03  1.40263982778575986E+01
2.87484420017986107E-03  1.40476660150262909E+01
2.87986138028488697E-03  1.40689337521949831E+01
2.88487856038991287E-03  1.40902014893636771E+01
2.88989574049493877E-03  1.41114692265323693E+01
2.89491292059996467E-03  1.41327369637010616E+01
2.89993010070499057E-03  1.41540047008697538E+01
2.90494728081001647E-03  1.41752724380384461E+01
2.90996446091504237E-03  1.41965401752071383E+01
2.91498164102006871E-03  1.42178079123758341E+01
2.91999882112509461E-03  1.42390756495445263E+01
2.92501600123012051E-03  1.42603433867132185E+01
2.93003318133514641E-03  1.42816111238819108E+01
2.93505036144017231E-03  1.43028788610506030E+01
2.94006754154519821E-03  1.43241465982192970E+01
2.94508472165022411E-03  1.43454143353879893E+01
2.95010190175525001E-03  1.43666820725566815E+01
2.95511908186027591E-03  1.43879498097253737E+01
2.96013626196530181E-03  1.44092175468940660E+01
2.96515344207032771E-03  1.44304852840627600E+01
2.97017062217535361E-03  1.44517530212314522E+01
2.97518780228037951E-03  1.44730207584001445E+01
2.98020498238540585E-03  1.44942884955688385E+01
2.98522216249043175E-03  1.45155562327375307E+01
2.99023934259545765E-03  1.45368239699062247E+01
2.99525652270048355E-03  1.45580917070749170E+01
3.00027370280550945E-03  1.45793594442436092E+01
3.00529088291053535E-03  1.46006271814123014E+01
3.01030806301556125E-03  1.46218949185809937E+01
3.01532524312058715E-03  1.46431626557496859E+01
3.02034242322561305E-03  1.46644303929183799E+01
3.02535960333063896E-03  1.46856981300870721E+01
3.03037678343566486E-03  1.47069658672557644E+01
3.03539396354069076E-03  1.47282336044244566E+01
3.04041114364571709E-03  1.47495013415931506E+01
3.04542832375074299E-03  1.47707690787618446E+01
3.05044550385576889E-03  1.47920368159305369E+01
3.05546268396079479E-03  1.48133045530992291E+01
3.06047986406582069E-03  1.48345722902679213E+01
3.06549704417084659E-03  1.48558400274366136E+01
3.07051422427587250E-03  1.48771077646053076E+01
3.07553140438089840E-03  1.48983755017739998E+01
3.08054858448592430E-03  1.49196432389426921E+01
3.08556576459095020E-03  1.49409109761113843E+01
3.09058294469597610E-03  1.49621787132800765E+01
3.09560012480100200E-03  1.49834464504487688E+01
3.10061730490602790E-03  1.50047141876174628E+01
3.10563448501105423E-03  1.50259819247861568E+01
3.11065166511608013E-03  1.50472496619548490E+01
3.11566884522110604E-03  1.50685173991235413E+01
3.12068602532613194E-03  1.50897851362922335E+01
3.12570320543115784E-03  1.51110528734609275E+01
3.13072038553618374E-03  1.51323206106296198E+01
3.13573756564120964E-03  1.51535883477983120E+01
3.14075474574623554E-03  1.51748560849670042E+01
3.14577192585126144E-03  1.51961238221356965E+01
3.15078910595628734E-03  1.52173915593043905E+01
3.15580628606131324E-03  1.52386592964730827E+01
3.16082346616633914E-03  1.52599270336417749E+01
3.16584064627136548E-03  1.52811947708104690E+01
3.17085782637639138E-03  1.53024625079791612E+01
3.17587500648141728E-03  1.53237302451478534E+01
3.18089218658644318E-03  1.53449979823165474E+01
3.18590936669146908E-03  1.53662657194852397E+01
3.19092654679649498E-03  1.53875334566539319E+01
3.19594372690152088E-03  1.54088011938226241E+01
3.20096090700654678E-03  1.54300689309913164E+01
3.20597808711157268E-03  1.54513366681600104E+01
3.21099526721659858E-03  1.54726044053287026E+01
3.21601244732162448E-03  1.54938721424973949E+01
3.22102962742665038E-03  1.55151398796660871E+01
3.22604680753167629E-03  1.55364076168347793E+01
3.23106398763670262E-03  1.55576753540034751E+01
3.23608116774172852E-03  1.55789430911721674E+01
3.24109834784675442E-03  1.56002108283408596E+01
3.24611552795178032E-03  1.56214785655095518E+01
3.25113270805680622E-03  1.56427463026782441E+01
3.25614988816183212E-03  1.56640140398469381E+01
3.26116706826685802E-03  1.56852817770156303E+01
3.26618424837188392E-03  1.57065495141843225E+01
3.27120142847690983E-03  1.57278172513530148E+01
3.27621860858193573E-03  1.57490849885217070E+01
3.28123578868696163E-03  1.57703527256903993E+01
3.28625296879198753E-03  1.57916204628590933E+01
3.29127014889701386E-03  1.58128882000277873E+01
3.29628732900203976E-03  1.58341559371964795E+01
3.30130450910706566E-03  1.58554236743651717E+01
3.30632168921209156E-03  1.58766914115338640E+01
3.31133886931711746E-03  1.58979591487025580E+01
3.31635604942214337E-03  1.59192268858712502E+01
3.32137322952716927E-03  1.59404946230399425E+01
3.32639040963219517E-03  1.59617623602086347E+01
3.33140758973722107E-03  1.59830300973773269E+01
3.33642476984224697E-03  1.60042978345460227E+01
3.34144194994727287E-03  1.60255655717147150E+01
3.34645913005229877E-03  1.60468333088834072E+01
3.35147631015732467E-03  1.60681010460520994E+01
3.35649349026235101E-03  1.60893687832207917E+01
3.36151067036737691E-03  1.61106365203894839E+01
3.36652785047240281E-03  1.61319042575581761E+01
3.37154503057742871E-03  1.61531719947268684E+01
3.37656221068245461E-03  1.61744397318955606E+01
3.38157939078748051E-03  1.61957074690642528E+01
3.38659657089250641E-03  1.62169752062329451E+01
3.39161375099753231E-03  1.62382429434016409E+01
3.39663093110255821E-03  1.62595106805703331E+01
3.40164811120758411E-03  1.62807784177390253E+01
3.40666529131261001E-03  1.63020461549077176E+01
3.41168247141763591E-03  1.63233138920764098E+01
3.41669965152266225E-03  1.63445816292451056E+01
3.42171683162768815E-03  1.63658493664137978E+01
3.42673401173271405E-03  1.63871171035824901E+01
3.43175119183773995E-03  1.64083848407511823E+01
3.43676837194276585E-03  1.64296525779198745E+01
3.44178555204779175E-03  1.64509203150885668E+01
3.44680273215281765E-03  1.64721880522572590E+01
3.45181991225784355E-03  1.64934557894259513E+01
3.45683709236286945E-03  1.65147235265946435E+01
3.46185427246789535E-03  1.65359912637633357E+01
3.46687145257292125E-03  1.65572590009320280E+01
3.47188863267794716E-03  1.65785267381007237E+01
3.47690581278297306E-03  1.65997944752694160E+01
3.48192299288799939E-03  1.66210622124381118E+01
3.48694017299302529E-03  1.66423299496068040E+01
3.49195735309805119E-03  1.66635976867754962E+01
3.49697453320307709E-03  1.66848654239441885E+01
3.50199171330810299E-03  1.67061331611128807E+01
3.50700889341312889E-03  1.67274008982815729E+01
3.51202607351815480E-03  1.67486686354502652E+01
3.51704325362318070E-03  1.67699363726189574E+01
3.52206043372820660E-03  1.67912041097876497E+01
3.52707761383323250E-03  1.68124718469563419E+01
3.53209479393825840E-03  1.68337395841250341E+01
3.53711197404328430E-03  1.68550073212937264E+01
3.54212915414831063E-03  1.68762750584624222E+01
3.54714633425333653E-03  1.68975427956311144E+01
3.55216351435836243E-03  1.69188105327998102E+01
3.55718069446338834E-03  1.69400782699685024E+01
3.56219787456841424E-03  1.69613460071371946E+01
3.56721505467344014E-03  1.69826137443058869E+01
3.57223223477846604E-03  1.70038814814745791E+01
3.57724941488349194E-03  1.70251492186432714E+01
3.58226659498851784E-03  1.70464169558119636E+01
3.58728377509354374E-03  1.70676846929806558E+01
3.59230095519856964E-03  1.70889524301493481E+01
3.59731813530359554E-03  1.71102201673180403E+01
3.60233531540862144E-03  1.71314879044867325E+01
3.60735249551364778E-03  1.71527556416554283E+01
3.61236967561867368E-03  1.71740233788241206E+01
3.61738685572369958E-03  1.71952911159928128E+01
3.62240403582872548E-03  1.72165588531615050E+01
3.62742121593375138E-03  1.72378265903301973E+01
3.63243839603877728E-03  1.72590943274988931E+01
3.63745557614380318E-03  1.72803620646675853E+01
3.64247275624882908E-03  1.73016298018362775E+01
3.64748993635385498E-03  1.73228975390049698E+01
3.65250711645888088E-03  1.73441652761736620E+01
3.65752429656390678E-03  1.73654330133423542E+01
3.66254147666893268E-03  1.73867007505110465E+01
3.66755865677395902E-03  1.74079684876797387E+01
3.67257583687898492E-03  1.74292362248484309E+01
3.67759301698401082E-03  1.74505039620171232E+01
3.68261019708903672E-03  1.74717716991858190E+01
3.68762737719406262E-03  1.74930394363545112E+01
3.69264455729908852E-03  1.75143071735232034E+01
3.69766173740411442E-03  1.75355749106918957E+01
3.70267891750914032E-03  1.75568426478605879E+01
3.70769609761416622E-03  1.75781103850292801E+01
3.71271327771919213E-03  1.75993781221979759E+01
3.71773045782421803E-03  1.76206458593666682E+01
3.72274763792924393E-03  1.76419135965353604E+01
3.72776481803426983E-03  1.76631813337040526E+01
3.73278199813929616E-03  1.76844490708727449E+01
3.73779917824432206E-03  1.77057168080414371E+01
3.74281635834934796E-03  1.77269845452101293E+01
3.74783353845437386E-03  1.77482522823788216E+01
3.75285071855939976E-03  1.77695200195475138E+01
3.75786789866442567E-03  1.77907877567162060E+01
3.76288507876945157E-03  1.78120554938849018E+01
3.76790225887447747E-03  1.78333232310535941E+01
3.77291943897950337E-03  1.78545909682222863E+01
3.77793661908452927E-03  1.78758587053909785E+01
3.78295379918955517E-03  1.78971264425596708E+01
3.78797097929458107E-03  1.79183941797283630E+01
3.79298815939960740E-03  1.79396619168970588E+01
3.79800533950463330E-03  1.79609296540657510E+01
3.80302251960965921E-03  1.79821973912344433E+01
3.80803969971468511E-03  1.80034651284031355E+01
3.81305687981971101E-03  1.80247328655718277E+01
3.81807405992473691E-03  1.80460006027405200E+01
3.82309124002976281E-03  1.80672683399092122E+01
3.82810842013478871E-03  1.80885360770779080E+01
3.83312560023981461E-03  1.81098038142466002E+01
3.83814278034484051E-03  1.81310715514152925E+01
3.84315996044986641E-03  1.81523392885839847E+01
3.84817714055489231E-03  1.81736070257526769E+01
3.85319432065991865E-03  1.81948747629213692E+01
3.85821150076494455E-03  1.82161425000900650E+01
3.86322868086997045E-03  1.82374102372587572E+01
3.86824586097499635E-03  1.82586779744274494E+01
3.87326304108002225E-03  1.82799457115961417E+01
3.87828022118504815E-03  1.83012134487648339E+01
3.88329740129007405E-03  1.83224811859335261E+01
3.88831458139509995E-03  1.83437489231022184E+01
3.89333176150012585E-03  1.83650166602709106E+01
3.89834894160515175E-03  1.83862843974396029E+01
3.90336612171017765E-03  1.84075521346082951E+01
3.90838330181520355E-03  1.84288198717769909E+01
3.91340048192022946E-03  1.84500876089456831E+01
3.91841766202525536E-03  1.84713553461143754E+01
3.92343484213028126E-03  1.84926230832830676E+01
3.92845202223530716E-03  1.85138908204517598E+01
3.93346920234033306E-03  1.85351585576204521E+01
3.93848638244535896E-03  1.85564262947891443E+01
3.94350356255038486E-03  1.85776940319578365E+01
3.94852074265541163E-03  1.85989617691265323E+01
3.95353792276043753E-03  1.86202295062952246E+01
3.95855510286546343E-03  1.86414972434639168E+01
3.96357228297048933E-03  1.86627649806326126E+01
3.96858946307551523E-03  1.86840327178013048E+01
3.97360664318054113E-03  1.87053004549699970E+01
3.97862382328556703E-03  1.87265681921386893E+01
3.98364100339059293E-03  1.87478359293073815E+01
3.98865818349561883E-03  1.87691036664760738E+01
3.99367536360064473E-03  1.87903714036447660E+01
3.99869254370567064E-03  1.88116391408134582E+01
4.00370972381069654E-03  1.88329068779821505E+01
4.00872690391572244E-03  1.88541746151508427E+01
4.01374408402074834E-03  1.88754423523195385E+01
4.01876126412577424E-03  1.88967100894882307E+01
4.02377844423080014E-03  1.89179778266569230E+01
4.02879562433582604E-03  1.89392455638256152E+01
4.03381280444085194E-03  1.89605133009943074E+01
4.03882998454587784E-03  1.89817810381629997E+01
4.04384716465090374E-03  1.90030487753316919E+01
4.04886434475592964E-03  1.90243165125003841E+01
4.05388152486095554E-03  1.90455842496690764E+01
4.05889870496598144E-03  1.90668519868377686E+01
4.06391588507100734E-03  1.90881197240064608E+01
4.06893306517603325E-03  1.91093874611751566E+01
4.07395024528106001E-03  1.91306551983438524E+01
4.07896742538608591E-03  1.91519229355125447E+01
4.08398460549111181E-03  1.91731906726812369E+01
4.08900178559613772E-03  1.91944584098499291E+01
4.09401896570116362E-03  1.92157261470186214E+01
4.09903614580618952E-03  1.92369938841873136E+01
4.10405332591121542E-03  1.92582616213560058E+01
4.10907050601624132E-03  1.92795293585246981E+01
4.11408768612126722E-03  1.93007970956933903E+01
4.11910486622629312E-03  1.93220648328620825E+01
4.12412204633131902E-03  1.93433325700307783E+01
4.12913922643634492E-03  1.93646003071994706E+01
4.13415640654137082E-03  1.93858680443681628E+01
4.13917358664639672E-03  1.94071357815368550E+01
4.14419076675142262E-03  1.94284035187055473E+01
4.14920794685644852E-03  1.94496712558742395E+01
4.15422512696147442E-03  1.94709389930429317E+01
4.15924230706650033E-03  1.94922067302116240E+01
4.16425948717152623E-03  1.95134744673803162E+01
4.16927666727655213E-03  1.95347422045490084E+01
4.17429384738157803E-03  1.95560099417177042E+01
4.17931102748660393E-03  1.95772776788863965E+01
4.18432820759162983E-03  1.95985454160550887E+01
4.18934538769665573E-03  1.96198131532237809E+01
4.19436256780168163E-03  1.96410808903924732E+01
4.19937974790670840E-03  1.96623486275611690E+01
4.20439692801173430E-03  1.96836163647298612E+01
4.20941410811676020E-03  1.97048841018985534E+01
4.21443128822178610E-03  1.97261518390672457E+01
4.21944846832681200E-03  1.97474195762359379E+01
4.22446564843183790E-03  1.97686873134046301E+01
4.22948282853686380E-03  1.97899550505733259E+01
4.23450000864188970E-03  1.98112227877420182E+01
4.23951718874691560E-03  1.98324905249107104E+01
4.24453436885194151E-03  1.98537582620794026E+01
4.24955154895696741E-03  1.98750259992480949E+01
4.25456872906199331E-03  1.98962937364167871E+01
4.25958590916701921E-03  1.99175614735854793E+01
4.26460308927204511E-03  1.99388292107541716E+01
4.26962026937707101E-03  1.99600969479228638E+01
4.27463744948209691E-03  1.99813646850915561E+01
4.27965462958712281E-03  2.00026324222602483E+01
4.28467180969214871E-03  2.00239001594289441E+01
4.28968898979717461E-03  2.00451678965976363E+01
4.29470616990220051E-03  2.00664356337663286E+01
4.29972335000722641E-03  2.00877033709350208E+01
4.30474053011225231E-03  2.01089711081037130E+01
4.30975771021727821E-03  2.01302388452724053E+01
4.31477489032230412E-03  2.01515065824410975E+01
4.31979207042733002E-03  2.01727743196097897E+01
4.32480925053235678E-03  2.01940420567784855E+01
4.32982643063738269E-03  2.02153097939471778E+01
4.33484361074240859E-03  2.02365775311158735E+01
4.33986079084743449E-03  2.02578452682845658E+01
4.34487797095246039E-03  2.02791130054532580E+01
4.34989515105748629E-03  2.03003807426219502E+01
4.35491233116251219E-03  2.03216484797906425E+01
4.35992951126753809E-03  2.03429162169593347E+01
4.36494669137256399E-03  2.03641839541280270E+01
4.36996387147758989E-03  2.03854516912967192E+01
4.37498105158261579E-03  2.04067194284654114E+01
4.37999823168764169E-03  2.04279871656341037E+01
4.38501541179266759E-03  2.04492549028027959E+01
4.39003259189769349E-03  2.04705226399714917E+01
4.39504977200271939E-03  2.04917903771401839E+01
4.40006695210774530E-03  2.05130581143088762E+01
4.40508413221277120E-03  2.05343258514775684E+01
4.41010131231779710E-03  2.05555935886462606E+01
4.41511849242282300E-03  2.05768613258149529E+01
4.42013567252784890E-03  2.05981290629836451E+01
4.42515285263287480E-03  2.06193968001523373E+01
4.43017003273790070E-03  2.06406645373210296E+01
4.43518721284292660E-03  2.06619322744897218E+01
4.44020439294795250E-03  2.06832000116584176E+01
4.44522157305297840E-03  2.07044677488271098E+01
4.45023875315800517E-03  2.07257354859958056E+01
4.45525593326303107E-03  2.07470032231644979E+01
4.46027311336805697E-03  2.07682709603331901E+01
4.46529029347308287E-03  2.07895386975018823E+01
4.47030747357810877E-03  2.08108064346705746E+01
4.47532465368313467E-03  2.08320741718392668E+01
4.48034183378816057E-03  2.08533419090079590E+01
4.48535901389318648E-03  2.08746096461766513E+01
4.49037619399821238E-03  2.08958773833453435E+01
4.49539337410323828E-03  2.09171451205140393E+01
4.50041055420826418E-03  2.09384128576827315E+01
4.50542773431329008E-03  2.09596805948514238E+01
4.51044491441831598E-03  2.09809483320201160E+01
4.51546209452334188E-03  2.10022160691888082E+01
4.52047927462836778E-03  2.10234838063575005E+01
4.52549645473339368E-03  2.10447515435261927E+01
4.53051363483841958E-03  2.10660192806948849E+01
4.53553081494344548E-03  2.10872870178635772E+01
4.54054799504847138E-03  2.11085547550322694E+01
4.54556517515349728E-03  2.11298224922009616E+01
4.55058235525852318E-03  2.11510902293696574E+01
4.55559953536354909E-03  2.11723579665383497E+01
4.56061671546857499E-03  2.11936257037070419E+01
4.56563389557360089E-03  2.12148934408757341E+01
4.57065107567862679E-03  2.12361611780444264E+01
4.57566825578365356E-03  2.12574289152131222E+01
4.58068543588867946E-03  2.12786966523818144E+01
4.58570261599370536E-03  2.12999643895505066E+01
4.59071979609873126E-03  2.13212321267191989E+01
4.59573697620375716E-03  2.13424998638878911E+01
4.60075415630878306E-03  2.13637676010565869E+01
4.60577133641380896E-03  2.13850353382252791E+01
4.61078851651883486E-03  2.14063030753939714E+01
4.61580569662386076E-03  2.14275708125626636E+01
4.62082287672888666E-03  2.14488385497313558E+01
4.62584005683391256E-03  2.14701062869000481E+01
4.63085723693893846E-03  2.14913740240687403E+01
4.63587441704396436E-03  2.15126417612374325E+01
4.64089159714899026E-03  2.15339094984061248E+01
4.64590877725401617E-03  2.15551772355748170E+01
4.65092595735904207E-03  2.15764449727435093E+01
4.65594313746406797E-03  2.15977127099122050E+01
4.66096031756909387E-03  2.16189804470808973E+01
4.66597749767411977E-03  2.16402481842495895E+01
4.67099467777914567E-03  2.16615159214182817E+01
4.67601185788417157E-03  2.16827836585869740E+01
4.68102903798919747E-03  2.17040513957556662E+01
4.68604621809422337E-03  2.17253191329243585E+01
4.69106339819924927E-03  2.17465868700930507E+01
4.69608057830427517E-03  2.17678546072617429E+01
4.70109775840930194E-03  2.17891223444304387E+01
4.70611493851432784E-03  2.18103900815991345E+01
4.71113211861935374E-03  2.18316578187678267E+01
4.71614929872437964E-03  2.18529255559365190E+01
4.72116647882940554E-03  2.18741932931052112E+01
4.72618365893443144E-03  2.18954610302739034E+01
4.73120083903945735E-03  2.19167287674425957E+01
4.73621801914448325E-03  2.19379965046112879E+01
4.74123519924950915E-03  2.19592642417799802E+01
4.74625237935453505E-03  2.19805319789486724E+01
4.75126955945956095E-03  2.20017997161173646E+01
4.75628673956458685E-03  2.20230674532860569E+01
4.76130391966961275E-03  2.20443351904547526E+01
4.76632109977463865E-03  2.20656029276234449E+01
4.77133827987966455E-03  2.20868706647921371E+01
4.77635545998469045E-03  2.21081384019608294E+01
4.78137264008971635E-03  2.21294061391295216E+01
4.78638982019474225E-03  2.21506738762982138E+01
4.79140700029976815E-03  2.21719416134669061E+01
4.79642418040479405E-03  2.21932093506355983E+01
4.80144136050981996E-03  2.22144770878042905E+01
4.80645854061484586E-03  2.22357448249729828E+01
4.81147572071987176E-03  2.22570125621416750E+01
4.81649290082489766E-03  2.22782802993103708E+01
4.82151008092992356E-03  2.22995480364790630E+01
4.82652726103495033E-03  2.23208157736477588E+01
4.83154444113997623E-03  2.23420835108164511E+01
4.83656162124500213E-03  2.23633512479851433E+01
4.84157880135002803E-03  2.23846189851538355E+01
4.84659598145505393E-03  2.24058867223225278E+01
4.85161316156007983E-03  2.24271544594912200E+01
4.85663034166510573E-03  2.24484221966599122E+01
4.86164752177013163E-03  2.24696899338286045E+01
4.86666470187515753E-03  2.24909576709973003E+01
4.87168188198018343E-03  2.25122254081659925E+01
4.87669906208520933E-03  2.25334931453346847E+01
4.88171624219023523E-03  2.25547608825033770E+01
4.88673342229526114E-03  2.25760286196720692E+01
4.89175060240028704E-03  2.25972963568407614E+01
4.89676778250531294E-03  2.26185640940094537E+01
4.90178496261033884E-03  2.26398318311781459E+01
4.90680214271536474E-03  2.26610995683468381E+01
4.91181932282039064E-03  2.26823673055155304E+01
4.91683650292541654E-03  2.27036350426842226E+01
4.92185368303044244E-03  2.27249027798529184E+01
4.92687086313546834E-03  2.27461705170216106E+01
4.93188804324049424E-03  2.27674382541903029E+01
4.93690522334552014E-03  2.27887059913589951E+01
4.94192240345054604E-03  2.28099737285276873E+01
4.94693958355557194E-03  2.28312414656963796E+01
4.95195676366059871E-03  2.28525092028650754E+01
4.95697394376562461E-03  2.28737769400337676E+01
4.96199112387065051E-03  2.28950446772024598E+01
4.96700830397567641E-03  2.29163124143711521E+01
4.97202548408070232E-03  2.29375801515398479E+01
4.97704266418572822E-03  2.29588478887085401E+01
4.98205984429075412E-03  2.29801156258772323E+01
4.98707702439578002E-03  2.30013833630459246E+01
4.99209420450080592E-03  2.30226511002146168E+01
4.99711138460583182E-03  2.30439188373833090E+01
