0.00000000000000000E+00  0.00000000000000000E+00
5.80141217430159663E-06  1.64590019784844166E-01
1.16028243486031933E-05  3.29180039569688332E-01
1.74042365229047890E-05  4.93770059354532442E-01
2.32056486972063865E-05  6.58360079139376664E-01
2.90070608715079840E-05  8.22950098924220774E-01
3.48084730458095781E-05  9.87540118709064885E-01
4.06098852201111789E-05  1.15213013849390911E+00
4.64112973944127730E-05  1.31672015827875333E+00
5.22127095687143671E-05  1.48131017806359733E+00
5.80141217430159680E-05  1.64590019784844155E+00
6.38155339173175688E-05  1.81049021763328577E+00
6.96169460916191561E-05  1.97508023741812977E+00
7.54183582659207570E-05  2.13967025720297421E+00
8.12197704402223579E-05  2.30426027698781821E+00
8.70211826145239452E-05  2.46885029677266221E+00
9.28225947888255460E-05  2.63344031655750666E+00
9.86240069631271469E-05  2.79803033634235065E+00
1.04425419137428734E-04  2.93742795694605086E+00
1.10226831311730335E-04  2.95427096299675140E+00
1.16028243486031936E-04  2.97111396904745240E+00
1.21829655660333523E-04  2.98795697509815295E+00
1.27631067834635138E-04  3.00479998114885394E+00
1.33432480008936711E-04  3.02164298719955449E+00
1.39233892183238312E-04  3.03848599325025504E+00
1.45035304357539913E-04  3.05532899930095603E+00
1.50836716531841514E-04  3.07217200535165658E+00
1.56638128706143115E-04  3.08901501140235757E+00
1.62439540880444716E-04  3.10585801745305812E+00
1.68240953054746289E-04  3.12270102350375867E+00
1.74042365229047890E-04  3.13954402955445966E+00
1.79843777403349491E-04  3.15638703560516021E+00
1.85645189577651092E-04  3.17323004165586120E+00
1.91446601751952693E-04  3.19007304770656175E+00
1.97248013926254294E-04  3.20691605375726230E+00
2.03049426100555895E-04  3.22375905980796329E+00
2.08850838274857468E-04  3.24060206585866384E+00
2.14652250449159069E-04  3.25744507190936483E+00
2.20453662623460670E-04  3.27428807796006538E+00
2.26255074797762271E-04  3.29113108401076637E+00
2.32056486972063872E-04  3.30797409006146692E+00
2.37857899146365473E-04  3.32481709611216791E+00
2.43659311320667046E-04  3.34166010216286846E+00
2.49460723494968647E-04  3.35850310821356901E+00
2.55262135669270275E-04  3.37534611426427000E+00
2.61063547843571849E-04  3.39218912031497055E+00
2.66864960017873423E-04  3.40903212636567154E+00
2.72666372192175051E-04  3.42587513241637209E+00
2.78467784366476625E-04  3.44271813846707264E+00
2.84269196540778253E-04  3.45956114451777363E+00
2.90070608715079826E-04  3.47640415056847463E+00
2.95872020889381454E-04  3.49324715661917518E+00
3.01673433063683028E-04  3.51009016266987572E+00
3.07474845237984602E-04  3.52693316872057672E+00
3.13276257412286230E-04  3.54377617477127727E+00
3.19077669586587803E-04  3.56061918082197781E+00
3.24879081760889431E-04  3.57746218687267881E+00
3.30680493935191005E-04  3.59430519292337980E+00
3.36481906109492579E-04  3.61114819897408035E+00
3.42283318283794207E-04  3.62799120502478090E+00
3.48084730458095781E-04  3.64483421107548189E+00
3.53886142632397409E-04  3.66167721712618244E+00
3.59687554806698982E-04  3.67852022317688299E+00
3.65488966981000610E-04  3.69536322922758398E+00
3.71290379155302184E-04  3.71220623527828497E+00
3.77091791329603758E-04  3.72904924132898508E+00
3.82893203503905386E-04  3.74589224737968607E+00
3.88694615678206960E-04  3.76273525343038706E+00
3.94496027852508588E-04  3.77957825948108761E+00
4.00297440026810161E-04  3.79642126553178816E+00
4.06098852201111789E-04  3.81326427158248915E+00
4.11900264375413363E-04  3.83010727763319014E+00
4.17701676549714937E-04  3.84695028368389025E+00
4.23503088724016565E-04  3.86379328973459124E+00
4.29304500898318139E-04  3.88063629578529223E+00
4.35105913072619766E-04  3.89747930183599323E+00
4.40907325246921340E-04  3.91432230788669333E+00
4.46708737421222914E-04  3.93116531393739432E+00
4.52510149595524542E-04  3.94800831998809532E+00
4.58311561769826116E-04  3.96485132603879542E+00
4.64112973944127744E-04  3.98169433208949641E+00
4.69914386118429317E-04  3.99853733814019741E+00
4.75715798292730945E-04  4.01538034419089840E+00
4.81517210467032519E-04  4.03222335024159850E+00
4.87318622641334093E-04  4.04906635629229950E+00
4.93120034815635721E-04  4.06590936234300049E+00
4.98921446989937295E-04  4.08275236839370059E+00
5.04722859164238868E-04  4.09959537444440159E+00
5.10524271338540551E-04  4.11643838049510258E+00
5.16325683512842124E-04  4.13328138654580357E+00
5.22127095687143698E-04  4.15012439259650368E+00
5.27928507861445272E-04  4.16696739864720467E+00
5.33729920035746846E-04  4.18381040469790477E+00
5.39531332210048528E-04  4.20065341074860576E+00
5.45332744384350102E-04  4.21749641679930676E+00
5.51134156558651675E-04  4.23433942285000775E+00
5.56935568732953249E-04  4.25118242890070874E+00
5.62736980907254823E-04  4.26802543495140885E+00
5.68538393081556505E-04  4.28486844100210984E+00
5.74339805255858079E-04  4.30171144705281083E+00
5.80141217430159653E-04  4.31855445310351094E+00
5.85942629604461226E-04  4.33539745915421193E+00
5.91744041778762908E-04  4.35224046520491292E+00
5.97545453953064482E-04  4.36908347125561392E+00
6.03346866127366056E-04  4.38592647730631402E+00
6.09148278301667630E-04  4.40276948335701501E+00
6.14949690475969203E-04  4.41961248940771512E+00
6.20751102650270886E-04  4.43645549545841611E+00
6.26552514824572459E-04  4.45329850150911710E+00
6.32353926998874033E-04  4.47014150755981809E+00
6.38155339173175607E-04  4.48698451361051909E+00
6.43956751347477181E-04  4.50382751966121919E+00
6.49758163521778863E-04  4.52067052571192018E+00
6.55559575696080437E-04  4.53751353176262118E+00
6.61360987870382010E-04  4.55435653781332128E+00
6.67162400044683584E-04  4.57119954386402227E+00
6.72963812218985158E-04  4.58804254991472327E+00
6.78765224393286840E-04  4.60488555596542426E+00
6.84566636567588414E-04  4.62172856201612436E+00
6.90368048741889988E-04  4.63857156806682536E+00
6.96169460916191561E-04  4.65541457411752546E+00
7.01970873090493244E-04  4.67225758016822645E+00
7.07772285264794817E-04  4.68910058621892745E+00
7.13573697439096391E-04  4.70594359226962844E+00
7.19375109613397965E-04  4.72278659832032943E+00
7.25176521787699539E-04  4.73962960437102954E+00
7.30977933962001221E-04  4.75647261042173053E+00
7.36779346136302794E-04  4.77331561647243152E+00
7.42580758310604368E-04  4.79015862252313163E+00
7.48382170484905942E-04  4.80700162857383262E+00
7.54183582659207516E-04  4.82384463462453361E+00
7.59984994833509198E-04  4.84068764067523460E+00
7.65786407007810772E-04  4.85753064672593560E+00
7.71587819182112345E-04  4.87437365277663570E+00
7.77389231356413919E-04  4.89121665882733581E+00
7.83190643530715493E-04  4.90805966487803680E+00
7.88992055705017175E-04  4.92490267092873779E+00
7.94793467879318749E-04  4.94174567697943878E+00
8.00594880053620323E-04  4.95858868303013978E+00
8.06396292227921896E-04  4.97543168908083988E+00
8.12197704402223579E-04  4.99227469513154087E+00
8.17999116576525152E-04  5.00911770118224187E+00
8.23800528750826726E-04  5.02596070723294197E+00
8.29601940925128300E-04  5.04280371328364296E+00
8.35403353099429874E-04  5.05964671933434396E+00
8.41204765273731556E-04  5.07648972538504495E+00
8.47006177448033130E-04  5.09333273143574594E+00
8.52807589622334703E-04  5.11017573748644605E+00
8.58609001796636277E-04  5.12701874353714615E+00
8.64410413970937851E-04  5.14386174958784714E+00
8.70211826145239533E-04  5.16070475563854814E+00
8.76013238319541107E-04  5.17754776168924913E+00
8.81814650493842681E-04  5.19439076773995012E+00
8.87616062668144254E-04  5.21123377379065023E+00
8.93417474842445828E-04  5.22807677984135122E+00
8.99218887016747510E-04  5.24491978589205221E+00
9.05020299191049084E-04  5.26176279194275232E+00
9.10821711365350658E-04  5.27860579799345331E+00
9.16623123539652231E-04  5.29544880404415430E+00
9.22424535713953914E-04  5.31229181009485529E+00
9.28225947888255487E-04  5.32913481614555629E+00
9.34027360062557061E-04  5.34597782219625639E+00
9.39828772236858635E-04  5.36282082824695649E+00
9.45630184411160209E-04  5.37966383429765749E+00
9.51431596585461891E-04  5.39650684034835848E+00
9.57233008759763465E-04  5.41334984639905947E+00
9.63034420934065038E-04  5.43019285244976047E+00
9.68835833108366612E-04  5.44703585850046057E+00
9.74637245282668186E-04  5.46387886455116156E+00
9.80438657456969868E-04  5.48072187060186256E+00
9.86240069631271442E-04  5.49756487665256266E+00
9.92041481805573016E-04  5.51440788270326365E+00
9.97842893979874589E-04  5.53125088875396465E+00
1.00364430615417616E-03  5.54809389480466564E+00
1.00944571832847774E-03  5.56493690085536574E+00
1.01524713050277931E-03  5.58177990690606585E+00
1.02104854267708110E-03  5.59862291295676773E+00
1.02684995485138267E-03  5.61546591900746783E+00
1.03265136702568425E-03  5.63230892505816882E+00
1.03845277919998582E-03  5.64915193110886982E+00
1.04425419137428740E-03  5.66599493715957081E+00
1.05005560354858897E-03  5.68283794321027091E+00
1.05585701572289054E-03  5.69968094926097191E+00
1.06165842789719212E-03  5.71652395531167201E+00
1.06745984007149369E-03  5.73336696136237300E+00
1.07326125224579548E-03  5.75020996741307400E+00
1.07906266442009706E-03  5.76705297346377499E+00
1.08486407659439863E-03  5.78389597951447598E+00
1.09066548876870020E-03  5.80073898556517698E+00
1.09646690094300178E-03  5.81758199161587708E+00
1.10226831311730335E-03  5.83442499766657718E+00
1.10806972529160492E-03  5.85126800371727818E+00
1.11387113746590650E-03  5.86811100976797917E+00
1.11967254964020807E-03  5.88495401581868016E+00
1.12547396181450965E-03  5.90179702186938027E+00
1.13127537398881144E-03  5.92258993411634993E+00
1.13707678616311301E-03  5.94391040300623619E+00
1.14287819833741458E-03  5.96523087189612333E+00
1.14867961051171616E-03  5.98655134078600959E+00
1.15448102268601773E-03  6.00787180967589673E+00
1.16028243486031931E-03  6.02919227856578388E+00
1.16608384703462088E-03  6.05051274745567014E+00
1.17188525920892245E-03  6.07183321634555728E+00
1.17768667138322403E-03  6.09315368523544354E+00
1.18348808355752582E-03  6.11447415412533157E+00
1.18928949573182739E-03  6.13579462301521783E+00
1.19509090790612896E-03  6.15711509190510498E+00
1.20089232008043054E-03  6.17843556079499212E+00
1.20669373225473211E-03  6.19975602968487838E+00
1.21249514442903369E-03  6.22107649857476552E+00
1.21829655660333526E-03  6.24239696746465178E+00
1.22409796877763683E-03  6.26371743635453893E+00
1.22989938095193841E-03  6.28503790524442607E+00
1.23570079312623998E-03  6.30635837413431233E+00
1.24150220530054177E-03  6.32767884302420036E+00
1.24730361747484335E-03  6.34899931191408662E+00
1.25310502964914492E-03  6.37031978080397376E+00
1.25890644182344649E-03  6.39164024969386002E+00
1.26470785399774807E-03  6.41296071858374717E+00
1.27050926617204964E-03  6.43428118747363431E+00
1.27631067834635121E-03  6.45560165636352057E+00
1.28211209052065279E-03  6.47692212525340771E+00
1.28791350269495436E-03  6.49824259414329397E+00
1.29371491486925615E-03  6.51956306303318200E+00
1.29951632704355773E-03  6.54088353192306826E+00
1.30531773921785930E-03  6.56220400081295541E+00
1.31111915139216087E-03  6.58352446970284255E+00
1.31692056356646245E-03  6.60484493859272881E+00
1.32272197574076402E-03  6.62616540748261595E+00
1.32852338791506559E-03  6.64748587637250221E+00
1.33432480008936717E-03  6.66880634526238936E+00
1.34012621226366874E-03  6.69012681415227561E+00
1.34592762443797032E-03  6.71144728304216276E+00
1.35172903661227211E-03  6.73276775193205079E+00
1.35753044878657368E-03  6.75408822082193705E+00
1.36333186096087525E-03  6.77540868971182420E+00
1.36913327313517683E-03  6.79672915860171045E+00
1.37493468530947840E-03  6.81804962749159760E+00
1.38073609748377998E-03  6.83937009638148385E+00
1.38653750965808155E-03  6.86069056527137100E+00
1.39233892183238312E-03  6.88201103416125815E+00
1.39814033400668470E-03  6.90333150305114440E+00
1.40394174618098649E-03  6.92465197194103244E+00
1.40974315835528806E-03  6.94597244083091869E+00
1.41554457052958963E-03  6.96729290972080584E+00
1.42134598270389121E-03  6.98861337861069210E+00
1.42714739487819278E-03  7.00993384750057924E+00
1.43294880705249436E-03  7.03125431639046639E+00
1.43875021922679593E-03  7.05257478528035264E+00
1.44455163140109750E-03  7.07389525417023979E+00
1.45035304357539908E-03  7.09521572306012605E+00
1.45615445574970065E-03  7.11653619195001319E+00
1.46195586792400244E-03  7.13785666083990034E+00
1.46775728009830402E-03  7.15917712972978748E+00
1.47355869227260559E-03  7.18049759861967463E+00
1.47936010444690716E-03  7.20181806750956088E+00
1.48516151662120874E-03  7.22313853639944803E+00
1.49096292879551031E-03  7.24445900528933429E+00
1.49676434096981188E-03  7.26577947417922143E+00
1.50256575314411346E-03  7.28709994306910769E+00
1.50836716531841503E-03  7.30842041195899483E+00
1.51416857749271682E-03  7.32974088084888287E+00
1.51996998966701840E-03  7.35106134973876912E+00
1.52577140184131997E-03  7.37238181862865627E+00
1.53157281401562154E-03  7.39370228751854253E+00
1.53737422618992312E-03  7.41502275640842967E+00
1.54317563836422469E-03  7.43634322529831593E+00
1.54897705053852626E-03  7.45766369418820307E+00
1.55477846271282784E-03  7.47898416307809022E+00
1.56057987488712941E-03  7.50030463196797648E+00
1.56638128706143099E-03  7.52162510085786362E+00
1.57218269923573278E-03  7.54294556974775077E+00
1.57798411141003435E-03  7.56426603863763791E+00
1.58378552358433592E-03  7.58558650752752417E+00
1.58958693575863750E-03  7.60690697641741131E+00
1.59538834793293907E-03  7.62822744530729846E+00
1.60118976010724065E-03  7.64954791419718472E+00
1.60699117228154222E-03  7.67086838308707186E+00
1.61279258445584379E-03  7.69218885197695812E+00
1.61859399663014537E-03  7.71350932086684526E+00
1.62439540880444716E-03  7.73482978975673241E+00
1.63019682097874873E-03  7.75615025864661956E+00
1.63599823315305030E-03  7.77747072753650670E+00
1.64179964532735188E-03  7.79879119642639296E+00
1.64760105750165345E-03  7.82011166531628010E+00
1.65340246967595503E-03  7.84143213420616636E+00
1.65920388185025660E-03  7.86275260309605351E+00
1.66500529402455817E-03  7.88407307198594065E+00
1.67080670619885975E-03  7.90539354087582691E+00
1.67660811837316132E-03  7.92671400976571405E+00
1.68240953054746311E-03  7.94803447865560120E+00
1.68821094272176469E-03  7.96935494754548834E+00
1.69401235489606626E-03  7.99067541643537460E+00
1.69981376707036783E-03  8.01199588532526263E+00
1.70561517924466941E-03  8.03331635421514889E+00
1.71141659141897098E-03  8.05463682310503515E+00
1.71721800359327255E-03  8.07595729199492141E+00
1.72301941576757413E-03  8.09727776088480766E+00
1.72882082794187570E-03  8.11859822977469570E+00
1.73462224011617749E-03  8.13991869866458373E+00
1.74042365229047907E-03  8.16123916755446999E+00
1.74622506446478064E-03  8.18255963644435624E+00
1.75202647663908221E-03  8.20388010533424250E+00
1.75782788881338379E-03  8.22520057422413053E+00
1.76362930098768536E-03  8.24652104311401679E+00
1.76943071316198693E-03  8.26784151200390482E+00
1.77523212533628851E-03  8.28916198089379108E+00
1.78103353751059008E-03  8.31048244978367734E+00
1.78683494968489166E-03  8.33180291867356360E+00
1.79263636185919345E-03  8.35312338756345163E+00
1.79843777403349502E-03  8.37444385645333966E+00
1.80423918620779659E-03  8.39576432534322592E+00
1.81004059838209817E-03  8.41708479423311218E+00
1.81584201055639974E-03  8.43840526312299843E+00
1.82164342273070132E-03  8.45972573201288469E+00
1.82744483490500289E-03  8.48104620090277272E+00
1.83324624707930446E-03  8.50236666979265898E+00
1.83904765925360604E-03  8.52368713868254702E+00
1.84484907142790783E-03  8.54500760757243327E+00
1.85065048360220940E-03  8.56632807646231953E+00
1.85645189577651097E-03  8.58764854535220579E+00
1.86225330795081255E-03  8.60896901424209382E+00
1.86805472012511412E-03  8.63028948313198185E+00
1.87385613229941570E-03  8.65160995202186811E+00
1.87965754447371727E-03  8.67293042091175437E+00
1.88545895664801884E-03  8.69425088980164062E+00
1.89126036882232042E-03  8.71557135869152688E+00
1.89706178099662199E-03  8.73689182758141314E+00
1.90286319317092378E-03  8.75821229647130295E+00
1.90866460534522536E-03  8.77953276536118921E+00
1.91446601751952693E-03  8.80085323425107546E+00
1.92026742969382850E-03  8.82217370314096172E+00
1.92606884186813008E-03  8.84349417203084798E+00
1.93187025404243165E-03  8.86481464092073601E+00
1.93767166621673322E-03  8.88613510981062227E+00
1.94347307839103480E-03  8.90745557870051030E+00
1.94927449056533637E-03  8.92877604759039656E+00
1.95507590273963795E-03  8.95009651648028282E+00
1.96087731491393974E-03  8.97141698537017085E+00
1.96667872708824109E-03  8.99273745426005533E+00
1.97248013926254288E-03  9.01405792314994514E+00
1.97828155143684424E-03  9.03537839203983140E+00
1.98408296361114603E-03  9.05669886092971765E+00
1.98988437578544782E-03  9.07801932981960569E+00
1.99568578795974918E-03  9.09933979870949017E+00
2.00148720013405097E-03  9.12066026759937998E+00
2.00728861230835233E-03  9.14198073648926446E+00
2.01309002448265412E-03  9.16330120537915249E+00
2.01889143665695547E-03  9.18462167426903875E+00
2.02469284883125726E-03  9.20594214315892501E+00
2.03049426100555862E-03  9.22726261204881126E+00
2.03629567317986041E-03  9.24858308093869930E+00
2.04209708535416220E-03  9.26990354982858733E+00
2.04789849752846356E-03  9.29122401871847359E+00
2.05369990970276535E-03  9.31254448760835984E+00
2.05950132187706671E-03  9.33386495649824610E+00
2.06530273405136850E-03  9.35518542538813414E+00
2.07110414622566985E-03  9.37650589427802039E+00
2.07690555839997164E-03  9.39782636316790843E+00
2.08270697057427300E-03  9.41914683205779468E+00
2.08850838274857479E-03  9.44046730094768094E+00
2.09430979492287658E-03  9.46178776983756897E+00
2.10011120709717794E-03  9.48310823872745523E+00
2.10591261927147973E-03  9.50442870761734326E+00
2.11171403144578109E-03  9.52574917650722952E+00
2.11751544362008288E-03  9.54706964539711578E+00
2.12331685579438424E-03  9.56839011428700204E+00
2.12911826796868603E-03  9.58971058317688829E+00
2.13491968014298738E-03  9.61103105206677455E+00
2.14072109231728917E-03  9.63235152095666258E+00
2.14652250449159096E-03  9.65367198984655062E+00
2.15232391666589232E-03  9.67499245873643687E+00
2.15812532884019411E-03  9.69631292762632313E+00
2.16392674101449547E-03  9.71763339651620939E+00
2.16972815318879726E-03  9.73895386540609742E+00
2.17552956536309862E-03  9.76027433429598368E+00
2.18133097753740041E-03  9.78159480318587171E+00
2.18713238971170176E-03  9.80291527207575797E+00
2.19293380188600355E-03  9.82423574096564423E+00
2.19873521406030491E-03  9.84555620985553048E+00
2.20453662623460670E-03  9.86687667874541852E+00
2.21033803840890849E-03  9.88819714763530655E+00
2.21613945058320985E-03  9.90951761652519103E+00
2.22194086275751164E-03  9.93083808541507906E+00
2.22774227493181300E-03  9.95215855430496532E+00
2.23354368710611479E-03  9.97347902319485335E+00
2.23934509928041614E-03  9.99479949208473961E+00
2.24514651145471793E-03  1.00161199609746259E+01
2.25094792362901929E-03  1.00374404298645121E+01
2.25674933580332108E-03  1.00587608987544002E+01
2.26255074797762287E-03  1.00800813676442882E+01
2.26835216015192423E-03  1.01014018365341744E+01
2.27415357232622602E-03  1.01227223054240607E+01
2.27995498450052738E-03  1.01440427743139470E+01
2.28575639667482917E-03  1.01653632432038350E+01
2.29155780884913052E-03  1.01866837120937213E+01
2.29735922102343232E-03  1.02080041809836075E+01
2.30316063319773367E-03  1.02293246498734938E+01
2.30896204537203546E-03  1.02506451187633818E+01
2.31476345754633725E-03  1.02719655876532698E+01
2.32056486972063861E-03  1.02932860565431561E+01
2.32636628189494040E-03  1.03146065254330423E+01
2.33216769406924176E-03  1.03359269943229286E+01
2.33796910624354355E-03  1.03572474632128166E+01
2.34377051841784491E-03  1.03785679321027029E+01
2.34957193059214670E-03  1.03998884009925909E+01
2.35537334276644805E-03  1.04212088698824754E+01
2.36117475494074984E-03  1.04425293387723634E+01
2.36697616711505163E-03  1.04638498076622515E+01
2.37277757928935299E-03  1.04851702765521377E+01
2.37857899146365478E-03  1.05064907454420240E+01
2.38438040363795614E-03  1.05278112143319103E+01
2.39018181581225793E-03  1.05491316832217983E+01
2.39598322798655929E-03  1.05704521521116845E+01
2.40178464016086108E-03  1.05917726210015726E+01
2.40758605233516243E-03  1.06130930898914571E+01
2.41338746450946422E-03  1.06344135587813451E+01
2.41918887668376558E-03  1.06557340276712313E+01
2.42499028885806737E-03  1.06770544965611194E+01
2.43079170103236916E-03  1.06983749654510074E+01
2.43659311320667052E-03  1.07196954343408919E+01
2.44239452538097231E-03  1.07410159032307799E+01
2.44819593755527367E-03  1.07623363721206662E+01
2.45399734972957546E-03  1.07836568410105542E+01
2.45979876190387681E-03  1.08049773099004405E+01
2.46560017407817860E-03  1.08262977787903267E+01
2.47140158625247996E-03  1.08476182476802130E+01
2.47720299842678175E-03  1.08689387165701010E+01
2.48300441060108354E-03  1.08902591854599891E+01
2.48880582277538490E-03  1.09115796543498735E+01
2.49460723494968669E-03  1.09329001232397616E+01
2.50040864712398805E-03  1.09542205921296478E+01
2.50621005929828984E-03  1.09755410610195359E+01
2.51201147147259119E-03  1.09968615299094221E+01
2.51781288364689299E-03  1.10181819987993084E+01
2.52361429582119434E-03  1.10395024676891946E+01
2.52941570799549613E-03  1.10608229365790827E+01
2.53521712016979792E-03  1.10821434054689707E+01
2.54101853234409928E-03  1.11034638743588570E+01
2.54681994451840107E-03  1.11247843432487432E+01
2.55262135669270243E-03  1.11461048121386295E+01
2.55842276886700422E-03  1.11674252810285175E+01
2.56422418104130558E-03  1.11887457499184038E+01
2.57002559321560737E-03  1.12100662188082900E+01
2.57582700538990872E-03  1.12313866876981763E+01
2.58162841756421051E-03  1.12527071565880643E+01
2.58742982973851230E-03  1.12740276254779523E+01
2.59323124191281366E-03  1.12953480943678386E+01
2.59903265408711545E-03  1.13166685632577249E+01
2.60483406626141681E-03  1.13379890321476111E+01
2.61063547843571860E-03  1.13593095010374991E+01
2.61643689061001996E-03  1.13806299699273854E+01
2.62223830278432175E-03  1.14019504388172734E+01
2.62803971495862310E-03  1.14232709077071579E+01
2.63384112713292489E-03  1.14445913765970460E+01
2.63964253930722625E-03  1.14659118454869322E+01
2.64544395148152804E-03  1.14872323143768202E+01
2.65124536365582983E-03  1.15085527832667065E+01
2.65704677583013119E-03  1.15298732521565928E+01
2.66284818800443298E-03  1.15511937210464808E+01
2.66864960017873434E-03  1.15725141899363670E+01
2.67445101235303613E-03  1.15938346588262551E+01
2.68025242452733748E-03  1.16151551277161396E+01
2.68605383670163927E-03  1.16364755966060276E+01
2.69185524887594063E-03  1.16577960654959139E+01
2.69765666105024242E-03  1.16791165343858019E+01
2.70345807322454421E-03  1.17004370032756899E+01
2.70925948539884557E-03  1.17217574721655744E+01
2.71506089757314736E-03  1.17430779410554624E+01
2.72086230974744872E-03  1.17643984099453487E+01
2.72666372192175051E-03  1.17857188788352367E+01
2.73246513409605186E-03  1.18070393477251230E+01
2.73826654627035366E-03  1.18283598166150092E+01
2.74406795844465501E-03  1.18496802855048955E+01
2.74986937061895680E-03  1.18710007543947835E+01
2.75567078279325859E-03  1.18923212232846716E+01
2.76147219496755995E-03  1.19136416921745560E+01
2.76727360714186174E-03  1.19349621610644441E+01
2.77307501931616310E-03  1.19562826299543303E+01
2.77887643149046489E-03  1.19776030988442184E+01
2.78467784366476625E-03  1.19989235677341046E+01
2.79047925583906804E-03  1.20202440366239909E+01
2.79628066801336939E-03  1.20415645055138771E+01
2.80208208018767118E-03  1.20628849744037652E+01
2.80788349236197297E-03  1.20842054432936532E+01
2.81368490453627433E-03  1.21055259121835395E+01
2.81948631671057612E-03  1.21268463810734257E+01
2.82528772888487748E-03  1.21481668499633120E+01
2.83108914105917927E-03  1.21694873188532000E+01
2.83689055323348063E-03  1.21908077877430863E+01
2.84269196540778242E-03  1.22121282566329725E+01
2.84849337758208377E-03  1.22334487255228588E+01
2.85429478975638556E-03  1.22547691944127468E+01
2.86009620193068692E-03  1.22760896633026331E+01
2.86589761410498871E-03  1.22974101321925211E+01
2.87169902627929050E-03  1.23187306010824074E+01
2.87750043845359186E-03  1.23400510699722936E+01
2.88330185062789365E-03  1.23613715388621817E+01
2.88910326280219501E-03  1.23826920077520679E+01
2.89490467497649680E-03  1.24040124766419542E+01
2.90070608715079815E-03  1.24253329455318404E+01
2.90650749932509994E-03  1.24466534144217285E+01
2.91230891149940130E-03  1.24679738833116147E+01
2.91811032367370309E-03  1.24892943522015027E+01
2.92391173584800488E-03  1.25106148210913890E+01
2.92971314802230624E-03  1.25319352899812753E+01
2.93551456019660803E-03  1.25532557588711633E+01
2.94131597237090939E-03  1.25745762277610496E+01
2.94711738454521118E-03  1.25958966966509376E+01
2.95291879671951253E-03  1.26172171655408221E+01
2.95872020889381433E-03  1.26385376344307101E+01
2.96452162106811568E-03  1.26598581033205964E+01
2.97032303324241747E-03  1.26811785722104844E+01
2.97612444541671926E-03  1.27024990411003706E+01
2.98192585759102062E-03  1.27238195099902569E+01
2.98772726976532241E-03  1.27451399788801449E+01
2.99352868193962377E-03  1.27664604477700312E+01
2.99933009411392556E-03  1.27877809166599192E+01
3.00513150628822692E-03  1.28091013855498037E+01
3.01093291846252871E-03  1.28304218544396917E+01
3.01673433063683006E-03  1.28517423233295780E+01
3.02253574281113185E-03  1.28730627922194660E+01
3.02833715498543364E-03  1.28943832611093541E+01
3.03413856715973500E-03  1.29157037299992385E+01
3.03993997933403679E-03  1.29370241988891266E+01
3.04574139150833815E-03  1.29583446677790128E+01
3.05154280368263994E-03  1.29796651366689009E+01
3.05734421585694130E-03  1.30009856055587871E+01
3.06314562803124309E-03  1.30223060744486734E+01
3.06894704020554444E-03  1.30436265433385596E+01
3.07474845237984623E-03  1.30649470122284477E+01
3.08054986455414802E-03  1.30862674811183357E+01
3.08635127672844938E-03  1.31075879500082202E+01
3.09215268890275117E-03  1.31289084188981082E+01
3.09795410107705253E-03  1.31502288877879945E+01
3.10375551325135432E-03  1.31715493566778825E+01
3.10955692542565568E-03  1.31928698255677688E+01
3.11535833759995747E-03  1.32141902944576550E+01
3.12115974977425882E-03  1.32355107633475413E+01
3.12696116194856061E-03  1.32568312322374293E+01
3.13276257412286197E-03  1.32781517011273156E+01
3.13856398629716376E-03  1.32994721700172036E+01
3.14436539847146555E-03  1.33207926389070899E+01
3.15016681064576691E-03  1.33421131077969761E+01
3.15596822282006870E-03  1.33634335766868642E+01
3.16176963499437006E-03  1.33847540455767504E+01
3.16757104716867185E-03  1.34060745144666367E+01
3.17337245934297320E-03  1.34273949833565229E+01
3.17917387151727500E-03  1.34487154522464110E+01
3.18497528369157635E-03  1.34700359211362972E+01
3.19077669586587814E-03  1.34913563900261853E+01
3.19657810804017993E-03  1.35126768589160715E+01
3.20237952021448129E-03  1.35339973278059578E+01
3.20818093238878308E-03  1.35553177966958458E+01
3.21398234456308444E-03  1.35766382655857321E+01
3.21978375673738623E-03  1.35979587344756201E+01
3.22558516891168759E-03  1.36192792033655046E+01
3.23138658108598938E-03  1.36405996722553926E+01
3.23718799326029073E-03  1.36619201411452789E+01
3.24298940543459252E-03  1.36832406100351669E+01
3.24879081760889431E-03  1.37045610789250532E+01
3.25459222978319567E-03  1.37258815478149394E+01
3.26039364195749746E-03  1.37472020167048274E+01
3.26619505413179882E-03  1.37685224855947137E+01
3.27199646630610061E-03  1.37898429544846017E+01
3.27779787848040197E-03  1.38111634233744862E+01
3.28359929065470376E-03  1.38324838922643742E+01
3.28940070282900511E-03  1.38538043611542605E+01
3.29520211500330690E-03  1.38751248300441485E+01
3.30100352717760870E-03  1.38964452989340366E+01
3.30680493935191005E-03  1.39177657678239211E+01
3.31260635152621184E-03  1.39390862367138091E+01
3.31840776370051320E-03  1.39604067056036953E+01
3.32420917587481499E-03  1.39817271744935834E+01
3.33001058804911635E-03  1.40030476433834696E+01
3.33581200022341814E-03  1.40243681122733559E+01
3.34161341239771949E-03  1.40456885811632421E+01
3.34741482457202129E-03  1.40670090500531302E+01
3.35321623674632264E-03  1.40883295189430164E+01
3.35901764892062443E-03  1.41096499878329027E+01
3.36481906109492622E-03  1.41309704567227907E+01
3.37062047326922758E-03  1.41522909256126770E+01
3.37642188544352937E-03  1.41736113945025650E+01
3.38222329761783073E-03  1.41949318633924513E+01
3.38802470979213252E-03  1.42162523322823375E+01
3.39382612196643388E-03  1.42375728011722238E+01
3.39962753414073567E-03  1.42588932700621118E+01
3.40542894631503702E-03  1.42802137389519981E+01
3.41123035848933881E-03  1.43015342078418861E+01
3.41703177066364060E-03  1.43228546767317724E+01
3.42283318283794196E-03  1.43441751456216586E+01
3.42863459501224375E-03  1.43654956145115467E+01
3.43443600718654511E-03  1.43868160834014329E+01
3.44023741936084690E-03  1.44081365522913192E+01
3.44603883153514826E-03  1.44294570211812054E+01
3.45184024370945005E-03  1.44507774900710935E+01
3.45764165588375140E-03  1.44720979589609797E+01
3.46344306805805319E-03  1.44934184278508678E+01
3.46924448023235498E-03  1.45147388967407540E+01
3.47504589240665634E-03  1.45360593656306403E+01
3.48084730458095813E-03  1.45573798345205283E+01
3.48664871675525949E-03  1.45787003034104146E+01
3.49245012892956128E-03  1.46000207723003026E+01
3.49825154110386264E-03  1.46213412411901871E+01
3.50405295327816443E-03  1.46426617100800751E+01
3.50985436545246578E-03  1.46639821789699614E+01
3.51565577762676757E-03  1.46853026478598494E+01
3.52145718980106937E-03  1.47066231167497357E+01
3.52725860197537072E-03  1.47279435856396219E+01
3.53306001414967251E-03  1.47492640545295099E+01
3.53886142632397387E-03  1.47705845234193962E+01
3.54466283849827566E-03  1.47919049923092842E+01
3.55046425067257702E-03  1.48132254611991687E+01
3.55626566284687881E-03  1.48345459300890568E+01
3.56206707502118016E-03  1.48558663989789430E+01
3.56786848719548196E-03  1.48771868678688310E+01
3.57366989936978331E-03  1.48985073367587173E+01
3.57947131154408510E-03  1.49198278056486036E+01
3.58527272371838689E-03  1.49411482745384916E+01
3.59107413589268825E-03  1.49624687434283778E+01
3.59687554806699004E-03  1.49837892123182659E+01
3.60267696024129140E-03  1.50051096812081521E+01
3.60847837241559319E-03  1.50264301500980384E+01
3.61427978458989455E-03  1.50477506189879247E+01
3.62008119676419634E-03  1.50690710878778127E+01
3.62588260893849769E-03  1.50903915567676989E+01
3.63168402111279948E-03  1.51117120256575852E+01
3.63748543328710127E-03  1.51330324945474732E+01
3.64328684546140263E-03  1.51543529634373595E+01
3.64908825763570442E-03  1.51756734323272475E+01
3.65488966981000578E-03  1.51969939012171338E+01
3.66069108198430757E-03  1.52183143701070200E+01
3.66649249415860893E-03  1.52396348389969063E+01
3.67229390633291072E-03  1.52609553078867943E+01
3.67809531850721207E-03  1.52822757767766806E+01
3.68389673068151386E-03  1.53035962456665668E+01
3.68969814285581565E-03  1.53249167145564549E+01
3.69549955503011701E-03  1.53462371834463411E+01
3.70130096720441880E-03  1.53675576523362292E+01
3.70710237937872016E-03  1.53888781212261154E+01
3.71290379155302195E-03  1.54101985901160017E+01
3.71870520372732331E-03  1.54315190590058879E+01
3.72450661590162510E-03  1.54528395278957760E+01
3.73030802807592645E-03  1.54741599967856622E+01
3.73610944025022824E-03  1.54954804656755503E+01
3.74191085242453004E-03  1.55168009345654365E+01
3.74771226459883139E-03  1.55381214034553228E+01
3.75351367677313318E-03  1.55594418723452108E+01
3.75931508894743454E-03  1.55807623412350971E+01
3.76511650112173633E-03  1.56020828101249833E+01
3.77091791329603769E-03  1.56234032790148696E+01
3.77671932547033948E-03  1.56447237479047576E+01
3.78252073764464083E-03  1.56660442167946439E+01
3.78832214981894263E-03  1.56873646856845319E+01
3.79412356199324398E-03  1.57086851545744164E+01
3.79992497416754577E-03  1.57300056234643044E+01
3.80572638634184756E-03  1.57513260923541925E+01
3.81152779851614892E-03  1.57726465612440787E+01
3.81732921069045071E-03  1.57939670301339667E+01
3.82313062286475207E-03  1.58152874990238512E+01
3.82893203503905386E-03  1.58366079679137393E+01
3.83473344721335522E-03  1.58579284368036255E+01
3.84053485938765701E-03  1.58792489056935135E+01
3.84633627156195836E-03  1.59005693745833998E+01
3.85213768373626015E-03  1.59218898434732861E+01
3.85793909591056194E-03  1.59432103123631741E+01
3.86374050808486330E-03  1.59645307812530604E+01
3.86954192025916509E-03  1.59858512501429484E+01
3.87534333243346645E-03  1.60071717190328329E+01
3.88114474460776824E-03  1.60284921879227227E+01
3.88694615678206960E-03  1.60498126568126054E+01
3.89274756895637139E-03  1.60711331257024952E+01
3.89854898113067274E-03  1.60924535945923814E+01
3.90435039330497453E-03  1.61137740634822677E+01
3.91015180547927589E-03  1.61350945323721540E+01
3.91595321765357812E-03  1.61564150012620438E+01
3.92175462982787947E-03  1.61777354701519300E+01
3.92755604200218083E-03  1.61990559390418163E+01
3.93335745417648219E-03  1.62203764079317025E+01
3.93915886635078441E-03  1.62416968768215924E+01
3.94496027852508577E-03  1.62630173457114751E+01
3.95076169069938712E-03  1.62843378146013649E+01
3.95656310287368848E-03  1.63056582834912476E+01
3.96236451504799071E-03  1.63269787523811374E+01
3.96816592722229206E-03  1.63482992212710236E+01
3.97396733939659342E-03  1.63696196901609099E+01
3.97976875157089564E-03  1.63909401590507997E+01
3.98557016374519700E-03  1.64122606279406824E+01
3.99137157591949836E-03  1.64335810968305722E+01
3.99717298809379971E-03  1.64549015657204549E+01
4.00297440026810194E-03  1.64762220346103447E+01
4.00877581244240330E-03  1.64975425035002345E+01
4.01457722461670465E-03  1.65188629723901172E+01
4.02037863679100688E-03  1.65401834412800071E+01
4.02618004896530823E-03  1.65615039101698933E+01
4.03198146113960959E-03  1.65828243790597796E+01
4.03778287331391095E-03  1.66041448479496658E+01
4.04358428548821317E-03  1.66254653168395521E+01
4.04938569766251453E-03  1.66467857857294419E+01
4.05518710983681589E-03  1.66681062546193246E+01
4.06098852201111724E-03  1.66894267235092144E+01
4.06678993418541947E-03  1.67107471923991007E+01
4.07259134635972082E-03  1.67320676612889869E+01
4.07839275853402218E-03  1.67533881301788732E+01
4.08419417070832440E-03  1.67747085990687630E+01
4.08999558288262576E-03  1.67960290679586493E+01
4.09579699505692712E-03  1.68173495368485320E+01
4.10159840723122848E-03  1.68386700057384218E+01
4.10739981940553070E-03  1.68599904746283116E+01
4.11320123157983206E-03  1.68813109435181943E+01
4.11900264375413341E-03  1.69026314124080841E+01
4.12480405592843477E-03  1.69239518812979668E+01
4.13060546810273699E-03  1.69452723501878566E+01
4.13640688027703835E-03  1.69665928190777429E+01
4.14220829245133971E-03  1.69879132879676291E+01
4.14800970462564193E-03  1.70092337568575189E+01
4.15381111679994329E-03  1.70305542257474016E+01
4.15961252897424465E-03  1.70518746946372914E+01
4.16541394114854600E-03  1.70731951635271741E+01
4.17121535332284823E-03  1.70945156324170640E+01
4.17701676549714958E-03  1.71158361013069502E+01
4.18281817767145094E-03  1.71371565701968365E+01
4.18861958984575317E-03  1.71584770390867263E+01
4.19442100202005452E-03  1.71797975079766125E+01
4.20022241419435588E-03  1.72011179768664988E+01
4.20602382636865724E-03  1.72224384457563815E+01
4.21182523854295946E-03  1.72437589146462713E+01
4.21762665071726082E-03  1.72650793835361611E+01
4.22342806289156217E-03  1.72863998524260438E+01
4.22922947506586353E-03  1.73077203213159336E+01
4.23503088724016576E-03  1.73290407902058199E+01
4.24083229941446711E-03  1.73503612590957061E+01
4.24663371158876847E-03  1.73716817279855924E+01
4.25243512376307069E-03  1.73930021968754787E+01
4.25823653593737205E-03  1.74143226657653685E+01
4.26403794811167341E-03  1.74356431346552512E+01
4.26983936028597477E-03  1.74569636035451410E+01
4.27564077246027699E-03  1.74782840724350308E+01
4.28144218463457835E-03  1.74996045413249135E+01
4.28724359680887970E-03  1.75209250102147998E+01
4.29304500898318193E-03  1.75422454791046896E+01
4.29884642115748328E-03  1.75635659479945758E+01
4.30464783333178464E-03  1.75848864168844621E+01
4.31044924550608600E-03  1.76062068857743483E+01
4.31625065768038822E-03  1.76275273546642381E+01
4.32205206985468958E-03  1.76488478235541209E+01
4.32785348202899094E-03  1.76701682924440107E+01
4.33365489420329229E-03  1.76914887613338934E+01
4.33945630637759452E-03  1.77128092302237832E+01
4.34525771855189587E-03  1.77341296991136694E+01
4.35105913072619723E-03  1.77554501680035557E+01
4.35686054290049946E-03  1.77767706368934455E+01
4.36266195507480081E-03  1.77980911057833318E+01
4.36846336724910217E-03  1.78194115746732180E+01
4.37426477942340353E-03  1.78407320435631043E+01
4.38006619159770575E-03  1.78620525124529905E+01
4.38586760377200711E-03  1.78833729813428768E+01
4.39166901594630846E-03  1.79046934502327630E+01
4.39747042812060982E-03  1.79260139191226493E+01
4.40327184029491205E-03  1.79473343880125391E+01
4.40907325246921340E-03  1.79686548569024254E+01
4.41487466464351476E-03  1.79899753257923116E+01
4.42067607681781698E-03  1.80112957946822014E+01
4.42647748899211834E-03  1.80326162635720877E+01
4.43227890116641970E-03  1.80539367324619704E+01
4.43808031334072105E-03  1.80752572013518567E+01
4.44388172551502328E-03  1.80965776702417465E+01
4.44968313768932464E-03  1.81178981391316327E+01
4.45548454986362599E-03  1.81392186080215190E+01
4.46128596203792822E-03  1.81605390769114088E+01
4.46708737421222957E-03  1.81818595458012950E+01
4.47288878638653093E-03  1.82031800146911813E+01
4.47869019856083229E-03  1.82245004835810676E+01
4.48449161073513451E-03  1.82458209524709538E+01
4.49029302290943587E-03  1.82671414213608401E+01
4.49609443508373723E-03  1.82884618902507263E+01
4.50189584725803858E-03  1.83097823591406126E+01
4.50769725943234081E-03  1.83311028280305024E+01
4.51349867160664216E-03  1.83524232969203887E+01
4.51930008378094352E-03  1.83737437658102749E+01
4.52510149595524575E-03  1.83950642347001647E+01
4.53090290812954710E-03  1.84163847035900510E+01
4.53670432030384846E-03  1.84377051724799372E+01
4.54250573247814982E-03  1.84590256413698199E+01
4.54830714465245204E-03  1.84803461102597097E+01
4.55410855682675340E-03  1.85016665791495960E+01
4.55990996900105475E-03  1.85229870480394823E+01
4.56571138117535698E-03  1.85443075169293721E+01
4.57151279334965834E-03  1.85656279858192583E+01
4.57731420552395969E-03  1.85869484547091446E+01
4.58311561769826105E-03  1.86082689235990308E+01
4.58891702987256327E-03  1.86295893924889207E+01
4.59471844204686463E-03  1.86509098613788034E+01
4.60051985422116599E-03  1.86722303302686896E+01
4.60632126639546734E-03  1.86935507991585759E+01
4.61212267856976957E-03  1.87148712680484657E+01
4.61792409074407093E-03  1.87361917369383519E+01
4.62372550291837228E-03  1.87575122058282382E+01
4.62952691509267451E-03  1.87788326747181280E+01
4.63532832726697586E-03  1.88001531436080143E+01
4.64112973944127722E-03  1.88214736124979005E+01
4.64693115161557858E-03  1.88427940813877868E+01
4.65273256378988080E-03  1.88641145502776730E+01
4.65853397596418216E-03  1.88854350191675593E+01
4.66433538813848352E-03  1.89067554880574455E+01
4.67013680031278487E-03  1.89280759569473318E+01
4.67593821248708710E-03  1.89493964258372216E+01
4.68173962466138845E-03  1.89707168947271079E+01
4.68754103683568981E-03  1.89920373636169941E+01
4.69334244900999203E-03  1.90133578325068839E+01
4.69914386118429339E-03  1.90346783013967702E+01
4.70494527335859475E-03  1.90559987702866529E+01
4.71074668553289611E-03  1.90773192391765392E+01
4.71654809770719833E-03  1.90986397080664290E+01
4.72234950988149969E-03  1.91199601769563152E+01
4.72815092205580104E-03  1.91412806458462015E+01
4.73395233423010327E-03  1.91626011147360913E+01
4.73975374640440462E-03  1.91839215836259775E+01
4.74555515857870598E-03  1.92052420525158638E+01
4.75135657075300734E-03  1.92265625214057501E+01
4.75715798292730956E-03  1.92478829902956363E+01
4.76295939510161092E-03  1.92692034591855226E+01
4.76876080727591228E-03  1.92905239280754088E+01
4.77456221945021363E-03  1.93118443969652951E+01
4.78036363162451586E-03  1.93331648658551849E+01
4.78616504379881721E-03  1.93544853347450712E+01
4.79196645597311857E-03  1.93758058036349574E+01
4.79776786814742080E-03  1.93971262725248472E+01
4.80356928032172215E-03  1.94184467414147335E+01
4.80937069249602351E-03  1.94397672103046197E+01
4.81517210467032487E-03  1.94610876791945024E+01
4.82097351684462709E-03  1.94824081480843923E+01
4.82677492901892845E-03  1.95037286169742785E+01
4.83257634119322980E-03  1.95250490858641648E+01
4.83837775336753116E-03  1.95463695547540510E+01
4.84417916554183339E-03  1.95676900236439408E+01
4.84998057771613474E-03  1.95890104925338271E+01
4.85578198989043610E-03  1.96103309614237133E+01
4.86158340206473832E-03  1.96316514303136032E+01
4.86738481423903968E-03  1.96529718992034859E+01
4.87318622641334104E-03  1.96742923680933721E+01
4.87898763858764239E-03  1.96956128369832584E+01
4.88478905076194462E-03  1.97169333058731482E+01
4.89059046293624598E-03  1.97382537747630344E+01
4.89639187511054733E-03  1.97595742436529207E+01
4.90219328728484956E-03  1.97808947125428105E+01
4.90799469945915091E-03  1.98022151814326968E+01
4.91379611163345227E-03  1.98235356503225830E+01
4.91959752380775363E-03  1.98448561192124693E+01
4.92539893598205585E-03  1.98661765881023555E+01
4.93120034815635721E-03  1.98874970569922418E+01
4.93700176033065857E-03  1.99088175258821281E+01
4.94280317250495992E-03  1.99301379947720143E+01
4.94860458467926215E-03  1.99514584636619041E+01
4.95440599685356350E-03  1.99727789325517904E+01
4.96020740902786486E-03  1.99940994014416766E+01
4.96600882120216709E-03  2.00154198703315664E+01
4.97181023337646844E-03  2.00367403392214527E+01
4.97761164555076980E-03  2.00580608081113354E+01
4.98341305772507116E-03  2.00793812770012217E+01
4.98921446989937338E-03  2.01007017458911115E+01
4.99501588207367474E-03  2.01220222147809977E+01
5.00081729424797609E-03  2.01433426836708840E+01
5.00661870642227832E-03  2.01646631525607738E+01
5.01242011859657968E-03  2.01859836214506601E+01
5.01822153077088103E-03  2.02073040903405463E+01
5.02402294294518239E-03  2.02286245592304326E+01
5.02982435511948461E-03  2.02499450281203188E+01
5.03562576729378597E-03  2.02712654970102051E+01
5.04142717946808733E-03  2.02925859659000913E+01
5.04722859164238868E-03  2.03139064347899776E+01
5.05303000381669091E-03  2.03352269036798674E+01
5.05883141599099227E-03  2.03565473725697537E+01
5.06463282816529362E-03  2.03778678414596399E+01
5.07043424033959585E-03  2.03991883103495297E+01
5.07623565251389720E-03  2.04205087792394160E+01
5.08203706468819856E-03  2.04418292481293022E+01
5.08783847686249992E-03  2.04631497170191849E+01
5.09363988903680214E-03  2.04844701859090748E+01
5.09944130121110350E-03  2.05057906547989610E+01
5.10524271338540486E-03  2.05271111236888473E+01
5.11104412555970621E-03  2.05484315925787335E+01
5.11684553773400844E-03  2.05697520614686233E+01
5.12264694990830979E-03  2.05910725303585096E+01
5.12844836208261115E-03  2.06123929992483959E+01
5.13424977425691337E-03  2.06337134681382857E+01
5.14005118643121473E-03  2.06550339370281684E+01
5.14585259860551609E-03  2.06763544059180546E+01
5.15165401077981745E-03  2.06976748748079409E+01
5.15745542295411967E-03  2.07189953436978307E+01
5.16325683512842103E-03  2.07403158125877169E+01
5.16905824730272238E-03  2.07616362814776032E+01
5.17485965947702461E-03  2.07829567503674930E+01
5.18066107165132596E-03  2.08042772192573793E+01
5.18646248382562732E-03  2.08255976881472655E+01
5.19226389599992868E-03  2.08469181570371518E+01
5.19806530817423090E-03  2.08682386259270380E+01
5.20386672034853226E-03  2.08895590948169243E+01
5.20966813252283362E-03  2.09108795637068106E+01
5.21546954469713497E-03  2.09322000325966968E+01
5.22127095687143720E-03  2.09535205014865866E+01
5.22707236904573855E-03  2.09748409703764729E+01
5.23287378122003991E-03  2.09961614392663591E+01
5.23867519339434214E-03  2.10174819081562489E+01
5.24447660556864349E-03  2.10388023770461352E+01
5.25027801774294485E-03  2.10601228459360179E+01
5.25607942991724621E-03  2.10814433148259042E+01
5.26188084209154843E-03  2.11027637837157940E+01
5.26768225426584979E-03  2.11240842526056802E+01
5.27348366644015114E-03  2.11454047214955665E+01
5.27928507861445250E-03  2.11667251903854527E+01
5.28508649078875473E-03  2.11880456592753426E+01
5.29088790296305608E-03  2.12093661281652288E+01
5.29668931513735744E-03  2.12306865970551151E+01
5.30249072731165966E-03  2.12520070659450013E+01
5.30829213948596102E-03  2.12733275348348876E+01
5.31409355166026238E-03  2.12946480037247738E+01
5.31989496383456374E-03  2.13159684726146601E+01
5.32569637600886596E-03  2.13372889415045499E+01
5.33149778818316732E-03  2.13586094103944362E+01
5.33729920035746867E-03  2.13799298792843224E+01
5.34310061253177090E-03  2.14012503481742122E+01
5.34890202470607225E-03  2.14225708170640985E+01
5.35470343688037361E-03  2.14438912859539847E+01
5.36050484905467497E-03  2.14652117548438675E+01
5.36630626122897719E-03  2.14865322237337573E+01
5.37210767340327855E-03  2.15078526926236435E+01
5.37790908557757991E-03  2.15291731615135298E+01
5.38371049775188126E-03  2.15504936304034160E+01
5.38951190992618349E-03  2.15718140992933058E+01
5.39531332210048484E-03  2.15931345681831921E+01
5.40111473427478620E-03  2.16144550370730784E+01
5.40691614644908843E-03  2.16357755059629682E+01
5.41271755862338978E-03  2.16570959748528509E+01
5.41851897079769114E-03  2.16784164437427371E+01
5.42432038297199250E-03  2.16997369126326234E+01
5.43012179514629472E-03  2.17210573815225132E+01
5.43592320732059608E-03  2.17423778504123995E+01
5.44172461949489743E-03  2.17636983193022857E+01
5.44752603166919966E-03  2.17850187881921755E+01
5.45332744384350102E-03  2.18063392570820618E+01
5.45912885601780237E-03  2.18276597259719480E+01
5.46493026819210373E-03  2.18489801948618343E+01
5.47073168036640595E-03  2.18703006637517205E+01
5.47653309254070731E-03  2.18916211326416068E+01
5.48233450471500867E-03  2.19129416015314931E+01
5.48813591688931002E-03  2.19342620704213793E+01
5.49393732906361225E-03  2.19555825393112691E+01
5.49973874123791361E-03  2.19769030082011554E+01
5.50554015341221496E-03  2.19982234770910416E+01
5.51134156558651719E-03  2.20195439459809315E+01
5.51714297776081854E-03  2.20408644148708177E+01
5.52294438993511990E-03  2.20621848837607004E+01
5.52874580210942126E-03  2.20835053526505867E+01
5.53454721428372348E-03  2.21048258215404765E+01
5.54034862645802484E-03  2.21261462904303627E+01
5.54615003863232620E-03  2.21474667593202490E+01
5.55195145080662755E-03  2.21687872282101353E+01
5.55775286298092978E-03  2.21901076971000251E+01
5.56355427515523113E-03  2.22114281659899113E+01
5.56935568732953249E-03  2.22327486348797976E+01
5.57515709950383472E-03  2.22540691037696838E+01
5.58095851167813607E-03  2.22753895726595701E+01
5.58675992385243743E-03  2.22967100415494563E+01
5.59256133602673879E-03  2.23180305104393426E+01
5.59836274820104101E-03  2.23393509793292324E+01
5.60416416037534237E-03  2.23606714482191187E+01
5.60996557254964372E-03  2.23819919171090049E+01
5.61576698472394595E-03  2.24033123859988947E+01
5.62156839689824731E-03  2.24246328548887810E+01
5.62736980907254866E-03  2.24459533237786673E+01
5.63317122124685002E-03  2.24672737926685500E+01
5.63897263342115224E-03  2.24885942615584398E+01
5.64477404559545360E-03  2.25099147304483260E+01
5.65057545776975496E-03  2.25312351993382123E+01
5.65637686994405631E-03  2.25525556682280985E+01
5.66217828211835854E-03  2.25738761371179883E+01
5.66797969429265990E-03  2.25951966060078746E+01
5.67378110646696125E-03  2.26165170748977609E+01
5.67958251864126348E-03  2.26378375437876471E+01
5.68538393081556483E-03  2.26591580126775334E+01
5.69118534298986619E-03  2.26804784815674196E+01
5.69698675516416755E-03  2.27017989504573059E+01
5.70278816733846977E-03  2.27231194193471957E+01
5.70858957951277113E-03  2.27444398882370820E+01
5.71439099168707249E-03  2.27657603571269682E+01
5.72019240386137384E-03  2.27870808260168545E+01
5.72599381603567607E-03  2.28084012949067443E+01
5.73179522820997742E-03  2.28297217637966305E+01
5.73759664038427878E-03  2.28510422326865168E+01
5.74339805255858100E-03  2.28723627015764031E+01
5.74919946473288236E-03  2.28936831704662893E+01
5.75500087690718372E-03  2.29150036393561756E+01
5.76080228908148508E-03  2.29363241082460618E+01
5.76660370125578730E-03  2.29576445771359516E+01
5.77240511343008866E-03  2.29789650460258379E+01
5.77820652560439001E-03  2.30002855149157241E+01
5.78400793777869224E-03  2.30216059838056140E+01
5.78980934995299359E-03  2.30429264526954967E+01
