0.00000000000000000E+00  0.00000000000000000E+00
6.72667209114986553E-06  1.90791811408656031E-01
1.34533441822997311E-05  3.81583622817312063E-01
2.01800162734495949E-05  5.72375434225968038E-01
2.69066883645994621E-05  7.63167245634624125E-01
3.36333604557493293E-05  9.53959057043280212E-01
4.03600325468991898E-05  1.14475086845193608E+00
4.70867046380490570E-05  1.33554267986059227E+00
5.38133767291989242E-05  1.52633449126924825E+00
6.05400488203487915E-05  1.71712630267790445E+00
6.72667209114986587E-05  1.90791811408656042E+00
7.39933930026485259E-05  2.00999920130242504E+00
8.07200650937983796E-05  2.02754572840992076E+00
8.74467371849482468E-05  2.04509225551741602E+00
9.41734092760981140E-05  2.06263878262491174E+00
1.00900081367247981E-04  2.08018530973240745E+00
1.07626753458397848E-04  2.09773183683990272E+00
1.14353425549547716E-04  2.11527836394739843E+00
1.21080097640697583E-04  2.13282489105489415E+00
1.27806769731847437E-04  2.15037141816238941E+00
1.34533441822997317E-04  2.16791794526988513E+00
1.41260113914147171E-04  2.18546447237738040E+00
1.47986786005297052E-04  2.20301099948487611E+00
1.54713458096446905E-04  2.22055752659237182E+00
1.61440130187596759E-04  2.23810405369986709E+00
1.68166802278746640E-04  2.25565058080736280E+00
1.74893474369896494E-04  2.27319710791485852E+00
1.81620146461046374E-04  2.29074363502235379E+00
1.88346818552196228E-04  2.30829016212984950E+00
1.95073490643346109E-04  2.32583668923734521E+00
2.01800162734495962E-04  2.34338321634484048E+00
2.08526834825645843E-04  2.36092974345233619E+00
2.15253506916795697E-04  2.37847627055983146E+00
2.21980179007945551E-04  2.39602279766732718E+00
2.28706851099095431E-04  2.41356932477482289E+00
2.35433523190245285E-04  2.43111585188231860E+00
2.42160195281395166E-04  2.44866237898981387E+00
2.48886867372545019E-04  2.46620890609730958E+00
2.55613539463694873E-04  2.48375543320480485E+00
2.62340211554844781E-04  2.50130196031230057E+00
2.69066883645994635E-04  2.51884848741979628E+00
2.75793555737144488E-04  2.53639501452729199E+00
2.82520227828294342E-04  2.55394154163478726E+00
2.89246899919444196E-04  2.57148806874228253E+00
2.95973572010594104E-04  2.58903459584977824E+00
3.02700244101743957E-04  2.60658112295727395E+00
3.09426916192893811E-04  2.62412765006476967E+00
3.16153588284043665E-04  2.64167417717226494E+00
3.22880260375193518E-04  2.65922070427976065E+00
3.29606932466343426E-04  2.67676723138725636E+00
3.36333604557493280E-04  2.69431375849475163E+00
3.43060276648643133E-04  2.71186028560224734E+00
3.49786948739792987E-04  2.72940681270974261E+00
3.56513620830942895E-04  2.74695333981723833E+00
3.63240292922092749E-04  2.76449986692473404E+00
3.69966965013242602E-04  2.78204639403222931E+00
3.76693637104392456E-04  2.79959292113972502E+00
3.83420309195542310E-04  2.81713944824722073E+00
3.90146981286692218E-04  2.83468597535471645E+00
3.96873653377842071E-04  2.85223250246221172E+00
4.03600325468991925E-04  2.86977902956970699E+00
4.10326997560141779E-04  2.88732555667720270E+00
4.17053669651291687E-04  2.90487208378469841E+00
4.23780341742441540E-04  2.92241861089219412E+00
4.30507013833591394E-04  2.93996513799968939E+00
4.37233685924741248E-04  2.95751166510718511E+00
4.43960358015891101E-04  2.97505819221468037E+00
4.50687030107041009E-04  2.99260471932217609E+00
4.57413702198190863E-04  3.01015124642967180E+00
4.64140374289340716E-04  3.02769777353716751E+00
4.70867046380490570E-04  3.04524430064466278E+00
4.77593718471640478E-04  3.06279082775215850E+00
4.84320390562790332E-04  3.08033735485965376E+00
4.91047062653940185E-04  3.09788388196714948E+00
4.97773734745090039E-04  3.11543040907464519E+00
5.04500406836239893E-04  3.13297693618214046E+00
5.11227078927389746E-04  3.15052346328963573E+00
5.17953751018539600E-04  3.16806999039713144E+00
5.24680423109689562E-04  3.18561651750462715E+00
5.31407095200839416E-04  3.20316304461212287E+00
5.38133767291989269E-04  3.22070957171961858E+00
5.44860439383139123E-04  3.23825609882711385E+00
5.51587111474288977E-04  3.25580262593460956E+00
5.58313783565438830E-04  3.27334915304210483E+00
5.65040455656588684E-04  3.29089568014960054E+00
5.71767127747738538E-04  3.30844220725709626E+00
5.78493799838888391E-04  3.32598873436459153E+00
5.85220471930038354E-04  3.34353526147208768E+00
5.91947144021188207E-04  3.36108178857958295E+00
5.98673816112338061E-04  3.37862831568707822E+00
6.05400488203487915E-04  3.39617484279457393E+00
6.12127160294637768E-04  3.41372136990206965E+00
6.18853832385787622E-04  3.43126789700956492E+00
6.25580504476937476E-04  3.44881442411706018E+00
6.32307176568087329E-04  3.46636095122455590E+00
6.39033848659237183E-04  3.48390747833205161E+00
6.45760520750387037E-04  3.50145400543954732E+00
6.52487192841536999E-04  3.51900053254704304E+00
6.59213864932686852E-04  3.53654705965453875E+00
6.65940537023836706E-04  3.55409358676203402E+00
6.72667209114986560E-04  3.57164011386952929E+00
6.79393881206136413E-04  3.58918664097702500E+00
6.86120553297286267E-04  3.60673316808452071E+00
6.92847225388436121E-04  3.62427969519201598E+00
6.99573897479585974E-04  3.64182622229951125E+00
7.06300569570735828E-04  3.65937274940700696E+00
7.13027241661885790E-04  3.67691927651450268E+00
7.19753913753035644E-04  3.69446580362199839E+00
7.26480585844185497E-04  3.71201233072949410E+00
7.33207257935335351E-04  3.72955885783698937E+00
7.39933930026485205E-04  3.74710538494448508E+00
7.46660602117635058E-04  3.76465191205198035E+00
7.53387274208784912E-04  3.78219843915947607E+00
7.60113946299934766E-04  3.79974496626697178E+00
7.66840618391084619E-04  3.81729149337446705E+00
7.73567290482234582E-04  3.83483802048196276E+00
7.80293962573384435E-04  3.85238454758945847E+00
7.87020634664534289E-04  3.86993107469695374E+00
7.93747306755684143E-04  3.88747760180444946E+00
8.00473978846833996E-04  3.90502412891194517E+00
8.07200650937983850E-04  3.92257065601944044E+00
8.13927323029133704E-04  3.94011718312693615E+00
8.20653995120283557E-04  3.95766371023443142E+00
8.27380667211433411E-04  3.97521023734192713E+00
8.34107339302583373E-04  3.99275676444942285E+00
8.40834011393733227E-04  4.01030329155691856E+00
8.47560683484883080E-04  4.02784981866441427E+00
8.54287355576032934E-04  4.04539634577190910E+00
8.61014027667182788E-04  4.06294287287940481E+00
8.67740699758332641E-04  4.08048939998690052E+00
8.74467371849482495E-04  4.09803592709439624E+00
8.81194043940632349E-04  4.11558245420189195E+00
8.87920716031782202E-04  4.13312898130938677E+00
8.94647388122932164E-04  4.15067550841688337E+00
9.01374060214082018E-04  4.17080281866779501E+00
9.08100732305231872E-04  4.19264009217273959E+00
9.14827404396381725E-04  4.21447736567768594E+00
9.21554076487531579E-04  4.23631463918263140E+00
9.28280748578681433E-04  4.25815191268757687E+00
9.35007420669831286E-04  4.27998918619252322E+00
9.41734092760981140E-04  4.30182645969746780E+00
9.48460764852130994E-04  4.32366373320241415E+00
9.55187436943280956E-04  4.34550100670736050E+00
9.61914109034430810E-04  4.36733828021230597E+00
9.68640781125580663E-04  4.38917555371725143E+00
9.75367453216730517E-04  4.41101282722219779E+00
9.82094125307880371E-04  4.43285010072714236E+00
9.88820797399030333E-04  4.45468737423208871E+00
9.95547469490180078E-04  4.47652464773703418E+00
1.00227414158133004E-03  4.49836192124197964E+00
1.00900081367247979E-03  4.52019919474692600E+00
1.01572748576362975E-03  4.54203646825187146E+00
1.02245415785477949E-03  4.56387374175681693E+00
1.02918082994592945E-03  4.58571101526176328E+00
1.03590750203707920E-03  4.60754828876670786E+00
1.04263417412822916E-03  4.62938556227165421E+00
1.04936084621937912E-03  4.65122283577660056E+00
1.05608751831052887E-03  4.67306010928154514E+00
1.06281419040167883E-03  4.69489738278649149E+00
1.06954086249282858E-03  4.71673465629143696E+00
1.07626753458397854E-03  4.73857192979638242E+00
1.08299420667512828E-03  4.76040920330132877E+00
1.08972087876627825E-03  4.78224647680627424E+00
1.09644755085742799E-03  4.80408375031121970E+00
1.10317422294857795E-03  4.82592102381616606E+00
1.10990089503972792E-03  4.84775829732111152E+00
1.11662756713087766E-03  4.86959557082605698E+00
1.12335423922202762E-03  4.89143284433100334E+00
1.13008091131317737E-03  4.91327011783594791E+00
1.13680758340432733E-03  4.93510739134089427E+00
1.14353425549547708E-03  4.95694466484583973E+00
1.15026092758662704E-03  4.97878193835078520E+00
1.15698759967777678E-03  5.00061921185573155E+00
1.16371427176892674E-03  5.02245648536067701E+00
1.17044094386007671E-03  5.04429375886562248E+00
1.17716761595122645E-03  5.06613103237056883E+00
1.18389428804237641E-03  5.08796830587551430E+00
1.19062096013352616E-03  5.10980557938045976E+00
1.19734763222467612E-03  5.13164285288540611E+00
1.20407430431582587E-03  5.15348012639035069E+00
1.21080097640697583E-03  5.17531739989529704E+00
1.21752764849812557E-03  5.19715467340024251E+00
1.22425432058927554E-03  5.21899194690518797E+00
1.23098099268042550E-03  5.24082922041013433E+00
1.23770766477157524E-03  5.26266649391507979E+00
1.24443433686272521E-03  5.28450376742002614E+00
1.25116100895387495E-03  5.30634104092497072E+00
1.25788768104502491E-03  5.32817831442991707E+00
1.26461435313617466E-03  5.35001558793486254E+00
1.27134102522732462E-03  5.37185286143980889E+00
1.27806769731847437E-03  5.39369013494475347E+00
1.28479436940962433E-03  5.41552740844969982E+00
1.29152104150077407E-03  5.43736468195464528E+00
1.29824771359192404E-03  5.45920195545959164E+00
1.30497438568307400E-03  5.48103922896453710E+00
1.31170105777422374E-03  5.50287650246948257E+00
1.31842772986537370E-03  5.52471377597442892E+00
1.32515440195652345E-03  5.54655104947937350E+00
1.33188107404767341E-03  5.56838832298431985E+00
1.33860774613882316E-03  5.59022559648926531E+00
1.34533441822997312E-03  5.61206286999421167E+00
1.35206109032112286E-03  5.63390014349915624E+00
1.35878776241227283E-03  5.65573741700410260E+00
1.36551443450342279E-03  5.67757469050904895E+00
1.37224110659457253E-03  5.69941196401399353E+00
1.37896777868572250E-03  5.72124923751893988E+00
1.38569445077687224E-03  5.74308651102388534E+00
1.39242112286802220E-03  5.76492378452883170E+00
1.39914779495917195E-03  5.78676105803377627E+00
1.40587446705032191E-03  5.80859833153872263E+00
1.41260113914147166E-03  5.83043560504366809E+00
1.41932781123262162E-03  5.85227287854861444E+00
1.42605448332377158E-03  5.87411015205355991E+00
1.43278115541492133E-03  5.89594742555850537E+00
1.43950782750607129E-03  5.91778469906345173E+00
1.44623449959722103E-03  5.93962197256839630E+00
1.45296117168837099E-03  5.96145924607334265E+00
1.45968784377952074E-03  5.98329651957828812E+00
1.46641451587067070E-03  6.00513379308323447E+00
1.47314118796182045E-03  6.02697106658817905E+00
1.47986786005297041E-03  6.04880834009312540E+00
1.48659453214412037E-03  6.07064561359807175E+00
1.49332120423527012E-03  6.09248288710301722E+00
1.50004787632642008E-03  6.11432016060796268E+00
1.50677454841756982E-03  6.13615743411290815E+00
1.51350122050871979E-03  6.15799470761785450E+00
1.52022789259986953E-03  6.17983198112279908E+00
1.52695456469101949E-03  6.20166925462774543E+00
1.53368123678216924E-03  6.22350652813269090E+00
1.54040790887331920E-03  6.24534380163763725E+00
1.54713458096446916E-03  6.26718107514258271E+00
1.55386125305561891E-03  6.28901834864752818E+00
1.56058792514676887E-03  6.31085562215247453E+00
1.56731459723791862E-03  6.33269289565741911E+00
1.57404126932906858E-03  6.35453016916236546E+00
1.58076794142021832E-03  6.37636744266731093E+00
1.58749461351136829E-03  6.39820471617225728E+00
1.59422128560251803E-03  6.42004198967720185E+00
1.60094795769366799E-03  6.44187926318214821E+00
1.60767462978481795E-03  6.46371653668709456E+00
1.61440130187596770E-03  6.48555381019204003E+00
1.62112797396711766E-03  6.50739108369698549E+00
1.62785464605826741E-03  6.52922835720193095E+00
1.63458131814941737E-03  6.55106563070687731E+00
1.64130799024056711E-03  6.57290290421182188E+00
1.64803466233171708E-03  6.59474017771676824E+00
1.65476133442286682E-03  6.61657745122171370E+00
1.66148800651401678E-03  6.63841472472666005E+00
1.66821467860516675E-03  6.66025199823160552E+00
1.67494135069631649E-03  6.68208927173655098E+00
1.68166802278746645E-03  6.70392654524149734E+00
1.68839469487861620E-03  6.72576381874644191E+00
1.69512136696976616E-03  6.74760109225138827E+00
1.70184803906091591E-03  6.76943836575633373E+00
1.70857471115206587E-03  6.79127563926128008E+00
1.71530138324321561E-03  6.81311291276622466E+00
1.72202805533436558E-03  6.83495018627117101E+00
1.72875472742551554E-03  6.85678745977611737E+00
1.73548139951666528E-03  6.87862473328106283E+00
1.74220807160781524E-03  6.90046200678600830E+00
1.74893474369896499E-03  6.92229928029095376E+00
1.75566141579011495E-03  6.94413655379590011E+00
1.76238808788126470E-03  6.96597382730084469E+00
1.76911475997241466E-03  6.98781110080579104E+00
1.77584143206356440E-03  7.00964837431073651E+00
1.78256810415471437E-03  7.03148564781568286E+00
1.78929477624586433E-03  7.05332292132062832E+00
1.79602144833701407E-03  7.07516019482557379E+00
1.80274812042816404E-03  7.09699746833052014E+00
1.80947479251931378E-03  7.11883474183546472E+00
1.81620146461046374E-03  7.14067201534041107E+00
1.82292813670161349E-03  7.16250928884535654E+00
1.82965480879276345E-03  7.18434656235030289E+00
1.83638148088391320E-03  7.20618383585524747E+00
1.84310815297506316E-03  7.22802110936019382E+00
1.84983482506621312E-03  7.24985838286514017E+00
1.85656149715736287E-03  7.27169565637008564E+00
1.86328816924851283E-03  7.29353292987503110E+00
1.87001484133966257E-03  7.31537020337997657E+00
1.87674151343081254E-03  7.33720747688492292E+00
1.88346818552196228E-03  7.35904475038986750E+00
1.89019485761311224E-03  7.38088202389481385E+00
1.89692152970426199E-03  7.40271929739975931E+00
1.90364820179541195E-03  7.42455657090470567E+00
1.91037487388656191E-03  7.44639384440965113E+00
1.91710154597771166E-03  7.46823111791459660E+00
1.92382821806886162E-03  7.49006839141954295E+00
1.93055489016001136E-03  7.51190566492448752E+00
1.93728156225116133E-03  7.53374293842943388E+00
1.94400823434231107E-03  7.55558021193437934E+00
1.95073490643346103E-03  7.57741748543932570E+00
1.95746157852461078E-03  7.59925475894427027E+00
1.96418825061576074E-03  7.62109203244921662E+00
1.97091492270691070E-03  7.64292930595416298E+00
1.97764159479806067E-03  7.66476657945910844E+00
1.98436826688921019E-03  7.68660385296405302E+00
1.99109493898036016E-03  7.70844112646899937E+00
1.99782161107151012E-03  7.73027839997394572E+00
2.00454828316266008E-03  7.75211567347889119E+00
2.01127495525380961E-03  7.77395294698383577E+00
2.01800162734495957E-03  7.79579022048878212E+00
2.02472829943610953E-03  7.81762749399372847E+00
2.03145497152725949E-03  7.83946476749867394E+00
2.03818164361840946E-03  7.86130204100362029E+00
2.04490831570955899E-03  7.88313931450856487E+00
2.05163498780070895E-03  7.90497658801351122E+00
2.05836165989185891E-03  7.92681386151845668E+00
2.06508833198300887E-03  7.94865113502340304E+00
2.07181500407415840E-03  7.97048840852834761E+00
2.07854167616530836E-03  7.99232568203329308E+00
2.08526834825645832E-03  8.01416295553823943E+00
2.09199502034760829E-03  8.03600022904318578E+00
2.09872169243875825E-03  8.05783750254813214E+00
2.10544836452990778E-03  8.07967477605307494E+00
2.11217503662105774E-03  8.10151204955802129E+00
2.11890170871220770E-03  8.12334932306296764E+00
2.12562838080335766E-03  8.14518659656791399E+00
2.13235505289450719E-03  8.16702387007285857E+00
2.13908172498565715E-03  8.18886114357780492E+00
2.14580839707680712E-03  8.21069841708275128E+00
2.15253506916795708E-03  8.23253569058769585E+00
2.15926174125910704E-03  8.25437296409264221E+00
2.16598841335025657E-03  8.27621023759758856E+00
2.17271508544140653E-03  8.29804751110253491E+00
2.17944175753255649E-03  8.31988478460747949E+00
2.18616842962370645E-03  8.34172205811242584E+00
2.19289510171485598E-03  8.36355933161737042E+00
2.19962177380600594E-03  8.38539660512231677E+00
2.20634844589715591E-03  8.40723387862726312E+00
2.21307511798830587E-03  8.42907115213220948E+00
2.21980179007945583E-03  8.45090842563715405E+00
2.22652846217060536E-03  8.47274569914209863E+00
2.23325513426175532E-03  8.49458297264704498E+00
2.23998180635290528E-03  8.51642024615199134E+00
2.24670847844405525E-03  8.53825751965693769E+00
2.25343515053520477E-03  8.56009479316188049E+00
2.26016182262635474E-03  8.58193206666682684E+00
2.26688849471750470E-03  8.60376934017177319E+00
2.27361516680865466E-03  8.62560661367671955E+00
2.28034183889980462E-03  8.64744388718166590E+00
2.28706851099095415E-03  8.66928116068661048E+00
2.29379518308210411E-03  8.69111843419155683E+00
2.30052185517325408E-03  8.71295570769650141E+00
2.30724852726440404E-03  8.73479298120144776E+00
2.31397519935555357E-03  8.75663025470639411E+00
2.32070187144670353E-03  8.77846752821133869E+00
2.32742854353785349E-03  8.80030480171628504E+00
2.33415521562900345E-03  8.82214207522123139E+00
2.34088188772015341E-03  8.84397934872617597E+00
2.34760855981130294E-03  8.86581662223112232E+00
2.35433523190245290E-03  8.88765389573606868E+00
2.36106190399360287E-03  8.90949116924101503E+00
2.36778857608475283E-03  8.93132844274595961E+00
2.37451524817590236E-03  8.95316571625090418E+00
2.38124192026705232E-03  8.97500298975585054E+00
2.38796859235820228E-03  8.99684026326079689E+00
2.39469526444935224E-03  9.01867753676574324E+00
2.40142193654050221E-03  9.04051481027068959E+00
2.40814860863165173E-03  9.06235208377563239E+00
2.41487528072280170E-03  9.08418935728057875E+00
2.42160195281395166E-03  9.10602663078552510E+00
2.42832862490510162E-03  9.12786390429047145E+00
2.43505529699625115E-03  9.14970117779541603E+00
2.44178196908740111E-03  9.17153845130036061E+00
2.44850864117855107E-03  9.19337572480530696E+00
2.45523531326970103E-03  9.21521299831025331E+00
2.46196198536085100E-03  9.23705027181519966E+00
2.46868865745200053E-03  9.25888754532014424E+00
2.47541532954315049E-03  9.28072481882509059E+00
2.48214200163430045E-03  9.30256209233003695E+00
2.48886867372545041E-03  9.32439936583498330E+00
2.49559534581659994E-03  9.34623663933992788E+00
2.50232201790774990E-03  9.36807391284487245E+00
2.50904868999889986E-03  9.38991118634981881E+00
2.51577536209004983E-03  9.41174845985476516E+00
2.52250203418119979E-03  9.43358573335971151E+00
2.52922870627234932E-03  9.45542300686465609E+00
2.53595537836349928E-03  9.47726028036960244E+00
2.54268205045464924E-03  9.49909755387454879E+00
2.54940872254579920E-03  9.52093482737949337E+00
2.55613539463694873E-03  9.54277210088443795E+00
2.56286206672809869E-03  9.56460937438938430E+00
2.56958873881924866E-03  9.58644664789433065E+00
2.57631541091039862E-03  9.60828392139927701E+00
2.58304208300154815E-03  9.63012119490422158E+00
2.58976875509269811E-03  9.65195846840916793E+00
2.59649542718384807E-03  9.67379574191411429E+00
2.60322209927499803E-03  9.69563301541905886E+00
2.60994877136614799E-03  9.71747028892400522E+00
2.61667544345729752E-03  9.73930756242894979E+00
2.62340211554844749E-03  9.76114483593389615E+00
2.63012878763959745E-03  9.78298210943884250E+00
2.63685545973074741E-03  9.80481938294378885E+00
2.64358213182189694E-03  9.82665665644873343E+00
2.65030880391304690E-03  9.84849392995367801E+00
2.65703547600419686E-03  9.87033120345862436E+00
2.66376214809534682E-03  9.89216847696357071E+00
2.67048882018649679E-03  9.91400575046851706E+00
2.67721549227764631E-03  9.93584302397346164E+00
2.68394216436879628E-03  9.95768029747840799E+00
2.69066883645994624E-03  9.97951757098335435E+00
2.69739550855109620E-03  1.00013548444882989E+01
2.70412218064224573E-03  1.00231921179932435E+01
2.71084885273339569E-03  1.00450293914981899E+01
2.71757552482454565E-03  1.00668666650031362E+01
2.72430219691569562E-03  1.00887039385080826E+01
2.73102886900684558E-03  1.01105412120130289E+01
2.73775554109799511E-03  1.01323784855179735E+01
2.74448221318914507E-03  1.01542157590229181E+01
2.75120888528029503E-03  1.01760530325278644E+01
2.75793555737144499E-03  1.01978903060328108E+01
2.76466222946259452E-03  1.02197275795377553E+01
2.77138890155374448E-03  1.02415648530427017E+01
2.77811557364489444E-03  1.02634021265476481E+01
2.78484224573604441E-03  1.02852394000525944E+01
2.79156891782719437E-03  1.03070766735575390E+01
2.79829558991834390E-03  1.03289139470624836E+01
2.80502226200949386E-03  1.03507512205674299E+01
2.81174893410064382E-03  1.03725884940723763E+01
2.81847560619179378E-03  1.03944257675773226E+01
2.82520227828294331E-03  1.04162630410822672E+01
2.83192895037409327E-03  1.04381003145872135E+01
2.83865562246524324E-03  1.04599375880921599E+01
2.84538229455639320E-03  1.04817748615971045E+01
2.85210896664754316E-03  1.05036121351020508E+01
2.85883563873869269E-03  1.05254494086069954E+01
2.86556231082984265E-03  1.05472866821119418E+01
2.87228898292099261E-03  1.05691239556168881E+01
2.87901565501214258E-03  1.05909612291218345E+01
2.88574232710329210E-03  1.06127985026267790E+01
2.89246899919444207E-03  1.06346357761317236E+01
2.89919567128559203E-03  1.06564730496366700E+01
2.90592234337674199E-03  1.06783103231416163E+01
2.91264901546789195E-03  1.07001475966465627E+01
2.91937568755904148E-03  1.07219848701515073E+01
2.92610235965019144E-03  1.07438221436564536E+01
2.93282903174134140E-03  1.07656594171614000E+01
2.93955570383249137E-03  1.07874966906663445E+01
2.94628237592364089E-03  1.08093339641712891E+01
2.95300904801479086E-03  1.08311712376762355E+01
2.95973572010594082E-03  1.08530085111811818E+01
2.96646239219709078E-03  1.08748457846861282E+01
2.97318906428824074E-03  1.08966830581910745E+01
2.97991573637939027E-03  1.09185203316960191E+01
2.98664240847054023E-03  1.09403576052009655E+01
2.99336908056169020E-03  1.09621948787059100E+01
3.00009575265284016E-03  1.09840321522108564E+01
3.00682242474398969E-03  1.10058694257158010E+01
3.01354909683513965E-03  1.10277066992207473E+01
3.02027576892628961E-03  1.10495439727256937E+01
3.02700244101743957E-03  1.10713812462306400E+01
3.03372911310858953E-03  1.10932185197355846E+01
3.04045578519973906E-03  1.11150557932405292E+01
3.04718245729088903E-03  1.11368930667454755E+01
3.05390912938203899E-03  1.11587303402504219E+01
3.06063580147318895E-03  1.11805676137553682E+01
3.06736247356433848E-03  1.12024048872603128E+01
3.07408914565548844E-03  1.12242421607652592E+01
3.08081581774663840E-03  1.12460794342702055E+01
3.08754248983778836E-03  1.12679167077751501E+01
3.09426916192893833E-03  1.12897539812800964E+01
3.10099583402008785E-03  1.13115912547850410E+01
3.10772250611123782E-03  1.13334285282899874E+01
3.11444917820238778E-03  1.13552658017949337E+01
3.12117585029353774E-03  1.13771030752998801E+01
3.12790252238468727E-03  1.13989403488048247E+01
3.13462919447583723E-03  1.14207776223097692E+01
3.14135586656698719E-03  1.14426148958147156E+01
3.14808253865813716E-03  1.14644521693196619E+01
3.15480921074928712E-03  1.14862894428246083E+01
3.16153588284043665E-03  1.15081267163295529E+01
3.16826255493158661E-03  1.15299639898344992E+01
3.17498922702273657E-03  1.15518012633394456E+01
3.18171589911388653E-03  1.15736385368443901E+01
3.18844257120503606E-03  1.15954758103493347E+01
3.19516924329618602E-03  1.16173130838542811E+01
3.20189591538733598E-03  1.16391503573592274E+01
3.20862258747848595E-03  1.16609876308641738E+01
3.21534925956963591E-03  1.16828249043691201E+01
3.22207593166078544E-03  1.17046621778740647E+01
3.22880260375193540E-03  1.17264994513790111E+01
3.23552927584308536E-03  1.17483367248839556E+01
3.24225594793423532E-03  1.17701739983889020E+01
3.24898262002538485E-03  1.17920112718938466E+01
3.25570929211653481E-03  1.18138485453987929E+01
3.26243596420768478E-03  1.18356858189037393E+01
3.26916263629883474E-03  1.18575230924086856E+01
3.27588930838998470E-03  1.18793603659136302E+01
3.28261598048113423E-03  1.19011976394185748E+01
3.28934265257228419E-03  1.19230349129235211E+01
3.29606932466343415E-03  1.19448721864284675E+01
3.30279599675458412E-03  1.19667094599334138E+01
3.30952266884573364E-03  1.19885467334383584E+01
3.31624934093688361E-03  1.20103840069433048E+01
3.32297601302803357E-03  1.20322212804482511E+01
3.32970268511918353E-03  1.20540585539531957E+01
3.33642935721033349E-03  1.20758958274581421E+01
3.34315602930148302E-03  1.20977331009630866E+01
3.34988270139263298E-03  1.21195703744680330E+01
3.35660937348378294E-03  1.21414076479729793E+01
3.36333604557493291E-03  1.21632449214779257E+01
3.37006271766608244E-03  1.21850821949828703E+01
3.37678938975723240E-03  1.22069194684878148E+01
3.38351606184838236E-03  1.22287567419927612E+01
3.39024273393953232E-03  1.22505940154977075E+01
3.39696940603068228E-03  1.22724312890026539E+01
3.40369607812183181E-03  1.22942685625075985E+01
3.41042275021298177E-03  1.23161058360125448E+01
3.41714942230413174E-03  1.23379431095174912E+01
3.42387609439528170E-03  1.23597803830224358E+01
3.43060276648643123E-03  1.23816176565273803E+01
3.43732943857758119E-03  1.24034549300323267E+01
3.44405611066873115E-03  1.24252922035372730E+01
3.45078278275988111E-03  1.24471294770422194E+01
3.45750945485103107E-03  1.24689667505471657E+01
3.46423612694218060E-03  1.24908040240521103E+01
3.47096279903333057E-03  1.25126412975570567E+01
3.47768947112448053E-03  1.25344785710620013E+01
3.48441614321563049E-03  1.25563158445669476E+01
3.49114281530678002E-03  1.25781531180718922E+01
3.49786948739792998E-03  1.25999903915768385E+01
3.50459615948907994E-03  1.26218276650817849E+01
3.51132283158022990E-03  1.26436649385867312E+01
3.51804950367137987E-03  1.26655022120916758E+01
3.52477617576252939E-03  1.26873394855966204E+01
3.53150284785367936E-03  1.27091767591015667E+01
3.53822951994482932E-03  1.27310140326065131E+01
3.54495619203597928E-03  1.27528513061114595E+01
3.55168286412712881E-03  1.27746885796164040E+01
3.55840953621827877E-03  1.27965258531213504E+01
3.56513620830942873E-03  1.28183631266262967E+01
3.57186288040057870E-03  1.28402004001312413E+01
3.57858955249172866E-03  1.28620376736361877E+01
3.58531622458287819E-03  1.28838749471411322E+01
3.59204289667402815E-03  1.29057122206460786E+01
3.59876956876517811E-03  1.29275494941510249E+01
3.60549624085632807E-03  1.29493867676559713E+01
3.61222291294747760E-03  1.29712240411609159E+01
3.61894958503862756E-03  1.29930613146658605E+01
3.62567625712977753E-03  1.30148985881708068E+01
3.63240292922092749E-03  1.30367358616757532E+01
3.63912960131207745E-03  1.30585731351806995E+01
3.64585627340322698E-03  1.30804104086856441E+01
3.65258294549437694E-03  1.31022476821905904E+01
3.65930961758552690E-03  1.31240849556955368E+01
3.66603628967667686E-03  1.31459222292004814E+01
3.67276296176782639E-03  1.31677595027054259E+01
3.67948963385897635E-03  1.31895967762103723E+01
3.68621630595012632E-03  1.32114340497153187E+01
3.69294297804127628E-03  1.32332713232202650E+01
3.69966965013242624E-03  1.32551085967252114E+01
3.70639632222357577E-03  1.32769458702301559E+01
3.71312299431472573E-03  1.32987831437351023E+01
3.71984966640587569E-03  1.33206204172400469E+01
3.72657633849702566E-03  1.33424576907449932E+01
3.73330301058817518E-03  1.33642949642499378E+01
3.74002968267932515E-03  1.33861322377548841E+01
3.74675635477047511E-03  1.34079695112598305E+01
3.75348302686162507E-03  1.34298067847647769E+01
3.76020969895277503E-03  1.34516440582697214E+01
3.76693637104392456E-03  1.34734813317746660E+01
3.77366304313507452E-03  1.34953186052796124E+01
3.78038971522622448E-03  1.35171558787845587E+01
3.78711638731737445E-03  1.35389931522895051E+01
3.79384305940852398E-03  1.35608304257944496E+01
3.80056973149967394E-03  1.35826676992993960E+01
3.80729640359082390E-03  1.36045049728043423E+01
3.81402307568197386E-03  1.36263422463092869E+01
3.82074974777312382E-03  1.36481795198142333E+01
3.82747641986427335E-03  1.36700167933191779E+01
3.83420309195542331E-03  1.36918540668241242E+01
3.84092976404657328E-03  1.37136913403290706E+01
3.84765643613772324E-03  1.37355286138340169E+01
3.85438310822887277E-03  1.37573658873389615E+01
3.86110978032002273E-03  1.37792031608439061E+01
3.86783645241117269E-03  1.38010404343488524E+01
3.87456312450232265E-03  1.38228777078537988E+01
3.88128979659347262E-03  1.38447149813587451E+01
3.88801646868462214E-03  1.38665522548636897E+01
3.89474314077577211E-03  1.38883895283686361E+01
3.90146981286692207E-03  1.39102268018735824E+01
3.90819648495807203E-03  1.39320640753785270E+01
3.91492315704922156E-03  1.39539013488834716E+01
3.92164982914037195E-03  1.39757386223884197E+01
3.92837650123152148E-03  1.39975758958933643E+01
3.93510317332267101E-03  1.40194131693983088E+01
3.94182984541382141E-03  1.40412504429032570E+01
3.94855651750497093E-03  1.40630877164082015E+01
3.95528318959612133E-03  1.40849249899131479E+01
3.96200986168727086E-03  1.41067622634180925E+01
3.96873653377842039E-03  1.41285995369230370E+01
3.97546320586957078E-03  1.41504368104279852E+01
3.98218987796072031E-03  1.41722740839329298E+01
3.98891655005186984E-03  1.41941113574378743E+01
3.99564322214302024E-03  1.42159486309428225E+01
4.00236989423416976E-03  1.42377859044477670E+01
4.00909656632532016E-03  1.42596231779527134E+01
4.01582323841646969E-03  1.42814604514576580E+01
4.02254991050761922E-03  1.43032977249626025E+01
4.02927658259876961E-03  1.43251349984675507E+01
4.03600325468991914E-03  1.43469722719724952E+01
4.04272992678106954E-03  1.43688095454774434E+01
4.04945659887221907E-03  1.43906468189823880E+01
4.05618327096336859E-03  1.44124840924873325E+01
4.06290994305451899E-03  1.44343213659922789E+01
4.06963661514566852E-03  1.44561586394972235E+01
4.07636328723681891E-03  1.44779959130021716E+01
4.08308995932796844E-03  1.44998331865071162E+01
4.08981663141911797E-03  1.45216704600120607E+01
4.09654330351026837E-03  1.45435077335170071E+01
4.10326997560141789E-03  1.45653450070219534E+01
4.10999664769256742E-03  1.45871822805268980E+01
4.11672331978371782E-03  1.46090195540318444E+01
4.12344999187486735E-03  1.46308568275367890E+01
4.13017666396601774E-03  1.46526941010417371E+01
4.13690333605716727E-03  1.46745313745466817E+01
4.14363000814831680E-03  1.46963686480516262E+01
4.15035668023946720E-03  1.47182059215565726E+01
4.15708335233061672E-03  1.47400431950615172E+01
4.16381002442176712E-03  1.47618804685664653E+01
4.17053669651291665E-03  1.47837177420714099E+01
4.17726336860406618E-03  1.48055550155763544E+01
4.18399004069521657E-03  1.48273922890813026E+01
4.19071671278636610E-03  1.48492295625862472E+01
4.19744338487751650E-03  1.48710668360911935E+01
4.20417005696866602E-03  1.48929041095961381E+01
4.21089672905981555E-03  1.49147413831010827E+01
4.21762340115096595E-03  1.49365786566060308E+01
4.22435007324211548E-03  1.49584159301109754E+01
4.23107674533326501E-03  1.49802532036159199E+01
4.23780341742441540E-03  1.50020904771208681E+01
4.24453008951556493E-03  1.50239277506258126E+01
4.25125676160671533E-03  1.50457650241307590E+01
4.25798343369786485E-03  1.50676022976357036E+01
4.26471010578901438E-03  1.50894395711406482E+01
4.27143677788016478E-03  1.51112768446455963E+01
4.27816344997131431E-03  1.51331141181505409E+01
4.28489012206246470E-03  1.51549513916554890E+01
4.29161679415361423E-03  1.51767886651604336E+01
4.29834346624476376E-03  1.51986259386653781E+01
4.30507013833591416E-03  1.52204632121703245E+01
4.31179681042706368E-03  1.52423004856752691E+01
4.31852348251821408E-03  1.52641377591802172E+01
4.32525015460936361E-03  1.52859750326851618E+01
4.33197682670051314E-03  1.53078123061901064E+01
4.33870349879166353E-03  1.53296495796950527E+01
4.34543017088281306E-03  1.53514868531999991E+01
4.35215684297396259E-03  1.53733241267049436E+01
4.35888351506511298E-03  1.53951614002098900E+01
4.36561018715626251E-03  1.54169986737148346E+01
4.37233685924741291E-03  1.54388359472197827E+01
4.37906353133856244E-03  1.54606732207247273E+01
4.38579020342971197E-03  1.54825104942296718E+01
4.39251687552086236E-03  1.55043477677346182E+01
4.39924354761201189E-03  1.55261850412395628E+01
4.40597021970316229E-03  1.55480223147445109E+01
4.41269689179431181E-03  1.55698595882494555E+01
4.41942356388546134E-03  1.55916968617544001E+01
4.42615023597661174E-03  1.56135341352593482E+01
4.43287690806776127E-03  1.56353714087642928E+01
4.43960358015891166E-03  1.56572086822692391E+01
4.44633025225006119E-03  1.56790459557741837E+01
4.45305692434121072E-03  1.57008832292791283E+01
4.45978359643236111E-03  1.57227205027840764E+01
4.46651026852351064E-03  1.57445577762890210E+01
4.47323694061466017E-03  1.57663950497939656E+01
4.47996361270581057E-03  1.57882323232989137E+01
4.48669028479696010E-03  1.58100695968038583E+01
4.49341695688811049E-03  1.58319068703088046E+01
4.50014362897926002E-03  1.58537441438137492E+01
4.50687030107040955E-03  1.58755814173186938E+01
4.51359697316155994E-03  1.58974186908236419E+01
4.52032364525270947E-03  1.59192559643285865E+01
4.52705031734385987E-03  1.59410932378335346E+01
4.53377698943500940E-03  1.59629305113384792E+01
4.54050366152615893E-03  1.59847677848434238E+01
4.54723033361730932E-03  1.60066050583483701E+01
4.55395700570845885E-03  1.60284423318533129E+01
4.56068367779960925E-03  1.60502796053582628E+01
4.56741034989075877E-03  1.60721168788632056E+01
4.57413702198190830E-03  1.60939541523681520E+01
4.58086369407305870E-03  1.61157914258730983E+01
4.58759036616420823E-03  1.61376286993780447E+01
4.59431703825535775E-03  1.61594659728829910E+01
4.60104371034650815E-03  1.61813032463879338E+01
4.60777038243765768E-03  1.62031405198928802E+01
4.61449705452880807E-03  1.62249777933978265E+01
4.62122372661995760E-03  1.62468150669027729E+01
4.62795039871110713E-03  1.62686523404077192E+01
4.63467707080225753E-03  1.62904896139126620E+01
4.64140374289340706E-03  1.63123268874176084E+01
4.64813041498455745E-03  1.63341641609225547E+01
4.65485708707570698E-03  1.63560014344275011E+01
4.66158375916685651E-03  1.63778387079324474E+01
4.66831043125800690E-03  1.63996759814373938E+01
4.67503710334915643E-03  1.64215132549423402E+01
4.68176377544030683E-03  1.64433505284472830E+01
4.68849044753145636E-03  1.64651878019522293E+01
4.69521711962260588E-03  1.64870250754571757E+01
4.70194379171375628E-03  1.65088623489621220E+01
4.70867046380490581E-03  1.65306996224670684E+01
4.71539713589605534E-03  1.65525368959720112E+01
4.72212380798720573E-03  1.65743741694769611E+01
4.72885048007835526E-03  1.65962114429819039E+01
4.73557715216950566E-03  1.66180487164868502E+01
4.74230382426065519E-03  1.66398859899917966E+01
4.74903049635180471E-03  1.66617232634967394E+01
4.75575716844295511E-03  1.66835605370016893E+01
4.76248384053410464E-03  1.67053978105066321E+01
4.76921051262525503E-03  1.67272350840115820E+01
4.77593718471640456E-03  1.67490723575165248E+01
4.78266385680755409E-03  1.67709096310214676E+01
4.78939052889870449E-03  1.67927469045264175E+01
4.79611720098985402E-03  1.68145841780313603E+01
4.80284387308100441E-03  1.68364214515363102E+01
4.80957054517215394E-03  1.68582587250412530E+01
4.81629721726330347E-03  1.68800959985461958E+01
4.82302388935445386E-03  1.69019332720511457E+01
4.82975056144560339E-03  1.69237705455560885E+01
4.83647723353675292E-03  1.69456078190610349E+01
4.84320390562790332E-03  1.69674450925659812E+01
4.84993057771905284E-03  1.69892823660709240E+01
4.85665724981020324E-03  1.70111196395758739E+01
4.86338392190135277E-03  1.70329569130808167E+01
4.87011059399250230E-03  1.70547941865857631E+01
4.87683726608365269E-03  1.70766314600907094E+01
4.88356393817480222E-03  1.70984687335956522E+01
4.89029061026595262E-03  1.71203060071006021E+01
4.89701728235710215E-03  1.71421432806055449E+01
4.90374395444825167E-03  1.71639805541104913E+01
4.91047062653940207E-03  1.71858178276154376E+01
4.91719729863055160E-03  1.72076551011203840E+01
4.92392397072170199E-03  1.72294923746253303E+01
4.93065064281285152E-03  1.72513296481302767E+01
4.93737731490400105E-03  1.72731669216352195E+01
4.94410398699515145E-03  1.72950041951401694E+01
4.95083065908630097E-03  1.73168414686451122E+01
4.95755733117745050E-03  1.73386787421500586E+01
4.96428400326860090E-03  1.73605160156550049E+01
4.97101067535975043E-03  1.73823532891599477E+01
4.97773734745090082E-03  1.74041905626648976E+01
4.98446401954205035E-03  1.74260278361698404E+01
4.99119069163319988E-03  1.74478651096747868E+01
4.99791736372435028E-03  1.74697023831797331E+01
5.00464403581549980E-03  1.74915396566846759E+01
5.01137070790665020E-03  1.75133769301896258E+01
5.01809737999779973E-03  1.75352142036945686E+01
5.02482405208894926E-03  1.75570514771995150E+01
5.03155072418009965E-03  1.75788887507044613E+01
5.03827739627124918E-03  1.76007260242094077E+01
5.04500406836239958E-03  1.76225632977143540E+01
5.05173074045354911E-03  1.76444005712192968E+01
5.05845741254469863E-03  1.76662378447242432E+01
5.06518408463584903E-03  1.76880751182291895E+01
5.07191075672699856E-03  1.77099123917341359E+01
5.07863742881814809E-03  1.77317496652390787E+01
5.08536410090929848E-03  1.77535869387440286E+01
5.09209077300044801E-03  1.77754242122489714E+01
5.09881744509159841E-03  1.77972614857539178E+01
5.10554411718274793E-03  1.78190987592588641E+01
5.11227078927389746E-03  1.78409360327638069E+01
5.11899746136504786E-03  1.78627733062687568E+01
5.12572413345619739E-03  1.78846105797736996E+01
5.13245080554734778E-03  1.79064478532786495E+01
5.13917747763849731E-03  1.79282851267835923E+01
5.14590414972964684E-03  1.79501224002885387E+01
5.15263082182079724E-03  1.79719596737934850E+01
5.15935749391194676E-03  1.79937969472984278E+01
5.16608416600309629E-03  1.80156342208033742E+01
5.17281083809424669E-03  1.80374714943083205E+01
5.17953751018539622E-03  1.80593087678132669E+01
5.18626418227654661E-03  1.80811460413182132E+01
5.19299085436769614E-03  1.81029833148231596E+01
5.19971752645884567E-03  1.81248205883281024E+01
5.20644419854999606E-03  1.81466578618330487E+01
5.21317087064114559E-03  1.81684951353379951E+01
5.21989754273229599E-03  1.81903324088429414E+01
5.22662421482344552E-03  1.82121696823478878E+01
5.23335088691459505E-03  1.82340069558528306E+01
5.24007755900574544E-03  1.82558442293577770E+01
5.24680423109689497E-03  1.82776815028627233E+01
5.25353090318804537E-03  1.82995187763676697E+01
5.26025757527919489E-03  1.83213560498726160E+01
5.26698424737034442E-03  1.83431933233775588E+01
5.27371091946149482E-03  1.83650305968825087E+01
5.28043759155264435E-03  1.83868678703874515E+01
5.28716426364379388E-03  1.84087051438923979E+01
5.29389093573494427E-03  1.84305424173973442E+01
5.30061760782609380E-03  1.84523796909022870E+01
5.30734427991724420E-03  1.84742169644072369E+01
5.31407095200839372E-03  1.84960542379121797E+01
5.32079762409954325E-03  1.85178915114171261E+01
5.32752429619069365E-03  1.85397287849220724E+01
5.33425096828184318E-03  1.85615660584270188E+01
5.34097764037299357E-03  1.85834033319319651E+01
5.34770431246414310E-03  1.86052406054369079E+01
5.35443098455529263E-03  1.86270778789418543E+01
5.36115765664644302E-03  1.86489151524468006E+01
5.36788432873759255E-03  1.86707524259517470E+01
5.37461100082874295E-03  1.86925896994566934E+01
5.38133767291989248E-03  1.87144269729616397E+01
5.38806434501104201E-03  1.87362642464665825E+01
5.39479101710219240E-03  1.87581015199715289E+01
5.40151768919334193E-03  1.87799387934764752E+01
5.40824436128449146E-03  1.88017760669814180E+01
5.41497103337564185E-03  1.88236133404863679E+01
5.42169770546679138E-03  1.88454506139913107E+01
5.42842437755794178E-03  1.88672878874962606E+01
5.43515104964909131E-03  1.88891251610012034E+01
5.44187772174024083E-03  1.89109624345061498E+01
5.44860439383139123E-03  1.89327997080110961E+01
5.45533106592254076E-03  1.89546369815160389E+01
5.46205773801369115E-03  1.89764742550209888E+01
5.46878441010484068E-03  1.89983115285259316E+01
5.47551108219599021E-03  1.90201488020308780E+01
5.48223775428714061E-03  1.90419860755358243E+01
5.48896442637829014E-03  1.90638233490407671E+01
5.49569109846944053E-03  1.90856606225457170E+01
5.50241777056059006E-03  1.91074978960506598E+01
5.50914444265173959E-03  1.91293351695556062E+01
5.51587111474288998E-03  1.91511724430605526E+01
5.52259778683403951E-03  1.91730097165654989E+01
5.52932445892518904E-03  1.91948469900704417E+01
5.53605113101633944E-03  1.92166842635753881E+01
5.54277780310748897E-03  1.92385215370803344E+01
5.54950447519863936E-03  1.92603588105852808E+01
5.55623114728978889E-03  1.92821960840902271E+01
5.56295781938093842E-03  1.93040333575951699E+01
5.56968449147208881E-03  1.93258706311001198E+01
5.57641116356323834E-03  1.93477079046050626E+01
5.58313783565438874E-03  1.93695451781100090E+01
5.58986450774553827E-03  1.93913824516149553E+01
5.59659117983668779E-03  1.94132197251198981E+01
5.60331785192783819E-03  1.94350569986248480E+01
5.61004452401898772E-03  1.94568942721297908E+01
5.61677119611013811E-03  1.94787315456347407E+01
5.62349786820128764E-03  1.95005688191396835E+01
5.63022454029243717E-03  1.95224060926446299E+01
5.63695121238358757E-03  1.95442433661495762E+01
5.64367788447473710E-03  1.95660806396545190E+01
5.65040455656588662E-03  1.95879179131594654E+01
5.65713122865703702E-03  1.96097551866644118E+01
5.66385790074818655E-03  1.96315924601693581E+01
5.67058457283933694E-03  1.96534297336743045E+01
5.67731124493048647E-03  1.96752670071792508E+01
5.68403791702163600E-03  1.96971042806841936E+01
5.69076458911278640E-03  1.97189415541891400E+01
5.69749126120393592E-03  1.97407788276940863E+01
5.70421793329508632E-03  1.97626161011990327E+01
5.71094460538623585E-03  1.97844533747039790E+01
5.71767127747738538E-03  1.98062906482089218E+01
5.72439794956853577E-03  1.98281279217138682E+01
5.73112462165968530E-03  1.98499651952188145E+01
5.73785129375083570E-03  1.98718024687237609E+01
5.74457796584198523E-03  1.98936397422287072E+01
5.75130463793313475E-03  1.99154770157336500E+01
5.75803131002428515E-03  1.99373142892385999E+01
5.76475798211543468E-03  1.99591515627435427E+01
5.77148465420658421E-03  1.99809888362484891E+01
5.77821132629773460E-03  2.00028261097534354E+01
5.78493799838888413E-03  2.00246633832583782E+01
5.79166467048003453E-03  2.00465006567633282E+01
5.79839134257118406E-03  2.00683379302682710E+01
5.80511801466233358E-03  2.00901752037732173E+01
5.81184468675348398E-03  2.01120124772781637E+01
5.81857135884463351E-03  2.01338497507831100E+01
5.82529803093578390E-03  2.01556870242880564E+01
5.83202470302693343E-03  2.01775242977929992E+01
5.83875137511808296E-03  2.01993615712979455E+01
5.84547804720923336E-03  2.02211988448028919E+01
5.85220471930038288E-03  2.02430361183078382E+01
5.85893139139153328E-03  2.02648733918127846E+01
5.86565806348268281E-03  2.02867106653177309E+01
5.87238473557383234E-03  2.03085479388226737E+01
5.87911140766498273E-03  2.03303852123276201E+01
5.88583807975613226E-03  2.03522224858325664E+01
5.89256475184728179E-03  2.03740597593375092E+01
5.89929142393843219E-03  2.03958970328424591E+01
5.90601809602958171E-03  2.04177343063474019E+01
5.91274476812073211E-03  2.04395715798523518E+01
5.91947144021188164E-03  2.04614088533572946E+01
5.92619811230303117E-03  2.04832461268622410E+01
5.93292478439418156E-03  2.05050834003671874E+01
5.93965145648533109E-03  2.05269206738721302E+01
5.94637812857648149E-03  2.05487579473770801E+01
5.95310480066763101E-03  2.05705952208820229E+01
5.95983147275878054E-03  2.05924324943869692E+01
5.96655814484993094E-03  2.06142697678919156E+01
5.97328481694108047E-03  2.06361070413968619E+01
5.98001148903223086E-03  2.06579443149018083E+01
5.98673816112338039E-03  2.06797815884067511E+01
5.99346483321452992E-03  2.07016188619116974E+01
6.00019150530568032E-03  2.07234561354166438E+01
6.00691817739682984E-03  2.07452934089215901E+01
6.01364484948797937E-03  2.07671306824265329E+01
6.02037152157912977E-03  2.07889679559314793E+01
6.02709819367027930E-03  2.08108052294364256E+01
6.03382486576142969E-03  2.08326425029413720E+01
6.04055153785257922E-03  2.08544797764463183E+01
6.04727820994372875E-03  2.08763170499512611E+01
6.05400488203487915E-03  2.08981543234562110E+01
6.06073155412602867E-03  2.09199915969611538E+01
6.06745822621717907E-03  2.09418288704661002E+01
6.07418489830832860E-03  2.09636661439710466E+01
6.08091157039947813E-03  2.09855034174759894E+01
6.08763824249062852E-03  2.10073406909809393E+01
6.09436491458177805E-03  2.10291779644858821E+01
6.10109158667292845E-03  2.10510152379908320E+01
6.10781825876407797E-03  2.10728525114957748E+01
6.11454493085522750E-03  2.10946897850007211E+01
6.12127160294637790E-03  2.11165270585056675E+01
6.12799827503752743E-03  2.11383643320106103E+01
6.13472494712867696E-03  2.11602016055155566E+01
6.14145161921982735E-03  2.11820388790205030E+01
6.14817829131097688E-03  2.12038761525254493E+01
6.15490496340212728E-03  2.12257134260303957E+01
6.16163163549327680E-03  2.12475506995353420E+01
6.16835830758442633E-03  2.12693879730402848E+01
6.17508497967557673E-03  2.12912252465452312E+01
6.18181165176672626E-03  2.13130625200501775E+01
6.18853832385787665E-03  2.13348997935551239E+01
6.19526499594902618E-03  2.13567370670600702E+01
6.20199166804017571E-03  2.13785743405650130E+01
6.20871834013132610E-03  2.14004116140699594E+01
6.21544501222247563E-03  2.14222488875749058E+01
6.22217168431362603E-03  2.14440861610798521E+01
6.22889835640477556E-03  2.14659234345847985E+01
6.23562502849592509E-03  2.14877607080897413E+01
6.24235170058707548E-03  2.15095979815946912E+01
6.24907837267822501E-03  2.15314352550996340E+01
6.25580504476937454E-03  2.15532725286045803E+01
6.26253171686052493E-03  2.15751098021095267E+01
6.26925838895167446E-03  2.15969470756144695E+01
6.27598506104282486E-03  2.16187843491194194E+01
6.28271173313397439E-03  2.16406216226243622E+01
6.28943840522512392E-03  2.16624588961293085E+01
6.29616507731627431E-03  2.16842961696342549E+01
6.30289174940742384E-03  2.17061334431392012E+01
6.30961842149857424E-03  2.17279707166441476E+01
6.31634509358972376E-03  2.17498079901490904E+01
6.32307176568087329E-03  2.17716452636540367E+01
6.32979843777202369E-03  2.17934825371589831E+01
6.33652510986317322E-03  2.18153198106639294E+01
6.34325178195432361E-03  2.18371570841688758E+01
6.34997845404547314E-03  2.18589943576738222E+01
6.35670512613662267E-03  2.18808316311787650E+01
6.36343179822777306E-03  2.19026689046837113E+01
6.37015847031892259E-03  2.19245061781886577E+01
6.37688514241007212E-03  2.19463434516936005E+01
6.38361181450122252E-03  2.19681807251985504E+01
6.39033848659237205E-03  2.19900179987034932E+01
6.39706515868352244E-03  2.20118552722084431E+01
6.40379183077467197E-03  2.20336925457133859E+01
6.41051850286582150E-03  2.20555298192183322E+01
6.41724517495697189E-03  2.20773670927232786E+01
6.42397184704812142E-03  2.20992043662282214E+01
6.43069851913927182E-03  2.21210416397331713E+01
6.43742519123042135E-03  2.21428789132381141E+01
6.44415186332157088E-03  2.21647161867430604E+01
6.45087853541272127E-03  2.21865534602480068E+01
6.45760520750387080E-03  2.22083907337529531E+01
6.46433187959502119E-03  2.22302280072578995E+01
6.47105855168617072E-03  2.22520652807628423E+01
6.47778522377732025E-03  2.22739025542677886E+01
6.48451189586847065E-03  2.22957398277727350E+01
6.49123856795962018E-03  2.23175771012776814E+01
6.49796524005076970E-03  2.23394143747826242E+01
6.50469191214192010E-03  2.23612516482875705E+01
6.51141858423306963E-03  2.23830889217925169E+01
6.51814525632422002E-03  2.24049261952974632E+01
6.52487192841536955E-03  2.24267634688024096E+01
6.53159860050651908E-03  2.24486007423073524E+01
6.53832527259766948E-03  2.24704380158123023E+01
6.54505194468881901E-03  2.24922752893172451E+01
6.55177861677996940E-03  2.25141125628221914E+01
6.55850528887111893E-03  2.25359498363271378E+01
6.56523196096226846E-03  2.25577871098320806E+01
6.57195863305341885E-03  2.25796243833370305E+01
6.57868530514456838E-03  2.26014616568419733E+01
6.58541197723571878E-03  2.26232989303469232E+01
6.59213864932686831E-03  2.26451362038518660E+01
6.59886532141801783E-03  2.26669734773568123E+01
6.60559199350916823E-03  2.26888107508617587E+01
6.61231866560031776E-03  2.27106480243667015E+01
6.61904533769146729E-03  2.27324852978716478E+01
6.62577200978261768E-03  2.27543225713765942E+01
6.63249868187376721E-03  2.27761598448815406E+01
6.63922535396491761E-03  2.27979971183864869E+01
6.64595202605606714E-03  2.28198343918914333E+01
6.65267869814721666E-03  2.28416716653963761E+01
6.65940537023836706E-03  2.28635089389013224E+01
6.66613204232951659E-03  2.28853462124062688E+01
6.67285871442066698E-03  2.29071834859112151E+01
6.67958538651181651E-03  2.29290207594161615E+01
6.68631205860296604E-03  2.29508580329211043E+01
6.69303873069411644E-03  2.29726953064260542E+01
6.69976540278526597E-03  2.29945325799309970E+01
6.70649207487641636E-03  2.30163698534359433E+01
6.71321874696756589E-03  2.30382071269408897E+01
