0.00000000000000000E+00  0.00000000000000000E+00
6.08158454896554365E-06  1.72494886731696828E-01
1.21631690979310873E-05  3.44989773463393656E-01
1.82447536468966293E-05  5.17484660195090429E-01
2.43263381958621746E-05  6.89979546926787313E-01
3.04079227448277199E-05  8.62474433658484196E-01
3.64895072937932585E-05  1.03496932039018086E+00
4.25710918427588039E-05  1.20746420712187774E+00
4.86526763917243492E-05  1.37995909385357463E+00
5.47342609406898945E-05  1.55245398058527151E+00
6.08158454896554399E-05  1.72494886731696839E+00
6.68974300386209852E-05  1.89744375404866528E+00
7.29790145875865170E-05  2.06993864078036172E+00
7.90605991365520624E-05  2.24243352751205860E+00
8.51421836855176077E-05  2.41492841424375548E+00
9.12237682344831531E-05  2.43452368068770841E+00
9.73053527834486984E-05  2.44745973038424047E+00
1.03386937332414244E-04  2.46039578008077253E+00
1.09468521881379789E-04  2.47333182977730504E+00
1.15550106430345334E-04  2.48626787947383709E+00
1.21631690979310880E-04  2.49920392917036960E+00
1.27713275528276412E-04  2.51213997886690166E+00
1.33794860077241970E-04  2.52507602856343416E+00
1.39876444626207502E-04  2.53801207825996622E+00
1.45958029175173034E-04  2.55094812795649872E+00
1.52039613724138593E-04  2.56388417765303078E+00
1.58121198273104125E-04  2.57682022734956284E+00
1.64202782822069684E-04  2.58975627704609535E+00
1.70284367371035215E-04  2.60269232674262740E+00
1.76365951920000774E-04  2.61562837643915991E+00
1.82447536468966306E-04  2.62856442613569197E+00
1.88529121017931865E-04  2.64150047583222447E+00
1.94610705566897397E-04  2.65443652552875653E+00
2.00692290115862929E-04  2.66737257522528903E+00
2.06773874664828487E-04  2.68030862492182109E+00
2.12855459213794019E-04  2.69324467461835315E+00
2.18937043762759578E-04  2.70618072431488565E+00
2.25018628311725110E-04  2.71911677401141771E+00
2.31100212860690669E-04  2.73205282370795022E+00
2.37181797409656201E-04  2.74498887340448228E+00
2.43263381958621760E-04  2.75792492310101478E+00
2.49344966507587264E-04  2.77086097279754684E+00
2.55426551056552823E-04  2.78379702249407934E+00
2.61508135605518382E-04  2.79673307219061140E+00
2.67589720154483941E-04  2.80966912188714346E+00
2.73671304703449446E-04  2.82260517158367596E+00
2.79752889252415005E-04  2.83554122128020802E+00
2.85834473801380563E-04  2.84847727097674053E+00
2.91916058350346068E-04  2.86141332067327259E+00
2.97997642899311627E-04  2.87434937036980465E+00
3.04079227448277186E-04  2.88728542006633715E+00
3.10160811997242745E-04  2.90022146976286965E+00
3.16242396546208249E-04  2.91315751945940171E+00
3.22323981095173808E-04  2.92609356915593377E+00
3.28405565644139367E-04  2.93902961885246627E+00
3.34487150193104926E-04  2.95196566854899833E+00
3.40568734742070431E-04  2.96490171824553084E+00
3.46650319291035990E-04  2.97783776794206290E+00
3.52731903840001549E-04  2.99077381763859540E+00
3.58813488388967053E-04  3.00370986733512746E+00
3.64895072937932612E-04  3.01664591703165996E+00
3.70976657486898171E-04  3.02958196672819202E+00
3.77058242035863730E-04  3.04251801642472408E+00
3.83139826584829235E-04  3.05545406612125658E+00
3.89221411133794794E-04  3.06839011581778864E+00
3.95302995682760352E-04  3.08132616551432115E+00
4.01384580231725857E-04  3.09426221521085321E+00
4.07466164780691416E-04  3.10719826490738527E+00
4.13547749329656975E-04  3.12013431460391777E+00
4.19629333878622534E-04  3.13307036430045027E+00
4.25710918427588039E-04  3.14600641399698233E+00
4.31792502976553597E-04  3.15894246369351439E+00
4.37874087525519156E-04  3.17187851339004689E+00
4.43955672074484661E-04  3.18481456308657895E+00
4.50037256623450220E-04  3.19775061278311146E+00
4.56118841172415779E-04  3.21068666247964352E+00
4.62200425721381338E-04  3.22362271217617558E+00
4.68282010270346842E-04  3.23655876187270808E+00
4.74363594819312401E-04  3.24949481156924058E+00
4.80445179368277960E-04  3.26243086126577264E+00
4.86526763917243519E-04  3.27536691096230470E+00
4.92608348466209078E-04  3.28830296065883720E+00
4.98689933015174528E-04  3.30123901035536926E+00
5.04771517564140087E-04  3.31417506005190177E+00
5.10853102113105646E-04  3.32711110974843383E+00
5.16934686662071205E-04  3.34004715944496589E+00
5.23016271211036764E-04  3.35298320914149839E+00
5.29097855760002323E-04  3.36591925883803089E+00
5.35179440308967882E-04  3.37885530853456295E+00
5.41261024857933332E-04  3.39179135823109501E+00
5.47342609406898891E-04  3.40472740792762707E+00
5.53424193955864450E-04  3.41766345762415957E+00
5.59505778504830009E-04  3.43059950732069208E+00
5.65587363053795568E-04  3.44353555701722414E+00
5.71668947602761127E-04  3.45647160671375620E+00
5.77750532151726686E-04  3.46940765641028870E+00
5.83832116700692136E-04  3.48234370610682076E+00
5.89913701249657695E-04  3.49527975580335326E+00
5.95995285798623254E-04  3.50821580549988532E+00
6.02076870347588813E-04  3.52115185519641738E+00
6.08158454896554372E-04  3.53408790489294988E+00
6.14240039445519931E-04  3.54702395458948239E+00
6.20321623994485490E-04  3.55996000428601445E+00
6.26403208543451048E-04  3.57289605398254650E+00
6.32484793092416499E-04  3.58583210367907856E+00
6.38566377641382058E-04  3.59876815337561107E+00
6.44647962190347617E-04  3.61170420307214357E+00
6.50729546739313176E-04  3.62464025276867563E+00
6.56811131288278735E-04  3.63757630246520769E+00
6.62892715837244293E-04  3.65051235216174019E+00
6.68974300386209852E-04  3.66344840185827270E+00
6.75055884935175303E-04  3.67638445155480476E+00
6.81137469484140862E-04  3.68932050125133681E+00
6.87219054033106421E-04  3.70225655094786887E+00
6.93300638582071979E-04  3.71519260064440138E+00
6.99382223131037538E-04  3.72812865034093388E+00
7.05463807680003097E-04  3.74106470003746594E+00
7.11545392228968656E-04  3.75400074973399844E+00
7.17626976777934107E-04  3.76693679943053050E+00
7.23708561326899666E-04  3.77987284912706301E+00
7.29790145875865224E-04  3.79280889882359507E+00
7.35871730424830783E-04  3.80574494852012712E+00
7.41953314973796342E-04  3.81868099821665963E+00
7.48034899522761901E-04  3.83161704791319213E+00
7.54116484071727460E-04  3.84455309760972419E+00
7.60198068620692911E-04  3.85748914730625625E+00
7.66279653169658469E-04  3.87042519700278831E+00
7.72361237718624028E-04  3.88336124669932081E+00
7.78442822267589587E-04  3.89629729639585332E+00
7.84524406816555146E-04  3.90923334609238537E+00
7.90605991365520705E-04  3.92216939578891743E+00
7.96687575914486264E-04  3.93510544548544994E+00
8.02769160463451714E-04  3.94804149518198200E+00
8.08850745012417273E-04  3.96097754487851450E+00
8.14932329561382832E-04  3.97391359457504656E+00
8.21013914110348391E-04  3.98684964427157862E+00
8.27095498659313950E-04  3.99978569396811112E+00
8.33177083208279509E-04  4.01272174366464363E+00
8.39258667757245068E-04  4.02565779336117568E+00
8.45340252306210518E-04  4.03859384305770774E+00
8.51421836855176077E-04  4.05152989275423980E+00
8.57503421404141636E-04  4.06446594245077186E+00
8.63585005953107195E-04  4.07740199214730481E+00
8.69666590502072754E-04  4.09033804184383687E+00
8.75748175051038313E-04  4.10327409154036893E+00
8.81829759600003872E-04  4.11621014123690188E+00
8.87911344148969322E-04  4.12914619093343305E+00
8.93992928697934881E-04  4.14208224062996599E+00
9.00074513246900440E-04  4.15501829032649805E+00
9.06156097795865999E-04  4.16795434002303011E+00
9.12237682344831558E-04  4.18497017904247848E+00
9.18319266893797117E-04  4.20718157985208485E+00
9.24400851442762675E-04  4.22939298066169123E+00
9.30482435991728126E-04  4.25160438147129671E+00
9.36564020540693685E-04  4.27381578228090309E+00
9.42645605089659244E-04  4.29602718309050946E+00
9.48727189638624803E-04  4.31823858390011583E+00
9.54808774187590362E-04  4.34044998470972132E+00
9.60890358736555920E-04  4.36266138551932769E+00
9.66971943285521479E-04  4.38487278632893407E+00
9.73053527834487038E-04  4.40708418713854044E+00
9.79135112383452489E-04  4.42929558794814682E+00
9.85216696932418156E-04  4.45150698875775319E+00
9.91298281481383606E-04  4.47371838956735957E+00
9.97379866030349057E-04  4.49592979037696505E+00
1.00346145057931472E-03  4.51814119118657143E+00
1.00954303512828017E-03  4.54035259199617691E+00
1.01562461967724584E-03  4.56256399280578417E+00
1.02170620422621129E-03  4.58477539361538966E+00
1.02778778877517696E-03  4.60698679442499603E+00
1.03386937332414241E-03  4.62919819523460241E+00
1.03995095787310786E-03  4.65140959604420878E+00
1.04603254242207353E-03  4.67362099685381516E+00
1.05211412697103898E-03  4.69583239766342064E+00
1.05819571152000465E-03  4.71804379847302791E+00
1.06427729606897010E-03  4.74025519928263339E+00
1.07035888061793576E-03  4.76246660009223977E+00
1.07644046516690121E-03  4.78467800090184525E+00
1.08252204971586666E-03  4.80688940171145163E+00
1.08860363426483233E-03  4.82910080252105800E+00
1.09468521881379778E-03  4.85131220333066437E+00
1.10076680336276345E-03  4.87352360414027075E+00
1.10684838791172890E-03  4.89573500494987623E+00
1.11292997246069457E-03  4.91794640575948350E+00
1.11901155700966002E-03  4.94015780656908898E+00
1.12509314155862547E-03  4.96236920737869536E+00
1.13117472610759114E-03  4.98458060818830173E+00
1.13725631065655659E-03  5.00679200899790722E+00
1.14333789520552225E-03  5.02900340980751448E+00
1.14941947975448770E-03  5.05121481061711997E+00
1.15550106430345337E-03  5.07342621142672634E+00
1.16158264885241882E-03  5.09563761223633271E+00
1.16766423340138427E-03  5.11784901304593820E+00
1.17374581795034994E-03  5.14006041385554546E+00
1.17982740249931539E-03  5.16227181466515095E+00
1.18590898704828106E-03  5.18448321547475732E+00
1.19199057159724651E-03  5.20669461628436370E+00
1.19807215614621218E-03  5.22890601709397007E+00
1.20415374069517763E-03  5.25111741790357556E+00
1.21023532524414329E-03  5.27332881871318282E+00
1.21631690979310874E-03  5.29554021952278831E+00
1.22239849434207419E-03  5.31775162033239468E+00
1.22848007889103986E-03  5.33996302114200105E+00
1.23456166344000531E-03  5.36217442195160654E+00
1.24064324798897098E-03  5.38438582276121380E+00
1.24672483253793643E-03  5.40659722357081929E+00
1.25280641708690210E-03  5.42880862438042566E+00
1.25888800163586755E-03  5.45102002519003204E+00
1.26496958618483300E-03  5.47323142599963752E+00
1.27105117073379867E-03  5.49544282680924390E+00
1.27713275528276412E-03  5.51765422761885027E+00
1.28321433983172978E-03  5.53986562842845665E+00
1.28929592438069523E-03  5.56207702923806302E+00
1.29537750892966090E-03  5.58428843004766939E+00
1.30145909347862635E-03  5.60649983085727488E+00
1.30754067802759180E-03  5.62871123166688125E+00
1.31362226257655747E-03  5.65092263247648763E+00
1.31970384712552292E-03  5.67313403328609311E+00
1.32578543167448859E-03  5.69534543409570038E+00
1.33186701622345404E-03  5.71755683490530586E+00
1.33794860077241970E-03  5.73976823571491224E+00
1.34403018532138516E-03  5.76197963652451861E+00
1.35011176987035061E-03  5.78419103733412410E+00
1.35619335441931627E-03  5.80640243814373136E+00
1.36227493896828172E-03  5.82861383895333685E+00
1.36835652351724739E-03  5.85082523976294322E+00
1.37443810806621284E-03  5.87303664057254959E+00
1.38051969261517851E-03  5.89524804138215597E+00
1.38660127716414396E-03  5.91745944219176145E+00
1.39268286171310941E-03  5.93967084300136783E+00
1.39876444626207508E-03  5.96188224381097420E+00
1.40484603081104053E-03  5.98409364462058058E+00
1.41092761536000619E-03  6.00630504543018695E+00
1.41700919990897165E-03  6.02851644623979244E+00
1.42309078445793731E-03  6.05072784704939970E+00
1.42917236900690276E-03  6.07293924785900519E+00
1.43525395355586821E-03  6.09515064866861067E+00
1.44133553810483388E-03  6.11736204947821793E+00
1.44741712265379933E-03  6.13957345028782342E+00
1.45349870720276500E-03  6.16178485109743068E+00
1.45958029175173045E-03  6.18399625190703617E+00
1.46566187630069612E-03  6.20620765271664254E+00
1.47174346084966157E-03  6.22841905352624892E+00
1.47782504539862702E-03  6.25063045433585440E+00
1.48390662994759268E-03  6.27284185514546078E+00
1.48998821449655813E-03  6.29505325595506715E+00
1.49606979904552380E-03  6.31726465676467352E+00
1.50215138359448925E-03  6.33947605757427990E+00
1.50823296814345492E-03  6.36168745838388627E+00
1.51431455269242037E-03  6.38389885919349176E+00
1.52039613724138582E-03  6.40611026000309813E+00
1.52647772179035149E-03  6.42832166081270451E+00
1.53255930633931694E-03  6.45053306162230999E+00
1.53864089088828261E-03  6.47274446243191726E+00
1.54472247543724806E-03  6.49495586324152274E+00
1.55080405998621372E-03  6.51716726405112912E+00
1.55688564453517917E-03  6.53937866486073549E+00
1.56296722908414462E-03  6.56159006567034098E+00
1.56904881363311029E-03  6.58380146647994824E+00
1.57513039818207574E-03  6.60601286728955372E+00
1.58121198273104141E-03  6.62822426809916010E+00
1.58729356728000686E-03  6.65043566890876647E+00
1.59337515182897253E-03  6.67264706971837285E+00
1.59945673637793798E-03  6.69485847052797833E+00
1.60553832092690343E-03  6.71706987133758471E+00
1.61161990547586910E-03  6.73928127214719108E+00
1.61770149002483455E-03  6.76149267295679746E+00
1.62378307457380021E-03  6.78370407376640383E+00
1.62986465912276566E-03  6.80591547457600932E+00
1.63594624367173133E-03  6.82812687538561658E+00
1.64202782822069678E-03  6.85033827619522206E+00
1.64810941276966223E-03  6.87254967700482755E+00
1.65419099731862790E-03  6.89476107781443481E+00
1.66027258186759335E-03  6.91697247862404030E+00
1.66635416641655902E-03  6.93918387943364756E+00
1.67243575096552447E-03  6.96139528024325305E+00
1.67851733551449014E-03  6.98360668105285942E+00
1.68459892006345559E-03  7.00581808186246580E+00
1.69068050461242104E-03  7.02802948267207128E+00
1.69676208916138670E-03  7.05024088348167766E+00
1.70284367371035215E-03  7.07245228429128403E+00
1.70892525825931782E-03  7.09466368510089040E+00
1.71500684280828327E-03  7.11687508591049678E+00
1.72108842735724894E-03  7.13908648672010315E+00
1.72717001190621439E-03  7.16129788752970864E+00
1.73325159645517984E-03  7.18350928833931501E+00
1.73933318100414551E-03  7.20572068914892139E+00
1.74541476555311096E-03  7.22793208995852687E+00
1.75149635010207663E-03  7.25014349076813414E+00
1.75757793465104208E-03  7.27235489157773962E+00
1.76365951920000774E-03  7.29456629238734600E+00
1.76974110374897319E-03  7.31677769319695237E+00
1.77582268829793864E-03  7.33898909400655786E+00
1.78190427284690431E-03  7.36120049481616512E+00
1.78798585739586976E-03  7.38341189562577060E+00
1.79406744194483543E-03  7.40562329643537698E+00
1.80014902649380088E-03  7.42783469724498335E+00
1.80623061104276655E-03  7.45004609805458973E+00
1.81231219559173200E-03  7.47225749886419521E+00
1.81839378014069745E-03  7.49446889967380159E+00
1.82447536468966312E-03  7.51668030048340796E+00
1.83055694923862857E-03  7.53889170129301434E+00
1.83663853378759423E-03  7.56110310210262071E+00
1.84272011833655968E-03  7.58331450291222620E+00
1.84880170288552535E-03  7.60552590372183346E+00
1.85488328743449080E-03  7.62773730453143894E+00
1.86096487198345625E-03  7.64994870534104443E+00
1.86704645653242192E-03  7.67216010615065169E+00
1.87312804108138737E-03  7.69437150696025718E+00
1.87920962563035304E-03  7.71658290776986355E+00
1.88529121017931849E-03  7.73879430857946993E+00
1.89137279472828415E-03  7.76100570938907630E+00
1.89745437927724961E-03  7.78321711019868268E+00
1.90353596382621506E-03  7.80542851100828816E+00
1.90961754837518072E-03  7.82763991181789454E+00
1.91569913292414617E-03  7.84985131262750091E+00
1.92178071747311184E-03  7.87206271343710728E+00
1.92786230202207729E-03  7.89427411424671277E+00
1.93394388657104296E-03  7.91648551505632003E+00
1.94002547112000841E-03  7.93869691586592552E+00
1.94610705566897408E-03  7.96090831667553278E+00
1.95218864021793953E-03  7.98311971748513827E+00
1.95827022476690498E-03  8.00533111829474464E+00
1.96435180931587043E-03  8.02754251910435102E+00
1.97043339386483631E-03  8.04975391991395739E+00
1.97651497841380176E-03  8.07196532072356376E+00
1.98259656296276721E-03  8.09417672153317014E+00
1.98867814751173266E-03  8.11638812234277474E+00
1.99475973206069811E-03  8.13859952315238111E+00
2.00084131660966400E-03  8.16081092396198926E+00
2.00692290115862945E-03  8.18302232477159386E+00
2.01300448570759490E-03  8.20523372558120023E+00
2.01908607025656035E-03  8.22744512639080483E+00
2.02516765480552623E-03  8.24965652720041298E+00
2.03124923935449168E-03  8.27186792801001936E+00
2.03733082390345713E-03  8.29407932881962395E+00
2.04341240845242259E-03  8.31629072962923033E+00
2.04949399300138804E-03  8.33850213043883670E+00
2.05557557755035392E-03  8.36071353124844308E+00
2.06165716209931937E-03  8.38292493205804945E+00
2.06773874664828482E-03  8.40513633286765582E+00
2.07382033119725027E-03  8.42734773367726220E+00
2.07990191574621572E-03  8.44955913448686857E+00
2.08598350029518161E-03  8.47177053529647495E+00
2.09206508484414706E-03  8.49398193610608132E+00
2.09814666939311251E-03  8.51619333691568769E+00
2.10422825394207796E-03  8.53840473772529229E+00
2.11030983849104384E-03  8.56061613853490044E+00
2.11639142304000929E-03  8.58282753934450682E+00
2.12247300758897474E-03  8.60503894015411142E+00
2.12855459213794019E-03  8.62725034096371779E+00
2.13463617668690564E-03  8.64946174177332239E+00
2.14071776123587153E-03  8.67167314258293054E+00
2.14679934578483698E-03  8.69388454339253691E+00
2.15288093033380243E-03  8.71609594420214151E+00
2.15896251488276788E-03  8.73830734501174788E+00
2.16504409943173333E-03  8.76051874582135426E+00
2.17112568398069921E-03  8.78273014663096063E+00
2.17720726852966466E-03  8.80494154744056701E+00
2.18328885307863011E-03  8.82715294825017338E+00
2.18937043762759556E-03  8.84936434905977976E+00
2.19545202217656145E-03  8.87157574986938613E+00
2.20153360672552690E-03  8.89378715067899250E+00
2.20761519127449235E-03  8.91599855148859888E+00
2.21369677582345780E-03  8.93820995229820348E+00
2.21977836037242325E-03  8.96042135310780985E+00
2.22585994492138914E-03  8.98263275391741800E+00
2.23194152947035459E-03  9.00484415472702260E+00
2.23802311401932004E-03  9.02705555553662897E+00
2.24410469856828549E-03  9.04926695634623535E+00
2.25018628311725094E-03  9.07147835715584172E+00
2.25626786766621682E-03  9.09368975796544809E+00
2.26234945221518227E-03  9.11590115877505447E+00
2.26843103676414772E-03  9.13811255958466084E+00
2.27451262131311317E-03  9.16032396039426544E+00
2.28059420586207906E-03  9.18253536120387359E+00
2.28667579041104451E-03  9.20474676201347997E+00
2.29275737496000996E-03  9.22695816282308456E+00
2.29883895950897541E-03  9.24916956363269094E+00
2.30492054405794086E-03  9.27138096444229731E+00
2.31100212860690674E-03  9.29359236525190369E+00
2.31708371315587219E-03  9.31580376606151006E+00
2.32316529770483764E-03  9.33801516687111643E+00
2.32924688225380309E-03  9.36022656768072103E+00
2.33532846680276854E-03  9.38243796849032741E+00
2.34141005135173443E-03  9.40464936929993556E+00
2.34749163590069988E-03  9.42686077010954193E+00
2.35357322044966533E-03  9.44907217091914653E+00
2.35965480499863078E-03  9.47128357172875290E+00
2.36573638954759666E-03  9.49349497253836105E+00
2.37181797409656211E-03  9.51570637334796565E+00
2.37789955864552757E-03  9.53791777415757203E+00
2.38398114319449302E-03  9.56012917496717840E+00
2.39006272774345847E-03  9.58234057577678300E+00
2.39614431229242435E-03  9.60455197658639115E+00
2.40222589684138980E-03  9.62676337739599752E+00
2.40830748139035525E-03  9.64897477820560212E+00
2.41438906593932070E-03  9.67118617901520850E+00
2.42047065048828659E-03  9.69339757982481665E+00
2.42655223503725204E-03  9.71560898063442124E+00
2.43263381958621749E-03  9.73782038144402762E+00
2.43871540413518294E-03  9.76003178225363399E+00
2.44479698868414839E-03  9.78224318306324037E+00
2.45087857323311427E-03  9.80445458387284674E+00
2.45696015778207972E-03  9.82666598468245311E+00
2.46304174233104517E-03  9.84887738549205949E+00
2.46912332688001062E-03  9.87108878630166409E+00
2.47520491142897607E-03  9.89330018711127046E+00
2.48128649597794196E-03  9.91551158792087861E+00
2.48736808052690741E-03  9.93772298873048321E+00
2.49344966507587286E-03  9.95993438954008958E+00
2.49953124962483831E-03  9.98214579034969596E+00
2.50561283417380419E-03  1.00043571911593023E+01
2.51169441872276964E-03  1.00265685919689087E+01
2.51777600327173509E-03  1.00487799927785151E+01
2.52385758782070055E-03  1.00709913935881197E+01
2.52993917236966600E-03  1.00932027943977261E+01
2.53602075691863188E-03  1.01154141952073342E+01
2.54210234146759733E-03  1.01376255960169388E+01
2.54818392601656278E-03  1.01598369968265452E+01
2.55426551056552823E-03  1.01820483976361515E+01
2.56034709511449368E-03  1.02042597984457579E+01
2.56642867966345957E-03  1.02264711992553643E+01
2.57251026421242502E-03  1.02486826000649707E+01
2.57859184876139047E-03  1.02708940008745770E+01
2.58467343331035592E-03  1.02931054016841816E+01
2.59075501785932180E-03  1.03153168024937898E+01
2.59683660240828725E-03  1.03375282033033962E+01
2.60291818695725270E-03  1.03597396041130008E+01
2.60899977150621815E-03  1.03819510049226071E+01
2.61508135605518360E-03  1.04041624057322135E+01
2.62116294060414949E-03  1.04263738065418199E+01
2.62724452515311494E-03  1.04485852073514263E+01
2.63332610970208039E-03  1.04707966081610326E+01
2.63940769425104584E-03  1.04930080089706372E+01
2.64548927880001129E-03  1.05152194097802436E+01
2.65157086334897717E-03  1.05374308105898518E+01
2.65765244789794262E-03  1.05596422113994564E+01
2.66373403244690807E-03  1.05818536122090627E+01
2.66981561699587353E-03  1.06040650130186691E+01
2.67589720154483941E-03  1.06262764138282755E+01
2.68197878609380486E-03  1.06484878146378819E+01
2.68806037064277031E-03  1.06706992154474882E+01
2.69414195519173576E-03  1.06929106162570946E+01
2.70022353974070121E-03  1.07151220170666992E+01
2.70630512428966710E-03  1.07373334178763074E+01
2.71238670883863255E-03  1.07595448186859137E+01
2.71846829338759800E-03  1.07817562194955183E+01
2.72454987793656345E-03  1.08039676203051247E+01
2.73063146248552890E-03  1.08261790211147311E+01
2.73671304703449478E-03  1.08483904219243374E+01
2.74279463158346023E-03  1.08706018227339438E+01
2.74887621613242568E-03  1.08928132235435502E+01
2.75495780068139113E-03  1.09150246243531548E+01
2.76103938523035702E-03  1.09372360251627629E+01
2.76712096977932247E-03  1.09594474259723693E+01
2.77320255432828792E-03  1.09816588267819739E+01
2.77928413887725337E-03  1.10038702275915803E+01
2.78536572342621882E-03  1.10260816284011867E+01
2.79144730797518470E-03  1.10482930292107948E+01
2.79752889252415015E-03  1.10705044300203994E+01
2.80361047707311560E-03  1.10927158308300058E+01
2.80969206162208105E-03  1.11149272316396122E+01
2.81577364617104650E-03  1.11371386324492168E+01
2.82185523072001239E-03  1.11593500332588249E+01
2.82793681526897784E-03  1.11815614340684313E+01
2.83401839981794329E-03  1.12037728348780359E+01
2.84009998436690874E-03  1.12259842356876423E+01
2.84618156891587462E-03  1.12481956364972504E+01
2.85226315346484008E-03  1.12704070373068550E+01
2.85834473801380553E-03  1.12926184381164614E+01
2.86442632256277098E-03  1.13148298389260678E+01
2.87050790711173643E-03  1.13370412397356723E+01
2.87658949166070231E-03  1.13592526405452805E+01
2.88267107620966776E-03  1.13814640413548869E+01
2.88875266075863321E-03  1.14036754421644932E+01
2.89483424530759866E-03  1.14258868429740978E+01
2.90091582985656411E-03  1.14480982437837042E+01
2.90699741440553000E-03  1.14703096445933124E+01
2.91307899895449545E-03  1.14925210454029170E+01
2.91916058350346090E-03  1.15147324462125233E+01
2.92524216805242635E-03  1.15369438470221297E+01
2.93132375260139223E-03  1.15591552478317361E+01
2.93740533715035768E-03  1.15813666486413425E+01
2.94348692169932313E-03  1.16035780494509488E+01
2.94956850624828858E-03  1.16257894502605534E+01
2.95565009079725403E-03  1.16480008510701598E+01
2.96173167534621992E-03  1.16702122518797680E+01
2.96781325989518537E-03  1.16924236526893726E+01
2.97389484444415082E-03  1.17146350534989789E+01
2.97997642899311627E-03  1.17368464543085853E+01
2.98605801354208172E-03  1.17590578551181917E+01
2.99213959809104760E-03  1.17812692559277981E+01
2.99822118264001305E-03  1.18034806567374044E+01
3.00430276718897851E-03  1.18256920575470108E+01
3.01038435173794396E-03  1.18479034583566154E+01
3.01646593628690984E-03  1.18701148591662236E+01
3.02254752083587529E-03  1.18923262599758299E+01
3.02862910538484074E-03  1.19145376607854345E+01
3.03471068993380619E-03  1.19367490615950409E+01
3.04079227448277164E-03  1.19589604624046473E+01
3.04687385903173753E-03  1.19811718632142536E+01
3.05295544358070298E-03  1.20033832640238600E+01
3.05903702812966843E-03  1.20255946648334664E+01
3.06511861267863388E-03  1.20478060656430710E+01
3.07120019722759933E-03  1.20700174664526774E+01
3.07728178177656521E-03  1.20922288672622855E+01
3.08336336632553066E-03  1.21144402680718901E+01
3.08944495087449611E-03  1.21366516688814965E+01
3.09552653542346156E-03  1.21588630696911029E+01
3.10160811997242745E-03  1.21810744705007092E+01
3.10768970452139290E-03  1.22032858713103156E+01
3.11377128907035835E-03  1.22254972721199220E+01
3.11985287361932380E-03  1.22477086729295284E+01
3.12593445816828925E-03  1.22699200737391330E+01
3.13201604271725513E-03  1.22921314745487411E+01
3.13809762726622058E-03  1.23143428753583475E+01
3.14417921181518603E-03  1.23365542761679521E+01
3.15026079636415149E-03  1.23587656769775585E+01
3.15634238091311737E-03  1.23809770777871666E+01
3.16242396546208282E-03  1.24031884785967712E+01
3.16850555001104827E-03  1.24253998794063776E+01
3.17458713456001372E-03  1.24476112802159840E+01
3.18066871910897917E-03  1.24698226810255886E+01
3.18675030365794506E-03  1.24920340818351967E+01
3.19283188820691051E-03  1.25142454826448031E+01
3.19891347275587596E-03  1.25364568834544077E+01
3.20499505730484141E-03  1.25586682842640140E+01
3.21107664185380686E-03  1.25808796850736204E+01
3.21715822640277274E-03  1.26030910858832268E+01
3.22323981095173819E-03  1.26253024866928332E+01
3.22932139550070364E-03  1.26475138875024395E+01
3.23540298004966909E-03  1.26697252883120459E+01
3.24148456459863498E-03  1.26919366891216523E+01
3.24756614914760043E-03  1.27141480899312587E+01
3.25364773369656588E-03  1.27363594907408650E+01
3.25972931824553133E-03  1.27585708915504696E+01
3.26581090279449678E-03  1.27807822923600760E+01
3.27189248734346266E-03  1.28029936931696842E+01
3.27797407189242811E-03  1.28252050939792888E+01
3.28405565644139356E-03  1.28474164947888951E+01
3.29013724099035901E-03  1.28696278955985015E+01
3.29621882553932447E-03  1.28918392964081061E+01
3.30230041008829035E-03  1.29140506972177143E+01
3.30838199463725580E-03  1.29362620980273206E+01
3.31446357918622125E-03  1.29584734988369252E+01
3.32054516373518670E-03  1.29806848996465316E+01
3.32662674828415258E-03  1.30028963004561398E+01
3.33270833283311804E-03  1.30251077012657461E+01
3.33878991738208349E-03  1.30473191020753507E+01
3.34487150193104894E-03  1.30695305028849571E+01
3.35095308648001439E-03  1.30917419036945635E+01
3.35703467102898027E-03  1.31139533045041699E+01
3.36311625557794572E-03  1.31361647053137762E+01
3.36919784012691117E-03  1.31583761061233826E+01
3.37527942467587662E-03  1.31805875069329872E+01
3.38136100922484207E-03  1.32027989077425936E+01
3.38744259377380796E-03  1.32250103085522017E+01
3.39352417832277341E-03  1.32472217093618063E+01
3.39960576287173886E-03  1.32694331101714127E+01
3.40568734742070431E-03  1.32916445109810191E+01
3.41176893196967019E-03  1.33138559117906254E+01
3.41785051651863564E-03  1.33360673126002318E+01
3.42393210106760109E-03  1.33582787134098382E+01
3.43001368561656654E-03  1.33804901142194446E+01
3.43609527016553199E-03  1.34027015150290492E+01
3.44217685471449788E-03  1.34249129158386573E+01
3.44825843926346333E-03  1.34471243166482637E+01
3.45434002381242878E-03  1.34693357174578683E+01
3.46042160836139423E-03  1.34915471182674747E+01
3.46650319291035968E-03  1.35137585190770810E+01
3.47258477745932556E-03  1.35359699198866874E+01
3.47866636200829102E-03  1.35581813206962938E+01
3.48474794655725647E-03  1.35803927215059002E+01
3.49082953110622192E-03  1.36026041223155048E+01
3.49691111565518780E-03  1.36248155231251129E+01
3.50299270020415325E-03  1.36470269239347193E+01
3.50907428475311870E-03  1.36692383247443239E+01
3.51515586930208415E-03  1.36914497255539303E+01
3.52123745385104960E-03  1.37136611263635366E+01
3.52731903840001549E-03  1.37358725271731430E+01
3.53340062294898094E-03  1.37580839279827494E+01
3.53948220749794639E-03  1.37802953287923557E+01
3.54556379204691184E-03  1.38025067296019621E+01
3.55164537659587729E-03  1.38247181304115667E+01
3.55772696114484317E-03  1.38469295312211749E+01
3.56380854569380862E-03  1.38691409320307812E+01
3.56989013024277407E-03  1.38913523328403858E+01
3.57597171479173952E-03  1.39135637336499922E+01
3.58205329934070541E-03  1.39357751344596004E+01
3.58813488388967086E-03  1.39579865352692050E+01
3.59421646843863631E-03  1.39801979360788113E+01
3.60029805298760176E-03  1.40024093368884177E+01
3.60637963753656721E-03  1.40246207376980223E+01
3.61246122208553309E-03  1.40468321385076305E+01
3.61854280663449854E-03  1.40690435393172368E+01
3.62462439118346400E-03  1.40912549401268414E+01
3.63070597573242945E-03  1.41134663409364478E+01
3.63678756028139490E-03  1.41356777417460542E+01
3.64286914483036078E-03  1.41578891425556606E+01
3.64895072937932623E-03  1.41801005433652669E+01
3.65503231392829168E-03  1.42023119441748733E+01
3.66111389847725713E-03  1.42245233449844797E+01
3.66719548302622302E-03  1.42467347457940861E+01
3.67327706757518847E-03  1.42689461466036924E+01
3.67935865212415392E-03  1.42911575474132988E+01
3.68544023667311937E-03  1.43133689482229034E+01
3.69152182122208482E-03  1.43355803490325098E+01
3.69760340577105070E-03  1.43577917498421179E+01
3.70368499032001615E-03  1.43800031506517225E+01
3.70976657486898160E-03  1.44022145514613289E+01
3.71584815941794705E-03  1.44244259522709353E+01
3.72192974396691250E-03  1.44466373530805399E+01
3.72801132851587839E-03  1.44688487538901480E+01
3.73409291306484384E-03  1.44910601546997544E+01
3.74017449761380929E-03  1.45132715555093590E+01
3.74625608216277474E-03  1.45354829563189654E+01
3.75233766671174062E-03  1.45576943571285735E+01
3.75841925126070607E-03  1.45799057579381781E+01
3.76450083580967152E-03  1.46021171587477845E+01
3.77058242035863697E-03  1.46243285595573909E+01
3.77666400490760243E-03  1.46465399603669972E+01
3.78274558945656831E-03  1.46687513611766036E+01
3.78882717400553376E-03  1.46909627619862100E+01
3.79490875855449921E-03  1.47131741627958164E+01
3.80099034310346466E-03  1.47353855636054210E+01
3.80707192765243011E-03  1.47575969644150273E+01
3.81315351220139600E-03  1.47798083652246355E+01
3.81923509675036145E-03  1.48020197660342401E+01
3.82531668129932690E-03  1.48242311668438465E+01
3.83139826584829235E-03  1.48464425676534528E+01
3.83747985039725823E-03  1.48686539684630592E+01
3.84356143494622368E-03  1.48908653692726656E+01
3.84964301949518913E-03  1.49130767700822719E+01
3.85572460404415458E-03  1.49352881708918765E+01
3.86180618859312003E-03  1.49574995717014829E+01
3.86788777314208592E-03  1.49797109725110911E+01
3.87396935769105137E-03  1.50019223733206974E+01
3.88005094224001682E-03  1.50241337741303020E+01
3.88613252678898227E-03  1.50463451749399084E+01
3.89221411133794815E-03  1.50685565757495166E+01
3.89829569588691360E-03  1.50907679765591212E+01
3.90437728043587905E-03  1.51129793773687275E+01
3.91045886498484450E-03  1.51351907781783339E+01
3.91654044953380995E-03  1.51574021789879385E+01
3.92262203408277541E-03  1.51796135797975449E+01
3.92870361863174086E-03  1.52018249806071513E+01
3.93478520318070717E-03  1.52240363814167594E+01
3.94086678772967262E-03  1.52462477822263658E+01
3.94694837227863807E-03  1.52684591830359722E+01
3.95302995682760352E-03  1.52906705838455768E+01
3.95911154137656898E-03  1.53128819846551831E+01
3.96519312592553443E-03  1.53350933854647895E+01
3.97127471047449988E-03  1.53573047862743959E+01
3.97735629502346533E-03  1.53795161870840005E+01
3.98343787957243078E-03  1.54017275878936069E+01
3.98951946412139623E-03  1.54239389887032132E+01
3.99560104867036255E-03  1.54461503895128214E+01
4.00168263321932800E-03  1.54683617903224278E+01
4.00776421776829345E-03  1.54905731911320341E+01
4.01384580231725890E-03  1.55127845919416387E+01
4.01992738686622435E-03  1.55349959927512451E+01
4.02600897141518980E-03  1.55572073935608515E+01
4.03209055596415525E-03  1.55794187943704561E+01
4.03817214051312070E-03  1.56016301951800624E+01
4.04425372506208615E-03  1.56238415959896688E+01
4.05033530961105247E-03  1.56460529967992770E+01
4.05641689416001792E-03  1.56682643976088833E+01
4.06249847870898337E-03  1.56904757984184897E+01
4.06858006325794882E-03  1.57126871992280943E+01
4.07466164780691427E-03  1.57348986000377007E+01
4.08074323235587972E-03  1.57571100008473071E+01
4.08682481690484517E-03  1.57793214016569134E+01
4.09290640145381062E-03  1.58015328024665180E+01
4.09898798600277607E-03  1.58237442032761244E+01
4.10506957055174239E-03  1.58459556040857326E+01
4.11115115510070784E-03  1.58681670048953389E+01
4.11723273964967329E-03  1.58903784057049453E+01
4.12331432419863874E-03  1.59125898065145517E+01
4.12939590874760419E-03  1.59348012073241563E+01
4.13547749329656964E-03  1.59570126081337627E+01
4.14155907784553509E-03  1.59792240089433690E+01
4.14764066239450054E-03  1.60014354097529719E+01
4.15372224694346599E-03  1.60236468105625818E+01
4.15980383149243144E-03  1.60458582113721846E+01
4.16588541604139776E-03  1.60680696121817945E+01
4.17196700059036321E-03  1.60902810129914009E+01
4.17804858513932866E-03  1.61124924138010073E+01
4.18413016968829411E-03  1.61347038146106101E+01
4.19021175423725956E-03  1.61569152154202200E+01
4.19629333878622501E-03  1.61791266162298228E+01
4.20237492333519046E-03  1.62013380170394328E+01
4.20845650788415591E-03  1.62235494178490356E+01
4.21453809243312136E-03  1.62457608186586420E+01
4.22061967698208768E-03  1.62679722194682483E+01
4.22670126153105313E-03  1.62901836202778583E+01
4.23278284608001858E-03  1.63123950210874611E+01
4.23886443062898403E-03  1.63346064218970710E+01
4.24494601517794948E-03  1.63568178227066738E+01
4.25102759972691494E-03  1.63790292235162802E+01
4.25710918427588039E-03  1.64012406243258866E+01
4.26319076882484584E-03  1.64234520251354894E+01
4.26927235337381129E-03  1.64456634259450993E+01
4.27535393792277760E-03  1.64678748267547093E+01
4.28143552247174305E-03  1.64900862275643121E+01
4.28751710702070851E-03  1.65122976283739185E+01
4.29359869156967396E-03  1.65345090291835248E+01
4.29968027611863941E-03  1.65567204299931277E+01
4.30576186066760486E-03  1.65789318308027376E+01
4.31184344521657031E-03  1.66011432316123404E+01
4.31792502976553576E-03  1.66233546324219503E+01
4.32400661431450121E-03  1.66455660332315531E+01
4.33008819886346666E-03  1.66677774340411595E+01
4.33616978341243298E-03  1.66899888348507695E+01
4.34225136796139843E-03  1.67122002356603758E+01
4.34833295251036388E-03  1.67344116364699786E+01
4.35441453705932933E-03  1.67566230372795886E+01
4.36049612160829478E-03  1.67788344380891914E+01
4.36657770615726023E-03  1.68010458388987978E+01
4.37265929070622568E-03  1.68232572397084041E+01
4.37874087525519113E-03  1.68454686405180070E+01
4.38482245980415658E-03  1.68676800413276169E+01
4.39090404435312290E-03  1.68898914421372233E+01
4.39698562890208835E-03  1.69121028429468296E+01
4.40306721345105380E-03  1.69343142437564360E+01
4.40914879800001925E-03  1.69565256445660424E+01
4.41523038254898470E-03  1.69787370453756488E+01
4.42131196709795015E-03  1.70009484461852551E+01
4.42739355164691560E-03  1.70231598469948580E+01
4.43347513619588105E-03  1.70453712478044643E+01
4.43955672074484650E-03  1.70675826486140707E+01
4.44563830529381282E-03  1.70897940494236806E+01
4.45171988984277827E-03  1.71120054502332870E+01
4.45780147439174372E-03  1.71342168510428934E+01
4.46388305894070917E-03  1.71564282518524962E+01
4.46996464348967462E-03  1.71786396526621026E+01
4.47604622803864007E-03  1.72008510534717090E+01
4.48212781258760552E-03  1.72230624542813153E+01
4.48820939713657097E-03  1.72452738550909217E+01
4.49429098168553642E-03  1.72674852559005281E+01
4.50037256623450187E-03  1.72896966567101344E+01
4.50645415078346819E-03  1.73119080575197408E+01
4.51253573533243364E-03  1.73341194583293472E+01
4.51861731988139909E-03  1.73563308591389536E+01
4.52469890443036454E-03  1.73785422599485599E+01
4.53078048897932999E-03  1.74007536607581663E+01
4.53686207352829544E-03  1.74229650615677727E+01
4.54294365807726089E-03  1.74451764623773755E+01
4.54902524262622635E-03  1.74673878631869819E+01
4.55510682717519180E-03  1.74895992639965883E+01
4.56118841172415811E-03  1.75118106648061982E+01
4.56726999627312356E-03  1.75340220656158046E+01
4.57335158082208901E-03  1.75562334664254109E+01
4.57943316537105446E-03  1.75784448672350138E+01
4.58551474992001992E-03  1.76006562680446201E+01
4.59159633446898537E-03  1.76228676688542265E+01
4.59767791901795082E-03  1.76450790696638329E+01
4.60375950356691627E-03  1.76672904704734393E+01
4.60984108811588172E-03  1.76895018712830456E+01
4.61592267266484804E-03  1.77117132720926556E+01
4.62200425721381349E-03  1.77339246729022584E+01
4.62808584176277894E-03  1.77561360737118648E+01
4.63416742631174439E-03  1.77783474745214711E+01
4.64024901086070984E-03  1.78005588753310775E+01
4.64633059540967529E-03  1.78227702761406839E+01
4.65241217995864074E-03  1.78449816769502903E+01
4.65849376450760619E-03  1.78671930777598931E+01
4.66457534905657164E-03  1.78894044785694994E+01
4.67065693360553709E-03  1.79116158793791058E+01
4.67673851815450341E-03  1.79338272801887157E+01
4.68282010270346886E-03  1.79560386809983221E+01
4.68890168725243431E-03  1.79782500818079285E+01
4.69498327180139976E-03  1.80004614826175349E+01
4.70106485635036521E-03  1.80226728834271377E+01
4.70714644089933066E-03  1.80448842842367441E+01
4.71322802544829611E-03  1.80670956850463504E+01
4.71930960999726156E-03  1.80893070858559568E+01
4.72539119454622701E-03  1.81115184866655632E+01
4.73147277909519333E-03  1.81337298874751731E+01
4.73755436364415878E-03  1.81559412882847759E+01
4.74363594819312423E-03  1.81781526890943823E+01
4.74971753274208968E-03  1.82003640899039887E+01
4.75579911729105513E-03  1.82225754907135951E+01
4.76188070184002058E-03  1.82447868915232014E+01
4.76796228638898603E-03  1.82669982923328078E+01
4.77404387093795148E-03  1.82892096931424142E+01
4.78012545548691693E-03  1.83114210939520170E+01
4.78620704003588325E-03  1.83336324947616269E+01
4.79228862458484870E-03  1.83558438955712333E+01
4.79837020913381415E-03  1.83780552963808397E+01
4.80445179368277960E-03  1.84002666971904461E+01
4.81053337823174505E-03  1.84224780980000524E+01
4.81661496278071050E-03  1.84446894988096552E+01
4.82269654732967595E-03  1.84669008996192616E+01
4.82877813187864140E-03  1.84891123004288680E+01
4.83485971642760685E-03  1.85113237012384744E+01
4.84094130097657317E-03  1.85335351020480843E+01
4.84702288552553862E-03  1.85557465028576907E+01
4.85310447007450407E-03  1.85779579036672935E+01
4.85918605462346952E-03  1.86001693044768999E+01
4.86526763917243497E-03  1.86223807052865062E+01
4.87134922372140042E-03  1.86445921060961126E+01
4.87743080827036588E-03  1.86668035069057190E+01
4.88351239281933133E-03  1.86890149077153254E+01
4.88959397736829678E-03  1.87112263085249317E+01
4.89567556191726223E-03  1.87334377093345346E+01
4.90175714646622854E-03  1.87556491101441445E+01
4.90783873101519399E-03  1.87778605109537509E+01
4.91392031556415945E-03  1.88000719117633572E+01
4.92000190011312490E-03  1.88222833125729636E+01
4.92608348466209035E-03  1.88444947133825700E+01
4.93216506921105580E-03  1.88667061141921728E+01
4.93824665376002125E-03  1.88889175150017792E+01
4.94432823830898670E-03  1.89111289158113856E+01
4.95040982285795215E-03  1.89333403166209919E+01
4.95649140740691847E-03  1.89555517174306019E+01
4.96257299195588392E-03  1.89777631182402082E+01
4.96865457650484937E-03  1.89999745190498111E+01
4.97473616105381482E-03  1.90221859198594174E+01
4.98081774560278027E-03  1.90443973206690238E+01
4.98689933015174572E-03  1.90666087214786302E+01
4.99298091470071117E-03  1.90888201222882365E+01
4.99906249924967662E-03  1.91110315230978429E+01
5.00514408379864207E-03  1.91332429239074493E+01
5.01122566834760839E-03  1.91554543247170557E+01
5.01730725289657384E-03  1.91776657255266620E+01
5.02338883744553929E-03  1.91998771263362684E+01
5.02947042199450474E-03  1.92220885271458748E+01
5.03555200654347019E-03  1.92442999279554812E+01
5.04163359109243564E-03  1.92665113287650875E+01
5.04771517564140109E-03  1.92887227295746904E+01
5.05379676019036654E-03  1.93109341303842967E+01
5.05987834473933199E-03  1.93331455311939031E+01
5.06595992928829744E-03  1.93553569320035095E+01
5.07204151383726376E-03  1.93775683328131194E+01
5.07812309838622921E-03  1.93997797336227258E+01
5.08420468293519466E-03  1.94219911344323286E+01
5.09028626748416011E-03  1.94442025352419350E+01
5.09636785203312556E-03  1.94664139360515414E+01
5.10244943658209101E-03  1.94886253368611477E+01
5.10853102113105646E-03  1.95108367376707541E+01
5.11461260568002191E-03  1.95330481384803605E+01
5.12069419022898736E-03  1.95552595392899669E+01
5.12677577477795368E-03  1.95774709400995732E+01
5.13285735932691913E-03  1.95996823409091796E+01
5.13893894387588458E-03  1.96218937417187860E+01
5.14502052842485003E-03  1.96441051425283923E+01
5.15110211297381548E-03  1.96663165433379987E+01
5.15718369752278093E-03  1.96885279441476051E+01
5.16326528207174638E-03  1.97107393449572079E+01
5.16934686662071183E-03  1.97329507457668143E+01
5.17542845116967729E-03  1.97551621465764207E+01
5.18151003571864360E-03  1.97773735473860306E+01
5.18759162026760905E-03  1.97995849481956370E+01
5.19367320481657450E-03  1.98217963490052433E+01
5.19975478936553995E-03  1.98440077498148462E+01
5.20583637391450540E-03  1.98662191506244525E+01
5.21191795846347086E-03  1.98884305514340589E+01
5.21799954301243631E-03  1.99106419522436653E+01
5.22408112756140176E-03  1.99328533530532717E+01
5.23016271211036721E-03  1.99550647538628780E+01
5.23624429665933266E-03  1.99772761546724844E+01
5.24232588120829898E-03  1.99994875554820908E+01
5.24840746575726443E-03  2.00216989562916972E+01
5.25448905030622988E-03  2.00439103571013035E+01
5.26057063485519533E-03  2.00661217579109099E+01
5.26665221940416078E-03  2.00883331587205163E+01
5.27273380395312623E-03  2.01105445595301227E+01
5.27881538850209168E-03  2.01327559603397255E+01
5.28489697305105713E-03  2.01549673611493319E+01
5.29097855760002258E-03  2.01771787619589382E+01
5.29706014214898890E-03  2.01993901627685482E+01
5.30314172669795435E-03  2.02216015635781545E+01
5.30922331124691980E-03  2.02438129643877609E+01
5.31530489579588525E-03  2.02660243651973637E+01
5.32138648034485070E-03  2.02882357660069701E+01
5.32746806489381615E-03  2.03104471668165765E+01
5.33354964944278160E-03  2.03326585676261828E+01
5.33963123399174705E-03  2.03548699684357892E+01
5.34571281854071250E-03  2.03770813692453956E+01
5.35179440308967882E-03  2.03992927700550020E+01
5.35787598763864427E-03  2.04215041708646083E+01
5.36395757218760972E-03  2.04437155716742147E+01
5.37003915673657517E-03  2.04659269724838211E+01
5.37612074128554062E-03  2.04881383732934275E+01
5.38220232583450607E-03  2.05103497741030338E+01
5.38828391038347152E-03  2.05325611749126402E+01
5.39436549493243697E-03  2.05547725757222430E+01
5.40044707948140242E-03  2.05769839765318494E+01
5.40652866403036787E-03  2.05991953773414558E+01
5.41261024857933419E-03  2.06214067781510657E+01
5.41869183312829964E-03  2.06436181789606721E+01
5.42477341767726509E-03  2.06658295797702785E+01
5.43085500222623054E-03  2.06880409805798813E+01
5.43693658677519599E-03  2.07102523813894877E+01
5.44301817132416144E-03  2.07324637821990940E+01
5.44909975587312689E-03  2.07546751830087004E+01
5.45518134042209234E-03  2.07768865838183068E+01
5.46126292497105779E-03  2.07990979846279131E+01
5.46734450952002411E-03  2.08213093854375195E+01
5.47342609406898956E-03  2.08435207862471259E+01
5.47950767861795501E-03  2.08657321870567323E+01
5.48558926316692046E-03  2.08879435878663386E+01
5.49167084771588591E-03  2.09101549886759450E+01
5.49775243226485136E-03  2.09323663894855514E+01
5.50383401681381682E-03  2.09545777902951578E+01
5.50991560136278227E-03  2.09767891911047606E+01
5.51599718591174772E-03  2.09990005919143670E+01
5.52207877046071403E-03  2.10212119927239769E+01
5.52816035500967948E-03  2.10434233935335833E+01
5.53424193955864493E-03  2.10656347943431896E+01
5.54032352410761039E-03  2.10878461951527960E+01
5.54640510865657584E-03  2.11100575959623988E+01
5.55248669320554129E-03  2.11322689967720052E+01
5.55856827775450674E-03  2.11544803975816116E+01
5.56464986230347219E-03  2.11766917983912180E+01
5.57073144685243764E-03  2.11989031992008243E+01
5.57681303140140396E-03  2.12211146000104343E+01
5.58289461595036941E-03  2.12433260008200406E+01
5.58897620049933486E-03  2.12655374016296435E+01
5.59505778504830031E-03  2.12877488024392498E+01
5.60113936959726576E-03  2.13099602032488562E+01
5.60722095414623121E-03  2.13321716040584626E+01
5.61330253869519666E-03  2.13543830048680690E+01
5.61938412324416211E-03  2.13765944056776753E+01
5.62546570779312756E-03  2.13988058064872781E+01
5.63154729234209301E-03  2.14210172072968845E+01
5.63762887689105933E-03  2.14432286081064944E+01
5.64371046144002478E-03  2.14654400089161008E+01
5.64979204598899023E-03  2.14876514097257072E+01
5.65587363053795568E-03  2.15098628105353136E+01
5.66195521508692113E-03  2.15320742113449164E+01
5.66803679963588658E-03  2.15542856121545228E+01
5.67411838418485203E-03  2.15764970129641291E+01
5.68019996873381748E-03  2.15987084137737355E+01
5.68628155328278293E-03  2.16209198145833419E+01
5.69236313783174925E-03  2.16431312153929518E+01
5.69844472238071470E-03  2.16653426162025582E+01
5.70452630692968015E-03  2.16875540170121610E+01
5.71060789147864560E-03  2.17097654178217674E+01
5.71668947602761105E-03  2.17319768186313738E+01
5.72277106057657650E-03  2.17541882194409801E+01
5.72885264512554195E-03  2.17763996202505865E+01
5.73493422967450740E-03  2.17986110210601929E+01
5.74101581422347285E-03  2.18208224218697957E+01
5.74709739877243917E-03  2.18430338226794056E+01
5.75317898332140462E-03  2.18652452234890120E+01
5.75926056787037007E-03  2.18874566242986184E+01
5.76534215241933552E-03  2.19096680251082248E+01
5.77142373696830097E-03  2.19318794259178311E+01
5.77750532151726642E-03  2.19540908267274375E+01
5.78358690606623187E-03  2.19763022275370403E+01
5.78966849061519732E-03  2.19985136283466467E+01
5.79575007516416277E-03  2.20207250291562531E+01
5.80183165971312823E-03  2.20429364299658594E+01
5.80791324426209454E-03  2.20651478307754694E+01
5.81399482881105999E-03  2.20873592315850757E+01
5.82007641336002544E-03  2.21095706323946786E+01
5.82615799790899089E-03  2.21317820332042849E+01
5.83223958245795635E-03  2.21539934340138913E+01
5.83832116700692180E-03  2.21762048348234977E+01
5.84440275155588725E-03  2.21984162356331041E+01
5.85048433610485270E-03  2.22206276364427104E+01
5.85656592065381815E-03  2.22428390372523168E+01
5.86264750520278446E-03  2.22650504380619232E+01
5.86872908975174992E-03  2.22872618388715296E+01
5.87481067430071537E-03  2.23094732396811359E+01
5.88089225884968082E-03  2.23316846404907423E+01
5.88697384339864627E-03  2.23538960413003487E+01
5.89305542794761172E-03  2.23761074421099551E+01
5.89913701249657717E-03  2.23983188429195579E+01
5.90521859704554262E-03  2.24205302437291643E+01
5.91130018159450807E-03  2.24427416445387706E+01
5.91738176614347439E-03  2.24649530453483806E+01
5.92346335069243984E-03  2.24871644461579869E+01
5.92954493524140529E-03  2.25093758469675933E+01
5.93562651979037074E-03  2.25315872477771961E+01
5.94170810433933619E-03  2.25537986485868025E+01
5.94778968888830164E-03  2.25760100493964089E+01
5.95387127343726709E-03  2.25982214502060152E+01
5.95995285798623254E-03  2.26204328510156216E+01
5.96603444253519799E-03  2.26426442518252280E+01
5.97211602708416344E-03  2.26648556526348344E+01
5.97819761163312976E-03  2.26870670534444407E+01
5.98427919618209521E-03  2.27092784542540471E+01
5.99036078073106066E-03  2.27314898550636535E+01
5.99644236528002611E-03  2.27537012558732599E+01
6.00252394982899156E-03  2.27759126566828662E+01
6.00860553437795701E-03  2.27981240574924726E+01
6.01468711892692246E-03  2.28203354583020754E+01
6.02076870347588791E-03  2.28425468591116818E+01
6.02685028802485336E-03  2.28647582599212882E+01
6.03293187257381968E-03  2.28869696607308981E+01
6.03901345712278513E-03  2.29091810615405045E+01
6.04509504167175058E-03  2.29313924623501109E+01
6.05117662622071603E-03  2.29536038631597137E+01
6.05725821076968148E-03  2.29758152639693201E+01
6.06333979531864693E-03  2.29980266647789264E+01
6.06942137986761238E-03  2.30202380655885328E+01
6.07550296441657783E-03  2.30424494663981392E+01
