0.00000000000000000E+00  0.00000000000000000E+00
6.39262031607792873E-06  1.81516143699180565E-01
1.27852406321558575E-05  3.63032287398361131E-01
1.91778609482337862E-05  5.44548431097541696E-01
2.55704812643117149E-05  7.26064574796722262E-01
3.19631015803896403E-05  9.07580718495902716E-01
3.83557218964675724E-05  1.08909686219508339E+00
4.47483422125455045E-05  1.27061300589426396E+00
5.11409625286234298E-05  1.45212914959344452E+00
5.75335828447013552E-05  1.63364529329262487E+00
6.39262031607792805E-05  1.81516143699180543E+00
7.03188234768572194E-05  1.99667758069098622E+00
7.67114437929351448E-05  2.01689916418898951E+00
8.31040641090130701E-05  2.03312492895559949E+00
8.94966844250910090E-05  2.04935069372220946E+00
9.58893047411689344E-05  2.06557645848881943E+00
1.02281925057246860E-04  2.08180222325542941E+00
1.08674545373324785E-04  2.09802798802203938E+00
1.15067165689402710E-04  2.11425375278864935E+00
1.21459786005480649E-04  2.13047951755525933E+00
1.27852406321558561E-04  2.14670528232186930E+00
1.34245026637636500E-04  2.16293104708847927E+00
1.40637646953714439E-04  2.17915681185508925E+00
1.47030267269792351E-04  2.19538257662169922E+00
1.53422887585870290E-04  2.21160834138830875E+00
1.59815507901948228E-04  2.22783410615491917E+00
1.66208128218026140E-04  2.24405987092152870E+00
1.72600748534104079E-04  2.26028563568813867E+00
1.78993368850182018E-04  2.27651140045474865E+00
1.85385989166259930E-04  2.29273716522135862E+00
1.91778609482337869E-04  2.30896292998796859E+00
1.98171229798415780E-04  2.32518869475457857E+00
2.04563850114493719E-04  2.34141445952118854E+00
2.10956470430571658E-04  2.35764022428779851E+00
2.17349090746649570E-04  2.37386598905440849E+00
2.23741711062727509E-04  2.39009175382101846E+00
2.30134331378805421E-04  2.40631751858762843E+00
2.36526951694883360E-04  2.42254328335423841E+00
2.42919572010961299E-04  2.43876904812084838E+00
2.49312192327039237E-04  2.45499481288745836E+00
2.55704812643117122E-04  2.47122057765406788E+00
2.62097432959195061E-04  2.48744634242067786E+00
2.68490053275273000E-04  2.50367210718728783E+00
2.74882673591350939E-04  2.51989787195389781E+00
2.81275293907428878E-04  2.53612363672050778E+00
2.87667914223506817E-04  2.55234940148711775E+00
2.94060534539584701E-04  2.56857516625372773E+00
3.00453154855662640E-04  2.58480093102033770E+00
3.06845775171740579E-04  2.60102669578694767E+00
3.13238395487818518E-04  2.61725246055355765E+00
3.19631015803896457E-04  2.63347822532016762E+00
3.26023636119974342E-04  2.64970399008677759E+00
3.32416256436052280E-04  2.66592975485338757E+00
3.38808876752130219E-04  2.68215551961999754E+00
3.45201497068208158E-04  2.69838128438660751E+00
3.51594117384286097E-04  2.71460704915321749E+00
3.57986737700364036E-04  2.73083281391982746E+00
3.64379358016441921E-04  2.74705857868643699E+00
3.70771978332519860E-04  2.76328434345304697E+00
3.77164598648597799E-04  2.77951010821965694E+00
3.83557218964675737E-04  2.79573587298626691E+00
3.89949839280753676E-04  2.81196163775287689E+00
3.96342459596831561E-04  2.82818740251948686E+00
4.02735079912909500E-04  2.84441316728609683E+00
4.09127700228987439E-04  2.86063893205270681E+00
4.15520320545065378E-04  2.87686469681931678E+00
4.21912940861143317E-04  2.89309046158592675E+00
4.28305561177221201E-04  2.90931622635253628E+00
4.34698181493299140E-04  2.92554199111914670E+00
4.41090801809377079E-04  2.94176775588575623E+00
4.47483422125455018E-04  2.95799352065236665E+00
4.53876042441532957E-04  2.97421928541897618E+00
4.60268662757610842E-04  2.99044505018558660E+00
4.66661283073688780E-04  3.00667081495219612E+00
4.73053903389766719E-04  3.02289657971880654E+00
4.79446523705844658E-04  3.03912234448541607E+00
4.85839144021922597E-04  3.05534810925202649E+00
4.92231764338000536E-04  3.07157387401863602E+00
4.98624384654078475E-04  3.08779963878524644E+00
5.05017004970156414E-04  3.10402540355185597E+00
5.11409625286234244E-04  3.12025116831846550E+00
5.17802245602312183E-04  3.13647693308507591E+00
5.24194865918390122E-04  3.15270269785168544E+00
5.30587486234468061E-04  3.16892846261829586E+00
5.36980106550546000E-04  3.18515422738490539E+00
5.43372726866623939E-04  3.20137999215151581E+00
5.49765347182701878E-04  3.21760575691812534E+00
5.56157967498779817E-04  3.23383152168473575E+00
5.62550587814857755E-04  3.25005728645134528E+00
5.68943208130935694E-04  3.26628305121795570E+00
5.75335828447013633E-04  3.28250881598456523E+00
5.81728448763091464E-04  3.29873458075117520E+00
5.88121069079169403E-04  3.31496034551778518E+00
5.94513689395247341E-04  3.33118611028439515E+00
6.00906309711325280E-04  3.34741187505100513E+00
6.07298930027403219E-04  3.36363763981761510E+00
6.13691550343481158E-04  3.37986340458422507E+00
6.20084170659559097E-04  3.39608916935083505E+00
6.26476790975637036E-04  3.41231493411744502E+00
6.32869411291714975E-04  3.42854069888405499E+00
6.39262031607792914E-04  3.44476646365066497E+00
6.45654651923870853E-04  3.46099222841727494E+00
6.52047272239948683E-04  3.47721799318388491E+00
6.58439892556026622E-04  3.49344375795049444E+00
6.64832512872104561E-04  3.50966952271710486E+00
6.71225133188182500E-04  3.52589528748371439E+00
6.77617753504260439E-04  3.54212105225032481E+00
6.84010373820338378E-04  3.55834681701693434E+00
6.90402994136416316E-04  3.57457258178354476E+00
6.96795614452494255E-04  3.59079834655015429E+00
7.03188234768572194E-04  3.60702411131676470E+00
7.09580855084650133E-04  3.62324987608337423E+00
7.15973475400728072E-04  3.63947564084998465E+00
7.22366095716805903E-04  3.65570140561659418E+00
7.28758716032883841E-04  3.67192717038320371E+00
7.35151336348961780E-04  3.68815293514981413E+00
7.41543956665039719E-04  3.70437869991642366E+00
7.47936576981117658E-04  3.72060446468303407E+00
7.54329197297195597E-04  3.73683022944964360E+00
7.60721817613273536E-04  3.75305599421625402E+00
7.67114437929351475E-04  3.76928175898286355E+00
7.73507058245429414E-04  3.78550752374947397E+00
7.79899678561507353E-04  3.80173328851608350E+00
7.86292298877585183E-04  3.81795905328269347E+00
7.92684919193663122E-04  3.83418481804930344E+00
7.99077539509741061E-04  3.85041058281591342E+00
8.05470159825819000E-04  3.86663634758252339E+00
8.11862780141896939E-04  3.88286211234913337E+00
8.18255400457974878E-04  3.89908787711574334E+00
8.24648020774052816E-04  3.91531364188235331E+00
8.31040641090130755E-04  3.93153940664896329E+00
8.37433261406208694E-04  3.94776517141557326E+00
8.43825881722286633E-04  3.96399093618218323E+00
8.50218502038364572E-04  3.98021670094879321E+00
8.56611122354442403E-04  3.99644246571540274E+00
8.63003742670520341E-04  4.01266823048201271E+00
8.69396362986598280E-04  4.02889399524862313E+00
8.75788983302676219E-04  4.04511976001523266E+00
8.82181603618754158E-04  4.06134552478184219E+00
8.88574223934832097E-04  4.07757128954845260E+00
8.94966844250910036E-04  4.09723937386657600E+00
9.01359464566987975E-04  4.11927306201629939E+00
9.07752084883065914E-04  4.14130675016602368E+00
9.14144705199143853E-04  4.16334043831574707E+00
9.20537325515221683E-04  4.18537412646547047E+00
9.26929945831299622E-04  4.20740781461519475E+00
9.33322566147377561E-04  4.22944150276491815E+00
9.39715186463455500E-04  4.25147519091464154E+00
9.46107806779533439E-04  4.27350887906436583E+00
9.52500427095611378E-04  4.29554256721408922E+00
9.58893047411689316E-04  4.31757625536381262E+00
9.65285667727767255E-04  4.33960994351353690E+00
9.71678288043845194E-04  4.36164363166326119E+00
9.78070908359923025E-04  4.38367731981298370E+00
9.84463528676001072E-04  4.40571100796270798E+00
9.90856148992078902E-04  4.42774469611243227E+00
9.97248769308156950E-04  4.44977838426215566E+00
1.00364138962423478E-03  4.47181207241187906E+00
1.01003400994031283E-03  4.49384576056160334E+00
1.01642663025639066E-03  4.51587944871132674E+00
1.02281925057246849E-03  4.53791313686105013E+00
1.02921187088854654E-03  4.55994682501077442E+00
1.03560449120462437E-03  4.58198051316049781E+00
1.04199711152070241E-03  4.60401420131022121E+00
1.04838973183678024E-03  4.62604788945994549E+00
1.05478235215285829E-03  4.64808157760966978E+00
1.06117497246893612E-03  4.67011526575939229E+00
1.06756759278501417E-03  4.69214895390911657E+00
1.07396021310109200E-03  4.71418264205884086E+00
1.08035283341717005E-03  4.73621633020856425E+00
1.08674545373324788E-03  4.75825001835828765E+00
1.09313807404932571E-03  4.78028370650801104E+00
1.09953069436540376E-03  4.80231739465773533E+00
1.10592331468148159E-03  4.82435108280745872E+00
1.11231593499755963E-03  4.84638477095718301E+00
1.11870855531363746E-03  4.86841845910690640E+00
1.12510117562971551E-03  4.89045214725662980E+00
1.13149379594579334E-03  4.91248583540635408E+00
1.13788641626187139E-03  4.93451952355607837E+00
1.14427903657794922E-03  4.95655321170580088E+00
1.15067165689402727E-03  4.97858689985552516E+00
1.15706427721010510E-03  5.00062058800524945E+00
1.16345689752618293E-03  5.02265427615497195E+00
1.16984951784226097E-03  5.04468796430469624E+00
1.17624213815833881E-03  5.06672165245441963E+00
1.18263475847441685E-03  5.08875534060414392E+00
1.18902737879049468E-03  5.11078902875386731E+00
1.19541999910657273E-03  5.13282271690359160E+00
1.20181261942265056E-03  5.15485640505331499E+00
1.20820523973872861E-03  5.17689009320303928E+00
1.21459786005480644E-03  5.19892378135276267E+00
1.22099048037088449E-03  5.22095746950248607E+00
1.22738310068696232E-03  5.24299115765220947E+00
1.23377572100304015E-03  5.26502484580193286E+00
1.24016834131911819E-03  5.28705853395165715E+00
1.24656096163519602E-03  5.30909222210138054E+00
1.25295358195127407E-03  5.33112591025110483E+00
1.25934620226735190E-03  5.35315959840082822E+00
1.26573882258342995E-03  5.37519328655055251E+00
1.27213144289950778E-03  5.39722697470027590E+00
1.27852406321558583E-03  5.41926066285000019E+00
1.28491668353166366E-03  5.44129435099972358E+00
1.29130930384774171E-03  5.46332803914944787E+00
1.29770192416381954E-03  5.48536172729917126E+00
1.30409454447989737E-03  5.50739541544889466E+00
1.31048716479597541E-03  5.52942910359861806E+00
1.31687978511205324E-03  5.55146279174834145E+00
1.32327240542813129E-03  5.57349647989806574E+00
1.32966502574420912E-03  5.59553016804778913E+00
1.33605764606028717E-03  5.61756385619751342E+00
1.34245026637636500E-03  5.63959754434723681E+00
1.34884288669244305E-03  5.66163123249696110E+00
1.35523550700852088E-03  5.68366492064668449E+00
1.36162812732459892E-03  5.70569860879640878E+00
1.36802074764067676E-03  5.72773229694613217E+00
1.37441336795675459E-03  5.74976598509585557E+00
1.38080598827283263E-03  5.77179967324557985E+00
1.38719860858891046E-03  5.79383336139530325E+00
1.39359122890498851E-03  5.81586704954502665E+00
1.39998384922106634E-03  5.83790073769475004E+00
1.40637646953714439E-03  5.85993442584447433E+00
1.41276908985322222E-03  5.88196811399419772E+00
1.41916171016930027E-03  5.90400180214392201E+00
1.42555433048537810E-03  5.92603549029364540E+00
1.43194695080145614E-03  5.94806917844336969E+00
1.43833957111753397E-03  5.97010286659309308E+00
1.44473219143361181E-03  5.99213655474281648E+00
1.45112481174968985E-03  6.01417024289254076E+00
1.45751743206576768E-03  6.03620393104226416E+00
1.46391005238184573E-03  6.05823761919198844E+00
1.47030267269792356E-03  6.08027130734171184E+00
1.47669529301400161E-03  6.10230499549143524E+00
1.48308791333007944E-03  6.12433868364115863E+00
1.48948053364615749E-03  6.14637237179088292E+00
1.49587315396223532E-03  6.16840605994060631E+00
1.50226577427831315E-03  6.19043974809032971E+00
1.50865839459439119E-03  6.21247343624005399E+00
1.51505101491046902E-03  6.23450712438977739E+00
1.52144363522654707E-03  6.25654081253950167E+00
1.52783625554262490E-03  6.27857450068922507E+00
1.53422887585870295E-03  6.30060818883894935E+00
1.54062149617478078E-03  6.32264187698867275E+00
1.54701411649085883E-03  6.34467556513839703E+00
1.55340673680693666E-03  6.36670925328812043E+00
1.55979935712301471E-03  6.38874294143784383E+00
1.56619197743909254E-03  6.41077662958756722E+00
1.57258459775517037E-03  6.43281031773729062E+00
1.57897721807124841E-03  6.45484400588701490E+00
1.58536983838732624E-03  6.47687769403673830E+00
1.59176245870340429E-03  6.49891138218646258E+00
1.59815507901948212E-03  6.52094507033618598E+00
1.60454769933556017E-03  6.54297875848591026E+00
1.61094031965163800E-03  6.56501244663563366E+00
1.61733293996771605E-03  6.58704613478535794E+00
1.62372556028379388E-03  6.60907982293508134E+00
1.63011818059987192E-03  6.63111351108480562E+00
1.63651080091594976E-03  6.65314719923452902E+00
1.64290342123202759E-03  6.67518088738425242E+00
1.64929604154810563E-03  6.69721457553397581E+00
1.65568866186418346E-03  6.71924826368369921E+00
1.66208128218026151E-03  6.74128195183342349E+00
1.66847390249633934E-03  6.76331563998314689E+00
1.67486652281241739E-03  6.78534932813287117E+00
1.68125914312849522E-03  6.80738301628259457E+00
1.68765176344457327E-03  6.82941670443231885E+00
1.69404438376065110E-03  6.85145039258204225E+00
1.70043700407672914E-03  6.87348408073176653E+00
1.70682962439280697E-03  6.89551776888148993E+00
1.71322224470888481E-03  6.91755145703121332E+00
1.71961486502496285E-03  6.93958514518093761E+00
1.72600748534104068E-03  6.96161883333066100E+00
1.73240010565711873E-03  6.98365252148038440E+00
1.73879272597319656E-03  7.00568620963010780E+00
1.74518534628927461E-03  7.02771989777983208E+00
1.75157796660535244E-03  7.04975358592955548E+00
1.75797058692143049E-03  7.07178727407927976E+00
1.76436320723750832E-03  7.09382096222900316E+00
1.77075582755358636E-03  7.11585465037872744E+00
1.77714844786966419E-03  7.13788833852845084E+00
1.78354106818574202E-03  7.15992202667817423E+00
1.78993368850182007E-03  7.18195571482789852E+00
1.79632630881789790E-03  7.20398940297762191E+00
1.80271892913397595E-03  7.22602309112734620E+00
1.80911154945005378E-03  7.24805677927706959E+00
1.81550416976613183E-03  7.27009046742679299E+00
1.82189679008220966E-03  7.29212415557651639E+00
1.82828941039828771E-03  7.31415784372624067E+00
1.83468203071436554E-03  7.33619153187596407E+00
1.84107465103044337E-03  7.35822522002568746E+00
1.84746727134652141E-03  7.38025890817541175E+00
1.85385989166259924E-03  7.40229259632513514E+00
1.86025251197867729E-03  7.42432628447485943E+00
1.86664513229475512E-03  7.44635997262458282E+00
1.87303775261083317E-03  7.46839366077430711E+00
1.87943037292691100E-03  7.49042734892403050E+00
1.88582299324298905E-03  7.51246103707375479E+00
1.89221561355906688E-03  7.53449472522347818E+00
1.89860823387514492E-03  7.55652841337320158E+00
1.90500085419122276E-03  7.57856210152292498E+00
1.91139347450730059E-03  7.60059578967264837E+00
1.91778609482337863E-03  7.62262947782237266E+00
1.92417871513945646E-03  7.64466316597209605E+00
1.93057133545553451E-03  7.66669685412182034E+00
1.93696395577161234E-03  7.68873054227154373E+00
1.94335657608769039E-03  7.71076423042126802E+00
1.94974919640376822E-03  7.73279791857099141E+00
1.95614181671984605E-03  7.75483160672071481E+00
1.96253443703592410E-03  7.77686529487043909E+00
1.96892705735200214E-03  7.79889898302016338E+00
1.97531967766808019E-03  7.82093267116988677E+00
1.98171229798415780E-03  7.84296635931961017E+00
1.98810491830023585E-03  7.86500004746933357E+00
1.99449753861631390E-03  7.88703373561905785E+00
2.00089015893239151E-03  7.90906742376878036E+00
2.00728277924846956E-03  7.93110111191850464E+00
2.01367539956454761E-03  7.95313480006822893E+00
2.02006801988062566E-03  7.97516848821795321E+00
2.02646064019670327E-03  7.99720217636767572E+00
2.03285326051278132E-03  8.01923586451740000E+00
2.03924588082885936E-03  8.04126955266712429E+00
2.04563850114493698E-03  8.06330324081684680E+00
2.05203112146101502E-03  8.08533692896657108E+00
2.05842374177709307E-03  8.10737061711629536E+00
2.06481636209317112E-03  8.12940430526601787E+00
2.07120898240924873E-03  8.15143799341574216E+00
2.07760160272532678E-03  8.17347168156546644E+00
2.08399422304140483E-03  8.19550536971518895E+00
2.09038684335748287E-03  8.21753905786491501E+00
2.09677946367356049E-03  8.23957274601463752E+00
2.10317208398963854E-03  8.26160643416436002E+00
2.10956470430571658E-03  8.28364012231408608E+00
2.11595732462179420E-03  8.30567381046380859E+00
2.12234994493787224E-03  8.32770749861353110E+00
2.12874256525395029E-03  8.34974118676325716E+00
2.13513518557002834E-03  8.37177487491297967E+00
2.14152780588610595E-03  8.39380856306270218E+00
2.14792042620218400E-03  8.41584225121242824E+00
2.15431304651826205E-03  8.43787593936215075E+00
2.16070566683434009E-03  8.45990962751187503E+00
2.16709828715041771E-03  8.48194331566159754E+00
2.17349090746649575E-03  8.50397700381132182E+00
2.17988352778257380E-03  8.52601069196104611E+00
2.18627614809865142E-03  8.54804438011076861E+00
2.19266876841472946E-03  8.57007806826049290E+00
2.19906138873080751E-03  8.59211175641021718E+00
2.20545400904688556E-03  8.61414544455994147E+00
2.21184662936296317E-03  8.63617913270966397E+00
2.21823924967904122E-03  8.65821282085938826E+00
2.22463186999511927E-03  8.68024650900911254E+00
2.23102449031119731E-03  8.70228019715883505E+00
2.23741711062727493E-03  8.72431388530855934E+00
2.24380973094335297E-03  8.74634757345828362E+00
2.25020235125943102E-03  8.76838126160800613E+00
2.25659497157550864E-03  8.79041494975772864E+00
2.26298759189158668E-03  8.81244863790745470E+00
2.26938021220766473E-03  8.83448232605717720E+00
2.27577283252374278E-03  8.85651601420690326E+00
2.28216545283982039E-03  8.87854970235662577E+00
2.28855807315589844E-03  8.90058339050634828E+00
2.29495069347197649E-03  8.92261707865607434E+00
2.30134331378805453E-03  8.94465076680579685E+00
2.30773593410413215E-03  8.96668445495551936E+00
2.31412855442021019E-03  8.98871814310524542E+00
2.32052117473628824E-03  9.01075183125496793E+00
2.32691379505236585E-03  9.03278551940469043E+00
2.33330641536844390E-03  9.05481920755441472E+00
2.33969903568452195E-03  9.07685289570413900E+00
2.34609165600060000E-03  9.09888658385386329E+00
2.35248427631667761E-03  9.12092027200358579E+00
2.35887689663275566E-03  9.14295396015331008E+00
2.36526951694883371E-03  9.16498764830303436E+00
2.37166213726491175E-03  9.18702133645275865E+00
2.37805475758098937E-03  9.20905502460248115E+00
2.38444737789706741E-03  9.23108871275220544E+00
2.39083999821314546E-03  9.25312240090192972E+00
2.39723261852922307E-03  9.27515608905165223E+00
2.40362523884530112E-03  9.29718977720137651E+00
2.41001785916137917E-03  9.31922346535110080E+00
2.41641047947745722E-03  9.34125715350082508E+00
2.42280309979353483E-03  9.36329084165054759E+00
2.42919572010961288E-03  9.38532452980027188E+00
2.43558834042569092E-03  9.40735821794999616E+00
2.44198096074176897E-03  9.42939190609971867E+00
2.44837358105784659E-03  9.45142559424944295E+00
2.45476620137392463E-03  9.47345928239916546E+00
2.46115882169000268E-03  9.49549297054888974E+00
2.46755144200608029E-03  9.51752665869861225E+00
2.47394406232215834E-03  9.53956034684833654E+00
2.48033668263823639E-03  9.56159403499806082E+00
2.48672930295431444E-03  9.58362772314778510E+00
2.49312192327039205E-03  9.60566141129750761E+00
2.49951454358647010E-03  9.62769509944723190E+00
2.50590716390254814E-03  9.64972878759695618E+00
2.51229978421862619E-03  9.67176247574668047E+00
2.51869240453470380E-03  9.69379616389640297E+00
2.52508502485078185E-03  9.71582985204612726E+00
2.53147764516685990E-03  9.73786354019585154E+00
2.53787026548293751E-03  9.75989722834557405E+00
2.54426288579901556E-03  9.78193091649529833E+00
2.55065550611509361E-03  9.80396460464502262E+00
2.55704812643117166E-03  9.82599829279474690E+00
2.56344074674724927E-03  9.84803198094446941E+00
2.56983336706332732E-03  9.87006566909419369E+00
2.57622598737940536E-03  9.89209935724391798E+00
2.58261860769548341E-03  9.91413304539364226E+00
2.58901122801156102E-03  9.93616673354336477E+00
2.59540384832763907E-03  9.95820042169308905E+00
2.60179646864371712E-03  9.98023410984281334E+00
2.60818908895979473E-03  1.00022677979925358E+01
2.61458170927587278E-03  1.00243014861422601E+01
2.62097432959195083E-03  1.00463351742919826E+01
2.62736694990802887E-03  1.00683688624417069E+01
2.63375957022410649E-03  1.00904025505914294E+01
2.64015219054018454E-03  1.01124362387411537E+01
2.64654481085626258E-03  1.01344699268908780E+01
2.65293743117234063E-03  1.01565036150406023E+01
2.65933005148841824E-03  1.01785373031903248E+01
2.66572267180449629E-03  1.02005709913400491E+01
2.67211529212057434E-03  1.02226046794897734E+01
2.67850791243665195E-03  1.02446383676394959E+01
2.68490053275273000E-03  1.02666720557892202E+01
2.69129315306880805E-03  1.02887057439389444E+01
2.69768577338488609E-03  1.03107394320886687E+01
2.70407839370096371E-03  1.03327731202383912E+01
2.71047101401704175E-03  1.03548068083881155E+01
2.71686363433311980E-03  1.03768404965378398E+01
2.72325625464919785E-03  1.03988741846875641E+01
2.72964887496527546E-03  1.04209078728372866E+01
2.73604149528135351E-03  1.04429415609870109E+01
2.74243411559743156E-03  1.04649752491367352E+01
2.74882673591350917E-03  1.04870089372864577E+01
2.75521935622958722E-03  1.05090426254361820E+01
2.76161197654566527E-03  1.05310763135859062E+01
2.76800459686174331E-03  1.05531100017356305E+01
2.77439721717782093E-03  1.05751436898853530E+01
2.78078983749389897E-03  1.05971773780350773E+01
2.78718245780997702E-03  1.06192110661847998E+01
2.79357507812605507E-03  1.06412447543345241E+01
2.79996769844213268E-03  1.06632784424842466E+01
2.80636031875821073E-03  1.06853121306339709E+01
2.81275293907428878E-03  1.07073458187836952E+01
2.81914555939036639E-03  1.07293795069334177E+01
2.82553817970644444E-03  1.07514131950831420E+01
2.83193080002252249E-03  1.07734468832328663E+01
2.83832342033860053E-03  1.07954805713825905E+01
2.84471604065467815E-03  1.08175142595323130E+01
2.85110866097075619E-03  1.08395479476820373E+01
2.85750128128683424E-03  1.08615816358317616E+01
2.86389390160291229E-03  1.08836153239814859E+01
2.87028652191898990E-03  1.09056490121312084E+01
2.87667914223506795E-03  1.09276827002809327E+01
2.88307176255114600E-03  1.09497163884306570E+01
2.88946438286722361E-03  1.09717500765803795E+01
2.89585700318330166E-03  1.09937837647301038E+01
2.90224962349937970E-03  1.10158174528798281E+01
2.90864224381545775E-03  1.10378511410295523E+01
2.91503486413153537E-03  1.10598848291792748E+01
2.92142748444761341E-03  1.10819185173289991E+01
2.92782010476369146E-03  1.11039522054787234E+01
2.93421272507976907E-03  1.11259858936284459E+01
2.94060534539584712E-03  1.11480195817781702E+01
2.94699796571192517E-03  1.11700532699278945E+01
2.95339058602800322E-03  1.11920869580776170E+01
2.95978320634408083E-03  1.12141206462273413E+01
2.96617582666015888E-03  1.12361543343770638E+01
2.97256844697623692E-03  1.12581880225267881E+01
2.97896106729231497E-03  1.12802217106765124E+01
2.98535368760839259E-03  1.13022553988262349E+01
2.99174630792447063E-03  1.13242890869759592E+01
2.99813892824054868E-03  1.13463227751256834E+01
3.00453154855662629E-03  1.13683564632754059E+01
3.01092416887270434E-03  1.13903901514251302E+01
3.01731678918878239E-03  1.14124238395748545E+01
3.02370940950486044E-03  1.14344575277245788E+01
3.03010202982093805E-03  1.14564912158743013E+01
3.03649465013701610E-03  1.14785249040240256E+01
3.04288727045309414E-03  1.15005585921737499E+01
3.04927989076917219E-03  1.15225922803234742E+01
3.05567251108524980E-03  1.15446259684731967E+01
3.06206513140132785E-03  1.15666596566229209E+01
3.06845775171740590E-03  1.15886933447726452E+01
3.07485037203348351E-03  1.16107270329223677E+01
3.08124299234956156E-03  1.16327607210720920E+01
3.08763561266563961E-03  1.16547944092218163E+01
3.09402823298171765E-03  1.16768280973715406E+01
3.10042085329779527E-03  1.16988617855212631E+01
3.10681347361387332E-03  1.17208954736709874E+01
3.11320609392995136E-03  1.17429291618207117E+01
3.11959871424602941E-03  1.17649628499704342E+01
3.12599133456210702E-03  1.17869965381201567E+01
3.13238395487818507E-03  1.18090302262698810E+01
3.13877657519426312E-03  1.18310639144196053E+01
3.14516919551034073E-03  1.18530976025693278E+01
3.15156181582641878E-03  1.18751312907190520E+01
3.15795443614249683E-03  1.18971649788687763E+01
3.16434705645857487E-03  1.19191986670185006E+01
3.17073967677465249E-03  1.19412323551682231E+01
3.17713229709073054E-03  1.19632660433179474E+01
3.18352491740680858E-03  1.19852997314676717E+01
3.18991753772288663E-03  1.20073334196173960E+01
3.19631015803896424E-03  1.20293671077671185E+01
3.20270277835504229E-03  1.20514007959168428E+01
3.20909539867112034E-03  1.20734344840665671E+01
3.21548801898719795E-03  1.20954681722162896E+01
3.22188063930327600E-03  1.21175018603660138E+01
3.22827325961935405E-03  1.21395355485157381E+01
3.23466587993543209E-03  1.21615692366654624E+01
3.24105850025150971E-03  1.21836029248151849E+01
3.24745112056758775E-03  1.22056366129649092E+01
3.25384374088366580E-03  1.22276703011146335E+01
3.26023636119974385E-03  1.22497039892643578E+01
3.26662898151582146E-03  1.22717376774140803E+01
3.27302160183189951E-03  1.22937713655638046E+01
3.27941422214797756E-03  1.23158050537135288E+01
3.28580684246405517E-03  1.23378387418632514E+01
3.29219946278013322E-03  1.23598724300129739E+01
3.29859208309621127E-03  1.23819061181626981E+01
3.30498470341228931E-03  1.24039398063124224E+01
3.31137732372836693E-03  1.24259734944621449E+01
3.31776994404444497E-03  1.24480071826118692E+01
3.32416256436052302E-03  1.24700408707615935E+01
3.33055518467660107E-03  1.24920745589113178E+01
3.33694780499267868E-03  1.25141082470610403E+01
3.34334042530875673E-03  1.25361419352107646E+01
3.34973304562483478E-03  1.25581756233604889E+01
3.35612566594091239E-03  1.25802093115102114E+01
3.36251828625699044E-03  1.26022429996599357E+01
3.36891090657306849E-03  1.26242766878096599E+01
3.37530352688914653E-03  1.26463103759593842E+01
3.38169614720522415E-03  1.26683440641091067E+01
3.38808876752130219E-03  1.26903777522588310E+01
3.39448138783738024E-03  1.27124114404085553E+01
3.40087400815345829E-03  1.27344451285582796E+01
3.40726662846953590E-03  1.27564788167080021E+01
3.41365924878561395E-03  1.27785125048577264E+01
3.42005186910169200E-03  1.28005461930074507E+01
3.42644448941776961E-03  1.28225798811571732E+01
3.43283710973384766E-03  1.28446135693068975E+01
3.43922973004992570E-03  1.28666472574566217E+01
3.44562235036600375E-03  1.28886809456063443E+01
3.45201497068208137E-03  1.29107146337560685E+01
3.45840759099815941E-03  1.29327483219057910E+01
3.46480021131423746E-03  1.29547820100555153E+01
3.47119283163031551E-03  1.29768156982052396E+01
3.47758545194639312E-03  1.29988493863549621E+01
3.48397807226247117E-03  1.30208830745046864E+01
3.49037069257854922E-03  1.30429167626544107E+01
3.49676331289462683E-03  1.30649504508041332E+01
3.50315593321070488E-03  1.30869841389538575E+01
3.50954855352678292E-03  1.31090178271035818E+01
3.51594117384286097E-03  1.31310515152533061E+01
3.52233379415893859E-03  1.31530852034030286E+01
3.52872641447501663E-03  1.31751188915527528E+01
3.53511903479109468E-03  1.31971525797024771E+01
3.54151165510717273E-03  1.32191862678522014E+01
3.54790427542325034E-03  1.32412199560019239E+01
3.55429689573932839E-03  1.32632536441516482E+01
3.56068951605540644E-03  1.32852873323013725E+01
3.56708213637148405E-03  1.33073210204510950E+01
3.57347475668756210E-03  1.33293547086008193E+01
3.57986737700364014E-03  1.33513883967505436E+01
3.58625999731971819E-03  1.33734220849002678E+01
3.59265261763579580E-03  1.33954557730499904E+01
3.59904523795187385E-03  1.34174894611997146E+01
3.60543785826795190E-03  1.34395231493494389E+01
3.61183047858402995E-03  1.34615568374991614E+01
3.61822309890010756E-03  1.34835905256488857E+01
3.62461571921618561E-03  1.35056242137986082E+01
3.63100833953226365E-03  1.35276579019483325E+01
3.63740095984834127E-03  1.35496915900980550E+01
3.64379358016441932E-03  1.35717252782477793E+01
3.65018620048049736E-03  1.35937589663975036E+01
3.65657882079657541E-03  1.36157926545472279E+01
3.66297144111265302E-03  1.36378263426969504E+01
3.66936406142873107E-03  1.36598600308466747E+01
3.67575668174480912E-03  1.36818937189963989E+01
3.68214930206088673E-03  1.37039274071461215E+01
3.68854192237696478E-03  1.37259610952958457E+01
3.69493454269304283E-03  1.37479947834455700E+01
3.70132716300912087E-03  1.37700284715952943E+01
3.70771978332519849E-03  1.37920621597450168E+01
3.71411240364127654E-03  1.38140958478947411E+01
3.72050502395735458E-03  1.38361295360444654E+01
3.72689764427343263E-03  1.38581632241941897E+01
3.73329026458951024E-03  1.38801969123439122E+01
3.73968288490558829E-03  1.39022306004936365E+01
3.74607550522166634E-03  1.39242642886433607E+01
3.75246812553774395E-03  1.39462979767930833E+01
3.75886074585382200E-03  1.39683316649428075E+01
3.76525336616990005E-03  1.39903653530925318E+01
3.77164598648597809E-03  1.40123990412422561E+01
3.77803860680205571E-03  1.40344327293919786E+01
3.78443122711813375E-03  1.40564664175417029E+01
3.79082384743421180E-03  1.40785001056914254E+01
3.79721646775028985E-03  1.41005337938411497E+01
3.80360908806636746E-03  1.41225674819908722E+01
3.81000170838244551E-03  1.41446011701405965E+01
3.81639432869852356E-03  1.41666348582903208E+01
3.82278694901460117E-03  1.41886685464400433E+01
3.82917956933067922E-03  1.42107022345897676E+01
3.83557218964675727E-03  1.42327359227394918E+01
3.84196480996283531E-03  1.42547696108892161E+01
3.84835743027891293E-03  1.42768032990389386E+01
3.85475005059499097E-03  1.42988369871886629E+01
3.86114267091106902E-03  1.43208706753383872E+01
3.86753529122714707E-03  1.43429043634881115E+01
3.87392791154322468E-03  1.43649380516378340E+01
3.88032053185930273E-03  1.43869717397875583E+01
3.88671315217538078E-03  1.44090054279372826E+01
3.89310577249145839E-03  1.44310391160870051E+01
3.89949839280753644E-03  1.44530728042367294E+01
3.90589101312361449E-03  1.44751064923864536E+01
3.91228363343969210E-03  1.44971401805361761E+01
3.91867625375577015E-03  1.45191738686859004E+01
3.92506887407184819E-03  1.45412075568356247E+01
3.93146149438792624E-03  1.45632412449853490E+01
3.93785411470400429E-03  1.45852749331350733E+01
3.94424673502008234E-03  1.46073086212847958E+01
3.95063935533616038E-03  1.46293423094345201E+01
3.95703197565223756E-03  1.46513759975842426E+01
3.96342459596831561E-03  1.46734096857339669E+01
3.96981721628439366E-03  1.46954433738836894E+01
3.97620983660047170E-03  1.47174770620334137E+01
3.98260245691654975E-03  1.47395107501831379E+01
3.98899507723262780E-03  1.47615444383328622E+01
3.99538769754870585E-03  1.47835781264825865E+01
4.00178031786478303E-03  1.48056118146323072E+01
4.00817293818086107E-03  1.48276455027820315E+01
4.01456555849693912E-03  1.48496791909317558E+01
4.02095817881301717E-03  1.48717128790814801E+01
4.02735079912909522E-03  1.48937465672312044E+01
4.03374341944517326E-03  1.49157802553809287E+01
4.04013603976125131E-03  1.49378139435306529E+01
4.04652866007732849E-03  1.49598476316803737E+01
4.05292128039340654E-03  1.49818813198300980E+01
4.05931390070948458E-03  1.50039150079798222E+01
4.06570652102556263E-03  1.50259486961295465E+01
4.07209914134164068E-03  1.50479823842792708E+01
4.07849176165771873E-03  1.50700160724289951E+01
4.08488438197379677E-03  1.50920497605787194E+01
4.09127700228987395E-03  1.51140834487284401E+01
4.09766962260595200E-03  1.51361171368781644E+01
4.10406224292203005E-03  1.51581508250278887E+01
4.11045486323810810E-03  1.51801845131776130E+01
4.11684748355418614E-03  1.52022182013273373E+01
4.12324010387026419E-03  1.52242518894770598E+01
4.12963272418634224E-03  1.52462855776267840E+01
4.13602534450242029E-03  1.52683192657765083E+01
4.14241796481849747E-03  1.52903529539262308E+01
4.14881058513457551E-03  1.53123866420759533E+01
4.15520320545065356E-03  1.53344203302256776E+01
4.16159582576673161E-03  1.53564540183754019E+01
4.16798844608280965E-03  1.53784877065251262E+01
4.17438106639888770E-03  1.54005213946748505E+01
4.18077368671496575E-03  1.54225550828245748E+01
4.18716630703104293E-03  1.54445887709742955E+01
4.19355892734712098E-03  1.54666224591240198E+01
4.19995154766319902E-03  1.54886561472737441E+01
4.20634416797927707E-03  1.55106898354234684E+01
4.21273678829535512E-03  1.55327235235731926E+01
4.21912940861143317E-03  1.55547572117229169E+01
4.22552202892751121E-03  1.55767908998726412E+01
4.23191464924358839E-03  1.55988245880223619E+01
4.23830726955966644E-03  1.56208582761720862E+01
4.24469988987574449E-03  1.56428919643218105E+01
4.25109251019182253E-03  1.56649256524715348E+01
4.25748513050790058E-03  1.56869593406212591E+01
4.26387775082397863E-03  1.57089930287709834E+01
4.27027037114005668E-03  1.57310267169207076E+01
4.27666299145613472E-03  1.57530604050704301E+01
4.28305561177221190E-03  1.57750940932201527E+01
4.28944823208828995E-03  1.57971277813698769E+01
4.29584085240436800E-03  1.58191614695196012E+01
4.30223347272044605E-03  1.58411951576693237E+01
4.30862609303652409E-03  1.58632288458190480E+01
4.31501871335260214E-03  1.58852625339687723E+01
4.32141133366868019E-03  1.59072962221184966E+01
4.32780395398475737E-03  1.59293299102682173E+01
4.33419657430083542E-03  1.59513635984179416E+01
4.34058919461691346E-03  1.59733972865676659E+01
4.34698181493299151E-03  1.59954309747173902E+01
4.35337443524906956E-03  1.60174646628671127E+01
4.35976705556514760E-03  1.60394983510168387E+01
4.36615967588122565E-03  1.60615320391665648E+01
4.37255229619730283E-03  1.60835657273162838E+01
4.37894491651338088E-03  1.61055994154660098E+01
4.38533753682945893E-03  1.61276331036157323E+01
4.39173015714553697E-03  1.61496667917654548E+01
4.39812277746161502E-03  1.61717004799151809E+01
4.40451539777769307E-03  1.61937341680649070E+01
4.41090801809377112E-03  1.62157678562146295E+01
4.41730063840984916E-03  1.62378015443643520E+01
4.42369325872592634E-03  1.62598352325140745E+01
4.43008587904200439E-03  1.62818689206637970E+01
4.43647849935808244E-03  1.63039026088135230E+01
4.44287111967416048E-03  1.63259362969632491E+01
4.44926373999023853E-03  1.63479699851129716E+01
4.45565636030631658E-03  1.63700036732626941E+01
4.46204898062239463E-03  1.63920373614124202E+01
4.46844160093847181E-03  1.64140710495621391E+01
4.47483422125454985E-03  1.64361047377118652E+01
4.48122684157062790E-03  1.64581384258615877E+01
4.48761946188670595E-03  1.64801721140113102E+01
4.49401208220278400E-03  1.65022058021610363E+01
4.50040470251886204E-03  1.65242394903107623E+01
4.50679732283494009E-03  1.65462731784604848E+01
4.51318994315101727E-03  1.65683068666102074E+01
4.51958256346709532E-03  1.65903405547599299E+01
4.52597518378317337E-03  1.66123742429096524E+01
4.53236780409925141E-03  1.66344079310593784E+01
4.53876042441532946E-03  1.66564416192091045E+01
4.54515304473140751E-03  1.66784753073588270E+01
4.55154566504748555E-03  1.67005089955085495E+01
4.55793828536356360E-03  1.67225426836582756E+01
4.56433090567964078E-03  1.67445763718079945E+01
4.57072352599571883E-03  1.67666100599577206E+01
4.57711614631179688E-03  1.67886437481074466E+01
4.58350876662787492E-03  1.68106774362571691E+01
4.58990138694395297E-03  1.68327111244068917E+01
4.59629400726003102E-03  1.68547448125566177E+01
4.60268662757610907E-03  1.68767785007063438E+01
4.60907924789218625E-03  1.68988121888560627E+01
4.61547186820826429E-03  1.69208458770057888E+01
4.62186448852434234E-03  1.69428795651555113E+01
4.62825710884042039E-03  1.69649132533052338E+01
4.63464972915649843E-03  1.69869469414549599E+01
4.64104234947257648E-03  1.70089806296046824E+01
4.64743496978865453E-03  1.70310143177544084E+01
4.65382759010473171E-03  1.70530480059041274E+01
4.66022021042080976E-03  1.70750816940538535E+01
4.66661283073688780E-03  1.70971153822035760E+01
4.67300545105296585E-03  1.71191490703533020E+01
4.67939807136904390E-03  1.71411827585030245E+01
4.68579069168512195E-03  1.71632164466527506E+01
4.69218331200119999E-03  1.71852501348024731E+01
4.69857593231727804E-03  1.72072838229521956E+01
4.70496855263335522E-03  1.72293175111019181E+01
4.71136117294943327E-03  1.72513511992516442E+01
4.71775379326551132E-03  1.72733848874013667E+01
4.72414641358158936E-03  1.72954185755510892E+01
4.73053903389766741E-03  1.73174522637008153E+01
4.73693165421374546E-03  1.73394859518505378E+01
4.74332427452982350E-03  1.73615196400002638E+01
4.74971689484590068E-03  1.73835533281499828E+01
4.75610951516197873E-03  1.74055870162997088E+01
4.76250213547805678E-03  1.74276207044494313E+01
4.76889475579413483E-03  1.74496543925991574E+01
4.77528737611021287E-03  1.74716880807488799E+01
4.78167999642629092E-03  1.74937217688986060E+01
4.78807261674236897E-03  1.75157554570483285E+01
4.79446523705844615E-03  1.75377891451980510E+01
4.80085785737452420E-03  1.75598228333477735E+01
4.80725047769060224E-03  1.75818565214974996E+01
4.81364309800668029E-03  1.76038902096472221E+01
4.82003571832275834E-03  1.76259238977969481E+01
4.82642833863883639E-03  1.76479575859466706E+01
4.83282095895491443E-03  1.76699912740963967E+01
4.83921357927099248E-03  1.76920249622461192E+01
4.84560619958706966E-03  1.77140586503958417E+01
4.85199881990314771E-03  1.77360923385455642E+01
4.85839144021922575E-03  1.77581260266952903E+01
4.86478406053530380E-03  1.77801597148450128E+01
4.87117668085138185E-03  1.78021934029947388E+01
4.87756930116745990E-03  1.78242270911444614E+01
4.88396192148353794E-03  1.78462607792941839E+01
4.89035454179961512E-03  1.78682944674439064E+01
4.89674716211569317E-03  1.78903281555936324E+01
4.90313978243177122E-03  1.79123618437433549E+01
4.90953240274784927E-03  1.79343955318930774E+01
4.91592502306392731E-03  1.79564292200428035E+01
4.92231764338000536E-03  1.79784629081925260E+01
4.92871026369608341E-03  1.80004965963422521E+01
4.93510288401216059E-03  1.80225302844919710E+01
4.94149550432823863E-03  1.80445639726416971E+01
4.94788812464431668E-03  1.80665976607914196E+01
4.95428074496039473E-03  1.80886313489411457E+01
4.96067336527647278E-03  1.81106650370908682E+01
4.96706598559255082E-03  1.81326987252405942E+01
4.97345860590862887E-03  1.81547324133903167E+01
4.97985122622470605E-03  1.81767661015400392E+01
4.98624384654078410E-03  1.81987997896897618E+01
4.99263646685686215E-03  1.82208334778394878E+01
4.99902908717294019E-03  1.82428671659892103E+01
5.00542170748901824E-03  1.82649008541389364E+01
5.01181432780509629E-03  1.82869345422886589E+01
5.01820694812117434E-03  1.83089682304383849E+01
5.02459956843725238E-03  1.83310019185881075E+01
5.03099218875332956E-03  1.83530356067378300E+01
5.03738480906940761E-03  1.83750692948875525E+01
5.04377742938548566E-03  1.83971029830372785E+01
5.05017004970156370E-03  1.84191366711870010E+01
5.05656267001764175E-03  1.84411703593367235E+01
5.06295529033371980E-03  1.84632040474864496E+01
5.06934791064979785E-03  1.84852377356361721E+01
5.07574053096587503E-03  1.85072714237858946E+01
5.08213315128195307E-03  1.85293051119356171E+01
5.08852577159803112E-03  1.85513388000853432E+01
5.09491839191410917E-03  1.85733724882350657E+01
5.10131101223018722E-03  1.85954061763847918E+01
5.10770363254626526E-03  1.86174398645345143E+01
5.11409625286234331E-03  1.86394735526842403E+01
5.12048887317842049E-03  1.86615072408339593E+01
5.12688149349449854E-03  1.86835409289836853E+01
5.13327411381057658E-03  1.87055746171334079E+01
5.13966673412665463E-03  1.87276083052831339E+01
5.14605935444273268E-03  1.87496419934328564E+01
5.15245197475881073E-03  1.87716756815825825E+01
5.15884459507488877E-03  1.87937093697323050E+01
5.16523721539096682E-03  1.88157430578820311E+01
5.17162983570704400E-03  1.88377767460317500E+01
5.17802245602312205E-03  1.88598104341814761E+01
5.18441507633920010E-03  1.88818441223311986E+01
5.19080769665527814E-03  1.89038778104809246E+01
5.19720031697135619E-03  1.89259114986306471E+01
5.20359293728743424E-03  1.89479451867803732E+01
5.20998555760351229E-03  1.89699788749300957E+01
5.21637817791958947E-03  1.89920125630798182E+01
5.22277079823566751E-03  1.90140462512295407E+01
5.22916341855174556E-03  1.90360799393792668E+01
5.23555603886782361E-03  1.90581136275289893E+01
5.24194865918390165E-03  1.90801473156787118E+01
5.24834127949997970E-03  1.91021810038284379E+01
5.25473389981605775E-03  1.91242146919781604E+01
5.26112652013213493E-03  1.91462483801278829E+01
5.26751914044821298E-03  1.91682820682776054E+01
5.27391176076429102E-03  1.91903157564273315E+01
5.28030438108036907E-03  1.92123494445770540E+01
5.28669700139644712E-03  1.92343831327267800E+01
5.29308962171252517E-03  1.92564168208765025E+01
5.29948224202860321E-03  1.92784505090262286E+01
5.30587486234468126E-03  1.93004841971759511E+01
5.31226748266075844E-03  1.93225178853256736E+01
5.31866010297683649E-03  1.93445515734753961E+01
5.32505272329291453E-03  1.93665852616251222E+01
5.33144534360899258E-03  1.93886189497748447E+01
5.33783796392507063E-03  1.94106526379245707E+01
5.34423058424114868E-03  1.94326863260742932E+01
5.35062320455722672E-03  1.94547200142240193E+01
5.35701582487330390E-03  1.94767537023737383E+01
5.36340844518938195E-03  1.94987873905234643E+01
5.36980106550546000E-03  1.95208210786731868E+01
5.37619368582153805E-03  1.95428547668229129E+01
5.38258630613761609E-03  1.95648884549726354E+01
5.38897892645369414E-03  1.95869221431223579E+01
5.39537154676977219E-03  1.96089558312720840E+01
5.40176416708584937E-03  1.96309895194218065E+01
5.40815678740192742E-03  1.96530232075715290E+01
5.41454940771800546E-03  1.96750568957212515E+01
5.42094202803408351E-03  1.96970905838709776E+01
5.42733464835016156E-03  1.97191242720207001E+01
5.43372726866623960E-03  1.97411579601704261E+01
5.44011988898231765E-03  1.97631916483201486E+01
5.44651250929839570E-03  1.97852253364698747E+01
5.45290512961447288E-03  1.98072590246195936E+01
5.45929774993055093E-03  1.98292927127693197E+01
5.46569037024662897E-03  1.98513264009190422E+01
5.47208299056270702E-03  1.98733600890687683E+01
5.47847561087878507E-03  1.98953937772184908E+01
5.48486823119486312E-03  1.99174274653682168E+01
5.49126085151094116E-03  1.99394611535179394E+01
5.49765347182701834E-03  1.99614948416676619E+01
5.50404609214309639E-03  1.99835285298173844E+01
5.51043871245917444E-03  2.00055622179671104E+01
5.51683133277525248E-03  2.00275959061168329E+01
5.52322395309133053E-03  2.00496295942665590E+01
5.52961657340740858E-03  2.00716632824162815E+01
5.53600919372348663E-03  2.00936969705660076E+01
5.54240181403956381E-03  2.01157306587157265E+01
5.54879443435564185E-03  2.01377643468654526E+01
5.55518705467171990E-03  2.01597980350151751E+01
5.56157967498779795E-03  2.01818317231649011E+01
5.56797229530387600E-03  2.02038654113146237E+01
5.57436491561995404E-03  2.02258990994643462E+01
5.58075753593603209E-03  2.02479327876140722E+01
5.58715015625211014E-03  2.02699664757637947E+01
5.59354277656818732E-03  2.02920001639135172E+01
5.59993539688426537E-03  2.03140338520632397E+01
5.60632801720034341E-03  2.03360675402129658E+01
5.61272063751642146E-03  2.03581012283626883E+01
5.61911325783249951E-03  2.03801349165124144E+01
5.62550587814857755E-03  2.04021686046621369E+01
5.63189849846465560E-03  2.04242022928118629E+01
5.63829111878073278E-03  2.04462359809615819E+01
5.64468373909681083E-03  2.04682696691113080E+01
5.65107635941288888E-03  2.04903033572610305E+01
5.65746897972896692E-03  2.05123370454107565E+01
5.66386160004504497E-03  2.05343707335604790E+01
5.67025422036112302E-03  2.05564044217102051E+01
5.67664684067720107E-03  2.05784381098599276E+01
5.68303946099327825E-03  2.06004717980096501E+01
5.68943208130935629E-03  2.06225054861593726E+01
5.69582470162543434E-03  2.06445391743090987E+01
5.70221732194151239E-03  2.06665728624588212E+01
5.70860994225759043E-03  2.06886065506085473E+01
5.71500256257366848E-03  2.07106402387582698E+01
5.72139518288974653E-03  2.07326739269079923E+01
5.72778780320582458E-03  2.07547076150577183E+01
5.73418042352190176E-03  2.07767413032074408E+01
5.74057304383797980E-03  2.07987749913571633E+01
5.74696566415405785E-03  2.08208086795068859E+01
5.75335828447013590E-03  2.08428423676566119E+01
5.75975090478621395E-03  2.08648760558063344E+01
5.76614352510229199E-03  2.08869097439560605E+01
5.77253614541837004E-03  2.09089434321057830E+01
5.77892876573444722E-03  2.09309771202555055E+01
5.78532138605052527E-03  2.09530108084052280E+01
5.79171400636660332E-03  2.09750444965549541E+01
5.79810662668268136E-03  2.09970781847046766E+01
5.80449924699875941E-03  2.10191118728544026E+01
5.81089186731483746E-03  2.10411455610041251E+01
5.81728448763091550E-03  2.10631792491538512E+01
5.82367710794699268E-03  2.10852129373035702E+01
5.83006972826307073E-03  2.11072466254532962E+01
5.83646234857914878E-03  2.11292803136030187E+01
5.84285496889522683E-03  2.11513140017527448E+01
5.84924758921130487E-03  2.11733476899024673E+01
5.85564020952738292E-03  2.11953813780521934E+01
5.86203282984346097E-03  2.12174150662019159E+01
5.86842545015953815E-03  2.12394487543516384E+01
5.87481807047561620E-03  2.12614824425013609E+01
5.88121069079169424E-03  2.12835161306510869E+01
5.88760331110777229E-03  2.13055498188008094E+01
5.89399593142385034E-03  2.13275835069505355E+01
5.90038855173992838E-03  2.13496171951002580E+01
5.90678117205600643E-03  2.13716508832499805E+01
5.91317379237208448E-03  2.13936845713997066E+01
5.91956641268816166E-03  2.14157182595494291E+01
5.92595903300423971E-03  2.14377519476991516E+01
5.93235165332031775E-03  2.14597856358488741E+01
5.93874427363639580E-03  2.14818193239986002E+01
5.94513689395247385E-03  2.15038530121483227E+01
5.95152951426855190E-03  2.15258867002980487E+01
5.95792213458462994E-03  2.15479203884477712E+01
5.96431475490070712E-03  2.15699540765974938E+01
5.97070737521678517E-03  2.15919877647472163E+01
5.97709999553286322E-03  2.16140214528969423E+01
5.98349261584894127E-03  2.16360551410466648E+01
5.98988523616501931E-03  2.16580888291963909E+01
5.99627785648109736E-03  2.16801225173461134E+01
6.00267047679717541E-03  2.17021562054958395E+01
6.00906309711325259E-03  2.17241898936455584E+01
6.01545571742933063E-03  2.17462235817952845E+01
6.02184833774540868E-03  2.17682572699450070E+01
6.02824095806148673E-03  2.17902909580947330E+01
6.03463357837756478E-03  2.18123246462444556E+01
6.04102619869364282E-03  2.18343583343941816E+01
6.04741881900972087E-03  2.18563920225439041E+01
6.05381143932579892E-03  2.18784257106936266E+01
6.06020405964187610E-03  2.19004593988433491E+01
6.06659667995795415E-03  2.19224930869930752E+01
6.07298930027403219E-03  2.19445267751427977E+01
6.07938192059011024E-03  2.19665604632925202E+01
6.08577454090618829E-03  2.19885941514422463E+01
6.09216716122226633E-03  2.20106278395919688E+01
6.09855978153834438E-03  2.20326615277416948E+01
6.10495240185442156E-03  2.20546952158914138E+01
6.11134502217049961E-03  2.20767289040411399E+01
6.11773764248657766E-03  2.20987625921908624E+01
6.12413026280265570E-03  2.21207962803405884E+01
6.13052288311873375E-03  2.21428299684903109E+01
6.13691550343481180E-03  2.21648636566400370E+01
6.14330812375088985E-03  2.21868973447897595E+01
6.14970074406696703E-03  2.22089310329394820E+01
6.15609336438304507E-03  2.22309647210892045E+01
6.16248598469912312E-03  2.22529984092389306E+01
6.16887860501520117E-03  2.22750320973886531E+01
6.17527122533127922E-03  2.22970657855383791E+01
6.18166384564735726E-03  2.23190994736881017E+01
6.18805646596343531E-03  2.23411331618378277E+01
6.19444908627951336E-03  2.23631668499875502E+01
6.20084170659559054E-03  2.23852005381372727E+01
6.20723432691166858E-03  2.24072342262869952E+01
6.21362694722774663E-03  2.24292679144367213E+01
6.22001956754382468E-03  2.24513016025864438E+01
6.22641218785990273E-03  2.24733352907361699E+01
6.23280480817598077E-03  2.24953689788858924E+01
6.23919742849205882E-03  2.25174026670356149E+01
6.24559004880813600E-03  2.25394363551853374E+01
6.25198266912421405E-03  2.25614700433350599E+01
6.25837528944029210E-03  2.25835037314847860E+01
6.26476790975637014E-03  2.26055374196345085E+01
6.27116053007244819E-03  2.26275711077842345E+01
6.27755315038852624E-03  2.26496047959339570E+01
6.28394577070460428E-03  2.26716384840836831E+01
6.29033839102068146E-03  2.26936721722334021E+01
6.29673101133675951E-03  2.27157058603831281E+01
6.30312363165283756E-03  2.27377395485328506E+01
6.30951625196891561E-03  2.27597732366825767E+01
6.31590887228499365E-03  2.27818069248322992E+01
6.32230149260107170E-03  2.28038406129820252E+01
6.32869411291714975E-03  2.28258743011317478E+01
6.33508673323322780E-03  2.28479079892814738E+01
6.34147935354930498E-03  2.28699416774311928E+01
6.34787197386538302E-03  2.28919753655809188E+01
6.35426459418146107E-03  2.29140090537306413E+01
6.36065721449753912E-03  2.29360427418803674E+01
6.36704983481361717E-03  2.29580764300300899E+01
6.37344245512969521E-03  2.29801101181798160E+01
6.37983507544577326E-03  2.30021438063295385E+01
6.38622769576185044E-03  2.30241774944792610E+01
