0.00000000000000000E+00  0.00000000000000000E+00
6.24060381521057576E-06  1.77023486633764715E-01
1.24812076304211515E-05  3.54046973267529430E-01
1.87218114456317290E-05  5.31070459901294201E-01
2.49624152608423031E-05  7.08093946535058860E-01
3.12030190760528771E-05  8.85117433168823520E-01
3.74436228912634580E-05  1.06214091980258840E+00
4.36842267064740320E-05  1.23916440643635295E+00
4.99248305216846061E-05  1.41618789307011772E+00
5.61654343368951802E-05  1.59321137970388227E+00
6.24060381521057543E-05  1.77023486633764704E+00
6.86466419673163351E-05  1.94725835297141181E+00
7.48872457825269159E-05  2.12428183960517680E+00
8.11278495977374832E-05  2.30130532623894091E+00
8.73684534129480641E-05  2.47832881287270590E+00
9.36090572281586314E-05  2.52861559943149317E+00
9.98496610433692122E-05  2.54666757252308473E+00
1.06090264858579793E-04  2.56471954561467674E+00
1.12330868673790360E-04  2.58277151870626831E+00
1.18571472489000941E-04  2.60082349179786032E+00
1.24812076304211509E-04  2.61887546488945189E+00
1.31052680119422089E-04  2.63692743798104390E+00
1.37293283934632670E-04  2.65497941107263546E+00
1.43533887749843251E-04  2.67303138416422748E+00
1.49774491565053832E-04  2.69108335725581949E+00
1.56015095380264386E-04  2.70913533034741105E+00
1.62255699195474966E-04  2.72718730343900306E+00
1.68496303010685547E-04  2.74523927653059463E+00
1.74736906825896128E-04  2.76329124962218664E+00
1.80977510641106709E-04  2.78134322271377821E+00
1.87218114456317263E-04  2.79939519580536977E+00
1.93458718271527844E-04  2.81744716889696178E+00
1.99699322086738424E-04  2.83549914198855380E+00
2.05939925901949005E-04  2.85355111508014536E+00
2.12180529717159586E-04  2.87160308817173737E+00
2.18421133532370140E-04  2.88965506126332894E+00
2.24661737347580721E-04  2.90770703435492095E+00
2.30902341162791302E-04  2.92575900744651252E+00
2.37142944978001882E-04  2.94381098053810453E+00
2.43383548793212463E-04  2.96186295362969609E+00
2.49624152608423017E-04  2.97991492672128810E+00
2.55864756423633598E-04  2.99796689981288011E+00
2.62105360238844179E-04  3.01601887290447168E+00
2.68345964054054760E-04  3.03407084599606325E+00
2.74586567869265340E-04  3.05212281908765526E+00
2.80827171684475921E-04  3.07017479217924727E+00
2.87067775499686502E-04  3.08822676527083884E+00
2.93308379314897083E-04  3.10627873836243085E+00
2.99548983130107664E-04  3.12433071145402241E+00
3.05789586945318190E-04  3.14238268454561442E+00
3.12030190760528771E-04  3.16043465763720599E+00
3.18270794575739352E-04  3.17848663072879756E+00
3.24511398390949933E-04  3.19653860382038957E+00
3.30752002206160514E-04  3.21459057691198158E+00
3.36992606021371095E-04  3.23264255000357315E+00
3.43233209836581676E-04  3.25069452309516516E+00
3.49473813651792256E-04  3.26874649618675672E+00
3.55714417467002837E-04  3.28679846927834873E+00
3.61955021282213418E-04  3.30485044236994074E+00
3.68195625097423945E-04  3.32290241546153187E+00
3.74436228912634526E-04  3.34095438855312388E+00
3.80676832727845106E-04  3.35900636164471589E+00
3.86917436543055687E-04  3.37705833473630790E+00
3.93158040358266268E-04  3.39511030782789947E+00
3.99398644173476849E-04  3.41316228091949103E+00
4.05639247988687430E-04  3.43121425401108304E+00
4.11879851803898011E-04  3.44926622710267505E+00
4.18120455619108591E-04  3.46731820019426662E+00
4.24361059434319172E-04  3.48537017328585819E+00
4.30601663249529753E-04  3.50342214637745020E+00
4.36842267064740280E-04  3.52147411946904221E+00
4.43082870879950861E-04  3.53952609256063377E+00
4.49323474695161441E-04  3.55757806565222534E+00
4.55564078510372022E-04  3.57563003874381735E+00
4.61804682325582603E-04  3.59368201183540936E+00
4.68045286140793184E-04  3.61173398492700093E+00
4.74285889956003765E-04  3.62978595801859294E+00
4.80526493771214346E-04  3.64783793111018451E+00
4.86767097586424927E-04  3.66588990420177652E+00
4.93007701401635507E-04  3.68394187729336853E+00
4.99248305216846034E-04  3.70199385038495965E+00
5.05488909032056669E-04  3.72004582347655166E+00
5.11729512847267196E-04  3.73809779656814367E+00
5.17970116662477831E-04  3.75614976965973568E+00
5.24210720477688357E-04  3.77420174275132725E+00
5.30451324292898992E-04  3.79225371584291926E+00
5.36691928108109519E-04  3.81030568893451083E+00
5.42932531923320046E-04  3.82835766202610239E+00
5.49173135738530681E-04  3.84640963511769440E+00
5.55413739553741207E-04  3.86446160820928597E+00
5.61654343368951843E-04  3.88251358130087798E+00
5.67894947184162369E-04  3.90056555439246999E+00
5.74135550999373004E-04  3.91861752748406200E+00
5.80376154814583531E-04  3.93666950057565312E+00
5.86616758629794166E-04  3.95472147366724514E+00
5.92857362445004693E-04  3.97277344675883715E+00
5.99097966260215328E-04  3.99082541985042916E+00
6.05338570075425854E-04  4.00887739294202028E+00
6.11579173890636381E-04  4.02692936603361229E+00
6.17819777705847016E-04  4.04498133912520430E+00
6.24060381521057543E-04  4.06303331221679542E+00
6.30300985336268178E-04  4.08108528530838832E+00
6.36541589151478704E-04  4.09913725839997944E+00
6.42782192966689339E-04  4.11718923149157146E+00
6.49022796781899866E-04  4.13524120458316347E+00
6.55263400597110501E-04  4.15329317767475459E+00
6.61504004412321028E-04  4.17134515076634660E+00
6.67744608227531554E-04  4.18939712385793861E+00
6.73985212042742189E-04  4.20744909694953062E+00
6.80225815857952716E-04  4.22550107004112174E+00
6.86466419673163351E-04  4.24355304313271375E+00
6.92707023488373878E-04  4.26160501622430576E+00
6.98947627303584513E-04  4.27965698931589777E+00
7.05188231118795039E-04  4.29770896240748890E+00
7.11428834934005674E-04  4.31576093549908180E+00
7.17669438749216201E-04  4.33381290859067292E+00
7.23910042564426836E-04  4.35186488168226493E+00
7.30150646379637363E-04  4.36991685477385694E+00
7.36391250194847889E-04  4.38796882786544806E+00
7.42631854010058524E-04  4.40602080095704007E+00
7.48872457825269051E-04  4.42407277404863208E+00
7.55113061640479686E-04  4.44212474714022321E+00
7.61353665455690213E-04  4.46017672023181611E+00
7.67594269270900848E-04  4.47822869332340723E+00
7.73834873086111374E-04  4.49628066641499924E+00
7.80075476901322010E-04  4.51433263950659125E+00
7.86316080716532536E-04  4.53238461259818237E+00
7.92556684531743171E-04  4.55043658568977527E+00
7.98797288346953698E-04  4.56848855878136639E+00
8.05037892162164224E-04  4.58654053187295752E+00
8.11278495977374860E-04  4.60459250496455041E+00
8.17519099792585386E-04  4.62264447805614154E+00
8.23759703607796021E-04  4.64069645114773355E+00
8.30000307423006548E-04  4.65874842423932556E+00
8.36240911238217183E-04  4.67680039733091668E+00
8.42481515053427710E-04  4.69485237042250869E+00
8.48722118868638345E-04  4.71290434351410070E+00
8.54962722683848871E-04  4.73095631660569271E+00
8.61203326499059506E-04  4.74900828969728472E+00
8.67443930314270033E-04  4.76706026278887585E+00
8.73684534129480560E-04  4.78511223588046786E+00
8.79925137944691195E-04  4.80316420897205987E+00
8.86165741759901721E-04  4.82121618206365099E+00
8.92406345575112356E-04  4.83926815515524389E+00
8.98646949390322883E-04  4.85732012824683501E+00
9.04887553205533518E-04  4.87610665236637431E+00
9.11128157020744045E-04  4.89733613448021377E+00
9.17368760835954680E-04  4.91856561659405322E+00
9.23609364651165206E-04  4.93979509870789357E+00
9.29849968466375841E-04  4.96102458082173392E+00
9.36090572281586368E-04  4.98225406293557338E+00
9.42331176096796895E-04  5.00348354504941284E+00
9.48571779912007530E-04  5.02471302716325319E+00
9.54812383727218056E-04  5.04594250927709354E+00
9.61052987542428691E-04  5.06717199139093388E+00
9.67293591357639218E-04  5.08840147350477334E+00
9.73534195172849853E-04  5.10963095561861280E+00
9.79774798988060488E-04  5.13086043773245315E+00
9.86015402803271015E-04  5.15208991984629350E+00
9.92256006618481541E-04  5.17331940196013296E+00
9.98496610433692068E-04  5.19454888407397242E+00
1.00473721424890259E-03  5.21577836618781276E+00
1.01097781806411334E-03  5.23700784830165311E+00
1.01721842187932386E-03  5.25823733041549257E+00
1.02345902569453439E-03  5.27946681252933203E+00
1.02969962950974492E-03  5.30069629464317238E+00
1.03594023332495566E-03  5.32192577675701273E+00
1.04218083714016619E-03  5.34315525887085307E+00
1.04842144095537671E-03  5.36438474098469253E+00
1.05466204477058724E-03  5.38561422309853199E+00
1.06090264858579798E-03  5.40684370521237234E+00
1.06714325240100851E-03  5.42807318732621269E+00
1.07338385621621904E-03  5.44930266944005215E+00
1.07962446003142956E-03  5.47053215155389161E+00
1.08586506384664009E-03  5.49176163366773196E+00
1.09210566766185083E-03  5.51299111578157230E+00
1.09834627147706136E-03  5.53422059789541265E+00
1.10458687529227189E-03  5.55545008000925122E+00
1.11082747910748241E-03  5.57667956212309157E+00
1.11706808292269316E-03  5.59790904423693192E+00
1.12330868673790369E-03  5.61913852635077227E+00
1.12954929055311421E-03  5.64036800846461173E+00
1.13578989436832474E-03  5.66159749057845119E+00
1.14203049818353526E-03  5.68282697269229153E+00
1.14827110199874601E-03  5.70405645480613188E+00
1.15451170581395654E-03  5.72528593691997134E+00
1.16075230962916706E-03  5.74651541903381080E+00
1.16699291344437759E-03  5.76774490114765115E+00
1.17323351725958833E-03  5.78897438326149150E+00
1.17947412107479886E-03  5.81020386537533096E+00
1.18571472489000939E-03  5.83143334748917130E+00
1.19195532870521991E-03  5.85266282960301076E+00
1.19819593252043066E-03  5.87389231171685111E+00
1.20443653633564118E-03  5.89512179383069146E+00
1.21067714015085171E-03  5.91635127594453092E+00
1.21691774396606224E-03  5.93758075805837038E+00
1.22315834778127276E-03  5.95881024017221073E+00
1.22939895159648351E-03  5.98003972228605107E+00
1.23563955541169403E-03  6.00126920439989053E+00
1.24188015922690456E-03  6.02249868651373088E+00
1.24812076304211509E-03  6.04372816862757034E+00
1.25436136685732583E-03  6.06495765074141069E+00
1.26060197067253636E-03  6.08618713285525015E+00
1.26684257448774688E-03  6.10741661496909050E+00
1.27308317830295741E-03  6.12864609708292996E+00
1.27932378211816794E-03  6.14987557919677030E+00
1.28556438593337868E-03  6.17110506131061065E+00
1.29180498974858921E-03  6.19233454342445011E+00
1.29804559356379973E-03  6.21356402553828957E+00
1.30428619737901026E-03  6.23479350765212992E+00
1.31052680119422100E-03  6.25602298976597027E+00
1.31676740500943153E-03  6.27725247187980973E+00
1.32300800882464206E-03  6.29848195399365007E+00
1.32924861263985258E-03  6.31971143610748953E+00
1.33548921645506311E-03  6.34094091822132899E+00
1.34172982027027385E-03  6.36217040033517023E+00
1.34797042408548438E-03  6.38339988244900969E+00
1.35421102790069491E-03  6.40462936456284915E+00
1.36045163171590543E-03  6.42585884667668950E+00
1.36669223553111618E-03  6.44708832879052984E+00
1.37293283934632670E-03  6.46831781090436930E+00
1.37917344316153723E-03  6.48954729301820965E+00
1.38541404697674776E-03  6.51077677513204911E+00
1.39165465079195850E-03  6.53200625724588946E+00
1.39789525460716903E-03  6.55323573935972892E+00
1.40413585842237955E-03  6.57446522147356927E+00
1.41037646223759008E-03  6.59569470358740872E+00
1.41661706605280061E-03  6.61692418570124818E+00
1.42285766986801135E-03  6.63815366781508942E+00
1.42909827368322188E-03  6.65938314992892888E+00
1.43533887749843240E-03  6.68061263204276834E+00
1.44157948131364293E-03  6.70184211415660869E+00
1.44782008512885367E-03  6.72307159627044904E+00
1.45406068894406420E-03  6.74430107838428849E+00
1.46030129275927473E-03  6.76553056049812884E+00
1.46654189657448525E-03  6.78676004261196830E+00
1.47278250038969578E-03  6.80798952472580776E+00
1.47902310420490652E-03  6.82921900683964811E+00
1.48526370802011705E-03  6.85044848895348846E+00
1.49150431183532758E-03  6.87167797106732792E+00
1.49774491565053810E-03  6.89290745318116826E+00
1.50398551946574885E-03  6.91413693529500861E+00
1.51022612328095937E-03  6.93536641740884807E+00
1.51646672709616990E-03  6.95659589952268753E+00
1.52270733091138043E-03  6.97782538163652788E+00
1.52894793472659117E-03  6.99905486375036823E+00
1.53518853854180170E-03  7.02028434586420769E+00
1.54142914235701222E-03  7.04151382797804803E+00
1.54766974617222275E-03  7.06274331009188749E+00
1.55391034998743328E-03  7.08397279220572695E+00
1.56015095380264402E-03  7.10520227431956819E+00
1.56639155761785455E-03  7.12643175643340765E+00
1.57263216143306507E-03  7.14766123854724711E+00
1.57887276524827560E-03  7.16889072066108746E+00
1.58511336906348634E-03  7.19012020277492780E+00
1.59135397287869687E-03  7.21134968488876726E+00
1.59759457669390740E-03  7.23257916700260761E+00
1.60383518050911792E-03  7.25380864911644707E+00
1.61007578432432845E-03  7.27503813123028653E+00
1.61631638813953919E-03  7.29626761334412688E+00
1.62255699195474972E-03  7.31749709545796723E+00
1.62879759576996025E-03  7.33872657757180669E+00
1.63503819958517077E-03  7.35995605968564615E+00
1.64127880340038152E-03  7.38118554179948738E+00
1.64751940721559204E-03  7.40241502391332684E+00
1.65376001103080257E-03  7.42364450602716630E+00
1.66000061484601310E-03  7.44487398814100665E+00
1.66624121866122362E-03  7.46610347025484611E+00
1.67248182247643437E-03  7.48733295236868646E+00
1.67872242629164489E-03  7.50856243448252680E+00
1.68496303010685542E-03  7.52979191659636626E+00
1.69120363392206595E-03  7.55102139871020572E+00
1.69744423773727669E-03  7.57225088082404607E+00
1.70368484155248722E-03  7.59348036293788642E+00
1.70992544536769774E-03  7.61470984505172588E+00
1.71616604918290827E-03  7.63593932716556623E+00
1.72240665299811901E-03  7.65716880927940657E+00
1.72864725681332954E-03  7.67839829139324603E+00
1.73488786062854007E-03  7.69962777350708549E+00
1.74112846444375059E-03  7.72085725562092584E+00
1.74736906825896112E-03  7.74208673773476530E+00
1.75360967207417186E-03  7.76331621984860565E+00
1.75985027588938239E-03  7.78454570196244600E+00
1.76609087970459292E-03  7.80577518407628546E+00
1.77233148351980344E-03  7.82700466619012492E+00
1.77857208733501419E-03  7.84823414830396615E+00
1.78481269115022471E-03  7.86946363041780561E+00
1.79105329496543524E-03  7.89069311253164507E+00
1.79729389878064577E-03  7.91192259464548542E+00
1.80353450259585629E-03  7.93315207675932488E+00
1.80977510641106704E-03  7.95438155887316523E+00
1.81601571022627756E-03  7.97561104098700469E+00
1.82225631404148809E-03  7.99684052310084503E+00
1.82849691785669862E-03  8.01807000521468538E+00
1.83473752167190936E-03  8.03929948732852395E+00
1.84097812548711989E-03  8.06052896944236608E+00
1.84721872930233041E-03  8.08175845155620465E+00
1.85345933311754094E-03  8.10298793367004322E+00
1.85969993693275168E-03  8.12421741578388534E+00
1.86594054074796221E-03  8.14544689789772391E+00
1.87218114456317274E-03  8.16667638001156426E+00
1.87842174837838326E-03  8.18790586212540461E+00
1.88466235219359379E-03  8.20913534423924318E+00
1.89090295600880453E-03  8.23036482635308531E+00
1.89714355982401506E-03  8.25159430846692388E+00
1.90338416363922559E-03  8.27282379058076422E+00
1.90962476745443611E-03  8.29405327269460457E+00
1.91586537126964686E-03  8.31528275480844314E+00
1.92210597508485738E-03  8.33651223692228527E+00
1.92834657890006791E-03  8.35774171903612384E+00
1.93458718271527844E-03  8.37897120114996419E+00
1.94082778653048896E-03  8.40020068326380454E+00
1.94706839034569971E-03  8.42143016537764311E+00
1.95330899416091023E-03  8.44265964749148345E+00
1.95954959797612098E-03  8.46388912960532380E+00
1.96579020179133129E-03  8.48511861171916237E+00
1.97203080560654203E-03  8.50634809383300450E+00
1.97827140942175234E-03  8.52757757594684307E+00
1.98451201323696308E-03  8.54880705806068342E+00
1.99075261705217383E-03  8.57003654017452376E+00
1.99699322086738414E-03  8.59126602228836234E+00
2.00323382468259488E-03  8.61249550440220446E+00
2.00947442849780519E-03  8.63372498651604303E+00
2.01571503231301593E-03  8.65495446862988338E+00
2.02195563612822668E-03  8.67618395074372373E+00
2.02819623994343699E-03  8.69741343285756230E+00
2.03443684375864773E-03  8.71864291497140265E+00
2.04067744757385847E-03  8.73987239708524299E+00
2.04691805138906878E-03  8.76110187919908157E+00
2.05315865520427953E-03  8.78233136131292369E+00
2.05939925901948984E-03  8.80356084342676226E+00
2.06563986283470058E-03  8.82479032554060261E+00
2.07188046664991132E-03  8.84601980765444296E+00
2.07812107046512163E-03  8.86724928976828153E+00
2.08436167428033238E-03  8.88847877188212365E+00
2.09060227809554269E-03  8.90970825399596222E+00
2.09684288191075343E-03  8.93093773610980257E+00
2.10308348572596417E-03  8.95216721822364292E+00
2.10932408954117448E-03  8.97339670033748149E+00
2.11556469335638523E-03  8.99462618245132361E+00
2.12180529717159597E-03  9.01585566456516219E+00
2.12804590098680628E-03  9.03708514667900076E+00
2.13428650480201702E-03  9.05831462879284288E+00
2.14052710861722733E-03  9.07954411090668145E+00
2.14676771243243808E-03  9.10077359302052180E+00
2.15300831624764882E-03  9.12200307513436215E+00
2.15924892006285913E-03  9.14323255724820072E+00
2.16548952387806987E-03  9.16446203936204284E+00
2.17173012769328018E-03  9.18569152147588142E+00
2.17797073150849093E-03  9.20692100358972176E+00
2.18421133532370167E-03  9.22815048570356211E+00
2.19045193913891198E-03  9.24937996781740068E+00
2.19669254295412272E-03  9.27060944993124281E+00
2.20293314676933303E-03  9.29183893204508138E+00
2.20917375058454378E-03  9.31306841415891995E+00
2.21541435439975452E-03  9.33429789627276207E+00
2.22165495821496483E-03  9.35552737838660065E+00
2.22789556203017557E-03  9.37675686050044099E+00
2.23413616584538632E-03  9.39798634261428134E+00
2.24037676966059663E-03  9.41921582472811991E+00
2.24661737347580737E-03  9.44044530684196204E+00
2.25285797729101768E-03  9.46167478895580061E+00
2.25909858110622842E-03  9.48290427106964096E+00
2.26533918492143917E-03  9.50413375318348130E+00
2.27157978873664948E-03  9.52536323529731987E+00
2.27782039255186022E-03  9.54659271741116200E+00
2.28406099636707053E-03  9.56782219952500057E+00
2.29030160018228127E-03  9.58905168163883914E+00
2.29654220399749202E-03  9.61028116375268127E+00
2.30278280781270233E-03  9.63151064586651984E+00
2.30902341162791307E-03  9.65274012798036019E+00
2.31526401544312381E-03  9.67396961009420053E+00
2.32150461925833412E-03  9.69519909220803910E+00
2.32774522307354487E-03  9.71642857432188123E+00
2.33398582688875518E-03  9.73765805643571980E+00
2.34022643070396592E-03  9.75888753854956015E+00
2.34646703451917666E-03  9.78011702066340050E+00
2.35270763833438697E-03  9.80134650277723907E+00
2.35894824214959772E-03  9.82257598489107941E+00
2.36518884596480803E-03  9.84380546700491976E+00
2.37142944978001877E-03  9.86503494911876011E+00
2.37767005359522951E-03  9.88626443123260046E+00
2.38391065741043982E-03  9.90749391334643903E+00
2.39015126122565057E-03  9.92872339546027938E+00
2.39639186504086131E-03  9.94995287757411973E+00
2.40263246885607162E-03  9.97118235968796007E+00
2.40887307267128236E-03  9.99241184180180042E+00
2.41511367648649267E-03  1.00136413239156390E+01
2.42135428030170342E-03  1.00348708060294793E+01
2.42759488411691416E-03  1.00561002881433197E+01
2.43383548793212447E-03  1.00773297702571583E+01
2.44007609174733521E-03  1.00985592523709986E+01
2.44631669556254552E-03  1.01197887344848390E+01
2.45255729937775627E-03  1.01410182165986793E+01
2.45879790319296701E-03  1.01622476987125197E+01
2.46503850700817732E-03  1.01834771808263582E+01
2.47127911082338806E-03  1.02047066629401986E+01
2.47751971463859837E-03  1.02259361450540389E+01
2.48376031845380912E-03  1.02471656271678793E+01
2.49000092226901986E-03  1.02683951092817196E+01
2.49624152608423017E-03  1.02896245913955582E+01
2.50248212989944091E-03  1.03108540735093985E+01
2.50872273371465166E-03  1.03320835556232389E+01
2.51496333752986197E-03  1.03533130377370775E+01
2.52120394134507271E-03  1.03745425198509178E+01
2.52744454516028302E-03  1.03957720019647581E+01
2.53368514897549376E-03  1.04170014840785985E+01
2.53992575279070451E-03  1.04382309661924388E+01
2.54616635660591482E-03  1.04594604483062774E+01
2.55240696042112556E-03  1.04806899304201178E+01
2.55864756423633587E-03  1.05019194125339581E+01
2.56488816805154661E-03  1.05231488946477985E+01
2.57112877186675736E-03  1.05443783767616388E+01
2.57736937568196767E-03  1.05656078588754774E+01
2.58360997949717841E-03  1.05868373409893177E+01
2.58985058331238915E-03  1.06080668231031581E+01
2.59609118712759946E-03  1.06292963052169966E+01
2.60233179094281021E-03  1.06505257873308388E+01
2.60857239475802052E-03  1.06717552694446773E+01
2.61481299857323126E-03  1.06929847515585177E+01
2.62105360238844200E-03  1.07142142336723580E+01
2.62729420620365231E-03  1.07354437157861966E+01
2.63353481001886306E-03  1.07566731979000370E+01
2.63977541383407337E-03  1.07779026800138773E+01
2.64601601764928411E-03  1.07991321621277176E+01
2.65225662146449485E-03  1.08203616442415580E+01
2.65849722527970516E-03  1.08415911263553966E+01
2.66473782909491591E-03  1.08628206084692369E+01
2.67097843291012622E-03  1.08840500905830755E+01
2.67721903672533696E-03  1.09052795726969158E+01
2.68345964054054770E-03  1.09265090548107580E+01
2.68970024435575801E-03  1.09477385369245965E+01
2.69594084817096876E-03  1.09689680190384369E+01
2.70218145198617950E-03  1.09901975011522772E+01
2.70842205580138981E-03  1.10114269832661158E+01
2.71466265961660055E-03  1.10326564653799561E+01
2.72090326343181086E-03  1.10538859474937965E+01
2.72714386724702161E-03  1.10751154296076368E+01
2.73338447106223235E-03  1.10963449117214772E+01
2.73962507487744266E-03  1.11175743938353158E+01
2.74586567869265340E-03  1.11388038759491561E+01
2.75210628250786371E-03  1.11600333580629947E+01
2.75834688632307446E-03  1.11812628401768368E+01
2.76458749013828520E-03  1.12024923222906772E+01
2.77082809395349551E-03  1.12237218044045157E+01
2.77706869776870625E-03  1.12449512865183561E+01
2.78330930158391700E-03  1.12661807686321964E+01
2.78954990539912731E-03  1.12874102507460350E+01
2.79579050921433805E-03  1.13086397328598753E+01
2.80203111302954836E-03  1.13298692149737157E+01
2.80827171684475910E-03  1.13510986970875560E+01
2.81451232065996985E-03  1.13723281792013964E+01
2.82075292447518016E-03  1.13935576613152350E+01
2.82699352829039090E-03  1.14147871434290753E+01
2.83323413210560121E-03  1.14360166255429139E+01
2.83947473592081195E-03  1.14572461076567560E+01
2.84571533973602270E-03  1.14784755897705963E+01
2.85195594355123301E-03  1.14997050718844349E+01
2.85819654736644375E-03  1.15209345539982753E+01
2.86443715118165406E-03  1.15421640361121138E+01
2.87067775499686480E-03  1.15633935182259542E+01
2.87691835881207555E-03  1.15846230003397945E+01
2.88315896262728586E-03  1.16058524824536349E+01
2.88939956644249660E-03  1.16270819645674752E+01
2.89564017025770734E-03  1.16483114466813156E+01
2.90188077407291765E-03  1.16695409287951541E+01
2.90812137788812840E-03  1.16907704109089945E+01
2.91436198170333871E-03  1.17119998930228331E+01
2.92060258551854945E-03  1.17332293751366752E+01
2.92684318933376019E-03  1.17544588572505155E+01
2.93308379314897050E-03  1.17756883393643541E+01
2.93932439696418125E-03  1.17969178214781945E+01
2.94556500077939156E-03  1.18181473035920330E+01
2.95180560459460230E-03  1.18393767857058734E+01
2.95804620840981304E-03  1.18606062678197137E+01
2.96428681222502335E-03  1.18818357499335541E+01
2.97052741604023410E-03  1.19030652320473944E+01
2.97676801985544484E-03  1.19242947141612348E+01
2.98300862367065515E-03  1.19455241962750733E+01
2.98924922748586589E-03  1.19667536783889137E+01
2.99548983130107620E-03  1.19879831605027540E+01
3.00173043511628695E-03  1.20092126426165944E+01
3.00797103893149769E-03  1.20304421247304347E+01
3.01421164274670800E-03  1.20516716068442733E+01
3.02045224656191874E-03  1.20729010889581136E+01
3.02669285037712905E-03  1.20941305710719522E+01
3.03293345419233980E-03  1.21153600531857926E+01
3.03917405800755054E-03  1.21365895352996347E+01
3.04541466182276085E-03  1.21578190174134733E+01
3.05165526563797159E-03  1.21790484995273136E+01
3.05789586945318234E-03  1.22002779816411540E+01
3.06413647326839265E-03  1.22215074637549925E+01
3.07037707708360339E-03  1.22427369458688329E+01
3.07661768089881370E-03  1.22639664279826732E+01
3.08285828471402444E-03  1.22851959100965136E+01
3.08909888852923519E-03  1.23064253922103539E+01
3.09533949234444550E-03  1.23276548743241925E+01
3.10158009615965624E-03  1.23488843564380328E+01
3.10782069997486655E-03  1.23701138385518714E+01
3.11406130379007729E-03  1.23913433206657118E+01
3.12030190760528804E-03  1.24125728027795539E+01
3.12654251142049835E-03  1.24338022848933925E+01
3.13278311523570909E-03  1.24550317670072328E+01
3.13902371905091940E-03  1.24762612491210714E+01
3.14526432286613014E-03  1.24974907312349117E+01
3.15150492668134089E-03  1.25187202133487521E+01
3.15774553049655120E-03  1.25399496954625924E+01
3.16398613431176194E-03  1.25611791775764328E+01
3.17022673812697268E-03  1.25824086596902731E+01
3.17646734194218299E-03  1.26036381418041117E+01
3.18270794575739374E-03  1.26248676239179520E+01
3.18894854957260405E-03  1.26460971060317906E+01
3.19518915338781479E-03  1.26673265881456327E+01
3.20142975720302553E-03  1.26885560702594731E+01
3.20767036101823584E-03  1.27097855523733116E+01
3.21391096483344659E-03  1.27310150344871520E+01
3.22015156864865690E-03  1.27522445166009906E+01
3.22639217246386764E-03  1.27734739987148309E+01
3.23263277627907838E-03  1.27947034808286713E+01
3.23887338009428869E-03  1.28159329629425116E+01
3.24511398390949944E-03  1.28371624450563520E+01
3.25135458772471018E-03  1.28583919271701923E+01
3.25759519153992049E-03  1.28796214092840309E+01
3.26383579535513123E-03  1.29008508913978712E+01
3.27007639917034154E-03  1.29220803735117098E+01
3.27631700298555229E-03  1.29433098556255519E+01
3.28255760680076303E-03  1.29645393377393923E+01
3.28879821061597334E-03  1.29857688198532308E+01
3.29503881443118408E-03  1.30069983019670712E+01
3.30127941824639439E-03  1.30282277840809098E+01
3.30752002206160514E-03  1.30494572661947501E+01
3.31376062587681588E-03  1.30706867483085905E+01
3.32000122969202619E-03  1.30919162304224308E+01
3.32624183350723693E-03  1.31131457125362711E+01
3.33248243732244724E-03  1.31343751946501097E+01
3.33872304113765799E-03  1.31556046767639501E+01
3.34496364495286873E-03  1.31768341588777904E+01
3.35120424876807904E-03  1.31980636409916290E+01
3.35744485258328978E-03  1.32192931231054711E+01
3.36368545639850053E-03  1.32405226052193115E+01
3.36992606021371084E-03  1.32617520873331500E+01
3.37616666402892158E-03  1.32829815694469904E+01
3.38240726784413189E-03  1.33042110515608289E+01
3.38864787165934263E-03  1.33254405336746693E+01
3.39488847547455338E-03  1.33466700157885096E+01
3.40112907928976369E-03  1.33678994979023500E+01
3.40736968310497443E-03  1.33891289800161903E+01
3.41361028692018474E-03  1.34103584621300289E+01
3.41985089073539548E-03  1.34315879442438693E+01
3.42609149455060623E-03  1.34528174263577096E+01
3.43233209836581654E-03  1.34740469084715500E+01
3.43857270218102728E-03  1.34952763905853903E+01
3.44481330599623803E-03  1.35165058726992307E+01
3.45105390981144834E-03  1.35377353548130692E+01
3.45729451362665908E-03  1.35589648369269096E+01
3.46353511744186939E-03  1.35801943190407481E+01
3.46977572125708013E-03  1.36014238011545885E+01
3.47601632507229088E-03  1.36226532832684306E+01
3.48225692888750119E-03  1.36438827653822692E+01
3.48849753270271193E-03  1.36651122474961095E+01
3.49473813651792224E-03  1.36863417296099481E+01
3.50097874033313298E-03  1.37075712117237885E+01
3.50721934414834373E-03  1.37288006938376288E+01
3.51345994796355404E-03  1.37500301759514691E+01
3.51970055177876478E-03  1.37712596580653095E+01
3.52594115559397552E-03  1.37924891401791498E+01
3.53218175940918583E-03  1.38137186222929884E+01
3.53842236322439658E-03  1.38349481044068288E+01
3.54466296703960689E-03  1.38561775865206673E+01
3.55090357085481763E-03  1.38774070686345077E+01
3.55714417467002837E-03  1.38986365507483498E+01
3.56338477848523868E-03  1.39198660328621884E+01
3.56962538230044943E-03  1.39410955149760287E+01
3.57586598611565974E-03  1.39623249970898673E+01
3.58210658993087048E-03  1.39835544792037076E+01
3.58834719374608122E-03  1.40047839613175480E+01
3.59458779756129153E-03  1.40260134434313883E+01
3.60082840137650228E-03  1.40472429255452287E+01
3.60706900519171259E-03  1.40684724076590673E+01
3.61330960900692333E-03  1.40897018897729076E+01
3.61955021282213407E-03  1.41109313718867480E+01
3.62579081663734438E-03  1.41321608540005865E+01
3.63203142045255513E-03  1.41533903361144269E+01
3.63827202426776587E-03  1.41746198182282690E+01
3.64451262808297618E-03  1.41958493003421076E+01
3.65075323189818692E-03  1.42170787824559479E+01
3.65699383571339723E-03  1.42383082645697865E+01
3.66323443952860798E-03  1.42595377466836268E+01
3.66947504334381872E-03  1.42807672287974672E+01
3.67571564715902903E-03  1.43019967109113075E+01
3.68195625097423977E-03  1.43232261930251479E+01
3.68819685478945008E-03  1.43444556751389865E+01
3.69443745860466083E-03  1.43656851572528268E+01
3.70067806241987157E-03  1.43869146393666671E+01
3.70691866623508188E-03  1.44081441214805057E+01
3.71315927005029262E-03  1.44293736035943478E+01
3.71939987386550337E-03  1.44506030857081882E+01
3.72564047768071368E-03  1.44718325678220268E+01
3.73188108149592442E-03  1.44930620499358671E+01
3.73812168531113473E-03  1.45142915320497057E+01
3.74436228912634547E-03  1.45355210141635460E+01
3.75060289294155622E-03  1.45567504962773864E+01
3.75684349675676653E-03  1.45779799783912267E+01
3.76308410057197727E-03  1.45992094605050671E+01
3.76932470438718758E-03  1.46204389426189056E+01
3.77556530820239832E-03  1.46416684247327460E+01
3.78180591201760907E-03  1.46628979068465863E+01
3.78804651583281938E-03  1.46841273889604249E+01
3.79428711964803012E-03  1.47053568710742670E+01
3.80052772346324043E-03  1.47265863531881056E+01
3.80676832727845117E-03  1.47478158353019460E+01
3.81300893109366192E-03  1.47690453174157863E+01
3.81924953490887223E-03  1.47902747995296249E+01
3.82549013872408297E-03  1.48115042816434652E+01
3.83173074253929371E-03  1.48327337637573056E+01
3.83797134635450402E-03  1.48539632458711459E+01
3.84421195016971477E-03  1.48751927279849863E+01
3.85045255398492508E-03  1.48964222100988248E+01
3.85669315780013582E-03  1.49176516922126652E+01
3.86293376161534656E-03  1.49388811743265055E+01
3.86917436543055687E-03  1.49601106564403459E+01
3.87541496924576762E-03  1.49813401385541862E+01
3.88165557306097793E-03  1.50025696206680248E+01
3.88789617687618867E-03  1.50237991027818651E+01
3.89413678069139941E-03  1.50450285848957055E+01
3.90037738450660972E-03  1.50662580670095441E+01
3.90661798832182047E-03  1.50874875491233844E+01
3.91285859213703121E-03  1.51087170312372265E+01
3.91909919595224195E-03  1.51299465133510669E+01
3.92533979976745183E-03  1.51511759954649037E+01
3.93158040358266257E-03  1.51724054775787440E+01
3.93782100739787332E-03  1.51936349596925844E+01
3.94406161121308406E-03  1.52148644418064247E+01
3.95030221502829480E-03  1.52360939239202651E+01
3.95654281884350468E-03  1.52573234060341036E+01
3.96278342265871542E-03  1.52785528881479440E+01
3.96902402647392617E-03  1.52997823702617843E+01
3.97526463028913691E-03  1.53210118523756247E+01
3.98150523410434765E-03  1.53422413344894650E+01
3.98774583791955753E-03  1.53634708166033036E+01
3.99398644173476827E-03  1.53847002987171440E+01
4.00022704554997902E-03  1.54059297808309843E+01
4.00646764936518976E-03  1.54271592629448246E+01
4.01270825318040050E-03  1.54483887450586650E+01
4.01894885699561038E-03  1.54696182271725018E+01
4.02518946081082112E-03  1.54908477092863439E+01
4.03143006462603187E-03  1.55120771914001843E+01
4.03767066844124261E-03  1.55333066735140246E+01
4.04391127225645335E-03  1.55545361556278650E+01
4.05015187607166410E-03  1.55757656377417053E+01
4.05639247988687397E-03  1.55969951198555421E+01
4.06263308370208472E-03  1.56182246019693824E+01
4.06887368751729546E-03  1.56394540840832228E+01
4.07511429133250620E-03  1.56606835661970649E+01
4.08135489514771695E-03  1.56819130483109053E+01
4.08759549896292682E-03  1.57031425304247421E+01
4.09383610277813757E-03  1.57243720125385824E+01
4.10007670659334831E-03  1.57456014946524228E+01
4.10631731040855905E-03  1.57668309767662631E+01
4.11255791422376980E-03  1.57880604588801035E+01
4.11879851803897967E-03  1.58092899409939420E+01
4.12503912185419042E-03  1.58305194231077824E+01
4.13127972566940116E-03  1.58517489052216227E+01
4.13752032948461190E-03  1.58729783873354631E+01
4.14376093329982265E-03  1.58942078694493034E+01
4.15000153711503252E-03  1.59154373515631420E+01
4.15624214093024327E-03  1.59366668336769823E+01
4.16248274474545401E-03  1.59578963157908227E+01
4.16872334856066475E-03  1.59791257979046630E+01
4.17496395237587550E-03  1.60003552800185034E+01
4.18120455619108537E-03  1.60215847621323420E+01
4.18744516000629612E-03  1.60428142442461805E+01
4.19368576382150686E-03  1.60640437263600226E+01
4.19992636763671760E-03  1.60852732084738648E+01
4.20616697145192835E-03  1.61065026905877033E+01
4.21240757526713822E-03  1.61277321727015419E+01
4.21864817908234897E-03  1.61489616548153805E+01
4.22488878289755971E-03  1.61701911369292191E+01
4.23112938671277045E-03  1.61914206190430647E+01
4.23736999052798120E-03  1.62126501011569033E+01
4.24361059434319194E-03  1.62338795832707419E+01
4.24985119815840182E-03  1.62551090653845804E+01
4.25609180197361256E-03  1.62763385474984190E+01
4.26233240578882330E-03  1.62975680296122611E+01
4.26857300960403405E-03  1.63187975117261033E+01
4.27481361341924479E-03  1.63400269938399418E+01
4.28105421723445467E-03  1.63612564759537804E+01
4.28729482104966541E-03  1.63824859580676190E+01
4.29353542486487615E-03  1.64037154401814611E+01
4.29977602868008690E-03  1.64249449222953032E+01
4.30601663249529764E-03  1.64461744044091418E+01
4.31225723631050752E-03  1.64674038865229804E+01
4.31849784012571826E-03  1.64886333686368189E+01
4.32473844394092900E-03  1.65098628507506611E+01
4.33097904775613975E-03  1.65310923328645032E+01
4.33721965157135049E-03  1.65523218149783418E+01
4.34346025538656037E-03  1.65735512970921803E+01
4.34970085920177111E-03  1.65947807792060189E+01
4.35594146301698185E-03  1.66160102613198610E+01
4.36218206683219260E-03  1.66372397434337032E+01
4.36842267064740334E-03  1.66584692255475417E+01
4.37466327446261322E-03  1.66796987076613803E+01
4.38090387827782396E-03  1.67009281897752189E+01
4.38714448209303470E-03  1.67221576718890610E+01
4.39338508590824545E-03  1.67433871540029031E+01
4.39962568972345619E-03  1.67646166361167417E+01
4.40586629353866607E-03  1.67858461182305803E+01
4.41210689735387681E-03  1.68070756003444188E+01
4.41834750116908755E-03  1.68283050824582574E+01
4.42458810498429830E-03  1.68495345645720995E+01
4.43082870879950904E-03  1.68707640466859417E+01
4.43706931261471978E-03  1.68919935287997802E+01
4.44330991642992966E-03  1.69132230109136188E+01
4.44955052024514040E-03  1.69344524930274574E+01
4.45579112406035115E-03  1.69556819751412995E+01
4.46203172787556189E-03  1.69769114572551416E+01
4.46827233169077263E-03  1.69981409393689802E+01
4.47451293550598251E-03  1.70193704214828188E+01
4.48075353932119325E-03  1.70405999035966573E+01
4.48699414313640400E-03  1.70618293857104995E+01
4.49323474695161474E-03  1.70830588678243416E+01
4.49947535076682548E-03  1.71042883499381801E+01
4.50571595458203536E-03  1.71255178320520187E+01
4.51195655839724610E-03  1.71467473141658573E+01
4.51819716221245685E-03  1.71679767962796994E+01
4.52443776602766759E-03  1.71892062783935415E+01
4.53067836984287833E-03  1.72104357605073801E+01
4.53691897365808821E-03  1.72316652426212187E+01
4.54315957747329895E-03  1.72528947247350573E+01
4.54940018128850970E-03  1.72741242068488994E+01
4.55564078510372044E-03  1.72953536889627415E+01
4.56188138891893118E-03  1.73165831710765801E+01
4.56812199273414106E-03  1.73378126531904186E+01
4.57436259654935180E-03  1.73590421353042572E+01
4.58060320036456255E-03  1.73802716174180958E+01
4.58684380417977329E-03  1.74015010995319415E+01
4.59308440799498403E-03  1.74227305816457800E+01
4.59932501181019391E-03  1.74439600637596186E+01
4.60556561562540465E-03  1.74651895458734572E+01
4.61180621944061540E-03  1.74864190279872957E+01
4.61804682325582614E-03  1.75076485101011379E+01
4.62428742707103688E-03  1.75288779922149800E+01
4.63052803088624763E-03  1.75501074743288186E+01
4.63676863470145750E-03  1.75713369564426571E+01
4.64300923851666825E-03  1.75925664385564957E+01
4.64924984233187899E-03  1.76137959206703378E+01
4.65549044614708973E-03  1.76350254027841800E+01
4.66173104996230048E-03  1.76562548848980185E+01
4.66797165377751035E-03  1.76774843670118571E+01
4.67421225759272110E-03  1.76987138491256957E+01
4.68045286140793184E-03  1.77199433312395378E+01
4.68669346522314258E-03  1.77411728133533799E+01
4.69293406903835333E-03  1.77624022954672185E+01
4.69917467285356320E-03  1.77836317775810571E+01
4.70541527666877395E-03  1.78048612596948956E+01
4.71165588048398469E-03  1.78260907418087378E+01
4.71789648429919543E-03  1.78473202239225763E+01
4.72413708811440618E-03  1.78685497060364185E+01
4.73037769192961605E-03  1.78897791881502570E+01
4.73661829574482680E-03  1.79110086702640956E+01
4.74285889956003754E-03  1.79322381523779377E+01
4.74909950337524828E-03  1.79534676344917763E+01
4.75534010719045903E-03  1.79746971166056184E+01
4.76158071100566890E-03  1.79959265987194570E+01
4.76782131482087965E-03  1.80171560808332956E+01
4.77406191863609039E-03  1.80383855629471377E+01
4.78030252245130113E-03  1.80596150450609763E+01
4.78654312626651188E-03  1.80808445271748184E+01
4.79278373008172262E-03  1.81020740092886570E+01
4.79902433389693250E-03  1.81233034914024955E+01
4.80526493771214324E-03  1.81445329735163376E+01
4.81150554152735398E-03  1.81657624556301762E+01
4.81774614534256473E-03  1.81869919377440183E+01
4.82398674915777547E-03  1.82082214198578569E+01
4.83022735297298535E-03  1.82294509019716955E+01
4.83646795678819609E-03  1.82506803840855341E+01
4.84270856060340683E-03  1.82719098661993762E+01
4.84894916441861758E-03  1.82931393483132183E+01
4.85518976823382832E-03  1.83143688304270569E+01
4.86143037204903820E-03  1.83355983125408954E+01
4.86767097586424894E-03  1.83568277946547340E+01
4.87391157967945968E-03  1.83780572767685761E+01
4.88015218349467043E-03  1.83992867588824147E+01
4.88639278730988117E-03  1.84205162409962568E+01
4.89263339112509105E-03  1.84417457231100954E+01
4.89887399494030179E-03  1.84629752052239340E+01
4.90511459875551253E-03  1.84842046873377761E+01
4.91135520257072328E-03  1.85054341694516147E+01
4.91759580638593402E-03  1.85266636515654568E+01
4.92383641020114390E-03  1.85478931336792954E+01
4.93007701401635464E-03  1.85691226157931339E+01
4.93631761783156538E-03  1.85903520979069761E+01
4.94255822164677613E-03  1.86115815800208146E+01
4.94879882546198687E-03  1.86328110621346568E+01
4.95503942927719675E-03  1.86540405442484953E+01
4.96128003309240749E-03  1.86752700263623339E+01
4.96752063690761823E-03  1.86964995084761760E+01
4.97376124072282898E-03  1.87177289905900146E+01
4.98000184453803972E-03  1.87389584727038567E+01
4.98624244835325046E-03  1.87601879548176953E+01
4.99248305216846034E-03  1.87814174369315339E+01
4.99872365598367108E-03  1.88026469190453724E+01
5.00496425979888183E-03  1.88238764011592146E+01
5.01120486361409257E-03  1.88451058832730567E+01
5.01744546742930331E-03  1.88663353653868953E+01
5.02368607124451319E-03  1.88875648475007338E+01
5.02992667505972393E-03  1.89087943296145724E+01
5.03616727887493468E-03  1.89300238117284145E+01
5.04240788269014542E-03  1.89512532938422531E+01
5.04864848650535616E-03  1.89724827759560952E+01
5.05488909032056604E-03  1.89937122580699338E+01
5.06112969413577678E-03  1.90149417401837724E+01
5.06737029795098753E-03  1.90361712222976145E+01
5.07361090176619827E-03  1.90574007044114531E+01
5.07985150558140901E-03  1.90786301865252952E+01
5.08609210939661889E-03  1.90998596686391338E+01
5.09233271321182963E-03  1.91210891507529723E+01
5.09857331702704038E-03  1.91423186328668145E+01
5.10481392084225112E-03  1.91635481149806530E+01
5.11105452465746186E-03  1.91847775970944951E+01
5.11729512847267174E-03  1.92060070792083337E+01
5.12353573228788248E-03  1.92272365613221723E+01
5.12977633610309323E-03  1.92484660434360144E+01
5.13601693991830397E-03  1.92696955255498530E+01
5.14225754373351471E-03  1.92909250076636951E+01
5.14849814754872459E-03  1.93121544897775301E+01
5.15473875136393533E-03  1.93333839718913723E+01
5.16097935517914608E-03  1.93546134540052144E+01
5.16721995899435682E-03  1.93758429361190530E+01
5.17346056280956756E-03  1.93970724182328951E+01
5.17970116662477831E-03  1.94183019003467336E+01
5.18594177043998818E-03  1.94395313824605722E+01
5.19218237425519893E-03  1.94607608645744108E+01
5.19842297807040967E-03  1.94819903466882529E+01
5.20466358188562041E-03  1.95032198288020950E+01
5.21090418570083116E-03  1.95244493109159336E+01
5.21714478951604103E-03  1.95456787930297722E+01
5.22338539333125178E-03  1.95669082751436108E+01
5.22962599714646252E-03  1.95881377572574529E+01
5.23586660096167326E-03  1.96093672393712914E+01
5.24210720477688401E-03  1.96305967214851336E+01
5.24834780859209388E-03  1.96518262035989721E+01
5.25458841240730463E-03  1.96730556857128107E+01
5.26082901622251537E-03  1.96942851678266528E+01
5.26706962003772611E-03  1.97155146499404914E+01
5.27331022385293686E-03  1.97367441320543335E+01
5.27955082766814673E-03  1.97579736141681721E+01
5.28579143148335748E-03  1.97792030962820107E+01
5.29203203529856822E-03  1.98004325783958528E+01
5.29827263911377896E-03  1.98216620605096914E+01
5.30451324292898971E-03  1.98428915426235335E+01
5.31075384674419958E-03  1.98641210247373685E+01
5.31699445055941033E-03  1.98853505068512106E+01
5.32323505437462107E-03  1.99065799889650528E+01
5.32947565818983181E-03  1.99278094710788913E+01
5.33571626200504256E-03  1.99490389531927335E+01
5.34195686582025243E-03  1.99702684353065685E+01
5.34819746963546318E-03  1.99914979174204106E+01
5.35443807345067392E-03  2.00127273995342492E+01
5.36067867726588466E-03  2.00339568816480913E+01
5.36691928108109541E-03  2.00551863637619334E+01
5.37315988489630615E-03  2.00764158458757720E+01
5.37940048871151603E-03  2.00976453279896106E+01
5.38564109252672677E-03  2.01188748101034491E+01
5.39188169634193751E-03  2.01401042922172913E+01
5.39812230015714826E-03  2.01613337743311298E+01
5.40436290397235900E-03  2.01825632564449720E+01
5.41060350778756888E-03  2.02037927385588105E+01
5.41684411160277962E-03  2.02250222206726491E+01
5.42308471541799036E-03  2.02462517027864912E+01
5.42932531923320111E-03  2.02674811849003298E+01
5.43556592304841185E-03  2.02887106670141719E+01
5.44180652686362173E-03  2.03099401491280105E+01
5.44804713067883247E-03  2.03311696312418491E+01
5.45428773449404321E-03  2.03523991133556912E+01
5.46052833830925396E-03  2.03736285954695298E+01
5.46676894212446470E-03  2.03948580775833719E+01
5.47300954593967458E-03  2.04160875596972105E+01
5.47925014975488532E-03  2.04373170418110490E+01
5.48549075357009606E-03  2.04585465239248911E+01
5.49173135738530681E-03  2.04797760060387297E+01
5.49797196120051755E-03  2.05010054881525718E+01
5.50421256501572743E-03  2.05222349702664069E+01
5.51045316883093817E-03  2.05434644523802490E+01
5.51669377264614891E-03  2.05646939344940911E+01
5.52293437646135966E-03  2.05859234166079297E+01
5.52917498027657040E-03  2.06071528987217718E+01
5.53541558409178028E-03  2.06283823808356068E+01
5.54165618790699102E-03  2.06496118629494489E+01
5.54789679172220176E-03  2.06708413450632875E+01
5.55413739553741251E-03  2.06920708271771296E+01
5.56037799935262325E-03  2.07133003092909682E+01
5.56661860316783400E-03  2.07345297914048103E+01
5.57285920698304387E-03  2.07557592735186489E+01
5.57909981079825461E-03  2.07769887556324875E+01
5.58534041461346536E-03  2.07982182377463296E+01
5.59158101842867610E-03  2.08194477198601682E+01
5.59782162224388685E-03  2.08406772019740103E+01
5.60406222605909672E-03  2.08619066840878489E+01
5.61030282987430746E-03  2.08831361662016874E+01
5.61654343368951821E-03  2.09043656483155296E+01
5.62278403750472895E-03  2.09255951304293681E+01
5.62902464131993970E-03  2.09468246125432103E+01
5.63526524513514957E-03  2.09680540946570488E+01
5.64150584895036031E-03  2.09892835767708874E+01
5.64774645276557106E-03  2.10105130588847295E+01
5.65398705658078180E-03  2.10317425409985681E+01
5.66022766039599255E-03  2.10529720231124102E+01
5.66646826421120242E-03  2.10742015052262452E+01
5.67270886802641316E-03  2.10954309873400874E+01
5.67894947184162391E-03  2.11166604694539295E+01
5.68519007565683465E-03  2.11378899515677681E+01
5.69143067947204540E-03  2.11591194336816102E+01
5.69767128328725527E-03  2.11803489157954452E+01
5.70391188710246601E-03  2.12015783979092873E+01
5.71015249091767676E-03  2.12228078800231259E+01
5.71639309473288750E-03  2.12440373621369680E+01
5.72263369854809825E-03  2.12652668442508102E+01
5.72887430236330812E-03  2.12864963263646452E+01
5.73511490617851886E-03  2.13077258084784873E+01
5.74135550999372961E-03  2.13289552905923259E+01
5.74759611380894035E-03  2.13501847727061680E+01
5.75383671762415110E-03  2.13714142548200066E+01
5.76007732143936184E-03  2.13926437369338487E+01
5.76631792525457171E-03  2.14138732190476873E+01
5.77255852906978246E-03  2.14351027011615258E+01
5.77879913288499320E-03  2.14563321832753680E+01
5.78503973670020395E-03  2.14775616653892065E+01
5.79128034051541469E-03  2.14987911475030486E+01
5.79752094433062456E-03  2.15200206296168872E+01
5.80376154814583531E-03  2.15412501117307258E+01
5.81000215196104605E-03  2.15624795938445679E+01
5.81624275577625680E-03  2.15837090759584065E+01
5.82248335959146754E-03  2.16049385580722486E+01
5.82872396340667741E-03  2.16261680401860836E+01
5.83496456722188816E-03  2.16473975222999258E+01
5.84120517103709890E-03  2.16686270044137679E+01
5.84744577485230965E-03  2.16898564865276064E+01
5.85368637866752039E-03  2.17110859686414486E+01
5.85992698248273026E-03  2.17323154507552836E+01
5.86616758629794101E-03  2.17535449328691257E+01
5.87240819011315175E-03  2.17747744149829643E+01
5.87864879392836250E-03  2.17960038970968064E+01
5.88488939774357324E-03  2.18172333792106485E+01
5.89113000155878311E-03  2.18384628613244836E+01
5.89737060537399386E-03  2.18596923434383257E+01
5.90361120918920460E-03  2.18809218255521643E+01
5.90985181300441535E-03  2.19021513076660064E+01
5.91609241681962609E-03  2.19233807897798449E+01
5.92233302063483683E-03  2.19446102718936871E+01
5.92857362445004671E-03  2.19658397540075256E+01
5.93481422826525745E-03  2.19870692361213642E+01
5.94105483208046820E-03  2.20082987182352063E+01
5.94729543589567894E-03  2.20295282003490449E+01
5.95353603971088968E-03  2.20507576824628870E+01
5.95977664352609956E-03  2.20719871645767256E+01
5.96601724734131030E-03  2.20932166466905642E+01
5.97225785115652105E-03  2.21144461288044063E+01
5.97849845497173179E-03  2.21356756109182449E+01
5.98473905878694253E-03  2.21569050930320870E+01
5.99097966260215241E-03  2.21781345751459256E+01
5.99722026641736315E-03  2.21993640572597641E+01
6.00346087023257390E-03  2.22205935393736063E+01
6.00970147404778464E-03  2.22418230214874448E+01
6.01594207786299538E-03  2.22630525036012870E+01
6.02218268167820526E-03  2.22842819857151220E+01
6.02842328549341600E-03  2.23055114678289641E+01
6.03466388930862675E-03  2.23267409499428062E+01
6.04090449312383749E-03  2.23479704320566448E+01
6.04714509693904823E-03  2.23691999141704869E+01
6.05338570075425811E-03  2.23904293962843219E+01
6.05962630456946885E-03  2.24116588783981641E+01
6.06586690838467960E-03  2.24328883605120026E+01
6.07210751219989034E-03  2.24541178426258448E+01
6.07834811601510108E-03  2.24753473247396869E+01
6.08458871983031096E-03  2.24965768068535219E+01
6.09082932364552170E-03  2.25178062889673640E+01
6.09706992746073245E-03  2.25390357710812026E+01
6.10331053127594319E-03  2.25602652531950447E+01
6.10955113509115393E-03  2.25814947353088833E+01
6.11579173890636468E-03  2.26027242174227254E+01
6.12203234272157455E-03  2.26239536995365640E+01
6.12827294653678530E-03  2.26451831816504026E+01
6.13451355035199604E-03  2.26664126637642447E+01
6.14075415416720678E-03  2.26876421458780833E+01
6.14699475798241753E-03  2.27088716279919254E+01
6.15323536179762740E-03  2.27301011101057640E+01
6.15947596561283815E-03  2.27513305922196025E+01
6.16571656942804889E-03  2.27725600743334446E+01
6.17195717324325963E-03  2.27937895564472832E+01
6.17819777705847038E-03  2.28150190385611253E+01
6.18443838087368025E-03  2.28362485206749604E+01
6.19067898468889100E-03  2.28574780027888025E+01
6.19691958850410174E-03  2.28787074849026446E+01
6.20316019231931248E-03  2.28999369670164832E+01
6.20940079613452323E-03  2.29211664491303253E+01
6.21564139994973310E-03  2.29423959312441603E+01
6.22188200376494385E-03  2.29636254133580024E+01
6.22812260758015459E-03  2.29848548954718410E+01
6.23436321139536533E-03  2.30060843775856831E+01
