0.00000000000000000E+00  0.00000000000000000E+00
6.67326480881424213E-06  1.89326542894019179E-01
1.33465296176284843E-05  3.78653085788038357E-01
2.00197944264427264E-05  5.67979628682057536E-01
2.66930592352569685E-05  7.57306171576076714E-01
3.33663240440712107E-05  9.46632714470096004E-01
4.00395888528854528E-05  1.13595925736411507E+00
4.67128536616996949E-05  1.32528580025813425E+00
5.33861184705139370E-05  1.51461234315215343E+00
6.00593832793281792E-05  1.70393888604617261E+00
6.67326480881424213E-05  1.89326542894019201E+00
7.34059128969566702E-05  2.08259197183421119E+00
8.00791777057709056E-05  2.27191851472823014E+00
8.67524425145851409E-05  2.46124505762224910E+00
9.34257073233993898E-05  2.65057160051626850E+00
1.00098972132213639E-04  2.83147193224795313E+00
1.06772236941027874E-04  2.85440602978808844E+00
1.13445501749842109E-04  2.87734012732822375E+00
1.20118766558656358E-04  2.90027422486835951E+00
1.26792031367470607E-04  2.92320832240849482E+00
1.33465296176284843E-04  2.94614241994863058E+00
1.40138560985099078E-04  2.96907651748876589E+00
1.46811825793913340E-04  2.99201061502890120E+00
1.53485090602727576E-04  3.01494471256903696E+00
1.60158355411541811E-04  3.03787881010917227E+00
1.66831620220356046E-04  3.06081290764930802E+00
1.73504885029170282E-04  3.08374700518944334E+00
1.80178149837984544E-04  3.10668110272957865E+00
1.86851414646798780E-04  3.12961520026971440E+00
1.93524679455613015E-04  3.15254929780984972E+00
2.00197944264427277E-04  3.17548339534998547E+00
2.06871209073241513E-04  3.19841749289012078E+00
2.13544473882055748E-04  3.22135159043025610E+00
2.20217738690869984E-04  3.24428568797039185E+00
2.26891003499684219E-04  3.26721978551052716E+00
2.33564268308498481E-04  3.29015388305066292E+00
2.40237533117312717E-04  3.31308798059079823E+00
2.46910797926126952E-04  3.33602207813093354E+00
2.53584062734941214E-04  3.35895617567106930E+00
2.60257327543755423E-04  3.38189027321120461E+00
2.66930592352569685E-04  3.40482437075134037E+00
2.73603857161383948E-04  3.42775846829147568E+00
2.80277121970198156E-04  3.45069256583161099E+00
2.86950386779012418E-04  3.47362666337174675E+00
2.93623651587826681E-04  3.49656076091188206E+00
3.00296916396640889E-04  3.51949485845201782E+00
3.06970181205455152E-04  3.54242895599215313E+00
3.13643446014269360E-04  3.56536305353228844E+00
3.20316710823083622E-04  3.58829715107242375E+00
3.26989975631897885E-04  3.61123124861255951E+00
3.33663240440712093E-04  3.63416534615269482E+00
3.40336505249526355E-04  3.65709944369283058E+00
3.47009770058340564E-04  3.68003354123296589E+00
3.53683034867154826E-04  3.70296763877310120E+00
3.60356299675969089E-04  3.72590173631323696E+00
3.67029564484783297E-04  3.74883583385337227E+00
3.73702829293597559E-04  3.77176993139350802E+00
3.80376094102411822E-04  3.79470402893364334E+00
3.87049358911226030E-04  3.81763812647377865E+00
3.93722623720040292E-04  3.84057222401391440E+00
4.00395888528854555E-04  3.86350632155405016E+00
4.07069153337668763E-04  3.88644041909418547E+00
4.13742418146483026E-04  3.90937451663432078E+00
4.20415682955297234E-04  3.93230861417445610E+00
4.27088947764111496E-04  3.95524271171459141E+00
4.33762212572925759E-04  3.97817680925472761E+00
4.40435477381739967E-04  4.00111090679486292E+00
4.47108742190554229E-04  4.02404500433499823E+00
4.53782006999368438E-04  4.04697910187513354E+00
4.60455271808182700E-04  4.06991319941526886E+00
4.67128536616996963E-04  4.09284729695540506E+00
4.73801801425811171E-04  4.11578139449554037E+00
4.80475066234625433E-04  4.13871549203567568E+00
4.87148331043439696E-04  4.16164958957581099E+00
4.93821595852253904E-04  4.18458368711594630E+00
5.00494860661068112E-04  4.20751778465608162E+00
5.07168125469882429E-04  4.23045188219621782E+00
5.13841390278696637E-04  4.25338597973635313E+00
5.20514655087510845E-04  4.27632007727648844E+00
5.27187919896325162E-04  4.29925417481662464E+00
5.33861184705139370E-04  4.32218827235675995E+00
5.40534449513953579E-04  4.34512236989689526E+00
5.47207714322767895E-04  4.36805646743703058E+00
5.53880979131582104E-04  4.39099056497716589E+00
5.60554243940396312E-04  4.41392466251730120E+00
5.67227508749210628E-04  4.43685876005743651E+00
5.73900773558024837E-04  4.45979285759757271E+00
5.80574038366839045E-04  4.48272695513770802E+00
5.87247303175653362E-04  4.50566105267784334E+00
5.93920567984467570E-04  4.52859515021797954E+00
6.00593832793281778E-04  4.55152924775811485E+00
6.07267097602095986E-04  4.57446334529825016E+00
6.13940362410910303E-04  4.59739744283838547E+00
6.20613627219724511E-04  4.62033154037852078E+00
6.27286892028538720E-04  4.64326563791865610E+00
6.33960156837353036E-04  4.66619973545879141E+00
6.40633421646167244E-04  4.68913383299892672E+00
6.47306686454981453E-04  4.71206793053906203E+00
6.53979951263795769E-04  4.73500202807919823E+00
6.60653216072609978E-04  4.75793612561933354E+00
6.67326480881424186E-04  4.78087022315946886E+00
6.73999745690238503E-04  4.80380432069960506E+00
6.80673010499052711E-04  4.82673841823974037E+00
6.87346275307866919E-04  4.84967251577987568E+00
6.94019540116681127E-04  4.87260661332001099E+00
7.00692804925495444E-04  4.89554071086014631E+00
7.07366069734309652E-04  4.91847480840028162E+00
7.14039334543123860E-04  4.94140890594041693E+00
7.20712599351938177E-04  4.96434300348055313E+00
7.27385864160752385E-04  4.98727710102068844E+00
7.34059128969566594E-04  5.01021119856082375E+00
7.40732393778380910E-04  5.03314529610095995E+00
7.47405658587195119E-04  5.05607939364109527E+00
7.54078923396009327E-04  5.07901349118123058E+00
7.60752188204823643E-04  5.10194758872136589E+00
7.67425453013637852E-04  5.12488168626150120E+00
7.74098717822452060E-04  5.14781578380163651E+00
7.80771982631266377E-04  5.17074988134177271E+00
7.87445247440080585E-04  5.19368397888190803E+00
7.94118512248894793E-04  5.21661807642204334E+00
8.00791777057709110E-04  5.23955217396217954E+00
8.07465041866523318E-04  5.26248627150231485E+00
8.14138306675337526E-04  5.28542036904245016E+00
8.20811571484151735E-04  5.30835446658258547E+00
8.27484836292966051E-04  5.33128856412272079E+00
8.34158101101780259E-04  5.35422266166285610E+00
8.40831365910594468E-04  5.37715675920299141E+00
8.47504630719408784E-04  5.40009085674312672E+00
8.54177895528222993E-04  5.42302495428326203E+00
8.60851160337037201E-04  5.44595905182339823E+00
8.67524425145851518E-04  5.46889314936353443E+00
8.74197689954665726E-04  5.49182724690366975E+00
8.80870954763479934E-04  5.51476134444380506E+00
8.87544219572294251E-04  5.53769544198394037E+00
8.94217484381108459E-04  5.56062953952407568E+00
9.00890749189922667E-04  5.58356363706421099E+00
9.07564013998736875E-04  5.60649773460434631E+00
9.14237278807551192E-04  5.62943183214448162E+00
9.20910543616365400E-04  5.65236592968461693E+00
9.27583808425179609E-04  5.67530002722475224E+00
9.34257073233993925E-04  5.69823412476488844E+00
9.40930338042808134E-04  5.72080642852405763E+00
9.47603602851622342E-04  5.74101973582932956E+00
9.54276867660436658E-04  5.76123304313460149E+00
9.60950132469250867E-04  5.78144635043987343E+00
9.67623397278065075E-04  5.80165965774514447E+00
9.74296662086879392E-04  5.82187296505041729E+00
9.80969926895693600E-04  5.84208627235568922E+00
9.87643191704507808E-04  5.86229957966096116E+00
9.94316456513322016E-04  5.88251288696623220E+00
1.00098972132213622E-03  5.90272619427150502E+00
1.00766298613095065E-03  5.92293950157677696E+00
1.01433625093976486E-03  5.94315280888204889E+00
1.02100951574857907E-03  5.96336611618732082E+00
1.02768278055739327E-03  5.98357942349259275E+00
1.03435604536620748E-03  6.00379273079786380E+00
1.04102931017502169E-03  6.02400603810313662E+00
1.04770257498383612E-03  6.04421934540840855E+00
1.05437583979265032E-03  6.06443265271368048E+00
1.06104910460146453E-03  6.08464596001895242E+00
1.06772236941027874E-03  6.10485926732422435E+00
1.07439563421909295E-03  6.12507257462949539E+00
1.08106889902790716E-03  6.14528588193476821E+00
1.08774216383672137E-03  6.16549918924003926E+00
1.09441542864553579E-03  6.18571249654531208E+00
1.10108869345435000E-03  6.20592580385058312E+00
1.10776195826316421E-03  6.22613911115585594E+00
1.11443522307197842E-03  6.24635241846112699E+00
1.12110848788079262E-03  6.26656572576639981E+00
1.12778175268960683E-03  6.28677903307167085E+00
1.13445501749842126E-03  6.30699234037694367E+00
1.14112828230723547E-03  6.32720564768221472E+00
1.14780154711604967E-03  6.34741895498748754E+00
1.15447481192486388E-03  6.36763226229275858E+00
1.16114807673367809E-03  6.38784556959803140E+00
1.16782134154249230E-03  6.40805887690330245E+00
1.17449460635130672E-03  6.42827218420857527E+00
1.18116787116012093E-03  6.44848549151384631E+00
1.18784113596893514E-03  6.46869879881911913E+00
1.19451440077774935E-03  6.48891210612439018E+00
1.20118766558656356E-03  6.50912541342966211E+00
1.20786093039537776E-03  6.52933872073493404E+00
1.21453419520419197E-03  6.54955202804020598E+00
1.22120746001300640E-03  6.56976533534547791E+00
1.22788072482182061E-03  6.58997864265075073E+00
1.23455398963063481E-03  6.61019194995602177E+00
1.24122725443944902E-03  6.63040525726129371E+00
1.24790051924826323E-03  6.65061856456656564E+00
1.25457378405707744E-03  6.67083187187183757E+00
1.26124704886589186E-03  6.69104517917710950E+00
1.26792031367470607E-03  6.71125848648238232E+00
1.27459357848352028E-03  6.73147179378765337E+00
1.28126684329233449E-03  6.75168510109292530E+00
1.28794010810114870E-03  6.77189840839819723E+00
1.29461337290996291E-03  6.79211171570346917E+00
1.30128663771877711E-03  6.81232502300874110E+00
1.30795990252759154E-03  6.83253833031401392E+00
1.31463316733640575E-03  6.85275163761928496E+00
1.32130643214521996E-03  6.87296494492455690E+00
1.32797969695403416E-03  6.89317825222982883E+00
1.33465296176284837E-03  6.91339155953510076E+00
1.34132622657166258E-03  6.93360486684037269E+00
1.34799949138047701E-03  6.95381817414564463E+00
1.35467275618929121E-03  6.97403148145091656E+00
1.36134602099810542E-03  6.99424478875618849E+00
1.36801928580691963E-03  7.01445809606146042E+00
1.37469255061573384E-03  7.03467140336673236E+00
1.38136581542454805E-03  7.05488471067200429E+00
1.38803908023336225E-03  7.07509801797727622E+00
1.39471234504217668E-03  7.09531132528254815E+00
1.40138560985099089E-03  7.11552463258782009E+00
1.40805887465980510E-03  7.13573793989309202E+00
1.41473213946861930E-03  7.15595124719836395E+00
1.42140540427743351E-03  7.17616455450363588E+00
1.42807866908624772E-03  7.19637786180890782E+00
1.43475193389506215E-03  7.21659116911417975E+00
1.44142519870387635E-03  7.23680447641945168E+00
1.44809846351269056E-03  7.25701778372472361E+00
1.45477172832150477E-03  7.27723109102999555E+00
1.46144499313031898E-03  7.29744439833526748E+00
1.46811825793913319E-03  7.31765770564053852E+00
1.47479152274794761E-03  7.33787101294581134E+00
1.48146478755676182E-03  7.35808432025108328E+00
1.48813805236557603E-03  7.37829762755635521E+00
1.49481131717439024E-03  7.39851093486162714E+00
1.50148458198320445E-03  7.41872424216689907E+00
1.50815784679201865E-03  7.43893754947217012E+00
1.51483111160083286E-03  7.45915085677744205E+00
1.52150437640964729E-03  7.47936416408271487E+00
1.52817764121846150E-03  7.49957747138798680E+00
1.53485090602727570E-03  7.51979077869325874E+00
1.54152417083608991E-03  7.54000408599853067E+00
1.54819743564490412E-03  7.56021739330380171E+00
1.55487070045371833E-03  7.58043070060907365E+00
1.56154396526253275E-03  7.60064400791434647E+00
1.56821723007134696E-03  7.62085731521961840E+00
1.57489049488016117E-03  7.64107062252489033E+00
1.58156375968897538E-03  7.66128392983016138E+00
1.58823702449778959E-03  7.68149723713543331E+00
1.59491028930660379E-03  7.70171054444070524E+00
1.60158355411541822E-03  7.72192385174597806E+00
1.60825681892423243E-03  7.74213715905124999E+00
1.61493008373304664E-03  7.76235046635652193E+00
1.62160334854186084E-03  7.78256377366179297E+00
1.62827661335067505E-03  7.80277708096706490E+00
1.63494987815948926E-03  7.82299038827233684E+00
1.64162314296830347E-03  7.84320369557760877E+00
1.64829640777711789E-03  7.86341700288288159E+00
1.65496967258593210E-03  7.88363031018815352E+00
1.66164293739474631E-03  7.90384361749342457E+00
1.66831620220356052E-03  7.92405692479869650E+00
1.67498946701237473E-03  7.94427023210396843E+00
1.68166273182118894E-03  7.96448353940924036E+00
1.68833599663000336E-03  7.98469684671451319E+00
1.69500926143881757E-03  8.00491015401978423E+00
1.70168252624763178E-03  8.02512346132505527E+00
1.70835579105644599E-03  8.04533676863032809E+00
1.71502905586526019E-03  8.06555007593560092E+00
1.72170232067407440E-03  8.08576338324087196E+00
1.72837558548288861E-03  8.10597669054614300E+00
1.73504885029170304E-03  8.12618999785141582E+00
1.74172211510051724E-03  8.14640330515668865E+00
1.74839537990933145E-03  8.16661661246195969E+00
1.75506864471814566E-03  8.18682991976723073E+00
1.76174190952695987E-03  8.20704322707250356E+00
1.76841517433577408E-03  8.22725653437777638E+00
1.77508843914458850E-03  8.24746984168304742E+00
1.78176170395340271E-03  8.26768314898831846E+00
1.78843496876221692E-03  8.28789645629359129E+00
1.79510823357103113E-03  8.30810976359886411E+00
1.80178149837984533E-03  8.32832307090413515E+00
1.80845476318865954E-03  8.34853637820940619E+00
1.81512802799747375E-03  8.36874968551467902E+00
1.82180129280628818E-03  8.38896299281995184E+00
1.82847455761510238E-03  8.40917630012522288E+00
1.83514782242391659E-03  8.42938960743049392E+00
1.84182108723273080E-03  8.44960291473576675E+00
1.84849435204154501E-03  8.46981622204103957E+00
1.85516761685035922E-03  8.49002952934631061E+00
1.86184088165917364E-03  8.51024283665158165E+00
1.86851414646798785E-03  8.53045614395685448E+00
1.87518741127680206E-03  8.55066945126212730E+00
1.88186067608561627E-03  8.57088275856739834E+00
1.88853394089443048E-03  8.59109606587266939E+00
1.89520720570324468E-03  8.61130937317794221E+00
1.90188047051205911E-03  8.63152268048321503E+00
1.90855373532087332E-03  8.65173598778848607E+00
1.91522700012968753E-03  8.67194929509375712E+00
1.92190026493850173E-03  8.69216260239902994E+00
1.92857352974731594E-03  8.71237590970430276E+00
1.93524679455613015E-03  8.73258921700957202E+00
1.94192005936494436E-03  8.75280252431484485E+00
1.94859332417375878E-03  8.77301583162011767E+00
1.95526658898257299E-03  8.79322913892539049E+00
1.96193985379138720E-03  8.81344244623066153E+00
1.96861311860020141E-03  8.83365575353593258E+00
1.97528638340901562E-03  8.85386906084120540E+00
1.98195964821782982E-03  8.87408236814647644E+00
1.98863291302664403E-03  8.89429567545174748E+00
1.99530617783545824E-03  8.91450898275702031E+00
2.00197944264427245E-03  8.93472229006229313E+00
2.00865270745308709E-03  8.95493559736756595E+00
2.01532597226190130E-03  8.97514890467283699E+00
2.02199923707071551E-03  8.99536221197810804E+00
2.02867250187952972E-03  9.01557551928338086E+00
2.03534576668834392E-03  9.03578882658865368E+00
2.04201903149715813E-03  9.05600213389392472E+00
2.04869229630597234E-03  9.07621544119919577E+00
2.05536556111478655E-03  9.09642874850446859E+00
2.06203882592360076E-03  9.11664205580973963E+00
2.06871209073241497E-03  9.13685536311501068E+00
2.07538535554122917E-03  9.15706867042028350E+00
2.08205862035004338E-03  9.17728197772555632E+00
2.08873188515885759E-03  9.19749528503082736E+00
2.09540514996767223E-03  9.21770859233610018E+00
2.10207841477648644E-03  9.23792189964137123E+00
2.10875167958530065E-03  9.25813520694664405E+00
2.11542494439411486E-03  9.27834851425191687E+00
2.12209820920292907E-03  9.29856182155718791E+00
2.12877147401174327E-03  9.31877512886245896E+00
2.13544473882055748E-03  9.33898843616773178E+00
2.14211800362937169E-03  9.35920174347300282E+00
2.14879126843818590E-03  9.37941505077827387E+00
2.15546453324700011E-03  9.39962835808354669E+00
2.16213779805581431E-03  9.41984166538881951E+00
2.16881106286462852E-03  9.44005497269409055E+00
2.17548432767344273E-03  9.46026827999936160E+00
2.18215759248225737E-03  9.48048158730463442E+00
2.18883085729107158E-03  9.50069489460990724E+00
2.19550412209988579E-03  9.52090820191518006E+00
2.20217738690870000E-03  9.54112150922044933E+00
2.20885065171751421E-03  9.56133481652572215E+00
2.21552391652632841E-03  9.58154812383099497E+00
2.22219718133514262E-03  9.60176143113626601E+00
2.22887044614395683E-03  9.62197473844153706E+00
2.23554371095277104E-03  9.64218804574680988E+00
2.24221697576158525E-03  9.66240135305208270E+00
2.24889024057039946E-03  9.68261466035735374E+00
2.25556350537921366E-03  9.70282796766262479E+00
2.26223677018802787E-03  9.72304127496789761E+00
2.26891003499684251E-03  9.74325458227317043E+00
2.27558329980565672E-03  9.76346788957844147E+00
2.28225656461447093E-03  9.78368119688371252E+00
2.28892982942328514E-03  9.80389450418898534E+00
2.29560309423209935E-03  9.82410781149425816E+00
2.30227635904091356E-03  9.84432111879952920E+00
2.30894962384972776E-03  9.86453442610480025E+00
2.31562288865854197E-03  9.88474773341007307E+00
2.32229615346735618E-03  9.90496104071534589E+00
2.32896941827617039E-03  9.92517434802061516E+00
2.33564268308498460E-03  9.94538765532588798E+00
2.34231594789379880E-03  9.96560096263116080E+00
2.34898921270261345E-03  9.98581426993643362E+00
2.35566247751142765E-03  1.00060275772417047E+01
2.36233574232024186E-03  1.00262408845469757E+01
2.36900900712905607E-03  1.00464541918522485E+01
2.37568227193787028E-03  1.00666674991575213E+01
2.38235553674668449E-03  1.00868808064627924E+01
2.38902880155549870E-03  1.01070941137680634E+01
2.39570206636431290E-03  1.01273074210733363E+01
2.40237533117312711E-03  1.01475207283786073E+01
2.40904859598194132E-03  1.01677340356838783E+01
2.41572186079075553E-03  1.01879473429891512E+01
2.42239512559956974E-03  1.02081606502944240E+01
2.42906839040838395E-03  1.02283739575996950E+01
2.43574165521719859E-03  1.02485872649049679E+01
2.44241492002601280E-03  1.02688005722102389E+01
2.44908818483482700E-03  1.02890138795155117E+01
2.45576144964364121E-03  1.03092271868207845E+01
2.46243471445245542E-03  1.03294404941260556E+01
2.46910797926126963E-03  1.03496538014313266E+01
2.47578124407008384E-03  1.03698671087365994E+01
2.48245450887889805E-03  1.03900804160418705E+01
2.48912777368771225E-03  1.04102937233471415E+01
2.49580103849652646E-03  1.04305070306524144E+01
2.50247430330534067E-03  1.04507203379576872E+01
2.50914756811415488E-03  1.04709336452629582E+01
2.51582083292296909E-03  1.04911469525682293E+01
2.52249409773178373E-03  1.05113602598735021E+01
2.52916736254059794E-03  1.05315735671787749E+01
2.53584062734941214E-03  1.05517868744840477E+01
2.54251389215822635E-03  1.05720001817893188E+01
2.54918715696704056E-03  1.05922134890945898E+01
2.55586042177585477E-03  1.06124267963998626E+01
2.56253368658466898E-03  1.06326401037051337E+01
2.56920695139348319E-03  1.06528534110104047E+01
2.57588021620229739E-03  1.06730667183156775E+01
2.58255348101111160E-03  1.06932800256209504E+01
2.58922674581992581E-03  1.07134933329262214E+01
2.59590001062874002E-03  1.07337066402314925E+01
2.60257327543755423E-03  1.07539199475367653E+01
2.60924654024636887E-03  1.07741332548420381E+01
2.61591980505518308E-03  1.07943465621473109E+01
2.62259306986399729E-03  1.08145598694525820E+01
2.62926633467281149E-03  1.08347731767578530E+01
2.63593959948162570E-03  1.08549864840631258E+01
2.64261286429043991E-03  1.08751997913683969E+01
2.64928612909925412E-03  1.08954130986736697E+01
2.65595939390806833E-03  1.09156264059789407E+01
2.66263265871688254E-03  1.09358397132842118E+01
2.66930592352569674E-03  1.09560530205894846E+01
2.67597918833451095E-03  1.09762663278947556E+01
2.68265245314332516E-03  1.09964796352000285E+01
2.68932571795213937E-03  1.10166929425052995E+01
2.69599898276095401E-03  1.10369062498105723E+01
2.70267224756976822E-03  1.10571195571158452E+01
2.70934551237858243E-03  1.10773328644211162E+01
2.71601877718739664E-03  1.10975461717263890E+01
2.72269204199621084E-03  1.11177594790316601E+01
2.72936530680502505E-03  1.11379727863369329E+01
2.73603857161383926E-03  1.11581860936422039E+01
2.74271183642265347E-03  1.11783994009474750E+01
2.74938510123146768E-03  1.11986127082527478E+01
2.75605836604028188E-03  1.12188260155580188E+01
2.76273163084909609E-03  1.12390393228632917E+01
2.76940489565791030E-03  1.12592526301685627E+01
2.77607816046672451E-03  1.12794659374738355E+01
2.78275142527553915E-03  1.12996792447791083E+01
2.78942469008435336E-03  1.13198925520843794E+01
2.79609795489316757E-03  1.13401058593896522E+01
2.80277121970198178E-03  1.13603191666949233E+01
2.80944448451079598E-03  1.13805324740001943E+01
2.81611774931961019E-03  1.14007457813054671E+01
2.82279101412842440E-03  1.14209590886107382E+01
2.82946427893723861E-03  1.14411723959160110E+01
2.83613754374605282E-03  1.14613857032212820E+01
2.84281080855486703E-03  1.14815990105265548E+01
2.84948407336368123E-03  1.15018123178318259E+01
2.85615733817249544E-03  1.15220256251370987E+01
2.86283060298131008E-03  1.15422389324423715E+01
2.86950386779012429E-03  1.15624522397476426E+01
2.87617713259893850E-03  1.15826655470529154E+01
2.88285039740775271E-03  1.16028788543581864E+01
2.88952366221656692E-03  1.16230921616634575E+01
2.89619692702538113E-03  1.16433054689687303E+01
2.90287019183419533E-03  1.16635187762740014E+01
2.90954345664300954E-03  1.16837320835792742E+01
2.91621672145182375E-03  1.17039453908845452E+01
2.92288998626063796E-03  1.17241586981898180E+01
2.92956325106945217E-03  1.17443720054950891E+01
2.93623651587826637E-03  1.17645853128003601E+01
2.94290978068708058E-03  1.17847986201056329E+01
2.94958304549589522E-03  1.18050119274109058E+01
2.95625631030470943E-03  1.18252252347161786E+01
2.96292957511352364E-03  1.18454385420214496E+01
2.96960283992233785E-03  1.18656518493267207E+01
2.97627610473115206E-03  1.18858651566319935E+01
2.98294936953996627E-03  1.19060784639372645E+01
2.98962263434878047E-03  1.19262917712425374E+01
2.99629589915759468E-03  1.19465050785478084E+01
3.00296916396640889E-03  1.19667183858530812E+01
3.00964242877522310E-03  1.19869316931583523E+01
3.01631569358403731E-03  1.20071450004636233E+01
3.02298895839285152E-03  1.20273583077688961E+01
3.02966222320166572E-03  1.20475716150741672E+01
3.03633548801048037E-03  1.20677849223794400E+01
3.04300875281929457E-03  1.20879982296847128E+01
3.04968201762810878E-03  1.21082115369899839E+01
3.05635528243692299E-03  1.21284248442952567E+01
3.06302854724573720E-03  1.21486381516005277E+01
3.06970181205455141E-03  1.21688514589058006E+01
3.07637507686336562E-03  1.21890647662110716E+01
3.08304834167217982E-03  1.22092780735163444E+01
3.08972160648099403E-03  1.22294913808216155E+01
3.09639487128980824E-03  1.22497046881268865E+01
3.10306813609862245E-03  1.22699179954321593E+01
3.10974140090743666E-03  1.22901313027374304E+01
3.11641466571625086E-03  1.23103446100427032E+01
3.12308793052506551E-03  1.23305579173479760E+01
3.12976119533387971E-03  1.23507712246532471E+01
3.13643446014269392E-03  1.23709845319585199E+01
3.14310772495150813E-03  1.23911978392637909E+01
3.14978098976032234E-03  1.24114111465690637E+01
3.15645425456913655E-03  1.24316244538743348E+01
3.16312751937795076E-03  1.24518377611796058E+01
3.16980078418676496E-03  1.24720510684848787E+01
3.17647404899557917E-03  1.24922643757901497E+01
3.18314731380439338E-03  1.25124776830954225E+01
3.18982057861320759E-03  1.25326909904006936E+01
3.19649384342202180E-03  1.25529042977059664E+01
3.20316710823083644E-03  1.25731176050112392E+01
3.20984037303965065E-03  1.25933309123165103E+01
3.21651363784846486E-03  1.26135442196217831E+01
3.22318690265727906E-03  1.26337575269270541E+01
3.22986016746609327E-03  1.26539708342323269E+01
3.23653343227490748E-03  1.26741841415375980E+01
3.24320669708372169E-03  1.26943974488428690E+01
3.24987996189253590E-03  1.27146107561481418E+01
3.25655322670135011E-03  1.27348240634534129E+01
3.26322649151016431E-03  1.27550373707586857E+01
3.26989975631897852E-03  1.27752506780639568E+01
3.27657302112779273E-03  1.27954639853692296E+01
3.28324628593660694E-03  1.28156772926745006E+01
3.28991955074542158E-03  1.28358905999797734E+01
3.29659281555423579E-03  1.28561039072850463E+01
3.30326608036305000E-03  1.28763172145903173E+01
3.30993934517186420E-03  1.28965305218955901E+01
3.31661260998067841E-03  1.29167438292008612E+01
3.32328587478949262E-03  1.29369571365061322E+01
3.32995913959830683E-03  1.29571704438114050E+01
3.33663240440712104E-03  1.29773837511166761E+01
3.34330566921593525E-03  1.29975970584219489E+01
3.34997893402474945E-03  1.30178103657272199E+01
3.35665219883356366E-03  1.30380236730324928E+01
3.36332546364237787E-03  1.30582369803377638E+01
3.36999872845119208E-03  1.30784502876430349E+01
3.37667199326000672E-03  1.30986635949483095E+01
3.38334525806882093E-03  1.31188769022535805E+01
3.39001852287763514E-03  1.31390902095588515E+01
3.39669178768644935E-03  1.31593035168641244E+01
3.40336505249526355E-03  1.31795168241693954E+01
3.41003831730407776E-03  1.31997301314746682E+01
3.41671158211289197E-03  1.32199434387799393E+01
3.42338484692170618E-03  1.32401567460852121E+01
3.43005811173052039E-03  1.32603700533904831E+01
3.43673137653933460E-03  1.32805833606957560E+01
3.44340464134814880E-03  1.33007966680010270E+01
3.45007790615696301E-03  1.33210099753062980E+01
3.45675117096577722E-03  1.33412232826115709E+01
3.46342443577459186E-03  1.33614365899168437E+01
3.47009770058340607E-03  1.33816498972221147E+01
3.47677096539222028E-03  1.34018632045273876E+01
3.48344423020103449E-03  1.34220765118326586E+01
3.49011749500984870E-03  1.34422898191379314E+01
3.49679075981866290E-03  1.34625031264432025E+01
3.50346402462747711E-03  1.34827164337484753E+01
3.51013728943629132E-03  1.35029297410537463E+01
3.51681055424510553E-03  1.35231430483590174E+01
3.52348381905391974E-03  1.35433563556642902E+01
3.53015708386273394E-03  1.35635696629695612E+01
3.53683034867154815E-03  1.35837829702748341E+01
3.54350361348036236E-03  1.36039962775801051E+01
3.55017687828917700E-03  1.36242095848853779E+01
3.55685014309799121E-03  1.36444228921906507E+01
3.56352340790680542E-03  1.36646361994959218E+01
3.57019667271561963E-03  1.36848495068011946E+01
3.57686993752443384E-03  1.37050628141064657E+01
3.58354320233324804E-03  1.37252761214117385E+01
3.59021646714206225E-03  1.37454894287170095E+01
3.59688973195087646E-03  1.37657027360222806E+01
3.60356299675969067E-03  1.37859160433275534E+01
3.61023626156850488E-03  1.38061293506328244E+01
3.61690952637731909E-03  1.38263426579380972E+01
3.62358279118613329E-03  1.38465559652433683E+01
3.63025605599494750E-03  1.38667692725486411E+01
3.63692932080376214E-03  1.38869825798539139E+01
3.64360258561257635E-03  1.39071958871591850E+01
3.65027585042139056E-03  1.39274091944644578E+01
3.65694911523020477E-03  1.39476225017697288E+01
3.66362238003901898E-03  1.39678358090750017E+01
3.67029564484783319E-03  1.39880491163802727E+01
3.67696890965664739E-03  1.40082624236855438E+01
3.68364217446546160E-03  1.40284757309908166E+01
3.69031543927427581E-03  1.40486890382960876E+01
3.69698870408309002E-03  1.40689023456013604E+01
3.70366196889190423E-03  1.40891156529066315E+01
3.71033523370071843E-03  1.41093289602119043E+01
3.71700849850953308E-03  1.41295422675171771E+01
3.72368176331834728E-03  1.41497555748224482E+01
3.73035502812716149E-03  1.41699688821277210E+01
3.73702829293597570E-03  1.41901821894329920E+01
3.74370155774478991E-03  1.42103954967382631E+01
3.75037482255360412E-03  1.42306088040435359E+01
3.75704808736241833E-03  1.42508221113488069E+01
3.76372135217123253E-03  1.42710354186540798E+01
3.77039461698004674E-03  1.42912487259593508E+01
3.77706788178886095E-03  1.43114620332646236E+01
3.78374114659767516E-03  1.43316753405698947E+01
3.79041441140648937E-03  1.43518886478751675E+01
3.79708767621530358E-03  1.43721019551804385E+01
3.80376094102411822E-03  1.43923152624857114E+01
3.81043420583293243E-03  1.44125285697909842E+01
3.81710747064174663E-03  1.44327418770962552E+01
3.82378073545056084E-03  1.44529551844015263E+01
3.83045400025937505E-03  1.44731684917067991E+01
3.83712726506818926E-03  1.44933817990120701E+01
3.84380052987700347E-03  1.45135951063173430E+01
3.85047379468581768E-03  1.45338084136226140E+01
3.85714705949463188E-03  1.45540217209278868E+01
3.86382032430344609E-03  1.45742350282331579E+01
3.87049358911226030E-03  1.45944483355384289E+01
3.87716685392107451E-03  1.46146616428437017E+01
3.88384011872988872E-03  1.46348749501489728E+01
3.89051338353870336E-03  1.46550882574542474E+01
3.89718664834751757E-03  1.46753015647595184E+01
3.90385991315633177E-03  1.46955148720647895E+01
3.91053317796514598E-03  1.47157281793700623E+01
3.91720644277396019E-03  1.47359414866753333E+01
3.92387970758277440E-03  1.47561547939806061E+01
3.93055297239158861E-03  1.47763681012858772E+01
3.93722623720040282E-03  1.47965814085911500E+01
3.94389950200921702E-03  1.48167947158964211E+01
3.95057276681803123E-03  1.48370080232016921E+01
3.95724603162684544E-03  1.48572213305069649E+01
3.96391929643565965E-03  1.48774346378122360E+01
3.97059256124447386E-03  1.48976479451175088E+01
3.97726582605328807E-03  1.49178612524227798E+01
3.98393909086210227E-03  1.49380745597280526E+01
3.99061235567091648E-03  1.49582878670333237E+01
3.99728562047973069E-03  1.49785011743385947E+01
4.00395888528854490E-03  1.49987144816438676E+01
4.01063215009735911E-03  1.50189277889491386E+01
4.01730541490617418E-03  1.50391410962544132E+01
4.02397867971498839E-03  1.50593544035596860E+01
4.03065194452380260E-03  1.50795677108649571E+01
4.03732520933261681E-03  1.50997810181702299E+01
4.04399847414143102E-03  1.51199943254755009E+01
4.05067173895024522E-03  1.51402076327807720E+01
4.05734500375905943E-03  1.51604209400860448E+01
4.06401826856787364E-03  1.51806342473913158E+01
4.07069153337668785E-03  1.52008475546965887E+01
4.07736479818550206E-03  1.52210608620018597E+01
4.08403806299431626E-03  1.52412741693071325E+01
4.09071132780313047E-03  1.52614874766124036E+01
4.09738459261194468E-03  1.52817007839176746E+01
4.10405785742075889E-03  1.53019140912229474E+01
4.11073112222957310E-03  1.53221273985282185E+01
4.11740438703838731E-03  1.53423407058334913E+01
4.12407765184720151E-03  1.53625540131387623E+01
4.13075091665601572E-03  1.53827673204440352E+01
4.13742418146482993E-03  1.54029806277493062E+01
4.14409744627364414E-03  1.54231939350545790E+01
4.15077071108245835E-03  1.54434072423598501E+01
4.15744397589127256E-03  1.54636205496651211E+01
4.16411724070008676E-03  1.54838338569703939E+01
4.17079050550890097E-03  1.55040471642756650E+01
4.17746377031771518E-03  1.55242604715809378E+01
4.18413703512652939E-03  1.55444737788862088E+01
4.19081029993534446E-03  1.55646870861914834E+01
4.19748356474415867E-03  1.55849003934967545E+01
4.20415682955297288E-03  1.56051137008020273E+01
4.21083009436178709E-03  1.56253270081072984E+01
4.21750335917060130E-03  1.56455403154125712E+01
4.22417662397941551E-03  1.56657536227178422E+01
4.23084988878822971E-03  1.56859669300231150E+01
4.23752315359704392E-03  1.57061802373283861E+01
4.24419641840585813E-03  1.57263935446336589E+01
4.25086968321467234E-03  1.57466068519389299E+01
4.25754294802348655E-03  1.57668201592442010E+01
4.26421621283230075E-03  1.57870334665494738E+01
4.27088947764111496E-03  1.58072467738547449E+01
4.27756274244992917E-03  1.58274600811600177E+01
4.28423600725874338E-03  1.58476733884652887E+01
4.29090927206755759E-03  1.58678866957705615E+01
4.29758253687637180E-03  1.58881000030758326E+01
4.30425580168518600E-03  1.59083133103811036E+01
4.31092906649400021E-03  1.59285266176863765E+01
4.31760233130281442E-03  1.59487399249916475E+01
4.32427559611162863E-03  1.59689532322969203E+01
4.33094886092044284E-03  1.59891665396021914E+01
4.33762212572925705E-03  1.60093798469074642E+01
4.34429539053807125E-03  1.60295931542127335E+01
4.35096865534688546E-03  1.60498064615180063E+01
4.35764192015570054E-03  1.60700197688232791E+01
4.36431518496451475E-03  1.60902330761285555E+01
4.37098844977332895E-03  1.61104463834338247E+01
4.37766171458214316E-03  1.61306596907390976E+01
4.38433497939095737E-03  1.61508729980443704E+01
4.39100824419977158E-03  1.61710863053496396E+01
4.39768150900858579E-03  1.61912996126549125E+01
4.40435477381740000E-03  1.62115129199601853E+01
4.41102803862621420E-03  1.62317262272654546E+01
4.41770130343502841E-03  1.62519395345707274E+01
4.42437456824384262E-03  1.62721528418760002E+01
4.43104783305265683E-03  1.62923661491812695E+01
4.43772109786147104E-03  1.63125794564865458E+01
4.44439436267028525E-03  1.63327927637918151E+01
4.45106762747909945E-03  1.63530060710970844E+01
4.45774089228791366E-03  1.63732193784023607E+01
4.46441415709672787E-03  1.63934326857076300E+01
4.47108742190554208E-03  1.64136459930129028E+01
4.47776068671435629E-03  1.64338593003181757E+01
4.48443395152317049E-03  1.64540726076234449E+01
4.49110721633198470E-03  1.64742859149287177E+01
4.49778048114079891E-03  1.64944992222339906E+01
4.50445374594961312E-03  1.65147125295392598E+01
4.51112701075842733E-03  1.65349258368445327E+01
4.51780027556724154E-03  1.65551391441498055E+01
4.52447354037605574E-03  1.65753524514550747E+01
4.53114680518487082E-03  1.65955657587603511E+01
4.53782006999368503E-03  1.66157790660656239E+01
4.54449333480249924E-03  1.66359923733708968E+01
4.55116659961131344E-03  1.66562056806761660E+01
4.55783986442012765E-03  1.66764189879814388E+01
4.56451312922894186E-03  1.66966322952867117E+01
4.57118639403775607E-03  1.67168456025919809E+01
4.57785965884657028E-03  1.67370589098972538E+01
4.58453292365538449E-03  1.67572722172025266E+01
4.59120618846419869E-03  1.67774855245077958E+01
4.59787945327301290E-03  1.67976988318130722E+01
4.60455271808182711E-03  1.68179121391183415E+01
4.61122598289064132E-03  1.68381254464236108E+01
4.61789924769945553E-03  1.68583387537288871E+01
4.62457251250826974E-03  1.68785520610341564E+01
4.63124577731708394E-03  1.68987653683394292E+01
4.63791904212589815E-03  1.69189786756447020E+01
4.64459230693471236E-03  1.69391919829499713E+01
4.65126557174352657E-03  1.69594052902552441E+01
4.65793883655234078E-03  1.69796185975605169E+01
4.66461210136115498E-03  1.69998319048657862E+01
4.67128536616996919E-03  1.70200452121710590E+01
4.67795863097878340E-03  1.70402585194763319E+01
4.68463189578759761E-03  1.70604718267816011E+01
4.69130516059641182E-03  1.70806851340868775E+01
4.69797842540522689E-03  1.71008984413921503E+01
4.70465169021404110E-03  1.71211117486974231E+01
4.71132495502285531E-03  1.71413250560026924E+01
4.71799821983166952E-03  1.71615383633079652E+01
4.72467148464048373E-03  1.71817516706132380E+01
4.73134474944929793E-03  1.72019649779185073E+01
4.73801801425811214E-03  1.72221782852237801E+01
4.74469127906692635E-03  1.72423915925290530E+01
4.75136454387574056E-03  1.72626048998343222E+01
4.75803780868455477E-03  1.72828182071395950E+01
4.76471107349336898E-03  1.73030315144448679E+01
4.77138433830218318E-03  1.73232448217501371E+01
4.77805760311099739E-03  1.73434581290554135E+01
4.78473086791981160E-03  1.73636714363606828E+01
4.79140413272862581E-03  1.73838847436659556E+01
4.79807739753744002E-03  1.74040980509712284E+01
4.80475066234625423E-03  1.74243113582764977E+01
4.81142392715506843E-03  1.74445246655817705E+01
4.81809719196388264E-03  1.74647379728870433E+01
4.82477045677269685E-03  1.74849512801923126E+01
4.83144372158151106E-03  1.75051645874975854E+01
4.83811698639032527E-03  1.75253778948028582E+01
4.84479025119913947E-03  1.75455912021081275E+01
4.85146351600795368E-03  1.75658045094134039E+01
4.85813678081676789E-03  1.75860178167186731E+01
4.86481004562558210E-03  1.76062311240239424E+01
4.87148331043439718E-03  1.76264444313292188E+01
4.87815657524321138E-03  1.76466577386344916E+01
4.88482984005202559E-03  1.76668710459397644E+01
4.89150310486083980E-03  1.76870843532450337E+01
4.89817636966965401E-03  1.77072976605503065E+01
4.90484963447846822E-03  1.77275109678555793E+01
4.91152289928728242E-03  1.77477242751608486E+01
4.91819616409609663E-03  1.77679375824661214E+01
4.92486942890491084E-03  1.77881508897713942E+01
4.93154269371372505E-03  1.78083641970766635E+01
4.93821595852253926E-03  1.78285775043819399E+01
4.94488922333135347E-03  1.78487908116872092E+01
4.95156248814016767E-03  1.78690041189924820E+01
4.95823575294898188E-03  1.78892174262977548E+01
4.96490901775779609E-03  1.79094307336030241E+01
4.97158228256661030E-03  1.79296440409082969E+01
4.97825554737542451E-03  1.79498573482135697E+01
4.98492881218423872E-03  1.79700706555188390E+01
4.99160207699305292E-03  1.79902839628241118E+01
4.99827534180186713E-03  1.80104972701293846E+01
5.00494860661068134E-03  1.80307105774346539E+01
5.01162187141949555E-03  1.80509238847399267E+01
5.01829513622830976E-03  1.80711371920451995E+01
5.02496840103712396E-03  1.80913504993504688E+01
5.03164166584593817E-03  1.81115638066557452E+01
5.03831493065475238E-03  1.81317771139610144E+01
5.04498819546356746E-03  1.81519904212662908E+01
5.05166146027238167E-03  1.81722037285715601E+01
5.05833472508119587E-03  1.81924170358768329E+01
5.06500798989001008E-03  1.82126303431821057E+01
5.07168125469882429E-03  1.82328436504873750E+01
5.07835451950763850E-03  1.82530569577926478E+01
5.08502778431645271E-03  1.82732702650979206E+01
5.09170104912526691E-03  1.82934835724031899E+01
5.09837431393408112E-03  1.83136968797084663E+01
5.10504757874289533E-03  1.83339101870137355E+01
5.11172084355170954E-03  1.83541234943190048E+01
5.11839410836052375E-03  1.83743368016242812E+01
5.12506737316933796E-03  1.83945501089295504E+01
5.13174063797815216E-03  1.84147634162348233E+01
5.13841390278696637E-03  1.84349767235400961E+01
5.14508716759578058E-03  1.84551900308453654E+01
5.15176043240459479E-03  1.84754033381506382E+01
5.15843369721340900E-03  1.84956166454559110E+01
5.16510696202222321E-03  1.85158299527611803E+01
5.17178022683103741E-03  1.85360432600664531E+01
5.17845349163985162E-03  1.85562565673717259E+01
5.18512675644866583E-03  1.85764698746769952E+01
5.19180002125748004E-03  1.85966831819822715E+01
5.19847328606629425E-03  1.86168964892875408E+01
5.20514655087510845E-03  1.86371097965928136E+01
5.21181981568392353E-03  1.86573231038980865E+01
5.21849308049273774E-03  1.86775364112033593E+01
5.22516634530155195E-03  1.86977497185086321E+01
5.23183961011036616E-03  1.87179630258139014E+01
5.23851287491918036E-03  1.87381763331191742E+01
5.24518613972799457E-03  1.87583896404244470E+01
5.25185940453680878E-03  1.87786029477297163E+01
5.25853266934562299E-03  1.87988162550349891E+01
5.26520593415443720E-03  1.88190295623402619E+01
5.27187919896325140E-03  1.88392428696455312E+01
5.27855246377206561E-03  1.88594561769508076E+01
5.28522572858087982E-03  1.88796694842560768E+01
5.29189899338969403E-03  1.88998827915613496E+01
5.29857225819850824E-03  1.89200960988666225E+01
5.30524552300732245E-03  1.89403094061718917E+01
5.31191878781613665E-03  1.89605227134771646E+01
5.31859205262495086E-03  1.89807360207824374E+01
5.32526531743376507E-03  1.90009493280877066E+01
5.33193858224257928E-03  1.90211626353929795E+01
5.33861184705139349E-03  1.90413759426982523E+01
5.34528511186020770E-03  1.90615892500035251E+01
5.35195837666902190E-03  1.90818025573087944E+01
5.35863164147783611E-03  1.91020158646140672E+01
5.36530490628665032E-03  1.91222291719193400E+01
5.37197817109546453E-03  1.91424424792246093E+01
5.37865143590427874E-03  1.91626557865298821E+01
5.38532470071309381E-03  1.91828690938351585E+01
5.39199796552190802E-03  1.92030824011404277E+01
5.39867123033072223E-03  1.92232957084457006E+01
5.40534449513953644E-03  1.92435090157509734E+01
5.41201775994835065E-03  1.92637223230562427E+01
5.41869102475716485E-03  1.92839356303615155E+01
5.42536428956597906E-03  1.93041489376667883E+01
5.43203755437479327E-03  1.93243622449720611E+01
5.43871081918360748E-03  1.93445755522773304E+01
5.44538408399242169E-03  1.93647888595826032E+01
5.45205734880123589E-03  1.93850021668878760E+01
5.45873061361005010E-03  1.94052154741931489E+01
5.46540387841886431E-03  1.94254287814984181E+01
5.47207714322767852E-03  1.94456420888036909E+01
5.47875040803649273E-03  1.94658553961089638E+01
5.48542367284530694E-03  1.94860687034142330E+01
5.49209693765412114E-03  1.95062820107195058E+01
5.49877020246293535E-03  1.95264953180247787E+01
5.50544346727174956E-03  1.95467086253300515E+01
5.51211673208056377E-03  1.95669219326353208E+01
5.51878999688937798E-03  1.95871352399405936E+01
5.52546326169819219E-03  1.96073485472458664E+01
5.53213652650700639E-03  1.96275618545511357E+01
5.53880979131582060E-03  1.96477751618564085E+01
5.54548305612463481E-03  1.96679884691616813E+01
5.55215632093344902E-03  1.96882017764669541E+01
5.55882958574226409E-03  1.97084150837722270E+01
5.56550285055107830E-03  1.97286283910774998E+01
5.57217611535989251E-03  1.97488416983827690E+01
5.57884938016870672E-03  1.97690550056880419E+01
5.58552264497752093E-03  1.97892683129933147E+01
5.59219590978633514E-03  1.98094816202985875E+01
5.59886917459514934E-03  1.98296949276038568E+01
5.60554243940396355E-03  1.98499082349091296E+01
5.61221570421277776E-03  1.98701215422144024E+01
5.61888896902159197E-03  1.98903348495196717E+01
5.62556223383040618E-03  1.99105481568249445E+01
5.63223549863922038E-03  1.99307614641302173E+01
5.63890876344803459E-03  1.99509747714354901E+01
5.64558202825684880E-03  1.99711880787407594E+01
5.65225529306566301E-03  1.99914013860460322E+01
5.65892855787447722E-03  2.00116146933513050E+01
5.66560182268329143E-03  2.00318280006565743E+01
5.67227508749210563E-03  2.00520413079618471E+01
5.67894835230091984E-03  2.00722546152671200E+01
5.68562161710973405E-03  2.00924679225723928E+01
5.69229488191854826E-03  2.01126812298776620E+01
5.69896814672736247E-03  2.01328945371829349E+01
5.70564141153617668E-03  2.01531078444882077E+01
5.71231467634499088E-03  2.01733211517934805E+01
5.71898794115380509E-03  2.01935344590987498E+01
5.72566120596262017E-03  2.02137477664040262E+01
5.73233447077143438E-03  2.02339610737092954E+01
5.73900773558024858E-03  2.02541743810145682E+01
5.74568100038906279E-03  2.02743876883198411E+01
5.75235426519787700E-03  2.02946009956251139E+01
5.75902753000669121E-03  2.03148143029303831E+01
5.76570079481550542E-03  2.03350276102356560E+01
5.77237405962431963E-03  2.03552409175409288E+01
5.77904732443313383E-03  2.03754542248461981E+01
5.78572058924194804E-03  2.03956675321514709E+01
5.79239385405076225E-03  2.04158808394567437E+01
5.79906711885957646E-03  2.04360941467620165E+01
5.80574038366839067E-03  2.04563074540672858E+01
5.81241364847720487E-03  2.04765207613725586E+01
5.81908691328601908E-03  2.04967340686778314E+01
5.82576017809483329E-03  2.05169473759831007E+01
5.83243344290364750E-03  2.05371606832883735E+01
5.83910670771246171E-03  2.05573739905936463E+01
5.84577997252127592E-03  2.05775872978989192E+01
5.85245323733009012E-03  2.05978006052041884E+01
5.85912650213890433E-03  2.06180139125094612E+01
5.86579976694771854E-03  2.06382272198147341E+01
5.87247303175653275E-03  2.06584405271200033E+01
5.87914629656534696E-03  2.06786538344252762E+01
5.88581956137416117E-03  2.06988671417305490E+01
5.89249282618297537E-03  2.07190804490358218E+01
5.89916609099179045E-03  2.07392937563410946E+01
5.90583935580060466E-03  2.07595070636463674E+01
5.91251262060941887E-03  2.07797203709516403E+01
5.91918588541823307E-03  2.07999336782569095E+01
5.92585915022704728E-03  2.08201469855621824E+01
5.93253241503586149E-03  2.08403602928674552E+01
5.93920567984467570E-03  2.08605736001727244E+01
5.94587894465348991E-03  2.08807869074779973E+01
5.95255220946230412E-03  2.09010002147832701E+01
5.95922547427111832E-03  2.09212135220885429E+01
5.96589873907993253E-03  2.09414268293938122E+01
5.97257200388874674E-03  2.09616401366990850E+01
5.97924526869756095E-03  2.09818534440043578E+01
5.98591853350637516E-03  2.10020667513096271E+01
5.99259179831518937E-03  2.10222800586148999E+01
5.99926506312400357E-03  2.10424933659201727E+01
6.00593832793281778E-03  2.10627066732254455E+01
6.01261159274163199E-03  2.10829199805307148E+01
6.01928485755044620E-03  2.11031332878359876E+01
6.02595812235926041E-03  2.11233465951412605E+01
6.03263138716807461E-03  2.11435599024465297E+01
6.03930465197688882E-03  2.11637732097518025E+01
6.04597791678570303E-03  2.11839865170570754E+01
6.05265118159451724E-03  2.12041998243623482E+01
6.05932444640333145E-03  2.12244131316676174E+01
6.06599771121214652E-03  2.12446264389728938E+01
6.07267097602096073E-03  2.12648397462781631E+01
6.07934424082977494E-03  2.12850530535834359E+01
6.08601750563858915E-03  2.13052663608887087E+01
6.09269077044740336E-03  2.13254796681939816E+01
6.09936403525621756E-03  2.13456929754992508E+01
6.10603730006503177E-03  2.13659062828045236E+01
6.11271056487384598E-03  2.13861195901097965E+01
6.11938382968266019E-03  2.14063328974150657E+01
6.12605709449147440E-03  2.14265462047203386E+01
6.13273035930028861E-03  2.14467595120256114E+01
6.13940362410910281E-03  2.14669728193308842E+01
6.14607688891791702E-03  2.14871861266361535E+01
6.15275015372673123E-03  2.15073994339414263E+01
6.15942341853554544E-03  2.15276127412466991E+01
6.16609668334435965E-03  2.15478260485519719E+01
6.17276994815317386E-03  2.15680393558572412E+01
6.17944321296198806E-03  2.15882526631625140E+01
6.18611647777080227E-03  2.16084659704677868E+01
6.19278974257961648E-03  2.16286792777730561E+01
6.19946300738843069E-03  2.16488925850783289E+01
6.20613627219724490E-03  2.16691058923836017E+01
6.21280953700605910E-03  2.16893191996888746E+01
6.21948280181487331E-03  2.17095325069941438E+01
6.22615606662368752E-03  2.17297458142994167E+01
6.23282933143250173E-03  2.17499591216046895E+01
6.23950259624131680E-03  2.17701724289099623E+01
6.24617586105013101E-03  2.17903857362152351E+01
6.25284912585894522E-03  2.18105990435205079E+01
6.25952239066775943E-03  2.18308123508257772E+01
6.26619565547657364E-03  2.18510256581310500E+01
6.27286892028538785E-03  2.18712389654363228E+01
6.27954218509420205E-03  2.18914522727415921E+01
6.28621544990301626E-03  2.19116655800468649E+01
6.29288871471183047E-03  2.19318788873521378E+01
6.29956197952064468E-03  2.19520921946574106E+01
6.30623524432945889E-03  2.19723055019626798E+01
6.31290850913827310E-03  2.19925188092679527E+01
6.31958177394708730E-03  2.20127321165732255E+01
6.32625503875590151E-03  2.20329454238784948E+01
6.33292830356471572E-03  2.20531587311837676E+01
6.33960156837352993E-03  2.20733720384890404E+01
6.34627483318234414E-03  2.20935853457943132E+01
6.35294809799115835E-03  2.21137986530995825E+01
6.35962136279997255E-03  2.21340119604048553E+01
6.36629462760878676E-03  2.21542252677101281E+01
6.37296789241760097E-03  2.21744385750153974E+01
6.37964115722641518E-03  2.21946518823206702E+01
6.38631442203522939E-03  2.22148651896259430E+01
6.39298768684404359E-03  2.22350784969312159E+01
6.39966095165285780E-03  2.22552918042364851E+01
6.40633421646167288E-03  2.22755051115417615E+01
6.41300748127048709E-03  2.22957184188470343E+01
6.41968074607930130E-03  2.23159317261523036E+01
6.42635401088811550E-03  2.23361450334575764E+01
6.43302727569692971E-03  2.23563583407628492E+01
6.43970054050574392E-03  2.23765716480681185E+01
6.44637380531455813E-03  2.23967849553733913E+01
6.45304707012337234E-03  2.24169982626786641E+01
6.45972033493218654E-03  2.24372115699839370E+01
6.46639359974100075E-03  2.24574248772892062E+01
6.47306686454981496E-03  2.24776381845944790E+01
6.47974012935862917E-03  2.24978514918997519E+01
6.48641339416744338E-03  2.25180647992050211E+01
6.49308665897625759E-03  2.25382781065102940E+01
6.49975992378507179E-03  2.25584914138155668E+01
6.50643318859388600E-03  2.25787047211208396E+01
6.51310645340270021E-03  2.25989180284261089E+01
6.51977971821151442E-03  2.26191313357313817E+01
6.52645298302032863E-03  2.26393446430366545E+01
6.53312624782914284E-03  2.26595579503419238E+01
6.53979951263795704E-03  2.26797712576471966E+01
6.54647277744677125E-03  2.26999845649524694E+01
6.55314604225558546E-03  2.27201978722577422E+01
6.55981930706439967E-03  2.27404111795630115E+01
6.56649257187321388E-03  2.27606244868682843E+01
6.57316583668202808E-03  2.27808377941735571E+01
6.57983910149084316E-03  2.28010511014788300E+01
6.58651236629965737E-03  2.28212644087841028E+01
6.59318563110847158E-03  2.28414777160893756E+01
6.59985889591728579E-03  2.28616910233946449E+01
6.60653216072609999E-03  2.28819043306999177E+01
6.61320542553491420E-03  2.29021176380051905E+01
6.61987869034372841E-03  2.29223309453104633E+01
6.62655195515254262E-03  2.29425442526157326E+01
6.63322521996135683E-03  2.29627575599210054E+01
6.63989848477017103E-03  2.29829708672262782E+01
6.64657174957898524E-03  2.30031841745315475E+01
6.65324501438779945E-03  2.30233974818368203E+01
6.65991827919661366E-03  2.30436107891420932E+01
