0.00000000000000000E+00  0.00000000000000000E+00
5.95748850408593058E-06  1.69019323514337239E-01
1.19149770081718612E-05  3.38038647028674477E-01
1.78724655122577909E-05  5.07057970543011605E-01
2.38299540163437223E-05  6.76077294057348954E-01
2.97874425204296538E-05  8.45096617571686193E-01
3.57449310245155818E-05  1.01411594108602321E+00
4.17024195286015166E-05  1.18313526460036056E+00
4.76599080326874447E-05  1.35215458811469791E+00
5.36173965367733727E-05  1.52117391162903504E+00
5.95748850408593075E-05  1.69019323514337239E+00
6.55323735449452424E-05  1.85921255865770974E+00
7.14898620490311636E-05  2.02823188217204642E+00
7.74473505531170984E-05  2.19725120568638399E+00
8.34048390572030333E-05  2.36627052920072112E+00
8.93623275612889545E-05  2.53528985271505825E+00
9.53198160653748893E-05  2.70430917622939582E+00
1.01277304569460824E-04  2.74894873004467222E+00
1.07234793073546745E-04  2.77073025578682008E+00
1.13192281577632680E-04  2.79251178152896751E+00
1.19149770081718615E-04  2.81429330727111537E+00
1.25107258585804550E-04  2.83607483301326324E+00
1.31064747089890485E-04  2.85785635875541111E+00
1.37022235593976392E-04  2.87963788449755853E+00
1.42979724098062327E-04  2.90141941023970640E+00
1.48937212602148262E-04  2.92320093598185426E+00
1.54894701106234197E-04  2.94498246172400213E+00
1.60852189610320132E-04  2.96676398746615000E+00
1.66809678114406067E-04  2.98854551320829742E+00
1.72767166618491974E-04  3.01032703895044529E+00
1.78724655122577909E-04  3.03210856469259316E+00
1.84682143626663844E-04  3.05389009043474058E+00
1.90639632130749779E-04  3.07567161617688845E+00
1.96597120634835714E-04  3.09745314191903631E+00
2.02554609138921648E-04  3.11923466766118418E+00
2.08512097643007583E-04  3.14101619340333205E+00
2.14469586147093491E-04  3.16279771914547947E+00
2.20427074651179426E-04  3.18457924488762734E+00
2.26384563155265360E-04  3.20636077062977520E+00
2.32342051659351295E-04  3.22814229637192263E+00
2.38299540163437230E-04  3.24992382211407094E+00
2.44257028667523165E-04  3.27170534785621836E+00
2.50214517171609100E-04  3.29348687359836623E+00
2.56172005675695035E-04  3.31526839934051409E+00
2.62129494179780969E-04  3.33704992508266152E+00
2.68086982683866850E-04  3.35883145082480938E+00
2.74044471187952785E-04  3.38061297656695725E+00
2.80001959692038720E-04  3.40239450230910467E+00
2.85959448196124654E-04  3.42417602805125298E+00
2.91916936700210589E-04  3.44595755379340041E+00
2.97874425204296524E-04  3.46773907953554827E+00
3.03831913708382459E-04  3.48952060527769614E+00
3.09789402212468394E-04  3.51130213101984356E+00
3.15746890716554329E-04  3.53308365676199143E+00
3.21704379220640263E-04  3.55486518250413930E+00
3.27661867724726198E-04  3.57664670824628717E+00
3.33619356228812133E-04  3.59842823398843503E+00
3.39576844732898068E-04  3.62020975973058246E+00
3.45534333236983948E-04  3.64199128547273032E+00
3.51491821741069883E-04  3.66377281121487819E+00
3.57449310245155818E-04  3.68555433695702561E+00
3.63406798749241753E-04  3.70733586269917348E+00
3.69364287253327688E-04  3.72911738844132135E+00
3.75321775757413623E-04  3.75089891418346877E+00
3.81279264261499557E-04  3.77268043992561708E+00
3.87236752765585492E-04  3.79446196566776450E+00
3.93194241269671427E-04  3.81624349140991237E+00
3.99151729773757362E-04  3.83802501715206024E+00
4.05109218277843297E-04  3.85980654289420766E+00
4.11066706781929231E-04  3.88158806863635597E+00
4.17024195286015166E-04  3.90336959437850339E+00
4.22981683790101047E-04  3.92515112012065082E+00
4.28939172294186982E-04  3.94693264586279913E+00
4.34896660798272917E-04  3.96871417160494655E+00
4.40854149302358851E-04  3.99049569734709442E+00
4.46811637806444786E-04  4.01227722308924228E+00
4.52769126310530721E-04  4.03405874883138971E+00
4.58726614814616656E-04  4.05584027457353802E+00
4.64684103318702591E-04  4.07762180031568544E+00
4.70641591822788525E-04  4.09940332605783375E+00
4.76599080326874460E-04  4.12118485179998117E+00
4.82556568830960395E-04  4.14296637754212860E+00
4.88514057335046330E-04  4.16474790328427691E+00
4.94471545839132265E-04  4.18652942902642433E+00
5.00429034343218200E-04  4.20831095476857264E+00
5.06386522847304134E-04  4.23009248051072007E+00
5.12344011351390069E-04  4.25187400625286749E+00
5.18301499855476004E-04  4.27365553199501580E+00
5.24258988359561939E-04  4.29543705773716322E+00
5.30216476863647874E-04  4.31721858347931153E+00
5.36173965367733700E-04  4.33900010922145896E+00
5.42131453871819635E-04  4.36078163496360638E+00
5.48088942375905570E-04  4.38256316070575380E+00
5.54046430879991504E-04  4.40434468644790122E+00
5.60003919384077439E-04  4.42612621219004954E+00
5.65961407888163374E-04  4.44790773793219785E+00
5.71918896392249309E-04  4.46968926367434527E+00
5.77876384896335244E-04  4.49147078941649269E+00
5.83833873400421179E-04  4.51325231515864012E+00
5.89791361904507113E-04  4.53503384090078843E+00
5.95748850408593048E-04  4.55681536664293674E+00
6.01706338912678983E-04  4.57859689238508416E+00
6.07663827416764918E-04  4.60037841812723158E+00
6.13621315920850853E-04  4.62215994386937901E+00
6.19578804424936787E-04  4.64394146961152732E+00
6.25536292929022722E-04  4.66572299535367563E+00
6.31493781433108657E-04  4.68750452109582305E+00
6.37451269937194592E-04  4.70928604683797047E+00
6.43408758441280527E-04  4.73106757258011790E+00
6.49366246945366462E-04  4.75284909832226621E+00
6.55323735449452396E-04  4.77463062406441452E+00
6.61281223953538331E-04  4.79641214980656194E+00
6.67238712457624266E-04  4.81819367554870936E+00
6.73196200961710201E-04  4.83997520129085679E+00
6.79153689465796136E-04  4.86175672703300510E+00
6.85111177969882071E-04  4.88353825277515341E+00
6.91068666473967897E-04  4.90531977851730083E+00
6.97026154978053832E-04  4.92710130425944826E+00
7.02983643482139767E-04  4.94888283000159568E+00
7.08941131986225701E-04  4.97066435574374310E+00
7.14898620490311636E-04  4.99244588148589141E+00
7.20856108994397571E-04  5.01422740722803884E+00
7.26813597498483506E-04  5.03600893297018715E+00
7.32771086002569441E-04  5.05779045871233457E+00
7.38728574506655375E-04  5.07957198445448199E+00
7.44686063010741310E-04  5.10135351019663030E+00
7.50643551514827245E-04  5.12313503593877773E+00
7.56601040018913180E-04  5.14491656168092604E+00
7.62558528522999115E-04  5.16669808742307346E+00
7.68516017027085050E-04  5.18847961316522088E+00
7.74473505531170984E-04  5.21026113890736919E+00
7.80430994035256919E-04  5.23204266464951662E+00
7.86388482539342854E-04  5.25382419039166493E+00
7.92345971043428789E-04  5.27560571613381235E+00
7.98303459547514724E-04  5.29738724187595977E+00
8.04260948051600658E-04  5.31916876761810808E+00
8.10218436555686593E-04  5.34095029336025551E+00
8.16175925059772528E-04  5.36273181910240382E+00
8.22133413563858463E-04  5.38451334484455124E+00
8.28090902067944398E-04  5.40629487058669866E+00
8.34048390572030333E-04  5.42807639632884698E+00
8.40005879076116159E-04  5.44985792207099351E+00
8.45963367580202094E-04  5.47163944781314182E+00
8.51920856084288029E-04  5.49342097355529013E+00
8.57878344588373963E-04  5.51520249929743756E+00
8.63835833092459898E-04  5.53698402503958498E+00
8.69793321596545833E-04  5.55876555078173240E+00
8.75750810100631768E-04  5.58054707652388071E+00
8.81708298604717703E-04  5.60232860226602902E+00
8.87665787108803638E-04  5.62411012800817645E+00
8.93623275612889572E-04  5.64532621012169411E+00
8.99580764116975507E-04  5.66630243441444481E+00
9.05538252621061442E-04  5.68727865870719551E+00
9.11495741125147377E-04  5.70825488299994621E+00
9.17453229629233312E-04  5.72923110729269691E+00
9.23410718133319246E-04  5.75020733158544761E+00
9.29368206637405181E-04  5.77118355587819831E+00
9.35325695141491116E-04  5.79215978017094901E+00
9.41283183645577051E-04  5.81313600446369971E+00
9.47240672149662986E-04  5.83411222875645041E+00
9.53198160653748921E-04  5.85508845304920111E+00
9.59155649157834855E-04  5.87606467734195181E+00
9.65113137661920790E-04  5.89704090163470340E+00
9.71070626166006725E-04  5.91801712592745410E+00
9.77028114670092660E-04  5.93899335022020480E+00
9.82985603174178595E-04  5.95996957451295550E+00
9.88943091678264529E-04  5.98094579880570620E+00
9.94900580182350464E-04  6.00192202309845690E+00
1.00085806868643640E-03  6.02289824739120760E+00
1.00681555719052233E-03  6.04387447168395830E+00
1.01277304569460827E-03  6.06485069597670901E+00
1.01873053419869420E-03  6.08582692026945971E+00
1.02468802270278014E-03  6.10680314456221041E+00
1.03064551120686607E-03  6.12777936885496111E+00
1.03660299971095201E-03  6.14875559314771181E+00
1.04256048821503794E-03  6.16973181744046251E+00
1.04851797671912388E-03  6.19070804173321321E+00
1.05447546522320981E-03  6.21168426602596391E+00
1.06043295372729575E-03  6.23266049031871461E+00
1.06639044223138168E-03  6.25363671461146531E+00
1.07234793073546740E-03  6.27461293890421512E+00
1.07830541923955333E-03  6.29558916319696582E+00
1.08426290774363927E-03  6.31656538748971652E+00
1.09022039624772520E-03  6.33754161178246722E+00
1.09617788475181114E-03  6.35851783607521792E+00
1.10213537325589707E-03  6.37949406036796951E+00
1.10809286175998301E-03  6.40047028466072021E+00
1.11405035026406894E-03  6.42144650895347091E+00
1.12000783876815488E-03  6.44242273324622161E+00
1.12596532727224081E-03  6.46339895753897231E+00
1.13192281577632675E-03  6.48437518183172301E+00
1.13788030428041268E-03  6.50535140612447282E+00
1.14383779278449862E-03  6.52632763041722441E+00
1.14979528128858455E-03  6.54730385470997511E+00
1.15575276979267049E-03  6.56828007900272581E+00
1.16171025829675642E-03  6.58925630329547651E+00
1.16766774680084236E-03  6.61023252758822721E+00
1.17362523530492829E-03  6.63120875188097791E+00
1.17958272380901423E-03  6.65218497617372861E+00
1.18554021231310016E-03  6.67316120046647931E+00
1.19149770081718610E-03  6.69413742475923002E+00
1.19745518932127203E-03  6.71511364905198072E+00
1.20341267782535797E-03  6.73608987334473142E+00
1.20937016632944390E-03  6.75706609763748212E+00
1.21532765483352984E-03  6.77804232193023282E+00
1.22128514333761577E-03  6.79901854622298352E+00
1.22724263184170171E-03  6.81999477051573422E+00
1.23320012034578764E-03  6.84097099480848492E+00
1.23915760884987357E-03  6.86194721910123562E+00
1.24511509735395951E-03  6.88292344339398632E+00
1.25107258585804544E-03  6.90389966768673702E+00
1.25703007436213138E-03  6.92487589197948772E+00
1.26298756286621731E-03  6.94585211627223842E+00
1.26894505137030325E-03  6.96682834056498912E+00
1.27490253987438918E-03  6.98780456485773982E+00
1.28086002837847512E-03  7.00878078915049052E+00
1.28681751688256105E-03  7.02975701344324122E+00
1.29277500538664699E-03  7.05073323773599192E+00
1.29873249389073292E-03  7.07170946202874262E+00
1.30468998239481886E-03  7.09268568632149332E+00
1.31064747089890479E-03  7.11366191061424491E+00
1.31660495940299073E-03  7.13463813490699561E+00
1.32256244790707666E-03  7.15561435919974631E+00
1.32851993641116260E-03  7.17659058349249701E+00
1.33447742491524853E-03  7.19756680778524771E+00
1.34043491341933447E-03  7.21854303207799841E+00
1.34639240192342040E-03  7.23951925637074911E+00
1.35234989042750634E-03  7.26049548066349981E+00
1.35830737893159227E-03  7.28147170495625051E+00
1.36426486743567821E-03  7.30244792924900121E+00
1.37022235593976414E-03  7.32342415354175191E+00
1.37617984444384986E-03  7.34440037783450173E+00
1.38213733294793579E-03  7.36537660212725243E+00
1.38809482145202173E-03  7.38635282642000313E+00
1.39405230995610766E-03  7.40732905071275383E+00
1.40000979846019360E-03  7.42830527500550453E+00
1.40596728696427953E-03  7.44928149929825523E+00
1.41192477546836547E-03  7.47025772359100593E+00
1.41788226397245140E-03  7.49123394788375663E+00
1.42383975247653734E-03  7.51221017217650733E+00
1.42979724098062327E-03  7.53318639646925803E+00
1.43575472948470921E-03  7.55416262076200873E+00
1.44171221798879514E-03  7.57513884505475943E+00
1.44766970649288108E-03  7.59611506934751013E+00
1.45362719499696701E-03  7.61709129364026172E+00
1.45958468350105295E-03  7.63806751793301242E+00
1.46554217200513888E-03  7.65904374222576312E+00
1.47149966050922482E-03  7.68001996651851382E+00
1.47745714901331075E-03  7.70099619081126452E+00
1.48341463751739669E-03  7.72197241510401522E+00
1.48937212602148262E-03  7.74294863939676592E+00
1.49532961452556856E-03  7.76392486368951662E+00
1.50128710302965449E-03  7.78490108798226732E+00
1.50724459153374042E-03  7.80587731227501802E+00
1.51320208003782636E-03  7.82685353656776872E+00
1.51915956854191229E-03  7.84782976086051942E+00
1.52511705704599823E-03  7.86880598515327012E+00
1.53107454555008416E-03  7.88978220944602082E+00
1.53703203405417010E-03  7.91075843373877152E+00
1.54298952255825603E-03  7.93173465803152222E+00
1.54894701106234197E-03  7.95271088232427292E+00
1.55490449956642790E-03  7.97368710661702362E+00
1.56086198807051384E-03  7.99466333090977432E+00
1.56681947657459977E-03  8.01563955520252591E+00
1.57277696507868571E-03  8.03661577949527484E+00
1.57873445358277164E-03  8.05759200378802731E+00
1.58469194208685758E-03  8.07856822808077624E+00
1.59064943059094351E-03  8.09954445237352871E+00
1.59660691909502945E-03  8.12052067666627764E+00
1.60256440759911538E-03  8.14149690095903011E+00
1.60852189610320132E-03  8.16247312525177904E+00
1.61447938460728725E-03  8.18344934954453151E+00
1.62043687311137319E-03  8.20442557383728222E+00
1.62639436161545912E-03  8.22540179813003292E+00
1.63235185011954506E-03  8.24637802242278362E+00
1.63830933862363099E-03  8.26735424671553432E+00
1.64426682712771693E-03  8.28833047100828502E+00
1.65022431563180286E-03  8.30930669530103572E+00
1.65618180413588880E-03  8.33028291959378642E+00
1.66213929263997473E-03  8.35125914388653712E+00
1.66809678114406067E-03  8.37223536817928782E+00
1.67405426964814660E-03  8.39321159247203852E+00
1.68001175815223232E-03  8.41418781676478744E+00
1.68596924665631825E-03  8.43516404105753992E+00
1.69192673516040419E-03  8.45614026535028884E+00
1.69788422366449012E-03  8.47711648964304132E+00
1.70384171216857606E-03  8.49809271393579024E+00
1.70979920067266199E-03  8.51906893822854272E+00
1.71575668917674793E-03  8.54004516252129164E+00
1.72171417768083386E-03  8.56102138681404412E+00
1.72767166618491980E-03  8.58199761110679304E+00
1.73362915468900573E-03  8.60297383539954552E+00
1.73958664319309167E-03  8.62395005969229445E+00
1.74554413169717760E-03  8.64492628398504692E+00
1.75150162020126354E-03  8.66590250827779585E+00
1.75745910870534947E-03  8.68687873257054832E+00
1.76341659720943541E-03  8.70785495686329902E+00
1.76937408571352134E-03  8.72883118115604972E+00
1.77533157421760728E-03  8.74980740544880042E+00
1.78128906272169321E-03  8.77078362974155112E+00
1.78724655122577914E-03  8.79175985403430182E+00
1.79320403972986508E-03  8.81273607832705252E+00
1.79916152823395101E-03  8.83371230261980322E+00
1.80511901673803695E-03  8.85468852691255393E+00
1.81107650524212288E-03  8.87566475120530463E+00
1.81703399374620882E-03  8.89664097549805533E+00
1.82299148225029475E-03  8.91761719979080603E+00
1.82894897075438069E-03  8.93859342408355673E+00
1.83490645925846662E-03  8.95956964837630743E+00
1.84086394776255256E-03  8.98054587266905813E+00
1.84682143626663849E-03  9.00152209696180883E+00
1.85277892477072443E-03  9.02249832125455953E+00
1.85873641327481036E-03  9.04347454554731023E+00
1.86469390177889630E-03  9.06445076984006093E+00
1.87065139028298223E-03  9.08542699413281163E+00
1.87660887878706817E-03  9.10640321842556233E+00
1.88256636729115410E-03  9.12737944271831303E+00
1.88852385579524004E-03  9.14835566701106373E+00
1.89448134429932597E-03  9.16933189130381443E+00
1.90043883280341191E-03  9.19030811559656513E+00
1.90639632130749784E-03  9.21128433988931583E+00
1.91235380981158378E-03  9.23226056418206653E+00
1.91831129831566971E-03  9.25323678847481723E+00
1.92426878681975565E-03  9.27421301276756793E+00
1.93022627532384158E-03  9.29518923706032041E+00
1.93618376382792752E-03  9.31616546135306933E+00
1.94214125233201345E-03  9.33714168564582181E+00
1.94809874083609938E-03  9.35811790993857073E+00
1.95405622934018532E-03  9.37909413423132321E+00
1.96001371784427104E-03  9.40007035852407213E+00
1.96597120634835719E-03  9.42104658281682461E+00
1.97192869485244291E-03  9.44202280710957353E+00
1.97788618335652906E-03  9.46299903140232601E+00
1.98384367186061478E-03  9.48397525569507494E+00
1.98980116036470093E-03  9.50495147998782741E+00
1.99575864886878665E-03  9.52592770428057634E+00
2.00171613737287280E-03  9.54690392857332881E+00
2.00767362587695852E-03  9.56788015286607774E+00
2.01363111438104467E-03  9.58885637715883021E+00
2.01958860288513039E-03  9.60983260145157914E+00
2.02554609138921654E-03  9.63080882574433161E+00
2.03150357989330226E-03  9.65178505003708054E+00
2.03746106839738841E-03  9.67276127432983301E+00
2.04341855690147413E-03  9.69373749862258194E+00
2.04937604540556028E-03  9.71471372291533442E+00
2.05533353390964599E-03  9.73568994720808334E+00
2.06129102241373215E-03  9.75666617150083582E+00
2.06724851091781786E-03  9.77764239579358474E+00
2.07320599942190402E-03  9.79861862008633722E+00
2.07916348792598973E-03  9.81959484437908614E+00
2.08512097643007589E-03  9.84057106867183862E+00
2.09107846493416160E-03  9.86154729296458754E+00
2.09703595343824776E-03  9.88252351725734002E+00
2.10299344194233347E-03  9.90349974155008894E+00
2.10895093044641962E-03  9.92447596584284142E+00
2.11490841895050534E-03  9.94545219013559034E+00
2.12086590745459149E-03  9.96642841442834282E+00
2.12682339595867721E-03  9.98740463872109174E+00
2.13278088446276336E-03  1.00083808630138442E+01
2.13873837296684908E-03  1.00293570873065931E+01
2.14469586147093480E-03  1.00503333115993438E+01
2.15065334997502095E-03  1.00713095358920945E+01
2.15661083847910667E-03  1.00922857601848452E+01
2.16256832698319282E-03  1.01132619844775959E+01
2.16852581548727854E-03  1.01342382087703466E+01
2.17448330399136469E-03  1.01552144330630973E+01
2.18044079249545041E-03  1.01761906573558480E+01
2.18639828099953656E-03  1.01971668816485987E+01
2.19235576950362228E-03  1.02181431059413494E+01
2.19831325800770843E-03  1.02391193302341001E+01
2.20427074651179415E-03  1.02600955545268526E+01
2.21022823501588030E-03  1.02810717788196015E+01
2.21618572351996602E-03  1.03020480031123540E+01
2.22214321202405217E-03  1.03230242274051029E+01
2.22810070052813789E-03  1.03440004516978554E+01
2.23405818903222404E-03  1.03649766759906061E+01
2.24001567753630976E-03  1.03859529002833568E+01
2.24597316604039591E-03  1.04069291245761075E+01
2.25193065454448163E-03  1.04279053488688582E+01
2.25788814304856778E-03  1.04488815731616089E+01
2.26384563155265350E-03  1.04698577974543596E+01
2.26980312005673965E-03  1.04908340217471103E+01
2.27576060856082537E-03  1.05118102460398593E+01
2.28171809706491152E-03  1.05327864703326117E+01
2.28767558556899724E-03  1.05537626946253624E+01
2.29363307407308339E-03  1.05747389189181131E+01
2.29959056257716911E-03  1.05957151432108638E+01
2.30554805108125526E-03  1.06166913675036145E+01
2.31150553958534098E-03  1.06376675917963652E+01
2.31746302808942713E-03  1.06586438160891159E+01
2.32342051659351284E-03  1.06796200403818666E+01
2.32937800509759900E-03  1.07005962646746173E+01
2.33533549360168471E-03  1.07215724889673680E+01
2.34129298210577087E-03  1.07425487132601187E+01
2.34725047060985658E-03  1.07635249375528694E+01
2.35320795911394274E-03  1.07845011618456201E+01
2.35916544761802845E-03  1.08054773861383708E+01
2.36512293612211461E-03  1.08264536104311215E+01
2.37108042462620032E-03  1.08474298347238722E+01
2.37703791313028647E-03  1.08684060590166229E+01
2.38299540163437219E-03  1.08893822833093736E+01
2.38895289013845834E-03  1.09103585076021243E+01
2.39491037864254406E-03  1.09313347318948750E+01
2.40086786714663021E-03  1.09523109561876257E+01
2.40682535565071593E-03  1.09732871804803764E+01
2.41278284415480208E-03  1.09942634047731271E+01
2.41874033265888780E-03  1.10152396290658778E+01
2.42469782116297395E-03  1.10362158533586285E+01
2.43065530966705967E-03  1.10571920776513792E+01
2.43661279817114582E-03  1.10781683019441299E+01
2.44257028667523154E-03  1.10991445262368806E+01
2.44852777517931726E-03  1.11201207505296313E+01
2.45448526368340341E-03  1.11410969748223820E+01
2.46044275218748913E-03  1.11620731991151327E+01
2.46640024069157528E-03  1.11830494234078834E+01
2.47235772919566100E-03  1.12040256477006341E+01
2.47831521769974715E-03  1.12250018719933848E+01
2.48427270620383287E-03  1.12459780962861355E+01
2.49023019470791902E-03  1.12669543205788862E+01
2.49618768321200474E-03  1.12879305448716369E+01
2.50214517171609089E-03  1.13089067691643876E+01
2.50810266022017661E-03  1.13298829934571383E+01
2.51406014872426276E-03  1.13508592177498890E+01
2.52001763722834848E-03  1.13718354420426397E+01
2.52597512573243463E-03  1.13928116663353904E+01
2.53193261423652035E-03  1.14137878906281411E+01
2.53789010274060650E-03  1.14347641149208918E+01
2.54384759124469222E-03  1.14557403392136425E+01
2.54980507974877837E-03  1.14767165635063932E+01
2.55576256825286409E-03  1.14976927877991439E+01
2.56172005675695024E-03  1.15186690120918946E+01
2.56767754526103596E-03  1.15396452363846453E+01
2.57363503376512211E-03  1.15606214606773960E+01
2.57959252226920783E-03  1.15815976849701467E+01
2.58555001077329398E-03  1.16025739092628974E+01
2.59150749927737969E-03  1.16235501335556481E+01
2.59746498778146585E-03  1.16445263578483988E+01
2.60342247628555156E-03  1.16655025821411495E+01
2.60937996478963772E-03  1.16864788064339002E+01
2.61533745329372343E-03  1.17074550307266509E+01
2.62129494179780959E-03  1.17284312550194034E+01
2.62725243030189530E-03  1.17494074793121523E+01
2.63320991880598146E-03  1.17703837036049048E+01
2.63916740731006717E-03  1.17913599278976537E+01
2.64512489581415332E-03  1.18123361521904062E+01
2.65108238431823904E-03  1.18333123764831551E+01
2.65703987282232519E-03  1.18542886007759076E+01
2.66299736132641091E-03  1.18752648250686565E+01
2.66895484983049706E-03  1.18962410493614090E+01
2.67491233833458278E-03  1.19172172736541579E+01
2.68086982683866893E-03  1.19381934979469104E+01
2.68682731534275465E-03  1.19591697222396594E+01
2.69278480384684080E-03  1.19801459465324118E+01
2.69874229235092652E-03  1.20011221708251608E+01
2.70469978085501267E-03  1.20220983951179132E+01
2.71065726935909839E-03  1.20430746194106622E+01
2.71661475786318454E-03  1.20640508437034146E+01
2.72257224636727026E-03  1.20850270679961636E+01
2.72852973487135641E-03  1.21060032922889160E+01
2.73448722337544213E-03  1.21269795165816650E+01
2.74044471187952828E-03  1.21479557408744174E+01
2.74640220038361400E-03  1.21689319651671664E+01
2.75235968888769972E-03  1.21899081894599171E+01
2.75831717739178587E-03  1.22108844137526695E+01
2.76427466589587159E-03  1.22318606380454185E+01
2.77023215439995774E-03  1.22528368623381709E+01
2.77618964290404346E-03  1.22738130866309199E+01
2.78214713140812961E-03  1.22947893109236723E+01
2.78810461991221533E-03  1.23157655352164213E+01
2.79406210841630148E-03  1.23367417595091737E+01
2.80001959692038720E-03  1.23577179838019227E+01
2.80597708542447335E-03  1.23786942080946751E+01
2.81193457392855907E-03  1.23996704323874241E+01
2.81789206243264522E-03  1.24206466566801765E+01
2.82384955093673094E-03  1.24416228809729255E+01
2.82980703944081709E-03  1.24625991052656779E+01
2.83576452794490281E-03  1.24835753295584269E+01
2.84172201644898896E-03  1.25045515538511793E+01
2.84767950495307468E-03  1.25255277781439283E+01
2.85363699345716083E-03  1.25465040024366807E+01
2.85959448196124654E-03  1.25674802267294297E+01
2.86555197046533270E-03  1.25884564510221821E+01
2.87150945896941841E-03  1.26094326753149311E+01
2.87746694747350457E-03  1.26304088996076835E+01
2.88342443597759028E-03  1.26513851239004325E+01
2.88938192448167644E-03  1.26723613481931849E+01
2.89533941298576215E-03  1.26933375724859339E+01
2.90129690148984831E-03  1.27143137967786863E+01
2.90725438999393402E-03  1.27352900210714370E+01
2.91321187849802017E-03  1.27562662453641877E+01
2.91916936700210589E-03  1.27772424696569384E+01
2.92512685550619204E-03  1.27982186939496891E+01
2.93108434401027776E-03  1.28191949182424398E+01
2.93704183251436391E-03  1.28401711425351905E+01
2.94299932101844963E-03  1.28611473668279412E+01
2.94895680952253578E-03  1.28821235911206919E+01
2.95491429802662150E-03  1.29030998154134426E+01
2.96087178653070765E-03  1.29240760397061933E+01
2.96682927503479337E-03  1.29450522639989440E+01
2.97278676353887952E-03  1.29660284882916947E+01
2.97874425204296524E-03  1.29870047125844454E+01
2.98470174054705139E-03  1.30079809368771961E+01
2.99065922905113711E-03  1.30289571611699468E+01
2.99661671755522326E-03  1.30499333854626975E+01
3.00257420605930898E-03  1.30709096097554482E+01
3.00853169456339513E-03  1.30918858340481989E+01
3.01448918306748085E-03  1.31128620583409496E+01
3.02044667157156700E-03  1.31338382826337003E+01
3.02640416007565272E-03  1.31548145069264510E+01
3.03236164857973887E-03  1.31757907312192017E+01
3.03831913708382459E-03  1.31967669555119524E+01
3.04427662558791074E-03  1.32177431798047031E+01
3.05023411409199646E-03  1.32387194040974538E+01
3.05619160259608218E-03  1.32596956283902045E+01
3.06214909110016833E-03  1.32806718526829552E+01
3.06810657960425405E-03  1.33016480769757059E+01
3.07406406810834020E-03  1.33226243012684566E+01
3.08002155661242592E-03  1.33436005255612073E+01
3.08597904511651207E-03  1.33645767498539580E+01
3.09193653362059779E-03  1.33855529741467087E+01
3.09789402212468394E-03  1.34065291984394594E+01
3.10385151062876966E-03  1.34275054227322101E+01
3.10980899913285581E-03  1.34484816470249608E+01
3.11576648763694153E-03  1.34694578713177116E+01
3.12172397614102768E-03  1.34904340956104623E+01
3.12768146464511339E-03  1.35114103199032130E+01
3.13363895314919955E-03  1.35323865441959637E+01
3.13959644165328526E-03  1.35533627684887144E+01
3.14555393015737142E-03  1.35743389927814651E+01
3.15151141866145713E-03  1.35953152170742158E+01
3.15746890716554329E-03  1.36162914413669665E+01
3.16342639566962900E-03  1.36372676656597172E+01
3.16938388417371516E-03  1.36582438899524679E+01
3.17534137267780087E-03  1.36792201142452186E+01
3.18129886118188702E-03  1.37001963385379693E+01
3.18725634968597274E-03  1.37211725628307200E+01
3.19321383819005889E-03  1.37421487871234707E+01
3.19917132669414461E-03  1.37631250114162214E+01
3.20512881519823076E-03  1.37841012357089721E+01
3.21108630370231648E-03  1.38050774600017228E+01
3.21704379220640263E-03  1.38260536842944735E+01
3.22300128071048835E-03  1.38470299085872242E+01
3.22895876921457450E-03  1.38680061328799766E+01
3.23491625771866022E-03  1.38889823571727256E+01
3.24087374622274637E-03  1.39099585814654780E+01
3.24683123472683209E-03  1.39309348057582270E+01
3.25278872323091824E-03  1.39519110300509794E+01
3.25874621173500396E-03  1.39728872543437284E+01
3.26470370023909011E-03  1.39938634786364808E+01
3.27066118874317583E-03  1.40148397029292298E+01
3.27661867724726198E-03  1.40358159272219822E+01
3.28257616575134770E-03  1.40567921515147312E+01
3.28853365425543385E-03  1.40777683758074836E+01
3.29449114275951957E-03  1.40987446001002326E+01
3.30044863126360572E-03  1.41197208243929850E+01
3.30640611976769144E-03  1.41406970486857340E+01
3.31236360827177759E-03  1.41616732729784864E+01
3.31832109677586331E-03  1.41826494972712354E+01
3.32427858527994946E-03  1.42036257215639878E+01
3.33023607378403518E-03  1.42246019458567368E+01
3.33619356228812133E-03  1.42455781701494892E+01
3.34215105079220705E-03  1.42665543944422382E+01
3.34810853929629320E-03  1.42875306187349906E+01
3.35406602780037892E-03  1.43085068430277396E+01
3.36002351630446464E-03  1.43294830673204903E+01
3.36598100480855079E-03  1.43504592916132410E+01
3.37193849331263651E-03  1.43714355159059917E+01
3.37789598181672266E-03  1.43924117401987441E+01
3.38385347032080838E-03  1.44133879644914931E+01
3.38981095882489453E-03  1.44343641887842455E+01
3.39576844732898024E-03  1.44553404130769945E+01
3.40172593583306640E-03  1.44763166373697469E+01
3.40768342433715211E-03  1.44972928616624959E+01
3.41364091284123827E-03  1.45182690859552483E+01
3.41959840134532398E-03  1.45392453102479973E+01
3.42555588984941014E-03  1.45602215345407497E+01
3.43151337835349585E-03  1.45811977588334987E+01
3.43747086685758201E-03  1.46021739831262511E+01
3.44342835536166772E-03  1.46231502074190001E+01
3.44938584386575387E-03  1.46441264317117525E+01
3.45534333236983959E-03  1.46651026560045015E+01
3.46130082087392574E-03  1.46860788802972539E+01
3.46725830937801146E-03  1.47070551045900029E+01
3.47321579788209761E-03  1.47280313288827553E+01
3.47917328638618333E-03  1.47490075531755043E+01
3.48513077489026948E-03  1.47699837774682567E+01
3.49108826339435520E-03  1.47909600017610057E+01
3.49704575189844135E-03  1.48119362260537581E+01
3.50300324040252707E-03  1.48329124503465071E+01
3.50896072890661322E-03  1.48538886746392595E+01
3.51491821741069894E-03  1.48748648989320102E+01
3.52087570591478509E-03  1.48958411232247609E+01
3.52683319441887081E-03  1.49168173475175116E+01
3.53279068292295696E-03  1.49377935718102623E+01
3.53874817142704268E-03  1.49587697961030131E+01
3.54470565993112883E-03  1.49797460203957638E+01
3.55066314843521455E-03  1.50007222446885145E+01
3.55662063693930070E-03  1.50216984689812652E+01
3.56257812544338642E-03  1.50426746932740159E+01
3.56853561394747257E-03  1.50636509175667666E+01
3.57449310245155829E-03  1.50846271418595173E+01
3.58045059095564444E-03  1.51056033661522680E+01
3.58640807945973016E-03  1.51265795904450187E+01
3.59236556796381631E-03  1.51475558147377694E+01
3.59832305646790203E-03  1.51685320390305201E+01
3.60428054497198818E-03  1.51895082633232708E+01
3.61023803347607390E-03  1.52104844876160215E+01
3.61619552198016005E-03  1.52314607119087722E+01
3.62215301048424577E-03  1.52524369362015229E+01
3.62811049898833192E-03  1.52734131604942736E+01
3.63406798749241764E-03  1.52943893847870243E+01
3.64002547599650379E-03  1.53153656090797750E+01
3.64598296450058951E-03  1.53363418333725257E+01
3.65194045300467566E-03  1.53573180576652764E+01
3.65789794150876138E-03  1.53782942819580271E+01
3.66385543001284709E-03  1.53992705062507778E+01
3.66981291851693325E-03  1.54202467305435285E+01
3.67577040702101896E-03  1.54412229548362792E+01
3.68172789552510512E-03  1.54621991791290299E+01
3.68768538402919083E-03  1.54831754034217806E+01
3.69364287253327699E-03  1.55041516277145313E+01
3.69960036103736270E-03  1.55251278520072820E+01
3.70555784954144886E-03  1.55461040763000327E+01
3.71151533804553457E-03  1.55670803005927834E+01
3.71747282654962072E-03  1.55880565248855341E+01
3.72343031505370644E-03  1.56090327491782848E+01
3.72938780355779259E-03  1.56300089734710355E+01
3.73534529206187831E-03  1.56509851977637862E+01
3.74130278056596446E-03  1.56719614220565369E+01
3.74726026907005018E-03  1.56929376463492876E+01
3.75321775757413633E-03  1.57139138706420383E+01
3.75917524607822205E-03  1.57348900949347890E+01
3.76513273458230820E-03  1.57558663192275397E+01
3.77109022308639392E-03  1.57768425435202904E+01
3.77704771159048007E-03  1.57978187678130411E+01
3.78300520009456579E-03  1.58187949921057918E+01
3.78896268859865194E-03  1.58397712163985425E+01
3.79492017710273766E-03  1.58607474406912932E+01
3.80087766560682381E-03  1.58817236649840439E+01
3.80683515411090953E-03  1.59026998892767946E+01
3.81279264261499568E-03  1.59236761135695453E+01
3.81875013111908140E-03  1.59446523378622960E+01
3.82470761962316755E-03  1.59656285621550467E+01
3.83066510812725327E-03  1.59866047864477974E+01
3.83662259663133942E-03  1.60075810107405481E+01
3.84258008513542514E-03  1.60285572350332970E+01
3.84853757363951129E-03  1.60495334593260495E+01
3.85449506214359701E-03  1.60705096836188019E+01
3.86045255064768316E-03  1.60914859079115544E+01
3.86641003915176888E-03  1.61124621322042998E+01
3.87236752765585503E-03  1.61334383564970523E+01
3.87832501615994075E-03  1.61544145807898047E+01
3.88428250466402690E-03  1.61753908050825572E+01
3.89023999316811262E-03  1.61963670293753026E+01
3.89619748167219877E-03  1.62173432536680551E+01
3.90215497017628449E-03  1.62383194779608075E+01
3.90811245868037064E-03  1.62592957022535600E+01
3.91406994718445679E-03  1.62802719265463089E+01
3.92002743568854208E-03  1.63012481508390579E+01
3.92598492419262823E-03  1.63222243751318103E+01
3.93194241269671438E-03  1.63432005994245628E+01
3.93789990120080053E-03  1.63641768237173117E+01
3.94385738970488581E-03  1.63851530480100607E+01
3.94981487820897197E-03  1.64061292723028131E+01
3.95577236671305812E-03  1.64271054965955656E+01
3.96172985521714427E-03  1.64480817208883145E+01
3.96768734372122955E-03  1.64690579451810635E+01
3.97364483222531571E-03  1.64900341694738160E+01
3.97960232072940186E-03  1.65110103937665684E+01
3.98555980923348714E-03  1.65319866180593138E+01
3.99151729773757329E-03  1.65529628423520663E+01
3.99747478624165944E-03  1.65739390666448188E+01
4.00343227474574560E-03  1.65949152909375712E+01
4.00938976324983088E-03  1.66158915152303166E+01
4.01534725175391703E-03  1.66368677395230691E+01
4.02130474025800318E-03  1.66578439638158216E+01
4.02726222876208934E-03  1.66788201881085740E+01
4.03321971726617462E-03  1.66997964124013194E+01
4.03917720577026077E-03  1.67207726366940719E+01
4.04513469427434692E-03  1.67417488609868244E+01
4.05109218277843307E-03  1.67627250852795768E+01
4.05704967128251836E-03  1.67837013095723222E+01
4.06300715978660451E-03  1.68046775338650747E+01
4.06896464829069066E-03  1.68256537581578272E+01
4.07492213679477681E-03  1.68466299824505796E+01
4.08087962529886210E-03  1.68676062067433250E+01
4.08683711380294825E-03  1.68885824310360775E+01
4.09279460230703440E-03  1.69095586553288300E+01
4.09875209081112055E-03  1.69305348796215824E+01
4.10470957931520584E-03  1.69515111039143278E+01
4.11066706781929199E-03  1.69724873282070803E+01
4.11662455632337814E-03  1.69934635524998328E+01
4.12258204482746429E-03  1.70144397767925852E+01
4.12853953333154958E-03  1.70354160010853306E+01
4.13449702183563573E-03  1.70563922253780831E+01
4.14045451033972188E-03  1.70773684496708356E+01
4.14641199884380803E-03  1.70983446739635880E+01
4.15236948734789332E-03  1.71193208982563334E+01
4.15832697585197947E-03  1.71402971225490859E+01
4.16428446435606562E-03  1.71612733468418384E+01
4.17024195286015177E-03  1.71822495711345908E+01
4.17619944136423706E-03  1.72032257954273362E+01
4.18215692986832321E-03  1.72242020197200887E+01
4.18811441837240936E-03  1.72451782440128412E+01
4.19407190687649551E-03  1.72661544683055936E+01
4.20002939538058079E-03  1.72871306925983390E+01
4.20598688388466695E-03  1.73081069168910915E+01
4.21194437238875310E-03  1.73290831411838440E+01
4.21790186089283925E-03  1.73500593654765964E+01
4.22385934939692453E-03  1.73710355897693418E+01
4.22981683790101069E-03  1.73920118140620943E+01
4.23577432640509684E-03  1.74129880383548468E+01
4.24173181490918299E-03  1.74339642626475992E+01
4.24768930341326827E-03  1.74549404869403446E+01
4.25364679191735442E-03  1.74759167112330971E+01
4.25960428042144058E-03  1.74968929355258496E+01
4.26556176892552673E-03  1.75178691598186020E+01
4.27151925742961201E-03  1.75388453841113510E+01
4.27747674593369816E-03  1.75598216084040999E+01
4.28343423443778432E-03  1.75807978326968524E+01
4.28939172294186960E-03  1.76017740569896013E+01
4.29534921144595575E-03  1.76227502812823538E+01
4.30130669995004190E-03  1.76437265055751027E+01
4.30726418845412806E-03  1.76647027298678552E+01
4.31322167695821334E-03  1.76856789541606041E+01
4.31917916546229949E-03  1.77066551784533566E+01
4.32513665396638564E-03  1.77276314027461055E+01
4.33109414247047179E-03  1.77486076270388580E+01
4.33705163097455708E-03  1.77695838513316069E+01
4.34300911947864323E-03  1.77905600756243594E+01
4.34896660798272938E-03  1.78115362999171083E+01
4.35492409648681553E-03  1.78325125242098608E+01
4.36088158499090082E-03  1.78534887485026097E+01
4.36683907349498697E-03  1.78744649727953622E+01
4.37279656199907312E-03  1.78954411970881111E+01
4.37875405050315927E-03  1.79164174213808636E+01
4.38471153900724456E-03  1.79373936456736125E+01
4.39066902751133071E-03  1.79583698699663650E+01
4.39662651601541686E-03  1.79793460942591139E+01
4.40258400451950301E-03  1.80003223185518664E+01
4.40854149302358830E-03  1.80212985428446189E+01
4.41449898152767445E-03  1.80422747671373678E+01
4.42045647003176060E-03  1.80632509914301167E+01
4.42641395853584675E-03  1.80842272157228692E+01
4.43237144703993204E-03  1.81052034400156217E+01
4.43832893554401819E-03  1.81261796643083706E+01
4.44428642404810434E-03  1.81471558886011195E+01
4.45024391255219049E-03  1.81681321128938720E+01
4.45620140105627578E-03  1.81891083371866245E+01
4.46215888956036193E-03  1.82100845614793734E+01
4.46811637806444808E-03  1.82310607857721259E+01
4.47407386656853423E-03  1.82520370100648748E+01
4.48003135507261951E-03  1.82730132343576273E+01
4.48598884357670567E-03  1.82939894586503762E+01
4.49194633208079182E-03  1.83149656829431287E+01
4.49790382058487797E-03  1.83359419072358776E+01
4.50386130908896325E-03  1.83569181315286301E+01
4.50981879759304941E-03  1.83778943558213790E+01
4.51577628609713556E-03  1.83988705801141315E+01
4.52173377460122171E-03  1.84198468044068804E+01
4.52769126310530699E-03  1.84408230286996329E+01
4.53364875160939314E-03  1.84617992529923818E+01
4.53960624011347930E-03  1.84827754772851343E+01
4.54556372861756545E-03  1.85037517015778867E+01
4.55152121712165073E-03  1.85247279258706321E+01
4.55747870562573688E-03  1.85457041501633846E+01
4.56343619412982304E-03  1.85666803744561371E+01
4.56939368263390919E-03  1.85876565987488895E+01
4.57535117113799447E-03  1.86086328230416385E+01
4.58130865964208062E-03  1.86296090473343874E+01
4.58726614814616677E-03  1.86505852716271399E+01
4.59322363665025206E-03  1.86715614959198888E+01
4.59918112515433821E-03  1.86925377202126413E+01
4.60513861365842436E-03  1.87135139445053902E+01
4.61109610216251051E-03  1.87344901687981427E+01
4.61705359066659580E-03  1.87554663930908916E+01
4.62301107917068195E-03  1.87764426173836441E+01
4.62896856767476810E-03  1.87974188416763930E+01
4.63492605617885425E-03  1.88183950659691455E+01
4.64088354468293954E-03  1.88393712902618944E+01
4.64684103318702569E-03  1.88603475145546469E+01
4.65279852169111184E-03  1.88813237388473958E+01
4.65875601019519799E-03  1.89022999631401483E+01
4.66471349869928328E-03  1.89232761874328972E+01
4.67067098720336943E-03  1.89442524117256497E+01
4.67662847570745558E-03  1.89652286360183986E+01
4.68258596421154173E-03  1.89862048603111511E+01
4.68854345271562702E-03  1.90071810846039000E+01
4.69450094121971317E-03  1.90281573088966525E+01
4.70045842972379932E-03  1.90491335331894014E+01
4.70641591822788547E-03  1.90701097574821539E+01
4.71237340673197076E-03  1.90910859817749028E+01
4.71833089523605691E-03  1.91120622060676553E+01
4.72428838374014306E-03  1.91330384303604042E+01
4.73024587224422921E-03  1.91540146546531567E+01
4.73620336074831449E-03  1.91749908789459056E+01
4.74216084925240065E-03  1.91959671032386581E+01
4.74811833775648680E-03  1.92169433275314070E+01
4.75407582626057295E-03  1.92379195518241595E+01
4.76003331476465823E-03  1.92588957761169084E+01
4.76599080326874439E-03  1.92798720004096609E+01
4.77194829177283054E-03  1.93008482247024133E+01
4.77790578027691669E-03  1.93218244489951623E+01
4.78386326878100197E-03  1.93428006732879112E+01
4.78982075728508813E-03  1.93637768975806637E+01
4.79577824578917428E-03  1.93847531218734161E+01
4.80173573429326043E-03  1.94057293461661651E+01
4.80769322279734571E-03  1.94267055704589140E+01
4.81365071130143186E-03  1.94476817947516665E+01
4.81960819980551802E-03  1.94686580190444189E+01
4.82556568830960417E-03  1.94896342433371679E+01
4.83152317681368945E-03  1.95106104676299168E+01
4.83748066531777560E-03  1.95315866919226693E+01
4.84343815382186176E-03  1.95525629162154218E+01
4.84939564232594791E-03  1.95735391405081707E+01
4.85535313083003319E-03  1.95945153648009196E+01
4.86131061933411934E-03  1.96154915890936721E+01
4.86726810783820549E-03  1.96364678133864246E+01
4.87322559634229165E-03  1.96574440376791735E+01
4.87918308484637693E-03  1.96784202619719224E+01
4.88514057335046308E-03  1.96993964862646749E+01
4.89109806185454923E-03  1.97203727105574274E+01
4.89705555035863452E-03  1.97413489348501763E+01
4.90301303886272067E-03  1.97623251591429252E+01
4.90897052736680682E-03  1.97833013834356777E+01
4.91492801587089297E-03  1.98042776077284302E+01
4.92088550437497826E-03  1.98252538320211791E+01
4.92684299287906441E-03  1.98462300563139280E+01
4.93280048138315056E-03  1.98672062806066805E+01
4.93875796988723671E-03  1.98881825048994330E+01
4.94471545839132200E-03  1.99091587291921819E+01
4.95067294689540815E-03  1.99301349534849308E+01
4.95663043539949430E-03  1.99511111777776833E+01
4.96258792390358045E-03  1.99720874020704358E+01
4.96854541240766574E-03  1.99930636263631847E+01
4.97450290091175189E-03  2.00140398506559336E+01
4.98046038941583804E-03  2.00350160749486861E+01
4.98641787791992419E-03  2.00559922992414386E+01
4.99237536642400948E-03  2.00769685235341875E+01
4.99833285492809563E-03  2.00979447478269364E+01
5.00429034343218178E-03  2.01189209721196889E+01
5.01024783193626793E-03  2.01398971964124414E+01
5.01620532044035321E-03  2.01608734207051903E+01
5.02216280894443937E-03  2.01818496449979392E+01
5.02812029744852552E-03  2.02028258692906917E+01
5.03407778595261167E-03  2.02238020935834442E+01
5.04003527445669695E-03  2.02447783178761931E+01
5.04599276296078311E-03  2.02657545421689456E+01
5.05195025146486926E-03  2.02867307664616945E+01
5.05790773996895541E-03  2.03077069907544470E+01
5.06386522847304069E-03  2.03286832150471959E+01
5.06982271697712684E-03  2.03496594393399484E+01
5.07578020548121300E-03  2.03706356636326973E+01
5.08173769398529915E-03  2.03916118879254498E+01
5.08769518248938443E-03  2.04125881122181987E+01
5.09365267099347058E-03  2.04335643365109512E+01
5.09961015949755674E-03  2.04545405608037001E+01
5.10556764800164289E-03  2.04755167850964526E+01
5.11152513650572817E-03  2.04964930093892015E+01
5.11748262500981432E-03  2.05174692336819540E+01
5.12344011351390047E-03  2.05384454579747029E+01
5.12939760201798663E-03  2.05594216822674554E+01
5.13535509052207191E-03  2.05803979065602043E+01
5.14131257902615806E-03  2.06013741308529568E+01
5.14727006753024421E-03  2.06223503551457057E+01
5.15322755603433037E-03  2.06433265794384582E+01
5.15918504453841565E-03  2.06643028037312071E+01
5.16514253304250180E-03  2.06852790280239596E+01
5.17110002154658795E-03  2.07062552523167085E+01
5.17705751005067411E-03  2.07272314766094610E+01
5.18301499855475939E-03  2.07482077009022099E+01
5.18897248705884554E-03  2.07691839251949624E+01
5.19492997556293169E-03  2.07901601494877113E+01
5.20088746406701698E-03  2.08111363737804602E+01
5.20684495257110313E-03  2.08321125980732127E+01
5.21280244107518928E-03  2.08530888223659652E+01
5.21875992957927543E-03  2.08740650466587141E+01
5.22471741808336072E-03  2.08950412709514630E+01
5.23067490658744687E-03  2.09160174952442155E+01
5.23663239509153302E-03  2.09369937195369680E+01
5.24258988359561917E-03  2.09579699438297204E+01
5.24854737209970446E-03  2.09789461681224658E+01
5.25450486060379061E-03  2.09999223924152183E+01
5.26046234910787676E-03  2.10208986167079708E+01
5.26641983761196291E-03  2.10418748410007233E+01
5.27237732611604819E-03  2.10628510652934686E+01
5.27833481462013435E-03  2.10838272895862211E+01
5.28429230312422050E-03  2.11048035138789736E+01
5.29024979162830665E-03  2.11257797381717261E+01
5.29620728013239193E-03  2.11467559624644714E+01
5.30216476863647809E-03  2.11677321867572239E+01
5.30812225714056424E-03  2.11887084110499764E+01
5.31407974564465039E-03  2.12096846353427289E+01
5.32003723414873567E-03  2.12306608596354742E+01
5.32599472265282183E-03  2.12516370839282267E+01
5.33195221115690798E-03  2.12726133082209792E+01
5.33790969966099413E-03  2.12935895325137317E+01
5.34386718816507941E-03  2.13145657568064806E+01
5.34982467666916556E-03  2.13355419810992295E+01
5.35578216517325172E-03  2.13565182053919820E+01
5.36173965367733787E-03  2.13774944296847345E+01
5.36769714218142315E-03  2.13984706539774834E+01
5.37365463068550930E-03  2.14194468782702323E+01
5.37961211918959546E-03  2.14404231025629848E+01
5.38556960769368161E-03  2.14613993268557373E+01
5.39152709619776689E-03  2.14823755511484862E+01
5.39748458470185304E-03  2.15033517754412351E+01
5.40344207320593919E-03  2.15243279997339876E+01
5.40939956171002535E-03  2.15453042240267401E+01
5.41535705021411063E-03  2.15662804483194890E+01
5.42131453871819678E-03  2.15872566726122379E+01
5.42727202722228293E-03  2.16082328969049904E+01
5.43322951572636909E-03  2.16292091211977429E+01
5.43918700423045437E-03  2.16501853454904918E+01
5.44514449273454052E-03  2.16711615697832407E+01
5.45110198123862667E-03  2.16921377940759932E+01
5.45705946974271282E-03  2.17131140183687457E+01
5.46301695824679811E-03  2.17340902426614946E+01
5.46897444675088426E-03  2.17550664669542435E+01
5.47493193525497041E-03  2.17760426912469960E+01
5.48088942375905656E-03  2.17970189155397485E+01
5.48684691226314185E-03  2.18179951398324974E+01
5.49280440076722800E-03  2.18389713641252463E+01
5.49876188927131415E-03  2.18599475884179988E+01
5.50471937777539944E-03  2.18809238127107477E+01
5.51067686627948559E-03  2.19019000370035002E+01
5.51663435478357174E-03  2.19228762612962527E+01
5.52259184328765789E-03  2.19438524855890016E+01
5.52854933179174318E-03  2.19648287098817505E+01
5.53450682029582933E-03  2.19858049341745030E+01
5.54046430879991548E-03  2.20067811584672555E+01
5.54642179730400163E-03  2.20277573827600044E+01
5.55237928580808691E-03  2.20487336070527533E+01
5.55833677431217307E-03  2.20697098313455058E+01
5.56429426281625922E-03  2.20906860556382583E+01
5.57025175132034537E-03  2.21116622799310072E+01
5.57620923982443065E-03  2.21326385042237561E+01
5.58216672832851681E-03  2.21536147285165086E+01
5.58812421683260296E-03  2.21745909528092611E+01
5.59408170533668911E-03  2.21955671771020100E+01
5.60003919384077439E-03  2.22165434013947589E+01
5.60599668234486054E-03  2.22375196256875114E+01
5.61195417084894670E-03  2.22584958499802639E+01
5.61791165935303285E-03  2.22794720742730128E+01
5.62386914785711813E-03  2.23004482985657617E+01
5.62982663636120428E-03  2.23214245228585142E+01
5.63578412486529044E-03  2.23424007471512667E+01
5.64174161336937659E-03  2.23633769714440156E+01
5.64769910187346187E-03  2.23843531957367645E+01
5.65365659037754802E-03  2.24053294200295170E+01
5.65961407888163417E-03  2.24263056443222695E+01
5.66557156738572033E-03  2.24472818686150184E+01
5.67152905588980561E-03  2.24682580929077673E+01
5.67748654439389176E-03  2.24892343172005198E+01
5.68344403289797791E-03  2.25102105414932723E+01
5.68940152140206407E-03  2.25311867657860212E+01
5.69535900990614935E-03  2.25521629900787701E+01
5.70131649841023550E-03  2.25731392143715226E+01
5.70727398691432165E-03  2.25941154386642751E+01
5.71323147541840781E-03  2.26150916629570276E+01
5.71918896392249309E-03  2.26360678872497729E+01
5.72514645242657924E-03  2.26570441115425254E+01
5.73110394093066539E-03  2.26780203358352779E+01
5.73706142943475154E-03  2.26989965601280304E+01
5.74301891793883683E-03  2.27199727844207757E+01
5.74897640644292298E-03  2.27409490087135282E+01
5.75493389494700913E-03  2.27619252330062807E+01
5.76089138345109528E-03  2.27829014572990332E+01
5.76684887195518057E-03  2.28038776815917785E+01
5.77280636045926672E-03  2.28248539058845310E+01
5.77876384896335287E-03  2.28458301301772835E+01
5.78472133746743902E-03  2.28668063544700360E+01
5.79067882597152431E-03  2.28877825787627813E+01
5.79663631447561046E-03  2.29087588030555338E+01
5.80259380297969661E-03  2.29297350273482863E+01
5.80855129148378189E-03  2.29507112516410352E+01
5.81450877998786805E-03  2.29716874759337877E+01
5.82046626849195420E-03  2.29926637002265366E+01
5.82642375699604035E-03  2.30136399245192891E+01
5.83238124550012563E-03  2.30346161488120380E+01
5.83833873400421179E-03  2.30555923731047905E+01
