0.00000000000000000E+00  0.00000000000000000E+00
6.94625628838894284E-06  1.97071552389655069E-01
1.38925125767778857E-05  3.94143104779310138E-01
2.08387688651668285E-05  5.91214657168965152E-01
2.77850251535557714E-05  7.88286209558620277E-01
3.47312814419447176E-05  9.85357761948275401E-01
4.16775377303336571E-05  1.18242931433793030E+00
4.86237940187225965E-05  1.37950086672758543E+00
5.55700503071115428E-05  1.57657241911724055E+00
6.25163065955004890E-05  1.77364397150689568E+00
6.94625628838894352E-05  1.97071552389655080E+00
7.64088191722783679E-05  2.16778707628620548E+00
8.33550754606673141E-05  2.36485862867586061E+00
9.03013317490562604E-05  2.56193018106551618E+00
9.72475880374451930E-05  2.75900173345517086E+00
1.04193844325834139E-04  2.95607328584482598E+00
1.11140100614223086E-04  3.13979852314829788E+00
1.18086356902612032E-04  3.15599185215827571E+00
1.25032613191000978E-04  3.17218518116825354E+00
1.31978869479389924E-04  3.18837851017823182E+00
1.38925125767778870E-04  3.20457183918820965E+00
1.45871382056167790E-04  3.22076516819818748E+00
1.52817638344556736E-04  3.23695849720816531E+00
1.59763894632945682E-04  3.25315182621814314E+00
1.66710150921334628E-04  3.26934515522812097E+00
1.73656407209723574E-04  3.28553848423809880E+00
1.80602663498112521E-04  3.30173181324807707E+00
1.87548919786501467E-04  3.31792514225805490E+00
1.94495176074890386E-04  3.33411847126803274E+00
2.01441432363279332E-04  3.35031180027801057E+00
2.08387688651668279E-04  3.36650512928798840E+00
2.15333944940057225E-04  3.38269845829796623E+00
2.22280201228446171E-04  3.39889178730794406E+00
2.29226457516835117E-04  3.41508511631792189E+00
2.36172713805224063E-04  3.43127844532790016E+00
2.43118970093613010E-04  3.44747177433787799E+00
2.50065226382001956E-04  3.46366510334785582E+00
2.57011482670390875E-04  3.47985843235783365E+00
2.63957738958779848E-04  3.49605176136781148E+00
2.70903995247168768E-04  3.51224509037778931E+00
2.77850251535557741E-04  3.52843841938776759E+00
2.84796507823946660E-04  3.54463174839774542E+00
2.91742764112335579E-04  3.56082507740772325E+00
2.98689020400724552E-04  3.57701840641770108E+00
3.05635276689113472E-04  3.59321173542767891E+00
3.12581532977502445E-04  3.60940506443765674E+00
3.19527789265891364E-04  3.62559839344763457E+00
3.26474045554280337E-04  3.64179172245761240E+00
3.33420301842669257E-04  3.65798505146759023E+00
3.40366558131058176E-04  3.67417838047756806E+00
3.47312814419447149E-04  3.69037170948754634E+00
3.54259070707836068E-04  3.70656503849752417E+00
3.61205326996225041E-04  3.72275836750750200E+00
3.68151583284613961E-04  3.73895169651747983E+00
3.75097839573002934E-04  3.75514502552745810E+00
3.82044095861391853E-04  3.77133835453743593E+00
3.88990352149780772E-04  3.78753168354741376E+00
3.95936608438169745E-04  3.80372501255739159E+00
4.02882864726558665E-04  3.81991834156736942E+00
4.09829121014947638E-04  3.83611167057734725E+00
4.16775377303336557E-04  3.85230499958732509E+00
4.23721633591725530E-04  3.86849832859730292E+00
4.30667889880114450E-04  3.88469165760728075E+00
4.37614146168503423E-04  3.90088498661725858E+00
4.44560402456892342E-04  3.91707831562723641E+00
4.51506658745281261E-04  3.93327164463721424E+00
4.58452915033670234E-04  3.94946497364719251E+00
4.65399171322059154E-04  3.96565830265717034E+00
4.72345427610448127E-04  3.98185163166714862E+00
4.79291683898837046E-04  3.99804496067712645E+00
4.86237940187226019E-04  4.01423828968710428E+00
4.93184196475614993E-04  4.03043161869708211E+00
5.00130452764003912E-04  4.04662494770705994E+00
5.07076709052392831E-04  4.06281827671703777E+00
5.14022965340781750E-04  4.07901160572701560E+00
5.20969221629170669E-04  4.09520493473699343E+00
5.27915477917559697E-04  4.11139826374697126E+00
5.34861734205948616E-04  4.12759159275694909E+00
5.41807990494337535E-04  4.14378492176692692E+00
5.48754246782726454E-04  4.15997825077690475E+00
5.55700503071115482E-04  4.17617157978688347E+00
5.62646759359504401E-04  4.19236490879686130E+00
5.69593015647893320E-04  4.20855823780683913E+00
5.76539271936282239E-04  4.22475156681681696E+00
5.83485528224671158E-04  4.24094489582679479E+00
5.90431784513060186E-04  4.25713822483677262E+00
5.97378040801449105E-04  4.27333155384675045E+00
6.04324297089838024E-04  4.28952488285672828E+00
6.11270553378226943E-04  4.30571821186670611E+00
6.18216809666615862E-04  4.32191154087668394E+00
6.25163065955004890E-04  4.33810486988666177E+00
6.32109322243393809E-04  4.35429819889663960E+00
6.39055578531782728E-04  4.37049152790661743E+00
6.46001834820171647E-04  4.38668485691659527E+00
6.52948091108560675E-04  4.40287818592657310E+00
6.59894347396949594E-04  4.41907151493655093E+00
6.66840603685338513E-04  4.43526484394652876E+00
6.73786859973727432E-04  4.45145817295650659E+00
6.80733116262116351E-04  4.46765150196648442E+00
6.87679372550505379E-04  4.48384483097646314E+00
6.94625628838894298E-04  4.50003815998644097E+00
7.01571885127283217E-04  4.51623148899641880E+00
7.08518141415672136E-04  4.53242481800639663E+00
7.15464397704061164E-04  4.54861814701637446E+00
7.22410653992450083E-04  4.56481147602635229E+00
7.29356910280839002E-04  4.58100480503633012E+00
7.36303166569227921E-04  4.59719813404630795E+00
7.43249422857616840E-04  4.61339146305628578E+00
7.50195679146005868E-04  4.62958479206626450E+00
7.57141935434394787E-04  4.64577812107624233E+00
7.64088191722783706E-04  4.66197145008622016E+00
7.71034448011172625E-04  4.67816477909619799E+00
7.77980704299561544E-04  4.69435810810617582E+00
7.84926960587950572E-04  4.71055143711615365E+00
7.91873216876339491E-04  4.72674476612613148E+00
7.98819473164728410E-04  4.74293809513610931E+00
8.05765729453117329E-04  4.75913142414608714E+00
8.12711985741506357E-04  4.77532475315606497E+00
8.19658242029895276E-04  4.79151808216604280E+00
8.26604498318284195E-04  4.80771141117602063E+00
8.33550754606673114E-04  4.82390474018599846E+00
8.40497010895062033E-04  4.84371732363494445E+00
8.47443267183451061E-04  4.86456031091964824E+00
8.54389523471839980E-04  4.88540329820435204E+00
8.61335779760228899E-04  4.90624628548905672E+00
8.68282036048617818E-04  4.92708927277376052E+00
8.75228292337006846E-04  4.94793226005846520E+00
8.82174548625395765E-04  4.96877524734316900E+00
8.89120804913784684E-04  4.98961823462787279E+00
8.96067061202173603E-04  5.01046122191257659E+00
9.03013317490562522E-04  5.03130420919728127E+00
9.09959573778951550E-04  5.05214719648198596E+00
9.16905830067340469E-04  5.07299018376668975E+00
9.23852086355729388E-04  5.09383317105139355E+00
9.30798342644118307E-04  5.11467615833609734E+00
9.37744598932507335E-04  5.13551914562080203E+00
9.44690855220896254E-04  5.15636213290550582E+00
9.51637111509285173E-04  5.17720512019021051E+00
9.58583367797674092E-04  5.19804810747491430E+00
9.65529624086063011E-04  5.21889109475961810E+00
9.72475880374452039E-04  5.23973408204432189E+00
9.79422136662840958E-04  5.26057706932902658E+00
9.86368392951229985E-04  5.28142005661373126E+00
9.93314649239618796E-04  5.30226304389843506E+00
1.00026090552800782E-03  5.32310603118313885E+00
1.00720716181639663E-03  5.34394901846784265E+00
1.01415341810478566E-03  5.36479200575254644E+00
1.02109967439317469E-03  5.38563499303725113E+00
1.02804593068156350E-03  5.40647798032195492E+00
1.03499218696995253E-03  5.42732096760665961E+00
1.04193844325834134E-03  5.44816395489136340E+00
1.04888469954673037E-03  5.46900694217606720E+00
1.05583095583511939E-03  5.48984992946077188E+00
1.06277721212350820E-03  5.51069291674547479E+00
1.06972346841189723E-03  5.53153590403018036E+00
1.07666972470028604E-03  5.55237889131488416E+00
1.08361598098867507E-03  5.57322187859958795E+00
1.09056223727706410E-03  5.59406486588429175E+00
1.09750849356545291E-03  5.61490785316899554E+00
1.10445474985384194E-03  5.63575084045370023E+00
1.11140100614223096E-03  5.65659382773840491E+00
1.11834726243061977E-03  5.67743681502310871E+00
1.12529351871900880E-03  5.69827980230781250E+00
1.13223977500739761E-03  5.71912278959251630E+00
1.13918603129578664E-03  5.73996577687722098E+00
1.14613228758417567E-03  5.76080876416192567E+00
1.15307854387256448E-03  5.78165175144662946E+00
1.16002480016095351E-03  5.80249473873133326E+00
1.16697105644934232E-03  5.82333772601603705E+00
1.17391731273773134E-03  5.84418071330074085E+00
1.18086356902612037E-03  5.86502370058544553E+00
1.18780982531450918E-03  5.88586668787014933E+00
1.19475608160289821E-03  5.90670967515485401E+00
1.20170233789128702E-03  5.92755266243955781E+00
1.20864859417967605E-03  5.94839564972426160E+00
1.21559485046806508E-03  5.96923863700896629E+00
1.22254110675645389E-03  5.99008162429366919E+00
1.22948736304484291E-03  6.01092461157837477E+00
1.23643361933323172E-03  6.03176759886307767E+00
1.24337987562162075E-03  6.05261058614778236E+00
1.25032613191000978E-03  6.07345357343248615E+00
1.25727238819839859E-03  6.09429656071718995E+00
1.26421864448678762E-03  6.11513954800189463E+00
1.27116490077517665E-03  6.13598253528659932E+00
1.27811115706356546E-03  6.15682552257130311E+00
1.28505741335195448E-03  6.17766850985600691E+00
1.29200366964034329E-03  6.19851149714071070E+00
1.29894992592873232E-03  6.21935448442541450E+00
1.30589618221712135E-03  6.24019747171012007E+00
1.31284243850551016E-03  6.26104045899482298E+00
1.31978869479389919E-03  6.28188344627952766E+00
1.32673495108228800E-03  6.30272643356423146E+00
1.33368120737067703E-03  6.32356942084893525E+00
1.34062746365906605E-03  6.34441240813363994E+00
1.34757371994745486E-03  6.36525539541834373E+00
1.35451997623584389E-03  6.38609838270304842E+00
1.36146623252423270E-03  6.40694136998775132E+00
1.36841248881262173E-03  6.42778435727245601E+00
1.37535874510101076E-03  6.44862734455716069E+00
1.38230500138939957E-03  6.46947033184186449E+00
1.38925125767778860E-03  6.49031331912656828E+00
1.39619751396617741E-03  6.51115630641127208E+00
1.40314377025456643E-03  6.53199929369597676E+00
1.41009002654295546E-03  6.55284228098068056E+00
1.41703628283134427E-03  6.57368526826538435E+00
1.42398253911973330E-03  6.59452825555008904E+00
1.43092879540812233E-03  6.61537124283479372E+00
1.43787505169651114E-03  6.63621423011949663E+00
1.44482130798490017E-03  6.65705721740420131E+00
1.45176756427328898E-03  6.67790020468890511E+00
1.45871382056167800E-03  6.69874319197360979E+00
1.46566007685006703E-03  6.71958617925831359E+00
1.47260633313845584E-03  6.74042916654301738E+00
1.47955258942684487E-03  6.76127215382772206E+00
1.48649884571523368E-03  6.78211514111242586E+00
1.49344510200362271E-03  6.80295812839712966E+00
1.50039135829201174E-03  6.82380111568183434E+00
1.50733761458040055E-03  6.84464410296653814E+00
1.51428387086878957E-03  6.86548709025124193E+00
1.52123012715717838E-03  6.88633007753594573E+00
1.52817638344556741E-03  6.90717306482065041E+00
1.53512263973395644E-03  6.92801605210535509E+00
1.54206889602234525E-03  6.94885903939005889E+00
1.54901515231073428E-03  6.96970202667476268E+00
1.55596140859912309E-03  6.99054501395946648E+00
1.56290766488751212E-03  7.01138800124417116E+00
1.56985392117590114E-03  7.03223098852887496E+00
1.57680017746428995E-03  7.05307397581357876E+00
1.58374643375267898E-03  7.07391696309828344E+00
1.59069269004106801E-03  7.09475995038298812E+00
1.59763894632945682E-03  7.11560293766769103E+00
1.60458520261784585E-03  7.13644592495239571E+00
1.61153145890623466E-03  7.15728891223709951E+00
1.61847771519462369E-03  7.17813189952180419E+00
1.62542397148301271E-03  7.19897488680650799E+00
1.63237022777140152E-03  7.21981787409121178E+00
1.63931648405979055E-03  7.24066086137591647E+00
1.64626274034817936E-03  7.26150384866062026E+00
1.65320899663656839E-03  7.28234683594532406E+00
1.66015525292495742E-03  7.30318982323002874E+00
1.66710150921334623E-03  7.32403281051473254E+00
1.67404776550173526E-03  7.34487579779943633E+00
1.68099402179012407E-03  7.36571878508414013E+00
1.68794027807851309E-03  7.38656177236884481E+00
1.69488653436690212E-03  7.40740475965354950E+00
1.70183279065529093E-03  7.42824774693825240E+00
1.70877904694367996E-03  7.44909073422295709E+00
1.71572530323206899E-03  7.46993372150766177E+00
1.72267155952045780E-03  7.49077670879236557E+00
1.72961781580884683E-03  7.51161969607706936E+00
1.73656407209723564E-03  7.53246268336177316E+00
1.74351032838562466E-03  7.55330567064647784E+00
1.75045658467401369E-03  7.57414865793118164E+00
1.75740284096240250E-03  7.59499164521588543E+00
1.76434909725079153E-03  7.61583463250059012E+00
1.77129535353918034E-03  7.63667761978529391E+00
1.77824160982756937E-03  7.65752060706999860E+00
1.78518786611595840E-03  7.67836359435470239E+00
1.79213412240434721E-03  7.69920658163940619E+00
1.79908037869273623E-03  7.72004956892411087E+00
1.80602663498112504E-03  7.74089255620881467E+00
1.81297289126951407E-03  7.76173554349351846E+00
1.81991914755790310E-03  7.78257853077822315E+00
1.82686540384629191E-03  7.80342151806292694E+00
1.83381166013468094E-03  7.82426450534763074E+00
1.84075791642306975E-03  7.84510749263233453E+00
1.84770417271145878E-03  7.86595047991703922E+00
1.85465042899984780E-03  7.88679346720174390E+00
1.86159668528823661E-03  7.90763645448644681E+00
1.86854294157662564E-03  7.92847944177115149E+00
1.87548919786501467E-03  7.94932242905585618E+00
1.88243545415340348E-03  7.97016541634055997E+00
1.88938171044179251E-03  7.99100840362526377E+00
1.89632796673018132E-03  8.01185139090996756E+00
1.90327422301857035E-03  8.03269437819467313E+00
1.91022047930695937E-03  8.05353736547937515E+00
1.91716673559534818E-03  8.07438035276408073E+00
1.92411299188373721E-03  8.09522334004878452E+00
1.93105924817212602E-03  8.11606632733348832E+00
1.93800550446051505E-03  8.13690931461819211E+00
1.94495176074890408E-03  8.15775230190289591E+00
1.95189801703729289E-03  8.17859528918760148E+00
1.95884427332568192E-03  8.19943827647230528E+00
1.96579052961407073E-03  8.22028126375700907E+00
1.97273678590245997E-03  8.24112425104171464E+00
1.97968304219084878E-03  8.26196723832641666E+00
1.98662929847923759E-03  8.28281022561112223E+00
1.99357555476762640E-03  8.30365321289582425E+00
2.00052181105601565E-03  8.32449620018052983E+00
2.00746806734440446E-03  8.34533918746523362E+00
2.01441432363279327E-03  8.36618217474993742E+00
2.02136057992118251E-03  8.38702516203464299E+00
2.02830683620957132E-03  8.40786814931934501E+00
2.03525309249796013E-03  8.42871113660405058E+00
2.04219934878634938E-03  8.44955412388875438E+00
2.04914560507473819E-03  8.47039711117345817E+00
2.05609186136312700E-03  8.49124009845816197E+00
2.06303811765151581E-03  8.51208308574286576E+00
2.06998437393990506E-03  8.53292607302757133E+00
2.07693063022829387E-03  8.55376906031227335E+00
2.08387688651668268E-03  8.57461204759697893E+00
2.09082314280507192E-03  8.59545503488168272E+00
2.09776939909346073E-03  8.61629802216638652E+00
2.10471565538184954E-03  8.63714100945109031E+00
2.11166191167023879E-03  8.65798399673579588E+00
2.11860816795862760E-03  8.67882698402049968E+00
2.12555442424701641E-03  8.69966997130520170E+00
2.13250068053540565E-03  8.72051295858990727E+00
2.13944693682379446E-03  8.74135594587461284E+00
2.14639319311218327E-03  8.76219893315931486E+00
2.15333944940057209E-03  8.78304192044402043E+00
2.16028570568896133E-03  8.80388490772872423E+00
2.16723196197735014E-03  8.82472789501342803E+00
2.17417821826573895E-03  8.84557088229813182E+00
2.18112447455412820E-03  8.86641386958283562E+00
2.18807073084251701E-03  8.88725685686754119E+00
2.19501698713090582E-03  8.90809984415224321E+00
2.20196324341929506E-03  8.92894283143694878E+00
2.20890949970768387E-03  8.94978581872165257E+00
2.21585575599607268E-03  8.97062880600635637E+00
2.22280201228446193E-03  8.99147179329106194E+00
2.22974826857285074E-03  9.01231478057576396E+00
2.23669452486123955E-03  9.03315776786046953E+00
2.24364078114962836E-03  9.05400075514517155E+00
2.25058703743801760E-03  9.07484374242987712E+00
2.25753329372640641E-03  9.09568672971458092E+00
2.26447955001479522E-03  9.11652971699928472E+00
2.27142580630318447E-03  9.13737270428399029E+00
2.27837206259157328E-03  9.15821569156869408E+00
2.28531831887996209E-03  9.17905867885339788E+00
2.29226457516835134E-03  9.19990166613810345E+00
2.29921083145674015E-03  9.22074465342280547E+00
2.30615708774512896E-03  9.24158764070751104E+00
2.31310334403351777E-03  9.26243062799221306E+00
2.32004960032190701E-03  9.28327361527691863E+00
2.32699585661029582E-03  9.30411660256162243E+00
2.33394211289868463E-03  9.32495958984632622E+00
2.34088836918707388E-03  9.34580257713103180E+00
2.34783462547546269E-03  9.36664556441573382E+00
2.35478088176385150E-03  9.38748855170043939E+00
2.36172713805224074E-03  9.40833153898514318E+00
2.36867339434062955E-03  9.42917452626984698E+00
2.37561965062901836E-03  9.45001751355455077E+00
2.38256590691740761E-03  9.47086050083925457E+00
2.38951216320579642E-03  9.49170348812396014E+00
2.39645841949418523E-03  9.51254647540866216E+00
2.40340467578257404E-03  9.53338946269336773E+00
2.41035093207096329E-03  9.55423244997807153E+00
2.41729718835935210E-03  9.57507543726277532E+00
2.42424344464774091E-03  9.59591842454747912E+00
2.43118970093613015E-03  9.61676141183218469E+00
2.43813595722451896E-03  9.63760439911688849E+00
2.44508221351290777E-03  9.65844738640159051E+00
2.45202846980129702E-03  9.67929037368629608E+00
2.45897472608968583E-03  9.70013336097100165E+00
2.46592098237807464E-03  9.72097634825570367E+00
2.47286723866646345E-03  9.74181933554040747E+00
2.47981349495485269E-03  9.76266232282511304E+00
2.48675975124324150E-03  9.78350531010981683E+00
2.49370600753163031E-03  9.80434829739452063E+00
2.50065226382001956E-03  9.82519128467922442E+00
2.50759852010840837E-03  9.84603427196393000E+00
2.51454477639679718E-03  9.86687725924863201E+00
2.52149103268518643E-03  9.88772024653333759E+00
2.52843728897357524E-03  9.90856323381804138E+00
2.53538354526196405E-03  9.92940622110274518E+00
2.54232980155035329E-03  9.95024920838745075E+00
2.54927605783874210E-03  9.97109219567215277E+00
2.55622231412713091E-03  9.99193518295685834E+00
2.56316857041551972E-03  1.00127781702415604E+01
2.57011482670390897E-03  1.00336211575262659E+01
2.57706108299229778E-03  1.00544641448109697E+01
2.58400733928068659E-03  1.00753071320956735E+01
2.59095359556907583E-03  1.00961501193803791E+01
2.59789985185746464E-03  1.01169931066650811E+01
2.60484610814585345E-03  1.01378360939497867E+01
2.61179236443424270E-03  1.01586790812344923E+01
2.61873862072263151E-03  1.01795220685191943E+01
2.62568487701102032E-03  1.02003650558038981E+01
2.63263113329940913E-03  1.02212080430886019E+01
2.63957738958779838E-03  1.02420510303733074E+01
2.64652364587618719E-03  1.02628940176580112E+01
2.65346990216457600E-03  1.02837370049427150E+01
2.66041615845296524E-03  1.03045799922274206E+01
2.66736241474135405E-03  1.03254229795121226E+01
2.67430867102974286E-03  1.03462659667968264E+01
2.68125492731813211E-03  1.03671089540815320E+01
2.68820118360652092E-03  1.03879519413662358E+01
2.69514743989490973E-03  1.04087949286509396E+01
2.70209369618329897E-03  1.04296379159356452E+01
2.70903995247168778E-03  1.04504809032203489E+01
2.71598620876007659E-03  1.04713238905050510E+01
2.72293246504846541E-03  1.04921668777897548E+01
2.72987872133685465E-03  1.05130098650744603E+01
2.73682497762524346E-03  1.05338528523591641E+01
2.74377123391363227E-03  1.05546958396438679E+01
2.75071749020202152E-03  1.05755388269285735E+01
2.75766374649041033E-03  1.05963818142132773E+01
2.76461000277879914E-03  1.06172248014979811E+01
2.77155625906718838E-03  1.06380677887826849E+01
2.77850251535557719E-03  1.06589107760673887E+01
2.78544877164396600E-03  1.06797537633520925E+01
2.79239502793235481E-03  1.07005967506367963E+01
2.79934128422074406E-03  1.07214397379215018E+01
2.80628754050913287E-03  1.07422827252062056E+01
2.81323379679752168E-03  1.07631257124909094E+01
2.82018005308591092E-03  1.07839686997756132E+01
2.82712630937429973E-03  1.08048116870603170E+01
2.83407256566268854E-03  1.08256546743450208E+01
2.84101882195107779E-03  1.08464976616297264E+01
2.84796507823946660E-03  1.08673406489144302E+01
2.85491133452785541E-03  1.08881836361991340E+01
2.86185759081624465E-03  1.09090266234838396E+01
2.86880384710463347E-03  1.09298696107685434E+01
2.87575010339302228E-03  1.09507125980532454E+01
2.88269635968141109E-03  1.09715555853379492E+01
2.88964261596980033E-03  1.09923985726226547E+01
2.89658887225818914E-03  1.10132415599073585E+01
2.90353512854657795E-03  1.10340845471920623E+01
2.91048138483496720E-03  1.10549275344767679E+01
2.91742764112335601E-03  1.10757705217614717E+01
2.92437389741174482E-03  1.10966135090461755E+01
2.93132015370013406E-03  1.11174564963308793E+01
2.93826640998852287E-03  1.11382994836155831E+01
2.94521266627691168E-03  1.11591424709002869E+01
2.95215892256530050E-03  1.11799854581849907E+01
2.95910517885368974E-03  1.12008284454696962E+01
2.96605143514207855E-03  1.12216714327544000E+01
2.97299769143046736E-03  1.12425144200391038E+01
2.97994394771885661E-03  1.12633574073238076E+01
2.98689020400724542E-03  1.12842003946085114E+01
2.99383646029563423E-03  1.13050433818932152E+01
3.00078271658402347E-03  1.13258863691779208E+01
3.00772897287241228E-03  1.13467293564626246E+01
3.01467522916080109E-03  1.13675723437473284E+01
3.02162148544919034E-03  1.13884153310320340E+01
3.02856774173757915E-03  1.14092583183167360E+01
3.03551399802596796E-03  1.14301013056014398E+01
3.04246025431435677E-03  1.14509442928861436E+01
3.04940651060274601E-03  1.14717872801708491E+01
3.05635276689113482E-03  1.14926302674555529E+01
3.06329902317952363E-03  1.15134732547402567E+01
3.07024527946791288E-03  1.15343162420249623E+01
3.07719153575630169E-03  1.15551592293096661E+01
3.08413779204469050E-03  1.15760022165943699E+01
3.09108404833307975E-03  1.15968452038790737E+01
3.09803030462146856E-03  1.16176881911637775E+01
3.10497656090985737E-03  1.16385311784484813E+01
3.11192281719824618E-03  1.16593741657331851E+01
3.11886907348663542E-03  1.16802171530178907E+01
3.12581532977502423E-03  1.17010601403025944E+01
3.13276158606341304E-03  1.17219031275872982E+01
3.13970784235180229E-03  1.17427461148720020E+01
3.14665409864019110E-03  1.17635891021567058E+01
3.15360035492857991E-03  1.17844320894414096E+01
3.16054661121696915E-03  1.18052750767261152E+01
3.16749286750535796E-03  1.18261180640108190E+01
3.17443912379374677E-03  1.18469610512955228E+01
3.18138538008213602E-03  1.18678040385802284E+01
3.18833163637052483E-03  1.18886470258649304E+01
3.19527789265891364E-03  1.19094900131496342E+01
3.20222414894730245E-03  1.19303330004343380E+01
3.20917040523569170E-03  1.19511759877190435E+01
3.21611666152408051E-03  1.19720189750037473E+01
3.22306291781246932E-03  1.19928619622884511E+01
3.23000917410085856E-03  1.20137049495731567E+01
3.23695543038924737E-03  1.20345479368578605E+01
3.24390168667763618E-03  1.20553909241425643E+01
3.25084794296602543E-03  1.20762339114272681E+01
3.25779419925441424E-03  1.20970768987119719E+01
3.26474045554280305E-03  1.21179198859966757E+01
3.27168671183119229E-03  1.21387628732813813E+01
3.27863296811958110E-03  1.21596058605660851E+01
3.28557922440796991E-03  1.21804488478507889E+01
3.29252548069635873E-03  1.22012918351354926E+01
3.29947173698474797E-03  1.22221348224201964E+01
3.30641799327313678E-03  1.22429778097049002E+01
3.31336424956152559E-03  1.22638207969896040E+01
3.32031050584991484E-03  1.22846637842743096E+01
3.32725676213830365E-03  1.23055067715590134E+01
3.33420301842669246E-03  1.23263497588437172E+01
3.34114927471508170E-03  1.23471927461284210E+01
3.34809553100347051E-03  1.23680357334131248E+01
3.35504178729185932E-03  1.23888787206978286E+01
3.36198804358024813E-03  1.24097217079825324E+01
3.36893429986863738E-03  1.24305646952672380E+01
3.37588055615702619E-03  1.24514076825519417E+01
3.38282681244541500E-03  1.24722506698366455E+01
3.38977306873380424E-03  1.24930936571213511E+01
3.39671932502219305E-03  1.25139366444060549E+01
3.40366558131058186E-03  1.25347796316907569E+01
3.41061183759897111E-03  1.25556226189754625E+01
3.41755809388735992E-03  1.25764656062601663E+01
3.42450435017574873E-03  1.25973085935448701E+01
3.43145060646413797E-03  1.26181515808295757E+01
3.43839686275252679E-03  1.26389945681142795E+01
3.44534311904091560E-03  1.26598375553989833E+01
3.45228937532930441E-03  1.26806805426836871E+01
3.45923563161769365E-03  1.27015235299683908E+01
3.46618188790608246E-03  1.27223665172530946E+01
3.47312814419447127E-03  1.27432095045377984E+01
3.48007440048286052E-03  1.27640524918225040E+01
3.48702065677124933E-03  1.27848954791072078E+01
3.49396691305963814E-03  1.28057384663919116E+01
3.50091316934802738E-03  1.28265814536766154E+01
3.50785942563641619E-03  1.28474244409613192E+01
3.51480568192480500E-03  1.28682674282460230E+01
3.52175193821319382E-03  1.28891104155307268E+01
3.52869819450158306E-03  1.29099534028154324E+01
3.53564445078997187E-03  1.29307963901001362E+01
3.54259070707836068E-03  1.29516393773848399E+01
3.54953696336674993E-03  1.29724823646695455E+01
3.55648321965513874E-03  1.29933253519542493E+01
3.56342947594352755E-03  1.30141683392389513E+01
3.57037573223191679E-03  1.30350113265236569E+01
3.57732198852030560E-03  1.30558543138083607E+01
3.58426824480869441E-03  1.30766973010930645E+01
3.59121450109708366E-03  1.30975402883777701E+01
3.59816075738547247E-03  1.31183832756624739E+01
3.60510701367386128E-03  1.31392262629471777E+01
3.61205326996225009E-03  1.31600692502318815E+01
3.61899952625063933E-03  1.31809122375165853E+01
3.62594578253902814E-03  1.32017552248012890E+01
3.63289203882741695E-03  1.32225982120859928E+01
3.63983829511580620E-03  1.32434411993706984E+01
3.64678455140419501E-03  1.32642841866554022E+01
3.65373080769258382E-03  1.32851271739401060E+01
3.66067706398097307E-03  1.33059701612248098E+01
3.66762332026936188E-03  1.33268131485095136E+01
3.67456957655775069E-03  1.33476561357942174E+01
3.68151583284613950E-03  1.33684991230789212E+01
3.68846208913452874E-03  1.33893421103636268E+01
3.69540834542291755E-03  1.34101850976483306E+01
3.70235460171130636E-03  1.34310280849330344E+01
3.70930085799969561E-03  1.34518710722177399E+01
3.71624711428808442E-03  1.34727140595024419E+01
3.72319337057647323E-03  1.34935570467871457E+01
3.73013962686486247E-03  1.35144000340718513E+01
3.73708588315325128E-03  1.35352430213565551E+01
3.74403213944164009E-03  1.35560860086412589E+01
3.75097839573002934E-03  1.35769289959259645E+01
3.75792465201841815E-03  1.35977719832106683E+01
3.76487090830680696E-03  1.36186149704953721E+01
3.77181716459519577E-03  1.36394579577800759E+01
3.77876342088358502E-03  1.36603009450647797E+01
3.78570967717197383E-03  1.36811439323494834E+01
3.79265593346036264E-03  1.37019869196341872E+01
3.79960218974875188E-03  1.37228299069188928E+01
3.80654844603714069E-03  1.37436728942035966E+01
3.81349470232552950E-03  1.37645158814883004E+01
3.82044095861391875E-03  1.37853588687730042E+01
3.82738721490230756E-03  1.38062018560577080E+01
3.83433347119069637E-03  1.38270448433424118E+01
3.84127972747908518E-03  1.38478878306271156E+01
3.84822598376747442E-03  1.38687308179118212E+01
3.85517224005586323E-03  1.38895738051965250E+01
3.86211849634425205E-03  1.39104167924812288E+01
3.86906475263264129E-03  1.39312597797659343E+01
3.87601100892103010E-03  1.39521027670506363E+01
3.88295726520941891E-03  1.39729457543353401E+01
3.88990352149780816E-03  1.39937887416200457E+01
3.89684977778619697E-03  1.40146317289047495E+01
3.90379603407458578E-03  1.40354747161894533E+01
3.91074229036297502E-03  1.40563177034741589E+01
3.91768854665136383E-03  1.40771606907588627E+01
3.92463480293975264E-03  1.40980036780435665E+01
3.93158105922814145E-03  1.41188466653282703E+01
3.93852731551653026E-03  1.41396896526129723E+01
3.94547357180491994E-03  1.41605326398976796E+01
3.95241982809330875E-03  1.41813756271823834E+01
3.95936608438169756E-03  1.42022186144670872E+01
3.96631234067008637E-03  1.42230616017517910E+01
3.97325859695847518E-03  1.42439045890364948E+01
3.98020485324686400E-03  1.42647475763211986E+01
3.98715110953525281E-03  1.42855905636059024E+01
3.99409736582364248E-03  1.43064335508906080E+01
4.00104362211203129E-03  1.43272765381753118E+01
4.00798987840042011E-03  1.43481195254600156E+01
4.01493613468880892E-03  1.43689625127447194E+01
4.02188239097719773E-03  1.43898055000294232E+01
4.02882864726558654E-03  1.44106484873141270E+01
4.03577490355397622E-03  1.44314914745988325E+01
4.04272115984236503E-03  1.44523344618835363E+01
4.04966741613075384E-03  1.44731774491682401E+01
4.05661367241914265E-03  1.44940204364529439E+01
4.06355992870753146E-03  1.45148634237376477E+01
4.07050618499592027E-03  1.45357064110223515E+01
4.07745244128430908E-03  1.45565493983070553E+01
4.08439869757269876E-03  1.45773923855917609E+01
4.09134495386108757E-03  1.45982353728764647E+01
4.09829121014947638E-03  1.46190783601611685E+01
4.10523746643786519E-03  1.46399213474458723E+01
4.11218372272625400E-03  1.46607643347305761E+01
4.11912997901464281E-03  1.46816073220152798E+01
4.12607623530303162E-03  1.47024503092999836E+01
4.13302249159142130E-03  1.47232932965846892E+01
4.13996874787981011E-03  1.47441362838693930E+01
4.14691500416819892E-03  1.47649792711540968E+01
4.15386126045658773E-03  1.47858222584388006E+01
4.16080751674497654E-03  1.48066652457235044E+01
4.16775377303336535E-03  1.48275082330082082E+01
4.17470002932175503E-03  1.48483512202929155E+01
4.18164628561014384E-03  1.48691942075776176E+01
4.18859254189853265E-03  1.48900371948623214E+01
4.19553879818692146E-03  1.49108801821470252E+01
4.20248505447531027E-03  1.49317231694317289E+01
4.20943131076369909E-03  1.49525661567164327E+01
4.21637756705208790E-03  1.49734091440011365E+01
4.22332382334047757E-03  1.49942521312858439E+01
4.23027007962886639E-03  1.50150951185705477E+01
4.23721633591725520E-03  1.50359381058552515E+01
4.24416259220564401E-03  1.50567810931399553E+01
4.25110884849403282E-03  1.50776240804246573E+01
4.25805510478242163E-03  1.50984670677093611E+01
4.26500136107081131E-03  1.51193100549940684E+01
4.27194761735920012E-03  1.51401530422787722E+01
4.27889387364758893E-03  1.51609960295634760E+01
4.28584012993597774E-03  1.51818390168481798E+01
4.29278638622436655E-03  1.52026820041328836E+01
4.29973264251275536E-03  1.52235249914175874E+01
4.30667889880114417E-03  1.52443679787022912E+01
4.31362515508953385E-03  1.52652109659869968E+01
4.32057141137792266E-03  1.52860539532717006E+01
4.32751766766631147E-03  1.53068969405564044E+01
4.33446392395470028E-03  1.53277399278411082E+01
4.34141018024308909E-03  1.53485829151258120E+01
4.34835643653147790E-03  1.53694259024105158E+01
4.35530269281986758E-03  1.53902688896952213E+01
4.36224894910825639E-03  1.54111118769799251E+01
4.36919520539664520E-03  1.54319548642646289E+01
4.37614146168503401E-03  1.54527978515493327E+01
4.38308771797342282E-03  1.54736408388340365E+01
4.39003397426181163E-03  1.54944838261187403E+01
4.39698023055020044E-03  1.55153268134034441E+01
4.40392648683859012E-03  1.55361698006881497E+01
4.41087274312697893E-03  1.55570127879728535E+01
4.41781899941536774E-03  1.55778557752575573E+01
4.42476525570375655E-03  1.55986987625422611E+01
4.43171151199214537E-03  1.56195417498269649E+01
4.43865776828053418E-03  1.56403847371116687E+01
4.44560402456892385E-03  1.56612277243963742E+01
4.45255028085731266E-03  1.56820707116810780E+01
4.45949653714570148E-03  1.57029136989657818E+01
4.46644279343409029E-03  1.57237566862504856E+01
4.47338904972247910E-03  1.57445996735351894E+01
4.48033530601086791E-03  1.57654426608198932E+01
4.48728156229925672E-03  1.57862856481045970E+01
4.49422781858764640E-03  1.58071286353893026E+01
4.50117407487603521E-03  1.58279716226740064E+01
4.50812033116442402E-03  1.58488146099587102E+01
4.51506658745281283E-03  1.58696575972434140E+01
4.52201284374120164E-03  1.58905005845281178E+01
4.52895910002959045E-03  1.59113435718128216E+01
4.53590535631797926E-03  1.59321865590975253E+01
4.54285161260636894E-03  1.59530295463822327E+01
4.54979786889475775E-03  1.59738725336669365E+01
4.55674412518314656E-03  1.59947155209516403E+01
4.56369038147153537E-03  1.60155585082363423E+01
4.57063663775992418E-03  1.60364014955210479E+01
4.57758289404831299E-03  1.60572444828057499E+01
4.58452915033670267E-03  1.60780874700904590E+01
4.59147540662509148E-03  1.60989304573751610E+01
4.59842166291348029E-03  1.61197734446598631E+01
4.60536791920186910E-03  1.61406164319445686E+01
4.61231417549025791E-03  1.61614594192292742E+01
4.61926043177864672E-03  1.61823024065139762E+01
4.62620668806703553E-03  1.62031453937986782E+01
4.63315294435542521E-03  1.62239883810833874E+01
4.64009920064381402E-03  1.62448313683680894E+01
4.64704545693220283E-03  1.62656743556527914E+01
4.65399171322059164E-03  1.62865173429374970E+01
4.66093796950898046E-03  1.63073603302222025E+01
4.66788422579736927E-03  1.63282033175069046E+01
4.67483048208575894E-03  1.63490463047916101E+01
4.68177673837414775E-03  1.63698892920763157E+01
4.68872299466253657E-03  1.63907322793610177E+01
4.69566925095092538E-03  1.64115752666457198E+01
4.70261550723931419E-03  1.64324182539304253E+01
4.70956176352770300E-03  1.64532612412151309E+01
4.71650801981609181E-03  1.64741042284998329E+01
4.72345427610448149E-03  1.64949472157845385E+01
4.73040053239287030E-03  1.65157902030692441E+01
4.73734678868125911E-03  1.65366331903539461E+01
4.74429304496964792E-03  1.65574761776386481E+01
4.75123930125803673E-03  1.65783191649233537E+01
4.75818555754642554E-03  1.65991621522080592E+01
4.76513181383481522E-03  1.66200051394927613E+01
4.77207807012320403E-03  1.66408481267774668E+01
4.77902432641159284E-03  1.66616911140621724E+01
4.78597058269998165E-03  1.66825341013468744E+01
4.79291683898837046E-03  1.67033770886315764E+01
4.79986309527675927E-03  1.67242200759162820E+01
4.80680935156514808E-03  1.67450630632009876E+01
4.81375560785353776E-03  1.67659060504856896E+01
4.82070186414192657E-03  1.67867490377703952E+01
4.82764812043031538E-03  1.68075920250551007E+01
4.83459437671870419E-03  1.68284350123398028E+01
4.84154063300709300E-03  1.68492779996245048E+01
4.84848688929548181E-03  1.68701209869092104E+01
4.85543314558387062E-03  1.68909639741939159E+01
4.86237940187226030E-03  1.69118069614786215E+01
4.86932565816064911E-03  1.69326499487633235E+01
4.87627191444903792E-03  1.69534929360480291E+01
4.88321817073742673E-03  1.69743359233327311E+01
4.89016442702581555E-03  1.69951789106174331E+01
4.89711068331420436E-03  1.70160218979021387E+01
4.90405693960259403E-03  1.70368648851868443E+01
4.91100319589098284E-03  1.70577078724715498E+01
4.91794945217937166E-03  1.70785508597562554E+01
4.92489570846776047E-03  1.70993938470409574E+01
4.93184196475614928E-03  1.71202368343256595E+01
4.93878822104453809E-03  1.71410798216103615E+01
4.94573447733292690E-03  1.71619228088950670E+01
4.95268073362131658E-03  1.71827657961797726E+01
4.95962698990970539E-03  1.72036087834644782E+01
4.96657324619809420E-03  1.72244517707491838E+01
4.97351950248648301E-03  1.72452947580338858E+01
4.98046575877487182E-03  1.72661377453185878E+01
4.98741201506326063E-03  1.72869807326032934E+01
4.99435827135165031E-03  1.73078237198879989E+01
5.00130452764003912E-03  1.73286667071727010E+01
5.00825078392842793E-03  1.73495096944574065E+01
5.01519704021681674E-03  1.73703526817421121E+01
5.02214329650520555E-03  1.73911956690268141E+01
5.02908955279359436E-03  1.74120386563115161E+01
5.03603580908198317E-03  1.74328816435962217E+01
5.04298206537037285E-03  1.74537246308809273E+01
5.04992832165876166E-03  1.74745676181656293E+01
5.05687457794715047E-03  1.74954106054503349E+01
5.06382083423553928E-03  1.75162535927350405E+01
5.07076709052392809E-03  1.75370965800197425E+01
5.07771334681231690E-03  1.75579395673044445E+01
5.08465960310070658E-03  1.75787825545891536E+01
5.09160585938909539E-03  1.75996255418738556E+01
5.09855211567748420E-03  1.76204685291585577E+01
5.10549837196587301E-03  1.76413115164432632E+01
5.11244462825426182E-03  1.76621545037279688E+01
5.11939088454265064E-03  1.76829974910126708E+01
5.12633714083103945E-03  1.77038404782973728E+01
5.13328339711942912E-03  1.77246834655820820E+01
5.14022965340781793E-03  1.77455264528667840E+01
5.14717590969620675E-03  1.77663694401514860E+01
5.15412216598459556E-03  1.77872124274361916E+01
5.16106842227298437E-03  1.78080554147208971E+01
5.16801467856137318E-03  1.78288984020055992E+01
5.17496093484976199E-03  1.78497413892903012E+01
5.18190719113815167E-03  1.78705843765750103E+01
5.18885344742654048E-03  1.78914273638597123E+01
5.19579970371492929E-03  1.79122703511444143E+01
5.20274596000331810E-03  1.79331133384291199E+01
5.20969221629170691E-03  1.79539563257138255E+01
5.21663847258009572E-03  1.79747993129985275E+01
5.22358472886848540E-03  1.79956423002832366E+01
5.23053098515687421E-03  1.80164852875679387E+01
5.23747724144526302E-03  1.80373282748526407E+01
5.24442349773365183E-03  1.80581712621373427E+01
5.25136975402204064E-03  1.80790142494220483E+01
5.25831601031042945E-03  1.80998572367067538E+01
5.26526226659881826E-03  1.81207002239914559E+01
5.27220852288720794E-03  1.81415432112761650E+01
5.27915477917559675E-03  1.81623861985608670E+01
5.28610103546398556E-03  1.81832291858455690E+01
5.29304729175237437E-03  1.82040721731302746E+01
5.29999354804076318E-03  1.82249151604149802E+01
5.30693980432915199E-03  1.82457581476996822E+01
5.31388606061754167E-03  1.82666011349843878E+01
5.32083231690593048E-03  1.82874441222690933E+01
5.32777857319431929E-03  1.83082871095537953E+01
5.33472482948270810E-03  1.83291300968384974E+01
5.34167108577109691E-03  1.83499730841232029E+01
5.34861734205948573E-03  1.83708160714079050E+01
5.35556359834787454E-03  1.83916590586926105E+01
5.36250985463626421E-03  1.84125020459773161E+01
5.36945611092465303E-03  1.84333450332620181E+01
5.37640236721304184E-03  1.84541880205467237E+01
5.38334862350143065E-03  1.84750310078314257E+01
5.39029487978981946E-03  1.84958739951161313E+01
5.39724113607820827E-03  1.85167169824008333E+01
5.40418739236659795E-03  1.85375599696855424E+01
5.41113364865498676E-03  1.85584029569702444E+01
5.41807990494337557E-03  1.85792459442549500E+01
5.42502616123176438E-03  1.86000889315396520E+01
5.43197241752015319E-03  1.86209319188243541E+01
5.43891867380854200E-03  1.86417749061090596E+01
5.44586493009693081E-03  1.86626178933937616E+01
5.45281118638532049E-03  1.86834608806784708E+01
5.45975744267370930E-03  1.87043038679631728E+01
5.46670369896209811E-03  1.87251468552478784E+01
5.47364995525048692E-03  1.87459898425325804E+01
5.48059621153887573E-03  1.87668328298172860E+01
5.48754246782726454E-03  1.87876758171019880E+01
5.49448872411565422E-03  1.88085188043866935E+01
5.50143498040404303E-03  1.88293617916713991E+01
5.50838123669243184E-03  1.88502047789561011E+01
5.51532749298082065E-03  1.88710477662408067E+01
5.52227374926920946E-03  1.88918907535255087E+01
5.52922000555759827E-03  1.89127337408102143E+01
5.53616626184598708E-03  1.89335767280949163E+01
5.54311251813437676E-03  1.89544197153796219E+01
5.55005877442276557E-03  1.89752627026643275E+01
5.55700503071115438E-03  1.89961056899490295E+01
5.56395128699954319E-03  1.90169486772337351E+01
5.57089754328793200E-03  1.90377916645184371E+01
5.57784379957632082E-03  1.90586346518031426E+01
5.58479005586470963E-03  1.90794776390878447E+01
5.59173631215309930E-03  1.91003206263725502E+01
5.59868256844148812E-03  1.91211636136572558E+01
5.60562882472987693E-03  1.91420066009419578E+01
5.61257508101826574E-03  1.91628495882266634E+01
5.61952133730665455E-03  1.91836925755113654E+01
5.62646759359504336E-03  1.92045355627960710E+01
5.63341384988343304E-03  1.92253785500807766E+01
5.64036010617182185E-03  1.92462215373654786E+01
5.64730636246021066E-03  1.92670645246501842E+01
5.65425261874859947E-03  1.92879075119348862E+01
5.66119887503698828E-03  1.93087504992195917E+01
5.66814513132537709E-03  1.93295934865042938E+01
5.67509138761376590E-03  1.93504364737889993E+01
5.68203764390215558E-03  1.93712794610737049E+01
5.68898390019054439E-03  1.93921224483584069E+01
5.69593015647893320E-03  1.94129654356431125E+01
5.70287641276732201E-03  1.94338084229278145E+01
5.70982266905571082E-03  1.94546514102125201E+01
5.71676892534409963E-03  1.94754943974972221E+01
5.72371518163248931E-03  1.94963373847819312E+01
5.73066143792087812E-03  1.95171803720666333E+01
5.73760769420926693E-03  1.95380233593513388E+01
5.74455395049765574E-03  1.95588663466360408E+01
5.75150020678604455E-03  1.95797093339207429E+01
5.75844646307443336E-03  1.96005523212054484E+01
5.76539271936282217E-03  1.96213953084901505E+01
5.77233897565121185E-03  1.96422382957748596E+01
5.77928523193960066E-03  1.96630812830595616E+01
5.78623148822798947E-03  1.96839242703442672E+01
5.79317774451637828E-03  1.97047672576289692E+01
5.80012400080476710E-03  1.97256102449136748E+01
5.80707025709315591E-03  1.97464532321983768E+01
5.81401651338154558E-03  1.97672962194830824E+01
5.82096276966993439E-03  1.97881392067677879E+01
5.82790902595832321E-03  1.98089821940524899E+01
5.83485528224671202E-03  1.98298251813371955E+01
5.84180153853510083E-03  1.98506681686218975E+01
5.84874779482348964E-03  1.98715111559066031E+01
5.85569405111187845E-03  1.98923541431913051E+01
5.86264030740026813E-03  1.99131971304760107E+01
5.86958656368865694E-03  1.99340401177607163E+01
5.87653281997704575E-03  1.99548831050454183E+01
5.88347907626543456E-03  1.99757260923301239E+01
5.89042533255382337E-03  1.99965690796148259E+01
5.89737158884221218E-03  2.00174120668995315E+01
5.90431784513060099E-03  2.00382550541842335E+01
5.91126410141899067E-03  2.00590980414689390E+01
5.91821035770737948E-03  2.00799410287536446E+01
5.92515661399576829E-03  2.01007840160383466E+01
5.93210287028415710E-03  2.01216270033230522E+01
5.93904912657254591E-03  2.01424699906077542E+01
5.94599538286093472E-03  2.01633129778924598E+01
5.95294163914932440E-03  2.01841559651771654E+01
5.95988789543771321E-03  2.02049989524618674E+01
5.96683415172610202E-03  2.02258419397465730E+01
5.97378040801449083E-03  2.02466849270312750E+01
5.98072666430287964E-03  2.02675279143159806E+01
5.98767292059126845E-03  2.02883709016006826E+01
5.99461917687965726E-03  2.03092138888853881E+01
6.00156543316804694E-03  2.03300568761700937E+01
6.00851168945643575E-03  2.03508998634547957E+01
6.01545794574482456E-03  2.03717428507395013E+01
6.02240420203321337E-03  2.03925858380242033E+01
6.02935045832160219E-03  2.04134288253089089E+01
6.03629671460999100E-03  2.04342718125936109E+01
6.04324297089838067E-03  2.04551147998783200E+01
6.05018922718676948E-03  2.04759577871630221E+01
6.05713548347515830E-03  2.04968007744477241E+01
6.06408173976354711E-03  2.05176437617324297E+01
6.07102799605193592E-03  2.05384867490171317E+01
6.07797425234032473E-03  2.05593297363018372E+01
6.08492050862871354E-03  2.05801727235865393E+01
6.09186676491710322E-03  2.06010157108712484E+01
6.09881302120549203E-03  2.06218586981559504E+01
6.10575927749388084E-03  2.06427016854406560E+01
6.11270553378226965E-03  2.06635446727253580E+01
6.11965179007065846E-03  2.06843876600100600E+01
6.12659804635904727E-03  2.07052306472947656E+01
6.13354430264743695E-03  2.07260736345794712E+01
6.14049055893582576E-03  2.07469166218641767E+01
6.14743681522421457E-03  2.07677596091488788E+01
6.15438307151260338E-03  2.07886025964335843E+01
6.16132932780099219E-03  2.08094455837182863E+01
6.16827558408938100E-03  2.08302885710029919E+01
6.17522184037776981E-03  2.08511315582876939E+01
6.18216809666615949E-03  2.08719745455723995E+01
6.18911435295454830E-03  2.08928175328571051E+01
6.19606060924293711E-03  2.09136605201418071E+01
6.20300686553132592E-03  2.09345035074265127E+01
6.20995312181971473E-03  2.09553464947112147E+01
6.21689937810810354E-03  2.09761894819959203E+01
6.22384563439649235E-03  2.09970324692806223E+01
6.23079189068488203E-03  2.10178754565653279E+01
6.23773814697327084E-03  2.10387184438500334E+01
6.24468440326165965E-03  2.10595614311347354E+01
6.25163065955004846E-03  2.10804044184194410E+01
6.25857691583843728E-03  2.11012474057041430E+01
6.26552317212682609E-03  2.11220903929888486E+01
6.27246942841521576E-03  2.11429333802735542E+01
6.27941568470360457E-03  2.11637763675582562E+01
6.28636194099199339E-03  2.11846193548429618E+01
6.29330819728038220E-03  2.12054623421276638E+01
6.30025445356877101E-03  2.12263053294123694E+01
6.30720070985715982E-03  2.12471483166970714E+01
6.31414696614554863E-03  2.12679913039817770E+01
6.32109322243393831E-03  2.12888342912664825E+01
6.32803947872232712E-03  2.13096772785511845E+01
6.33498573501071593E-03  2.13305202658358901E+01
6.34193199129910474E-03  2.13513632531205921E+01
6.34887824758749355E-03  2.13722062404052977E+01
6.35582450387588236E-03  2.13930492276899997E+01
6.36277076016427204E-03  2.14138922149747088E+01
6.36971701645266085E-03  2.14347352022594109E+01
6.37666327274104966E-03  2.14555781895441129E+01
6.38360952902943847E-03  2.14764211768288185E+01
6.39055578531782728E-03  2.14972641641135205E+01
6.39750204160621609E-03  2.15181071513982261E+01
6.40444829789460490E-03  2.15389501386829281E+01
6.41139455418299458E-03  2.15597931259676372E+01
6.41834081047138339E-03  2.15806361132523392E+01
6.42528706675977220E-03  2.16014791005370448E+01
6.43223332304816101E-03  2.16223220878217468E+01
6.43917957933654982E-03  2.16431650751064488E+01
6.44612583562493863E-03  2.16640080623911544E+01
6.45307209191332831E-03  2.16848510496758600E+01
6.46001834820171712E-03  2.17056940369605655E+01
6.46696460449010593E-03  2.17265370242452676E+01
6.47391086077849474E-03  2.17473800115299731E+01
6.48085711706688355E-03  2.17682229988146752E+01
6.48780337335527237E-03  2.17890659860993807E+01
6.49474962964366118E-03  2.18099089733840827E+01
6.50169588593205085E-03  2.18307519606687883E+01
6.50864214222043967E-03  2.18515949479534939E+01
6.51558839850882848E-03  2.18724379352381959E+01
6.52253465479721729E-03  2.18932809225229015E+01
6.52948091108560610E-03  2.19141239098076035E+01
6.53642716737399491E-03  2.19349668970923091E+01
6.54337342366238459E-03  2.19558098843770146E+01
6.55031967995077340E-03  2.19766528716617167E+01
6.55726593623916221E-03  2.19974958589464222E+01
6.56421219252755102E-03  2.20183388462311243E+01
6.57115844881593983E-03  2.20391818335158298E+01
6.57810470510432864E-03  2.20600248208005318E+01
6.58505096139271745E-03  2.20808678080852374E+01
6.59199721768110713E-03  2.21017107953699430E+01
6.59894347396949594E-03  2.21225537826546450E+01
6.60588973025788475E-03  2.21433967699393506E+01
6.61283598654627356E-03  2.21642397572240526E+01
6.61978224283466237E-03  2.21850827445087582E+01
6.62672849912305118E-03  2.22059257317934602E+01
6.63367475541143999E-03  2.22267687190781658E+01
6.64062101169982967E-03  2.22476117063628713E+01
6.64756726798821848E-03  2.22684546936475734E+01
6.65451352427660729E-03  2.22892976809322789E+01
6.66145978056499610E-03  2.23101406682169809E+01
6.66840603685338491E-03  2.23309836555016865E+01
6.67535229314177372E-03  2.23518266427863885E+01
6.68229854943016340E-03  2.23726696300710941E+01
6.68924480571855221E-03  2.23935126173557997E+01
6.69619106200694102E-03  2.24143556046405017E+01
6.70313731829532983E-03  2.24351985919252073E+01
6.71008357458371864E-03  2.24560415792099093E+01
6.71702983087210746E-03  2.24768845664946149E+01
6.72397608716049627E-03  2.24977275537793169E+01
6.73092234344888594E-03  2.25185705410640260E+01
6.73786859973727476E-03  2.25394135283487280E+01
6.74481485602566357E-03  2.25602565156334300E+01
6.75176111231405238E-03  2.25810995029181356E+01
6.75870736860244119E-03  2.26019424902028376E+01
6.76565362489083000E-03  2.26227854774875432E+01
6.77259988117921968E-03  2.26436284647722488E+01
6.77954613746760849E-03  2.26644714520569543E+01
6.78649239375599730E-03  2.26853144393416564E+01
6.79343865004438611E-03  2.27061574266263619E+01
6.80038490633277492E-03  2.27270004139110640E+01
6.80733116262116373E-03  2.27478434011957660E+01
6.81427741890955254E-03  2.27686863884804715E+01
6.82122367519794222E-03  2.27895293757651771E+01
6.82816993148633103E-03  2.28103723630498827E+01
6.83511618777471984E-03  2.28312153503345847E+01
6.84206244406310865E-03  2.28520583376192903E+01
6.84900870035149746E-03  2.28729013249039923E+01
6.85595495663988627E-03  2.28937443121886979E+01
6.86290121292827595E-03  2.29145872994734034E+01
6.86984746921666476E-03  2.29354302867581055E+01
6.87679372550505357E-03  2.29562732740428110E+01
6.88373998179344238E-03  2.29771162613275131E+01
6.89068623808183119E-03  2.29979592486122186E+01
6.89763249437022000E-03  2.30188022358969206E+01
6.90457875065860881E-03  2.30396452231816262E+01
