0.00000000000000000E+00  0.00000000000000000E+00  0.00000000000000000E+00  0.00000000000000000E+00  0.00000000000000000E+00  0.00000000000000000E+00  0.00000000000000000E+00  0.00000000000000000E+00
8.00000000000000201E-05  0.00000000000000000E+00  0.00000000000000000E+00  6.46220394863236264E-02  0.00000000000000000E+00  0.00000000000000000E+00  0.00000000000000000E+00  0.00000000000000000E+00
1.19999999999999989E-04  0.00000000000000000E+00  0.00000000000000000E+00  8.95255664938544304E-02  0.00000000000000000E+00  0.00000000000000000E+00  0.00000000000000000E+00  0.00000000000000000E+00
1.60000000000000040E-04  0.00000000000000000E+00  0.00000000000000000E+00  9.69647063478951410E-02  0.00000000000000000E+00  0.00000000000000000E+00  0.00000000000000000E+00  0.00000000000000000E+00
2.00000000000000281E-04  0.00000000000000000E+00  0.00000000000000000E+00  8.76917141286961688E-02  0.00000000000000000E+00  0.00000000000000000E+00  0.00000000000000000E+00  0.00000000000000000E+00
2.40000000000000386E-04  0.00000000000000000E+00  0.00000000000000000E+00  1.01332728709499068E-01  0.00000000000000000E+00  0.00000000000000000E+00  0.00000000000000000E+00  0.00000000000000000E+00
2.79999999999999921E-04  0.00000000000000000E+00  0.00000000000000000E+00  9.69290859712525071E-02  0.00000000000000000E+00  0.00000000000000000E+00  0.00000000000000000E+00  0.00000000000000000E+00
3.19999999999999864E-04  0.00000000000000000E+00  0.00000000000000000E+00  1.05650655545463226E-01  0.00000000000000000E+00  0.00000000000000000E+00  0.00000000000000000E+00  0.00000000000000000E+00
3.59999999999999806E-04  0.00000000000000000E+00  0.00000000000000000E+00  1.07805561165238595E-01  0.00000000000000000E+00  0.00000000000000000E+00  0.00000000000000000E+00  0.00000000000000000E+00
3.99999999999999477E-04  0.00000000000000000E+00  0.00000000000000000E+00  1.09193176513309440E-01  0.00000000000000000E+00  0.00000000000000000E+00  0.00000000000000000E+00  0.00000000000000000E+00
4.39999999999999365E-04  0.00000000000000000E+00  0.00000000000000000E+00  1.09371793718700067E-01  0.00000000000000000E+00  0.00000000000000000E+00  0.00000000000000000E+00  0.00000000000000000E+00
4.79999999999999416E-04  0.00000000000000000E+00  0.00000000000000000E+00  1.07528409679254103E-01  0.00000000000000000E+00  0.00000000000000000E+00  0.00000000000000000E+00  0.00000000000000000E+00
5.19999999999999196E-04  0.00000000000000000E+00  0.00000000000000000E+00  1.15561594784017091E-01  0.00000000000000000E+00  0.00000000000000000E+00  0.00000000000000000E+00  0.00000000000000000E+00
5.59999999999998325E-04  0.00000000000000000E+00  0.00000000000000000E+00  1.15827977758799563E-01  0.00000000000000000E+00  0.00000000000000000E+00  0.00000000000000000E+00  0.00000000000000000E+00
5.99999999999999731E-04  0.00000000000000000E+00  0.00000000000000000E+00  1.09555591517096082E-01  0.00000000000000000E+00  0.00000000000000000E+00  0.00000000000000000E+00  0.00000000000000000E+00
6.39999999999999619E-04  0.00000000000000000E+00  0.00000000000000000E+00  1.16391896678611106E-01  0.00000000000000000E+00  0.00000000000000000E+00  0.00000000000000000E+00  0.00000000000000000E+00
6.80000000000000374E-04  0.00000000000000000E+00  0.00000000000000000E+00  1.17044388619958972E-01  0.00000000000000000E+00  0.00000000000000000E+00  0.00000000000000000E+00  0.00000000000000000E+00
7.19999999999999612E-04  0.00000000000000000E+00  0.00000000000000000E+00  1.14664552935053982E-01  0.00000000000000000E+00  0.00000000000000000E+00  0.00000000000000000E+00  0.00000000000000000E+00
7.59999999999999933E-04  0.00000000000000000E+00  0.00000000000000000E+00  1.15676271029630795E-01  0.00000000000000000E+00  0.00000000000000000E+00  0.00000000000000000E+00  0.00000000000000000E+00
7.99999999999998954E-04  0.00000000000000000E+00  0.00000000000000000E+00  1.20093302714263869E-01  0.00000000000000000E+00  0.00000000000000000E+00  0.00000000000000000E+00  0.00000000000000000E+00
8.39999999999999384E-04  0.00000000000000000E+00  0.00000000000000000E+00  1.20698968416854430E-01  0.00000000000000000E+00  0.00000000000000000E+00  0.00000000000000000E+00  0.00000000000000000E+00
8.79999999999998947E-04  0.00000000000000000E+00  0.00000000000000000E+00  1.22920605206935540E-01  0.00000000000000000E+00  0.00000000000000000E+00  0.00000000000000000E+00  0.00000000000000000E+00
9.19999999999997426E-04  0.00000000000000000E+00  0.00000000000000000E+00  1.18198564924196253E-01  0.00000000000000000E+00  0.00000000000000000E+00  0.00000000000000000E+00  0.00000000000000000E+00
9.59999999999998290E-04  0.00000000000000000E+00  0.00000000000000000E+00  1.20125242907830748E-01  0.00000000000000000E+00  0.00000000000000000E+00  0.00000000000000000E+00  0.00000000000000000E+00
9.99999999999997636E-04  0.00000000000000000E+00  0.00000000000000000E+00  1.22913420443699725E-01  0.00000000000000000E+00  0.00000000000000000E+00  0.00000000000000000E+00  0.00000000000000000E+00
1.03999999999999839E-03  0.00000000000000000E+00  0.00000000000000000E+00  1.26606192507923238E-01  0.00000000000000000E+00  0.00000000000000000E+00  0.00000000000000000E+00  0.00000000000000000E+00
1.07999999999999785E-03  0.00000000000000000E+00  0.00000000000000000E+00  1.27608219752245733E-01  0.00000000000000000E+00  0.00000000000000000E+00  0.00000000000000000E+00  0.00000000000000000E+00
1.11999999999999882E-03  0.00000000000000000E+00  0.00000000000000000E+00  1.27656598210567684E-01  0.00000000000000000E+00  0.00000000000000000E+00  0.00000000000000000E+00  0.00000000000000000E+00
1.15999999999999806E-03  0.00000000000000000E+00  0.00000000000000000E+00  1.30586196574615537E-01  0.00000000000000000E+00  0.00000000000000000E+00  0.00000000000000000E+00  0.00000000000000000E+00
1.19999999999999903E-03  0.00000000000000000E+00  0.00000000000000000E+00  1.29829687597749932E-01  0.00000000000000000E+00  0.00000000000000000E+00  0.00000000000000000E+00  0.00000000000000000E+00
1.23999999999999827E-03  0.00000000000000000E+00  0.00000000000000000E+00  1.33398198923190381E-01  0.00000000000000000E+00  0.00000000000000000E+00  0.00000000000000000E+00  0.00000000000000000E+00
1.27999999999999859E-03  0.00000000000000000E+00  0.00000000000000000E+00  1.35922982470234183E-01  0.00000000000000000E+00  0.00000000000000000E+00  0.00000000000000000E+00  0.00000000000000000E+00
1.31999999999999761E-03  0.00000000000000000E+00  0.00000000000000000E+00  1.39012703099407470E-01  0.00000000000000000E+00  0.00000000000000000E+00  0.00000000000000000E+00  0.00000000000000000E+00
1.35999999999999793E-03  0.00000000000000000E+00  0.00000000000000000E+00  1.41093639415170946E-01  0.00000000000000000E+00  0.00000000000000000E+00  0.00000000000000000E+00  0.00000000000000000E+00
1.39999999999999825E-03  0.00000000000000000E+00  0.00000000000000000E+00  1.43963439619172545E-01  0.00000000000000000E+00  0.00000000000000000E+00  0.00000000000000000E+00  0.00000000000000000E+00
1.43999999999999705E-03  0.00000000000000000E+00  0.00000000000000000E+00  1.45991102740986978E-01  0.00000000000000000E+00  0.00000000000000000E+00  0.00000000000000000E+00  0.00000000000000000E+00
1.47999999999999738E-03  0.00000000000000000E+00  0.00000000000000000E+00  1.48035173108590740E-01  0.00000000000000000E+00  0.00000000000000000E+00  0.00000000000000000E+00  0.00000000000000000E+00
1.51999999999999813E-03  0.00000000000000000E+00  0.00000000000000000E+00  1.50262525400767066E-01  0.00000000000000000E+00  0.00000000000000000E+00  0.00000000000000000E+00  0.00000000000000000E+00
1.55999999999999694E-03  0.00000000000000000E+00  0.00000000000000000E+00  1.52268303559048468E-01  0.00000000000000000E+00  0.00000000000000000E+00  0.00000000000000000E+00  0.00000000000000000E+00
1.59999999999999704E-03  0.00000000000000000E+00  0.00000000000000000E+00  1.55337304682752170E-01  0.00000000000000000E+00  0.00000000000000000E+00  0.00000000000000000E+00  0.00000000000000000E+00
1.63999999999999584E-03  0.00000000000000000E+00  0.00000000000000000E+00  1.58093775828618305E-01  0.00000000000000000E+00  0.00000000000000000E+00  0.00000000000000000E+00  0.00000000000000000E+00
1.67999999999999617E-03  0.00000000000000000E+00  0.00000000000000000E+00  1.60390824724250841E-01  0.00000000000000000E+00  0.00000000000000000E+00  0.00000000000000000E+00  0.00000000000000000E+00
1.71999999999999714E-03  0.00000000000000000E+00  0.00000000000000000E+00  1.63334453582088729E-01  0.00000000000000000E+00  0.00000000000000000E+00  0.00000000000000000E+00  0.00000000000000000E+00
1.75999999999999724E-03  0.00000000000000000E+00  0.00000000000000000E+00  1.66407394169113265E-01  0.00000000000000000E+00  0.00000000000000000E+00  0.00000000000000000E+00  0.00000000000000000E+00
1.79999999999999583E-03  0.00000000000000000E+00  0.00000000000000000E+00  1.68528686400508748E-01  0.00000000000000000E+00  0.00000000000000000E+00  0.00000000000000000E+00  0.00000000000000000E+00
1.83999999999999485E-03  0.00000000000000000E+00  0.00000000000000000E+00  1.70500821809569159E-01  0.00000000000000000E+00  0.00000000000000000E+00  0.00000000000000000E+00  0.00000000000000000E+00
1.87999999999999474E-03  0.00000000000000000E+00  0.00000000000000000E+00  1.73474813589971633E-01  0.00000000000000000E+00  0.00000000000000000E+00  0.00000000000000000E+00  0.00000000000000000E+00
1.91999999999999615E-03  0.00000000000000000E+00  0.00000000000000000E+00  1.74924346263990005E-01  0.00000000000000000E+00  0.00000000000000000E+00  0.00000000000000000E+00  0.00000000000000000E+00
1.95999999999999603E-03  0.00000000000000000E+00  0.00000000000000000E+00  1.77662062339540183E-01  0.00000000000000000E+00  0.00000000000000000E+00  0.00000000000000000E+00  0.00000000000000000E+00
1.99999999999999527E-03  0.00000000000000000E+00  0.00000000000000000E+00  1.80445105016639379E-01  0.00000000000000000E+00  0.00000000000000000E+00  0.00000000000000000E+00  0.00000000000000000E+00
2.03999999999999451E-03  0.00000000000000000E+00  0.00000000000000000E+00  1.83408747908730102E-01  0.00000000000000000E+00  0.00000000000000000E+00  0.00000000000000000E+00  0.00000000000000000E+00
2.07999999999999635E-03  0.00000000000000000E+00  0.00000000000000000E+00  1.85481132056382197E-01  0.00000000000000000E+00  0.00000000000000000E+00  0.00000000000000000E+00  0.00000000000000000E+00
2.11999999999999645E-03  0.00000000000000000E+00  0.00000000000000000E+00  1.88224322975228980E-01  0.00000000000000000E+00  0.00000000000000000E+00  0.00000000000000000E+00  0.00000000000000000E+00
2.15999999999999569E-03  0.00000000000000000E+00  0.00000000000000000E+00  1.91097858970563611E-01  0.00000000000000000E+00  0.00000000000000000E+00  0.00000000000000000E+00  0.00000000000000000E+00
2.19999999999999493E-03  0.00000000000000000E+00  0.00000000000000000E+00  1.93327507467765503E-01  0.00000000000000000E+00  0.00000000000000000E+00  0.00000000000000000E+00  0.00000000000000000E+00
2.23999999999999417E-03  0.00000000000000000E+00  0.00000000000000000E+00  1.95213712014487978E-01  0.00000000000000000E+00  0.00000000000000000E+00  0.00000000000000000E+00  0.00000000000000000E+00
2.27999999999999687E-03  0.00000000000000000E+00  0.00000000000000000E+00  1.97728323319855709E-01  0.00000000000000000E+00  0.00000000000000000E+00  0.00000000000000000E+00  0.00000000000000000E+00
2.31999999999999611E-03  0.00000000000000000E+00  0.00000000000000000E+00  2.00417881654309710E-01  0.00000000000000000E+00  0.00000000000000000E+00  0.00000000000000000E+00  0.00000000000000000E+00
2.35999999999999448E-03  0.00000000000000000E+00  0.00000000000000000E+00  2.01223586237421009E-01  0.00000000000000000E+00  0.00000000000000000E+00  0.00000000000000000E+00  0.00000000000000000E+00
2.39999999999999372E-03  0.00000000000000000E+00  0.00000000000000000E+00  2.04260086108676242E-01  0.00000000000000000E+00  0.00000000000000000E+00  0.00000000000000000E+00  0.00000000000000000E+00
2.43999999999999643E-03  0.00000000000000000E+00  0.00000000000000000E+00  2.06883754376501333E-01  0.00000000000000000E+00  0.00000000000000000E+00  0.00000000000000000E+00  0.00000000000000000E+00
2.47999999999999566E-03  0.00000000000000000E+00  0.00000000000000000E+00  2.09774798155369757E-01  0.00000000000000000E+00  0.00000000000000000E+00  0.00000000000000000E+00  0.00000000000000000E+00
2.51999999999999447E-03  0.00000000000000000E+00  0.00000000000000000E+00  2.12849667913269119E-01  0.00000000000000000E+00  0.00000000000000000E+00  0.00000000000000000E+00  0.00000000000000000E+00
2.55999999999999327E-03  0.00000000000000000E+00  0.00000000000000000E+00  2.15563246850627332E-01  0.00000000000000000E+00  0.00000000000000000E+00  0.00000000000000000E+00  0.00000000000000000E+00
2.59999999999999251E-03  0.00000000000000000E+00  0.00000000000000000E+00  2.18149625625496751E-01  0.00000000000000000E+00  0.00000000000000000E+00  0.00000000000000000E+00  0.00000000000000000E+00
2.63999999999999391E-03  0.00000000000000000E+00  0.00000000000000000E+00  2.19410895166545550E-01  0.00000000000000000E+00  0.00000000000000000E+00  0.00000000000000000E+00  0.00000000000000000E+00
2.67999999999999359E-03  0.00000000000000000E+00  0.00000000000000000E+00  2.22272658732606848E-01  0.00000000000000000E+00  0.00000000000000000E+00  0.00000000000000000E+00  0.00000000000000000E+00
2.71999999999999456E-03  0.00000000000000000E+00  0.00000000000000000E+00  2.24817336591369127E-01  0.00000000000000000E+00  0.00000000000000000E+00  0.00000000000000000E+00  0.00000000000000000E+00
2.75999999999999423E-03  0.00000000000000000E+00  0.00000000000000000E+00  2.27568410759647483E-01  0.00000000000000000E+00  0.00000000000000000E+00  0.00000000000000000E+00  0.00000000000000000E+00
2.79999999999999563E-03  0.00000000000000000E+00  0.00000000000000000E+00  2.30029838964051048E-01  0.00000000000000000E+00  0.00000000000000000E+00  0.00000000000000000E+00  0.00000000000000000E+00
2.83999999999999487E-03  0.00000000000000000E+00  0.00000000000000000E+00  2.32295443203035995E-01  0.00000000000000000E+00  0.00000000000000000E+00  0.00000000000000000E+00  0.00000000000000000E+00
2.87999999999999411E-03  0.00000000000000000E+00  0.00000000000000000E+00  2.35121565834384705E-01  0.00000000000000000E+00  0.00000000000000000E+00  0.00000000000000000E+00  0.00000000000000000E+00
2.91999999999999335E-03  0.00000000000000000E+00  0.00000000000000000E+00  2.37724713853708414E-01  0.00000000000000000E+00  0.00000000000000000E+00  0.00000000000000000E+00  0.00000000000000000E+00
2.95999999999999475E-03  0.00000000000000000E+00  0.00000000000000000E+00  2.40608914107520333E-01  0.00000000000000000E+00  0.00000000000000000E+00  0.00000000000000000E+00  0.00000000000000000E+00
2.99999999999999312E-03  0.00000000000000000E+00  0.00000000000000000E+00  2.43349367902762737E-01  0.00000000000000000E+00  0.00000000000000000E+00  0.00000000000000000E+00  0.00000000000000000E+00
3.03999999999999193E-03  0.00000000000000000E+00  0.00000000000000000E+00  2.46031980690631230E-01  0.00000000000000000E+00  0.00000000000000000E+00  0.00000000000000000E+00  0.00000000000000000E+00
3.07999999999999463E-03  0.00000000000000000E+00  0.00000000000000000E+00  2.48845308751312139E-01  0.00000000000000000E+00  0.00000000000000000E+00  0.00000000000000000E+00  0.00000000000000000E+00
3.11999999999999387E-03  0.00000000000000000E+00  0.00000000000000000E+00  2.51900241634788302E-01  0.00000000000000000E+00  0.00000000000000000E+00  0.00000000000000000E+00  0.00000000000000000E+00
3.15999999999999224E-03  0.00000000000000000E+00  0.00000000000000000E+00  2.54569087186177934E-01  0.00000000000000000E+00  0.00000000000000000E+00  0.00000000000000000E+00  0.00000000000000000E+00
3.19999999999999061E-03  0.00000000000000000E+00  0.00000000000000000E+00  2.57322662534228697E-01  0.00000000000000000E+00  0.00000000000000000E+00  0.00000000000000000E+00  0.00000000000000000E+00
3.23999999999999158E-03  0.00000000000000000E+00  0.00000000000000000E+00  2.59718917875651323E-01  0.00000000000000000E+00  0.00000000000000000E+00  0.00000000000000000E+00  0.00000000000000000E+00
3.27999999999999039E-03  0.00000000000000000E+00  0.00000000000000000E+00  2.62234656081842765E-01  0.00000000000000000E+00  0.00000000000000000E+00  0.00000000000000000E+00  0.00000000000000000E+00
3.31999999999998919E-03  0.00000000000000000E+00  0.00000000000000000E+00  2.65211026459040822E-01  0.00000000000000000E+00  0.00000000000000000E+00  0.00000000000000000E+00  0.00000000000000000E+00
3.35999999999998843E-03  0.00000000000000000E+00  0.00000000000000000E+00  2.67253854352250575E-01  0.00000000000000000E+00  0.00000000000000000E+00  0.00000000000000000E+00  0.00000000000000000E+00
3.39999999999998723E-03  0.00000000000000000E+00  0.00000000000000000E+00  2.70122879835661245E-01  0.00000000000000000E+00  0.00000000000000000E+00  0.00000000000000000E+00  0.00000000000000000E+00
3.43999999999998821E-03  0.00000000000000000E+00  0.00000000000000000E+00  2.72197205106048556E-01  0.00000000000000000E+00  0.00000000000000000E+00  0.00000000000000000E+00  0.00000000000000000E+00
3.47999999999998701E-03  0.00000000000000000E+00  0.00000000000000000E+00  2.75215999395035604E-01  0.00000000000000000E+00  0.00000000000000000E+00  0.00000000000000000E+00  0.00000000000000000E+00
3.51999999999998538E-03  0.00000000000000000E+00  0.00000000000000000E+00  2.77710212679008139E-01  0.00000000000000000E+00  0.00000000000000000E+00  0.00000000000000000E+00  0.00000000000000000E+00
3.55999999999998982E-03  0.00000000000000000E+00  0.00000000000000000E+00  2.80023229214610037E-01  0.00000000000000000E+00  0.00000000000000000E+00  0.00000000000000000E+00  0.00000000000000000E+00
3.59999999999998863E-03  0.00000000000000000E+00  0.00000000000000000E+00  2.82833552212777561E-01  0.00000000000000000E+00  0.00000000000000000E+00  0.00000000000000000E+00  0.00000000000000000E+00
3.63999999999998700E-03  0.00000000000000000E+00  0.00000000000000000E+00  2.85528517319992792E-01  0.00000000000000000E+00  0.00000000000000000E+00  0.00000000000000000E+00  0.00000000000000000E+00
3.67999999999998537E-03  0.00000000000000000E+00  0.00000000000000000E+00  2.88519758065555521E-01  0.00000000000000000E+00  0.00000000000000000E+00  0.00000000000000000E+00  0.00000000000000000E+00
3.71999999999998374E-03  0.00000000000000000E+00  0.00000000000000000E+00  2.90944613952054898E-01  0.00000000000000000E+00  0.00000000000000000E+00  0.00000000000000000E+00  0.00000000000000000E+00
3.75999999999998254E-03  0.00000000000000000E+00  0.00000000000000000E+00  2.93571474685996203E-01  0.00000000000000000E+00  0.00000000000000000E+00  0.00000000000000000E+00  0.00000000000000000E+00
3.79999999999998351E-03  0.00000000000000000E+00  0.00000000000000000E+00  2.96609797064914915E-01  0.00000000000000000E+00  0.00000000000000000E+00  0.00000000000000000E+00  0.00000000000000000E+00
3.83999999999998188E-03  0.00000000000000000E+00  0.00000000000000000E+00  2.99196036281838773E-01  0.00000000000000000E+00  0.00000000000000000E+00  0.00000000000000000E+00  0.00000000000000000E+00
3.87999999999998069E-03  0.00000000000000000E+00  0.00000000000000000E+00  3.01901032708670358E-01  0.00000000000000000E+00  0.00000000000000000E+00  0.00000000000000000E+00  0.00000000000000000E+00
3.91999999999997992E-03  0.00000000000000000E+00  0.00000000000000000E+00  3.04727919775565459E-01  0.00000000000000000E+00  0.00000000000000000E+00  0.00000000000000000E+00  0.00000000000000000E+00
3.95999999999997829E-03  0.00000000000000000E+00  0.00000000000000000E+00  3.07747440644859427E-01  0.00000000000000000E+00  0.00000000000000000E+00  0.00000000000000000E+00  0.00000000000000000E+00
3.99999999999997666E-03  0.00000000000000000E+00  0.00000000000000000E+00  3.10282131472290668E-01  0.00000000000000000E+00  0.00000000000000000E+00  0.00000000000000000E+00  0.00000000000000000E+00
4.03999999999997503E-03  0.00000000000000000E+00  0.00000000000000000E+00  3.13011800634704185E-01  0.00000000000000000E+00  0.00000000000000000E+00  0.00000000000000000E+00  0.00000000000000000E+00
4.07999999999997601E-03  0.00000000000000000E+00  0.00000000000000000E+00  3.15860291508031910E-01  0.00000000000000000E+00  0.00000000000000000E+00  0.00000000000000000E+00  0.00000000000000000E+00
4.11999999999997438E-03  0.00000000000000000E+00  0.00000000000000000E+00  3.18593470855152605E-01  0.00000000000000000E+00  0.00000000000000000E+00  0.00000000000000000E+00  0.00000000000000000E+00
4.15999999999997969E-03  0.00000000000000000E+00  0.00000000000000000E+00  3.21488451906322359E-01  0.00000000000000000E+00  0.00000000000000000E+00  0.00000000000000000E+00  0.00000000000000000E+00
4.19999999999997806E-03  0.00000000000000000E+00  0.00000000000000000E+00  3.24289038989264256E-01  0.00000000000000000E+00  0.00000000000000000E+00  0.00000000000000000E+00  0.00000000000000000E+00
4.23999999999997903E-03  0.00000000000000000E+00  0.00000000000000000E+00  3.26285371656366063E-01  0.00000000000000000E+00  0.00000000000000000E+00  0.00000000000000000E+00  0.00000000000000000E+00
4.27999999999997740E-03  0.00000000000000000E+00  0.00000000000000000E+00  3.29022145695272772E-01  0.00000000000000000E+00  0.00000000000000000E+00  0.00000000000000000E+00  0.00000000000000000E+00
4.31999999999997750E-03  0.00000000000000000E+00  0.00000000000000000E+00  3.31383514682099534E-01  0.00000000000000000E+00  0.00000000000000000E+00  0.00000000000000000E+00  0.00000000000000000E+00
4.35999999999997587E-03  0.00000000000000000E+00  0.00000000000000000E+00  3.34428635675012631E-01  0.00000000000000000E+00  0.00000000000000000E+00  0.00000000000000000E+00  0.00000000000000000E+00
4.39999999999997424E-03  0.00000000000000000E+00  0.00000000000000000E+00  3.37243332610832391E-01  0.00000000000000000E+00  0.00000000000000000E+00  0.00000000000000000E+00  0.00000000000000000E+00
4.43999999999997261E-03  0.00000000000000000E+00  0.00000000000000000E+00  3.39895520085085445E-01  0.00000000000000000E+00  0.00000000000000000E+00  0.00000000000000000E+00  0.00000000000000000E+00
4.47999999999997272E-03  0.00000000000000000E+00  0.00000000000000000E+00  3.42881211497462868E-01  0.00000000000000000E+00  0.00000000000000000E+00  0.00000000000000000E+00  0.00000000000000000E+00
4.51999999999997109E-03  0.00000000000000000E+00  0.00000000000000000E+00  3.45588818155086519E-01  0.00000000000000000E+00  0.00000000000000000E+00  0.00000000000000000E+00  0.00000000000000000E+00
4.55999999999997640E-03  0.00000000000000000E+00  0.00000000000000000E+00  3.48631171926677252E-01  0.00000000000000000E+00  0.00000000000000000E+00  0.00000000000000000E+00  0.00000000000000000E+00
4.59999999999997650E-03  0.00000000000000000E+00  0.00000000000000000E+00  3.51186277753470777E-01  0.00000000000000000E+00  0.00000000000000000E+00  0.00000000000000000E+00  0.00000000000000000E+00
4.63999999999997487E-03  0.00000000000000000E+00  0.00000000000000000E+00  3.54225588547303460E-01  0.00000000000000000E+00  0.00000000000000000E+00  0.00000000000000000E+00  0.00000000000000000E+00
4.67999999999997411E-03  0.00000000000000000E+00  0.00000000000000000E+00  3.57196949713049772E-01  0.00000000000000000E+00  0.00000000000000000E+00  0.00000000000000000E+00  0.00000000000000000E+00
4.71999999999997335E-03  0.00000000000000000E+00  0.00000000000000000E+00  3.59141338505943764E-01  0.00000000000000000E+00  0.00000000000000000E+00  0.00000000000000000E+00  0.00000000000000000E+00
4.75999999999997259E-03  0.00000000000000000E+00  0.00000000000000000E+00  3.61294166060505184E-01  0.00000000000000000E+00  0.00000000000000000E+00  0.00000000000000000E+00  0.00000000000000000E+00
4.79999999999997182E-03  0.00000000000000000E+00  0.00000000000000000E+00  3.63976514505549464E-01  0.00000000000000000E+00  0.00000000000000000E+00  0.00000000000000000E+00  0.00000000000000000E+00
4.83999999999997106E-03  0.00000000000000000E+00  0.00000000000000000E+00  3.66000702485978935E-01  0.00000000000000000E+00  0.00000000000000000E+00  0.00000000000000000E+00  0.00000000000000000E+00
4.87999999999996856E-03  0.00000000000000000E+00  0.00000000000000000E+00  3.68700901222951016E-01  0.00000000000000000E+00  0.00000000000000000E+00  0.00000000000000000E+00  0.00000000000000000E+00
4.91999999999996780E-03  0.00000000000000000E+00  0.00000000000000000E+00  3.70788146198302637E-01  0.00000000000000000E+00  0.00000000000000000E+00  0.00000000000000000E+00  0.00000000000000000E+00
4.95999999999996704E-03  0.00000000000000000E+00  0.00000000000000000E+00  3.72927352046659277E-01  0.00000000000000000E+00  0.00000000000000000E+00  0.00000000000000000E+00  0.00000000000000000E+00
4.99999999999997408E-03  0.00000000000000000E+00  0.00000000000000000E+00  3.75227383347427945E-01  0.00000000000000000E+00  0.00000000000000000E+00  0.00000000000000000E+00  0.00000000000000000E+00
5.03999999999996985E-03  0.00000000000000000E+00  0.00000000000000000E+00  3.77614201248397952E-01  0.00000000000000000E+00  0.00000000000000000E+00  0.00000000000000000E+00  0.00000000000000000E+00
5.07999999999997256E-03  0.00000000000000000E+00  0.00000000000000000E+00  3.80480166245558638E-01  0.00000000000000000E+00  0.00000000000000000E+00  0.00000000000000000E+00  0.00000000000000000E+00
5.11999999999996919E-03  0.00000000000000000E+00  0.00000000000000000E+00  3.83469530108015655E-01  0.00000000000000000E+00  0.00000000000000000E+00  0.00000000000000000E+00  0.00000000000000000E+00
5.15999999999996930E-03  0.00000000000000000E+00  0.00000000000000000E+00  3.86084545441748306E-01  0.00000000000000000E+00  0.00000000000000000E+00  0.00000000000000000E+00  0.00000000000000000E+00
5.19999999999997027E-03  0.00000000000000000E+00  0.00000000000000000E+00  3.88606815266943406E-01  0.00000000000000000E+00  0.00000000000000000E+00  0.00000000000000000E+00  0.00000000000000000E+00
5.23999999999996777E-03  0.00000000000000000E+00  0.00000000000000000E+00  3.91589966414217061E-01  0.00000000000000000E+00  0.00000000000000000E+00  0.00000000000000000E+00  1.51008049388914048E-04
5.27999999999996788E-03  0.00000000000000000E+00  0.00000000000000000E+00  3.94541358398164732E-01  0.00000000000000000E+00  0.00000000000000000E+00  0.00000000000000000E+00  1.52176844222490920E-04
5.31999999999996625E-03  0.00000000000000000E+00  0.00000000000000000E+00  3.97287738461852336E-01  0.00000000000000000E+00  0.00000000000000000E+00  0.00000000000000000E+00  1.53328572228770871E-04
5.35999999999996722E-03  0.00000000000000000E+00  0.00000000000000000E+00  3.99859458900401477E-01  0.00000000000000000E+00  0.00000000000000000E+00  0.00000000000000000E+00  1.54481386881934489E-04
5.39999999999996299E-03  0.00000000000000000E+00  0.00000000000000000E+00  4.02666955838868745E-01  0.00000000000000000E+00  0.00000000000000000E+00  0.00000000000000000E+00  1.55604721658077693E-04
5.43999999999997003E-03  0.00000000000000000E+00  0.00000000000000000E+00  4.05466345013456964E-01  0.00000000000000000E+00  0.00000000000000000E+00  0.00000000000000000E+00  1.56627088192940232E-04
5.47999999999996580E-03  0.00000000000000000E+00  0.00000000000000000E+00  4.08113448787677580E-01  0.00000000000000000E+00  0.00000000000000000E+00  0.00000000000000000E+00  1.57713846648386435E-04
5.51999999999996677E-03  0.00000000000000000E+00  0.00000000000000000E+00  4.10711557199931854E-01  0.00000000000000000E+00  0.00000000000000000E+00  0.00000000000000000E+00  1.59269877003092648E-04
5.55999999999996514E-03  0.00000000000000000E+00  0.00000000000000000E+00  4.13311158174906990E-01  0.00000000000000000E+00  0.00000000000000000E+00  0.00000000000000000E+00  1.55257559532215951E-04
5.59999999999996525E-03  0.00000000000000000E+00  0.00000000000000000E+00  4.16241415411622906E-01  0.00000000000000000E+00  0.00000000000000000E+00  0.00000000000000000E+00  1.56017849230895641E-04
5.63999999999996622E-03  0.00000000000000000E+00  0.00000000000000000E+00  4.18942743190677258E-01  0.00000000000000000E+00  0.00000000000000000E+00  0.00000000000000000E+00  1.56876696928685654E-04
5.67999999999996372E-03  0.00000000000000000E+00  0.00000000000000000E+00  4.20676433238185377E-01  0.00000000000000000E+00  0.00000000000000000E+00  0.00000000000000000E+00  1.58233827012483426E-04
5.71999999999996556E-03  0.00000000000000000E+00  0.00000000000000000E+00  4.22946938653950333E-01  0.00000000000000000E+00  0.00000000000000000E+00  0.00000000000000000E+00  1.60696638384910358E-04
5.75999999999996046E-03  0.00000000000000000E+00  0.00000000000000000E+00  4.25717589923622297E-01  0.00000000000000000E+00  0.00000000000000000E+00  0.00000000000000000E+00  1.61566363046111434E-04
5.79999999999996404E-03  0.00000000000000000E+00  0.00000000000000000E+00  4.28241183380891566E-01  0.00000000000000000E+00  0.00000000000000000E+00  0.00000000000000000E+00  1.62475131747508606E-04
5.83999999999995894E-03  0.00000000000000000E+00  0.00000000000000000E+00  4.30694290043150130E-01  0.00000000000000000E+00  0.00000000000000000E+00  0.00000000000000000E+00  1.63684392241854326E-04
5.87999999999996598E-03  0.00000000000000000E+00  0.00000000000000000E+00  4.33216420552657577E-01  0.00000000000000000E+00  0.00000000000000000E+00  0.00000000000000000E+00  1.64216712535268460E-04
5.91999999999996088E-03  0.00000000000000000E+00  0.00000000000000000E+00  4.35295966785705979E-01  0.00000000000000000E+00  0.00000000000000000E+00  0.00000000000000000E+00  1.65329784149583891E-04
5.95999999999996359E-03  0.00000000000000000E+00  0.00000000000000000E+00  4.37390016547050731E-01  0.00000000000000000E+00  0.00000000000000000E+00  0.00000000000000000E+00  1.66193473040824555E-04
5.99999999999995936E-03  0.00000000000000000E+00  0.00000000000000000E+00  4.39787782765814650E-01  0.00000000000000000E+00  0.00000000000000000E+00  0.00000000000000000E+00  3.17961374582864252E-04
6.03999999999996293E-03  0.00000000000000000E+00  0.00000000000000000E+00  4.42551640361248722E-01  0.00000000000000000E+00  0.00000000000000000E+00  0.00000000000000000E+00  1.51912327680525460E-04
6.07999999999996477E-03  0.00000000000000000E+00  0.00000000000000000E+00  4.44982469806969649E-01  0.00000000000000000E+00  0.00000000000000000E+00  0.00000000000000000E+00  1.51886947750748272E-04
6.11999999999996054E-03  0.00000000000000000E+00  0.00000000000000000E+00  4.47409313498268346E-01  0.00000000000000000E+00  0.00000000000000000E+00  0.00000000000000000E+00  1.52888579648500508E-04
6.15999999999996845E-03  0.00000000000000000E+00  0.00000000000000000E+00  4.49791809728963488E-01  0.00000000000000000E+00  0.00000000000000000E+00  0.00000000000000000E+00  1.89226727129903185E-04
6.19999999999996335E-03  0.00000000000000000E+00  0.00000000000000000E+00  4.52316559253683526E-01  0.00000000000000000E+00  0.00000000000000000E+00  0.00000000000000000E+00  1.90599358094069706E-04
6.23999999999996693E-03  0.00000000000000000E+00  0.00000000000000000E+00  4.55039970706625996E-01  0.00000000000000000E+00  0.00000000000000000E+00  0.00000000000000000E+00  1.93176447148986574E-04
6.27999999999996096E-03  0.00000000000000000E+00  0.00000000000000000E+00  4.57593610284475927E-01  0.00000000000000000E+00  0.00000000000000000E+00  0.00000000000000000E+00  1.94308811929555676E-04
6.31999999999996540E-03  0.00000000000000000E+00  0.00000000000000000E+00  4.60295707830016609E-01  0.00000000000000000E+00  0.00000000000000000E+00  0.00000000000000000E+00  1.95527577793863969E-04
6.35999999999995770E-03  0.00000000000000000E+00  0.00000000000000000E+00  4.62487242950537225E-01  0.00000000000000000E+00  0.00000000000000000E+00  0.00000000000000000E+00  1.95964930263545282E-04
6.39999999999996128E-03  0.00000000000000000E+00  0.00000000000000000E+00  4.64680777145900170E-01  0.00000000000000000E+00  0.00000000000000000E+00  0.00000000000000000E+00  3.27532269944987649E-04
6.43999999999996485E-03  0.00000000000000000E+00  0.00000000000000000E+00  4.67279914133760188E-01  0.00000000000000000E+00  0.00000000000000000E+00  0.00000000000000000E+00  1.78132894521641012E-04
6.47999999999995975E-03  0.00000000000000000E+00  0.00000000000000000E+00  4.70075418501528897E-01  0.00000000000000000E+00  0.00000000000000000E+00  0.00000000000000000E+00  1.69623004226395179E-04
6.51999999999996853E-03  0.00000000000000000E+00  0.00000000000000000E+00  4.72565863016239152E-01  0.00000000000000000E+00  0.00000000000000000E+00  0.00000000000000000E+00  3.22803816026388964E-04
6.55999999999996256E-03  0.00000000000000000E+00  0.00000000000000000E+00  4.75079057055199094E-01  0.00000000000000000E+00  0.00000000000000000E+00  0.00000000000000000E+00  3.24914437733428050E-04
6.59999999999996700E-03  0.00000000000000000E+00  0.00000000000000000E+00  4.77418267180752198E-01  0.00000000000000000E+00  0.00000000000000000E+00  0.00000000000000000E+00  3.23523031923881005E-04
6.63999999999997058E-03  0.00000000000000000E+00  0.00000000000000000E+00  4.79984332640509659E-01  0.00000000000000000E+00  0.00000000000000000E+00  0.00000000000000000E+00  3.24812230323006821E-04
6.67999999999996548E-03  0.00000000000000000E+00  0.00000000000000000E+00  4.82366578715338556E-01  0.00000000000000000E+00  0.00000000000000000E+00  0.00000000000000000E+00  3.26551507057306636E-04
6.71999999999996905E-03  0.00000000000000000E+00  0.00000000000000000E+00  4.84817335810647287E-01  0.00000000000000000E+00  0.00000000000000000E+00  0.00000000000000000E+00  3.25895208861456866E-04
6.75999999999996742E-03  0.00000000000000000E+00  0.00000000000000000E+00  4.87452495099897853E-01  0.00000000000000000E+00  0.00000000000000000E+00  0.00000000000000000E+00  3.27748170680710498E-04
6.79999999999997100E-03  0.00000000000000000E+00  0.00000000000000000E+00  4.90334207724068549E-01  0.00000000000000000E+00  0.00000000000000000E+00  0.00000000000000000E+00  3.24361251614565724E-04
6.83999999999996590E-03  0.00000000000000000E+00  0.00000000000000000E+00  4.92912619082708670E-01  0.00000000000000000E+00  0.00000000000000000E+00  0.00000000000000000E+00  3.25939772271353879E-04
6.87999999999996861E-03  0.00000000000000000E+00  0.00000000000000000E+00  4.95300567487546139E-01  0.00000000000000000E+00  0.00000000000000000E+00  0.00000000000000000E+00  3.23771686405178777E-04
6.91999999999997218E-03  0.00000000000000000E+00  0.00000000000000000E+00  4.97670018064208353E-01  0.00000000000000000E+00  0.00000000000000000E+00  0.00000000000000000E+00  3.27709211355146305E-04
6.95999999999996708E-03  0.00000000000000000E+00  0.00000000000000000E+00  5.00082326063639671E-01  0.00000000000000000E+00  0.00000000000000000E+00  0.00000000000000000E+00  3.24148212373264496E-04
6.99999999999997066E-03  0.00000000000000000E+00  0.00000000000000000E+00  5.02763165756735297E-01  0.00000000000000000E+00  0.00000000000000000E+00  0.00000000000000000E+00  3.27107357815978653E-04
7.03999999999996469E-03  0.00000000000000000E+00  0.00000000000000000E+00  5.04542651004360132E-01  0.00000000000000000E+00  0.00000000000000000E+00  0.00000000000000000E+00  3.23939156104396313E-04
7.07999999999997347E-03  0.00000000000000000E+00  0.00000000000000000E+00  5.07238808559954846E-01  0.00000000000000000E+00  0.00000000000000000E+00  0.00000000000000000E+00  3.28389703664167410E-04
7.11999999999996750E-03  0.00000000000000000E+00  0.00000000000000000E+00  5.09595492845783649E-01  0.00000000000000000E+00  0.00000000000000000E+00  0.00000000000000000E+00  3.32641424462208277E-04
7.15999999999997194E-03  0.00000000000000000E+00  0.00000000000000000E+00  5.12265214589251783E-01  0.00000000000000000E+00  0.00000000000000000E+00  0.00000000000000000E+00  3.32955644946164738E-04
7.19999999999997638E-03  0.00000000000000000E+00  0.00000000000000000E+00  5.14967077672795703E-01  0.00000000000000000E+00  0.00000000000000000E+00  0.00000000000000000E+00  3.34777475852753655E-04
7.23999999999996955E-03  0.00000000000000000E+00  0.00000000000000000E+00  5.17824722699835815E-01  0.00000000000000000E+00  0.00000000000000000E+00  0.00000000000000000E+00  3.35224232826476050E-04
7.27999999999997399E-03  0.00000000000000000E+00  0.00000000000000000E+00  5.20118409347050448E-01  0.00000000000000000E+00  0.00000000000000000E+00  0.00000000000000000E+00  3.37370610358024461E-04
7.31999999999996716E-03  0.00000000000000000E+00  0.00000000000000000E+00  5.22726565533985554E-01  0.00000000000000000E+00  0.00000000000000000E+00  0.00000000000000000E+00  3.39439433325702984E-04
7.35999999999997594E-03  0.00000000000000000E+00  0.00000000000000000E+00  5.25434849480351795E-01  0.00000000000000000E+00  0.00000000000000000E+00  0.00000000000000000E+00  3.36704913108838602E-04
7.39999999999996997E-03  0.00000000000000000E+00  0.00000000000000000E+00  5.28103869622225552E-01  0.00000000000000000E+00  0.00000000000000000E+00  0.00000000000000000E+00  3.36085718702524433E-04
7.43999999999997354E-03  0.00000000000000000E+00  0.00000000000000000E+00  5.30827998754786368E-01  0.00000000000000000E+00  0.00000000000000000E+00  0.00000000000000000E+00  3.35213186247419726E-04
7.47999999999997885E-03  0.00000000000000000E+00  0.00000000000000000E+00  5.33514349391045251E-01  0.00000000000000000E+00  0.00000000000000000E+00  0.00000000000000000E+00  3.35124698767311332E-04
7.51999999999997289E-03  0.00000000000000000E+00  0.00000000000000000E+00  5.35776188415318044E-01  0.00000000000000000E+00  0.00000000000000000E+00  0.00000000000000000E+00  3.36148544377826868E-04
7.55999999999997733E-03  0.00000000000000000E+00  0.00000000000000000E+00  5.38312124645963563E-01  0.00000000000000000E+00  0.00000000000000000E+00  0.00000000000000000E+00  3.36445568048112775E-04
7.59999999999997396E-03  0.00000000000000000E+00  0.00000000000000000E+00  5.40719334208103808E-01  0.00000000000000000E+00  0.00000000000000000E+00  0.00000000000000000E+00  3.37354442625947067E-04
7.63999999999997841E-03  0.00000000000000000E+00  0.00000000000000000E+00  5.43205125590385474E-01  0.00000000000000000E+00  0.00000000000000000E+00  0.00000000000000000E+00  3.39163746716837633E-04
7.67999999999997244E-03  0.00000000000000000E+00  0.00000000000000000E+00  5.45826113920286349E-01  0.00000000000000000E+00  0.00000000000000000E+00  0.00000000000000000E+00  3.40932329827020575E-04
7.71999999999997601E-03  0.00000000000000000E+00  0.00000000000000000E+00  5.48386655294678338E-01  0.00000000000000000E+00  0.00000000000000000E+00  0.00000000000000000E+00  3.42398628702994556E-04
7.75999999999998132E-03  0.00000000000000000E+00  0.00000000000000000E+00  5.51084825449342897E-01  0.00000000000000000E+00  0.00000000000000000E+00  0.00000000000000000E+00  3.40891031642988590E-04
7.79999999999997449E-03  0.00000000000000000E+00  0.00000000000000000E+00  5.53764948721192307E-01  0.00000000000000000E+00  0.00000000000000000E+00  0.00000000000000000E+00  3.42656829303543474E-04
7.83999999999998066E-03  0.00000000000000000E+00  0.00000000000000000E+00  5.56364701658432215E-01  0.00000000000000000E+00  0.00000000000000000E+00  0.00000000000000000E+00  3.44361599727781547E-04
7.87999999999997557E-03  0.00000000000000000E+00  0.00000000000000000E+00  5.58701447273086349E-01  0.00000000000000000E+00  0.00000000000000000E+00  0.00000000000000000E+00  3.41013142632838953E-04
7.91999999999998087E-03  0.00000000000000000E+00  0.00000000000000000E+00  5.61398596330904054E-01  0.00000000000000000E+00  0.00000000000000000E+00  0.00000000000000000E+00  3.42746885041475113E-04
7.95999999999997404E-03  0.00000000000000000E+00  0.00000000000000000E+00  5.64060203217436995E-01  0.00000000000000000E+00  0.00000000000000000E+00  0.00000000000000000E+00  3.44343302067931642E-04
7.99999999999997935E-03  0.00000000000000000E+00  0.00000000000000000E+00  5.66065314587782309E-01  0.00000000000000000E+00  0.00000000000000000E+00  0.00000000000000000E+00  3.46126155048093165E-04
7.99999999999997935E-03  0.00000000000000000E+00  0.00000000000000000E+00  5.66065314488218396E-01  0.00000000000000000E+00  0.00000000000000000E+00  0.00000000000000000E+00  3.46126047428722068E-04
8.03999999999998466E-03  0.00000000000000000E+00  0.00000000000000000E+00  5.68188627682147618E-01  0.00000000000000000E+00  0.00000000000000000E+00  0.00000000000000000E+00  3.44709841962659053E-04
8.07999999999997782E-03  0.00000000000000000E+00  0.00000000000000000E+00  5.71012460188337068E-01  0.00000000000000000E+00  0.00000000000000000E+00  0.00000000000000000E+00  3.47232028755413901E-04
8.11999999999998660E-03  0.00000000000000000E+00  0.00000000000000000E+00  5.73360206439153197E-01  0.00000000000000000E+00  0.00000000000000000E+00  0.00000000000000000E+00  3.48704074750241181E-04
8.15999999999997457E-03  0.00000000000000000E+00  0.00000000000000000E+00  5.75806306217242492E-01  0.00000000000000000E+00  0.00000000000000000E+00  0.00000000000000000E+00  3.50428473332409088E-04
8.19999999999998334E-03  0.00000000000000000E+00  0.00000000000000000E+00  5.78500748628587247E-01  0.00000000000000000E+00  0.00000000000000000E+00  0.00000000000000000E+00  3.53165653481962672E-04
8.23999999999997651E-03  0.00000000000000000E+00  0.00000000000000000E+00  5.81093282986690940E-01  0.00000000000000000E+00  0.00000000000000000E+00  0.00000000000000000E+00  3.49339788660932456E-04
8.27999999999998182E-03  0.00000000000000000E+00  0.00000000000000000E+00  5.83650249218209294E-01  0.00000000000000000E+00  0.00000000000000000E+00  0.00000000000000000E+00  3.47298197653274289E-04
8.31999999999998713E-03  0.00000000000000000E+00  0.00000000000000000E+00  5.86337718229903770E-01  0.00000000000000000E+00  0.00000000000000000E+00  0.00000000000000000E+00  3.48087540517539760E-04
8.35999999999998029E-03  0.00000000000000000E+00  0.00000000000000000E+00  5.89153844571486229E-01  0.00000000000000000E+00  0.00000000000000000E+00  0.00000000000000000E+00  3.49762664634449354E-04
8.39999999999998907E-03  0.00000000000000000E+00  0.00000000000000000E+00  5.91746505854166216E-01  0.00000000000000000E+00  0.00000000000000000E+00  0.00000000000000000E+00  3.52234164592401058E-04
8.43999999999998050E-03  0.00000000000000000E+00  0.00000000000000000E+00  5.94428322009577959E-01  0.00000000000000000E+00  0.00000000000000000E+00  0.00000000000000000E+00  3.52873441096124545E-04
8.47999999999998581E-03  0.00000000000000000E+00  0.00000000000000000E+00  5.97170455692463409E-01  0.00000000000000000E+00  0.00000000000000000E+00  0.00000000000000000E+00  3.54431060738071685E-04
8.51999999999997898E-03  0.00000000000000000E+00  0.00000000000000000E+00  5.99792835378595068E-01  0.00000000000000000E+00  0.00000000000000000E+00  0.00000000000000000E+00  3.48721628183495697E-04
8.55999999999998602E-03  0.00000000000000000E+00  0.00000000000000000E+00  6.02061974834585123E-01  0.00000000000000000E+00  0.00000000000000000E+00  0.00000000000000000E+00  3.52987366163150663E-04
8.59999999999998960E-03  0.00000000000000000E+00  0.00000000000000000E+00  6.04873094540780198E-01  0.00000000000000000E+00  0.00000000000000000E+00  0.00000000000000000E+00  3.51989612683384855E-04
8.63999999999998276E-03  0.00000000000000000E+00  0.00000000000000000E+00  6.07609999967321346E-01  0.00000000000000000E+00  0.00000000000000000E+00  0.00000000000000000E+00  3.53566476259186205E-04
8.67999999999998807E-03  0.00000000000000000E+00  0.00000000000000000E+00  6.09912057011876008E-01  0.00000000000000000E+00  0.00000000000000000E+00  0.00000000000000000E+00  3.54583916975645917E-04
8.71999999999998297E-03  0.00000000000000000E+00  0.00000000000000000E+00  6.12594727527752347E-01  0.00000000000000000E+00  0.00000000000000000E+00  0.00000000000000000E+00  3.55821827916298974E-04
8.75999999999998828E-03  0.00000000000000000E+00  0.00000000000000000E+00  6.15153055029315610E-01  0.00000000000000000E+00  0.00000000000000000E+00  0.00000000000000000E+00  3.56124341113877902E-04
8.79999999999998318E-03  0.00000000000000000E+00  0.00000000000000000E+00  6.17631892912716030E-01  0.00000000000000000E+00  0.00000000000000000E+00  0.00000000000000000E+00  3.55305500800467597E-04
8.83999999999998849E-03  0.00000000000000000E+00  0.00000000000000000E+00  6.20434758036224276E-01  0.00000000000000000E+00  0.00000000000000000E+00  0.00000000000000000E+00  3.56869728899157938E-04
8.87999999999999207E-03  0.00000000000000000E+00  0.00000000000000000E+00  6.23093334675752786E-01  0.00000000000000000E+00  0.00000000000000000E+00  0.00000000000000000E+00  3.60264147556133116E-04
8.91999999999998523E-03  0.00000000000000000E+00  0.00000000000000000E+00  6.25783668031770324E-01  0.00000000000000000E+00  0.00000000000000000E+00  0.00000000000000000E+00  3.61892983793435385E-04
8.95999999999999401E-03  0.00000000000000000E+00  0.00000000000000000E+00  6.28367087181579187E-01  0.00000000000000000E+00  0.00000000000000000E+00  0.00000000000000000E+00  3.59113807319810926E-04
8.99999999999998544E-03  0.00000000000000000E+00  0.00000000000000000E+00  6.31169471737124010E-01  0.00000000000000000E+00  0.00000000000000000E+00  0.00000000000000000E+00  3.61048946359605579E-04
9.03999999999999249E-03  0.00000000000000000E+00  0.00000000000000000E+00  6.33742502817837616E-01  0.00000000000000000E+00  0.00000000000000000E+00  0.00000000000000000E+00  3.60239974182204352E-04
9.07999999999999953E-03  0.00000000000000000E+00  0.00000000000000000E+00  6.36446015357070571E-01  0.00000000000000000E+00  0.00000000000000000E+00  0.00000000000000000E+00  3.61833553935813116E-04
9.11999999999999096E-03  0.00000000000000000E+00  0.00000000000000000E+00  6.39209657319902869E-01  0.00000000000000000E+00  0.00000000000000000E+00  0.00000000000000000E+00  3.63415224630407119E-04
9.15999999999999627E-03  0.00000000000000000E+00  0.00000000000000000E+00  6.41864751471464712E-01  0.00000000000000000E+00  0.00000000000000000E+00  0.00000000000000000E+00  3.61428157598974462E-04
9.19999999999998770E-03  0.00000000000000000E+00  0.00000000000000000E+00  6.44379112237930540E-01  0.00000000000000000E+00  0.00000000000000000E+00  0.00000000000000000E+00  3.57419946217684597E-04
9.23999999999999648E-03  0.00000000000000000E+00  0.00000000000000000E+00  6.47178374157002412E-01  0.00000000000000000E+00  0.00000000000000000E+00  0.00000000000000000E+00  3.58972564280814557E-04
9.27999999999999138E-03  0.00000000000000000E+00  0.00000000000000000E+00  6.49959924039396397E-01  0.00000000000000000E+00  0.00000000000000000E+00  0.00000000000000000E+00  3.57685241205399351E-04
9.31999999999999496E-03  0.00000000000000000E+00  0.00000000000000000E+00  6.52549487141002582E-01  0.00000000000000000E+00  0.00000000000000000E+00  0.00000000000000000E+00  3.59228405085963915E-04
9.35999999999999853E-03  0.00000000000000000E+00  0.00000000000000000E+00  6.55348189671149828E-01  0.00000000000000000E+00  0.00000000000000000E+00  0.00000000000000000E+00  3.60688201356657652E-04
9.39999999999999343E-03  0.00000000000000000E+00  0.00000000000000000E+00  6.58041365710156478E-01  0.00000000000000000E+00  0.00000000000000000E+00  0.00000000000000000E+00  3.62234580349830220E-04
9.43999999999999874E-03  0.00000000000000000E+00  0.00000000000000000E+00  6.60839272317027437E-01  0.00000000000000000E+00  0.00000000000000000E+00  0.00000000000000000E+00  3.63781147463083823E-04
9.47999999999999364E-03  0.00000000000000000E+00  0.00000000000000000E+00  6.62856008802977459E-01  0.00000000000000000E+00  0.00000000000000000E+00  0.00000000000000000E+00  3.65327573325045676E-04
9.51999999999999895E-03  0.00000000000000000E+00  0.00000000000000000E+00  6.65652209971207998E-01  0.00000000000000000E+00  0.00000000000000000E+00  0.00000000000000000E+00  3.66871986757916267E-04
9.55999999999999385E-03  0.00000000000000000E+00  0.00000000000000000E+00  6.68412019350525188E-01  0.00000000000000000E+00  0.00000000000000000E+00  0.00000000000000000E+00  3.63022840858554180E-04
9.59999999999999742E-03  0.00000000000000000E+00  0.00000000000000000E+00  6.71207420746195216E-01  0.00000000000000000E+00  0.00000000000000000E+00  0.00000000000000000E+00  3.64544749626477061E-04
9.64000000000000100E-03  0.00000000000000000E+00  0.00000000000000000E+00  6.74002908570491721E-01  0.00000000000000000E+00  0.00000000000000000E+00  0.00000000000000000E+00  3.66065486836749028E-04
9.67999999999999763E-03  0.00000000000000000E+00  0.00000000000000000E+00  6.76779383782657784E-01  0.00000000000000000E+00  0.00000000000000000E+00  0.00000000000000000E+00  3.67586209088808320E-04
9.72000000000000468E-03  0.00000000000000000E+00  0.00000000000000000E+00  6.79574696456039629E-01  0.00000000000000000E+00  0.00000000000000000E+00  0.00000000000000000E+00  3.69106924559980075E-04
9.75999999999999611E-03  0.00000000000000000E+00  0.00000000000000000E+00  6.82369978222554630E-01  0.00000000000000000E+00  0.00000000000000000E+00  0.00000000000000000E+00  3.70627659782007024E-04
9.79999999999999968E-03  0.00000000000000000E+00  0.00000000000000000E+00  6.83707855080475047E-01  0.00000000000000000E+00  0.00000000000000000E+00  0.00000000000000000E+00  3.71143296688653077E-04
9.83999999999999632E-03  0.00000000000000000E+00  0.00000000000000000E+00  6.86498367531800380E-01  0.00000000000000000E+00  0.00000000000000000E+00  0.00000000000000000E+00  3.72660867331276271E-04
9.87999999999999989E-03  0.00000000000000000E+00  0.00000000000000000E+00  6.89288536114626815E-01  0.00000000000000000E+00  0.00000000000000000E+00  0.00000000000000000E+00  3.76264573255745026E-04
9.92000000000000347E-03  0.00000000000000000E+00  0.00000000000000000E+00  6.92078369375658919E-01  0.00000000000000000E+00  0.00000000000000000E+00  0.00000000000000000E+00  3.73728056704985146E-04
9.96000000000000010E-03  0.00000000000000000E+00  0.00000000000000000E+00  6.94867735066101888E-01  0.00000000000000000E+00  0.00000000000000000E+00  0.00000000000000000E+00  3.70721796729025707E-04
