0.00000000000000000E+00  0.00000000000000000E+00  0.00000000000000000E+00  0.00000000000000000E+00  0.00000000000000000E+00  0.00000000000000000E+00  0.00000000000000000E+00  0.00000000000000000E+00
8.00000000000000201E-05  0.00000000000000000E+00  0.00000000000000000E+00  6.46221023095073233E-02  0.00000000000000000E+00  0.00000000000000000E+00  0.00000000000000000E+00  0.00000000000000000E+00
1.19999999999999976E-04  0.00000000000000000E+00  0.00000000000000000E+00  8.85759568487857335E-02  0.00000000000000000E+00  0.00000000000000000E+00  0.00000000000000000E+00  0.00000000000000000E+00
1.59999999999999905E-04  0.00000000000000000E+00  0.00000000000000000E+00  9.21497086587477615E-02  0.00000000000000000E+00  0.00000000000000000E+00  0.00000000000000000E+00  0.00000000000000000E+00
1.99999999999999901E-04  0.00000000000000000E+00  0.00000000000000000E+00  9.88342897194143810E-02  0.00000000000000000E+00  0.00000000000000000E+00  0.00000000000000000E+00  0.00000000000000000E+00
2.39999999999999789E-04  0.00000000000000000E+00  0.00000000000000000E+00  1.07683425561386964E-01  0.00000000000000000E+00  0.00000000000000000E+00  0.00000000000000000E+00  0.00000000000000000E+00
2.79999999999999921E-04  0.00000000000000000E+00  0.00000000000000000E+00  1.13951499645051885E-01  0.00000000000000000E+00  0.00000000000000000E+00  0.00000000000000000E+00  0.00000000000000000E+00
3.20000000000000677E-04  0.00000000000000000E+00  0.00000000000000000E+00  1.05954481371412473E-01  0.00000000000000000E+00  0.00000000000000000E+00  0.00000000000000000E+00  0.00000000000000000E+00
3.60000000000000782E-04  0.00000000000000000E+00  0.00000000000000000E+00  1.11784031731113565E-01  0.00000000000000000E+00  0.00000000000000000E+00  0.00000000000000000E+00  0.00000000000000000E+00
4.00000000000000995E-04  0.00000000000000000E+00  0.00000000000000000E+00  1.10419601343999821E-01  0.00000000000000000E+00  0.00000000000000000E+00  0.00000000000000000E+00  0.00000000000000000E+00
4.40000000000001046E-04  0.00000000000000000E+00  0.00000000000000000E+00  1.11735641535960467E-01  0.00000000000000000E+00  0.00000000000000000E+00  0.00000000000000000E+00  0.00000000000000000E+00
4.80000000000001151E-04  0.00000000000000000E+00  0.00000000000000000E+00  1.13452014972326778E-01  0.00000000000000000E+00  0.00000000000000000E+00  0.00000000000000000E+00  0.00000000000000000E+00
5.19999999999999629E-04  0.00000000000000000E+00  0.00000000000000000E+00  1.10444524718351825E-01  0.00000000000000000E+00  0.00000000000000000E+00  0.00000000000000000E+00  0.00000000000000000E+00
5.59999999999999626E-04  0.00000000000000000E+00  0.00000000000000000E+00  1.18355475674813651E-01  0.00000000000000000E+00  0.00000000000000000E+00  0.00000000000000000E+00  0.00000000000000000E+00
5.99999999999999947E-04  0.00000000000000000E+00  0.00000000000000000E+00  1.18647520370534443E-01  0.00000000000000000E+00  0.00000000000000000E+00  0.00000000000000000E+00  0.00000000000000000E+00
6.39999999999998534E-04  0.00000000000000000E+00  0.00000000000000000E+00  1.13690318668919293E-01  0.00000000000000000E+00  0.00000000000000000E+00  0.00000000000000000E+00  0.00000000000000000E+00
6.79999999999998965E-04  0.00000000000000000E+00  0.00000000000000000E+00  1.15410337733423407E-01  0.00000000000000000E+00  0.00000000000000000E+00  0.00000000000000000E+00  0.00000000000000000E+00
7.19999999999999612E-04  0.00000000000000000E+00  0.00000000000000000E+00  1.13892820431125544E-01  0.00000000000000000E+00  0.00000000000000000E+00  0.00000000000000000E+00  0.00000000000000000E+00
7.59999999999999933E-04  0.00000000000000000E+00  0.00000000000000000E+00  1.20027752153701761E-01  0.00000000000000000E+00  0.00000000000000000E+00  0.00000000000000000E+00  0.00000000000000000E+00
7.99999999999999605E-04  0.00000000000000000E+00  0.00000000000000000E+00  1.25071242762601648E-01  0.00000000000000000E+00  0.00000000000000000E+00  0.00000000000000000E+00  0.00000000000000000E+00
8.40000000000000360E-04  0.00000000000000000E+00  0.00000000000000000E+00  1.21283125428782168E-01  0.00000000000000000E+00  0.00000000000000000E+00  0.00000000000000000E+00  0.00000000000000000E+00
8.80000000000001332E-04  0.00000000000000000E+00  0.00000000000000000E+00  1.23748694166811432E-01  0.00000000000000000E+00  0.00000000000000000E+00  0.00000000000000000E+00  0.00000000000000000E+00
9.20000000000000787E-04  0.00000000000000000E+00  0.00000000000000000E+00  1.21030854355322556E-01  0.00000000000000000E+00  0.00000000000000000E+00  0.00000000000000000E+00  0.00000000000000000E+00
9.60000000000001542E-04  0.00000000000000000E+00  0.00000000000000000E+00  1.26110320860082753E-01  0.00000000000000000E+00  0.00000000000000000E+00  0.00000000000000000E+00  0.00000000000000000E+00
1.00000000000000111E-03  0.00000000000000000E+00  0.00000000000000000E+00  1.28038816875696515E-01  0.00000000000000000E+00  0.00000000000000000E+00  0.00000000000000000E+00  0.00000000000000000E+00
1.04000000000000186E-03  0.00000000000000000E+00  0.00000000000000000E+00  1.25979557781451729E-01  0.00000000000000000E+00  0.00000000000000000E+00  0.00000000000000000E+00  0.00000000000000000E+00
1.08000000000000131E-03  0.00000000000000000E+00  0.00000000000000000E+00  1.30281787776514196E-01  0.00000000000000000E+00  0.00000000000000000E+00  0.00000000000000000E+00  0.00000000000000000E+00
1.12000000000000576E-03  0.00000000000000000E+00  0.00000000000000000E+00  1.24614725170271334E-01  0.00000000000000000E+00  0.00000000000000000E+00  0.00000000000000000E+00  0.00000000000000000E+00
1.16000000000000499E-03  0.00000000000000000E+00  0.00000000000000000E+00  1.28944611934476788E-01  0.00000000000000000E+00  0.00000000000000000E+00  0.00000000000000000E+00  0.00000000000000000E+00
1.20000000000000597E-03  0.00000000000000000E+00  0.00000000000000000E+00  1.32391295813452242E-01  0.00000000000000000E+00  0.00000000000000000E+00  0.00000000000000000E+00  0.00000000000000000E+00
1.24000000000000520E-03  0.00000000000000000E+00  0.00000000000000000E+00  1.35993349085812232E-01  0.00000000000000000E+00  0.00000000000000000E+00  0.00000000000000000E+00  0.00000000000000000E+00
1.28000000000000401E-03  0.00000000000000000E+00  0.00000000000000000E+00  1.34045394115656802E-01  0.00000000000000000E+00  0.00000000000000000E+00  0.00000000000000000E+00  0.00000000000000000E+00
1.32000000000000455E-03  0.00000000000000000E+00  0.00000000000000000E+00  1.37654552662920621E-01  0.00000000000000000E+00  0.00000000000000000E+00  0.00000000000000000E+00  0.00000000000000000E+00
1.36000000000000639E-03  0.00000000000000000E+00  0.00000000000000000E+00  1.40738634064653284E-01  0.00000000000000000E+00  0.00000000000000000E+00  0.00000000000000000E+00  0.00000000000000000E+00
1.40000000000000606E-03  0.00000000000000000E+00  0.00000000000000000E+00  1.40834925344713147E-01  0.00000000000000000E+00  0.00000000000000000E+00  0.00000000000000000E+00  0.00000000000000000E+00
1.44000000000000616E-03  0.00000000000000000E+00  0.00000000000000000E+00  1.44289333310542056E-01  0.00000000000000000E+00  0.00000000000000000E+00  0.00000000000000000E+00  0.00000000000000000E+00
1.48000000000000670E-03  0.00000000000000000E+00  0.00000000000000000E+00  1.45265992136019456E-01  0.00000000000000000E+00  0.00000000000000000E+00  0.00000000000000000E+00  0.00000000000000000E+00
1.52000000000000681E-03  0.00000000000000000E+00  0.00000000000000000E+00  1.48279788842021504E-01  0.00000000000000000E+00  0.00000000000000000E+00  0.00000000000000000E+00  0.00000000000000000E+00
1.56000000000000604E-03  0.00000000000000000E+00  0.00000000000000000E+00  1.51278386277623245E-01  0.00000000000000000E+00  0.00000000000000000E+00  0.00000000000000000E+00  0.00000000000000000E+00
1.60000000000000463E-03  0.00000000000000000E+00  0.00000000000000000E+00  1.53726793749464019E-01  0.00000000000000000E+00  0.00000000000000000E+00  0.00000000000000000E+00  0.00000000000000000E+00
1.64000000000000474E-03  0.00000000000000000E+00  0.00000000000000000E+00  1.56757988101434514E-01  0.00000000000000000E+00  0.00000000000000000E+00  0.00000000000000000E+00  0.00000000000000000E+00
1.68000000000000723E-03  0.00000000000000000E+00  0.00000000000000000E+00  1.59860208568184448E-01  0.00000000000000000E+00  0.00000000000000000E+00  0.00000000000000000E+00  0.00000000000000000E+00
1.72000000000000603E-03  0.00000000000000000E+00  0.00000000000000000E+00  1.63010541948150844E-01  0.00000000000000000E+00  0.00000000000000000E+00  0.00000000000000000E+00  0.00000000000000000E+00
1.76000000000000483E-03  0.00000000000000000E+00  0.00000000000000000E+00  1.65678238388361571E-01  0.00000000000000000E+00  0.00000000000000000E+00  0.00000000000000000E+00  0.00000000000000000E+00
1.80000000000000472E-03  0.00000000000000000E+00  0.00000000000000000E+00  1.68100306831392710E-01  0.00000000000000000E+00  0.00000000000000000E+00  0.00000000000000000E+00  0.00000000000000000E+00
1.84000000000000634E-03  0.00000000000000000E+00  0.00000000000000000E+00  1.70629136742863702E-01  0.00000000000000000E+00  0.00000000000000000E+00  0.00000000000000000E+00  0.00000000000000000E+00
1.88000000000000471E-03  0.00000000000000000E+00  0.00000000000000000E+00  1.71306519344839425E-01  0.00000000000000000E+00  0.00000000000000000E+00  0.00000000000000000E+00  0.00000000000000000E+00
1.92000000000000460E-03  0.00000000000000000E+00  0.00000000000000000E+00  1.74513852018503085E-01  0.00000000000000000E+00  0.00000000000000000E+00  0.00000000000000000E+00  0.00000000000000000E+00
1.96000000000000341E-03  0.00000000000000000E+00  0.00000000000000000E+00  1.77110427172111951E-01  0.00000000000000000E+00  0.00000000000000000E+00  0.00000000000000000E+00  0.00000000000000000E+00
2.00000000000000221E-03  0.00000000000000000E+00  0.00000000000000000E+00  1.79739287552314220E-01  0.00000000000000000E+00  0.00000000000000000E+00  0.00000000000000000E+00  0.00000000000000000E+00
2.04000000000000058E-03  0.00000000000000000E+00  0.00000000000000000E+00  1.82671434712401298E-01  0.00000000000000000E+00  0.00000000000000000E+00  0.00000000000000000E+00  0.00000000000000000E+00
2.08000000000000372E-03  0.00000000000000000E+00  0.00000000000000000E+00  1.84915041086187754E-01  0.00000000000000000E+00  0.00000000000000000E+00  0.00000000000000000E+00  0.00000000000000000E+00
2.12000000000000339E-03  0.00000000000000000E+00  0.00000000000000000E+00  1.88063847860910710E-01  0.00000000000000000E+00  0.00000000000000000E+00  0.00000000000000000E+00  0.00000000000000000E+00
2.16000000000000263E-03  0.00000000000000000E+00  0.00000000000000000E+00  1.90247969596753136E-01  0.00000000000000000E+00  0.00000000000000000E+00  0.00000000000000000E+00  0.00000000000000000E+00
2.20000000000000187E-03  0.00000000000000000E+00  0.00000000000000000E+00  1.92315041991856256E-01  0.00000000000000000E+00  0.00000000000000000E+00  0.00000000000000000E+00  0.00000000000000000E+00
2.24000000000000371E-03  0.00000000000000000E+00  0.00000000000000000E+00  1.92730612701598220E-01  0.00000000000000000E+00  0.00000000000000000E+00  0.00000000000000000E+00  0.00000000000000000E+00
2.28000000000000381E-03  0.00000000000000000E+00  0.00000000000000000E+00  1.95876982750345735E-01  0.00000000000000000E+00  0.00000000000000000E+00  0.00000000000000000E+00  0.00000000000000000E+00
2.32000000000000305E-03  0.00000000000000000E+00  0.00000000000000000E+00  1.98057569090354268E-01  0.00000000000000000E+00  0.00000000000000000E+00  0.00000000000000000E+00  0.00000000000000000E+00
2.36000000000000142E-03  0.00000000000000000E+00  0.00000000000000000E+00  2.01001647778395076E-01  0.00000000000000000E+00  0.00000000000000000E+00  0.00000000000000000E+00  0.00000000000000000E+00
2.40000000000000066E-03  0.00000000000000000E+00  0.00000000000000000E+00  2.03654234228082043E-01  0.00000000000000000E+00  0.00000000000000000E+00  0.00000000000000000E+00  0.00000000000000000E+00
2.44000000000000380E-03  0.00000000000000000E+00  0.00000000000000000E+00  2.06099509190464797E-01  0.00000000000000000E+00  0.00000000000000000E+00  0.00000000000000000E+00  0.00000000000000000E+00
2.48000000000000390E-03  0.00000000000000000E+00  0.00000000000000000E+00  2.08363831410045386E-01  0.00000000000000000E+00  0.00000000000000000E+00  0.00000000000000000E+00  0.00000000000000000E+00
2.52000000000000271E-03  0.00000000000000000E+00  0.00000000000000000E+00  2.11066969810331018E-01  0.00000000000000000E+00  0.00000000000000000E+00  0.00000000000000000E+00  0.00000000000000000E+00
2.56000000000000541E-03  0.00000000000000000E+00  0.00000000000000000E+00  2.13208516274745380E-01  0.00000000000000000E+00  0.00000000000000000E+00  0.00000000000000000E+00  0.00000000000000000E+00
2.60000000000000465E-03  0.00000000000000000E+00  0.00000000000000000E+00  2.15747271532420765E-01  0.00000000000000000E+00  0.00000000000000000E+00  0.00000000000000000E+00  0.00000000000000000E+00
2.64000000000000389E-03  0.00000000000000000E+00  0.00000000000000000E+00  2.17883669801744922E-01  0.00000000000000000E+00  0.00000000000000000E+00  0.00000000000000000E+00  0.00000000000000000E+00
2.68000000000000226E-03  0.00000000000000000E+00  0.00000000000000000E+00  2.19963886330914349E-01  0.00000000000000000E+00  0.00000000000000000E+00  0.00000000000000000E+00  0.00000000000000000E+00
2.72000000000000453E-03  0.00000000000000000E+00  0.00000000000000000E+00  2.22271571760109699E-01  0.00000000000000000E+00  0.00000000000000000E+00  0.00000000000000000E+00  0.00000000000000000E+00
2.76000000000000334E-03  0.00000000000000000E+00  0.00000000000000000E+00  2.24948959600509868E-01  0.00000000000000000E+00  0.00000000000000000E+00  0.00000000000000000E+00  0.00000000000000000E+00
2.80000000000000301E-03  0.00000000000000000E+00  0.00000000000000000E+00  2.27187123343204483E-01  0.00000000000000000E+00  0.00000000000000000E+00  0.00000000000000000E+00  0.00000000000000000E+00
2.84000000000000441E-03  0.00000000000000000E+00  0.00000000000000000E+00  2.29266594211870484E-01  0.00000000000000000E+00  0.00000000000000000E+00  0.00000000000000000E+00  0.00000000000000000E+00
2.88000000000000625E-03  0.00000000000000000E+00  0.00000000000000000E+00  2.31854817035831828E-01  0.00000000000000000E+00  0.00000000000000000E+00  0.00000000000000000E+00  0.00000000000000000E+00
2.92000000000000549E-03  0.00000000000000000E+00  0.00000000000000000E+00  2.34862359677190213E-01  0.00000000000000000E+00  0.00000000000000000E+00  0.00000000000000000E+00  0.00000000000000000E+00
2.96000000000000473E-03  0.00000000000000000E+00  0.00000000000000000E+00  2.37954592071678517E-01  0.00000000000000000E+00  0.00000000000000000E+00  0.00000000000000000E+00  0.00000000000000000E+00
3.00000000000000310E-03  0.00000000000000000E+00  0.00000000000000000E+00  2.40794684005069481E-01  0.00000000000000000E+00  0.00000000000000000E+00  0.00000000000000000E+00  0.00000000000000000E+00
3.04000000000000234E-03  0.00000000000000000E+00  0.00000000000000000E+00  2.43548305717196156E-01  0.00000000000000000E+00  0.00000000000000000E+00  0.00000000000000000E+00  0.00000000000000000E+00
3.08000000000000331E-03  0.00000000000000000E+00  0.00000000000000000E+00  2.46002894408589218E-01  0.00000000000000000E+00  0.00000000000000000E+00  0.00000000000000000E+00  0.00000000000000000E+00
3.12000000000000168E-03  0.00000000000000000E+00  0.00000000000000000E+00  2.48909113449191755E-01  0.00000000000000000E+00  0.00000000000000000E+00  0.00000000000000000E+00  0.00000000000000000E+00
3.16000000000000048E-03  0.00000000000000000E+00  0.00000000000000000E+00  2.51539329556366598E-01  0.00000000000000000E+00  0.00000000000000000E+00  0.00000000000000000E+00  0.00000000000000000E+00
3.20000000000000406E-03  0.00000000000000000E+00  0.00000000000000000E+00  2.54120501216163752E-01  0.00000000000000000E+00  0.00000000000000000E+00  0.00000000000000000E+00  0.00000000000000000E+00
3.24000000000000243E-03  0.00000000000000000E+00  0.00000000000000000E+00  2.57088710911344609E-01  0.00000000000000000E+00  0.00000000000000000E+00  0.00000000000000000E+00  0.00000000000000000E+00
3.28000000000000383E-03  0.00000000000000000E+00  0.00000000000000000E+00  2.59843063073244396E-01  0.00000000000000000E+00  0.00000000000000000E+00  0.00000000000000000E+00  0.00000000000000000E+00
3.32000000000000307E-03  0.00000000000000000E+00  0.00000000000000000E+00  2.62232498068027065E-01  0.00000000000000000E+00  0.00000000000000000E+00  0.00000000000000000E+00  0.00000000000000000E+00
3.36000000000000144E-03  0.00000000000000000E+00  0.00000000000000000E+00  2.65057887090811295E-01  0.00000000000000000E+00  0.00000000000000000E+00  0.00000000000000000E+00  0.00000000000000000E+00
3.40000000000000068E-03  0.00000000000000000E+00  0.00000000000000000E+00  2.67733922297970994E-01  0.00000000000000000E+00  0.00000000000000000E+00  0.00000000000000000E+00  0.00000000000000000E+00
3.43999999999999905E-03  0.00000000000000000E+00  0.00000000000000000E+00  2.70122481050041219E-01  0.00000000000000000E+00  0.00000000000000000E+00  0.00000000000000000E+00  0.00000000000000000E+00
3.47999999999999785E-03  0.00000000000000000E+00  0.00000000000000000E+00  2.72651846642539941E-01  0.00000000000000000E+00  0.00000000000000000E+00  0.00000000000000000E+00  0.00000000000000000E+00
3.51999999999999622E-03  0.00000000000000000E+00  0.00000000000000000E+00  2.75715693489304803E-01  0.00000000000000000E+00  0.00000000000000000E+00  0.00000000000000000E+00  0.00000000000000000E+00
3.55999999999999719E-03  0.00000000000000000E+00  0.00000000000000000E+00  2.78524996623518484E-01  0.00000000000000000E+00  0.00000000000000000E+00  0.00000000000000000E+00  0.00000000000000000E+00
3.59999999999999600E-03  0.00000000000000000E+00  0.00000000000000000E+00  2.81299281578345495E-01  0.00000000000000000E+00  0.00000000000000000E+00  0.00000000000000000E+00  0.00000000000000000E+00
3.63999999999999437E-03  0.00000000000000000E+00  0.00000000000000000E+00  2.83665016990761243E-01  0.00000000000000000E+00  0.00000000000000000E+00  0.00000000000000000E+00  0.00000000000000000E+00
3.67999999999999881E-03  0.00000000000000000E+00  0.00000000000000000E+00  2.86471003620649978E-01  0.00000000000000000E+00  0.00000000000000000E+00  0.00000000000000000E+00  0.00000000000000000E+00
3.71999999999999805E-03  0.00000000000000000E+00  0.00000000000000000E+00  2.89339058306369024E-01  0.00000000000000000E+00  0.00000000000000000E+00  0.00000000000000000E+00  0.00000000000000000E+00
3.75999999999999859E-03  0.00000000000000000E+00  0.00000000000000000E+00  2.92054600604315262E-01  0.00000000000000000E+00  0.00000000000000000E+00  0.00000000000000000E+00  0.00000000000000000E+00
3.79999999999999826E-03  0.00000000000000000E+00  0.00000000000000000E+00  2.94914655376682100E-01  0.00000000000000000E+00  0.00000000000000000E+00  0.00000000000000000E+00  0.00000000000000000E+00
3.83999999999999663E-03  0.00000000000000000E+00  0.00000000000000000E+00  2.97842567976347616E-01  0.00000000000000000E+00  0.00000000000000000E+00  0.00000000000000000E+00  0.00000000000000000E+00
3.87999999999999543E-03  0.00000000000000000E+00  0.00000000000000000E+00  3.00541718702286853E-01  0.00000000000000000E+00  0.00000000000000000E+00  0.00000000000000000E+00  0.00000000000000000E+00
3.91999999999999554E-03  0.00000000000000000E+00  0.00000000000000000E+00  3.03439036154352748E-01  0.00000000000000000E+00  0.00000000000000000E+00  0.00000000000000000E+00  0.00000000000000000E+00
3.95999999999999477E-03  0.00000000000000000E+00  0.00000000000000000E+00  3.06416719025783268E-01  0.00000000000000000E+00  0.00000000000000000E+00  0.00000000000000000E+00  0.00000000000000000E+00
4.00000000000000008E-03  0.00000000000000000E+00  0.00000000000000000E+00  3.09244281849452463E-01  0.00000000000000000E+00  0.00000000000000000E+00  0.00000000000000000E+00  0.00000000000000000E+00
4.03999999999999845E-03  0.00000000000000000E+00  0.00000000000000000E+00  3.12080709184571981E-01  0.00000000000000000E+00  0.00000000000000000E+00  0.00000000000000000E+00  0.00000000000000000E+00
4.07999999999999943E-03  0.00000000000000000E+00  0.00000000000000000E+00  3.14282311614878740E-01  0.00000000000000000E+00  0.00000000000000000E+00  0.00000000000000000E+00  0.00000000000000000E+00
4.11999999999999780E-03  0.00000000000000000E+00  0.00000000000000000E+00  3.17323859024390309E-01  0.00000000000000000E+00  0.00000000000000000E+00  0.00000000000000000E+00  0.00000000000000000E+00
4.15999999999999617E-03  0.00000000000000000E+00  0.00000000000000000E+00  3.19280704896831025E-01  0.00000000000000000E+00  0.00000000000000000E+00  0.00000000000000000E+00  0.00000000000000000E+00
4.19999999999999627E-03  0.00000000000000000E+00  0.00000000000000000E+00  3.21908792232194985E-01  0.00000000000000000E+00  0.00000000000000000E+00  0.00000000000000000E+00  0.00000000000000000E+00
4.23999999999999464E-03  0.00000000000000000E+00  0.00000000000000000E+00  3.23667389143174999E-01  0.00000000000000000E+00  0.00000000000000000E+00  0.00000000000000000E+00  0.00000000000000000E+00
4.27999999999999301E-03  0.00000000000000000E+00  0.00000000000000000E+00  3.26315849122523649E-01  0.00000000000000000E+00  0.00000000000000000E+00  0.00000000000000000E+00  0.00000000000000000E+00
4.31999999999999398E-03  0.00000000000000000E+00  0.00000000000000000E+00  3.29340515423780789E-01  0.00000000000000000E+00  0.00000000000000000E+00  0.00000000000000000E+00  0.00000000000000000E+00
4.35999999999999235E-03  0.00000000000000000E+00  0.00000000000000000E+00  3.31493579397708460E-01  0.00000000000000000E+00  0.00000000000000000E+00  0.00000000000000000E+00  0.00000000000000000E+00
4.39999999999999766E-03  0.00000000000000000E+00  0.00000000000000000E+00  3.33977102245971658E-01  0.00000000000000000E+00  0.00000000000000000E+00  0.00000000000000000E+00  0.00000000000000000E+00
4.43999999999999603E-03  0.00000000000000000E+00  0.00000000000000000E+00  3.36994738601654353E-01  0.00000000000000000E+00  0.00000000000000000E+00  0.00000000000000000E+00  0.00000000000000000E+00
4.47999999999999527E-03  0.00000000000000000E+00  0.00000000000000000E+00  3.39317848205171246E-01  0.00000000000000000E+00  0.00000000000000000E+00  0.00000000000000000E+00  0.00000000000000000E+00
4.51999999999999538E-03  0.00000000000000000E+00  0.00000000000000000E+00  3.42333148426053835E-01  0.00000000000000000E+00  0.00000000000000000E+00  0.00000000000000000E+00  0.00000000000000000E+00
4.55999999999999375E-03  0.00000000000000000E+00  0.00000000000000000E+00  3.45184672440880691E-01  0.00000000000000000E+00  0.00000000000000000E+00  0.00000000000000000E+00  0.00000000000000000E+00
4.59999999999999298E-03  0.00000000000000000E+00  0.00000000000000000E+00  3.48151972990843495E-01  0.00000000000000000E+00  0.00000000000000000E+00  0.00000000000000000E+00  0.00000000000000000E+00
4.63999999999999222E-03  0.00000000000000000E+00  0.00000000000000000E+00  3.50740447021261281E-01  0.00000000000000000E+00  0.00000000000000000E+00  0.00000000000000000E+00  0.00000000000000000E+00
4.67999999999999059E-03  0.00000000000000000E+00  0.00000000000000000E+00  3.53550883469960775E-01  0.00000000000000000E+00  0.00000000000000000E+00  0.00000000000000000E+00  0.00000000000000000E+00
4.71999999999998983E-03  0.00000000000000000E+00  0.00000000000000000E+00  3.56251718242788451E-01  0.00000000000000000E+00  0.00000000000000000E+00  0.00000000000000000E+00  0.00000000000000000E+00
4.75999999999998733E-03  0.00000000000000000E+00  0.00000000000000000E+00  3.58957567595299176E-01  0.00000000000000000E+00  0.00000000000000000E+00  0.00000000000000000E+00  0.00000000000000000E+00
4.79999999999998744E-03  0.00000000000000000E+00  0.00000000000000000E+00  3.61815185419801122E-01  0.00000000000000000E+00  0.00000000000000000E+00  0.00000000000000000E+00  1.54792146940167124E-04
4.83999999999998581E-03  0.00000000000000000E+00  0.00000000000000000E+00  3.64814956674482660E-01  0.00000000000000000E+00  0.00000000000000000E+00  0.00000000000000000E+00  1.56140225447651710E-04
4.87999999999999285E-03  0.00000000000000000E+00  0.00000000000000000E+00  3.67347986022008466E-01  0.00000000000000000E+00  0.00000000000000000E+00  0.00000000000000000E+00  1.57988222885384024E-04
4.91999999999998949E-03  0.00000000000000000E+00  0.00000000000000000E+00  3.70321595904226197E-01  0.00000000000000000E+00  0.00000000000000000E+00  0.00000000000000000E+00  1.59233324518121276E-04
4.95999999999999133E-03  0.00000000000000000E+00  0.00000000000000000E+00  3.71621203352525575E-01  0.00000000000000000E+00  0.00000000000000000E+00  0.00000000000000000E+00  1.59214482912628150E-04
4.99999999999998883E-03  0.00000000000000000E+00  0.00000000000000000E+00  3.74385103665232921E-01  0.00000000000000000E+00  0.00000000000000000E+00  0.00000000000000000E+00  1.60789641160265174E-04
5.03999999999998807E-03  0.00000000000000000E+00  0.00000000000000000E+00  3.77057542219241149E-01  0.00000000000000000E+00  0.00000000000000000E+00  0.00000000000000000E+00  3.13122676099141558E-04
5.07999999999998557E-03  0.00000000000000000E+00  0.00000000000000000E+00  3.79567217772801890E-01  0.00000000000000000E+00  0.00000000000000000E+00  0.00000000000000000E+00  3.14773656492274892E-04
5.11999999999998654E-03  0.00000000000000000E+00  0.00000000000000000E+00  3.82377421753934410E-01  0.00000000000000000E+00  0.00000000000000000E+00  0.00000000000000000E+00  3.17404720892306867E-04
5.15999999999998665E-03  0.00000000000000000E+00  0.00000000000000000E+00  3.85356483493484392E-01  0.00000000000000000E+00  0.00000000000000000E+00  0.00000000000000000E+00  3.19916184241228235E-04
5.19999999999998328E-03  0.00000000000000000E+00  0.00000000000000000E+00  3.87848670376768234E-01  0.00000000000000000E+00  0.00000000000000000E+00  0.00000000000000000E+00  3.20353756572610768E-04
5.23999999999998599E-03  0.00000000000000000E+00  0.00000000000000000E+00  3.90062312567805325E-01  0.00000000000000000E+00  0.00000000000000000E+00  0.00000000000000000E+00  3.17852855476812631E-04
5.27999999999998176E-03  0.00000000000000000E+00  0.00000000000000000E+00  3.92977985303964050E-01  0.00000000000000000E+00  0.00000000000000000E+00  0.00000000000000000E+00  3.16733286430103734E-04
5.31999999999998880E-03  0.00000000000000000E+00  0.00000000000000000E+00  3.95258580789196290E-01  0.00000000000000000E+00  0.00000000000000000E+00  0.00000000000000000E+00  3.18920007204983019E-04
5.35999999999998457E-03  0.00000000000000000E+00  0.00000000000000000E+00  3.98223278078261800E-01  0.00000000000000000E+00  0.00000000000000000E+00  0.00000000000000000E+00  3.21317736871954513E-04
5.39999999999998728E-03  0.00000000000000000E+00  0.00000000000000000E+00  4.00862699665325395E-01  0.00000000000000000E+00  0.00000000000000000E+00  0.00000000000000000E+00  3.28927527998037887E-04
5.43999999999998391E-03  0.00000000000000000E+00  0.00000000000000000E+00  4.02718972027331756E-01  0.00000000000000000E+00  0.00000000000000000E+00  0.00000000000000000E+00  3.25317808490947682E-04
5.47999999999998402E-03  0.00000000000000000E+00  0.00000000000000000E+00  4.05404927362374046E-01  0.00000000000000000E+00  0.00000000000000000E+00  0.00000000000000000E+00  3.26866248949363603E-04
5.51999999999998152E-03  0.00000000000000000E+00  0.00000000000000000E+00  4.07805497262631100E-01  0.00000000000000000E+00  0.00000000000000000E+00  0.00000000000000000E+00  3.36868179373573653E-04
5.55999999999998162E-03  0.00000000000000000E+00  0.00000000000000000E+00  4.10474201475604206E-01  0.00000000000000000E+00  0.00000000000000000E+00  0.00000000000000000E+00  3.49583852349059161E-04
5.59999999999998260E-03  0.00000000000000000E+00  0.00000000000000000E+00  4.13177536200223849E-01  0.00000000000000000E+00  0.00000000000000000E+00  0.00000000000000000E+00  3.51686440305546126E-04
5.63999999999997923E-03  0.00000000000000000E+00  0.00000000000000000E+00  4.15955450174174790E-01  0.00000000000000000E+00  0.00000000000000000E+00  0.00000000000000000E+00  3.54568574243946811E-04
5.67999999999998194E-03  0.00000000000000000E+00  0.00000000000000000E+00  4.18653775128876582E-01  0.00000000000000000E+00  0.00000000000000000E+00  0.00000000000000000E+00  3.57286841242783178E-04
5.71999999999997771E-03  0.00000000000000000E+00  0.00000000000000000E+00  4.21224383005919967E-01  0.00000000000000000E+00  0.00000000000000000E+00  0.00000000000000000E+00  3.56501965918737363E-04
5.75999999999998475E-03  0.00000000000000000E+00  0.00000000000000000E+00  4.23691985470116328E-01  0.00000000000000000E+00  0.00000000000000000E+00  0.00000000000000000E+00  3.58703109271453144E-04
5.79999999999997965E-03  0.00000000000000000E+00  0.00000000000000000E+00  4.26518723784999665E-01  0.00000000000000000E+00  0.00000000000000000E+00  0.00000000000000000E+00  3.68504444506641423E-04
5.83999999999998323E-03  0.00000000000000000E+00  0.00000000000000000E+00  4.28911447403606316E-01  0.00000000000000000E+00  0.00000000000000000E+00  0.00000000000000000E+00  3.49560620678192606E-04
5.87999999999997813E-03  0.00000000000000000E+00  0.00000000000000000E+00  4.31420108734893948E-01  0.00000000000000000E+00  0.00000000000000000E+00  0.00000000000000000E+00  3.50802958063644796E-04
5.91999999999998170E-03  0.00000000000000000E+00  0.00000000000000000E+00  4.33909913786072188E-01  0.00000000000000000E+00  0.00000000000000000E+00  0.00000000000000000E+00  3.54004897461078103E-04
5.95999999999998354E-03  0.00000000000000000E+00  0.00000000000000000E+00  4.36401968738901302E-01  0.00000000000000000E+00  0.00000000000000000E+00  0.00000000000000000E+00  3.63879658358565801E-04
5.99999999999997931E-03  0.00000000000000000E+00  0.00000000000000000E+00  4.38794225929083681E-01  0.00000000000000000E+00  0.00000000000000000E+00  0.00000000000000000E+00  3.65360762763782866E-04
6.03999999999998202E-03  0.00000000000000000E+00  0.00000000000000000E+00  4.41337922429378915E-01  0.00000000000000000E+00  0.00000000000000000E+00  0.00000000000000000E+00  3.54583146554383324E-04
6.07999999999997692E-03  0.00000000000000000E+00  0.00000000000000000E+00  4.44071055996862751E-01  0.00000000000000000E+00  0.00000000000000000E+00  0.00000000000000000E+00  3.56903107050621725E-04
6.11999999999998396E-03  0.00000000000000000E+00  0.00000000000000000E+00  4.45978440640185381E-01  0.00000000000000000E+00  0.00000000000000000E+00  0.00000000000000000E+00  3.45347383868800867E-04
6.15999999999998060E-03  0.00000000000000000E+00  0.00000000000000000E+00  4.48383995548091330E-01  0.00000000000000000E+00  0.00000000000000000E+00  0.00000000000000000E+00  3.47730429280625024E-04
6.19999999999998243E-03  0.00000000000000000E+00  0.00000000000000000E+00  4.51183754611184595E-01  0.00000000000000000E+00  0.00000000000000000E+00  0.00000000000000000E+00  3.48130977561199729E-04
6.23999999999997734E-03  0.00000000000000000E+00  0.00000000000000000E+00  4.53757631689636787E-01  0.00000000000000000E+00  0.00000000000000000E+00  0.00000000000000000E+00  3.50638664556685519E-04
6.27999999999998091E-03  0.00000000000000000E+00  0.00000000000000000E+00  4.55620026711938075E-01  0.00000000000000000E+00  0.00000000000000000E+00  0.00000000000000000E+00  3.46493968653830450E-04
6.31999999999998448E-03  0.00000000000000000E+00  0.00000000000000000E+00  4.58074577467560640E-01  0.00000000000000000E+00  0.00000000000000000E+00  0.00000000000000000E+00  3.47668245614292663E-04
6.35999999999998459E-03  0.00000000000000000E+00  0.00000000000000000E+00  4.60637781705266813E-01  0.00000000000000000E+00  0.00000000000000000E+00  0.00000000000000000E+00  3.49151580308665072E-04
6.39999999999998816E-03  0.00000000000000000E+00  0.00000000000000000E+00  4.62866613694113194E-01  0.00000000000000000E+00  0.00000000000000000E+00  0.00000000000000000E+00  3.51329875614620141E-04
6.43999999999998220E-03  0.00000000000000000E+00  0.00000000000000000E+00  4.65276100661825009E-01  0.00000000000000000E+00  0.00000000000000000E+00  0.00000000000000000E+00  3.52993206686258074E-04
6.47999999999998490E-03  0.00000000000000000E+00  0.00000000000000000E+00  4.67864476856055589E-01  0.00000000000000000E+00  0.00000000000000000E+00  0.00000000000000000E+00  3.54484804262056817E-04
6.51999999999997980E-03  0.00000000000000000E+00  0.00000000000000000E+00  4.70542492170490378E-01  0.00000000000000000E+00  0.00000000000000000E+00  0.00000000000000000E+00  3.57418999839465316E-04
6.55999999999998338E-03  0.00000000000000000E+00  0.00000000000000000E+00  4.72628306379697605E-01  0.00000000000000000E+00  0.00000000000000000E+00  0.00000000000000000E+00  3.45654672650545650E-04
6.59999999999998782E-03  0.00000000000000000E+00  0.00000000000000000E+00  4.75407185611533167E-01  0.00000000000000000E+00  0.00000000000000000E+00  0.00000000000000000E+00  3.46320258185537732E-04
6.63999999999998099E-03  0.00000000000000000E+00  0.00000000000000000E+00  4.77716891763533935E-01  0.00000000000000000E+00  0.00000000000000000E+00  0.00000000000000000E+00  3.44178645233608348E-04
6.67999999999998890E-03  0.00000000000000000E+00  0.00000000000000000E+00  4.80171823445730284E-01  0.00000000000000000E+00  0.00000000000000000E+00  0.00000000000000000E+00  3.47303156686602256E-04
6.71999999999998293E-03  0.00000000000000000E+00  0.00000000000000000E+00  4.82877374293976147E-01  0.00000000000000000E+00  0.00000000000000000E+00  0.00000000000000000E+00  3.49004989286109122E-04
6.75999999999998737E-03  0.00000000000000000E+00  0.00000000000000000E+00  4.85582331399066314E-01  0.00000000000000000E+00  0.00000000000000000E+00  0.00000000000000000E+00  3.48575024475879171E-04
6.79999999999998141E-03  0.00000000000000000E+00  0.00000000000000000E+00  4.87948290895105996E-01  0.00000000000000000E+00  0.00000000000000000E+00  0.00000000000000000E+00  3.50292348534662922E-04
6.83999999999998585E-03  0.00000000000000000E+00  0.00000000000000000E+00  4.90584749739618575E-01  0.00000000000000000E+00  0.00000000000000000E+00  0.00000000000000000E+00  3.45835587061137290E-04
6.87999999999998856E-03  0.00000000000000000E+00  0.00000000000000000E+00  4.93318083552902076E-01  0.00000000000000000E+00  0.00000000000000000E+00  0.00000000000000000E+00  3.47923229305752970E-04
6.91999999999998866E-03  0.00000000000000000E+00  0.00000000000000000E+00  4.95633210171623206E-01  0.00000000000000000E+00  0.00000000000000000E+00  0.00000000000000000E+00  3.49556693872792664E-04
6.95999999999999223E-03  0.00000000000000000E+00  0.00000000000000000E+00  4.97935920373194896E-01  0.00000000000000000E+00  0.00000000000000000E+00  0.00000000000000000E+00  3.56159119767295680E-04
6.99999999999998540E-03  0.00000000000000000E+00  0.00000000000000000E+00  5.00393455572626489E-01  0.00000000000000000E+00  0.00000000000000000E+00  0.00000000000000000E+00  3.50649967730295390E-04
7.03999999999998897E-03  0.00000000000000000E+00  0.00000000000000000E+00  5.02729157752031641E-01  0.00000000000000000E+00  0.00000000000000000E+00  0.00000000000000000E+00  3.52074806928410556E-04
7.07999999999998301E-03  0.00000000000000000E+00  0.00000000000000000E+00  5.05432768058214132E-01  0.00000000000000000E+00  0.00000000000000000E+00  0.00000000000000000E+00  3.54026595154602699E-04
7.11999999999998658E-03  0.00000000000000000E+00  0.00000000000000000E+00  5.07903907155007550E-01  0.00000000000000000E+00  0.00000000000000000E+00  0.00000000000000000E+00  3.55607797196579554E-04
7.15999999999999189E-03  0.00000000000000000E+00  0.00000000000000000E+00  5.10419777637891148E-01  0.00000000000000000E+00  0.00000000000000000E+00  0.00000000000000000E+00  3.57561697694831326E-04
7.19999999999998506E-03  0.00000000000000000E+00  0.00000000000000000E+00  5.12864515955858136E-01  0.00000000000000000E+00  0.00000000000000000E+00  0.00000000000000000E+00  3.57835590646286145E-04
7.23999999999998950E-03  0.00000000000000000E+00  0.00000000000000000E+00  5.14601536970536566E-01  0.00000000000000000E+00  0.00000000000000000E+00  0.00000000000000000E+00  3.58816131498845749E-04
7.27999999999998267E-03  0.00000000000000000E+00  0.00000000000000000E+00  5.17105624884150794E-01  0.00000000000000000E+00  0.00000000000000000E+00  0.00000000000000000E+00  3.62768727094184089E-04
7.31999999999999144E-03  0.00000000000000000E+00  0.00000000000000000E+00  5.19752347569771067E-01  0.00000000000000000E+00  0.00000000000000000E+00  0.00000000000000000E+00  3.63948262721435650E-04
7.35999999999998548E-03  0.00000000000000000E+00  0.00000000000000000E+00  5.22408038030420574E-01  0.00000000000000000E+00  0.00000000000000000E+00  0.00000000000000000E+00  3.59310672777870144E-04
7.39999999999998905E-03  0.00000000000000000E+00  0.00000000000000000E+00  5.24592530855264028E-01  0.00000000000000000E+00  0.00000000000000000E+00  0.00000000000000000E+00  3.65224692769317320E-04
7.43999999999998222E-03  0.00000000000000000E+00  0.00000000000000000E+00  5.27301112171183695E-01  0.00000000000000000E+00  0.00000000000000000E+00  0.00000000000000000E+00  3.67064020575350730E-04
7.47999999999998753E-03  0.00000000000000000E+00  0.00000000000000000E+00  5.29705851927563920E-01  0.00000000000000000E+00  0.00000000000000000E+00  0.00000000000000000E+00  3.68675912378178274E-04
7.51999999999999197E-03  0.00000000000000000E+00  0.00000000000000000E+00  5.32146688604813622E-01  0.00000000000000000E+00  0.00000000000000000E+00  0.00000000000000000E+00  3.72742566039303391E-04
7.55999999999998513E-03  0.00000000000000000E+00  0.00000000000000000E+00  5.34824666136867188E-01  0.00000000000000000E+00  0.00000000000000000E+00  0.00000000000000000E+00  3.74593730598135697E-04
7.59999999999999391E-03  0.00000000000000000E+00  0.00000000000000000E+00  5.37445317425753522E-01  0.00000000000000000E+00  0.00000000000000000E+00  0.00000000000000000E+00  3.76543618484658578E-04
7.63999999999998795E-03  0.00000000000000000E+00  0.00000000000000000E+00  5.39707112898599073E-01  0.00000000000000000E+00  0.00000000000000000E+00  0.00000000000000000E+00  3.76560926397960527E-04
7.67999999999999152E-03  0.00000000000000000E+00  0.00000000000000000E+00  5.42198361183130695E-01  0.00000000000000000E+00  0.00000000000000000E+00  0.00000000000000000E+00  3.72112079816942299E-04
7.71999999999999683E-03  0.00000000000000000E+00  0.00000000000000000E+00  5.44748208389645661E-01  0.00000000000000000E+00  0.00000000000000000E+00  0.00000000000000000E+00  3.66012307459650599E-04
7.75999999999998826E-03  0.00000000000000000E+00  0.00000000000000000E+00  5.47021739463748435E-01  0.00000000000000000E+00  0.00000000000000000E+00  0.00000000000000000E+00  3.71341073145139760E-04
7.79999999999999357E-03  0.00000000000000000E+00  0.00000000000000000E+00  5.49699060597471756E-01  0.00000000000000000E+00  0.00000000000000000E+00  0.00000000000000000E+00  3.72245633867116887E-04
7.83999999999998760E-03  0.00000000000000000E+00  0.00000000000000000E+00  5.52355719804042855E-01  0.00000000000000000E+00  0.00000000000000000E+00  0.00000000000000000E+00  3.74215310281627873E-04
7.87999999999999638E-03  0.00000000000000000E+00  0.00000000000000000E+00  5.54680195310888080E-01  0.00000000000000000E+00  0.00000000000000000E+00  0.00000000000000000E+00  3.75741006611236860E-04
7.91999999999998955E-03  0.00000000000000000E+00  0.00000000000000000E+00  5.57492866776642226E-01  0.00000000000000000E+00  0.00000000000000000E+00  0.00000000000000000E+00  3.77662834523294290E-04
7.95999999999999486E-03  0.00000000000000000E+00  0.00000000000000000E+00  5.60039545038513831E-01  0.00000000000000000E+00  0.00000000000000000E+00  0.00000000000000000E+00  3.77831462440759210E-04
8.00000000000000017E-03  0.00000000000000000E+00  0.00000000000000000E+00  5.62075451481948929E-01  0.00000000000000000E+00  0.00000000000000000E+00  0.00000000000000000E+00  3.86929009488358282E-04
8.00000000000000017E-03  0.00000000000000000E+00  0.00000000000000000E+00  5.62075557088955291E-01  0.00000000000000000E+00  0.00000000000000000E+00  0.00000000000000000E+00  3.86929171596184901E-04
8.03999999999999333E-03  0.00000000000000000E+00  0.00000000000000000E+00  5.64606413853586120E-01  0.00000000000000000E+00  0.00000000000000000E+00  0.00000000000000000E+00  3.88593572840765719E-04
8.08000000000000211E-03  0.00000000000000000E+00  0.00000000000000000E+00  5.67044597743716405E-01  0.00000000000000000E+00  0.00000000000000000E+00  0.00000000000000000E+00  3.83768776452907546E-04
8.11999999999999528E-03  0.00000000000000000E+00  0.00000000000000000E+00  5.69848566972490533E-01  0.00000000000000000E+00  0.00000000000000000E+00  0.00000000000000000E+00  3.85683847294509348E-04
8.15999999999999885E-03  0.00000000000000000E+00  0.00000000000000000E+00  5.72072582682595088E-01  0.00000000000000000E+00  0.00000000000000000E+00  0.00000000000000000E+00  3.93530373019097932E-04
8.19999999999999202E-03  0.00000000000000000E+00  0.00000000000000000E+00  5.74771103803575101E-01  0.00000000000000000E+00  0.00000000000000000E+00  0.00000000000000000E+00  3.87530236383486757E-04
8.23999999999999733E-03  0.00000000000000000E+00  0.00000000000000000E+00  5.77471799458771029E-01  0.00000000000000000E+00  0.00000000000000000E+00  0.00000000000000000E+00  3.90754401832423340E-04
8.28000000000000264E-03  0.00000000000000000E+00  0.00000000000000000E+00  5.79972538569961005E-01  0.00000000000000000E+00  0.00000000000000000E+00  0.00000000000000000E+00  3.86014491004188162E-04
8.31999999999999580E-03  0.00000000000000000E+00  0.00000000000000000E+00  5.82561648194231174E-01  0.00000000000000000E+00  0.00000000000000000E+00  0.00000000000000000E+00  3.86801350394942267E-04
8.36000000000000458E-03  0.00000000000000000E+00  0.00000000000000000E+00  5.85359066768226466E-01  0.00000000000000000E+00  0.00000000000000000E+00  0.00000000000000000E+00  3.81685302094755667E-04
8.39999999999999775E-03  0.00000000000000000E+00  0.00000000000000000E+00  5.88156307606140905E-01  0.00000000000000000E+00  0.00000000000000000E+00  0.00000000000000000E+00  3.83534052748476693E-04
8.44000000000000306E-03  0.00000000000000000E+00  0.00000000000000000E+00  5.90953480084084326E-01  0.00000000000000000E+00  0.00000000000000000E+00  0.00000000000000000E+00  3.85382605242535429E-04
8.48000000000000836E-03  0.00000000000000000E+00  0.00000000000000000E+00  5.93415474901159534E-01  0.00000000000000000E+00  0.00000000000000000E+00  0.00000000000000000E+00  3.87635112077242775E-04
8.52000000000000153E-03  0.00000000000000000E+00  0.00000000000000000E+00  5.96118935565457031E-01  0.00000000000000000E+00  0.00000000000000000E+00  0.00000000000000000E+00  3.89466971044672610E-04
8.56000000000001031E-03  0.00000000000000000E+00  0.00000000000000000E+00  5.98668439618698311E-01  0.00000000000000000E+00  0.00000000000000000E+00  0.00000000000000000E+00  3.91224771909034217E-04
8.60000000000000347E-03  0.00000000000000000E+00  0.00000000000000000E+00  6.01462226623000085E-01  0.00000000000000000E+00  0.00000000000000000E+00  0.00000000000000000E+00  3.93074825258348946E-04
8.64000000000000705E-03  0.00000000000000000E+00  0.00000000000000000E+00  6.04253130965073382E-01  0.00000000000000000E+00  0.00000000000000000E+00  0.00000000000000000E+00  3.94945658965875906E-04
8.68000000000001236E-03  0.00000000000000000E+00  0.00000000000000000E+00  6.07046790308744089E-01  0.00000000000000000E+00  0.00000000000000000E+00  0.00000000000000000E+00  3.96794967030281382E-04
8.72000000000000726E-03  0.00000000000000000E+00  0.00000000000000000E+00  6.09840240270573597E-01  0.00000000000000000E+00  0.00000000000000000E+00  0.00000000000000000E+00  3.98644279265719572E-04
8.76000000000001257E-03  0.00000000000000000E+00  0.00000000000000000E+00  6.12526662483163786E-01  0.00000000000000000E+00  0.00000000000000000E+00  0.00000000000000000E+00  4.02190955386604596E-04
8.80000000000000400E-03  0.00000000000000000E+00  0.00000000000000000E+00  6.15208200972183206E-01  0.00000000000000000E+00  0.00000000000000000E+00  0.00000000000000000E+00  4.03962187925956378E-04
8.84000000000000931E-03  0.00000000000000000E+00  0.00000000000000000E+00  6.17541599390329488E-01  0.00000000000000000E+00  0.00000000000000000E+00  0.00000000000000000E+00  3.90520424210093696E-04
8.88000000000000421E-03  0.00000000000000000E+00  0.00000000000000000E+00  6.20333488836376179E-01  0.00000000000000000E+00  0.00000000000000000E+00  0.00000000000000000E+00  3.92299329745886120E-04
8.92000000000000952E-03  0.00000000000000000E+00  0.00000000000000000E+00  6.23018740018829620E-01  0.00000000000000000E+00  0.00000000000000000E+00  0.00000000000000000E+00  3.93576361085499365E-04
8.96000000000000095E-03  0.00000000000000000E+00  0.00000000000000000E+00  6.25699619116353745E-01  0.00000000000000000E+00  0.00000000000000000E+00  0.00000000000000000E+00  3.95280742268129960E-04
9.00000000000000973E-03  0.00000000000000000E+00  0.00000000000000000E+00  6.28371957651051583E-01  0.00000000000000000E+00  0.00000000000000000E+00  0.00000000000000000E+00  3.96602851055453238E-04
9.04000000000001504E-03  0.00000000000000000E+00  0.00000000000000000E+00  6.31161501535643099E-01  0.00000000000000000E+00  0.00000000000000000E+00  0.00000000000000000E+00  3.98379010544815050E-04
9.08000000000000647E-03  0.00000000000000000E+00  0.00000000000000000E+00  6.33867307629293997E-01  0.00000000000000000E+00  0.00000000000000000E+00  0.00000000000000000E+00  4.00613220884670548E-04
9.12000000000001525E-03  0.00000000000000000E+00  0.00000000000000000E+00  6.36155996150689740E-01  0.00000000000000000E+00  0.00000000000000000E+00  0.00000000000000000E+00  3.97399899515059600E-04
9.16000000000000668E-03  0.00000000000000000E+00  0.00000000000000000E+00  6.38943615669746445E-01  0.00000000000000000E+00  0.00000000000000000E+00  0.00000000000000000E+00  3.99151611006709353E-04
9.20000000000001372E-03  0.00000000000000000E+00  0.00000000000000000E+00  6.41409734037935442E-01  0.00000000000000000E+00  0.00000000000000000E+00  0.00000000000000000E+00  3.97228118845391440E-04
9.24000000000002077E-03  0.00000000000000000E+00  0.00000000000000000E+00  6.44195894180431661E-01  0.00000000000000000E+00  0.00000000000000000E+00  0.00000000000000000E+00  3.98962506218463950E-04
9.28000000000001220E-03  0.00000000000000000E+00  0.00000000000000000E+00  6.46961446131655293E-01  0.00000000000000000E+00  0.00000000000000000E+00  0.00000000000000000E+00  4.00677935439793984E-04
9.32000000000001924E-03  0.00000000000000000E+00  0.00000000000000000E+00  6.49747127935957236E-01  0.00000000000000000E+00  0.00000000000000000E+00  0.00000000000000000E+00  3.98015302926115659E-04
9.36000000000001067E-03  0.00000000000000000E+00  0.00000000000000000E+00  6.52366445571725517E-01  0.00000000000000000E+00  0.00000000000000000E+00  0.00000000000000000E+00  3.99778194011200165E-04
9.40000000000001772E-03  0.00000000000000000E+00  0.00000000000000000E+00  6.55104359572621031E-01  0.00000000000000000E+00  0.00000000000000000E+00  0.00000000000000000E+00  4.01567274809294433E-04
9.44000000000000915E-03  0.00000000000000000E+00  0.00000000000000000E+00  6.57888861712629280E-01  0.00000000000000000E+00  0.00000000000000000E+00  0.00000000000000000E+00  3.99450137600538473E-04
9.48000000000001446E-03  0.00000000000000000E+00  0.00000000000000000E+00  6.60493648317666771E-01  0.00000000000000000E+00  0.00000000000000000E+00  0.00000000000000000E+00  3.92817990180288569E-04
9.52000000000000936E-03  0.00000000000000000E+00  0.00000000000000000E+00  6.63209340804733927E-01  0.00000000000000000E+00  0.00000000000000000E+00  0.00000000000000000E+00  3.94731130464901034E-04
9.56000000000001120E-03  0.00000000000000000E+00  0.00000000000000000E+00  6.65941035886620902E-01  0.00000000000000000E+00  0.00000000000000000E+00  0.00000000000000000E+00  3.92302262371483832E-04
9.60000000000000263E-03  0.00000000000000000E+00  0.00000000000000000E+00  6.68724985435954156E-01  0.00000000000000000E+00  0.00000000000000000E+00  0.00000000000000000E+00  3.81851237624886890E-04
9.64000000000001314E-03  0.00000000000000000E+00  0.00000000000000000E+00  6.71508949803903410E-01  0.00000000000000000E+00  0.00000000000000000E+00  0.00000000000000000E+00  3.77124690782386482E-04
9.68000000000001672E-03  0.00000000000000000E+00  0.00000000000000000E+00  6.74292972686697634E-01  0.00000000000000000E+00  0.00000000000000000E+00  0.00000000000000000E+00  3.78698450791772304E-04
9.72000000000000815E-03  0.00000000000000000E+00  0.00000000000000000E+00  6.76925817737273450E-01  0.00000000000000000E+00  0.00000000000000000E+00  0.00000000000000000E+00  3.81837297938001415E-04
9.76000000000001519E-03  0.00000000000000000E+00  0.00000000000000000E+00  6.79709464291921028E-01  0.00000000000000000E+00  0.00000000000000000E+00  0.00000000000000000E+00  3.83416490333502184E-04
9.80000000000001183E-03  0.00000000000000000E+00  0.00000000000000000E+00  6.82465524822906566E-01  0.00000000000000000E+00  0.00000000000000000E+00  0.00000000000000000E+00  3.84982991869802676E-04
9.84000000000001367E-03  0.00000000000000000E+00  0.00000000000000000E+00  6.85249328583662054E-01  0.00000000000000000E+00  0.00000000000000000E+00  0.00000000000000000E+00  3.86561971764953229E-04
9.88000000000000510E-03  0.00000000000000000E+00  0.00000000000000000E+00  6.87994369156639363E-01  0.00000000000000000E+00  0.00000000000000000E+00  0.00000000000000000E+00  3.88126413867859285E-04
9.92000000000001561E-03  0.00000000000000000E+00  0.00000000000000000E+00  6.90379648862797679E-01  0.00000000000000000E+00  0.00000000000000000E+00  0.00000000000000000E+00  3.89484076220873905E-04
9.96000000000002265E-03  0.00000000000000000E+00  0.00000000000000000E+00  6.93078851275311880E-01  0.00000000000000000E+00  0.00000000000000000E+00  0.00000000000000000E+00  3.90849770693952746E-04
