MTS793|MPT|FRA|1|2|.|.|:|33|1|1|A

Acquisition de données						Temps :	785.76172	Sec	29.05.2013 16:48:27
Temps	Axial Déplacement	Axial Force	Axial fléche	Axial CMOD*2	Canon
Sec	mm	N	mm	mm	unitless
0.51367188	-0.001013279	-0.2111043	0.0026016682	0.00086694956	0
1.0136719	-0.0019848347	-0.88181543	0.0025361776	0.00073552132	0
1.5136719	-0.0022530556	-1.4375006	0.0025168806	0.00075340271	0
2.0136719	-0.0048264861	-1.3888589	0.0026067346	0.00071555376	0
2.5136719	-0.0060483813	-1.6173958	0.0025997311	0.00093400478	0
3.0136719	-0.0094383955	0.092053577	0.0026209652	0.00087946653	0
3.5136719	-0.011190772	-1.9278426	0.002655834	0.00076889992	0
4.0136719	-0.011865795	-0.69002157	0.0026211143	0.00076562166	0
4.5136719	-0.012750924	-1.1542615	0.0027036667	0.0007417798	0
5.0136719	-0.014671683	-1.5784123	0.0026652962	0.00099271536	0
5.5136719	-0.017426908	-1.4607071	0.0026541203	0.00082582235	0
6.0136719	-0.018785894	-0.15358251	0.0026652962	0.00094264746	0
6.5136719	-0.020296872	-0.50234014	0.0026509911	0.00075131655	0
7.0136719	-0.020897388	0.31969547	0.0026776642	0.00083804131	0
7.5136719	-0.023420155	-0.79072708	0.00270091	0.00094890594	0
8.0136719	-0.024548173	-2.8417156	0.002675131	0.00087827444	0
8.5136719	-0.02669096	0.20893985	0.0026993454	0.00094175339	0
9.0136719	-0.027632713	-0.62116271	0.002726689	0.00069499016	0
9.5136719	-0.029851496	-0.085601166	0.00266321	0.0010585785	0
10.013672	-0.030340254	-4.5319362	0.002688393	0.00093132257	1
10.513672	-0.033156574	0.46941122	0.0027329475	0.0010055304	1
11.013672	-0.033776462	-2.1119146	0.0027316064	0.0008186698	0
11.513672	-0.035218894	-0.61566973	0.0027449429	0.00084996223	0
12.013672	-0.036886334	-2.1640136	0.0027102232	0.0010225177	0
12.513672	-0.037826598	-1.1985509	0.0027680397	0.00090003014	0
13.013672	-0.039610267	-1.9628718	0.0027601421	0.0010243058	0
13.513672	-0.04144311	-0.10991909	0.0027456135	0.00083476305	0
14.013672	-0.04362762	-2.9752152	0.0027795136	0.0009354949	0
14.513672	-0.044204295	0.14835273	0.0027565658	0.001014173	0
15.013672	-0.045399368	-1.5040195	0.0027410686	0.0011232495	0
15.513672	-0.047436357	-0.96694863	0.0027637929	0.0010383129	0
16.013672	-0.050497055	-2.0669875	0.0027775019	0.00089734793	0
16.513672	-0.049774349	-0.65654278	0.0028153509	0.0010541081	0
17.013672	-0.051870942	-1.9350263	0.0027637184	0.0009816885	0
17.513672	-0.053201616	-2.4694238	0.0027908385	0.0011625886	0
18.013672	-0.054728985	-0.96178317	0.0027881563	0.00094413757	0
18.513672	-0.055643916	-1.711918	0.0027830899	0.00091612339	0
19.013672	-0.058113039	-2.9938064	0.0027623773	0.0010317564	0
19.513672	-0.058193505	-2.7542951	0.0027879328	0.00098884106	0
20.013672	-0.062595308	-2.3547604	0.0027951598	0.0010931492	0
20.513672	-0.062376261	-3.8159471	0.002777651	0.00099301338	0
21.013672	-0.06403029	-0.83978999	0.0028409064	0.0011134148	1
21.513672	-0.064109266	-0.74840915	0.0028558075	0.00083088875	0
22.013672	-0.066863	-1.4222441	0.0028526038	0.001231432	0
22.513672	-0.067698956	-2.0729077	0.0029201061	0.0010946393	0
23.013672	-0.069309771	-2.9244325	0.0028564781	0.0010663271	0
23.513672	-0.070747733	0.12151938	0.0028379261	0.0010249019	0
24.013672	-0.072841346	-1.5945989	0.0027962774	0.00098496675	0
24.513672	-0.074274838	-0.47406772	0.0028691441	0.0011521578	0
25.013672	-0.076709688	-1.451938	0.0028909743	0.0010219216	0
25.513672	-0.077706575	-2.3935862	0.0028844178	0.0011217594	0
26.013672	-0.079007447	-4.0819058	0.0029161572	0.001064837	0
26.513672	-0.079928339	-1.0916269	0.0028525293	0.00098377466	0
27.013672	-0.081533194	-1.6054504	0.0028763711	0.0012016296	0
27.513672	-0.082418323	-0.42455441	0.0028628856	0.0011512637	0
28.013672	-0.084418058	-2.4241223	0.0029122084	0.0011828542	0
28.513672	-0.086095929	-2.1837103	0.002906993	0.0010988116	0
29.013672	-0.086991489	-1.2948574	0.0029009581	0.001090169	0
29.513672	-0.088842213	-0.52667558	0.0028976053	0.0011608005	0
30.013672	-0.089856982	1.30379	0.002957955	0.0010639429	0
30.513672	-0.09265393	-2.0883982	0.0029974431	0.0012522936	0
31.013672	-0.094121695	-0.20227684	0.0028895587	0.00096052885	0
31.513672	-0.094597042	-0.35413951	0.0029186904	0.0011840463	1
32.013672	-0.095844269	-2.7576058	0.0029464811	0.0012639165	0
32.513672	-0.097945333	-0.53481281	0.0029763579	0.0011947751	0
33.013672	-0.10027885	-0.57462114	0.0029432774	0.0011235476	0
33.513672	-0.10077357	-3.3717957	0.0029628724	0.0012174249	0
34.013672	-0.10225922	-1.5484961	0.0029630214	0.001283288	0
34.513672	-0.10492951	-2.4139318	0.0029496849	0.0013843179	0
35.013672	-0.10560155	-0.47237125	0.0029806048	0.0013631582	0
35.513672	-0.10623783	0.58259451	0.0029889494	0.0011914968	0
36.013672	-0.10822117	-1.5755926	0.0029637665	0.0012588501	0
36.513672	-0.11060089	-1.1841661	0.0029870868	0.0012221932	0
37.013672	-0.11091977	-0.41376138	0.002970472	0.0014033914	0
37.513672	-0.11182874	-1.0934871	0.002983883	0.0012439489	0
38.013672	-0.1138106	-1.669641	0.0030236691	0.0012889504	0
38.513672	-0.1167506	0.66204745	0.0029689074	0.0012981892	0
39.013672	-0.11784583	-1.9142709	0.0029871613	0.0013443828	0
39.513672	-0.1181379	0.63806891	0.0029346347	0.0013309717	0
40.013672	-0.12031049	1.036492	0.0029730797	0.0012817979	0
40.513672	-0.12277812	-1.9066368	0.0029651821	0.0012740493	0
41.013672	-0.12313873	-0.87742221	0.0029781461	0.0012502074	0
41.513672	-0.12402236	-1.2439108	0.0029522926	0.0014710426	0
42.013672	-0.12708753	1.9343419	0.0029435754	0.0014415383	1
42.513672	-0.12723655	-1.0485953	0.0029939413	0.0013574958	0
43.013672	-0.12940764	-1.1333774	0.0030150265	0.0013586879	0
43.513672	-0.13190061	-1.2940032	0.0029754639	0.0014898181	0
44.013672	-0.13333559	-0.11403739	0.0029923022	0.0015637279	0
44.513672	-0.13302863	-0.60209215	0.0030102581	0.0013241172	0
45.013672	-0.13342947	-0.10268864	0.0029908121	0.001540482	0
45.513672	-0.13762116	0.47509146	0.0029954314	0.0013101101	0
46.013672	-0.13844669	0.87411702	0.0029519945	0.0016230345	0
46.513672	-0.14164597	0.24333125	0.0030347705	0.0013709068	0
47.013672	-0.14185458	-2.4460416	0.0030552596	0.0014868379	0
47.513672	-0.14270544	-0.27130532	0.0030060112	0.0012686849	0
48.013672	-0.14485419	0.45224771	0.0029848516	0.0015357137	0
48.513672	-0.14614314	-0.99753171	0.0030102581	0.001450181	0
49.013672	-0.14748573	-3.5378151	0.0030182302	0.0014546514	0
49.513672	-0.14907867	-1.6008055	0.0030016899	0.0014707446	0
50.013672	-0.15085191	-2.0560191	0.0030139834	0.0014784932	0
50.513672	-0.15238971	-1.8025092	0.0029691309	0.0015935302	0
51.013672	-0.15349984	-1.842382	0.0029987097	0.0014096498	0
51.513672	-0.15584081	0.57068419	0.0030428916	0.0015035272	0
52.013672	-0.15642196	-1.5504383	0.0030085444	0.001347363	0
52.513672	-0.15777498	-1.6519568	0.0030121952	0.0017544627	1
53.013672	-0.15908778	-2.3578198	0.0030370802	0.0013813376	1
53.513672	-0.16207248	0.36268032	0.0030886382	0.0015720725	0
54.013672	-0.16260892	-2.1771641	0.0030446798	0.0013116002	0
54.513672	-0.1644522	-0.46941122	0.0030483305	0.0014925003	0
55.013672	-0.16687214	-1.8835182	0.0030620396	0.0014877319	0
55.513672	-0.16830862	-1.1406722	0.0030520558	0.0014230609	0
56.013672	-0.16903728	-1.9514	0.0030696392	0.0015336275	0
56.513672	-0.17013848	-2.4072046	0.003053993	0.0014618039	0
57.013672	-0.17133504	0.069244921	0.00309892	0.0016760826	0
57.513672	-0.1734525	-1.8168471	0.0030397624	0.0015372038	0
58.013672	-0.17483234	-1.63508	0.003028214	0.0014692545	0
58.513672	-0.1751706	-1.3529932	0.0029867887	0.0014168024	0
59.013672	-0.17857552	-1.8469096	0.0031411648	0.0014689565	0
59.513672	-0.17833561	-2.1604803	0.0030966848	0.0016093254	0
60.013672	-0.18042922	-2.270879	0.0030638278	0.0015184283	0
60.513672	-0.18166006	-1.1162958	0.0030963868	0.0014993548	0
61.013672	-0.18494427	1.8316005	0.0030342489	0.0013723969	0
61.513672	-0.18508434	1.0850165	0.0030532479	0.0015586615	0
62.013672	-0.18696934	-0.97629672	0.003086254	0.0016355515	0
62.513672	-0.18786341	-0.72805738	0.0030540675	0.0015863776	0
63.013672	-0.18921494	-2.5832446	0.0030735135	0.0016450882	0
63.513672	-0.19076318	-1.1880152	0.0030761212	0.0014445186	1
64.013672	-0.19309372	-0.43869355	0.0030645728	0.0015473366	0
64.513672	-0.19426644	-2.2815375	0.0030680746	0.0015902519	0
65.013672	-0.19614846	-1.3616804	0.0030817837	0.0016269088	0
65.513672	-0.19737333	-3.0363288	0.0030817091	0.0016725063	0
66.013672	-0.19843429	1.0000062	0.0030594319	0.0015541911	0
66.513672	-0.20010918	-2.8237622	0.0031118095	0.0015175343	0
67.013672	-0.20062476	-2.272593	0.0031269342	0.0015482306	0
67.513672	-0.20337552	-2.5060616	0.0030827522	0.0016462803	0
68.013672	-0.20494163	-2.1811364	0.0030711293	0.0015717745	0
68.513672	-0.206168	-1.3850156	0.0031188875	0.0015178323	0
69.013672	-0.20646006	-2.293793	0.0030840933	0.0015646219	0
69.513672	-0.21008402	-2.9609826	0.003099069	0.0015038252	0
70.013672	-0.21024495	-0.92271775	0.003112331	0.0017404556	0
70.513672	-0.21172613	-3.0021014	0.003118664	0.0017157197	0
71.013672	-0.21426082	-1.6931633	0.0030883402	0.0017532706	0
71.513672	-0.21502674	-1.5236282	0.0030332804	0.0015386939	0
72.013672	-0.21627396	-0.43480337	0.0030896068	0.0016331673	0
72.513672	-0.2174288	-1.0839461	0.0030560791	0.0018236041	0
73.013672	-0.21999031	-0.39947015	0.0031146407	0.0016203523	0
73.513672	-0.2207309	-0.50208861	0.0030810386	0.0017929077	0
74.013672	-0.22185594	0.33786517	0.0030579418	0.0015684962	1
74.513672	-0.22419393	-3.8221245	0.0031017512	0.0016996264	0
75.013672	-0.22518486	-0.81295657	0.0031028688	0.0017556548	0
75.513672	-0.22598803	-1.3269556	0.0031467527	0.0016969442	0
76.013672	-0.22954792	-4.9163251	0.0030531734	0.0017142296	0
76.513672	-0.23023486	0.46176544	0.0030832738	0.0016409159	0
77.013672	-0.23126751	-1.6881851	0.0031102449	0.00177145	0
77.513672	-0.23364574	-1.1444629	0.0030826032	0.0016370416	0
78.013672	-0.23474097	-2.899442	0.0031418353	0.001757443	0
78.513672	-0.2354756	-1.1754205	0.003048256	0.001643002	0
79.013672	-0.23828447	-3.0760379	0.0030469894	0.0017267466	0
79.513672	-0.23797601	-3.0831277	0.0030705333	0.0017732382	0
80.013672	-0.24014413	0.23327532	0.0031157583	0.0017645955	0
80.513672	-0.24116039	0.23552752	0.0031157583	0.0018206239	0
81.013672	-0.24276674	-0.75040388	0.0030715019	0.0015842915	0
81.513672	-0.24478585	0.53529251	0.0031208247	0.0017163157	0
82.013672	-0.24623275	-1.0997174	0.0031156093	0.0016242266	0
82.513672	-0.24823993	-0.65151191	0.0030886382	0.0017800927	0
83.013672	-0.24982393	-1.1983286	0.0030776858	0.0016230345	0
83.513672	-0.25120527	-2.2898502	0.0031062216	0.0015679002	0
84.013672	-0.25298893	-3.7951977	0.0030696392	0.0017482042	0
84.513672	-0.25393218	-1.0818694	0.0031185895	0.001783967	1
85.013672	-0.2548337	-4.728334	0.0030681491	0.0019025803	0
85.513672	-0.25649965	-3.2694638	0.0030926615	0.0017043948	0
86.013672	-0.25919229	1.410714	0.0031328946	0.001719296	0
86.513672	-0.26029497	-0.35952139	0.0031413138	0.0017753243	0
87.013672	-0.26183426	-5.0506968	0.0030840188	0.0017541647	0
87.513672	-0.26353896	0.30588391	0.0031436235	0.0018531084	0
88.013672	-0.2640143	-1.7413779	0.0031118095	0.0017365813	0
88.513672	-0.26661754	0.53904223	0.0031266361	0.0018259883	0
89.013672	-0.26764125	-0.99844426	0.0030860305	0.0017014146	0
89.513672	-0.26794672	-2.2659769	0.0030953437	0.0018075109	0
90.013672	-0.27031451	-2.7187042	0.0031028688	0.0018665195	0
90.513672	-0.27270019	-1.8727837	0.0030788034	0.0016692281	0
91.013672	-0.27461797	-0.34678623	0.0030785054	0.0019872189	0
91.513672	-0.27501881	-2.0712113	0.0031130761	0.0017389655	0
92.013672	-0.27588755	-0.6790238	0.0030758977	0.0017997622	0
92.513672	-0.27851164	-0.011027007	0.0030588359	0.0018671155	0
93.013672	-0.27885139	-3.5725806	0.0030799955	0.0019523501	0
93.513672	-0.28113127	-2.6565785	0.0031131506	0.0018239021	0
94.013672	-0.28242469	-1.6093581	0.0031349063	0.0018042326	0
94.513672	-0.28405339	-1.8074582	0.0031194091	0.0018918514	0
95.013672	-0.28418303	0.065378159	0.003072992	0.0018164515	1
95.513672	-0.2884075	-1.2734059	0.003111586	0.0020959973	0
96.013672	-0.28859675	0.22716805	0.0031279773	0.0018751621	0
96.513672	-0.29024929	-2.1522379	0.0031695515	0.0018051267	0
97.013672	-0.29140264	-0.56331921	0.0030975789	0.0018772483	0
97.513672	-0.29283613	-2.140111	0.0030953437	0.0018841028	0
98.013672	-0.29478222	-0.34830719	0.0031280518	0.0018838048	0
98.513672	-0.29741824	-1.3155366	0.0030887872	0.0017914176	0
99.013672	-0.29759705	-0.42594081	0.0031066686	0.0018003583	0
99.513672	-0.29962659	-1.3354613	0.0030979514	0.0018247962	0
100.01367	-0.30092001	-1.9253213	0.0030434877	0.0019782782	0
100.51367	-0.301373	0.020223007	0.0031048059	0.0018581748	0
101.01367	-0.30418038	0.60825789	0.0030733645	0.0018388033	0
101.51367	-0.30370802	-1.1849325	0.003099218	0.0019091368	0
102.01367	-0.30602068	-0.25325263	0.0030636042	0.0018841028	0
102.51367	-0.30810833	-2.0654373	0.0031148642	0.0019723177	0
103.01367	-0.31002462	-1.612675	0.0031324476	0.0017219782	0
103.51367	-0.3114149	-2.0968337	0.0030796975	0.0018769503	0
104.01367	-0.3126964	-2.5267875	0.003067404	0.0018405914	0
104.51367	-0.31365603	-2.940701	0.0030753762	0.0020310283	0
105.01367	-0.31641722	-0.033964351	0.0030785054	0.0017210841	0
105.51367	-0.31649023	-1.1619073	0.0031076372	0.0019600987	1
106.01367	-0.31842738	-3.3154671	0.0031027943	0.0017929077	1
106.51367	-0.32026619	-1.3406851	0.0031440705	0.0020363927	0
107.01367	-0.32093674	-2.3165607	0.0030831248	0.0019651651	0
107.51367	-0.32333136	-2.2677903	0.003060177	0.0019210577	0
108.01367	-0.32374263	-3.4498446	0.00305444	0.001963079	0
108.51367	-0.32570809	-2.2404246	0.0031129271	0.0019070506	0
109.01367	-0.32783896	-3.2526689	0.0030570477	0.0019484758	0
109.51367	-0.32966137	0.18627161	0.0030647963	0.0017556548	0
110.01367	-0.33023357	-1.2395818	0.0030679256	0.0019091368	0
110.51367	-0.33222288	-2.8912637	0.0031275302	0.0018846989	0
111.01367	-0.33479184	-0.13004264	0.0030458719	0.0018545985	0
111.51367	-0.33568144	0.65252978	0.0030834973	0.001758635	0
112.01367	-0.33665746	-3.4412804	0.0030638278	0.0019747019	0
112.51367	-0.33728182	-3.940526	0.0030695647	0.0018790364	0
113.01367	-0.34019947	-4.2496567	0.0030393898	0.0020357966	0
113.51367	-0.34184456	-0.11107736	0.0030929595	0.0017014146	0
114.01367	-0.34127682	-2.3167713	0.0031129271	0.0018945336	0
114.51367	-0.34433603	-2.7010727	0.0030911714	0.0019833446	0
115.01367	-0.3458038	-3.6082649	0.0030681491	0.0020346045	0
115.51367	-0.34689754	-2.9008811	0.0030440837	0.0019147992	0
116.01367	-0.34968257	-4.769681	0.0030569732	0.0018677115	0
116.51367	-0.34834892	-5.073535	0.0030681491	0.0018170476	1
117.01367	-0.35060793	-2.5238392	0.0030656159	0.001963675	0
117.51367	-0.35348982	-1.7057288	0.0030704588	0.0019663572	0
118.01367	-0.35407543	0.12577808	0.0030539185	0.0017935038	0
118.51367	-0.35639405	-0.68384409	0.0030464679	0.0018391013	0
119.01367	-0.35630912	-3.5482278	0.0030682236	0.0019133091	0
119.51367	-0.35934299	-0.96959275	0.0030381978	0.0020506978	0
120.01367	-0.36130399	-0.74042404	0.0029993802	0.00184834	0
120.51367	-0.36240965	-3.2359731	0.0030317903	0.0018817186	0
121.01367	-0.36385208	-1.0177723	0.0030425191	0.0019714236	0
121.51367	-0.36484897	-0.94295245	0.0030149519	0.001937449	0
122.01367	-0.36658347	-1.9555243	0.0030063838	0.0019150972	0
122.51367	-0.36764443	-0.29416662	0.0030251592	0.0018307567	0
123.01367	-0.36758333	-0.68745929	0.0030263513	0.0019428134	0
123.51367	-0.37046671	-1.9407007	0.003034547	0.0018978119	0
124.01367	-0.37293732	-2.3195267	0.0030587614	0.0019866228	0
124.51367	-0.37457347	-2.1330152	0.0030623376	0.0018408895	0
125.01367	-0.37612468	-1.7203887	0.0030371547	0.0019395351	0
125.51367	-0.37606508	-3.2793093	0.003079325	0.001873076	0
126.01367	-0.37939548	-1.3830792	0.0030401349	0.0019600987	0
126.51367	-0.38056672	-0.31439549	0.0030332804	0.0018838048	0
127.01367	-0.38286448	-4.0366044	0.0030697882	0.0019407272	1
127.51367	-0.3829211	-2.7727454	0.0030622631	0.0019419193	0
128.01367	-0.3855288	-3.3333559	0.0030388683	0.0019273162	0
128.51367	-0.38548261	-3.3142915	0.0030664355	0.0020855665	0
129.01367	-0.38907677	-2.0601959	0.003067255	0.0018134713	0
129.51367	-0.3891781	-0.73953485	0.0031390041	0.001975894	0
130.01367	-0.39048791	1.0202936	0.0030153245	0.0019475818	0
130.51367	-0.3914535	0.83455431	0.0030705333	0.0019681454	0
131.01367	-0.39344281	-1.2909964	0.0030346215	0.0019228458	0
131.51367	-0.39511919	-1.7259519	0.0030998886	0.0019699335	0
132.01367	-0.39655715	-0.52632463	0.0031063706	0.0020879507	0
132.51367	-0.39935261	-1.2760208	0.0030581653	0.0020566583	0
133.01367	-0.39964169	-1.6991068	0.0030321628	0.0020331144	0
133.51367	-0.40102899	-1.6810775	0.0030499697	0.0019657612	0
134.01367	-0.40280968	-2.4473288	0.0030510873	0.0019860268	0
134.51367	-0.40508211	-1.7530836	0.0030620396	0.0019681454	0
135.01367	-0.40615648	-3.1247613	0.0030593574	0.0022020936	0
135.51367	-0.40674508	-0.57591397	0.0030174106	0.0021055341	0
136.01367	-0.4084602	0.064448029	0.0030655414	0.0020167232	0
136.51367	-0.41034222	-2.2472456	0.0030252337	0.0019675493	0
137.01367	-0.41212887	-1.2538497	0.0030536205	0.0020480156	0
137.51367	-0.41339546	-1.3473716	0.0030712783	0.0020673871	1
138.01367	-0.41424185	-1.6533842	0.0030630827	0.0021186471	0
138.51367	-0.41591674	-1.3071011	0.0030387938	0.0021985173	0
139.01367	-0.41785836	-4.9687462	0.0030543655	0.0022089481	0
139.51367	-0.42035133	-2.0486073	0.0030601025	0.0020107627	0
140.01367	-0.42187721	-3.5878959	0.0029875338	0.0022011995	0
140.51367	-0.42199641	-3.0938857	0.0030166656	0.0022771955	0
141.01367	-0.42400658	-1.9060811	0.0030724704	0.0022003055	0
141.51367	-0.42509437	-4.2134166	0.0029888004	0.0022488832	0
142.01367	-0.42774528	-0.93962383	0.0030438602	0.0022265315	0
142.51367	-0.42783022	-2.3983302	0.0030492246	0.0020283461	0
143.01367	-0.43047518	-2.7912133	0.0030595809	0.0021889806	0
143.51367	-0.43148845	-1.4926708	0.0030267984	0.0020805001	0
144.01367	-0.4318282	1.4968417	0.0030766428	0.0020641088	0
144.51367	-0.43370426	-3.9502425	0.0030709803	0.0022041798	0
145.01367	-0.43569356	-1.6410292	0.0030763447	0.0021934509	0
145.51367	-0.43746084	-2.157526	0.0030078739	0.0023004413	0
146.01367	-0.43974072	-2.7612855	0.0030491501	0.0023180246	0
146.51367	-0.43981671	-2.7395532	0.0030124933	0.0021755695	0
147.01367	-0.44114143	-3.6021752	0.0030292571	0.0021997094	0
147.51367	-0.44337362	-5.1634297	0.00307329	0.002232492	0
148.01367	-0.44483244	-4.3216395	0.0029884279	0.0020962954	1
148.51367	-0.4455626	-2.0825074	0.0030878186	0.0021156669	1
149.01367	-0.44864267	-2.9533777	0.0030394644	0.0022518635	0
149.51367	-0.44928193	-1.9643517	0.0030808151	0.0021854043	0
150.01367	-0.45062453	-3.2794788	0.0029799342	0.0023072958	0
150.51367	-0.45132637	-2.6912098	0.0030855834	0.0022780895	0
151.01367	-0.45439601	-2.3830972	0.0029824674	0.0022003055	0
151.51367	-0.45655519	-3.5160418	0.0030498952	0.0022155046	0
152.01367	-0.45575649	-3.4920337	0.003073886	0.0021207333	0
152.51367	-0.45815408	-2.4385715	0.0030697137	0.0021964312	0
153.01367	-0.45940578	-1.8542395	0.0030421466	0.0022742152	0
153.51367	-0.46173036	-1.1489966	0.003080219	0.0022706389	0
154.01367	-0.46268255	-2.569638	0.0030404329	0.0022262335	0
154.51367	-0.46343356	-1.1321782	0.0029995292	0.0023010373	0
155.01367	-0.46525747	-2.6353962	0.0030361861	0.0022566319	0
155.51367	-0.46779215	-2.3715963	0.002983287	0.0022792816	0
156.01367	-0.46902597	-0.50303042	0.0030238926	0.0022035837	0
156.51367	-0.46929121	-0.39969829	0.0030813366	0.0023922324	0
157.01367	-0.47207773	-1.2415767	0.0030021369	0.0023335218	0
157.51367	-0.47153682	-2.4377525	0.0030036271	0.0022220612	0
158.01367	-0.47397763	-1.3002861	0.0029611588	0.0022318959	0
158.51367	-0.4753232	-4.299983	0.0030257553	0.0022408366	0
159.01367	-0.47777891	-2.7203715	0.0030066073	0.0023388863	1
159.51367	-0.47840029	-3.8415287	0.003015399	0.0024005771	0
160.01367	-0.48008859	-2.704103	0.0030275434	0.0022655725	0
160.51367	-0.48204809	-3.8443952	0.0030228496	0.0023069978	0
161.01367	-0.48275143	-3.9865527	0.0030038506	0.0021314621	0
161.51367	-0.48666	-3.0166733	0.0030329823	0.0023514032	0
162.01367	-0.48558116	-3.3358483	0.003009662	0.0024288893	0
162.51367	-0.48879981	-1.9492005	0.0030305237	0.0022977591	0
163.01367	-0.49084425	-3.3621783	0.0030231476	0.0023266673	0
163.51367	-0.49068034	-3.7281463	0.0029921532	0.002129972	0
164.01367	-0.49135536	-5.1082659	0.0030624866	0.0024399161	0
164.51367	-0.49437135	-2.8092134	0.002944842	0.0023573637	0
165.01367	-0.49624443	-2.6691325	0.003003329	0.002399981	0
165.51367	-0.49638897	-3.1943808	0.0030588359	0.0024199486	0
166.01367	-0.49832463	-0.71394169	0.0030157715	0.0021913648	0
166.51367	-0.49948692	-3.4187818	0.0030335784	0.0024032593	0
167.01367	-0.50100684	-3.2393663	0.0029823184	0.0023287535	0
167.51367	-0.50288439	-3.924082	0.0030570477	0.0024345517	0
168.01367	-0.50463825	-2.8431075	0.0030206889	0.0022938848	0
168.51367	-0.50648302	-4.2481065	0.00306122	0.002168417	0
169.01367	-0.50802976	-1.3974875	0.0029665232	0.002413094	0
169.51367	-0.50871223	-3.5933361	0.0029552728	0.0023061037	1
170.01367	-0.50970912	-1.3476524	0.0030329823	0.0023764372	0
170.51367	-0.51370263	-3.7718508	0.0029131025	0.0025722384	0
171.01367	-0.5128175	-4.168478	0.0030273944	0.0023522973	0
171.51367	-0.51506609	-3.1695948	0.002913326	0.0024271011	0
172.01367	-0.51624328	-1.6889455	0.0030233711	0.0022268295	0
172.51367	-0.51856786	-2.3141096	0.002958551	0.0023633242	0
173.01367	-0.51795691	-1.1931982	0.0030272454	0.0024470687	0
173.51367	-0.52166134	-4.2441344	0.0029503554	0.0024652481	0
174.01367	-0.52174479	-5.2376294	0.0030206889	0.0024557114	0
174.51367	-0.52391887	-5.1142497	0.002977103	0.0023603439	0
175.01367	-0.52472502	-3.9440711	0.0030466914	0.0023931265	0
175.51367	-0.52720755	-1.9737524	0.0029875338	0.0025060773	0
176.01367	-0.52810907	-4.4014082	0.0029814243	0.0023058057	0
176.51367	-0.52943975	-4.8952541	0.0030008703	0.0025421381	0
177.01367	-0.53030849	-3.062361	0.0030039996	0.0023239851	0
177.51367	-0.53268969	-4.7020154	0.0029545277	0.0023040175	0
178.01367	-0.53557158	-2.1852078	0.0029939413	0.0023663044	0
178.51367	-0.53623617	-3.252306	0.0029660016	0.0022348762	0
179.01367	-0.53661019	-1.5433656	0.0029667467	0.0024992228	0
179.51367	-0.53844601	-3.1575265	0.0029691309	0.0024148822	0
180.01367	-0.5411759	-3.0369313	0.0029973686	0.0023216009	1
180.51367	-0.54181516	-3.7613444	0.0029549748	0.0023964047	0
181.01367	-0.54403245	-3.7081983	0.0029400736	0.0023829937	0
181.51367	-0.5453676	-3.3748901	0.0029712915	0.0023192167	0
182.01367	-0.54624826	-2.9882722	0.0029999018	0.0024521351	0
182.51367	-0.54837912	-2.5899253	0.0029826164	0.0024369359	0
183.01367	-0.54892153	-2.7089643	0.0029595941	0.0025501847	0
183.51367	-0.54952353	-2.2838833	0.0029557943	0.0025320053	0
184.01367	-0.55096298	-4.0121927	0.0029960275	0.0023913383	0
184.51367	-0.55531561	-2.5576575	0.0029346347	0.002476275	0
185.01367	-0.55648088	-2.7202837	0.0029358268	0.0023001432	0
185.51367	-0.55802763	-2.047648	0.0029605627	0.0024437904	0
186.01367	-0.55952072	-4.1219659	0.0030051172	0.0026139617	0
186.51367	-0.55960268	-3.0404062	0.0029825419	0.0024661422	0
187.01367	-0.56172907	-4.5142579	0.0029107183	0.0026884675	0
187.51367	-0.56221187	-3.0464315	0.0029806793	0.0023987889	0
188.01367	-0.56457072	-3.1117103	0.0029309094	0.0024354458	0
188.51367	-0.56553632	-4.2771626	0.0029549748	0.0024986267	0
189.01367	-0.56767464	-4.5451922	0.0029085577	0.0025087595	0
189.51367	-0.56962669	-2.8761244	0.0029300153	0.0025472045	0
190.01367	-0.57121217	-3.6445048	0.0029234588	0.0025364757	0
190.51367	-0.57199746	-0.44451419	0.0029004365	0.0023466349	1
191.01367	-0.5745858	-1.7323867	0.0029436499	0.0024533272	0
191.51367	-0.57508945	-4.8450856	0.0029811263	0.0023776293	0
192.01367	-0.57565868	-1.8373626	0.0029321015	0.002399683	0
192.51367	-0.57736486	-4.130167	0.0029653311	0.002605617	0
193.01367	-0.57917386	-4.1104469	0.0029225647	0.0024408102	0
193.51367	-0.58117807	-5.8120928	0.0029168278	0.0025102496	0
194.01367	-0.58196485	-5.2430758	0.0029716641	0.0024569035	0
194.51367	-0.58429092	-4.7764082	0.0029484183	0.0024411082	0
195.01367	-0.58645159	-5.6592417	0.002989769	0.0023955107	0
195.51367	-0.5858928	-4.2311244	0.0029534101	0.0024965405	0
196.01367	-0.58801323	-4.2434149	0.0029498339	0.0023424625	0
196.51367	-0.58789849	-2.2189088	0.0029995292	0.0024986267	0
197.01367	-0.59027523	-1.361774	0.0029601902	0.0024971366	0
197.51367	-0.59251338	-3.6078732	0.002906397	0.0024014711	0
198.01367	-0.59485137	-2.7240803	0.0029469281	0.002566576	0
198.51367	-0.59563369	-6.5240107	0.0029426068	0.002502203	0
199.01367	-0.59878826	-4.4495583	0.0029357523	0.0024390221	0
199.51367	-0.6002754	-1.4436547	0.0029572845	0.0024542212	0
200.01367	-0.59999973	-1.0284073	0.0029307604	0.0023660064	0
200.51367	-0.60199052	-2.906532	0.0029332936	0.0024363399	0
201.01367	-0.60223639	-4.7156396	0.0029020756	0.0025832653	1
201.51367	-0.60496032	-2.2203071	0.0029720366	0.0024420023	1
202.01367	-0.60619563	-2.5292912	0.0029211491	0.0024169683	0
202.51367	-0.60962439	-2.0798633	0.00296399	0.0025016069	0
203.01367	-0.60847849	-0.76601142	0.0029305369	0.0022614002	0
203.51367	-0.61167777	-1.6059651	0.0029625744	0.0023901463	0
204.01367	-0.61270893	-1.4038287	0.0029614568	0.002387166	0
204.51367	-0.61434805	-1.9823166	0.0028998405	0.0023716688	0
205.01367	-0.61551034	-3.1660848	0.0029042363	0.0024428964	0
205.51367	-0.61676204	-0.29579288	0.0029104203	0.0024777651	0
206.01367	-0.61985254	0.71432191	0.002951771	0.00230968	0
206.51367	-0.61953217	-1.8089675	0.002951175	0.0023910403	0
207.01367	-0.62060505	-3.5728498	0.002913624	0.0022470951	0
207.51367	-0.62184781	-5.5873294	0.0028952211	0.0022938848	0
208.01367	-0.62461495	-1.3676121	0.0029081851	0.0023320317	0
208.51367	-0.62609911	-2.5020835	0.0029056519	0.0023072958	0
209.01367	-0.62761605	-0.93852407	0.0028717518	0.0024339557	0
209.51367	-0.62927455	-3.637491	0.0029082596	0.0024878979	0
210.01367	-0.63020438	-3.4801879	0.0028572232	0.0022634864	0
210.51367	-0.63217729	-2.3943408	0.0028917193	0.0024425983	0
211.01367	-0.63465685	-4.8409967	0.0028627366	0.0023460388	0
211.51367	-0.63603967	-4.011508	0.0028565526	0.0022861362	0
212.01367	-0.6364584	-4.3637991	0.0029315799	0.0024724007	1
212.51367	-0.63851625	-4.6520982	0.0028567761	0.0023597479	0
213.01367	-0.63870102	-4.1114182	0.0028913468	0.002387166	0
213.51367	-0.64146817	-3.989501	0.0029170513	0.0023406744	0
214.01367	-0.64162016	-3.1640315	0.0028977543	0.0022515655	0
214.51367	-0.64347535	-5.0466666	0.0029192865	0.0024247169	0
215.01367	-0.64708889	-4.1571755	0.0028926879	0.0023907423	0
215.51367	-0.64733326	-3.6688755	0.0028865784	0.0024333596	0
216.01367	-0.6475389	-3.8990445	0.0029332191	0.0023823977	0
216.51367	-0.65098703	-3.9990773	0.0028792024	0.0022941828	0
217.01367	-0.65096915	-3.6286576	0.0028926134	0.0024339557	0
217.51367	-0.65397173	-4.7693534	0.0028608739	0.0024798512	0
218.01367	-0.6553784	-5.4291077	0.0029123574	0.0024104118	0
218.51367	-0.65651834	-3.0053537	0.0029284507	0.0026106834	0
219.01367	-0.65710694	-5.1067328	0.0028192997	0.002348423	0
219.51367	-0.65943897	-6.5021143	0.0028903037	0.0024917722	0
220.01367	-0.66145062	-4.3517604	0.0028816611	0.002425611	0
220.51367	-0.66282451	-5.5931263	0.0028904527	0.0024920702	0
221.01367	-0.66373199	-5.1109562	0.0029348582	0.002502203	0
221.51367	-0.66459328	-4.3449802	0.0029112399	0.0023218989	0
222.01367	-0.66631138	-4.8594823	0.0028938055	0.0024902821	0
222.51367	-0.66748261	-5.9719934	0.0028704852	0.0025203824	1
223.01367	-0.66967458	-2.7591329	0.0029043853	0.0023791194	0
223.51367	-0.67105889	-5.0272679	0.002900511	0.0024160743	0
224.01367	-0.67321211	-7.6107645	0.0029239058	0.0023856759	0
224.51367	-0.67468286	-5.5183592	0.0028687716	0.002554059	0
225.01367	-0.67510158	-5.4813704	0.0029148161	0.0023970008	0
225.51367	-0.67650676	-6.8382831	0.0028388202	0.0025370717	0
226.01367	-0.67865849	-6.0040913	0.0028863549	0.0024321675	0
226.51367	-0.68047047	-5.2000909	0.0029181689	0.0023907423	0
227.01367	-0.682199	-5.0824738	0.0028683245	0.0024420023	0
227.51367	-0.68288445	-7.1523805	0.0029143691	0.0024160743	0
228.01367	-0.68481565	-5.2387996	0.002881512	0.0024911761	0
228.51367	-0.68619698	-4.9894137	0.0028456002	0.0025832653	0
229.01367	-0.68775713	-3.5296779	0.0028148293	0.0024059415	0
229.51367	-0.6879434	-5.7874765	0.0028568506	0.0025728345	0
230.01367	-0.69157481	-4.5032248	0.0029081106	0.0025343895	0
230.51367	-0.69152713	-6.357903	0.0028425455	0.0025475025	0
231.01367	-0.69380701	-5.6125011	0.0028420985	0.002655983	0
231.51367	-0.69524795	-7.2512546	0.0028324127	0.0023892522	0
232.01367	-0.69590658	-3.2962737	0.0028607249	0.0025627017	0
232.51367	-0.6974116	-5.6255226	0.0028105825	0.0025674701	0
233.01367	-0.69881827	-5.2180266	0.0028261542	0.0026407838	1
233.51367	-0.70047379	-4.8236346	0.0029037148	0.0025421381	0
234.01367	-0.70260912	-6.260427	0.0027991086	0.0025063753	0
234.51367	-0.70487708	-5.4543028	0.0028823316	0.0026354194	0
235.01367	-0.70501268	-4.6740999	0.0027935952	0.0025373697	0
235.51367	-0.70671588	-6.9898005	0.0028432161	0.0025939941	0
236.01367	-0.70741624	-5.4156704	0.0028635561	0.0026383996	0
236.51367	-0.71030259	-5.6080027	0.0028809905	0.0025609136	0
237.01367	-0.71077645	-6.6173921	0.0027924031	0.0026243925	0
237.51367	-0.71266741	-5.5847082	0.0028516352	0.0024315715	0
238.01367	-0.71458071	-4.0124092	0.0028458983	0.002592206	0
238.51367	-0.71580261	-4.6208835	0.0028438121	0.0026491284	0
239.01367	-0.71871579	-7.4107456	0.0028243661	0.0025808811	0
239.51367	-0.7188037	-9.4467115	0.0028587133	0.0026747584	0
240.01367	-0.72115362	-8.2809076	0.0027707219	0.0025254488	0
240.51367	-0.72235018	-7.4637747	0.0029242784	0.0025904179	0
241.01367	-0.72421283	-3.5012648	0.0028576702	0.0026422739	0
241.51367	-0.7247299	-7.7625508	0.0028659403	0.0025826693	0
242.01367	-0.72589666	-7.5615025	0.0028691441	0.0027438998	0
242.51367	-0.72761029	-8.8305569	0.0028058141	0.0026017427	0
243.01367	-0.72880238	-8.7026663	0.0028496981	0.0025677681	0
243.51367	-0.73081553	-6.639873	0.0028583407	0.0026127696	1
244.01367	-0.73280632	-6.6183281	0.0028157234	0.002605319	1
244.51367	-0.73529631	-6.6678181	0.0028494	0.0026485324	0
245.01367	-0.73493868	-9.2336473	0.0028334558	0.0026616454	0
245.51367	-0.73684007	-10.079159	0.0028374046	0.002618432	0
246.01367	-0.73800385	-7.6496601	0.0028309971	0.0026223063	0
246.51367	-0.74032694	-5.7575545	0.0028310716	0.002502203	0
247.01367	-0.74106753	-6.1063766	0.0027748942	0.0027614832	0
247.51367	-0.7424742	-5.873961	0.0027991086	0.0026768446	0
248.01367	-0.74499846	-7.7857633	0.0028178096	0.0026413798	0
248.51367	-0.74613988	-7.2423921	0.0028571486	0.0026604533	0
249.01367	-0.7475242	-7.5833402	0.0028833002	0.002528131	0
249.51367	-0.7488817	-7.1218615	0.0027927756	0.0026607513	0
250.01367	-0.75036585	-7.5503354	0.0028337538	0.0026783347	0
250.51367	-0.75187981	-10.424727	0.0028833002	0.0025629997	0
251.01367	-0.75378269	-8.5437078	0.0028294325	0.0026828051	0
251.51367	-0.75482279	-6.7834349	0.0028680265	0.0024670362	0
252.01367	-0.75710267	-10.671107	0.0028608739	0.0026026368	0
252.51367	-0.75753778	-8.3381195	0.0028260052	0.0026604533	0
253.01367	-0.75957924	-7.30653	0.0028703362	0.0025063753	0
253.51367	-0.76075643	-4.8996649	0.0028533489	0.0027361512	0
254.01367	-0.7618621	-9.3752327	0.0028535724	0.0025472045	0
254.51367	-0.76368153	-7.4195733	0.0028279424	0.0025492907	1
255.01367	-0.76495111	-8.6220198	0.0028888136	0.0026836991	0
255.51367	-0.76704174	-7.2008057	0.0028431416	0.0025448203	0
256.01367	-0.76856166	-7.671989	0.0028575212	0.0026792288	0
256.51367	-0.76963007	-4.4701438	0.0028004497	0.0025361776	0
257.01367	-0.77089965	-9.0778999	0.00282377	0.0025877357	0
257.51367	-0.77355355	-7.0876045	0.0028184801	0.0026512146	0
258.01367	-0.77386498	-8.2113943	0.0028778613	0.0026008487	0
258.51367	-0.7754907	-8.3200493	0.0028584152	0.0026032329	0
259.01367	-0.77662617	-8.3506031	0.0028357655	0.0026509166	0
259.51367	-0.7774353	-10.198473	0.0028357655	0.0025966763	0
260.01367	-0.78146756	-8.0075321	0.0028902292	0.0028046966	0
260.51367	-0.78271925	-8.0608473	0.0029081106	0.0026154518	0
261.01367	-0.78277886	-10.323484	0.0028654188	0.0026142597	0
261.51367	-0.78488439	-7.9663844	0.0028915703	0.0025051832	0
262.01367	-0.78641921	-8.8886337	0.002862066	0.002425909	0
262.51367	-0.78778863	-8.5091057	0.0028129667	0.0025978684	0
263.01367	-0.79041421	-6.759614	0.0028441101	0.0025990605	0
263.51367	-0.79170018	-9.6298351	0.002842769	0.0027292967	0
264.01367	-0.79130828	-6.5192018	0.0027874112	0.0025883317	0
264.51367	-0.79332888	-8.0335169	0.0028067082	0.0025704503	0
265.01367	-0.79582781	-9.0233154	0.0028042495	0.0026410818	1
265.51367	-0.79693943	-8.4308109	0.0027917325	0.0025340915	0
266.01367	-0.79745203	-10.874279	0.002861768	0.0026753545	0
266.51367	-0.8002013	-7.959528	0.0028317422	0.0025680661	0
267.01367	-0.80130994	-11.239744	0.0028538704	0.0025594234	0
267.51367	-0.80201924	-9.4511747	0.0029046834	0.0025492907	0
268.01367	-0.80368072	-11.633124	0.0028879195	0.0024107099	0
268.51367	-0.80541074	-14.485042	0.0028888136	0.0026604533	0
269.01367	-0.80583543	-12.204866	0.0029109418	0.0024488568	0
269.51367	-0.80930144	-10.204264	0.0029113889	0.0025939941	0
270.01367	-0.81176013	-11.264354	0.0029043853	0.0024905801	0
270.51367	-0.81238449	-9.9594879	0.0028783083	0.0026801229	0
271.01367	-0.81380457	-10.351364	0.0028915703	0.0025478005	0
271.51367	-0.81299096	-8.275486	0.0028396398	0.0024372339	0
272.01367	-0.81644356	-10.577211	0.0029874593	0.0025588274	0
272.51367	-0.81876665	-13.402482	0.0028546154	0.0024190545	0
273.01367	-0.82032531	-8.060854	0.0028853118	0.0026786327	0
273.51367	-0.82116127	-11.008446	0.0029108673	0.0024604797	0
274.01367	-0.82214177	-9.7568541	0.0028874725	0.0026115775	0
274.51367	-0.82433671	-13.325931	0.002899915	0.0025111437	0
275.01367	-0.82460791	-12.557837	0.0028653443	0.002515614	0
275.51367	-0.82655847	-11.750391	0.0029315799	0.0026485324	1
276.01367	-0.8281216	-11.606601	0.0028809905	0.0025054812	0
276.51367	-0.82972497	-10.973212	0.002944991	0.002476573	0
277.01367	-0.83282292	-13.905149	0.0029014796	0.0025653839	0
277.51367	-0.83372742	-12.516203	0.0029361993	0.0025886297	0
278.01367	-0.83370209	-14.990552	0.0029198825	0.0026208162	0
278.51367	-0.83651096	-14.064781	0.0029283017	0.0025874376	0
279.01367	-0.83740801	-15.855174	0.0028835237	0.0025060773	0
279.51367	-0.83850771	-15.08477	0.0029170513	0.0027987361	0
280.01367	-0.84027499	-16.160942	0.0028540194	0.0024741888	0
280.51367	-0.84070414	-14.550543	0.0028401613	0.0026744604	0
281.01367	-0.84260553	-16.576529	0.0028844178	0.0025698543	0
281.51367	-0.84448606	-16.42473	0.0028982013	0.002784133	0
282.01367	-0.84708333	-15.79749	0.0029459596	0.0025931001	0
282.51367	-0.84836334	-15.688162	0.0029257685	0.0025773048	0
283.01367	-0.84895194	-16.096254	0.0028318912	0.002694428	0
283.51367	-0.85250586	-17.175228	0.0029085577	0.0026684999	0
284.01367	-0.8513093	-17.088768	0.0028958917	0.0027099252	0
284.51367	-0.85346848	-18.707478	0.0028886646	0.0024569035	0
285.01367	-0.85571557	-17.172712	0.0028751045	0.0027912855	0
285.51367	-0.85707009	-19.293953	0.0028867275	0.0026932359	0
286.01367	-0.85801631	-17.673239	0.0029013306	0.0028297305	1
286.51367	-0.85901618	-19.260151	0.0028888136	0.0025761127	0
287.01367	-0.86111277	-17.119543	0.0028696656	0.0026810169	0
287.51367	-0.86259246	-16.628481	0.0029016286	0.0025719404	0
288.01367	-0.86407959	-19.029039	0.0028731674	0.0026926398	0
288.51367	-0.8654967	-18.676773	0.0028406829	0.0028038025	0
289.01367	-0.86752176	-17.041492	0.0028697401	0.0025579333	0
289.51367	-0.86827129	-17.851011	0.0028586388	0.0026866794	0
290.01367	-0.87195933	-19.991514	0.0028536469	0.0025898218	0
290.51367	-0.87235719	-16.465515	0.0028919429	0.0027364492	0
291.01367	-0.87203979	-18.558184	0.0028540194	0.002771318	0
291.51367	-0.87555796	-16.13529	0.0028830022	0.0026449561	0
292.01367	-0.87682009	-16.582373	0.0028903037	0.0027120113	0
292.51367	-0.87799877	-18.580929	0.002854839	0.0025364757	0
293.01367	-0.88035017	-18.031578	0.0028005242	0.0027158856	0
293.51367	-0.88066459	-16.661989	0.0028917193	0.0026354194	0
294.01367	-0.88343173	-17.584209	0.0028657913	0.0026285648	0
294.51367	-0.88397264	-19.29504	0.0028284639	0.0025838614	0
295.01367	-0.88536292	-19.91168	0.0027911365	0.0026878715	0
295.51367	-0.88634491	-16.592474	0.0028235465	0.0026708841	0
296.01367	-0.88858008	-17.993425	0.0028127432	0.0026679039	0
296.51367	-0.89058429	-20.321417	0.002804026	0.0027883053	1
297.01367	-0.89174062	-21.78475	0.0028087199	0.0026124716	1
297.51367	-0.89235604	-24.064632	0.0028149784	0.002682209	0
298.01367	-0.89487731	-25.856495	0.0028524548	0.0027242303	0
298.51367	-0.8957386	-27.711296	0.0028114766	0.0027421117	0
299.01367	-0.89743733	-29.730867	0.0028470904	0.0026220083	0
299.51367	-0.89882016	-32.193272	0.0027963519	0.0027319789	0
300.01367	-0.90105683	-33.31744	0.0028273463	0.0026202202	0
300.51367	-0.90162754	-33.584274	0.0028092414	0.0026354194	0
301.01367	-0.90476573	-32.946934	0.0028450042	0.0026229024	0
301.51367	-0.9055987	-38.662971	0.0027921051	0.0025457144	0
302.01367	-0.90704262	-42.313278	0.0028164685	0.0026270747	0
302.51367	-0.90710819	-42.340008	0.0028150529	0.0027137995	0
303.01367	-0.90803504	-40.361568	0.0027919561	0.0025767088	0
303.51367	-0.91151297	-45.801434	0.0028564036	0.0026708841	0
304.01367	-0.91250837	-42.646679	0.0028119236	0.0027057528	0
304.51367	-0.91371387	-46.764889	0.002809912	0.0026041269	0
305.01367	-0.91588646	-47.092609	0.0028770417	0.0027641654	0
305.51367	-0.917238	-44.855484	0.0028021634	0.0026062131	0
306.01367	-0.91737509	-47.359276	0.0027900934	0.002669394	0
306.51367	-0.91937929	-49.444393	0.00284262	0.0026917458	0
307.01367	-0.92205852	-47.405117	0.0027862936	0.0025871396	0
307.51367	-0.92354864	-48.964058	0.0027569383	0.002566874	1
308.01367	-0.92558265	-51.239555	0.0028053671	0.0025269389	0
308.51367	-0.9261176	-49.568771	0.0027459115	0.0025439262	0
309.01367	-0.92647076	-52.108955	0.0028216094	0.0026211143	0
309.51367	-0.92948079	-50.417965	0.0028149784	0.0025171041	0
310.01367	-0.93091428	-51.68515	0.0028506666	0.0025847554	0
310.51367	-0.93254149	-52.432705	0.0028152019	0.0025638938	0
311.01367	-0.93361139	-51.521683	0.002809912	0.0026997924	0
311.51367	-0.93538612	-53.225838	0.0028568506	0.0025847554	0
312.01367	-0.93581527	-54.651806	0.0028199703	0.0026202202	0
312.51367	-0.93878508	-52.360203	0.0028225034	0.0026264787	0
313.01367	-0.93928128	-53.346382	0.0028090179	0.0026121736	0
313.51367	-0.94085336	-53.824028	0.0028064847	0.0024500489	0
314.01367	-0.94357282	-55.347488	0.0028233975	0.0025206804	0
314.51367	-0.94542354	-54.869144	0.002809912	0.0024968386	0
315.01367	-0.94596744	-57.159458	0.0027655065	0.0025624037	0
315.51367	-0.9463951	-55.793766	0.0028190762	0.0025224686	0
316.01367	-0.94866902	-55.902718	0.0028528273	0.0025650859	0
316.51367	-0.95042139	-56.277485	0.0028340518	0.0025731325	0
317.01367	-0.9506315	-56.008934	0.0028453767	0.0026264787	0
317.51367	-0.95227361	-56.81752	0.0028742105	0.0026276708	0
318.01367	-0.9552151	-58.590565	0.0028159469	0.0026705861	1
318.51367	-0.9560585	-59.375328	0.002880767	0.0025901198	0
319.01367	-0.95843524	-59.697422	0.0028126687	0.0026765466	0
319.51367	-0.95901489	-57.242695	0.0027535111	0.0025904179	0
320.01367	-0.96025616	-57.269836	0.0028208643	0.0025108457	0
320.51367	-0.96227229	-61.217121	0.0028374791	0.0026202202	0
321.01367	-0.96333325	-61.156738	0.0028336048	0.0025606155	0
321.51367	-0.96584111	-60.228035	0.0027748197	0.0025746226	0
322.01367	-0.96657872	-60.718655	0.0027871132	0.0026398897	0
322.51367	-0.96808374	-64.438896	0.0028274953	0.0026547909	0
323.01367	-0.96930861	-63.772499	0.0027293712	0.0025904179	0
323.51367	-0.97052902	-65.680122	0.0028273463	0.0026497245	0
324.01367	-0.97232461	-66.219917	0.0027867407	0.0025334954	0
324.51367	-0.97449869	-68.214951	0.0028330088	0.0025823712	0
325.01367	-0.97494274	-71.594505	0.0028204918	0.0024715066	0
325.51367	-0.97707212	-73.077225	0.0028585643	0.0026956201	0
326.01367	-0.97985119	-75.904175	0.002868101	0.0025349855	0
326.51367	-0.98007023	-77.105209	0.0027926266	0.0023892522	0
327.01367	-0.98128021	-78.885422	0.0028466433	0.0025007129	0
327.51367	-0.98350793	-81.108849	0.0028015673	0.0024178624	0
328.01367	-0.98451674	-84.090775	0.0028429925	0.0025084615	0
328.51367	-0.98531693	-91.229561	0.0027538091	0.0023448467	1
329.01367	-0.98734349	-93.660484	0.0028327852	0.0024971366	0
329.51367	-0.98899901	-95.14859	0.0028245896	0.0024074316	0
330.01367	-0.99017024	-94.431732	0.002803579	0.0024554133	0
330.51367	-0.99246055	-99.467117	0.0028134882	0.0024110079	0
331.01367	-0.99496841	-100.99097	0.002823621	0.0023823977	0
331.51367	-0.99476874	-101.8759	0.0027928501	0.0023707747	0
332.01367	-0.99714696	-103.96577	0.0027942657	0.0023314357	0
332.51367	-0.99710673	-108.11215	0.0028052926	0.0022682548	0
333.01367	-0.99976063	-108.68189	0.0027769804	0.0022503734	0
333.51367	-1.0009587	-110.87366	0.0027706474	0.0022813678	0
334.01367	-1.0019302	-113.34425	0.0027636439	0.0022181869	0
334.51367	-1.0039628	-116.10287	0.0028624386	0.0022789836	0
335.01367	-1.0044247	-118.74093	0.0027631968	0.0022941828	0
335.51367	-1.0064855	-119.92678	0.0027728081	0.0022053719	0
336.01367	-1.0080457	-118.8577	0.0027356297	0.0022134185	0
336.51367	-1.0104418	-124.5006	0.0027607381	0.0023603439	0
337.01367	-1.0112435	-126.99664	0.0027579069	0.0021824241	0
337.51367	-1.0120928	-127.99513	0.0027505308	0.0022545457	0
338.01367	-1.0134906	-122.07693	0.0027640164	0.0022521615	0
338.51367	-1.0161624	-123.5378	0.0027120858	0.0021538138	0
339.01367	-1.0173008	-127.66206	0.0027875602	0.0022065639	1
339.51367	-1.0186865	-128.19669	0.0027514249	0.0021219254	0
340.01367	-1.0204091	-129.88354	0.0027515739	0.0021272898	0
340.51367	-1.0220304	-136.5928	0.0027183443	0.0022503734	0
341.01367	-1.0239079	-140.07474	0.0027897209	0.0020956993	0
341.51367	-1.0250256	-142.35333	0.0027191639	0.0021055341	0
342.01367	-1.026237	-146.29474	0.0027379394	0.0020891428	0
342.51367	-1.0282145	-148.36063	0.0026801974	0.0019925833	0
343.01367	-1.0282233	-150.06908	0.0027044863	0.0020977855	0
343.51367	-1.0316193	-151.43352	0.0026778877	0.0020959973	0
344.01367	-1.0321438	-155.87515	0.0026705861	0.0019440055	0
344.51367	-1.0334998	-156.35475	0.0026986748	0.0020733476	0
345.01367	-1.0354936	-157.80528	0.0026509166	0.0020167232	0
345.51367	-1.0372653	-163.5049	0.0026895106	0.0019198656	0
346.01367	-1.0381117	-165.16072	0.002636984	0.0019389391	0
346.51367	-1.0406122	-168.76443	0.002649799	0.0019270182	0
347.01367	-1.040858	-172.35309	0.0026871264	0.0018247962	0
347.51367	-1.0421664	-178.98019	0.002669543	0.0019720197	0
348.01367	-1.0443985	-179.08905	0.0026613474	0.0019088387	0
348.51367	-1.0453433	-184.30275	0.0026555359	0.0019213557	0
349.01367	-1.0474787	-185.21158	0.0026985258	0.0019496679	0
349.51367	-1.0485902	-190.76659	0.0026752055	0.0018647313	1
350.01367	-1.0504037	-195.41844	0.0026590377	0.0017115474	1
350.51367	-1.0519431	-197.54022	0.0026337802	0.0018337369	0
351.01367	-1.0529429	-203.04742	0.0026486069	0.0017282367	0
351.51367	-1.0554224	-206.8074	0.0026734173	0.0017669797	0
352.01367	-1.0567651	-210.50139	0.0026361644	0.0016972423	0
352.51367	-1.0590762	-215.57845	0.002611652	0.0016802549	0
353.01367	-1.0590643	-218.46857	0.002643317	0.0017514825	0
353.51367	-1.0607138	-222.71606	0.0026167184	0.0016120076	0
354.01367	-1.0617688	-228.02931	0.0026230514	0.0016516447	0
354.51367	-1.0638922	-230.547	0.0026334822	0.0015738606	0
355.01367	-1.0654972	-235.67284	0.0026079267	0.0015610456	0
355.51367	-1.0661199	-239.25713	0.0026360899	0.0016152859	0
356.01367	-1.0681063	-244.69159	0.0025592744	0.0015085936	0
356.51367	-1.0695264	-250.57823	0.0026188046	0.0014194846	0
357.01367	-1.0713592	-253.71539	0.0025720894	0.0014573336	0
357.51367	-1.0721743	-258.87613	0.002649799	0.0013062358	0
358.01367	-1.0735736	-262.83261	0.0025790185	0.0014019012	0
358.51367	-1.074995	-268.6001	0.0025807321	0.0013789535	0
359.01367	-1.0772318	-274.66238	0.0025457144	0.0013241172	0
359.51367	-1.0789275	-278.39731	0.0025784224	0.0012886524	0
360.01367	-1.079546	-283.82007	0.0026040524	0.0012806058	0
360.51367	-1.0816588	-288.53378	0.0025906414	0.001103878	1
361.01367	-1.0841057	-291.30496	0.0025752932	0.0011986494	0
361.51367	-1.0843351	-297.61176	0.00254713	0.0011250377	0
362.01367	-1.0860429	-304.95273	0.0025735795	0.00095069408	0
362.51367	-1.0883555	-309.12717	0.0024965405	0.0010877848	0
363.01367	-1.0906816	-318.5358	0.0024992228	0.00098198652	0
363.51367	-1.092495	-317.69547	0.0025898963	0.0010049343	0
364.01367	-1.0916144	-321.6713	0.0025405735	0.0010237098	0
364.51367	-1.0935948	-327.4184	0.0025251508	0.00097185373	0
365.01367	-1.0957658	-331.72446	0.0024962425	0.00073760748	0
365.51367	-1.0959715	-336.46909	0.0025864691	0.00093728304	0
366.01367	-1.0983453	-345.46829	0.0024791807	0.00073313713	0
366.51367	-1.0999486	-350.34012	0.0025181472	0.00077217817	0
367.01367	-1.100567	-356.17557	0.0025136024	0.00091403723	0
367.51367	-1.1025935	-360.5253	0.0024870038	0.00081658363	0
368.01367	-1.1042371	-368.66138	0.0024919957	0.00073462725	0
368.51367	-1.1063411	-371.17978	0.0025191158	0.00077188015	0
369.01367	-1.1074529	-374.8381	0.0024320185	0.00050961971	0
369.51367	-1.1084809	-385.46042	0.002508983	0.00062406063	0
370.01367	-1.1101589	-390.3764	0.0024847686	0.00060260296	0
370.51367	-1.111789	-395.63168	0.002425313	0.00040650368	0
371.01367	-1.1130989	-403.9538	0.0024808198	0.00057965517	1
371.51367	-1.1153028	-409.59927	0.002424866	0.00052928925	0
372.01367	-1.1183441	-419.72211	0.002386421	0.00033736229	0
372.51367	-1.1172876	-422.41559	0.0024729967	0.00045061111	0
373.01367	-1.1198014	-431.15628	0.0024449825	0.00023901463	0
373.51367	-1.1212542	-437.98666	0.0024260581	0.00025361776	0
374.01367	-1.1222973	-446.4241	0.0024373829	0.00024110079	0
374.51367	-1.1238158	-451.80209	0.0023988634	0.00016212463	0
375.01367	-1.1267006	-457.52628	0.0023917854	0.00021755695	0
375.51367	-1.127167	-464.66071	0.0024069846	0.00018119812	0
376.01367	-1.1304766	-470.49484	0.0024133176	2.7120113e-05	0
376.51367	-1.1300907	-479.82736	0.002368018	0.00010281801	0
377.01367	-1.1314511	-481.95966	0.0024206191	-7.4505806e-06	0
377.51367	-1.1318475	-488.9213	0.0023714453	6.4969063e-05	0
378.01367	-1.1351615	-498.89557	0.0023518503	3.4570694e-05	0
378.51367	-1.135932	-508.44366	0.0023500621	-0.00011056662	0
379.01367	-1.1376292	-515.40759	0.0022604316	-8.9108944e-05	0
379.51367	-1.1385113	-521.29675	0.0022791326	-0.00022441149	0
380.01367	-1.1395246	-526.7196	0.0022527575	-0.00020623207	0
380.51367	-1.1416242	-534.85522	0.0022441149	-0.00017493963	0
381.01367	-1.143226	-539.86096	0.0021865219	-0.00032126904	0
381.51367	-1.146023	-546.90961	0.0021247566	-0.00037819147	1
382.01367	-1.1451066	-551.62128	0.0020599365	-0.00051289797	0
382.51367	-1.1488333	-566.69244	0.0020371377	-0.00041365623	0
383.01367	-1.1496201	-572.34973	0.0019557029	-0.00054478645	0
383.51367	-1.151602	-578.85358	0.0019232184	-0.00047206879	0
384.01367	-1.1528283	-582.66052	0.0018536299	-0.00054061413	0
384.51367	-1.152642	-588.23523	0.0017847121	-0.00069200993	0
385.01367	-1.1553407	-592.68549	0.0017615408	-0.00055283308	0
385.51367	-1.1576817	-597.224	0.0017414987	-0.00074118376	0
386.01367	-1.1581123	-603.48676	0.0016640127	-0.00059604645	0
386.51367	-1.1591017	-610.78699	0.0016736984	-0.00066995621	0
387.01367	-1.161316	-614.90405	0.0015803427	-0.00081717968	0
387.51367	-1.1641115	-624.99579	0.001488179	-0.00074058771	0
388.01367	-1.1649936	-629.08167	0.0015725195	-0.0008931756	0
388.51367	-1.1666358	-633.64508	0.0014723837	-0.00075519085	0
389.01367	-1.1673377	-635.48743	0.001469329	-0.0008046627	0
389.51367	-1.1705488	-644.04175	0.001405552	-0.00086516142	0
390.01367	-1.1704922	-648.45551	0.0013487786	-0.00091016293	0
390.51367	-1.1712372	-647.76666	0.0013184547	-0.00099867582	0
391.01367	-1.173918	-656.2243	0.0012580305	-0.00088572502	0
391.51367	-1.173763	-661.38062	0.0011707842	-0.001104176	0
392.01367	-1.1765049	-661.71478	0.0011248887	-0.0010290742	1
392.51367	-1.1777654	-658.82031	0.001078397	-0.00095695257	1
393.01367	-1.1807933	-658.62909	0.0010970235	-0.0010165572	0
393.51367	-1.1804521	-658.20996	0.0011022389	-0.00094205141	0
394.01367	-1.1832803	-609.97937	0.0011190772	-0.00081241131	0
394.51367	-1.1850387	-609.96741	0.0010749698	-0.00071465969	0
395.01367	-1.1865213	-610.46686	0.0010467321	-0.00073105097	0
395.51367	-1.1873245	-613.15686	0.0010662526	-0.00087380409	0
396.01367	-1.1894822	-621.08893	0.0009881705	-0.00082939863	0
396.51367	-1.1915431	-622.89844	0.00096067786	-0.00082671642	0
397.01367	-1.1919603	-632.82697	0.00089682639	-0.00078201294	0
397.51367	-1.1928916	-636.20789	0.00091537833	-0.0008687377	0
398.01367	-1.1940122	-644.23743	0.00081583858	-0.0010031462	0
398.51367	-1.1956394	-650.50623	0.00071272254	-0.00097334385	0
399.01367	-1.1964216	-659.62775	0.00062122941	-0.0011384487	0
399.51367	-1.1999696	-670.06299	0.00054270029	-0.0010165572	0
400.01367	-1.200737	-675.19739	0.00050753355	-0.0012019277	0
400.51367	-1.2008979	-683.29407	0.00041052699	-0.0011798739	0
401.01367	-1.2019604	-686.53357	0.00029630959	-0.001193285	0
401.51367	-1.2047082	-693.77936	0.00020429492	-0.0012519956	0
402.01367	-1.2051076	-701.26227	0.00010371208	-0.0011059642	0
402.51367	-1.2072668	-707.16309	-2.5555491e-05	-0.0013956428	0
403.01367	-1.2088106	-714.65338	-0.00025168061	-0.00130862	1
403.51367	-1.2100399	-722.49109	-0.00038482249	-0.0015163422	0
404.01367	-1.2117296	-730.55902	-0.00047646463	-0.0014364719	0
404.51367	-1.2140319	-738.10602	-0.00057928264	-0.0014987588	0
405.01367	-1.2143836	-748.11346	-0.00073045492	-0.0015601516	0
405.51367	-1.2165278	-754.73273	-0.00087812543	-0.0017401576	0
406.01367	-1.2180328	-765.94867	-0.00097438693	-0.0016975403	0
406.51367	-1.2210712	-775.38892	-0.0010924041	-0.0016787648	0
407.01367	-1.2213125	-785.19049	-0.0013107806	-0.0018119812	0
407.51367	-1.2233824	-789.52216	-0.0014611334	-0.0019171834	0
408.01367	-1.2255385	-796.05115	-0.0015690178	-0.0020867586	0
408.51367	-1.2262851	-805.6665	-0.0017981231	-0.0020053983	0
409.01367	-1.2277141	-810.48962	-0.0019539148	-0.0020837784	0
409.51367	-1.2277156	-814.04956	-0.0020753592	-0.0020238757	0
410.01367	-1.2306482	-829.62787	-0.0021903962	-0.0020992756	0
410.51367	-1.2315557	-836.64044	-0.002296418	-0.0022786856	0
411.01367	-1.2330502	-844.22247	-0.0024808198	-0.0022375584	0
411.51367	-1.2330964	-852.60651	-0.0026589632	-0.0022950768	0
412.01367	-1.2356728	-855.27045	-0.0027181953	-0.0022831559	0
412.51367	-1.237902	-851.39508	-0.0028743595	-0.0022917986	0
413.01367	-1.2416422	-860.27771	-0.0031255186	-0.0024303794	0
413.51367	-1.2407885	-863.6369	-0.0035377592	-0.0023266673	1
414.01367	-1.2423828	-869.64471	-0.0037629157	-0.0024980307	0
414.51367	-1.245965	-872.28058	-0.0040512532	-0.0024202466	0
415.01367	-1.2455955	-875.35718	-0.0042100251	-0.0024825335	0
415.51367	-1.2476951	-881.90033	-0.0044029951	-0.00243783	0
416.01367	-1.2481987	-887.65051	-0.0045779347	-0.0025758147	0
416.51367	-1.2493491	-891.49182	-0.0047084689	-0.0025624037	0
417.01367	-1.2517154	-895.81543	-0.0048832595	-0.002541244	0
417.51367	-1.2526586	-906.51239	-0.0050932169	-0.002630651	0
418.01367	-1.2542516	-912.08423	-0.005222857	-0.0026598573	0
418.51367	-1.255028	-922.76611	-0.0053685158	-0.0027996302	0
419.01367	-1.2584448	-924.61011	-0.0055690855	-0.0027221441	0
419.51367	-1.2588487	-932.99518	-0.0056760758	-0.0029167533	0
420.01367	-1.2601137	-942.25031	-0.0058610737	-0.0029066205	0
420.51367	-1.2606099	-948.43115	-0.0060041994	-0.0029674172	0
421.01367	-1.2632833	-957.14221	-0.0061507523	-0.0029170513	0
421.51367	-1.2653023	-965.52277	-0.0063090026	-0.0030240417	0
422.01367	-1.2660787	-968.77618	-0.0063718855	-0.0031471252	0
422.51367	-1.2678504	-977.39545	-0.0065179169	-0.0032272935	0
423.01367	-1.2678325	-981.36597	-0.0066363066	-0.0031840801	0
423.51367	-1.2722447	-991.97632	-0.0067047775	-0.0032296777	0
424.01367	-1.2732699	-995.49146	-0.0069401413	-0.0033763051	1
424.51367	-1.2736708	-997.86432	-0.0071068108	-0.0033178926	0
425.01367	-1.2749463	-1007.97	-0.0072151423	-0.0033816695	0
425.51367	-1.2765259	-1011.8985	-0.0073416531	-0.0032186508	0
426.01367	-1.278533	-1019.6929	-0.0074646622	-0.0034844875	0
426.51367	-1.2798831	-1023.3567	-0.0076310337	-0.0034809113	0
427.01367	-1.2810125	-1028.0039	-0.0077261776	-0.0036272407	0
427.51367	-1.2839808	-1033.7007	-0.0078845024	-0.0034549832	0
428.01367	-1.2841239	-1039.5391	-0.0080260634	-0.003670156	0
428.51367	-1.2848616	-1046.0759	-0.0081334263	-0.0035321712	0
429.01367	-1.2863383	-1051.4868	-0.0082169473	-0.0037744641	0
429.51367	-1.2877331	-1056.5514	-0.0083389133	-0.003657341	0
430.01367	-1.289247	-1062.5334	-0.00854671	-0.0036838651	0
430.51367	-1.2922257	-1068.1506	-0.0086436421	-0.0038874149	0
431.01367	-1.2935207	-1078.2813	-0.0087740272	-0.0037500262	0
431.51367	-1.2935728	-1083.6863	-0.0089835376	-0.0039097667	0
432.01367	-1.2957126	-1092.4852	-0.009092018	-0.0038567185	0
432.51367	-1.2981027	-1094.6151	-0.0092194229	-0.0039243698	0
433.01367	-1.2992203	-1103.91	-0.0093776733	-0.0040119886	0
433.51367	-1.3011962	-1108.2719	-0.0095745176	-0.0040656328	0
434.01367	-1.3025105	-1118.4978	-0.0097575039	-0.004068315	0
434.51367	-1.3031111	-1122.9103	-0.0099888444	-0.004183948	1
435.01367	-1.3062701	-1128.5793	-0.010284483	-0.0041204691	0
435.51367	-1.3074458	-1132.4677	-0.010400116	-0.0041478872	0
436.01367	-1.3085157	-1142.7168	-0.010535568	-0.0042313337	0
436.51367	-1.3099164	-1144.7825	-0.010588542	-0.004131496	0
437.01367	-1.3115242	-1151.7108	-0.010734349	-0.0043833256	0
437.51367	-1.3120637	-1155.213	-0.010889247	-0.0042244792	0
438.01367	-1.3137832	-1160.0446	-0.011032	-0.0043696165	0
438.51367	-1.3153658	-1167.1182	-0.011115149	-0.0043559074	0
439.01367	-1.3163314	-1175.8588	-0.011329278	-0.0044387579	0
439.51367	-1.3185203	-1184.5463	-0.01150988	-0.0044938922	0
440.01367	-1.3204978	-1189.6801	-0.011631474	-0.0045534968	0
440.51367	-1.3217658	-1196.3096	-0.011830479	-0.0045278668	0
441.01367	-1.3225526	-1203.6788	-0.011982471	-0.0045445561	0
441.51367	-1.3242126	-1211.4905	-0.012141764	-0.0046604872	0
442.01367	-1.3268203	-1221.295	-0.012254342	-0.0047263503	0
442.51367	-1.3282969	-1229.7269	-0.012516454	-0.0048208237	0
443.01367	-1.3291373	-1234.996	-0.012797788	-0.0047042966	0
443.51367	-1.3294413	-1244.0701	-0.012921914	-0.0048440695	0
444.01367	-1.3328224	-1250.8267	-0.013177395	-0.0048708916	0
444.51367	-1.3328016	-1255.1182	-0.013327301	-0.0049325824	0
445.01367	-1.335457	-1264.0464	-0.013459921	-0.0049352646	1
445.51367	-1.3368487	-1270.2875	-0.01374796	-0.0050055981	1
446.01367	-1.3376012	-1281.0974	-0.013919622	-0.0051525235	0
446.51367	-1.3405993	-1285.822	-0.014236197	-0.0051477551	0
447.01367	-1.3407335	-1292.256	-0.014408603	-0.0052323937	0
447.51367	-1.3439522	-1305.2444	-0.014644638	-0.005132854	0
448.01367	-1.3436451	-1310.5397	-0.014885068	-0.0052547455	0
448.51367	-1.3451397	-1318.5804	-0.015074313	-0.0054734945	0
449.01367	-1.3466194	-1324.486	-0.015289262	-0.0053632259	0
449.51367	-1.3480186	-1333.705	-0.015529543	-0.0055199862	0
450.01367	-1.3497486	-1339.9656	-0.015788153	-0.0054502487	0
450.51367	-1.3528198	-1349.3169	-0.016030967	-0.0055852532	0
451.01367	-1.3539553	-1351.7256	-0.01622878	-0.0055962801	0
451.51367	-1.3550446	-1357.5908	-0.016478896	-0.0055971742	0
452.01367	-1.3552845	-1360.239	-0.016648173	-0.00562042	0
452.51367	-1.3582706	-1370.5541	-0.017001182	-0.005826354	0
453.01367	-1.3593986	-1378.1118	-0.017226562	-0.0057247281	0
453.51367	-1.3594673	-1388.6035	-0.017461628	-0.0058397651	0
454.01367	-1.3623357	-1391.2766	-0.017651916	-0.0058931112	0
454.51367	-1.3645768	-1400.6575	-0.017889291	-0.0058957934	0
455.01367	-1.3654262	-1406.0542	-0.018307343	-0.0059658289	0
455.51367	-1.3682991	-1413.3198	-0.018626526	-0.0059440732	0
456.01367	-1.3664529	-1414.9008	-0.019171089	-0.0060904026	1
456.51367	-1.3707385	-1416.4883	-0.019503608	-0.0059631467	0
457.01367	-1.371263	-1419.5269	-0.019854903	-0.0060987473	0
457.51367	-1.3735056	-1424.8898	-0.020238236	-0.0060021877	0
458.01367	-1.3753042	-1424.475	-0.020609275	-0.0060617924	0
458.51367	-1.3773427	-1428.2839	-0.020981282	-0.0061574578	0
459.01367	-1.3782368	-1427.8693	-0.021616444	-0.0060653687	0
459.51367	-1.3791754	-1424.1775	-0.022401959	-0.0060790777	0
460.01367	-1.3810128	-1416.978	-0.02343528	-0.0059708953	0
460.51367	-1.3832152	-1404.8445	-0.024572462	-0.0059381127	0
461.01367	-1.3847485	-1390.9991	-0.025562793	-0.0058469176	0
461.51367	-1.3859481	-1382.0862	-0.026471019	-0.0057739019	0
462.01367	-1.387316	-1375.2561	-0.027128682	-0.0056698918	0
462.51367	-1.3893783	-1373.5735	-0.027540401	-0.0058841705	0
463.01367	-1.3906286	-1376.5632	-0.027862266	-0.0057518482	0
463.51367	-1.3918728	-1378.0386	-0.028127357	-0.0058481097	0
464.01367	-1.3933792	-1380.7057	-0.028424412	-0.0058028102	0
464.51367	-1.3942823	-1383.136	-0.028695762	-0.0058627129	0
465.01367	-1.3958349	-1387.5294	-0.028939694	-0.0057646632	0
465.51367	-1.396729	-1399.137	-0.029112175	-0.0059685111	0
466.01367	-1.3992637	-1402.7961	-0.029275045	-0.005953908	0
466.51367	-1.3999194	-1410.4232	-0.029686615	-0.0059810281	1
467.01367	-1.4013753	-1415.3997	-0.029822811	-0.0059452653	0
467.51367	-1.4031261	-1419.9742	-0.029941648	-0.006031096	0
468.01367	-1.4045193	-1429.9952	-0.030140802	-0.0060042739	0
468.51367	-1.4069527	-1436.3298	-0.030378178	-0.0060841441	0
469.01367	-1.4068574	-1444.0782	-0.030654445	-0.0059866905	0
469.51367	-1.4082386	-1444.0117	-0.030796453	-0.0061887503	0
470.01367	-1.4103293	-1451.8057	-0.031044185	-0.0061422586	0
470.51367	-1.4118805	-1456.674	-0.031119883	-0.006262064	0
471.01367	-1.4117851	-1466.4077	-0.031362697	-0.0062462687	0
471.51367	-1.4140203	-1473.1913	-0.031486079	-0.0063323975	0
472.01367	-1.4171615	-1477.463	-0.031742007	-0.0063300133	0
472.51367	-1.4177904	-1482.6503	-0.031963438	-0.0063967705	0
473.01367	-1.4187813	-1492.1512	-0.032265559	-0.0063440204	0
473.51367	-1.4205813	-1491.7777	-0.032453686	-0.0065800548	0
474.01367	-1.4214919	-1499.1044	-0.032620132	-0.0065264106	0
474.51367	-1.4242083	-1507.2103	-0.032823905	-0.0066074729	0
475.01367	-1.425226	-1511.6505	-0.032930672	-0.0066441298	0
475.51367	-1.4270574	-1518.2585	-0.033010021	-0.006698966	0
476.01367	-1.4284835	-1527.0428	-0.03310211	-0.0066444278	0
476.51367	-1.4299467	-1531.6174	-0.03323786	-0.0067526102	0
477.01367	-1.4314578	-1537.2773	-0.033482239	-0.0067406893	1
477.51367	-1.4325633	-1543.3707	-0.033621117	-0.006775558	0
478.01367	-1.4339433	-1546.8677	-0.033714548	-0.0067669153	0
478.51367	-1.4365256	-1559.0039	-0.034021437	-0.0068449974	0
479.01367	-1.4383481	-1565.2644	-0.034108534	-0.0069054961	0
479.51367	-1.439266	-1572.0984	-0.034267828	-0.007121861	0
480.01367	-1.4411345	-1577.4927	-0.03432475	-0.0071233511	0
480.51367	-1.4430732	-1582.3977	-0.03444925	-0.0070881844	0
481.01367	-1.4430151	-1589.1063	-0.034632087	-0.0071787834	0
481.51367	-1.4451101	-1597.5471	-0.034815446	-0.007365942	0
482.01367	-1.4459252	-1599.328	-0.036398917	-0.0072422624	0
482.51367	-1.4483273	-1600.23	-0.036653057	-0.0082558393	0
483.01367	-1.4500082	-1603.8262	-0.036785901	-0.0073719025	0
483.51367	-1.4507308	-1611.7885	-0.036760047	-0.0075441599	0
484.01367	-1.4523253	-1617.3704	-0.036696047	-0.0073617697	0
484.51367	-1.4532135	-1624.3097	-0.036878735	-0.0074097514	0
485.01367	-1.4552206	-1628.9946	-0.03689684	-0.0075554848	0
485.51367	-1.4571772	-1626.4274	-0.033183619	-0.0074887276	0
486.01367	-1.4587075	-1630.6232	-0.033106282	-0.007469058	0
486.51367	-1.4595912	-1628.8242	-0.033339411	-0.0075247884	0
487.01367	-1.4612943	-1638.5283	-0.033168793	-0.0077340007	0
487.51367	-1.46188	-1655.4691	-0.033164397	-0.0078177452	1
488.01367	-1.4656975	-1667.2123	-0.033330396	-0.0079184771	1
488.51367	-1.4652431	-1670.9207	-0.033303946	-0.0079056621	0
489.01367	-1.466912	-1683.7079	-0.033394918	-0.0079470873	0
489.51367	-1.4686003	-1685.0238	-0.033383369	-0.0080838799	0
490.01367	-1.4721483	-1692.575	-0.03345713	-0.0081571937	0
490.51367	-1.4723704	-1698.5403	-0.033463016	-0.0080823898	0
491.01367	-1.4728308	-1705.5538	-0.033512115	-0.0081595778	0
491.51367	-1.4744387	-1713.7002	-0.033791289	-0.0081646442	0
492.01367	-1.4752343	-1718.0238	-0.034477413	-0.008251667	0
492.51367	-1.4779017	-1727.7354	-0.034787506	-0.0082328916	0
493.01367	-1.4800578	-1729.0365	-0.034794807	-0.0082048774	0
493.51367	-1.4808164	-1732.8435	-0.035302192	-0.0084528327	0
494.01367	-1.4825568	-1736.7129	-0.035628751	-0.0083699822	0
494.51367	-1.4846891	-1747.9788	-0.035582259	-0.0085091591	0
495.01367	-1.4861226	-1756.053	-0.035699233	-0.0085330009	0
495.51367	-1.4872968	-1765.0588	-0.035769343	-0.0086709857	0
496.01367	-1.488708	-1759.4385	-0.036339164	-0.0086480379	0
496.51367	-1.4914856	-1767.9109	-0.035560504	-0.0087341666	0
497.01367	-1.489903	-1775.0924	-0.035253838	-0.008713901	0
497.51367	-1.4933004	-1779.4176	-0.035331696	-0.0087070465	0
498.01367	-1.4934301	-1789.3569	-0.041040257	-0.0089091063	0
498.51367	-1.4960855	-1794.6486	-0.040270984	-0.0089785457	1
499.01367	-1.4959633	-1799.5688	-0.040175691	-0.0090271235	0
499.51367	-1.5007629	-1805.2502	-0.040123761	-0.0090935826	0
500.01367	-1.4992982	-1818.1458	-0.040103421	-0.0091660023	0
500.51367	-1.5026152	-1829.4548	-0.040198416	-0.0092050433	0
501.01367	-1.504673	-1838.365	-0.040186569	-0.0091847777	0
501.51367	-1.5044898	-1844.5071	-0.040247142	-0.0095024705	0
502.01367	-1.5055046	-1856.0575	-0.040153265	-0.0093242526	0
502.51367	-1.5076771	-1858.2927	-0.040244162	-0.0095188618	0
503.01367	-1.5092478	-1865.9498	-0.040223151	-0.0095564127	0
503.51367	-1.5114695	-1870.4286	-0.040286779	-0.0096017122	0
504.01367	-1.5127718	-1879.7421	-0.040289238	-0.0095838308	0
504.51367	-1.5135691	-1889.1146	-0.040392056	-0.0095361471	0
505.01367	-1.5150934	-1902.3079	-0.040448979	-0.0097942352	0
505.51367	-1.518333	-1907.3494	-0.040474683	-0.0097367167	0
506.01367	-1.5189722	-1912.2756	-0.040498301	-0.0099533796	0
506.51367	-1.5198066	-1916.6202	-0.040570647	-0.0097748637	0
507.01367	-1.5205696	-1921.7141	-0.040545911	-0.0099363923	0
507.51367	-1.5232756	-1928.8153	-0.04066579	-0.0099220872	0
508.01367	-1.5245259	-1933.0155	-0.040791333	-0.010017753	0
508.51367	-1.5266106	-1943.1389	-0.040873438	-0.010029078	0
509.01367	-1.5280142	-1944.9401	-0.04116863	-0.010025501	1
509.51367	-1.5271916	-1955.0371	-0.041119307	-0.010093451	0
510.01367	-1.5311375	-1964.4059	-0.041175932	-0.010149181	0
510.51367	-1.5328079	-1973.5321	-0.041226819	-0.010326505	0
511.01367	-1.5345573	-1979.7002	-0.041223541	-0.010179281	0
511.51367	-1.5354767	-1984.9526	-0.041337982	-0.01034528	0
512.01367	-1.5362561	-1989.1152	-0.04144147	-0.010342896	0
512.51367	-1.5368968	-1999.4939	-0.041610003	-0.010589361	0
513.01367	-1.5392303	-2003.3715	-0.041769445	-0.010499358	0
513.51367	-1.5398115	-2013.1373	-0.041795224	-0.01047343	0
514.01367	-1.5424192	-2019.1691	-0.041938126	-0.010635555	0
514.51367	-1.54479	-2026.3524	-0.04193522	-0.010685325	0
515.01367	-1.5445232	-2033.0782	-0.041991249	-0.010799766	0
515.51367	-1.5469716	-2040.1031	-0.042047501	-0.010692477	0
516.01367	-1.5483572	-2049.1436	-0.04216671	-0.010895431	0
516.51367	-1.5501454	-2057.3755	-0.042332709	-0.010922849	0
517.01367	-1.5496895	-2066.2566	-0.042571872	-0.010977983	0
517.51367	-1.5528977	-2075.6204	-0.042800605	-0.010945797	0
518.01367	-1.5545398	-2075.5491	-0.042886138	-0.011134148	0
518.51367	-1.5565321	-2086.9963	-0.043069869	-0.011110604	0
519.01367	-1.557292	-2092.9175	-0.043036491	-0.011340678	0
519.51367	-1.5605464	-2097.2808	-0.043163374	-0.011216998	1
520.01367	-1.561138	-2109.9563	-0.043254942	-0.011420846	0
520.51367	-1.5621334	-2116.0847	-0.043393746	-0.011503994	0
521.01367	-1.5640169	-2123.4617	-0.043636784	-0.011487901	0
521.51367	-1.5651598	-2127.9463	-0.043697432	-0.011511743	0
522.01367	-1.5670478	-2134.1416	-0.043830946	-0.011554658	0
522.51367	-1.5683979	-2137.113	-0.043899566	-0.011664927	0
523.01367	-1.5689492	-2146.7927	-0.043846667	-0.011613965	0
523.51367	-1.5711799	-2151.9878	-0.043883324	-0.011801422	0
524.01367	-1.5717552	-2157.8708	-0.043845773	-0.011813641	0
524.51367	-1.5740111	-2162.5376	-0.04389137	-0.011876225	0
525.01367	-1.5759752	-2169.3672	-0.043997765	-0.011974871	0
525.51367	-1.577641	-2180.2046	-0.044277459	-0.012111664	0
526.01367	-1.5782952	-2184.8206	-0.044429898	-0.012121797	0
526.51367	-1.5815049	-2190.739	-0.044606999	-0.012269616	0
527.01367	-1.5810788	-2198.4585	-0.044642016	-0.012250543	0
527.51367	-1.5823752	-2195.9441	-0.044649988	-0.012379885	0
528.01367	-1.584354	-2206.5178	-0.044700578	-0.012398064	0
528.51367	-1.5867636	-2213.9509	-0.044748709	-0.012426674	0
529.01367	-1.5881851	-2218.824	-0.044828728	-0.012585521	0
529.51367	-1.5887111	-2223.2668	-0.045111403	-0.01275599	0
530.01367	-1.5908331	-2229.2625	-0.045401156	-0.01288265	1
530.51367	-1.5918419	-2240.0955	-0.045626536	-0.012784302	0
531.01367	-1.5929446	-2243.2664	-0.045812726	-0.013008118	0
531.51367	-1.594831	-2247.4199	-0.045878962	-0.013024211	0
532.01367	-1.5962884	-2257.9316	-0.045829639	-0.013178885	0
532.51367	-1.5986488	-2261.8098	-0.045896396	-0.013144612	0
533.01367	-1.598683	-2268.4155	-0.04598029	-0.013351142	0
533.51367	-1.6015053	-2275.1697	-0.046133026	-0.013328195	0
534.01367	-1.6031742	-2276.3704	-0.046279952	-0.013434589	0
534.51367	-1.6040206	-2283.6299	-0.046423227	-0.013586879	0
535.01367	-1.604405	-2287.6072	-0.046490431	-0.013553202	0
535.51367	-1.6065881	-2295.8262	-0.046647042	-0.013615489	0
536.01367	-1.6077369	-2300.4336	-0.046594068	-0.013744235	0
536.51367	-1.609242	-2306.4065	-0.046661496	-0.013756752	0
537.01367	-1.6116351	-2312.291	-0.046644732	-0.013727844	0
537.51367	-1.6124382	-2320.573	-0.046665072	-0.013924539	0
538.01367	-1.6142592	-2326.55	-0.046796873	-0.013977885	0
538.51367	-1.6157374	-2331.0947	-0.046818331	-0.014059544	0
539.01367	-1.618196	-2332.9917	-0.046935529	-0.014044344	0
539.51367	-1.617074	-2338.5698	-0.047004893	-0.014252663	0
540.01367	-1.6211793	-2345.2075	-0.047075525	-0.014204383	0
540.51367	-1.6216099	-2346.5635	-0.04712224	-0.014281869	1
541.01367	-1.6225427	-2356.147	-0.047068372	-0.014416575	1
541.51367	-1.6241312	-2360.3589	-0.047168881	-0.014429688	0
542.01367	-1.6274959	-2373.1375	-0.047182515	-0.014614165	0
542.51367	-1.6286939	-2375.5427	-0.047355369	-0.014687777	0
543.01367	-1.6301543	-2383.1213	-0.0474599	-0.014770031	0
543.51367	-1.6303003	-2389.415	-0.047573894	-0.014882386	0
544.01367	-1.6325533	-2390.4873	-0.047710165	-0.014963448	0
544.51367	-1.6334265	-2395.7146	-0.047728047	-0.014993548	0
545.01367	-1.6352385	-2411.0461	-0.047703534	-0.015040338	0
545.51367	-1.6361803	-2414.8135	-0.047765225	-0.015302002	0
546.01367	-1.6377956	-2418.7964	-0.047812536	-0.015271008	0
546.51367	-1.6392424	-2421.3613	-0.047940388	-0.015406907	0
547.01367	-1.6413615	-2428.1836	-0.048004389	-0.015441775	0
547.51367	-1.6422794	-2431.8696	-0.048185587	-0.01562804	0
548.01367	-1.6446099	-2438.2827	-0.048236027	-0.015709996	0
548.51367	-1.6460969	-2446.0244	-0.048345029	-0.015740097	0
549.01367	-1.6474128	-2448.9204	-0.048402324	-0.015786886	0
549.51367	-1.6495973	-2451.0083	-0.048386455	-0.015839338	0
550.01367	-1.6498178	-2458.1379	-0.048392564	-0.016008914	0
550.51367	-1.6518056	-2460.9807	-0.048469901	-0.015966892	0
551.01367	-1.6538694	-2468.3228	-0.048520714	-0.016161799	0
551.51367	-1.6560421	-2473.1802	-0.048829988	-0.016130209	1
552.01367	-1.6574949	-2480.0049	-0.048859939	-0.016401112	0
552.51367	-1.6582384	-2483.2246	-0.048944578	-0.016357303	0
553.01367	-1.6594126	-2489.5483	-0.049066469	-0.016508102	0
553.51367	-1.6615703	-2494.7646	-0.049002543	-0.016546547	0
554.01367	-1.6622156	-2500.4202	-0.049025044	-0.016605258	0
554.51367	-1.6629398	-2499.8455	-0.049015135	-0.016686916	0
555.01367	-1.664026	-2506.6567	-0.048988909	-0.016663969	0
555.51367	-1.6679659	-2513.8118	-0.0490807	-0.016853213	0
556.01367	-1.6680493	-2521.9729	-0.049123615	-0.016767383	0
556.51367	-1.6695693	-2525.6157	-0.049225986	-0.016950667	0
557.01367	-1.6719013	-2527.8408	-0.04922539	-0.016997159	0
557.51367	-1.6727104	-2537.9648	-0.049266443	-0.017212629	0
558.01367	-1.6747773	-2542.3269	-0.049283653	-0.01706779	0
558.51367	-1.6762674	-2548.8477	-0.049271807	-0.017250776	0
559.01367	-1.6777515	-2555.5242	-0.049254224	-0.017254353	0
559.51367	-1.6793535	-2558.2307	-0.049359202	-0.017490089	0
560.01367	-1.6809716	-2566.7268	-0.049428046	-0.017417073	0
560.51367	-1.6828134	-2564.8403	-0.049586594	-0.017687082	0
561.01367	-1.6837358	-2569.7837	-0.049764886	-0.01767844	0
561.51367	-1.6847029	-2575.2429	-0.049848109	-0.017751157	0
562.01367	-1.6861767	-2574.9075	-0.049937442	-0.017796755	1
562.51367	-1.6885638	-2581.9382	-0.049928054	-0.017904341	0
563.01367	-1.6885638	-2589.333	-0.049983039	-0.018010437	0
563.51367	-1.6913116	-2590.4385	-0.049989894	-0.018017292	0
564.01367	-1.6927987	-2601.8486	-0.050005689	-0.018147826	0
564.51367	-1.6938255	-2604.3726	-0.05022876	-0.018260479	0
565.01367	-1.6958072	-2607.312	-0.05035691	-0.018389821	0
565.51367	-1.6967863	-2615.6318	-0.050392002	-0.018446445	0
566.01367	-1.6973302	-2616.26	-0.050561652	-0.018395185	0
566.51367	-1.6996205	-2616.7253	-0.050530508	-0.018446743	0
567.01367	-1.7012908	-2618.217	-0.050538406	-0.018565059	0
567.51367	-1.7040386	-2623.6965	-0.050528198	-0.018593073	0
568.01367	-1.7054691	-2629.4189	-0.050543323	-0.018655956	0
568.51367	-1.7064124	-2629.9153	-0.050647035	-0.01866281	0
569.01367	-1.7079399	-2640.1145	-0.050640628	-0.018806756	0
569.51367	-1.7087191	-2642.4275	-0.050715357	-0.018876493	0
570.01367	-1.7101318	-2643.8496	-0.050779581	-0.018984675	0
570.51367	-1.7118766	-2645.5811	-0.050827488	-0.018910766	0
571.01367	-1.7128394	-2648.7488	-0.050812215	-0.019112825	0
571.51367	-1.7157331	-2653.5166	-0.050883591	-0.019050837	0
572.01367	-1.7166197	-2657.6394	-0.050779209	-0.019075572	0
572.51367	-1.718919	-2666.2712	-0.050936043	-0.019218326	1
573.01367	-1.7192006	-2671.3149	-0.050937086	-0.019246936	0
573.51367	-1.7210529	-2670.5835	-0.05099088	-0.019555688	0
574.01367	-1.7217547	-2672.6428	-0.051080361	-0.019420087	0
574.51367	-1.7243042	-2680.4436	-0.051092654	-0.019530058	0
575.01367	-1.7257347	-2680.3647	-0.051036701	-0.019477308	0
575.51367	-1.7265275	-2684.1665	-0.051063746	-0.019733608	0
576.01367	-1.7279699	-2686.7764	-0.05105488	-0.019672811	0
576.51367	-1.7296255	-2686.5051	-0.051036999	-0.019797981	0
577.01367	-1.732263	-2697.4351	-0.051089078	-0.019872189	0
577.51367	-1.7322212	-2696.5032	-0.051067173	-0.020335317	0
578.01367	-1.7346382	-2689.0994	-0.051010177	-0.021189153	0
578.51367	-1.7355829	-2691.1082	-0.051021799	-0.021875501	0
579.01367	-1.738833	-2690.1294	-0.050957501	-0.022135675	0
579.51367	-1.739049	-2690.835	-0.05096294	-0.02248019	0
580.01367	-1.7404228	-2696.0674	-0.050956979	-0.02304107	0
580.51367	-1.7423004	-2694.1616	-0.050992295	-0.023352802	0
581.01367	-1.7413437	-2694.9663	-0.050965995	-0.024107695	0
581.51367	-1.7458334	-2691.3606	-0.050992817	-0.024718046	0
582.01367	-1.7472758	-2665.3726	-0.051018447	-0.027139187	0
582.51367	-1.7568514	-224.24098	-0.20963632	-0.25023758	0
583.01367	-1.7547026	-224.53091	-0.20933427	-0.25121808	1
583.51367	-1.7529637	-229.73534	-0.20911783	-0.25189519	1
584.01367	-1.7559454	-231.32799	-0.20892873	-0.25283426	0
584.51367	-1.7553777	-236.11603	-0.20880528	-0.25394827	0
585.01367	-1.7560899	-239.35139	-0.20870805	-0.25499046	0
585.51367	-1.7572731	-241.63596	-0.2087649	-0.25652349	0
586.01367	-1.7584354	-242.8387	-0.20873934	-0.25787711	0
586.51367	-1.7601087	-244.44461	-0.20882219	-0.25916845	0
587.01367	-1.7610341	-244.20937	-0.20883977	-0.26051164	0
587.51367	-1.7638161	-246.22073	-0.20900168	-0.26173532	0
588.01367	-1.7650797	-246.48473	-0.2094803	-0.26357383	0
588.51367	-1.7654955	-246.03027	-0.21049976	-0.26533186	0
589.01367	-1.7686665	-245.70375	-0.21155156	-0.26723266	0
589.51367	-1.7707855	-243.4136	-0.21288663	-0.26937127	0
590.01367	-1.769556	-242.0731	-0.21423444	-0.27119339	0
590.51367	-1.7724707	-241.34341	-0.21557987	-0.27343333	0
591.01367	-1.7749832	-236.86766	-0.21693803	-0.27503759	0
591.51367	-1.7747909	-237.77936	-0.21794006	-0.27653068	0
592.01367	-1.7757967	-235.27083	-0.21899216	-0.27819932	0
592.51367	-1.7789513	-234.27975	-0.22015169	-0.2797699	0
593.01367	-1.7791913	-230.75764	-0.22134937	-0.28158158	0
593.51367	-1.7812908	-230.61525	-0.22271231	-0.28353125	0
594.01367	-1.782167	-231.07423	-0.22409685	-0.28521657	1
594.51367	-1.7841995	-229.55536	-0.22520326	-0.28699845	0
595.01367	-1.7857611	-226.45183	-0.22655562	-0.28890103	0
595.51367	-1.7868028	-224.40962	-0.22793457	-0.2906698	0
596.01367	-1.7888784	-222.7397	-0.22934936	-0.29254824	0
596.51367	-1.7913625	-222.10738	-0.23064196	-0.29413104	0
597.01367	-1.7933831	-222.40904	-0.23179799	-0.29582113	0
597.51367	-1.7934293	-218.02641	-0.23303859	-0.29767036	0
598.01367	-1.795949	-215.19612	-0.23428857	-0.2993089	0
598.51367	-1.7956316	-216.23709	-0.23557827	-0.30092955	0
599.01367	-1.7981603	-215.69804	-0.23679808	-0.30278057	0
599.51367	-1.7997235	-213.62643	-0.2380494	-0.30458838	0
600.01367	-1.8008337	-210.09247	-0.23926333	-0.30624539	0
600.51367	-1.8024981	-211.09305	-0.24053052	-0.30814141	0
601.01367	-1.8035724	-204.42844	-0.24183199	-0.30989558	0
601.51367	-1.8046707	-201.8009	-0.24312608	-0.31170487	0
602.01367	-1.8076167	-200.99185	-0.24436489	-0.31353235	0
602.51367	-1.8074141	-200.64491	-0.24554029	-0.31518459	0
603.01367	-1.8084719	-197.93547	-0.24668492	-0.31713516	0
603.51367	-1.8111036	-195.69247	-0.24791896	-0.31900615	0
604.01367	-1.8123462	-197.69829	-0.2491767	-0.32094926	0
604.51367	-1.8145472	-193.85387	-0.25077209	-0.32304108	1
605.01367	-1.8150733	-189.53659	-0.25194162	-0.32455862	0
605.51367	-1.817444	-191.90979	-0.2532655	-0.32634199	0
606.01367	-1.820156	-189.89293	-0.2546744	-0.32817453	0
606.51367	-1.8217534	-188.05864	-0.25591001	-0.33000201	0
607.01367	-1.8213465	-183.82594	-0.25723383	-0.33189952	0
607.51367	-1.824829	-184.60432	-0.25839412	-0.33344984	0
608.01367	-1.8256292	-184.51773	-0.25969297	-0.3355667	0
608.51367	-1.8267542	-179.6138	-0.26099318	-0.33743441	0
609.01367	-1.8280015	-180.19229	-0.26234722	-0.33930391	0
609.51367	-1.8294976	-178.09038	-0.26364779	-0.34100056	0
610.01367	-1.8305212	-174.60573	-0.26488677	-0.34269273	0
610.51367	-1.8314912	-174.41672	-0.26597962	-0.34442395	0
611.01367	-1.8336163	-172.31456	-0.2671898	-0.34624338	0
611.51367	-1.8353329	-171.27208	-0.268318	-0.3480652	0
612.01367	-1.8375069	-170.87466	-0.26949823	-0.34959495	0
612.51367	-1.8390715	-169.40935	-0.27069122	-0.35155892	0
613.01367	-1.8394723	-169.24898	-0.27215892	-0.3536725	0
613.51367	-1.8408849	-167.26495	-0.27344519	-0.35536647	0
614.01367	-1.8418803	-165.0947	-0.27472049	-0.35714954	0
614.51367	-1.8433108	-162.81892	-0.27608359	-0.3588289	0
615.01367	-1.8451617	-160.8127	-0.27752066	-0.36071718	1
615.51367	-1.8458471	-159.17972	-0.27885437	-0.3625378	0
616.01367	-1.8488035	-156.52965	-0.28023288	-0.36443681	0
616.51367	-1.8514559	-156.17348	-0.28170252	-0.3662613	0
617.01367	-1.8513546	-153.42902	-0.28299654	-0.36820799	0
617.51367	-1.8535719	-153.69081	-0.28447643	-0.36993533	0
618.01367	-1.8545985	-152.19855	-0.28583065	-0.37161082	0
618.51367	-1.8561945	-152.59138	-0.28718472	-0.37330896	0
619.01367	-1.8571661	-151.19565	-0.28857291	-0.37496656	0
619.51367	-1.8598676	-149.09009	-0.28980076	-0.37684321	0
620.01367	-1.86041	-146.25432	-0.29111251	-0.37868738	0
620.51367	-1.8616855	-147.08833	-0.2922906	-0.38047999	0
621.01367	-1.8623859	-142.71187	-0.29355115	-0.38212478	0
621.51367	-1.8660009	-141.63965	-0.29484069	-0.38389117	0
622.01367	-1.8654555	-141.24838	-0.29617071	-0.38569361	0
622.51367	-1.8681123	-142.71666	-0.29736817	-0.38755089	0
623.01367	-1.8693864	-140.46448	-0.2987904	-0.389328	0
623.51367	-1.8720686	-139.55031	-0.30014133	-0.39120734	0
624.01367	-1.8717959	-138.88911	-0.30150151	-0.39280593	0
624.51367	-1.8749788	-138.68925	-0.30276084	-0.39435476	0
625.01367	-1.874666	-135.056	-0.30394799	-0.3960973	0
625.51367	-1.8765256	-134.63426	-0.30519038	-0.39780766	1
626.01367	-1.8792689	-134.37178	-0.3062351	-0.39942116	0
626.51367	-1.8813179	-132.52087	-0.30751273	-0.40130138	0
627.01367	-1.8822358	-134.74448	-0.30878508	-0.40322095	0
627.51367	-1.8829598	-128.19283	-0.31000823	-0.40513009	0
628.01367	-1.8829331	-127.78362	-0.31100565	-0.40671915	0
628.51367	-1.8865436	-128.27359	-0.3120926	-0.40854961	0
629.01367	-1.8867896	-126.59709	-0.31316572	-0.41023642	0
629.51367	-1.8892676	-125.11119	-0.31417245	-0.41181237	0
630.01367	-1.8914074	-124.9444	-0.3153339	-0.41364521	0
630.51367	-1.8926233	-125.46697	-0.31652242	-0.41525155	0
631.01367	-1.8933535	-123.83161	-0.317662	-0.41702002	0
631.51367	-1.8954724	-124.77882	-0.31891614	-0.41887879	0
632.01367	-1.8971696	-122.19952	-0.32008833	-0.42062163	0
632.51367	-1.89801	-121.06995	-0.32222486	-0.42255253	0
633.01367	-1.898703	-121.1068	-0.32340831	-0.42399317	0
633.51367	-1.9016504	-122.34234	-0.32464072	-0.42598277	0
634.01367	-1.9013494	-120.87212	-0.32594925	-0.42775065	0
634.51367	-1.9031599	-119.54809	-0.32708651	-0.42939991	0
635.01367	-1.9057944	-118.02048	-0.32833248	-0.4310596	0
635.51367	-1.9073248	-117.34986	-0.32962406	-0.43284506	0
636.01367	-1.9096583	-118.58234	-0.33107355	-0.43501735	1
636.51367	-1.9108772	-112.95102	-0.33294767	-0.43664455	1
637.01367	-1.9116685	-114.65739	-0.33438951	-0.43831944	0
637.51367	-1.9127562	-110.93777	-0.33589765	-0.44000566	0
638.01367	-1.914084	-112.72784	-0.33704013	-0.44174701	0
638.51367	-1.9156247	-110.49288	-0.33819228	-0.44349521	0
639.01367	-1.9187524	-111.04428	-0.33943698	-0.44515669	0
639.51367	-1.9181997	-109.71114	-0.34044361	-0.44661313	0
640.01367	-1.9206002	-109.93877	-0.34150487	-0.44825464	0
640.51367	-1.9212618	-110.67188	-0.34268612	-0.44974834	0
641.01367	-1.9241676	-107.48283	-0.34376824	-0.45147091	0
641.51367	-1.9241303	-107.29166	-0.34509593	-0.45313805	0
642.01367	-1.9257993	-107.44086	-0.34619606	-0.45470804	0
642.51367	-1.9274995	-104.09893	-0.34734839	-0.45654088	0
643.01367	-1.9302487	-105.89992	-0.34861958	-0.45814812	0
643.51367	-1.9309074	-103.64957	-0.34983581	-0.45988888	0
644.01367	-1.9325032	-105.00658	-0.35108292	-0.46165168	0
644.51367	-1.9345357	-103.7448	-0.3523401	-0.463292	0
645.01367	-1.9374118	-102.22177	-0.35356039	-0.46515793	0
645.51367	-1.9369364	-100.50329	-0.35487747	-0.46673268	0
646.01367	-1.9378231	-102.23151	-0.3560605	-0.46834707	0
646.51367	-1.9399792	-100.3743	-0.35735345	-0.46983898	0
647.01367	-1.9404635	-103.3501	-0.35864109	-0.4716152	1
647.51367	-1.9429415	-100.21039	-0.35979801	-0.47327191	0
648.01367	-1.9442723	-99.029716	-0.36104912	-0.47482103	0
648.51367	-1.9457042	-99.659912	-0.36222643	-0.47651321	0
649.01367	-1.9472688	-99.549698	-0.36354864	-0.47823608	0
649.51367	-1.9505918	-95.19149	-0.36483222	-0.479967	0
650.01367	-1.9514666	-96.128387	-0.36637598	-0.48167288	0
650.51367	-1.9530938	-94.798378	-0.36772037	-0.48343986	0
651.01367	-1.9533887	-96.172272	-0.36871767	-0.48492283	0
651.51367	-1.9554243	-94.068886	-0.37009919	-0.48690796	0
652.01367	-1.9572303	-94.594543	-0.37148589	-0.48861116	0
652.51367	-1.9574509	-94.119629	-0.37259096	-0.49010634	0
653.01367	-1.9600034	-94.03952	-0.37359363	-0.49158275	0
653.51367	-1.9628763	-92.984573	-0.37489867	-0.49355805	0
654.01367	-1.9621744	-94.208069	-0.37607944	-0.49543887	0
654.51367	-1.9637883	-92.931686	-0.3772136	-0.49705684	0
655.01367	-1.9668162	-92.145012	-0.37829673	-0.49869061	0
655.51367	-1.9677728	-92.56041	-0.37937963	-0.5001238	0
656.01367	-1.9680321	-91.426483	-0.38080657	-0.50192863	0
656.51367	-1.9706771	-90.023048	-0.38196331	-0.50368607	0
657.01367	-1.9716233	-87.105492	-0.38321459	-0.50529629	0
657.51367	-1.972872	-88.831673	-0.38473481	-0.50672859	1
658.01367	-1.9742475	-85.747383	-0.38622445	-0.508371	0
658.51367	-1.9769222	-85.190842	-0.38758403	-0.51037431	0
659.01367	-1.9775778	-86.211754	-0.38891411	-0.51198632	0
659.51367	-1.9789666	-83.863144	-0.3900162	-0.51343888	0
660.01367	-1.9809439	-85.504524	-0.39148325	-0.51519841	0
660.51367	-1.982595	-84.896156	-0.39294904	-0.5171597	0
661.01367	-1.9838319	-84.234268	-0.39426571	-0.51880538	0
661.51367	-1.984477	-80.954147	-0.3956359	-0.5207932	0
662.01367	-1.9862741	-81.999641	-0.39696687	-0.52248806	0
662.51367	-1.9885466	-83.307014	-0.39811248	-0.52413315	0
663.01367	-1.9889162	-80.578331	-0.39930546	-0.52578568	0
663.51367	-1.9905597	-80.292519	-0.40044314	-0.52743405	0
664.01367	-1.9924059	-79.103867	-0.40167308	-0.52919924	0
664.51367	-1.9935443	-79.069443	-0.40300345	-0.53122491	0
665.01367	-1.9957274	-78.269226	-0.40443116	-0.53291917	0
665.51367	-1.9963264	-75.712929	-0.40578043	-0.53454936	0
666.01367	-1.9981668	-77.366783	-0.40690577	-0.53617299	0
666.51367	-2.0000548	-77.598297	-0.40821081	-0.53810537	0
667.01367	-2.0026431	-77.497902	-0.40957576	-0.54007888	0
667.51367	-2.0030394	-73.659775	-0.41094577	-0.54175287	0
668.01367	-2.0036368	-73.111855	-0.41237032	-0.54339916	1
668.51367	-2.0064979	-71.364853	-0.4135319	-0.54480433	0
669.01367	-2.0067782	-72.966202	-0.41471666	-0.54660738	0
669.51367	-2.0096004	-73.613991	-0.41598475	-0.54828316	0
670.01367	-2.0103023	-71.4701	-0.41716462	-0.54998189	0
670.51367	-2.0117655	-71.178238	-0.41851765	-0.55179626	0
671.01367	-2.0128548	-69.818146	-0.41999584	-0.55341244	0
671.51367	-2.0143538	-71.24411	-0.42130524	-0.55552453	0
672.01367	-2.0171478	-69.954559	-0.42257214	-0.55706441	0
672.51367	-2.0192847	-69.826027	-0.42369074	-0.55883944	0
673.01367	-2.0186768	-67.875923	-0.42496288	-0.56056321	0
673.51367	-2.0217285	-69.444649	-0.4260782	-0.56205928	0
674.01367	-2.0229549	-68.397316	-0.42718953	-0.56397587	0
674.51367	-2.0247056	-66.028412	-0.42835301	-0.56533158	0
675.01367	-2.0259633	-64.862411	-0.42941445	-0.5671981	0
675.51367	-2.0268531	-64.5373	-0.43059862	-0.56863278	0
676.01367	-2.029115	-62.18417	-0.43171024	-0.57025075	0
676.51367	-2.0310686	-66.431114	-0.43290222	-0.57222128	0
677.01367	-2.0319314	-66.22747	-0.43411845	-0.57351142	0
677.51367	-2.0320773	-64.36438	-0.43546265	-0.57547092	0
678.01367	-2.0347252	-64.424225	-0.43663329	-0.57703584	0
678.51367	-2.0362511	-63.621231	-0.43921077	-0.57866186	1
679.01367	-2.0383894	-59.781773	-0.44072008	-0.5804798	0
679.51367	-2.0396397	-60.577595	-0.44191235	-0.58215439	0
680.01367	-2.0412712	-61.270206	-0.44295275	-0.5836153	0
680.51367	-2.0426974	-62.920189	-0.44410175	-0.58532923	0
681.01367	-2.0429029	-61.321011	-0.44539458	-0.58713615	0
681.51367	-2.0440249	-60.294975	-0.4465363	-0.58853745	0
682.01367	-2.0465314	-59.664146	-0.44785911	-0.59025735	0
682.51367	-2.0478799	-58.067894	-0.44915503	-0.59208691	0
683.01367	-2.0503535	-59.354931	-0.45021063	-0.59346586	0
683.51367	-2.0516946	-58.429588	-0.45139068	-0.59537202	0
684.01367	-2.0532892	-59.961273	-0.45255983	-0.59681982	0
684.51367	-2.0535259	-56.968048	-0.45351362	-0.59857726	0
685.01367	-2.0568938	-57.972496	-0.4546755	-0.60024738	0
685.51367	-2.0566702	-57.214127	-0.45591438	-0.60200304	0
686.01367	-2.0593972	-55.292068	-0.45712924	-0.6036374	0
686.51367	-2.0586343	-55.711601	-0.45830899	-0.6056419	0
687.01367	-2.0616307	-58.297459	-0.45934582	-0.60700357	0
687.51367	-2.063997	-55.5084	-0.4604215	-0.60878873	0
688.01367	-2.0640984	-55.291508	-0.46150512	-0.61052769	0
688.51367	-2.0653815	-55.90477	-0.46270841	-0.61200678	0
689.01367	-2.0675957	-57.136181	-0.46385819	-0.61347276	1
689.51367	-2.0690665	-56.520523	-0.46510571	-0.61498374	1
690.01367	-2.0712361	-54.501389	-0.46624488	-0.61690837	0
690.51367	-2.071707	-53.352459	-0.46740973	-0.61831176	0
691.01367	-2.073349	-54.842316	-0.46882296	-0.6203422	0
691.51367	-2.0760045	-52.348278	-0.47031814	-0.62205464	0
692.01367	-2.0767345	-52.10054	-0.47157133	-0.62384397	0
692.51367	-2.0776362	-54.051838	-0.47264123	-0.62533468	0
693.01367	-2.079627	-53.340309	-0.47370636	-0.62666476	0
693.51367	-2.0816655	-52.518288	-0.47490025	-0.62837005	0
694.01367	-2.0826519	-52.454159	-0.47605431	-0.63022226	0
694.51367	-2.0841763	-50.657127	-0.47734404	-0.6318137	0
695.01367	-2.0849481	-52.243584	-0.47879332	-0.63351363	0
695.51367	-2.0871134	-52.894619	-0.47990435	-0.63537925	0
696.01367	-2.0879939	-50.838459	-0.48128641	-0.63732117	0
696.51367	-2.092217	-53.352356	-0.48267865	-0.639171	0
697.01367	-2.0925894	-48.800144	-0.48399544	-0.64056844	0
697.51367	-2.0933106	-47.540417	-0.4855054	-0.6425336	0
698.01367	-2.095118	-49.345341	-0.48691547	-0.64443469	0
698.51367	-2.097343	-48.441223	-0.48846191	-0.64636767	0
699.01367	-2.0976021	-45.999828	-0.48974508	-0.64773142	0
699.51367	-2.0983384	-46.388775	-0.49109823	-0.64991623	0
700.01367	-2.1015615	-46.421997	-0.49332416	-0.65210611	1
700.51367	-2.1020322	-46.211792	-0.49485421	-0.65429211	0
701.01367	-2.1043167	-44.316776	-0.49663568	-0.65658599	0
701.51367	-2.1032751	-43.455055	-0.4986515	-0.65979987	0
702.01367	-2.1054909	-46.648182	-0.50719148	-0.67251891	0
702.51367	-2.1081657	-39.587017	-0.52377766	-0.69215298	0
703.01367	-2.1093905	-36.377003	-0.52843654	-0.69811076	0
703.51367	-2.1122084	-36.216873	-0.53102767	-0.70208818	0
704.01367	-2.1122246	-32.216793	-0.53322411	-0.70465505	0
704.51367	-2.1145329	-32.745686	-0.53511953	-0.70748419	0
705.01367	-2.1147535	-32.706379	-0.53712523	-0.70965111	0
705.51367	-2.1166384	-31.608786	-0.5388748	-0.71277052	0
706.01367	-2.1200271	-31.289238	-0.54063147	-0.7147339	0
706.51367	-2.1207719	-28.853279	-0.54240382	-0.71759343	0
707.01367	-2.1220253	-30.499796	-0.54456705	-0.71959257	0
707.51367	-2.1216214	-27.166418	-0.54617918	-0.72205663	0
708.01367	-2.1241889	-30.399851	-0.54786915	-0.72387964	0
708.51367	-2.1260619	-27.646061	-0.5496558	-0.72663218	0
709.01367	-2.1269143	-27.401423	-0.55170828	-0.72891772	0
709.51367	-2.12816	-28.169415	-0.5537101	-0.73192835	0
710.01367	-2.1302223	-26.288359	-0.555839	-0.73455572	0
710.51367	-2.1325855	-28.490576	-0.55802083	-0.73743254	1
711.01367	-2.1323071	-28.332981	-0.56053603	-0.74111491	0
711.51367	-2.135627	-28.539392	-0.56494093	-0.74786276	0
712.01367	-2.1362007	-26.580599	-0.57294273	-0.75676292	0
712.51367	-2.1376386	-22.879887	-0.57496822	-0.75923055	0
713.01367	-2.1403551	-23.163954	-0.57652122	-0.76137275	0
713.51367	-2.1403	-24.369017	-0.57763809	-0.76288909	0
714.01367	-2.1424353	-24.255941	-0.57885402	-0.76458484	0
714.51367	-2.1448865	-19.687445	-0.57977355	-0.76565564	0
715.01367	-2.1462634	-20.996727	-0.58102095	-0.76771855	0
715.51367	-2.1475449	-22.918686	-0.58226371	-0.76929301	0
716.01367	-2.1492078	-20.460844	-0.58351582	-0.77086151	0
716.51367	-2.148901	-19.975029	-0.58459139	-0.77243775	0
717.01367	-2.150099	-19.527702	-0.58588082	-0.77429324	0
717.51367	-2.1534681	-18.389399	-0.58707392	-0.77576756	0
718.01367	-2.1542623	-20.979118	-0.58832592	-0.77767938	0
718.51367	-2.1559193	-22.931805	-0.58955485	-0.77889413	0
719.01367	-2.1578596	-19.775585	-0.59057379	-0.78102231	0
719.51367	-2.1586299	-20.506561	-0.59181625	-0.78224987	0
720.01367	-2.1608293	-21.713877	-0.59311932	-0.78412443	0
720.51367	-2.1617146	-18.379711	-0.59451497	-0.78556061	0
721.01367	-2.1628811	-20.537775	-0.59617454	-0.78748763	1
721.51367	-2.1642685	-21.261732	-0.59723252	-0.78922331	0
722.01367	-2.1652057	-22.503536	-0.59809589	-0.79080403	0
722.51367	-2.1676273	-19.118198	-0.59930915	-0.79229593	0
723.01367	-2.1689057	-21.228552	-0.60038441	-0.79386443	0
723.51367	-2.1712184	-18.260099	-0.60122287	-0.79532057	0
724.01367	-2.1732569	-22.183981	-0.60266697	-0.79701483	0
724.51367	-2.175364	-19.064571	-0.6039452	-0.79869628	0
725.01367	-2.17679	-20.588406	-0.60517943	-0.80011189	0
725.51367	-2.1769955	-18.385204	-0.60642576	-0.8018738	0
726.01367	-2.1779523	-19.6294	-0.60758018	-0.80330908	0
726.51367	-2.179569	-17.834375	-0.60884452	-0.80504775	0
727.01367	-2.1816254	-16.994783	-0.61022425	-0.80642253	0
727.51367	-2.1841288	-19.812363	-0.61143064	-0.80829442	0
728.01367	-2.1844208	-18.240765	-0.6126762	-0.80996782	0
728.51367	-2.1856813	-17.515743	-0.61401659	-0.8115375	0
729.01367	-2.1883667	-18.128084	-0.61508602	-0.8129546	0
729.51367	-2.189894	-18.870087	-0.61617082	-0.81445515	0
730.01367	-2.1922038	-18.065197	-0.61745042	-0.81609488	0
730.51367	-2.1926687	-15.863834	-0.61862195	-0.81766337	0
731.01367	-2.1928697	-14.338578	-0.62004113	-0.81948847	0
731.51367	-2.1946282	-15.905824	-0.62171614	-0.821141	1
732.01367	-2.1969795	-17.907738	-0.62368786	-0.82306772	1
732.51367	-2.1970689	-16.033018	-0.62475628	-0.82480311	0
733.01367	-2.1990583	-15.960099	-0.6258046	-0.82652748	0
733.51367	-2.2008717	-17.785229	-0.62730795	-0.82840651	0
734.01367	-2.2024751	-16.53458	-0.62883443	-0.83007187	0
734.51367	-2.203469	-15.936308	-0.63005441	-0.83177239	0
735.01367	-2.205126	-15.083291	-0.63130862	-0.8335799	0
735.51367	-2.2074671	-13.915604	-0.63264573	-0.83517492	0
736.01367	-2.2090106	-16.254486	-0.63377255	-0.83691716	0
736.51367	-2.2102132	-15.3529	-0.63510543	-0.83870292	0
737.01367	-2.2117808	-15.399254	-0.6362111	-0.84052444	0
737.51367	-2.2126422	-15.384178	-0.63757652	-0.8423996	0
738.01367	-2.2152648	-13.90567	-0.63863432	-0.84390759	0
738.51367	-2.2165909	-14.774435	-0.63972437	-0.84575355	0
739.01367	-2.2186472	-15.829166	-0.64107841	-0.84760755	0
739.51367	-2.2192671	-13.150364	-0.64277911	-0.84922642	0
740.01367	-2.2216825	-15.568151	-0.64393842	-0.85106194	0
740.51367	-2.2215815	-13.108047	-0.64513212	-0.85249633	0
741.01367	-2.2246137	-12.95471	-0.64632857	-0.85442513	0
741.51367	-2.2241638	-13.169107	-0.64774776	-0.85596681	0
742.01367	-2.2271767	-12.902435	-0.64889288	-0.85759699	0
742.51367	-2.2272139	-15.028752	-0.65048611	-0.85943192	1
743.01367	-2.2292523	-14.156431	-0.65156424	-0.86095303	0
743.51367	-2.2324653	-13.441781	-0.65282142	-0.86286604	0
744.01367	-2.232717	-12.993119	-0.65419799	-0.86472839	0
744.51367	-2.2344635	-15.632524	-0.65533036	-0.86662024	0
745.01367	-2.2352874	-13.218498	-0.65710747	-0.86916089	0
745.51367	-2.2359207	-11.384054	-0.65902984	-0.87171048	0
746.01367	-2.2384808	-12.43561	-0.66163218	-0.87529272	0
746.51367	-2.2404165	-11.831336	-0.66425943	-0.87890029	0
747.01367	-2.2417636	-11.57958	-0.66682601	-0.88193238	0
747.51367	-2.2429109	-12.676431	-0.66922462	-0.88540882	0
748.01367	-2.244565	-11.19704	-0.67195231	-0.88889956	0
748.51367	-2.2456913	-10.618633	-0.67481124	-0.89256287	0
749.01367	-2.2474422	-10.332429	-0.67789608	-0.89597881	0
749.51367	-2.2486403	-9.5300131	-0.68064088	-0.89970946	0
750.01367	-2.2508831	-12.277949	-0.68344718	-0.90337783	0
750.51367	-2.2524416	-8.2846756	-0.68636781	-0.90682387	0
751.01367	-2.2538214	-9.4104595	-0.68868035	-0.90979099	0
751.51367	-2.2553058	-8.5606194	-0.69053853	-0.91223508	0
752.01367	-2.2566438	-7.9497294	-0.69232917	-0.91451585	0
752.51367	-2.258101	-8.8861647	-0.69386607	-0.91667563	0
753.01367	-2.2592709	-8.6085768	-0.69637412	-0.91854304	1
753.51367	-2.2616968	-8.6475897	-0.69760346	-0.92058718	0
754.01367	-2.2631109	-8.2205257	-0.69900131	-0.92259616	0
754.51367	-2.2635937	-6.2411051	-0.70034319	-0.92423588	0
755.01367	-2.2653131	-7.3241034	-0.70152766	-0.92615217	0
755.51367	-2.2671609	-5.6390476	-0.70291543	-0.92790157	0
756.01367	-2.2684827	-6.9451485	-0.70452088	-0.92995226	0
756.51367	-2.2689805	-8.1919203	-0.70591772	-0.93155742	0
757.01367	-2.2718654	-8.0187168	-0.70735061	-0.93368948	0
757.51367	-2.2735178	-7.9307761	-0.70867783	-0.93526185	0
758.01367	-2.2739158	-3.6144776	-0.7103219	-0.93743742	0
758.51367	-2.2754431	-6.5966249	-0.71155584	-0.93903869	0
759.01367	-2.2773206	-6.704824	-0.7130543	-0.94087034	0
759.51367	-2.2793069	-5.282311	-0.71454519	-0.94265342	0
760.01367	-2.2813365	-5.535511	-0.71609074	-0.94475806	0
760.51367	-2.2829905	-4.8838062	-0.7176652	-0.94669878	0
761.01367	-2.2842259	-5.45435	-0.71902996	-0.94870567	0
761.51367	-2.2866712	-4.7142882	-0.72077626	-0.9506011	0
762.01367	-2.2864625	-4.9306455	-0.72210068	-0.95255375	0
762.51367	-2.2886574	-6.3895569	-0.72354192	-0.95447302	0
763.01367	-2.2893264	-7.1257987	-0.72497422	-0.95617712	0
763.51367	-2.2915931	-4.5042953	-0.72655314	-0.95842779	1
764.01367	-2.2923455	-3.3149173	-0.72791213	-0.96007764	0
764.51367	-2.295047	-6.3337021	-0.72943813	-0.96220225	0
765.01367	-2.2956312	-2.0573294	-0.7310074	-0.96413702	0
765.51367	-2.2970901	-2.2926466	-0.73224431	-0.96586972	0
766.01367	-2.2992759	-5.2999954	-0.73361909	-0.96788496	0
766.51367	-2.3002014	-4.2185645	-0.73463762	-0.96961588	0
767.01367	-2.301532	-4.7375531	-0.73574597	-0.97153634	0
767.51367	-2.3027494	-1.9919398	-0.73673701	-0.9731853	0
768.01367	-2.3059204	-1.9290477	-0.73791379	-0.97512215	0
768.51367	-2.3064449	-2.4991763	-0.73921883	-0.97691178	0
769.01367	-2.3076205	-2.105047	-0.7406736	-0.97902328	0
769.51367	-2.3082123	-4.3976054	-0.74211323	-0.9808284	0
770.01367	-2.3101509	-1.2788579	-0.74324167	-0.98286599	0
770.51367	-2.3121402	-2.2210908	-0.74477905	-0.98492503	0
771.01367	-2.3130834	-3.509835	-0.74614817	-0.98654509	0
771.51367	-2.3143351	-0.53434479	-0.74726903	-0.98860323	0
772.01367	-2.3158669	-1.3870689	-0.7488277	-0.99054694	0
772.51367	-2.3178129	1.0228676	-0.75038409	-0.99274457	0
773.01367	-2.3202791	-2.7740207	-0.75209713	-0.99477768	0
773.51367	-2.3218081	1.7200552	-0.75375682	-0.99688023	0
774.01367	-2.3218558	-0.47341254	-0.75554347	-0.99899441	1
774.51367	-2.3231521	0.065863699	-0.75722939	-1.0013676	0
775.01367	-2.3246379	0.63403827	-0.7587803	-1.0033927	0
775.51367	-2.327688	2.6862609	-4.8738046	-8.0762081	0
776.01367	-2.3282542	2.5863159	-4.875669	-8.0762081	0
776.51367	-2.3314073	1.0297353	-4.8762536	-8.0762081	0
777.01367	-2.331002	2.8131561	-4.8760686	-8.0762081	0
777.51367	-2.3329377	1.0144203	-4.8760567	-8.0762081	0
778.01367	-2.3343592	1.7261918	-4.8761997	-8.0762081	0
778.51367	-2.3357244	2.6081827	-4.8761044	-8.0762081	0
779.01367	-2.337198	2.5411081	-4.8761125	-8.0762081	0
779.51367	-2.3387744	1.4249643	-4.8761139	-8.0762081	0
780.01367	-2.3412614	2.5712934	-4.8760505	-8.0762081	0
780.51367	-2.3425326	1.6600063	-4.8761611	-8.0762081	0
781.01367	-2.3430376	3.9036541	-4.8760061	-8.0762081	0
781.51367	-2.3451357	1.3128749	-4.8760633	-8.0762081	0
782.01367	-2.3465424	2.2825553	-4.8760867	-8.0762081	0
782.51367	-2.3488686	3.8907084	-4.8761101	-8.0762081	0
783.01367	-2.3475394	1.812682	-4.8761101	-8.0762081	0
783.51367	-2.3518414	0.57830656	-4.8760982	-8.0762081	0
784.01367	-2.352494	1.7747281	-4.8760629	-8.0762081	0
784.51367	-2.3536875	0.39652768	-4.876163	-8.0762081	1
785.01367	-2.3555861	3.7304454	-4.8761249	-8.0762081	1
785.51367	-2.3580461	0.41919008	-4.8761163	-8.0762081	0
