Temps	Axial D?lacement	Axial Force	Axial fl?he	Axial CMOD*2	Canon
Sec	mm	N	mm	mm	unitless
0.51464844	-0.00128448	-15.456205	8.94E-05	0.003457665	0
1.0146484	-0.001332164	-16.609377	6.74E-05	0.003439486	0
1.5146484	-0.000616908	-15.140499	7.65E-05	0.003471971	0
2.0146484	0.000536442	-16.064562	0.000125859	0.003533661	0
2.5146484	-0.001645088	-16.884499	0.000119936	0.003461242	0
3.0146484	-0.001087785	-15.063463	6.48E-05	0.003463328	0
3.5146484	-0.00269711	-15.981194	4.87E-05	0.00349611	0
4.0146484	-0.004801154	-16.171011	4.73E-05	0.003507733	0
4.5146484	-0.010052323	-15.809055	8.61E-05	0.003611445	0
5.0146484	-0.013503432	-15.672265	8.86E-05	0.003569424	0
5.5146484	-0.017169118	-16.536417	0.000100005	0.00353694	0
6.0146484	-0.019559264	-15.504812	7.53E-05	0.003537238	0
6.5146484	-0.021851063	-15.441303	7.00E-05	0.003606975	0
7.0146484	-0.022107363	-13.581245	0.00011269	0.003583729	0
7.5146484	-0.023666024	-13.989742	6.04E-05	0.003587008	0
8.0146484	-0.026103854	-13.841802	7.20E-05	0.003618896	0
8.5146484	-0.027695298	-15.185025	0.000127126	0.003603995	0
9.0146484	-0.028300285	-15.103277	9.51E-05	0.003547072	0
9.5146484	-0.029790401	-14.981708	2.20E-05	0.003590882	0
10.014648	-0.03220439	-17.349379	2.58E-05	0.003705025	1
10.514648	-0.034078956	-15.269225	8.19E-05	0.003693104	1
11.014648	-0.034669042	-17.060366	0.000103898	0.003670156	0
11.514648	-0.034159422	-16.313951	4.09E-05	0.003612936	0
12.014648	-0.037232041	-14.610867	7.65E-05	0.003460348	0
12.514648	-0.035297871	-16.192059	2.76E-05	0.003610253	0
13.014648	-0.038552284	-16.334066	0.000114068	0.003663003	0
13.514648	-0.042772293	-15.593092	7.03E-05	0.003692806	0
14.014648	-0.041988492	-16.108875	8.15E-05	0.003625453	0
14.514648	-0.04401803	-17.318127	0.000125393	0.003619492	0
15.014648	-0.045382977	-15.926514	2.30E-05	0.003680885	0
15.514648	-0.047796965	-16.510975	7.85E-05	0.003744066	0
16.014648	-0.048276782	-15.117322	1.68E-05	0.003755689	0
16.514648	-0.048440695	-17.372734	8.06E-05	0.003728867	0
17.014648	-0.05197823	-15.19908	8.46E-05	0.003638268	0
17.514648	-0.054582953	-16.432959	0.000128616	0.003760457	0
18.014648	-0.054818392	-14.431901	4.04E-05	0.003753007	0
18.514648	-0.058078766	-13.76334	3.53E-05	0.003728569	0
19.014648	-0.056827068	-15.97649	0.000106115	0.003766716	0
19.514648	-0.059580803	-16.985409	6.18E-05	0.003747344	0
20.014648	-0.061067939	-16.866108	2.51E-05	0.003770292	0
20.514648	-0.062358379	-15.531122	0.000124369	0.003760457	0
21.014648	-0.06339252	-17.980164	5.54E-05	0.003674924	1
21.514648	-0.064435601	-17.173807	3.87E-05	0.003742874	0
22.014648	-0.066128373	-13.068077	0.000107735	0.00379324	0
22.514648	-0.068324804	-14.782601	9.50E-05	0.003877878	0
23.014648	-0.069516897	-15.469789	8.92E-05	0.003951788	0
23.514648	-0.070756674	-15.7979	5.30E-05	0.0038293	0
24.014648	-0.073006749	-14.083165	9.19E-05	0.003933013	0
24.514648	-0.075083971	-16.15823	7.68E-05	0.003927052	0
25.014648	-0.075125694	-16.121883	7.62E-05	0.003931224	0
25.514648	-0.077465177	-15.537002	9.22E-05	0.003908873	0
26.014648	-0.07776618	-16.04542	7.34E-05	0.003911555	0
26.514648	-0.081223249	-13.090781	5.49E-05	0.003888905	0
27.014648	-0.081202388	-15.653833	4.92E-05	0.003924668	0
27.514648	-0.083944201	-14.47832	0.000109877	0.003951788	0
28.014648	-0.085556507	-15.550526	0.000116639	0.003911853	0
28.514648	-0.084865093	-16.533073	7.07E-05	0.003941059	0
29.014648	-0.087228417	-13.420882	8.11E-05	0.003927052	0
29.514648	-0.089985132	-16.617346	0.00011798	0.003939569	0
30.014648	-0.090315938	-14.013711	0.00010794	0.003861487	0
30.514648	-0.091743469	-14.483233	8.87E-05	0.003912449	0
31.014648	-0.09329319	-18.205389	0.000110269	0.003853142	0
31.514648	-0.096926093	-16.551758	6.88E-05	0.003825724	1
32.014648	-0.09611547	-15.120265	7.23E-05	0.003852248	0
32.514648	-0.097689033	-15.86046	5.68E-05	0.003819466	0
33.014648	-0.098440051	-16.545527	0.000117905	0.003734529	0
33.514648	-0.10073185	-16.37546	5.16E-05	0.003829002	0
34.014648	-0.10143816	-16.324028	0.000110809	0.003779829	0
34.514648	-0.10424852	-14.843791	6.01E-05	0.003857613	0
35.014648	-0.10763407	-15.083888	6.76E-05	0.003841519	0
35.514648	-0.10677576	-15.844988	8.11E-05	0.003889799	0
36.014648	-0.10866225	-15.809274	4.03E-05	0.003888011	0
36.514648	-0.11111796	-16.823273	8.34E-05	0.003814399	0
37.014648	-0.1116991	-17.052256	-2.40E-05	0.003722608	0
37.514648	-0.11285245	-15.005885	0.000101421	0.00382334	0
38.014648	-0.11625886	-15.390856	0.00010116	0.003753007	0
38.514648	-0.11544824	-16.159149	8.73E-05	0.003552437	0
39.014648	-0.11869371	-18.323141	5.18E-05	0.003264248	0
39.514648	-0.11835098	-14.724945	8.64E-05	0.003229082	0
40.014648	-0.12070537	-14.435352	6.45E-05	0.003147125	0
40.514648	-0.12242198	-15.473325	0.000128243	0.003216863	0
41.014648	-0.1242727	-14.508298	0.000103544	0.003097653	0
41.514648	-0.12489855	-15.26962	2.41E-05	0.003113151	0
42.014648	-0.12783408	-14.671357	7.81E-05	0.003056824	1
42.514648	-0.12916923	-18.320076	8.07E-05	0.003040433	0
43.014648	-0.12963712	-16.862738	2.59E-05	0.002965629	0
43.514648	-0.13067126	-18.258511	5.64E-05	0.002948642	0
44.014648	-0.13184249	-18.78075	7.96E-05	0.003049672	0
44.514648	-0.13507307	-17.86828	5.88E-05	0.002992153	0
45.014648	-0.13458431	-18.406555	7.80E-05	0.003149211	0
45.514648	-0.13867021	-17.438435	9.52E-05	0.0030002	0
46.014648	-0.13815463	-17.625408	5.81E-05	0.002956688	0
46.514648	-0.1387924	-19.105034	8.06E-05	0.002961755	0
47.014648	-0.14016628	-20.672222	2.54E-05	0.002962351	0
47.514648	-0.14366806	-17.648323	8.83E-05	0.003041327	0
48.014648	-0.14563799	-17.839617	7.51E-05	0.00297904	0
48.514648	-0.14624	-19.907976	8.72E-05	0.002999902	0
49.014648	-0.14763176	-19.050184	5.79E-05	0.002980828	0
49.514648	-0.14834702	-19.692055	0.000116061	0.00304997	0
50.014648	-0.15172362	-16.470083	0.000147577	0.003116429	0
50.514648	-0.15263855	-16.595888	9.77E-05	0.003069341	0
51.014648	-0.15488863	-19.502815	6.69E-05	0.003053844	0
51.514648	-0.1558423	-18.455824	0.000104979	0.002974868	0
52.014648	-0.15665591	-19.00732	6.80E-05	0.002964437	0
52.514648	-0.15785396	-19.674126	0.000126585	0.002934337	1
53.014648	-0.15925467	-20.914993	7.56E-05	0.002906919	1
53.514648	-0.16151369	-19.376741	8.53E-05	0.002975464	0
54.014648	-0.16153157	-21.21484	6.12E-05	0.002980828	0
54.514648	-0.16454458	-19.430069	4.15E-05	0.00295192	0
55.014648	-0.16524494	-17.625589	6.28E-05	0.002879202	0
55.514648	-0.16667545	-18.699131	7.38E-05	0.003042221	0
56.014648	-0.16776621	-18.991734	8.27E-06	0.002978444	0
56.514648	-0.17019808	-19.493973	6.33E-05	0.002895296	0
57.014648	-0.17286539	-20.917274	7.57E-05	0.002975166	0
57.514648	-0.17208159	-18.342621	5.04E-05	0.003006756	0
58.014648	-0.17463565	-20.753805	9.22E-05	0.002929568	0
58.514648	-0.17709434	-18.557131	5.55E-05	0.003055632	0
59.014648	-0.17776191	-19.87459	0.000129323	0.003114641	0
59.514648	-0.17941296	-20.347113	6.45E-05	0.002922416	0
60.014648	-0.18001497	-18.79451	0.00010835	0.002954006	0
60.514648	-0.18250048	-19.304422	0.000111014	0.00290513	0
61.014648	-0.18509328	-19.174212	6.05E-06	0.002985001	0
61.514648	-0.18488169	-18.44503	4.11E-05	0.002848208	0
62.014648	-0.18740296	-17.325859	8.37E-05	0.002769232	0
62.514648	-0.18799007	-19.287037	0.000101328	0.002808273	0
63.014648	-0.19085705	-18.041759	4.83E-05	0.002960861	0
63.514648	-0.19035041	-15.996929	3.07E-05	0.002834201	1
64.014648	-0.19278228	-18.857239	8.66E-05	0.00289619	0
64.514648	-0.19388199	-19.958544	8.78E-05	0.002773106	0
65.014648	-0.19463897	-20.065638	9.17E-05	0.002833903	0
65.514648	-0.19682646	-19.499296	9.81E-05	0.002851188	0
66.014648	-0.19894838	-20.241257	5.20E-05	0.002839863	0
66.514648	-0.19927919	-20.654398	0.000180155	0.00282675	0
67.014648	-0.20030737	-19.178329	3.66E-05	0.002806485	0
67.514648	-0.20292997	-19.273008	7.35E-05	0.00274092	0
68.014648	-0.2037555	-18.017908	8.43E-05	0.002852976	0
68.514648	-0.20699501	-19.353127	8.52E-05	0.00286907	0
69.014648	-0.20700097	-20.431786	9.59E-05	0.002820194	0
69.514648	-0.20872355	-18.595551	0.000151489	0.002959967	0
70.014648	-0.21183491	-21.094059	8.75E-05	0.002910197	0
70.514648	-0.2128154	-21.347752	9.38E-05	0.0028193	0
71.014648	-0.21387637	-20.30448	4.34E-05	0.002902448	0
71.514648	-0.21392405	-20.513676	5.76E-05	0.002768934	0
72.014648	-0.21642447	-19.402641	0.000120886	0.002856851	0
72.514648	-0.21896958	-21.192888	7.02E-05	0.00287503	0
73.014648	-0.21895468	-22.53767	5.15E-05	0.002751648	0
73.514648	-0.22238195	-21.252396	2.38E-05	0.002778769	0
74.014648	-0.22158921	-19.783905	0.000105836	0.002703071	1
74.514648	-0.22388399	-21.779606	8.61E-05	0.002803803	0
75.014648	-0.22496879	-23.269209	9.89E-05	0.002820194	0
75.514648	-0.22735894	-20.278851	0.000119172	0.002802312	0
76.014648	-0.22880733	-21.888823	8.23E-05	0.002886355	0
76.514648	-0.23021698	-21.798771	6.68E-05	0.002714396	0
77.014648	-0.23131371	-21.611139	9.89E-05	0.002765656	0
77.514648	-0.23215711	-20.472647	5.20E-05	0.00274837	0
78.014648	-0.23485124	-21.178324	8.94E-05	0.002681911	0
78.514648	-0.23792982	-20.413883	5.99E-05	0.002770722	0
79.014648	-0.23676157	-20.171616	0.000113472	0.002764165	0
79.514648	-0.23958981	-18.416927	4.38E-05	0.002693832	0
80.014648	-0.24140477	-21.216715	0.000108369	0.002809167	0
80.514648	-0.24157166	-19.312826	0.000107381	0.002692342	0
81.014648	-0.24363697	-22.357666	5.64E-05	0.002653301	0
81.514648	-0.24394393	-20.735716	0.000100825	0.002641976	0
82.014648	-0.2456516	-22.92107	6.04E-05	0.002693832	0
82.514648	-0.24820864	-19.911526	6.38E-05	0.00272274	0
83.014648	-0.24916828	-18.912086	6.58E-05	0.002784431	0
83.514648	-0.25014281	-19.050375	0.000104886	0.002714098	0
84.014648	-0.25222301	-20.203653	7.64E-05	0.00266403	0
84.514648	-0.25330186	-20.326578	8.46E-05	0.002581477	1
85.014648	-0.25651753	-19.675955	5.89E-05	0.00256747	0
85.514648	-0.25737882	-21.142088	9.05E-05	0.002644956	0
86.014648	-0.25705993	-22.516882	5.95E-05	0.002700985	0
86.514648	-0.25891066	-21.540039	0.000131726	0.00268817	0
87.014648	-0.26074052	-21.553207	0.000117701	0.002618134	0
87.514648	-0.26290119	-20.535028	0.000136197	0.002565086	0
88.014648	-0.26476681	-20.180861	8.13E-05	0.002675653	0
88.514648	-0.26771128	-21.90094	6.68E-05	0.002678633	0
89.014648	-0.26778579	-22.107824	0.000106376	0.002515018	0
89.514648	-0.26841164	-21.191936	3.55E-05	0.002549291	0
90.014648	-0.27099848	-20.724634	0.000114758	0.002563298	0
90.514648	-0.27290583	-22.489321	5.47E-05	0.002541542	0
91.014648	-0.27329624	-20.650791	0.00010984	0.002529323	0
91.514648	-0.27554631	-20.64448	9.51E-05	0.002637804	0
92.014648	-0.27675927	-21.298637	0.000101198	0.002485812	0
92.514648	-0.27811229	-22.544481	9.96E-05	0.00253737	0
93.014648	-0.28051138	-22.717827	9.31E-05	0.002581477	0
93.514648	-0.28138757	-21.429228	4.68E-05	0.002508462	0
94.014648	-0.28172135	-22.179939	8.77E-05	0.002520382	0
94.514648	-0.28435588	-19.905462	7.33E-05	0.002529919	0
95.014648	-0.28453767	-20.308811	0.000113379	0.002449751	1
95.514648	-0.28627217	-20.833191	6.96E-05	0.002467632	0
96.014648	-0.28763711	-22.672529	6.85E-05	0.002542436	0
96.514648	-0.28993189	-22.499178	0.000122748	0.002350807	0
97.014648	-0.2922982	-23.110418	8.28E-05	0.002458096	0
97.514648	-0.29304028	-23.240515	0.0001394	0.002465844	0
98.014648	-0.29476881	-21.144484	6.58E-05	0.002374351	0
98.514648	-0.29694438	-21.830538	6.42E-05	0.002290011	0
99.014648	-0.29718578	-21.346308	9.36E-05	0.002340674	0
99.514648	-0.29819906	-21.746792	9.27E-05	0.00236243	0
100.01465	-0.30024946	-22.952332	6.35E-05	0.002394021	0
100.51465	-0.30197501	-23.21781	4.13E-05	0.002344251	0
101.01465	-0.30400753	-22.765472	9.33E-05	0.002376139	0
101.51465	-0.30540526	-22.802971	9.72E-05	0.002315939	0
102.01465	-0.30721426	-23.334705	7.67E-05	0.002313554	0
102.51465	-0.30927658	-24.451254	8.20E-05	0.002304614	0
103.01465	-0.30949116	-23.504284	3.09E-05	0.002300441	0
103.51465	-0.3108412	-24.395845	4.15E-05	0.002267957	0
104.01465	-0.31116903	-23.085823	7.31E-05	0.002223551	0
104.51465	-0.31178296	-21.581436	4.79E-05	0.002234876	0
105.01465	-0.31533241	-23.070673	9.12E-05	0.002324581	0
105.51465	-0.31691194	-24.337934	9.83E-05	0.002232194	1
106.01465	-0.31858087	-22.488304	3.56E-05	0.002260208	1
106.51465	-0.32045245	-21.996496	7.20E-05	0.002216697	0
107.01465	-0.32139122	-23.661444	7.56E-05	0.002286434	0
107.51465	-0.32126307	-23.864098	6.17E-05	0.002250969	0
108.01465	-0.32363832	-21.660795	4.07E-05	0.002266765	0
108.51465	-0.32518804	-24.870842	5.60E-05	0.002268851	0
109.01465	-0.32730699	-22.992771	6.13E-05	0.002208054	0
109.51465	-0.32988787	-22.153429	0.00010496	0.002298951	0
110.01465	-0.33098459	-25.813644	9.40E-05	0.002309084	0
110.51465	-0.33253431	-27.281521	0.000119042	0.002291501	0
111.01465	-0.33468008	-23.569941	7.25E-05	0.002116263	0
111.51465	-0.3362149	-23.466661	8.33E-05	0.002108514	0
112.01465	-0.33679008	-24.74612	0.00012733	0.002184808	0
112.51465	-0.33900142	-23.497654	6.78E-05	0.002185702	0
113.01465	-0.34060776	-23.144754	7.21E-05	0.002174377	0
113.51465	-0.34269392	-23.557447	6.17E-05	0.002157092	0
114.01465	-0.34408569	-23.635178	0.000106972	0.002172589	0
114.51465	-0.34403801	-23.020548	7.99E-05	0.002145767	0
115.01465	-0.3459096	-23.557943	4.25E-05	0.002146959	0
115.51465	-0.34621954	-22.963636	6.51E-05	0.002280176	0
116.01465	-0.34939051	-23.946932	0.00016151	0.002309382	0
116.51465	-0.34986138	-24.017282	7.12E-05	0.002220869	1
117.01465	-0.35176575	-23.675362	0.000108518	0.002329648	0
117.51465	-0.35371482	-23.001152	8.23E-05	0.002366304	0
118.01465	-0.35419464	-22.743254	0.000105239	0.002236962	0
118.51465	-0.3557831	-22.640955	6.11E-05	0.002350211	0
119.01465	-0.3582269	-23.295631	0.000144299	0.002331436	0
119.51465	-0.35875142	-24.520508	8.84E-05	0.002342165	0
120.01465	-0.36129653	-23.70274	5.14E-05	0.002382398	0
120.51465	-0.36079884	-21.603762	0.000127424	0.002379119	0
121.01465	-0.36492348	-24.660887	8.19E-05	0.002462566	0
121.51465	-0.36508739	-23.856655	6.32E-05	0.002298057	0
122.01465	-0.36770701	-22.831774	9.15E-05	0.002489984	0
122.51465	-0.36986172	-23.691149	9.95E-05	0.002427101	0
123.01465	-0.36958754	-23.235439	5.84E-05	0.002423525	0
123.51465	-0.37100315	-23.052134	7.51E-05	0.002463758	0
124.01465	-0.37260354	-24.586147	8.85E-05	0.002481639	0
124.51465	-0.37406385	-22.278435	4.49E-05	0.002400875	0
125.01465	-0.37617385	-24.670467	3.89E-05	0.002518296	0
125.51465	-0.37652552	-23.005335	0.000135768	0.002419055	0
126.01465	-0.37845075	-21.757051	4.73E-05	0.002455115	0
126.51465	-0.38132071	-22.477768	7.56E-05	0.002380014	0
127.01465	-0.38114786	-25.483265	0.000120588	0.002485514	1
127.51465	-0.38291216	-22.289665	7.62E-05	0.002465844	0
128.01465	-0.38541257	-23.018017	9.57E-05	0.002366006	0
128.51465	-0.38742423	-23.391655	0.000173096	0.002409518	0
129.01465	-0.38728714	-21.956961	7.74E-05	0.002455711	0
129.51465	-0.38789809	-21.973085	9.97E-05	0.002384186	0
130.01465	-0.3903091	-21.53323	0.000118837	0.002415776	0
130.51465	-0.39301515	-23.563652	9.84E-05	0.002453029	0
131.01465	-0.39310753	-23.022387	4.99E-05	0.002556443	0
131.51465	-0.39449632	-22.529799	6.42E-05	0.002421141	0
132.01465	-0.39714575	-25.192675	0.000136662	0.002457202	0
132.51465	-0.39736331	-24.101454	9.64E-05	0.002405345	0
133.01465	-0.39880276	-21.1551	8.04E-05	0.002391338	0
133.51465	-0.4003793	-23.33189	8.90E-05	0.002448857	0
134.01465	-0.40275753	-23.052401	6.55E-05	0.002344549	0
134.51465	-0.405249	-22.452122	7.14E-05	0.002403855	0
135.01465	-0.40531456	-22.141315	5.44E-05	0.002368987	0
135.51465	-0.40534139	-23.07634	5.09E-05	0.002425611	0
136.01465	-0.40963888	-22.554413	4.35E-05	0.002451837	0
136.51465	-0.40873587	-22.092064	6.28E-05	0.002539456	0
137.01465	-0.4109323	-22.400045	2.02E-05	0.002534986	0
137.51465	-0.41379333	-21.062799	6.92E-05	0.002481937	1
138.01465	-0.41418672	-23.010523	4.16E-05	0.002435446	0
138.51465	-0.41590333	-23.161518	6.16E-05	0.002498031	0
139.01465	-0.41853487	-20.618095	5.96E-05	0.002414584	0
139.51465	-0.41817427	-23.734655	7.87E-05	0.002403855	0
140.01465	-0.42079389	-21.409239	5.87E-05	0.00248313	0
140.51465	-0.42204261	-21.773308	4.06E-05	0.002498031	0
141.01465	-0.42433441	-22.332279	6.29E-05	0.002485216	0
141.51465	-0.42758584	-24.282486	7.15E-05	0.002526045	0
142.01465	-0.42756498	-24.361256	6.64E-05	0.002411604	0
142.51465	-0.42967796	-23.712624	7.81E-05	0.002564788	0
143.01465	-0.42868257	-25.842409	4.69E-05	0.002430975	0
143.51465	-0.43250024	-23.437227	6.75E-05	0.002487302	0
144.01465	-0.43314099	-24.623957	7.75E-05	0.00252068	0
144.51465	-0.43526292	-24.005196	2.67E-05	0.002438128	0
145.01465	-0.43590069	-23.234127	3.15E-05	0.002368093	0
145.51465	-0.43726563	-23.320641	8.15E-05	0.002451539	0
146.01465	-0.43894649	-23.621206	9.84E-05	0.00244081	0
146.51465	-0.44140518	-25.532476	8.72E-05	0.002585053	0
147.01465	-0.44084787	-22.519306	7.51E-05	0.002501607	0
147.51465	-0.44467151	-25.724276	3.01E-05	0.002546012	0
148.01465	-0.44521987	-24.46244	7.42E-05	0.00259161	1
148.51465	-0.44748783	-23.59696	8.52E-05	0.002678931	1
149.01465	-0.4468292	-22.462225	0.000144038	0.002595484	0
149.51465	-0.44910908	-23.687708	0.000115428	0.002592504	0
150.01465	-0.45012534	-22.229475	9.74E-05	0.002570152	0
150.51465	-0.45253336	-22.701012	5.98E-05	0.002540946	0
151.01465	-0.45448244	-24.288097	0.000104755	0.002563596	0
151.51465	-0.45333207	-22.634462	7.71E-05	0.002513528	0
152.01465	-0.45755208	-22.191826	1.72E-05	0.002586842	0
152.51465	-0.45704544	-24.428778	7.94E-05	0.002626479	0
153.01465	-0.45981109	-23.252283	0.000128523	0.002548397	0
153.51465	-0.46175122	-22.056316	8.55E-05	0.002630353	0
154.01465	-0.46119988	-25.829329	7.34E-05	0.002605021	0
154.51465	-0.4640907	-24.375343	5.41E-05	0.002506673	0
155.01465	-0.46672821	-24.307348	7.63E-05	0.002528727	0
155.51465	-0.46700537	-24.05271	6.06E-05	0.002552867	0
156.01465	-0.46789944	-25.600872	2.01E-05	0.002562404	0
156.51465	-0.46856999	-25.328445	7.47E-05	0.0026685	0
157.01465	-0.47153533	-23.250444	2.88E-05	0.002439022	0
157.51465	-0.47291815	-23.845253	8.63E-05	0.002586842	0
158.01465	-0.47458112	-23.556187	0.000124443	0.002547503	0
158.51465	-0.47589839	-25.897608	8.58E-05	0.002558529	0
159.01465	-0.47641695	-24.377611	8.85E-05	0.002549887	1
159.51465	-0.48022866	-25.440042	7.61E-05	0.002601147	0
160.01465	-0.479424	-25.019737	0.00016382	0.002603531	0
160.51465	-0.4830271	-26.657948	2.67E-05	0.002523363	0
161.01465	-0.48320889	-26.552011	4.80E-05	0.002547205	0
161.51465	-0.48477054	-26.867001	8.37E-05	0.002508462	0
162.01465	-0.48657954	-24.925915	0.00010388	0.002450645	0
162.51465	-0.48831999	-26.237844	8.65E-05	0.002574623	0
163.01465	-0.49073696	-26.178034	0.000103395	0.002520979	0
163.51465	-0.49000978	-26.719341	8.40E-05	0.00253588	0
164.01465	-0.49216449	-28.554794	9.47E-05	0.002548993	0
164.51465	-0.49210191	-27.75276	8.74E-05	0.002610683	0
165.01465	-0.49600601	-27.367741	6.81E-05	0.002572238	0
165.51465	-0.497967	-27.412361	7.85E-05	0.002470911	0
166.01465	-0.49894452	-27.532215	7.55E-05	0.002496839	0
166.51465	-0.49982965	-26.748131	6.34E-05	0.002438128	0
167.01465	-0.5019486	-28.274342	7.75E-05	0.00238806	0
167.51465	-0.50365627	-28.813734	0.000115689	0.002448857	0
168.01465	-0.50406158	-29.969196	6.00E-05	0.002515316	0
168.51465	-0.50560236	-28.79266	4.73E-05	0.002437234	0
169.01465	-0.50677657	-30.461685	0.000123829	0.002539158	0
169.51465	-0.51062703	-29.840813	3.48E-05	0.002392232	1
170.01465	-0.51095784	-31.365887	5.79E-05	0.002408028	0
170.51465	-0.51167309	-30.587204	9.94E-05	0.002351105	0
171.01465	-0.51439106	-30.798346	7.37E-05	0.002477765	0
171.51465	-0.51542222	-32.823853	0.000111554	0.002374351	0
172.01465	-0.5166173	-32.803833	3.86E-05	0.002564192	0
172.51465	-0.51782131	-32.03965	7.02E-05	0.002589226	0
173.01465	-0.51877201	-32.312107	5.32E-05	0.002502799	0
173.51465	-0.5224973	-33.135002	9.87E-05	0.002587736	0
174.01465	-0.52260756	-31.815947	7.56E-05	0.00254035	0
174.51465	-0.52331388	-33.9617	0.000103544	0.002494454	0
175.01465	-0.52648783	-31.478018	5.67E-05	0.002374351	0
175.51465	-0.52502751	-34.509018	7.39E-05	0.002419949	0
176.01465	-0.52844286	-31.58386	9.01E-05	0.002504587	0
176.51465	-0.52875876	-34.168888	5.39E-05	0.002423525	0
177.01465	-0.53127706	-33.822445	0.000106618	0.002517104	0
177.51465	-0.53123236	-31.951681	4.01E-05	0.002477169	0
178.01465	-0.53327978	-32.423176	4.05E-05	0.002498031	0
178.51465	-0.537467	-33.925438	8.93E-05	0.002481937	0
179.01465	-0.53767264	-34.746742	0.000146776	0.002453327	0
179.51465	-0.53830445	-37.466248	5.79E-05	0.002444387	0
180.01465	-0.54076016	-37.090004	7.27E-05	0.002509058	1
180.51465	-0.54121912	-35.42524	7.02E-05	0.002385378	0
181.01465	-0.54324865	-37.080563	0.000114292	0.002417266	0
181.51465	-0.54518282	-35.738216	1.12E-05	0.002320707	0
182.01465	-0.54693222	-35.521893	7.54E-05	0.002495349	0
182.51465	-0.54769814	-36.629902	7.21E-05	0.002439916	0
183.01465	-0.54991841	-35.234501	6.20E-05	0.002464354	0
183.51465	-0.55083334	-36.007233	7.91E-05	0.002369881	0
184.01465	-0.55176914	-38.024654	6.42E-05	0.00249356	0
184.51465	-0.55249631	-35.900135	5.44E-05	0.002449453	0
185.01465	-0.55614412	-35.810352	8.09E-05	0.002371967	0
185.51465	-0.55579543	-39.071918	5.60E-05	0.002419055	0
186.01465	-0.55883825	-39.671944	0.000113826	0.002408624	0
186.51465	-0.56015551	-39.104618	8.15E-05	0.00241071	0
187.01465	-0.55982172	-41.851929	0.00011107	0.002433658	0
187.51465	-0.56162179	-43.511715	3.85E-05	0.002452731	0
188.01465	-0.56612492	-42.711128	7.07E-05	0.002374947	0
188.51465	-0.56712329	-41.437469	8.82E-05	0.002372265	0
189.01465	-0.56678653	-43.039932	2.37E-05	0.002216399	0
189.51465	-0.56902468	-42.568218	7.06E-05	0.002429485	0
190.01465	-0.5718112	-44.19017	0.000145882	0.002315939	0
190.51465	-0.57245791	-41.551289	0.000124946	0.002287328	1
191.01465	-0.57352781	-44.263283	5.57E-05	0.002405047	0
191.51465	-0.575912	-46.770996	7.83E-05	0.002395809	0
192.01465	-0.57686567	-45.215794	7.93E-05	0.002245605	0
192.51465	-0.57851672	-47.624706	0.000126064	0.00233978	0
193.01465	-0.57904124	-49.328415	7.34E-05	0.002334118	0
193.51465	-0.58044791	-52.216877	8.55E-05	0.002364218	0
194.01465	-0.58222115	-54.174191	0.000103358	0.002174079	0
194.51465	-0.58183074	-57.79916	2.98E-05	0.002166629	0
195.01465	-0.58407485	-60.057884	0.000128578	0.002190173	0
195.51465	-0.58681369	-64.311661	0.000125393	0.002132356	0
196.01465	-0.58694482	-65.732582	0.000136402	0.002215803	0
196.51465	-0.59025884	-71.270294	5.98E-05	0.002174377	0
197.01465	-0.59115887	-75.129814	8.39E-05	0.002065003	0
197.51465	-0.59251487	-75.18972	8.35E-05	0.002135038	0
198.01465	-0.59432387	-79.699142	0.000124201	0.002160668	0
198.51465	-0.59593022	-80.963577	7.42E-05	0.002148449	0
199.01465	-0.59799254	-88.297234	5.28E-05	0.002027452	0
199.51465	-0.59739947	-87.391556	7.25E-05	0.001966059	0
200.01465	-0.60044825	-91.240799	3.41E-05	0.002046228	0
200.51465	-0.60114563	-94.661301	0.000130832	0.001941025	0
201.01465	-0.60277283	-94.481163	7.50E-05	0.00205636	1
201.51465	-0.60397983	-95.117226	6.34E-05	0.002107322	1
202.01465	-0.60587823	-96.50444	7.68E-05	0.002028346	0
202.51465	-0.60956478	-96.647575	6.59E-05	0.002045035	0
203.01465	-0.6085366	-97.738464	0.000105854	0.002135932	0
203.51465	-0.61155558	-99.169594	3.43E-05	0.002130568	0
204.01465	-0.61200857	-101.03411	3.06E-05	0.002042949	0
204.51465	-0.61249733	-101.26007	0.000114609	0.002092123	0
205.01465	-0.61556101	-101.1965	0.000122711	0.002134442	0
205.51465	-0.61779916	-101.08454	6.28E-05	0.002062619	0
206.01465	-0.61827898	-101.294	7.06E-05	0.002112985	0
206.51465	-0.62041879	-104.36066	5.87E-05	0.002200007	0
207.01465	-0.62133372	-104.16785	7.76E-05	0.00221163	0
207.51465	-0.62275231	-103.18668	4.62E-05	0.00213325	0
208.01465	-0.62503219	-104.48969	7.36E-05	0.002175868	0
208.51465	-0.62658489	-104.91576	0.00010943	0.00213027	0
209.01465	-0.6283462	-107.47037	6.99E-05	0.002195239	0
209.51465	-0.62801838	-110.23885	0.000111349	0.002242625	0
210.01465	-0.62932074	-111.66167	8.25E-05	0.00208348	0
210.51465	-0.63271523	-112.84811	6.87E-05	0.002088249	0
211.01465	-0.63289702	-114.7683	6.44E-05	0.002045631	0
211.51465	-0.63569248	-117.08662	7.32E-05	0.002135336	0
212.01465	-0.63670576	-120.242	0.000103414	0.002092421	1
212.51465	-0.639081	-120.67616	0.000105798	0.002020598	0
213.01465	-0.63925385	-123.98458	2.18E-05	0.002121031	0
213.51465	-0.64006746	-125.99051	4.94E-05	0.002120137	0
214.01465	-0.64207613	-129.48206	7.86E-05	0.002060235	0
214.51465	-0.64302683	-130.42378	8.77E-05	0.001979768	0
215.01465	-0.64619184	-128.93369	0.000107344	0.001926124	0
215.51465	-0.64745247	-136.07727	9.46E-05	0.002065301	0
216.01465	-0.64865649	-136.04054	6.33E-05	0.002031028	0
216.51465	-0.64926147	-138.31056	0.000116359	0.001887381	0
217.01465	-0.6516248	-138.68666	0.000102241	0.001954734	0
217.51465	-0.6534189	-140.12788	8.41E-05	0.001910031	0
218.01465	-0.65453649	-141.45334	9.19E-05	0.001956821	0
218.51465	-0.65552294	-146.80937	0.000152253	0.001946986	0
219.01465	-0.65726936	-148.33507	8.16E-05	0.001975894	0
219.51465	-0.65933168	-149.24709	3.86E-05	0.001863241	0
220.01465	-0.66145658	-153.51141	9.93E-05	0.001934767	0
220.51465	-0.66225827	-152.983	0.00012897	0.001858473	0
221.01465	-0.66541135	-158.95375	0.000123121	0.001824796	0
221.51465	-0.66516399	-160.12738	0.000101738	0.001891255	0
222.01465	-0.66549182	-161.539	5.50E-05	0.00173986	0
222.51465	-0.66810548	-162.96645	8.66E-05	0.001896918	1
223.01465	-0.66958666	-167.41087	0.000128634	0.001843274	0
223.51465	-0.67164302	-172.99684	1.87E-05	0.0016886	0
224.01465	-0.67186654	-174.17419	6.92E-05	0.001799464	0
224.51465	-0.6750226	-177.61142	8.68E-05	0.001879633	0
225.01465	-0.67391098	-182.20258	0.000114925	0.001781583	0
225.51465	-0.677073	-185.31868	5.49E-05	0.00166893	0
226.01465	-0.6778121	-188.20067	9.86E-05	0.001723766	0
226.51465	-0.68031549	-192.19052	0.000133533	0.001649857	0
227.01465	-0.68105459	-195.8947	2.85E-05	0.001734495	0
227.51465	-0.68319738	-201.05611	8.48E-05	0.001632571	0
228.01465	-0.68499744	-200.76491	6.56E-05	0.001588464	0
228.51465	-0.68422556	-206.6088	4.40E-05	0.001659989	0
229.01465	-0.68610013	-209.33493	6.73E-05	0.001721382	0
229.51465	-0.68908036	-211.64809	9.42E-05	0.001612306	0
230.01465	-0.69078207	-218.04555	6.60E-05	0.001573265	0
230.51465	-0.69279075	-220.9131	0.000138748	0.001488328	0
231.01465	-0.69381297	-223.17809	5.87E-05	0.001511872	0
231.51465	-0.69358051	-227.71844	0.000100583	0.001548827	0
232.01465	-0.69683492	-231.52777	0.000104811	0.001567006	0
232.51465	-0.69783926	-235.90808	7.74E-05	0.001502037	0
233.01465	-0.6993711	-236.24576	8.74E-05	0.001508594	1
233.51465	-0.70105195	-237.87886	7.70E-05	0.001475513	0
234.01465	-0.70232153	-237.14731	6.39E-05	0.001465082	0
234.51465	-0.70381463	-239.42601	0.000111256	0.001488626	0
235.01465	-0.70566535	-246.28996	8.56E-05	0.001457334	0
235.51465	-0.70720315	-246.73808	8.81E-05	0.001429617	0
236.01465	-0.70973337	-249.54024	8.36E-05	0.001452267	0
236.51465	-0.71083605	-254.31026	5.78E-05	0.001387	0
237.01465	-0.71154237	-254.80405	9.07E-05	0.001410842	0
237.51465	-0.71488023	-259.43845	5.44E-05	0.001403987	0
238.01465	-0.71550608	-258.89819	0.000111498	0.001409948	0
238.51465	-0.71489513	-261.0799	8.47E-05	0.001298189	0
239.01465	-0.71839988	-263.96951	5.37E-05	0.001366735	0
239.51465	-0.7191956	-267.07394	9.21E-05	0.001385808	0
240.01465	-0.71930587	-271.10825	9.20E-05	0.001260042	0
240.51465	-0.72124302	-276.37799	9.78E-05	0.001325011	0
241.01465	-0.72328448	-277.80878	0.000132117	0.001287758	0
241.51465	-0.72435439	-283.65363	5.64E-05	0.001320243	0
242.01465	-0.72616041	-287.22122	0.000127293	0.001176596	0
242.51465	-0.72718263	-294.16055	9.28E-05	0.001303852	0
243.01465	-0.72950125	-296.13974	9.36E-05	0.001235604	0
243.51465	-0.73143244	-299.01419	8.06E-05	0.001216531	1
244.01465	-0.73172748	-302.31735	9.60E-05	0.001107156	1
244.51465	-0.73320866	-306.539	8.54E-05	0.001109541	0
245.01465	-0.73418021	-311.0723	8.57E-05	0.001186431	0
245.51465	-0.73744655	-309.50473	8.44E-05	0.001164675	0
246.01465	-0.73849857	-314.88641	8.20E-05	0.001216829	0
246.51465	-0.74068308	-317.11221	6.89E-05	0.001143217	0
247.01465	-0.74063838	-316.974	0.000101291	0.001108348	0
247.51465	-0.74321032	-322.1839	5.72E-05	0.001059473	0
248.01465	-0.74426532	-324.43628	4.42E-05	0.00107497	0
248.51465	-0.74622333	-326.39551	9.50E-05	0.001108944	0
249.01465	-0.7468611	-333.5946	8.04E-05	0.001012087	0
249.51465	-0.75239241	-340.25595	4.66E-05	0.000905097	0
250.01465	-0.75164735	-342.43127	5.55E-05	0.00102818	0
250.51465	-0.75292289	-346.65454	7.71E-05	0.000966489	0
251.01465	-0.75438917	-350.71002	9.65E-05	0.000925958	0
251.51465	-0.75494051	-353.42609	7.00E-05	0.000905693	0
252.01465	-0.75754821	-358.25098	0.000108667	0.000828207	0
252.51465	-0.75965226	-359.20779	9.76E-05	0.00089407	0
253.01465	-0.75945556	-364.88739	7.64E-05	0.000919104	0
253.51465	-0.76085925	-369.96478	8.13E-05	0.000775158	0
254.01465	-0.76400638	-371.17712	7.25E-05	0.000909567	0
254.51465	-0.76342821	-373.87045	4.76E-05	0.000838637	1
255.01465	-0.76420307	-378.72379	6.99E-05	0.000783205	0
255.51465	-0.76639056	-381.30936	6.43E-05	0.000809729	0
256.01465	-0.76634288	-386.14972	0.000130255	0.000694692	0
256.51465	-0.76955259	-389.05655	7.15E-05	0.000728369	0
257.01465	-0.77129304	-393.96072	9.40E-05	0.000662804	0
257.51465	-0.77352524	-397.56653	3.65E-05	0.00076592	0
258.01465	-0.77337325	-401.50366	9.62E-05	0.000702441	0
258.51465	-0.77556074	-405.35513	0.00010401	0.000558496	0
259.01465	-0.77612698	-411.26462	8.99E-05	0.000707209	0
259.51465	-0.77973902	-411.53891	9.98E-05	0.000712276	0
260.01465	-0.77982843	-419.21109	8.02E-05	0.000582933	0
260.51465	-0.78181326	-420.3306	9.71E-05	0.000516772	0
261.01465	-0.78220665	-423.05017	9.75E-05	0.000624955	0
261.51465	-0.78364015	-428.28952	9.47E-05	0.00058651	0
262.01465	-0.78475475	-432.04852	6.57E-05	0.000573099	0
262.51465	-0.78754425	-428.19846	0.000112038	0.000653267	0
263.01465	-0.78850985	-425.58966	9.30E-05	0.000561774	0
263.51465	-0.79160929	-422.0686	4.01E-05	0.000649989	0
264.01465	-0.79375803	-420.59598	4.47E-05	0.00067234	0
264.51465	-0.79452991	-424.95752	0.000114217	0.000635982	0
265.01465	-0.79595745	-424.98328	7.28E-05	0.000657141	1
265.51465	-0.79742968	-428.31931	8.50E-05	0.000533164	0
266.01465	-0.79941452	-430.38138	7.04E-05	0.000523627	0
266.51465	-0.80013871	-430.19669	6.81E-05	0.000532269	0
267.01465	-0.80246627	-434.15512	6.24E-05	0.000579357	0
267.51465	-0.80264509	-436.31277	8.31E-05	0.000527501	0
268.01465	-0.80541372	-436.35266	7.79E-05	0.00058949	0
268.51465	-0.80524385	-438.09384	3.33E-05	0.000499487	0
269.01465	-0.80746412	-443.73074	9.08E-05	0.000563264	0
269.51465	-0.80956817	-447.38623	3.78E-05	0.000471175	0
270.01465	-0.8097142	-449.04306	0.000124779	0.000506043	0
270.51465	-0.8136481	-453.24957	8.92E-05	0.000460148	0
271.01465	-0.8128047	-452.22662	4.64E-05	0.000505447	0
271.51465	-0.81537664	-460.33466	7.77E-05	0.000381768	0
272.01465	-0.81656277	-460.96646	0.000123717	0.000411868	0
272.51465	-0.81710517	-466.7887	0.000111721	0.000448823	0
273.01465	-0.81961155	-467.95099	6.40E-05	0.000377297	0
273.51465	-0.82077682	-468.65524	5.56E-05	0.000424981	0
274.01465	-0.82333684	-470.92487	9.78E-05	0.000454187	0
274.51465	-0.8233577	-475.9299	9.48E-05	0.000413358	0
275.01465	-0.82486272	-478.34305	8.84E-05	0.000394583	0
275.51465	-0.82616508	-478.33511	5.76E-05	0.000467002	1
276.01465	-0.8292675	-480.29346	0.000121444	0.000398159	0
276.51465	-0.82849264	-486.31287	7.54E-05	0.000512302	0
277.01465	-0.83151162	-488.22931	6.04E-05	0.000416636	0
277.51465	-0.83455145	-489.04474	9.89E-05	0.000463724	0
278.01465	-0.83550811	-488.67487	6.30E-05	0.000469983	0
278.51465	-0.83799958	-492.41098	6.68E-05	0.000412166	0
279.01465	-0.83734989	-495.44232	6.01E-05	0.000439584	0
279.51465	-0.83895624	-499.08463	0.000101738	0.000394285	0
280.01465	-0.84171295	-501.50806	5.30E-05	0.00026077	0
280.51465	-0.84144175	-501.65027	7.29E-05	0.000327826	0
281.01465	-0.84454417	-503.96823	8.09E-05	0.000399351	0
281.51465	-0.84487796	-504.77017	9.81E-05	0.000371933	0
282.01465	-0.84683895	-506.49374	0.00010265	0.000281632	0
282.51465	-0.84826052	-505.96475	9.52E-05	0.000324845	0
283.01465	-0.84922314	-507.03494	0.000130162	0.000416338	0
283.51465	-0.85017085	-507.39252	9.66E-05	0.000259578	0
284.01465	-0.85208118	-507.59726	5.28E-05	0.000351071	0
284.51465	-0.85427165	-510.54514	6.80E-05	0.000369251	0
285.01465	-0.85603595	-514.69458	9.35E-05	0.000350475	0
285.51465	-0.85467696	-515.7345	0.000114329	0.000379384	0
286.01465	-0.85842311	-521.435	0.000155009	0.000368655	1
286.51465	-0.85898042	-520.85449	9.31E-05	0.000366271	0
287.01465	-0.863114	-523.48541	2.98E-05	0.000427067	0
287.51465	-0.86314976	-521.46637	9.09E-05	0.000364184	0
288.01465	-0.86550713	-522.21887	6.28E-05	0.000399053	0
288.51465	-0.86797774	-519.87378	7.72E-05	0.000423789	0
289.01465	-0.86861849	-523.35498	9.62E-05	0.000343025	0
289.51465	-0.86984336	-524.29303	7.01E-05	0.000338852	0
290.01465	-0.87077916	-525.2132	5.30E-05	0.000362992	0
290.51465	-0.87153614	-527.73401	0.000127237	0.000472963	0
291.01465	-0.87358654	-528.0368	4.65E-05	0.000433028	0
291.51465	-0.87551475	-511.02805	0.000123382	0.000457168	0
292.01465	-0.87583661	-512.64063	2.56E-05	0.000421703	0
292.51465	-0.8785069	-515.79816	8.56E-05	0.000376999	0
293.01465	-0.88111758	-518.61023	0.000117309	0.000351667	0
293.51465	-0.88039637	-517.04529	7.17E-05	0.000260174	0
294.01465	-0.88243783	-516.99316	5.61E-05	0.000314415	0
294.51465	-0.8831054	-519.7149	6.33E-05	0.000366867	0
295.01465	-0.8867979	-522.02362	5.78E-05	0.000340939	0
295.51465	-0.88582635	-522.14166	0.00014063	0.000308156	0
296.01465	-0.88968277	-526.64447	9.75E-05	0.000374317	0
296.51465	-0.88983476	-528.95416	0.000129435	0.000344515	1
297.01465	-0.89197457	-528.75702	0.000114217	0.000359118	1
297.51465	-0.89310706	-531.46899	5.63E-05	0.000364184	0
298.01465	-0.89520812	-532.5528	8.65E-05	0.000425279	0
298.51465	-0.89509785	-536.11719	6.56E-05	0.000418723	0
299.01465	-0.8972019	-536.66663	8.32E-05	0.000498593	0
299.51465	-0.90026855	-540.92712	2.43E-05	0.000356734	0
300.01465	-0.90051889	-539.00104	8.58E-05	0.000354648	0
300.51465	-0.90452433	-543.07013	5.04E-05	0.000529289	0
301.01465	-0.90411603	-548.71234	0.000111368	0.00037998	0
301.51465	-0.9041518	-549.56329	7.63E-05	0.000370443	0
302.01465	-0.90698302	-552.37579	8.23E-05	0.000284314	0
302.51465	-0.90838075	-556.13885	8.06E-05	0.000353158	0
303.01465	-0.90945959	-557.22162	7.63E-05	0.000364482	0
303.51465	-0.91067255	-560.04999	5.43E-05	0.000322163	0
304.01465	-0.91288984	-565.58325	9.45E-05	0.000278056	0
304.51465	-0.91291368	-564.17114	0.000110846	0.000350177	0
305.01465	-0.91530681	-568.25446	3.48E-05	0.000260472	0
305.51465	-0.91747642	-572.07379	9.88E-05	0.00028491	0
306.01465	-0.91794729	-575.63977	0.00010075	0.000339746	0
306.51465	-0.9214431	-578.61334	9.11E-05	0.000356138	0
307.01465	-0.92133582	-583.0592	4.53E-05	0.000281334	0
307.51465	-0.92304051	-586.70966	7.65E-05	0.000295043	1
308.01465	-0.92441738	-588.06854	0.000109095	0.000309646	0
308.51465	-0.92484951	-591.86243	9.07E-05	0.00025928	0
309.01465	-0.92686117	-595.21881	5.69E-05	0.000290573	0
309.51465	-0.92992783	-600.71326	9.13E-05	0.000344217	0
310.01465	-0.93120337	-600.85846	0.000113845	0.000273883	0
310.51465	-0.93149245	-604.87787	9.97E-05	0.000332296	0
311.01465	-0.93476772	-614.56879	8.23E-05	0.00028491	0
311.51465	-0.93519092	-619.17096	8.43E-05	0.000281632	0
312.01465	-0.93750656	-622.99109	3.95E-05	0.000232756	0
312.51465	-0.94016194	-621.75378	8.96E-05	0.000254214	0
313.01465	-0.9422034	-622.45911	8.24E-05	0.000219047	0
313.51465	-0.94102919	-621.85504	7.74E-05	0.00027895	0
314.01465	-0.9442538	-625.0694	0.000136197	0.000241399	0
314.51465	-0.94524026	-621.43073	0.000111312	0.000212193	0
315.01465	-0.94721317	-625.39191	6.98E-05	0.000247955	0
315.51465	-0.94849467	-627.58423	7.58E-05	0.000167787	0
316.01465	-0.94833076	-627.47443	9.73E-05	0.000243187	0
316.51465	-0.95247924	-628.07526	6.38E-05	0.000242591	0
317.01465	-0.9509176	-626.17853	9.58E-05	0.000250041	0
317.51465	-0.95331967	-627.08209	5.66E-05	0.000317097	0
318.01465	-0.95244348	-628.12317	0.000102222	0.000334084	1
318.51465	-0.95561445	-627.6875	7.51E-05	0.000334084	0
319.01465	-0.95686615	-627.85535	7.51E-05	0.000351071	0
319.51465	-0.95806718	-628.53943	9.64E-05	0.000331402	0
320.01465	-0.96094608	-629.48145	7.89E-05	0.000379086	0
320.51465	-0.96142888	-630.67755	6.67E-05	0.000359416	0
321.01465	-0.96274912	-631.57166	0.000108313	0.000340343	0
321.51465	-0.96601844	-631.12054	0.000132136	0.000300109	0
322.01465	-0.96552968	-628.33459	0.000106748	0.000302792	0
322.51465	-0.96743405	-627.19879	0.000113826	0.00035882	0
323.01465	-0.96992254	-630.17029	0.000118669	0.000331402	0
323.51465	-0.97088516	-628.81091	4.45E-05	0.000502467	0
324.01465	-0.97336769	-632.82593	7.23E-05	0.000304878	0
324.51465	-0.97402036	-632.06354	4.27E-05	0.000377297	0
325.01465	-0.97562671	-632.73749	4.80E-05	0.000253618	0
325.51465	-0.97498298	-632.36597	6.95E-05	0.00019908	0
326.01465	-0.97964406	-636.20013	6.65E-05	0.000352561	0
326.51465	-0.98061264	-638.34332	3.36E-05	0.000301898	0
327.01465	-0.9814471	-638.58759	0.000105463	0.000402331	0
327.51465	-0.98367333	-639.58344	0.000106301	0.000369549	0
328.01465	-0.98452866	-642.66699	4.48E-05	0.000375807	0
328.51465	-0.98566115	-644.94647	7.99E-05	0.00040859	1
329.01465	-0.98757744	-645.72815	3.65E-05	0.00028789	0
329.51465	-0.98963082	-648.76373	8.48E-05	0.000344217	0
330.01465	-0.99212825	-648.80658	4.42E-05	0.000296533	0
330.51465	-0.992468	-647.5423	0.000100955	0.000351667	0
331.01465	-0.99425316	-650.5979	7.04E-05	0.000418723	0
331.51465	-0.99387467	-650.15021	5.52E-05	0.000412464	0
332.01465	-0.99555254	-654.35663	0.000125282	0.000413656	0
332.51465	-0.9976387	-651.50323	0.000100657	0.000525117	0
333.01465	-1.0011047	-650.01556	0.000167992	0.000431538	0
333.51465	-1.0009497	-651.41516	7.35E-05	0.000464022	0
334.01465	-1.0040253	-652.41876	6.59E-05	0.000409484	0
334.51465	-1.0055602	-652.83221	7.34E-05	0.000502169	0
335.01465	-1.007238	-651.47418	0.000149347	0.000485778	0
335.51465	-1.007098	-650.35809	0.000129901	0.000436008	0
336.01465	-1.0071307	-653.40485	4.97E-05	0.000487864	0
336.51465	-1.0111779	-654.96771	0.000151433	0.000536442	0
337.01465	-1.0119706	-652.8714	6.71E-05	0.0005427	0
337.51465	-1.0126799	-653.28442	0.000145454	0.000563264	0
338.01465	-1.0148317	-655.46411	2.64E-05	0.000538826	0
338.51465	-1.0148019	-657.59515	0.000124127	0.000533164	0
339.01465	-1.016596	-658.60925	4.18E-05	0.000529587	1
339.51465	-1.0184616	-657.25513	0.000106618	0.000650585	0
340.01465	-1.0204345	-660.28601	0.000110492	0.000602305	0
340.51465	-1.0219663	-661.25671	0.00010876	0.000622869	0
341.01465	-1.0244399	-664.43164	0.00013208	0.000766516	0
341.51465	-1.0237843	-660.54419	9.35E-05	0.000640452	0
342.01465	-1.0259837	-663.90179	0.000162441	0.000615716	0
342.51465	-1.0274976	-664.07758	0.000103023	0.000658631	0
343.01465	-1.0284632	-662.30438	6.53E-05	0.000571609	0
343.51465	-1.0312766	-662.19055	8.21E-05	0.000745356	0
344.01465	-1.0326594	-666.28174	5.51E-05	0.000617802	0
344.51465	-1.0338217	-664.95386	5.13E-05	0.000609457	0
345.01465	-1.0348648	-667.61658	9.21E-05	0.000707507	0
345.51465	-1.0366887	-665.74207	5.53E-05	0.000697374	0
346.01465	-1.0385126	-670.01276	0.000127628	0.000652969	0
346.51465	-1.0396212	-670.79974	6.00E-05	0.00069797	0
347.01465	-1.0412842	-673.51917	9.90E-05	0.000655353	0
347.51465	-1.043281	-674.78076	7.08E-05	0.000691414	0
348.01465	-1.0431021	-674.05695	6.53E-05	0.000634491	0
348.51465	-1.0466009	-678.34448	8.37E-05	0.000686049	0
349.01465	-1.0474592	-679.19263	8.75E-05	0.000620484	0
349.51465	-1.0492593	-680.1958	4.77E-05	0.000708401	1
350.01465	-1.0501415	-681.28723	8.37E-05	0.000778437	1
350.51465	-1.0521442	-680.1969	4.17E-05	0.000674427	0
351.01465	-1.0551482	-681.97217	5.88E-05	0.00076443	0
351.51465	-1.0552496	-679.51526	0.000114441	0.000837147	0
352.01465	-1.0564119	-681.40643	0.000136644	0.000733733	0
352.51465	-1.0574669	-678.68378	9.15E-05	0.000807643	0
353.01465	-1.0592312	-678.9303	7.72E-05	0.000717044	0
353.51465	-1.0605663	-678.17206	8.01E-05	0.000793934	0
354.01465	-1.0629922	-673.27936	9.21E-05	0.000830889	0
354.51465	-1.0656327	-674.00317	8.40E-05	0.000796318	0
355.01465	-1.0653406	-671.55615	8.95E-05	0.00084281	0
355.51465	-1.0676056	-671.34204	0.000117384	0.000938177	0
356.01465	-1.0694832	-671.67017	0.000132639	0.000910163	0
356.51465	-1.0712653	-669.60437	8.77E-05	0.000956357	0
357.01465	-1.0712117	-666.18341	6.76E-05	0.000888705	0
357.51465	-1.0717124	-667.20929	4.80E-05	0.000983477	0
358.01465	-1.0759085	-663.49316	0.000106618	0.001073182	0
358.51465	-1.076588	-662.30963	3.34E-05	0.00092864	0
359.01465	-1.0792404	-661.07764	0.000113714	0.00102222	0
359.51465	-1.0791272	-662.27826	9.84E-05	0.001030862	0
360.01465	-1.0812551	-661.44714	8.76E-05	0.001109541	0
360.51465	-1.0823995	-662.1991	7.30E-05	0.001011491	1
361.01465	-1.0827214	-663.05762	8.04E-05	0.001076758	0
361.51465	-1.0845333	-666.51697	6.83E-05	0.001063645	0
362.01465	-1.0881931	-666.35846	6.15E-05	0.001100898	0
362.51465	-1.0881275	-664.91913	7.87E-05	0.001030564	0
363.01465	-1.0900229	-663.23224	5.24E-05	0.001094937	0
363.51465	-1.0899931	-664.66193	6.93E-05	0.001086295	0
364.01465	-1.0938436	-664.54767	7.90E-05	0.001077056	0
364.51465	-1.0946125	-663.80591	8.07E-05	0.001122952	0
365.01465	-1.095143	-664.43781	9.30E-05	0.001168251	0
365.51465	-1.0987252	-667.20697	7.90E-05	0.001081824	0
366.01465	-1.0997981	-665.31708	6.75E-05	0.00114888	0
366.51465	-1.0997146	-667.5047	5.74E-05	0.001176298	0
367.01465	-1.1008233	-669.71191	8.89E-05	0.001086891	0
367.51465	-1.1028558	-671.26605	0.000106115	0.001134276	0
368.01465	-1.1030048	-672.11371	8.24E-05	0.001136065	0
368.51465	-1.1062473	-675.38495	9.50E-05	0.001142919	0
369.01465	-1.1070043	-680.44464	6.38E-05	0.001116693	0
369.51465	-1.1098355	-679.79846	8.08E-05	0.001100302	0
370.01465	-1.1092216	-681.2287	0.000105146	0.001052618	0
370.51465	-1.1116058	-683.96942	0.000102222	0.001129508	0
371.01465	-1.1140257	-687.71265	7.17E-05	0.001002848	1
371.51465	-1.1134535	-689.69391	0.000111014	0.001080334	0
372.01465	-1.1168808	-689.88257	6.80E-05	0.001104474	0
372.51465	-1.1168033	-693.6048	5.84E-05	0.001048446	0
373.01465	-1.1204273	-695.01843	5.62E-05	0.001098812	0
373.51465	-1.1217386	-697.1308	8.73E-05	0.001068711	0
374.01465	-1.1216134	-702.48834	9.30E-05	0.001020134	0
374.51465	-1.1241645	-702.73682	8.25E-05	0.000968277	0
375.01465	-1.1230081	-707.07599	4.61E-05	0.000976622	0
375.51465	-1.1259288	-709.56122	0.000107121	0.001026094	0
376.01465	-1.1284143	-713.95789	4.47E-05	0.000950694	0
376.51465	-1.1292785	-718.76257	6.28E-05	0.000887513	0
377.01465	-1.1323124	-721.5069	0.000115875	0.000922084	0
377.51465	-1.1317641	-724.17493	3.89E-05	0.000873208	0
378.01465	-1.1335641	-725.31677	0.000105444	0.000934303	0
378.51465	-1.1338204	-728.63043	9.58E-05	0.000815988	0
379.01465	-1.1370927	-733.5752	8.08E-05	0.000843704	0
379.51465	-1.13931	-732.75616	3.96E-05	0.000803173	0
380.01465	-1.1385113	-738.14136	8.87E-05	0.000854433	0
380.51465	-1.1419803	-742.21564	6.33E-05	0.000790656	0
381.01465	-1.143828	-743.02386	9.41E-05	0.000807047	0
381.51465	-1.1452824	-746.59656	0.000108611	0.000854731	1
382.01465	-1.1447698	-748.93616	6.49E-05	0.00084281	0
382.51465	-1.1490554	-751.9776	1.54E-05	0.000757575	0
383.01465	-1.1499256	-753.54602	8.32E-05	0.000866055	0
383.51465	-1.1519521	-754.47131	5.89E-05	0.000725091	0
384.01465	-1.1507362	-760.59686	9.74E-05	0.000763237	0
384.51465	-1.1530906	-763.69214	0.000121593	0.000762641	0
385.01465	-1.1557728	-767.7359	8.90E-05	0.000725687	0
385.51465	-1.1567146	-772.67383	0.000100136	0.00067085	0
386.01465	-1.1604398	-772.34674	5.49E-05	0.000710487	0
386.51465	-1.1616439	-777.24243	7.52E-05	0.000624955	0
387.01465	-1.1632651	-776.78296	0.000106581	0.000607371	0
387.51465	-1.1636823	-783.45837	8.66E-05	0.000658631	0
388.01465	-1.1645228	-784.96869	6.12E-05	0.00059545	0
388.51465	-1.1664003	-787.68726	5.14E-05	0.000597537	0
389.01465	-1.1682659	-791.34149	7.62E-05	0.000426769	0
389.51465	-1.1684269	-793.13806	0.000122152	0.000548065	0
390.01465	-1.1700898	-800.6319	7.04E-05	0.000515282	0
390.51465	-1.1715144	-799.06818	0.000114534	0.000504553	0
391.01465	-1.1729151	-803.66187	0.000147279	0.000538528	0
391.51465	-1.1745304	-803.8338	0.000128895	0.00038892	0
392.01465	-1.1770338	-805.97845	0.000107121	0.00041008	1
392.51465	-1.1781901	-811.05835	0.000123754	0.000428259	1
393.01465	-1.1778265	-810.33923	6.67E-05	0.000405908	0
393.51465	-1.1798531	-815.92578	8.38E-05	0.000423193	0
394.01465	-1.182124	-815.99573	4.74E-05	0.000454187	0
394.51465	-1.1832267	-819.83911	6.98E-05	0.000464916	0
395.01465	-1.1862665	-825.45837	5.11E-05	0.000365078	0
395.51465	-1.1866599	-826.81201	8.87E-05	0.000368655	0
396.01465	-1.1897236	-827.69507	8.79E-05	0.000390112	0
396.51465	-1.1913031	-828.69611	3.12E-05	0.000309944	0
397.01465	-1.1932224	-831.27039	8.89E-05	0.000233948	0
397.51465	-1.1943549	-833.54083	5.42E-05	0.000296235	0
398.01465	-1.1964947	-833.11731	9.11E-05	0.000391603	0
398.51465	-1.1962265	-836.04089	9.46E-05	0.000189543	0
399.01465	-1.1977762	-836.88373	9.36E-05	0.000291169	0
399.51465	-1.1995941	-840.11383	0.000106245	0.000229478	0
400.01465	-1.2012511	-843.46918	5.63E-05	0.000221431	0
400.51465	-1.2017399	-842.19171	7.71E-05	0.000239313	0
401.01465	-1.2034386	-847.34998	0.000164974	0.000186563	0
401.51465	-1.2051851	-847.7149	7.90E-05	0.000153482	0
402.01465	-1.2073904	-851.38226	4.25E-05	0.000261366	0
402.51465	-1.2071341	-852.40424	0.000133906	0.000216961	0
403.01465	-1.2102574	-856.18652	0.000121482	0.000322759	1
403.51465	-1.2105137	-856.64185	2.92E-05	0.000210106	0
404.01465	-1.2126952	-861.46844	0.000117552	0.000217855	0
404.51465	-1.2147695	-862.89801	0.000110567	0.00020206	0
405.01465	-1.2147397	-865.49689	6.30E-05	0.00019908	0
405.51465	-1.2144417	-868.48157	8.02E-05	9.83E-05	0
406.01465	-1.2187153	-871.57874	6.25E-05	0.000175536	0
406.51465	-1.2215465	-875.75305	9.68E-05	0.000162423	0
407.01465	-1.2216717	-875.30804	7.81E-05	0.000162125	0
407.51465	-1.2232155	-873.90411	2.54E-05	0.000165105	0
408.01465	-1.226607	-877.23468	6.27E-05	0.000231564	0
408.51465	-1.2255222	-878.92505	7.80E-05	0.000258088	0
409.01465	-1.2272149	-880.25507	1.34E-05	0.000160933	0
409.51465	-1.2286156	-882.5025	0.000117645	0.000178218	0
410.01465	-1.2295097	-885.14587	0.000137966	0.000140369	0
410.51465	-1.2314826	-889.69196	9.38E-05	0.000106096	0
411.01465	-1.2313992	-892.14423	6.58E-05	0.000117421	0
411.51465	-1.2341827	-892.5788	0.000100546	0.000187159	0
412.01465	-1.2368649	-897.41138	9.45E-05	0.000189543	0
412.51465	-1.237306	-900.82758	7.31E-05	0.000168085	0
413.01465	-1.2395889	-903.89868	6.90E-05	0.000221133	0
413.51465	-1.2420028	-906.10187	7.61E-05	0.000136495	1
414.01465	-1.2439579	-908.8772	6.93E-05	4.95E-05	0
414.51465	-1.2440234	-910.65222	0.000107028	0.000189543	0
415.01465	-1.246354	-916.09119	8.67E-05	0.000127554	0
415.51465	-1.2477607	-919.06372	0.000111777	-3.76E-05	0
416.01465	-1.2494534	-926.92725	4.85E-05	9.21E-05	0
416.51465	-1.2518257	-927.53357	5.52E-05	-2.65E-05	0
417.01465	-1.2513191	-930.26752	0.000102688	-5.22E-05	0
417.51465	-1.2531489	-936.31323	7.92E-05	3.04E-05	0
418.01465	-1.2541562	-936.82916	0.00011405	-5.66E-05	0
418.51465	-1.2561351	-940.4397	9.53E-05	-0.000105202	0
419.01465	-1.2578636	-944.50952	5.18E-05	-8.88E-05	0
419.51465	-1.259318	-944.94446	7.74E-05	-0.000124872	0
420.01465	-1.2617141	-943.78149	7.01E-05	-0.000108778	0
420.51465	-1.2633175	-945.72711	0.000113063	-0.000128746	0
421.01465	-1.2645334	-945.11505	4.93E-05	-8.88E-05	0
421.51465	-1.2657791	-949.59973	9.60E-05	-0.00018388	0
422.01465	-1.267615	-949.24908	0.000110473	-9.72E-05	0
422.51465	-1.2675136	-951.36102	8.63E-05	-0.00015676	0
423.01465	-1.2702435	-954.46515	9.69E-05	-0.000171661	0
423.51465	-1.270768	-960.90015	9.57E-05	-0.000156462	0
424.01465	-1.2720972	-960.9657	9.08E-05	-0.000121593	1
424.51465	-1.2742013	-966.37195	5.25E-05	-0.000105798	0
425.01465	-1.2753874	-969.04938	0.00012219	-0.000175834	0
425.51465	-1.2779683	-973.17151	9.82E-06	-0.000148416	0
426.01465	-1.2792021	-976.34088	1.81E-05	-0.000223815	0
426.51465	-1.2795895	-976.29816	4.41E-05	-0.000207722	0
427.01465	-1.2820989	-978.82062	2.15E-05	-0.000171661	0
427.51465	-1.283595	-985.85754	6.62E-05	-0.00010401	0
428.01465	-1.2835473	-987.21924	8.82E-05	-0.000140071	0
428.51465	-1.2864858	-989.23633	8.46E-05	-0.000221431	0
429.01465	-1.2885958	-997.55542	6.34E-05	-0.000258982	0
429.51465	-1.2877792	-999.05737	7.09E-05	-0.000349581	0
430.01465	-1.2900859	-1005.3262	7.89E-05	-0.00025779	0
430.51465	-1.2912899	-1006.6843	6.79E-05	-0.000309944	0
431.01465	-1.2929291	-1013.8163	7.71E-05	-0.000378788	0
431.51465	-1.2947053	-1021.5339	8.76E-05	-0.000409484	0
432.01465	-1.2958854	-1025.6687	4.28E-05	-0.00038892	0
432.51465	-1.2973636	-1024.3112	8.81E-05	-0.000414848	0
433.01465	-1.2990028	-1033.4075	4.52E-05	-0.000443161	0
433.51465	-1.3003021	-1034.3058	3.36E-05	-0.000445843	0
434.01465	-1.3019592	-1041.0918	5.19E-05	-0.000429451	0
434.51465	-1.3045341	-1046.1621	8.48E-05	-0.000482798	1
435.01465	-1.306358	-1048.9222	5.33E-05	-0.000512898	0
435.51465	-1.3070613	-1057.2457	5.83E-05	-0.000528097	0
436.01465	-1.3099819	-1061.2238	6.43E-05	-0.000609457	0
436.51465	-1.3103396	-1066.048	4.47E-05	-0.000599325	0
437.01465	-1.31208	-1071.6908	6.39E-05	-0.000676215	0
437.51465	-1.3140827	-1077.7283	5.10E-05	-0.000625551	0
438.01465	-1.3159901	-1083.1234	8.10E-05	-0.000662804	0
438.51465	-1.3159722	-1082.6427	8.39E-05	-0.00071317	0
439.01465	-1.3184398	-1090.5078	9.00E-05	-0.000799894	0
439.51465	-1.3194829	-1092.2192	9.49E-05	-0.000737607	0
440.01465	-1.3201863	-1098.9335	9.09E-05	-0.000818968	0
440.51465	-1.3219982	-1103.5558	6.45E-05	-0.000746846	0
441.01465	-1.3219744	-1110.4414	8.98E-05	-0.000882447	0
441.51465	-1.3257831	-1114.916	6.58E-05	-0.000890791	0
442.01465	-1.3265699	-1117.7891	0.000112858	-0.000957251	0
442.51465	-1.3288707	-1124.2535	9.73E-05	-0.000970066	0
443.01465	-1.3295382	-1131.0504	5.06E-05	-0.000961423	0
443.51465	-1.3313681	-1132.1732	7.13E-05	-0.000976622	0
444.01465	-1.3335198	-1134.5059	6.81E-05	-0.001038611	0
444.51465	-1.3326555	-1139.2218	0.000112001	-0.001058281	0
445.01465	-1.335308	-1146.0522	9.27E-05	-0.001141131	1
445.51465	-1.3373941	-1147.4845	6.61E-06	-0.001078546	1
446.01465	-1.3372391	-1155.3691	0.000148285	-0.001270473	0
446.51465	-1.3386637	-1160.387	-4.38E-06	-0.001085103	0
447.01465	-1.3428241	-1164.0579	0.000149198	-0.001214147	0
447.51465	-1.3416797	-1168.7476	6.06E-05	-0.001276732	0
448.01465	-1.3448387	-1175.7847	4.24E-05	-0.00130266	0
448.51465	-1.3458341	-1178.5604	0.00011038	-0.001333058	0
449.01465	-1.3467878	-1185.7898	9.60E-05	-0.001399517	0
449.51465	-1.3486832	-1191.8562	6.00E-05	-0.001402795	0
450.01465	-1.3493627	-1197.2385	8.01E-05	-0.001434982	0
450.51465	-1.3527721	-1199.4154	5.56E-05	-0.001440048	0
451.01465	-1.3548762	-1203.0529	0.000155009	-0.001540482	0
451.51465	-1.3552755	-1208.1632	0.000136979	-0.001550615	0
452.01465	-1.3573557	-1217.135	8.39E-05	-0.001536012	0
452.51465	-1.3586849	-1220.3735	8.73E-05	-0.001552403	0
453.01465	-1.3606161	-1222.5887	9.83E-05	-0.001645088	0
453.51465	-1.3611168	-1227.0422	4.43E-05	-0.001684725	0
454.01465	-1.3629943	-1231.3844	5.84E-05	-0.001637042	0
454.51465	-1.364693	-1234.3612	0.000109077	-0.001698434	0
455.01465	-1.3645142	-1240.1504	6.95E-05	-0.001631975	0
455.51465	-1.3667732	-1245.5348	0.000101924	-0.001736581	0
456.01465	-1.3699621	-1247.9413	5.50E-05	-0.001706183	1
456.51465	-1.3692826	-1256.5073	0.000102744	-0.001761019	0
457.01465	-1.3718575	-1259.0441	9.80E-05	-0.001741052	0
457.51465	-1.3731748	-1266.0332	4.59E-05	-0.001796484	0
458.01465	-1.3753504	-1273.5167	9.58E-05	-0.001754165	0
458.51465	-1.3764709	-1277.4117	6.12E-05	-0.001960397	0
459.01465	-1.3777226	-1283.7244	4.64E-05	-0.001826882	0
459.51465	-1.3802201	-1286.2308	9.37E-05	-0.001831651	0
460.01465	-1.3813406	-1293.1176	7.94E-05	-0.001891851	0
460.51465	-1.3824612	-1298.7728	0.000100322	-0.001917779	0
461.01465	-1.3830751	-1303.0236	0.000103619	-0.001930594	0
461.51465	-1.3839036	-1306.7079	6.36E-05	-0.002087653	0
462.01465	-1.3873965	-1312.5854	0.000154823	-0.002042055	0
462.51465	-1.3869494	-1316.3282	0.00010455	-0.002040565	0
463.01465	-1.388815	-1322.599	7.46E-05	-0.002086759	0
463.51465	-1.3905793	-1328.4579	4.64E-05	-0.002093911	0
464.01465	-1.3914675	-1333.7512	0.00010781	-0.002179742	0
464.51465	-1.3941437	-1343.0248	0.000133179	-0.002291799	0
465.01465	-1.3968676	-1349.5344	8.73E-05	-0.002194643	0
465.51465	-1.3966411	-1355.123	0.000153761	-0.002441406	0
466.01465	-1.3985783	-1363.0833	7.91E-05	-0.002215505	0
466.51465	-1.4003426	-1369.2556	6.90E-05	-0.00236094	1
467.01465	-1.4019817	-1368.9918	8.55E-05	-0.002376437	0
467.51465	-1.4026076	-1375.3632	8.83E-05	-0.002387166	0
468.01465	-1.4035493	-1382.1681	0.000143722	-0.00240773	0
468.51465	-1.4065892	-1388.8663	8.27E-05	-0.002481043	0
469.01465	-1.4073282	-1393.1539	6.52E-05	-0.002472401	0
469.51465	-1.4106125	-1395.6342	8.99E-05	-0.002577603	0
470.01465	-1.4111429	-1398.8895	0.00010049	-0.00251025	0
470.51465	-1.4131755	-1404.0872	8.74E-05	-0.002569556	0
471.01465	-1.4116257	-1407.9639	5.91E-05	-0.002542734	0
471.51465	-1.4148027	-1410.4355	2.73E-05	-0.002624691	0
472.01465	-1.4158398	-1413.7137	0.000101067	-0.002602339	0
472.51465	-1.4210969	-1420.3123	7.19E-05	-0.002608299	0
473.01465	-1.4191657	-1424.3174	5.05E-05	-0.002527237	0
473.51465	-1.4223367	-1431.6941	5.65E-05	-0.002677143	0
474.01465	-1.421234	-1439.4862	4.74E-05	-0.002694726	0
474.51465	-1.4252156	-1444.0067	9.24E-05	-0.002718568	0
475.01465	-1.4248699	-1449.7678	8.87E-05	-0.002858937	0
475.51465	-1.426515	-1457.3066	4.23E-05	-0.002826452	0
476.01465	-1.4275044	-1461.2817	8.42E-05	-0.002825856	0
476.51465	-1.4300138	-1465.8098	7.74E-05	-0.002933741	0
477.01465	-1.4319748	-1469.8898	0.000132527	-0.00290215	1
477.51465	-1.4333516	-1473.8422	6.73E-05	-0.002928674	0
478.01465	-1.4332205	-1483.3943	7.86E-05	-0.00302434	0
478.51465	-1.4365643	-1485.5922	0.000103209	-0.002987087	0
479.01465	-1.4372677	-1490.6182	3.15E-05	-0.003083646	0
479.51465	-1.4388531	-1496.3939	5.01E-05	-0.003110766	0
480.01465	-1.440689	-1498.4442	0.000101738	-0.003022254	0
480.51465	-1.4414519	-1501.8228	6.47E-05	-0.003176034	0
481.01465	-1.442042	-1504.876	8.16E-05	-0.003092289	0
481.51465	-1.445803	-1511.4331	8.80E-05	-0.003170371	0
482.01465	-1.4458805	-1520.3054	0.000102911	-0.003254712	0
482.51465	-1.44777	-1526.2122	2.96E-05	-0.003302097	0
483.01465	-1.4497608	-1528.9727	5.33E-05	-0.003259182	0
483.51465	-1.4514953	-1538.405	0.00011282	-0.003397763	0
484.01465	-1.4537662	-1539.6726	0.00012368	-0.00336647	0
484.51465	-1.4557689	-1546.4401	7.07E-05	-0.003402531	0
485.01465	-1.4551014	-1549.7732	0.000113361	-0.00346303	0
485.51465	-1.457271	-1550.1802	4.79E-05	-0.003563762	0
486.01465	-1.4591247	-1556.2715	6.64E-05	-0.003505051	0
486.51465	-1.4600605	-1557.1547	8.13E-05	-0.003564954	0
487.01465	-1.4627427	-1560.0452	5.13E-05	-0.003563762	0
487.51465	-1.4644712	-1559.1406	9.26E-05	-0.003562272	1
488.01465	-1.4646441	-1566.4292	0.000100471	-0.003548563	1
488.51465	-1.4659733	-1567.7129	6.78E-05	-0.003592968	0
489.01465	-1.4666051	-1572.916	3.07E-05	-0.003647506	0
489.51465	-1.4695257	-1578.6564	6.20E-05	-0.003644228	0
490.01465	-1.4695436	-1585.5624	7.09E-05	-0.003682971	0
490.51465	-1.4716238	-1587.1975	8.65E-05	-0.003696084	0
491.01465	-1.473406	-1593.7174	0.000124592	-0.003718436	0
491.51465	-1.4749974	-1596.2314	5.43E-05	-0.003802478	0
492.01465	-1.4754385	-1601.8064	9.85E-05	-0.003792644	0
492.51465	-1.4767617	-1603.6486	5.22E-05	-0.003929734	0
493.01465	-1.4806956	-1605.449	3.34E-05	-0.003803372	0
493.51465	-1.480481	-1611.4308	0.000105444	-0.003819466	0
494.01465	-1.4829129	-1613.0092	3.69E-05	-0.00387758	0
494.51465	-1.4840037	-1619.1675	8.93E-05	-0.003905892	0
495.01465	-1.4832944	-1625.2035	0.000109058	-0.003997982	0
495.51465	-1.4865905	-1633.8243	3.95E-05	-0.004040301	0
496.01465	-1.4875799	-1634.1287	1.27E-05	-0.004024208	0
496.51465	-1.4906555	-1636.4651	9.91E-05	-0.004112423	0
497.01465	-1.4919728	-1641.278	0.000113305	-0.00402838	0
497.51465	-1.4933139	-1644.1405	6.94E-05	-0.004032552	0
498.01465	-1.496008	-1652.3499	8.26E-05	-0.004096329	0
498.51465	-1.4971763	-1654.2426	4.00E-05	-0.004125834	1
499.01465	-1.4985353	-1659.4769	0.000100732	-0.004169047	0
499.51465	-1.4993757	-1660.754	5.99E-05	-0.004112124	0
500.01465	-1.5008241	-1665.4318	9.93E-05	-0.00425458	0
500.51465	-1.5017956	-1667.5613	6.12E-05	-0.004236698	0
501.01465	-1.5035242	-1669.7483	6.34E-05	-0.004360378	0
501.51465	-1.506266	-1673.4547	2.52E-05	-0.004313886	0
502.01465	-1.5084296	-1677.0186	7.78E-05	-0.004296303	0
502.51465	-1.5087456	-1680.6056	6.34E-05	-0.004446209	0
503.01465	-1.5090317	-1681.1436	0.000111628	-0.004324615	0
503.51465	-1.5100151	-1684.157	-2.34E-05	-0.004412532	0
504.01465	-1.5131742	-1685.386	0.00011852	-0.004404485	0
504.51465	-1.5141636	-1685.0323	7.96E-05	-0.004350841	0
505.01465	-1.5158445	-1689.2623	9.48E-05	-0.00433743	0
505.51465	-1.5170783	-1690.9951	7.77E-05	-0.004498959	0
506.01465	-1.5190214	-1692.9905	7.32E-05	-0.004349947	0
506.51465	-1.5217811	-1697.0853	9.69E-05	-0.004447699	0
507.01465	-1.5206784	-1701.614	0.000124518	-0.00458777	0
507.51465	-1.5244752	-1699.1023	9.02E-05	-0.004424155	0
508.01465	-1.524666	-1706.443	0.000128113	-0.004451573	0
508.51465	-1.5267223	-1706.0372	9.55E-05	-0.004489422	0
509.01465	-1.5269548	-1709.3765	6.12E-05	-0.004476011	1
509.51465	-1.5290767	-1713.3843	6.52E-05	-0.00456661	0
510.01465	-1.5304834	-1720.041	9.79E-05	-0.004575849	0
510.51465	-1.5319616	-1719.6404	0.00010008	-0.004569292	0
511.01465	-1.5333623	-1724.0529	1.18E-05	-0.004579425	0
511.51465	-1.5345424	-1727.985	0.00010116	-0.004698634	0
512.01465	-1.5372783	-1730.0802	8.88E-05	-0.004591048	0
512.51465	-1.5381902	-1738.5667	7.83E-05	-0.004720092	0
513.01465	-1.5405089	-1736.4191	5.56E-05	-0.004625917	0
513.51465	-1.5413791	-1738.6755	9.57E-05	-0.004751682	0
514.01465	-1.5435368	-1740.2688	9.23E-05	-0.004781187	0
514.51465	-1.5431374	-1743.751	5.86E-05	-0.004768372	0
515.01465	-1.5459865	-1744.775	8.69E-05	-0.004756749	0
515.51465	-1.5476376	-1748.4918	8.88E-05	-0.004757643	0
516.01465	-1.5473932	-1752.1604	8.26E-05	-0.004882217	0
516.51465	-1.5484899	-1758.0198	8.43E-05	-0.004754365	0
517.01465	-1.5507787	-1765.1897	2.37E-05	-0.004875064	0
517.51465	-1.5534312	-1770.2057	2.56E-05	-0.004788637	0
518.01465	-1.5535682	-1776.8523	9.16E-05	-0.004864037	0
518.51465	-1.5548497	-1784.6095	6.29E-05	-0.004908741	0
519.01465	-1.5564233	-1791.1368	7.05E-05	-0.005004704	0
519.51465	-1.5580505	-1797.3419	5.72E-05	-0.004806817	1
520.01465	-1.5605897	-1807.0934	8.48E-05	-0.005053878	0
520.51465	-1.5626222	-1816.3851	9.78E-05	-0.005052388	0
521.01465	-1.5644461	-1817.6079	3.54E-05	-0.005014241	0
521.51465	-1.5634984	-1823.3833	0.00011595	-0.005115569	0
522.01465	-1.5660077	-1830.0605	5.47E-05	-0.005191863	0
522.51465	-1.5683204	-1834.2142	0.0001196	-0.005134344	0
523.01465	-1.5704244	-1839.0392	0.000148211	-0.005204976	0
523.51465	-1.5716106	-1842.6343	9.31E-05	-0.005162358	0
524.01465	-1.5730947	-1849.111	9.64E-05	-0.005157292	0
524.51465	-1.5750498	-1856.4476	7.09E-05	-0.005290508	0
525.01465	-1.5740246	-1864.8983	8.54E-05	-0.005315542	0
525.51465	-1.5773565	-1870.8246	0.000105985	-0.005348027	0
526.01465	-1.5776306	-1879.459	5.64E-05	-0.005365908	0
526.51465	-1.5811652	-1886.4629	4.10E-05	-0.005320013	0
527.01465	-1.5805751	-1889.9666	7.89E-05	-0.005464554	0
527.51465	-1.5821248	-1899.9829	3.39E-05	-0.005448759	0
528.01465	-1.5839666	-1903.9165	9.21E-05	-0.005470216	0
528.51465	-1.5854567	-1912.0161	6.27E-05	-0.005511046	0
529.01465	-1.5861124	-1919.1207	7.13E-05	-0.005535185	0
529.51465	-1.5884429	-1927.3069	9.14E-05	-0.005612671	0
530.01465	-1.5907496	-1931.6104	0.000106134	-0.005607009	1
530.51465	-1.5924484	-1937.3541	8.09E-05	-0.005702972	0
531.01465	-1.5932828	-1943.3975	8.77E-05	-0.005688965	0
531.51465	-1.5937001	-1950.2783	5.03E-05	-0.005685091	0
532.01465	-1.5966147	-1959.9622	9.70E-05	-0.005738139	0
532.51465	-1.5973479	-1966.9934	7.48E-05	-0.005816221	0
533.01465	-1.598987	-1969.2937	7.52E-05	-0.005837679	0
533.51465	-1.6015679	-1976.1011	7.44E-05	-0.00590086	0
534.01465	-1.6035289	-1983.2076	6.46E-05	-0.005937815	0
534.51465	-1.603213	-1986.7571	0.000106469	-0.005916953	0
535.01465	-1.6060621	-1991.5461	8.19E-05	-0.00595212	0
535.51465	-1.6083091	-1998.7209	0.000123195	-0.005988181	0
536.01465	-1.6073614	-2002.5668	8.37E-05	-0.00605017	0
536.51465	-1.6090065	-2012.1968	7.93E-05	-0.006164908	0
537.01465	-1.6121894	-2015.2163	6.12E-05	-0.006039143	0
537.51465	-1.6139835	-2019.0938	5.12E-05	-0.00595659	0
538.01465	-1.6131073	-2021.244	0.000104811	-0.006037951	0
538.51465	-1.6182631	-2029.115	0.00010347	-0.006123185	0
539.01465	-1.6175717	-2033.9718	0.000114515	-0.006199181	0
539.51465	-1.6187519	-2041.262	7.44E-05	-0.006271303	0
540.01465	-1.6225308	-2045.8317	9.58E-05	-0.006325841	0
540.51465	-1.6220659	-2050.8718	0.000113528	-0.006324351	1
541.01465	-1.6229779	-2061.4741	9.64E-05	-0.006267726	1
541.51465	-1.6260177	-2065.9705	4.58E-05	-0.006373227	0
542.01465	-1.6264588	-2070.8677	9.07E-05	-0.006386936	0
542.51465	-1.628682	-2078.877	0.000105463	-0.006432831	0
543.01465	-1.6298383	-2083.8755	7.82E-05	-0.006476045	0
543.51465	-1.6318589	-2090.031	5.36E-05	-0.006473661	0
544.01465	-1.632306	-2097.4619	9.69E-05	-0.006536245	0
544.51465	-1.6339272	-2098.9138	4.50E-05	-0.006566942	0
545.01465	-1.6362697	-2098.9739	0.000127796	-0.006591976	0
545.51465	-1.6386002	-2095.3691	9.56E-05	-0.006501675	0
546.01465	-1.6383857	-2095.1506	6.12E-05	-0.006607473	0
546.51465	-1.6413063	-2096.6948	6.59E-05	-0.006535649	0
547.01465	-1.6433686	-2098.2485	5.95E-05	-0.006588697	0
547.51465	-1.6435117	-2103.7009	0.000113659	-0.00670284	0
548.01465	-1.6450673	-2108.5212	8.46E-05	-0.006762147	0
548.51465	-1.6463429	-2117.2407	6.21E-05	-0.006683171	0
549.01465	-1.647684	-2124.8933	7.93E-05	-0.006758273	0
549.51465	-1.6499072	-2133.3538	6.29E-05	-0.006775856	0
550.01465	-1.6517371	-2140.0415	7.61E-05	-0.006892085	0
550.51465	-1.6528279	-2144.5115	2.85E-05	-0.00679493	0
551.01465	-1.6539365	-2152.7007	8.03E-05	-0.006839633	0
551.51465	-1.6540498	-2159.9761	0.000108909	-0.007016659	1
552.01465	-1.6561836	-2165.9402	0.000103898	-0.007021427	0
552.51465	-1.6575307	-2172.9883	7.48E-05	-0.007089376	0
553.01465	-1.6600281	-2181.8726	4.96E-05	-0.007089973	0
553.51465	-1.6627818	-2192.614	7.32E-05	-0.00708729	0
554.01465	-1.662299	-2198.9937	9.31E-05	-0.007115603	0
554.51465	-1.6656071	-2202.8574	5.74E-05	-0.007257164	0
555.01465	-1.6671449	-2204.4397	9.81E-05	-0.007312298	0
555.51465	-1.6683906	-2209.9421	6.93E-05	-0.007302165	0
556.01465	-1.6703516	-2212.4456	3.58E-05	-0.007229745	0
556.51465	-1.6714841	-2219.6223	4.84E-05	-0.00731647	0
557.01465	-1.671949	-2226.2017	7.48E-05	-0.007282794	0
557.51465	-1.6735882	-2230.8811	7.03E-05	-0.007373393	0
558.01465	-1.673159	-2234.6492	0.00010306	-0.007459819	0
558.51465	-1.6760617	-2240.3105	0.000115763	-0.007320344	0
559.01465	-1.6771287	-2247.5527	0.000106916	-0.007423461	0
559.51465	-1.6784519	-2253.0105	0.000110082	-0.00744164	0
560.01465	-1.6804427	-2263.3203	5.25E-05	-0.007667244	0
560.51465	-1.6833693	-2269.8899	5.21E-05	-0.007561445	0
561.01465	-1.68235	-2277.6904	7.22E-05	-0.007520318	0
561.51465	-1.6849428	-2285.9771	9.53E-05	-0.007756352	0
562.01465	-1.6847819	-2295.0652	0.00011459	-0.007844567	1
562.51465	-1.687786	-2299.8965	-4.97E-06	-0.007779002	0
563.01465	-1.6891807	-2308.3994	6.26E-05	-0.007864535	0
563.51465	-1.688996	-2317.4834	4.20E-05	-0.007898808	0
564.01465	-1.6927332	-2323.8594	0.000101049	-0.00792414	0
564.51465	-1.6944259	-2334.6128	7.02E-05	-0.008058548	0
565.01465	-1.6954333	-2351.8743	8.75E-05	-0.008112192	0
565.51465	-1.6971022	-2359.6411	0.000133719	-0.008076727	0
566.01465	-1.6998619	-2374.2361	7.64E-05	-0.008195937	0
566.51465	-1.7018467	-2380.4028	0.000113435	-0.008227229	0
567.01465	-1.7027766	-2387.8696	9.75E-05	-0.008206368	0
567.51465	-1.7023355	-2391.6433	6.52E-05	-0.008217692	0
568.01465	-1.7053336	-2403.052	0.000113323	-0.008276403	0
568.51465	-1.7074198	-2410.386	3.97E-05	-0.008370578	0
569.01465	-1.708129	-2413.9075	8.82E-05	-0.008381605	0
569.51465	-1.7102867	-2419.3384	4.66E-05	-0.008495152	0
570.01465	-1.7099053	-2425.0222	9.37E-05	-0.008369982	0
570.51465	-1.7122477	-2426.1299	8.78E-05	-0.008487105	0
571.01465	-1.7135173	-2431.2151	0.000114553	-0.0084728	0
571.51465	-1.7151326	-2439.249	0.000107083	-0.00862211	0
572.01465	-1.7163903	-2445.0415	8.50E-05	-0.008488298	0
572.51465	-1.7170519	-2452.1655	9.36E-05	-0.008636415	1
573.01465	-1.7191499	-2458.3462	4.36E-05	-0.008569658	0
573.51465	-1.7208248	-2471.3254	7.21E-05	-0.008761585	0
574.01465	-1.7201692	-2477.1797	9.53E-05	-0.008715391	0
574.51465	-1.7217487	-2487.2466	0.000119712	-0.008795559	0
575.01465	-1.7226905	-2497.3074	6.30E-05	-0.00888437	0
575.51465	-1.7258257	-2507.0925	8.37E-05	-0.008970499	0
576.01465	-1.728341	-2517.6443	6.48E-05	-0.008926392	0
576.51465	-1.7295986	-2525.0396	8.13E-05	-0.009075701	0
577.01465	-1.7307848	-2530.3086	0.000105016	-0.009127557	0
577.51465	-1.73271	-2538.3579	9.90E-05	-0.009115338	0
578.01465	-1.7346352	-2543.189	8.28E-05	-0.009108484	0
578.51465	-1.736477	-2549.9949	7.64E-05	-0.009169877	0
579.01465	-1.7386407	-2552.5232	9.09E-05	-0.009278655	0
579.51465	-1.7392486	-2564.5808	9.99E-05	-0.009272993	0
580.01465	-1.740399	-2568.4172	6.80E-05	-0.009319782	0
580.51465	-1.7414421	-2574.1799	6.80E-05	-0.009348393	0
581.01465	-1.743719	-2580.5718	4.01E-05	-0.009414256	0
581.51465	-1.7436653	-2589.3269	6.56E-05	-0.009507537	0
582.01465	-1.7455429	-2593.6233	9.31E-05	-0.009513497	0
582.51465	-1.7477602	-2600.6814	4.84E-05	-0.009588301	0
583.01465	-1.7486185	-2615.939	7.93E-05	-0.009668469	1
583.51465	-1.7505497	-2623.3752	0.000104345	-0.009742081	1
584.01465	-1.7537206	-2639.3792	3.12E-05	-0.009665787	0
584.51465	-1.7529875	-2644.8254	4.97E-05	-0.009742677	0
585.01465	-1.7549962	-2650.6375	7.26E-05	-0.009787679	0
585.51465	-1.756075	-2657.0361	5.41E-05	-0.009947121	0
586.01465	-1.7577916	-2660.5845	9.74E-05	-0.010040104	0
586.51465	-1.7596394	-2667.6025	0.000118613	-0.009930432	0
587.01465	-1.7617315	-2674.4666	8.92E-05	-0.009985864	0
587.51465	-1.7608851	-2681.8657	4.80E-05	-0.010176003	0
588.01465	-1.7642766	-2694.123	9.52E-05	-0.01008153	0
588.51465	-1.7659277	-2700.4824	7.74E-05	-0.010153949	0
589.01465	-1.7660111	-2707.7026	3.28E-05	-0.01005739	0
589.51465	-1.7674297	-2723.0903	0.000101849	-0.010207593	0
590.01465	-1.772061	-2727.55	8.58E-05	-0.010303855	0
590.51465	-1.7722696	-2738.5986	4.21E-05	-0.010314286	0
591.01465	-1.7729551	-2753.8391	9.40E-05	-0.010396838	0
591.51465	-1.7730564	-2762.8228	0.000107251	-0.010420978	0
592.01465	-1.7768651	-2773.1404	4.82E-05	-0.010511875	0
592.51465	-1.7777115	-2781.0789	0.00016585	-0.010601282	0
593.01465	-1.7798275	-2788.7366	9.82E-05	-0.01058042	0
593.51465	-1.780811	-2797.8428	0.000109039	-0.010606647	0
594.01465	-1.7825276	-2807.8867	6.21E-05	-0.010670125	1
594.51465	-1.7826349	-2815.8608	4.59E-05	-0.01082629	0
595.01465	-1.7849594	-2827.3516	0.000113565	-0.010794699	0
595.51465	-1.785025	-2836.2375	9.45E-05	-0.010852814	0
596.01465	-1.7889053	-2846.9688	8.13E-05	-0.010912716	0
596.51465	-1.7895967	-2852.0647	9.51E-05	-0.010955334	0
597.01465	-1.7921835	-2862.9202	5.01E-05	-0.011027157	0
597.51465	-1.7923325	-2869.9214	0.000121556	-0.010934174	0
598.01465	-1.7946035	-2878.2205	8.58E-05	-0.011063516	0
598.51465	-1.7941862	-2889.3396	9.86E-05	-0.011151135	0
599.01465	-1.7970651	-2898.8552	5.72E-05	-0.011188388	0
599.51465	-1.7987698	-2908.3164	3.37E-05	-0.011188984	0
600.01465	-1.8007249	-2918.2065	0.000119284	-0.011275709	0
600.51465	-1.8021792	-2927.23	9.42E-05	-0.011354983	0
601.01465	-1.8026799	-2935.7036	0.000132024	-0.011351109	0
601.51465	-1.8049687	-2948.9661	9.83E-05	-0.011409819	0
602.01465	-1.8063694	-2957.481	8.42E-05	-0.011452734	0
602.51465	-1.8068939	-2966.2698	9.31E-05	-0.011616945	0
603.01465	-1.8095046	-2977.47	6.92E-05	-0.011636913	0
603.51465	-1.8107504	-2987.1348	6.68E-05	-0.01167804	0
604.01465	-1.8138319	-2999.3147	5.64E-05	-0.011695325	0
604.51465	-1.8142432	-3002.4954	9.48E-05	-0.011718273	1
605.01465	-1.8165201	-3007.8701	8.05E-05	-0.011842549	0
605.51465	-1.8172055	-3024.3918	5.51E-05	-0.011869073	0
606.01465	-1.8179804	-3040.5413	4.89E-05	-0.011926293	0
606.51465	-1.8205315	-3043.3647	4.89E-05	-0.011973083	0
607.01465	-1.8222898	-3048.7922	7.43E-05	-0.011961162	0
607.51465	-1.8241972	-3054.3293	7.37E-05	-0.012009144	0
608.01465	-1.8245548	-3060.7454	7.37E-05	-0.01203537	0
608.51465	-1.8264443	-3064.9963	7.72E-05	-0.012026429	0
609.01465	-1.8283337	-3069.2205	0.000107102	-0.012054145	0
609.51465	-1.8285364	-3074.0713	7.18E-05	-0.012142658	0
610.01465	-1.8307835	-3074.4871	8.79E-05	-0.012256205	0
610.51465	-1.8308073	-3076.4131	6.57E-05	-0.012142658	0
611.01465	-1.8325776	-3083.7522	9.14E-05	-0.012160242	0
611.51465	-1.8333286	-3091.0156	8.84E-05	-0.012329817	0
612.01465	-1.834783	-3099.2715	7.06E-05	-0.012292266	0
612.51465	-1.8371195	-3110.7161	0.000112597	-0.012287199	0
613.01465	-1.8397242	-3120.0132	7.18E-05	-0.012280941	0
613.51465	-1.8403143	-3135.6243	5.57E-05	-0.012480617	0
614.01465	-1.841864	-3145.7014	7.32E-05	-0.012486279	0
614.51465	-1.8442184	-3158.5852	7.88E-05	-0.012577772	0
615.01465	-1.8450946	-3164.677	8.25E-05	-0.012612641	1
615.51465	-1.8466562	-3175.2522	9.02E-05	-0.012692809	0
616.01465	-1.8480748	-3185.3354	8.32E-05	-0.012607872	0
616.51465	-1.8503517	-3190.6436	7.44E-05	-0.012681186	0
617.01465	-1.8510729	-3195.6384	4.79E-05	-0.01269877	0
617.51465	-1.8524617	-3203.593	0.000101961	-0.012831092	0
618.01465	-1.8546671	-3212.4946	0.000104066	-0.012874603	0
618.51465	-1.8562168	-3222.6057	8.34E-05	-0.012906194	0
619.01465	-1.8568367	-3229.9053	1.35E-05	-0.012916625	0
619.51465	-1.8594176	-3241.5122	9.78E-05	-0.013048351	0
620.01465	-1.8604547	-3251.9285	0.00012299	-0.013093948	0
620.51465	-1.8611521	-3263.6804	0.000115056	-0.013145208	0
621.01465	-1.8640071	-3275.1272	3.19E-05	-0.013120472	0
621.51465	-1.863572	-3282.2913	8.61E-05	-0.013257861	0
622.01465	-1.8676311	-3290.8264	5.60E-05	-0.013254583	0
622.51465	-1.8681854	-3294.4578	8.33E-05	-0.013349652	0
623.01465	-1.8695921	-3303.7302	1.46E-05	-0.013338029	0
623.51465	-1.8705338	-3313.8398	0.00012828	-0.013413727	0
624.01465	-1.8726081	-3323.085	0.000107456	-0.013544858	0
624.51465	-1.8747002	-3331.0776	5.40E-05	-0.013481677	0
625.01465	-1.8755585	-3347.1289	9.47E-05	-0.013612211	0
625.51465	-1.8777996	-3354.4656	2.68E-05	-0.01368165	1
626.01465	-1.8778056	-3368.6633	0.000115968	-0.013692081	0
626.51465	-1.8815428	-3376.7896	9.51E-05	-0.013786554	0
627.01465	-1.8811375	-3384.0918	8.97E-05	-0.013903081	0
627.51465	-1.8831521	-3392.2703	3.12E-05	-0.013979971	0
628.01465	-1.8843859	-3398.3928	0.000102688	-0.013905764	0
628.51465	-1.8861622	-3406.6223	7.08E-05	-0.014072061	0
629.01465	-1.8875867	-3415.1746	8.24E-05	-0.014045537	0
629.51465	-1.889661	-3426.1624	0.000132713	-0.014154613	0
630.01465	-1.8916219	-3433.7874	6.90E-05	-0.014236867	0
630.51465	-1.8909484	-3444.813	0.000119079	-0.014166534	0
631.01465	-1.8920451	-3453.165	8.77E-05	-0.014300346	0
631.51465	-1.8940002	-3464.2429	7.62E-05	-0.014388859	0
632.01465	-1.8978864	-3469.5662	0.000118315	-0.01442045	0
632.51465	-1.8970221	-3477.5925	6.91E-05	-0.014500916	0
633.01465	-1.8996865	-3490.4412	5.43E-05	-0.014599264	0
633.51465	-1.9017905	-3499.1904	7.10E-05	-0.014608204	0
634.01465	-1.9037336	-3509.688	8.84E-05	-0.014636219	0
634.51465	-1.9046634	-3513.5134	0.000115987	-0.014645755	0
635.01465	-1.9050568	-3524.1609	7.22E-05	-0.014619827	0
635.51465	-1.9077688	-3532.324	8.70E-05	-0.014773905	0
636.01465	-1.9089133	-3538.3748	5.07E-05	-0.014773607	1
636.51465	-1.9083112	-3547.7859	9.48E-05	-0.014863908	1
637.01465	-1.9115359	-3552.5537	9.66E-05	-0.014983416	0
637.51465	-1.9127458	-3560.9282	8.50E-05	-0.015063286	0
638.01465	-1.9146353	-3572.3398	7.40E-05	-0.015085638	0
638.51465	-1.9158572	-3581.4487	7.42E-05	-0.015254021	0
639.01465	-1.9173652	-3595.0149	5.85E-05	-0.01537621	0
639.51465	-1.9191056	-3606.783	0.000146031	-0.01554817	0
640.01465	-1.9512981	35.219803	8.41E-05	-8.4034634	0
640.51465	-1.9651979	-8.3835707	9.12E-05	-8.4034634	0
641.01465	-1.9507676	-7.0457602	8.42E-05	-8.4034634	0
641.51465	-1.9422323	-6.3984137	7.42E-05	-8.4034634	0
642.01465	-1.9389719	-6.2077637	7.28E-05	-8.4034634	0
642.51465	-1.9382328	-6.635047	1.98E-05	-8.4034634	0
643.01465	-1.9348413	-6.2404876	5.77E-06	-8.4034634	0
643.51465	-1.9364864	-7.5863676	0.000107437	-8.4034634	0
644.01465	-1.9373864	-6.8436384	5.32E-05	-8.4034634	0
644.51465	-1.9375712	-2.9798102	4.79E-06	-8.4034634	0
645.01465	-1.9369394	-9.7096052	9.49E-05	-8.4034634	0
645.51465	-1.9376427	-6.5751734	9.52E-05	-8.4034634	0
646.01465	-1.9367009	-6.3308773	6.74E-05	-8.4034634	0
646.51465	-1.9389361	-8.8758612	9.72E-05	-8.4034634	0
647.01465	-1.936093	-6.5744829	6.34E-05	-8.4034634	1
647.51465	-1.937446	-7.3879309	9.95E-05	-8.4034634	0
