MTS793|MPT|FRA|1|2|.|.|:|33|1|1|A

Acquisition de données						Temps :	320.97266	Sec	28.05.2013 10:58:57
Temps	Axial Déplacement	Axial Force	Axial fléche	Axial CMOD*2	Canon
Sec	mm	N	mm	mm	unitless
0.51367188	-0.36811829	-1.7453178	-0.39510414	0.0011342764	0
1.0136719	-0.36826134	-3.0198483	-0.39514169	0.0011342764	0
1.5136719	-0.36812425	-0.56625879	-0.39514184	0.0011429191	0
2.0136719	-0.3703475	-1.541795	-0.39519721	0.0011217594	0
2.5136719	-0.36871433	-1.9314842	-0.39520741	0.0011757016	0
3.0136719	-0.36904216	-2.487956	-0.39533401	0.0012245774	0
3.5136719	-0.36782026	-2.6092942	-0.39534307	0.0011998415	0
4.0136719	-0.36937594	-1.0933117	-0.39540604	0.0011524558	0
4.5136719	-0.3687501	-2.4068418	-0.39558911	0.001244247	0
5.0136719	-0.36827326	-1.8072329	-0.3959702	0.0011819601	0
5.5136719	-0.37144423	-3.7604332	-0.39649218	0.0012102723	0
6.0136719	-0.37153363	-3.7314544	-0.39846873	0.0012606382	0
6.5136719	-0.37555099	-0.79495072	-0.40299624	0.0012341142	0
7.0136719	-0.38082004	-1.5307534	-0.40874684	0.0012913346	0
7.5136719	-0.38454533	-0.87768251	-0.41412795	0.0013250113	0
8.0136719	-0.39087534	-2.8272471	-0.41840822	0.0012797117	0
8.5136719	-0.39243698	-2.897352	-0.42225733	0.0012522936	0
9.0136719	-0.39410591	-3.0483446	-0.4253982	0.0012564659	0
9.5136719	-0.3970325	-2.9948373	-0.42828232	0.0013658404	0
10.013672	-0.39935708	-2.821358	-0.43024892	0.001309216	1
10.513672	-0.40092468	-2.6290681	-0.43204194	0.0012296438	1
11.013672	-0.40501356	0.10663438	-0.43348491	0.0013405085	0
11.513672	-0.40504932	-0.46966863	-0.43484473	0.0012892485	0
12.013672	-0.40755868	-2.118367	-0.43597555	0.0012800097	0
12.513672	-0.40615201	-1.3680304	-0.43678045	0.0012692809	0
13.013672	-0.40758252	-1.2507375	-0.43754542	0.0013330579	0
13.513672	-0.40867329	-1.2332524	-0.4384827	0.0013276935	0
14.013672	-0.41151047	-0.56063706	-0.4396911	0.0012052059	0
14.513672	-0.41252971	-2.4272945	-0.44017181	0.0012749434	0
15.013672	-0.41241646	-1.589685	-0.44108832	0.001219213	0
15.513672	-0.41309595	-0.3302106	-0.44207186	0.0011822581	0
16.013672	-0.41584969	-1.879938	-0.44347003	0.0011453032	0
16.513672	-0.41359067	-4.528615	-0.44492573	0.0012210011	0
17.013672	-0.41652918	-3.390559	-0.44655228	0.0011593103	0
17.513672	-0.41938424	-2.8049066	-0.44792667	0.0012731552	0
18.013672	-0.41971207	-1.793708	-0.44960564	0.0012162328	0
18.513672	-0.42309165	-2.5881717	-0.45184708	0.0010427833	0
19.013672	-0.42147636	-1.9052798	-0.45329815	0.0011458993	0
19.513672	-0.42506456	0.49962872	-0.45512491	0.0010868907	0
20.013672	-0.42878985	-3.0382493	-0.45682245	0.001103878	0
20.513672	-0.42959452	-2.8108251	-0.45829818	0.0011128187	0
21.013672	-0.43047667	-2.90552	-0.46001896	0.0010189414	1
21.513672	-0.43230057	-3.0031338	-0.46187216	0.0010800362	0
22.013672	-0.43187737	-3.0847642	-0.46353942	0.0011479855	0
22.513672	-0.43416023	-1.6463585	-0.46516746	0.0011557341	0
23.013672	-0.43690205	-1.7639936	-0.46670175	0.0010713935	0
23.513672	-0.43849945	-3.4856954	-0.46809578	0.0010544062	0
24.013672	-0.43990016	-2.1380839	-0.4694666	0.0011366606	0
24.513672	-0.4414618	-2.3809135	-0.47089383	0.001103878	0
25.013672	-0.442487	-4.6685863	-0.4723452	0.0011074543	0
25.513672	-0.44154525	-1.819544	-0.47388241	0.0012326241	0
26.013672	-0.44315457	-4.0684843	-0.47515267	0.0010693073	0
26.513672	-0.44716597	-3.1008267	-0.47674224	0.00099986792	0
27.013672	-0.44739842	-1.9792951	-0.47821397	0.0010949373	0
27.513672	-0.448668	-3.2811403	-0.47989374	0.001142025	0
28.013672	-0.45152307	-1.6579704	-0.48147321	0.0011637807	0
28.513672	-0.45323968	-0.89364678	-0.48277289	0.0011140108	0
29.013672	-0.45320988	-1.9389515	-0.48415437	0.0010070205	0
29.513672	-0.45585632	-2.854275	-0.4855383	0.0010508299	0
30.013672	-0.45920014	-4.5002093	-0.48659086	0.0010371208	0
30.513672	-0.45785308	-2.0386479	-0.48800632	0.0010615587	0
31.013672	-0.46018958	-2.0955148	-0.48936293	0.0010415912	0
31.513672	-0.46113729	-2.4245055	-0.49096531	0.0010254979	1
32.013672	-0.46468377	-2.6847999	-0.49250245	0.0011396408	0
32.513672	-0.4637599	-3.1137302	-0.4942295	0.0011113286	0
33.013672	-0.46639442	-3.3864276	-0.49581289	0.0011101365	0
33.513672	-0.46765804	-3.4350443	-0.49768126	0.0010856986	0
34.013672	-0.46775937	-1.2974547	-0.49945459	0.0010100007	0
34.513672	-0.47002435	-2.9721105	-0.50107127	0.00094652176	0
35.013672	-0.47106743	-1.1636797	-0.50275946	0.0011321902	0
35.513672	-0.47395229	-1.6532965	-0.50426412	0.001065731	0
36.013672	-0.47338009	-1.7667314	-0.5060733	0.0010144711	0
36.513672	-0.47730207	-2.8866715	-0.5076682	0.0010401011	0
37.013672	-0.47656298	-2.9331722	-0.50937837	0.0010460615	0
37.513672	-0.47959089	-1.421314	-0.51106036	0.00097990036	0
38.013672	-0.47986507	-2.366678	-0.51271319	0.00098526478	0
38.513672	-0.48297048	-0.42102987	-0.51455438	0.0010731816	0
39.013672	-0.48530698	-2.4983177	-0.51639056	0.0010001659	0
39.513672	-0.48595071	-3.119318	-0.5179776	0.00099331141	0
40.013672	-0.48773289	-1.3589748	-0.51964706	0.0009855628	0
40.513672	-0.488168	-3.085079	-0.5210942	0.0010189414	0
41.013672	-0.49256682	-4.2629023	-0.52274376	0.001077354	0
41.513672	-0.49111247	-4.654181	-0.52416122	0.0009521842	0
42.013672	-0.4919827	-2.8314738	-0.52594566	0.0010067225	1
42.513672	-0.4940033	-2.0326228	-0.52740407	0.00094026327	0
43.013672	-0.49658418	-3.1863401	-0.52859819	0.00091195107	0
43.513672	-0.49703717	-0.3861734	-0.53005373	0.00099182129	0
44.013672	-0.49982071	-0.28818515	-0.53166991	0.00097155571	0
44.513672	-0.50091147	-3.5706167	-0.53331023	0.00097841024	0
45.013672	-0.50348639	-4.4636974	-0.53487253	0.00094413757	0
45.513672	-0.50187707	-2.7280993	-0.53639448	0.0009226799	0
46.013672	-0.50535202	-1.3317789	-0.53787959	0.00089913607	0
46.513672	-0.50451756	-1.9723338	-0.53946346	0.0010070205	0
47.013672	-0.50711036	-1.7112687	-0.54100084	0.00085175037	0
47.513672	-0.50961971	-1.8061038	-0.54258668	0.00088661909	0
48.013672	-0.51068068	-5.3073063	-0.54422629	0.00086903572	0
48.513672	-0.51286817	-1.908114	-0.54595315	0.00085175037	0
49.013672	-0.51426888	-3.9776125	-0.54735589	0.00086843967	0
49.513672	-0.51617026	-3.2361853	-0.54878324	0.00076115131	0
50.013672	-0.51706433	-4.5388756	-0.55039763	0.00080674887	0
50.513672	-0.51713586	-6.09444	-0.55182064	0.00078052282	0
51.013672	-0.52005053	-3.8045473	-0.55370665	0.00086098909	0
51.513672	-0.52247643	-5.8197517	-0.55529898	0.00078141689	0
52.013672	-0.52229762	-2.2769659	-0.55689824	0.00077426434	0
52.513672	-0.52361488	-4.806232	-0.55848712	0.00082463026	1
53.013672	-0.52597523	-2.3246014	-0.56028986	0.00079721212	1
53.513672	-0.52849054	-2.3742418	-0.56194717	0.00068426132	0
54.013672	-0.53022504	-0.57626206	-0.56324935	0.00080883503	0
54.513672	-0.53088069	-5.6161661	-0.56477076	0.00086396933	0
55.013672	-0.53248405	-5.4194231	-0.56621557	0.0007429719	0
55.513672	-0.5343914	-5.0192289	-0.56759781	0.00067263842	0
56.013672	-0.53575039	-2.877445	-0.56882918	0.00067442656	0
56.513672	-0.53656101	-3.2487817	-0.57006228	0.00068873167	0
57.013672	-0.53873062	-5.5371709	-0.57150632	0.00073850155	0
57.513672	-0.54003	-4.187449	-0.57284665	0.00072300434	0
58.013672	-0.54329038	-1.8764545	-0.57437491	0.00073492527	0
58.513672	-0.54177046	-4.1151371	-0.5757345	0.00074863434	0
59.013672	-0.54340363	-3.4854717	-0.57722449	0.00076323748	0
59.513672	-0.54495931	-7.1879954	-0.57854468	0.0006967783	0
60.013672	-0.54798722	-5.0892782	-0.58024794	0.0006327033	0
60.513672	-0.5477488	-6.9243112	-0.58196479	0.00052422285	0
61.013672	-0.5485177	-5.7006779	-0.58363944	0.00063985586	0
61.513672	-0.55066943	-5.5332065	-0.58550328	0.00062078238	0
62.013672	-0.5523324	-4.0787201	-0.58706099	0.00054597855	0
62.513672	-0.55480003	-6.1293607	-0.58860415	0.00052511692	0
63.013672	-0.55620074	-5.0629249	-0.58994412	0.00052332878	0
63.513672	-0.5579114	-3.7737241	-0.59123868	0.00044554472	1
64.013672	-0.56063533	-5.5841613	-0.59268683	0.00056117773	0
64.513672	-0.55987835	-3.5595369	-0.59414953	0.00040471554	0
65.013672	-0.5618751	-4.8563013	-0.59584504	0.00042110682	0
65.513672	-0.56474209	-5.546968	-0.59761524	0.00040024519	0
66.013672	-0.5656302	-5.0287848	-0.59909868	0.00047385693	0
66.513672	-0.5658865	-4.8353958	-0.60071278	0.00041633844	0
67.013672	-0.56791306	-4.9199023	-0.60228014	0.00033199787	0
67.513672	-0.56988001	-6.8558354	-0.60397118	0.000410676	0
68.013672	-0.57054162	-3.8148503	-0.60559368	0.00036895275	0
68.513672	-0.57306886	-2.2753894	-0.60737538	0.00037282705	0
69.013672	-0.57604313	-3.4662549	-0.6093663	0.00030398369	0
69.513672	-0.57697892	-5.8069215	-0.61094236	0.00039815903	0
70.013672	-0.57845116	-2.1086826	-0.61256886	0.00040143728	0
70.513672	-0.57779551	-2.8746722	-0.61413455	0.00043004751	0
71.013672	-0.58030486	-4.9680033	-0.61550111	0.00042915344	0
71.513672	-0.58191419	-6.0263472	-0.6169436	0.0004607439	0
72.013672	-0.58178902	-5.2568827	-0.61835116	0.00043839216	0
72.513672	-0.58521628	-5.0526638	-0.6198951	0.00046521425	0
73.013672	-0.5841434	-2.1620014	-0.62154299	0.00043541193	0
73.513672	-0.58614016	-6.5386982	-0.62309551	0.00040650368	0
74.013672	-0.58891773	-3.769872	-0.62458724	0.00040441751	1
74.513672	-0.59042573	-5.7306085	-0.62608474	0.00040352345	0
75.013672	-0.59162974	-2.8025694	-0.62756145	0.00029116869	0
75.513672	-0.59389472	-5.3696551	-0.62910795	0.00025689602	0
76.013672	-0.59614778	-3.0672791	-0.63067108	0.00032573938	0
76.513672	-0.59467554	-5.6602097	-0.63212448	0.00028848648	0
77.013672	-0.59788823	-4.3796172	-0.63451707	0.00078260899	0
77.513672	-0.5987227	-7.2259669	-0.63637024	0.00080257654	0
78.013672	-0.60141683	-4.754353	-0.63824117	0.00073224306	0
78.513672	-0.60297847	-4.9396281	-0.64009279	0.00066190958	0
79.013672	-0.60467124	-4.6393061	-0.64176679	0.00068545341	0
79.513672	-0.60509443	-5.4960957	-0.6432566	0.00066667795	0
80.013672	-0.60689449	-5.8805437	-0.64479053	0.0006878376	0
80.513672	-0.60784221	-4.7679567	-0.64633065	0.00062972307	0
81.013672	-0.60911179	-7.2463288	-0.64794779	0.00069946051	0
81.513672	-0.61281323	-6.2973452	-0.64938837	0.00067651272	0
82.013672	-0.61255097	-5.7006631	-0.65071279	0.00067830086	0
82.513672	-0.61535835	-7.4102354	-0.65207982	0.00068515539	0
83.013672	-0.61494112	-6.1853366	-0.65341604	0.00058084726	0
83.513672	-0.61751008	-5.2488422	-0.65483284	0.00069946051	0
84.013672	-0.61614513	-5.5907774	-0.65634274	0.00063151121	0
84.513672	-0.62046647	-4.3000636	-0.65812677	0.00066250563	1
85.013672	-0.62066913	-6.0860395	-0.65977621	0.00069022179	0
85.513672	-0.62255859	-5.5327659	-0.66137964	0.00059217215	0
86.013672	-0.62353015	-5.4667077	-0.66311061	0.00075787306	0
86.513672	-0.62751174	-4.8231206	-0.66454649	0.00068187714	0
87.013672	-0.63022375	-7.2323351	-0.6659258	0.00069826841	0
87.513672	-0.62936544	-5.5669336	-0.66755509	0.00068575144	0
88.013672	-0.63318014	-5.3232164	-0.66911638	0.00074625015	0
88.513672	-0.63227415	-8.8702145	-0.67071581	0.00073224306	0
89.013672	-0.63362122	-6.1872277	-0.67225009	0.00068068504	0
89.513672	-0.63611865	-3.4088736	-0.6736865	0.00059634447	0
90.013672	-0.6383121	-2.0071669	-0.67502832	0.00058919191	0
90.513672	-0.63781738	-5.2645316	-0.67633903	0.0005865097	0
91.013672	-0.64002275	-4.50911	-0.67775041	0.00063359737	0
91.513672	-0.64253807	-4.6510296	-0.67936659	0.00059962273	0
92.013672	-0.64269304	-4.2855453	-0.68078882	0.00064611435	0
92.513672	-0.64504743	-7.4542441	-0.68227112	0.00051796436	0
93.013672	-0.64608455	-7.3223338	-0.68382883	0.00063300133	0
93.513672	-0.64688921	-5.010529	-0.68563187	0.00057458878	0
94.013672	-0.64897537	-4.5875602	-0.68718934	0.00062316656	0
94.513672	-0.64733624	-7.4238963	-0.68890244	0.00059008598	0
95.013672	-0.65042973	-3.2644475	-0.69069922	0.00062286854	1
95.513672	-0.65556169	-7.8043399	-0.69259608	0.00064820051	0
96.013672	-0.6547153	-6.7929597	-0.6943658	0.00053912401	0
96.513672	-0.65689087	-7.8559966	-0.69608748	0.00052809715	0
97.013672	-0.65895319	-1.8370848	-0.69798338	0.00056535006	0
97.513672	-0.66035986	-5.0420871	-0.69985068	0.00057339668	0
98.013672	-0.65903068	-4.7780271	-0.70154548	0.00058829784	0
98.513672	-0.66127777	-8.5260382	-0.70344156	0.00058531761	0
99.013672	-0.6629467	-3.6053209	-0.70527411	0.00057309866	0
99.513672	-0.66561699	-7.1397872	-0.70709431	0.0005543232	0
100.01367	-0.66985488	-7.9256306	-0.70884204	0.00048428774	0
100.51367	-0.66943169	-8.6954947	-0.71062416	0.00051766634	0
101.01367	-0.67072511	-4.7681413	-0.71207285	0.00054657459	0
101.51367	-0.67203045	-6.6814027	-0.71349573	0.00054776669	0
102.01367	-0.67226291	-3.017422	-0.715168	0.00056058168	0
102.51367	-0.67520142	-8.062089	-0.71669126	0.00051081181	0
103.01367	-0.67487359	-5.0087404	-0.71840286	0.00059902668	0
103.51367	-0.67731738	-6.1352162	-0.72004443	0.00063151121	0
104.01367	-0.67982078	-4.8213267	-0.72166431	0.00063180923	0
104.51367	-0.6829083	-3.0391266	-0.72325063	0.00057339668	0
105.01367	-0.68107843	-6.4033718	-0.72467393	0.00058501959	0
105.51367	-0.68346858	-7.3353949	-0.72614622	0.00058561563	1
106.01367	-0.68573952	-7.3699617	-0.72763336	0.00057578087	1
106.51367	-0.68560839	-7.4200864	-0.72920728	0.00063627958	0
107.01367	-0.6878376	-5.7970791	-0.73088413	0.00068336725	0
107.51367	-0.69041252	-7.8717079	-0.73234665	0.00056296587	0
108.01367	-0.69043636	-5.8451362	-0.73402452	0.00054001808	0
108.51367	-0.69076419	-7.3330889	-0.7355206	0.00051230192	0
109.01367	-0.69513917	-9.311327	-0.73699641	0.00054478645	0
109.51367	-0.69935918	-8.9707212	-0.73840868	0.00044733286	0
110.01367	-0.6967485	-8.550334	-0.73971027	0.00033825636	0
110.51367	-0.69925785	-12.835399	-0.74096054	0.00033974648	0
111.01367	-0.69966316	-14.566445	-0.74235946	0.00034421682	0
111.51367	-0.69984794	-12.506559	-0.74379838	0.00038206577	0
112.01367	-0.70293546	-15.227607	-0.74522263	0.00038146973	0
112.51367	-0.70413351	-15.205025	-0.74667323	0.00037163496	0
113.01367	-0.70511699	-14.988949	-0.74845052	0.00043213367	0
113.51367	-0.70699453	-16.357721	-0.75039148	0.00043660402	0
114.01367	-0.71017742	-16.494432	-0.75211644	0.00050932169	0
114.51367	-0.70983768	-14.759388	-0.75397551	0.00063121319	0
115.01367	-0.71207285	-15.56337	-0.75539505	0.00065088272	0
115.51367	-0.71443915	-18.153587	-0.75704014	0.00086158514	0
116.01367	-0.71561337	-17.053024	-0.75852996	0.00088363886	0
116.51367	-0.71780086	-18.595575	-0.76006204	0.00087559223	1
117.01367	-0.71799159	-19.416796	-0.76135153	0.00097244978	0
117.51367	-0.71917176	-17.997887	-0.76291913	0.0011008978	0
118.01367	-0.71963072	-14.111886	-0.76426333	0.0010406971	0
118.51367	-0.72162151	-17.813364	-0.76582265	0.0011497736	0
119.01367	-0.72386861	-19.604912	-0.76753443	0.0012463331	0
119.51367	-0.72490573	-18.406164	-0.76895088	0.001373291	0
120.01367	-0.7281363	-17.911482	-0.77040082	0.0013691187	0
120.51367	-0.72917342	-16.900331	-0.7720226	0.0014814734	0
121.01367	-0.73125362	-16.571638	-0.77352875	0.0014919043	0
121.51367	-0.72985291	-20.809109	-0.77510071	0.0016286969	0
122.01367	-0.73308945	-19.936483	-0.77672428	0.0016012788	0
122.51367	-0.73382258	-20.22695	-0.77807516	0.0017422438	0
123.01367	-0.73691607	-24.440109	-0.77928972	0.0016891956	0
123.51367	-0.7371664	-23.381214	-0.78043973	0.0016266108	0
124.01367	-0.73897839	-24.162254	-0.78156781	0.0016146898	0
124.51367	-0.73879361	-26.703262	-0.7828778	0.0015959144	0
125.01367	-0.74293613	-30.022682	-0.78405726	0.0016373396	0
125.51367	-0.74390769	-32.419796	-0.78528696	0.0015965104	0
126.01367	-0.74570179	-33.168045	-0.78639209	0.0015076995	0
126.51367	-0.74604154	-33.301109	-0.78750545	0.0015252829	0
127.01367	-0.74757934	-35.999622	-0.78869468	0.0014340878	1
127.51367	-0.75067282	-37.298141	-0.78990519	0.0014492869	0
128.01367	-0.75039864	-40.632137	-0.79120392	0.0013965368	0
128.51367	-0.75191855	-42.387829	-0.79242337	0.0012737513	0
129.01367	-0.75495243	-43.550964	-0.79381698	0.0011193752	0
129.51367	-0.75541139	-42.571007	-0.7949487	0.0011134148	0
130.01367	-0.7566452	-45.790573	-0.79629695	0.0010472536	0
130.51367	-0.75925589	-49.816082	-0.79766876	0.0010222197	0
131.01367	-0.75961351	-53.06221	-0.79882109	0.0009226799	0
131.51367	-0.7597208	-54.620663	-0.80011362	0.00081837177	0
132.01367	-0.76557398	-53.738522	-0.80124044	0.00086247921	0
132.51367	-0.76591969	-57.045437	-0.80240005	0.00081509352	0
133.01367	-0.76299906	-58.986103	-0.80333227	0.00063300133	0
133.51367	-0.76903701	-62.430954	-0.80452389	0.00062555075	0
134.01367	-0.76929927	-64.200409	-0.80540425	0.00056117773	0
134.51367	-0.76999664	-64.392426	-0.80660737	0.00052154064	0
135.01367	-0.77344775	-67.492798	-0.80771244	0.00044345856	0
135.51367	-0.77216029	-67.193443	-0.80883032	0.00026673079	0
136.01367	-0.77423453	-69.444817	-0.80992782	0.00031471252	0
136.51367	-0.77670813	-70.79705	-0.81091648	0.00023394823	0
137.01367	-0.776577	-71.575623	-0.8119669	0.00016361475	0
137.51367	-0.77943206	-72.34726	-0.81303561	1.2218952e-05	1
138.01367	-0.7825613	-75.243904	-0.81407344	0.00014305115	0
138.51367	-0.78291297	-76.023399	-0.8151632	1.3113022e-05	0
139.01367	-0.78342557	-77.775719	-0.81615651	-4.4107437e-05	0
139.51367	-0.78148246	-82.472321	-0.81741238	-0.00012159348	0
140.01367	-0.78613162	-80.553207	-0.81872439	-0.00027418137	0
140.51367	-0.78688264	-84.537979	-0.8201406	-0.00014007092	0
141.01367	-0.78906417	-81.637199	-0.82147503	-0.00021010637	0
141.51367	-0.78980327	-85.102402	-0.82306379	-0.00017464161	0
142.01367	-0.79117417	-85.065788	-0.82489276	-0.00024646521	0
142.51367	-0.79290271	-83.145042	-0.82680935	-0.00018686056	0
143.01367	-0.79631805	-85.010376	-0.82848376	-0.00013321638	0
143.51367	-0.79905391	-85.784218	-0.83004737	-0.00021725893	0
144.01367	-0.79925656	-87.108467	-0.83149755	-0.00014692545	0
144.51367	-0.80112219	-87.606934	-0.83297724	-0.00017523766	0
145.01367	-0.80308318	-87.728104	-0.83465272	-0.00016510487	0
145.51367	-0.80337524	-87.845276	-0.83636707	-0.00014513731	0
146.01367	-0.80681443	-88.190086	-0.83820319	-0.00017523766	0
146.51367	-0.80705285	-88.954712	-0.83972508	-0.00017851591	0
147.01367	-0.80752969	-88.038269	-0.84133512	-0.0001257658	0
147.51367	-0.81164241	-88.987389	-0.84296262	-0.00023514032	0
148.01367	-0.81225634	-89.371765	-0.84416622	-0.00010371208	1
148.51367	-0.81418753	-92.173355	-0.84544158	-0.00025719404	1
149.01367	-0.8140862	-90.353088	-0.84678954	-0.00018417835	0
149.51367	-0.81537366	-88.173409	-0.84808922	-0.00029087067	0
150.01367	-0.81809163	-90.688301	-0.84946597	-0.00026494265	0
150.51367	-0.8182466	-91.617775	-0.8508327	-0.00028759241	0
151.01367	-0.82039237	-91.878952	-0.85204387	-0.00039428473	0
151.51367	-0.82246065	-93.288322	-0.85325128	-0.00034034252	0
152.01367	-0.8235395	-94.022339	-0.85464603	-0.00039696693	0
152.51367	-0.82437992	-93.127754	-0.85586286	-0.00041007996	0
153.01367	-0.82433224	-96.487808	-0.85732156	-0.00034451485	0
153.51367	-0.8263886	-96.415359	-0.85887158	-0.00034838915	0
154.01367	-0.82985759	-96.740913	-0.86052096	-0.00050544739	0
154.51367	-0.82871318	-98.680122	-0.86173737	-0.00052988529	0
155.01367	-0.83133578	-100.4387	-0.86318427	-0.00055223703	0
155.51367	-0.8328557	-98.90551	-0.86450136	-0.00052452087	0
156.01367	-0.83424449	-102.16029	-0.8658936	-0.00051677227	0
156.51367	-0.8379221	-101.03802	-0.86724734	-0.0005248189	0
157.01367	-0.83692074	-105.16035	-0.86837953	-0.00059813261	0
157.51367	-0.83947778	-106.21516	-0.86950654	-0.00068545341	0
158.01367	-0.84258914	-107.65838	-0.8704195	-0.00078439713	0
158.51367	-0.84228516	-105.56155	-0.87148631	-0.00088214874	0
159.01367	-0.84449649	-109.76057	-0.87241	-0.00094354153	1
159.51367	-0.84392428	-117.61224	-0.87317789	-0.0010895729	0
160.01367	-0.84725618	-113.72665	-0.87412381	-0.0014144182	0
160.51367	-0.84665418	-117.77933	-0.87500834	-0.0014421344	0
161.01367	-0.84964037	-119.00011	-0.87589347	-0.0016495585	0
161.51367	-0.85219145	-122.67934	-0.87682283	-0.0018194318	0
162.01367	-0.85206628	-127.34915	-0.87767982	-0.0019437075	0
162.51367	-0.85434318	-128.45796	-0.87840384	-0.0021618605	0
163.01367	-0.85583329	-131.45901	-0.87917632	-0.0023299456	0
163.51367	-0.85718036	-131.79764	-0.87988651	-0.0024294853	0
164.01367	-0.85840821	-136.68201	-0.88069642	-0.0026461482	0
164.51367	-0.85896254	-138.30977	-0.88135177	-0.002835989	0
165.01367	-0.86240768	-142.34415	-0.88210577	-0.0031140447	0
165.51367	-0.86237788	-146.1839	-0.88288641	-0.0032764673	0
166.01367	-0.86471438	-150.94197	-0.88354999	-0.0034788251	0
166.51367	-0.86660385	-150.1346	-0.8842414	-0.0036463141	0
167.01367	-0.86702704	-156.18791	-0.88490134	-0.0038731098	0
167.51367	-0.86845756	-161.18755	-0.88561273	-0.0041106343	0
168.01367	-0.8697331	-162.25891	-0.8860386	-0.0043299794	0
168.51367	-0.87295175	-164.586	-0.88651156	-0.0044846535	0
169.01367	-0.87483525	-166.63611	-0.88706857	-0.0047647953	0
169.51367	-0.87531209	-172.62682	-0.88727319	-0.0049003959	1
170.01367	-0.87667704	-175.96181	-0.88777876	-0.0050964952	0
170.51367	-0.87823868	-177.53262	-0.88798141	-0.0052493811	0
171.01367	-0.87874532	-182.77788	-0.88821226	-0.0055003166	0
171.51367	-0.88377595	-184.957	-0.88852322	-0.0057271123	0
172.01367	-0.8839488	-187.44156	-0.88887358	-0.0059211254	0
172.51367	-0.88342428	-188.87877	-0.88908112	-0.0061294436	0
173.01367	-0.88555813	-192.823	-0.88931823	-0.0063255429	0
173.51367	-0.88663697	-195.42924	-0.88964528	-0.0065508485	0
174.01367	-0.88911653	-199.20789	-0.88999516	-0.0067275763	0
174.51367	-0.88946819	-201.55974	-0.89032853	-0.0069478154	0
175.01367	-0.89162588	-205.9127	-0.8906641	-0.0071275234	0
175.51367	-0.89518428	-209.70586	-0.89113081	-0.0072458386	0
176.01367	-0.89348555	-208.60674	-0.89165008	-0.0075748563	0
176.51367	-0.89650154	-210.5089	-0.89214021	-0.0078171492	0
177.01367	-0.89668036	-219.05916	-0.89247531	-0.0081321597	0
177.51367	-0.89957714	-222.29825	-0.89293325	-0.0083953142	0
178.01367	-0.90148449	-228.43245	-0.89354658	-0.0087529421	0
178.51367	-0.90174079	-233.34392	-0.89409149	-0.0090122223	0
179.01367	-0.90380311	-239.98634	-0.89489138	-0.0093564391	0
179.51367	-0.90435743	-240.38921	-0.89550084	-0.0096443295	0
180.01367	-0.9059906	-243.64885	-0.89619732	-0.0099685788	1
180.51367	-0.90984702	-244.76151	-0.89693123	-0.01021117	0
181.01367	-0.90880394	-251.41859	-0.89774305	-0.010508001	0
181.51367	-0.91142058	-255.78627	-0.89839107	-0.010812879	0
182.01367	-0.91333985	-257.97513	-0.8989858	-0.01111865	0
182.51367	-0.9141326	-262.90878	-0.89962429	-0.011429191	0
183.01367	-0.91579556	-267.23798	-0.90022898	-0.011692345	0
183.51367	-0.91706514	-271.12085	-0.90079838	-0.01195401	0
184.01367	-0.91800094	-274.66751	-0.90155417	-0.012321472	0
184.51367	-0.92144012	-278.72482	-0.9021225	-0.012440383	0
185.01367	-0.92125535	-281.88754	-0.90272343	-0.012843311	0
185.51367	-0.92276931	-283.48987	-0.90347534	-0.013212562	0
186.01367	-0.92474818	-292.54688	-0.9042803	-0.013593435	0
186.51367	-0.92553496	-292.49588	-0.90490186	-0.013976395	0
187.01367	-0.9285152	-299.31995	-0.90555763	-0.014415681	0
187.51367	-0.92976689	-301.89246	-0.90612119	-0.014712214	0
188.01367	-0.93100071	-302.87125	-0.90665525	-0.015189052	0
188.51367	-0.932616	-307.47122	-0.90730244	-0.015532076	0
189.01367	-0.93401074	-309.72922	-0.90782815	-0.015979707	0
189.51367	-0.93532205	-316.64395	-0.90846682	-0.01631707	0
190.01367	-0.93473196	-319.1611	-0.90919948	-0.017079115	0
190.51367	-0.93912482	-321.711	-0.90989983	-0.017712116	1
191.01367	-0.93969703	-325.94669	-0.91069198	-0.01830399	0
191.51367	-0.94096065	-327.35989	-0.91166919	-0.019131005	0
192.01367	-0.94531178	-333.08865	-0.91277456	-0.020152032	0
192.51367	-0.94677806	-334.92087	-0.91374105	-0.020985305	0
193.01367	-0.94596148	-336.71051	-0.91466182	-0.021618307	0
193.51367	-0.94732046	-337.83917	-0.91548002	-0.022293925	0
194.01367	-0.94891191	-342.28912	-0.91627604	-0.023329556	0
194.51367	-0.95062852	-346.10007	-0.91722226	-0.023963749	0
195.01367	-0.9522438	-350.43231	-0.91807002	-0.024875402	0
195.51367	-0.95320344	-349.84512	-0.91943467	-0.026400983	0
196.01367	-0.95438957	-356.3429	-0.92045957	-0.027418137	0
196.51367	-0.95713735	-354.72672	-0.92165583	-0.028722882	0
197.01367	-0.9590745	-356.15302	-0.92293537	-0.030428469	0
197.51367	-0.9624064	-356.09213	-0.92528486	-0.033389926	0
198.01367	-0.9645164	-346.02789	-0.92920429	-0.03805846	0
198.51367	-0.96474886	-344.1467	-0.93218768	-0.041485727	0
199.01367	-0.96468329	-334.81497	-0.93550926	-0.046085119	0
199.51367	-0.96806884	-326.63373	-0.93938911	-0.050709546	0
200.01367	-0.96994638	-317.27344	-0.94293052	-0.055496097	0
200.51367	-0.97125173	-302.43677	-0.94767624	-0.062333941	0
201.01367	-0.97416639	-295.43857	-0.95106983	-0.067519248	1
201.51367	-0.97523928	-283.03214	-0.95589077	-0.073652565	1
202.01367	-0.97389817	-269.22879	-0.96010619	-0.080004632	0
202.51367	-0.9775877	-243.44226	-0.96757257	-0.090650618	0
203.01367	-0.9822607	-223.44266	-0.97640133	-0.10046393	0
203.51367	-0.98382831	-214.55043	-0.98169929	-0.10709435	0
204.01367	-0.98350048	-206.31027	-0.98615563	-0.11172533	0
204.51367	-0.98685622	-203.39969	-0.98955357	-0.11546403	0
205.01367	-0.98766685	-200.46474	-0.99228299	-0.11873692	0
205.51367	-0.98795295	-192.82695	-0.99413627	-0.12140483	0
206.01367	-0.98926425	-196.37096	-0.99600023	-0.12363315	0
206.51367	-0.98913908	-192.50754	-0.99762833	-0.12596458	0
207.01367	-0.98820925	-192.71448	-0.99921441	-0.12812376	0
207.51367	-0.99232197	-191.51425	-1.001477	-0.1304853	0
208.01367	-0.99275708	-190.32402	-1.0032238	-0.1328072	0
208.51367	-0.99180341	-186.06883	-1.0048916	-0.13533056	0
209.01367	-0.99431276	-185.00879	-1.0071807	-0.13837725	0
209.51367	-0.99563599	-182.90985	-1.0095538	-0.14122754	0
210.01367	-0.99874735	-179.73431	-1.0127316	-0.14388174	0
210.51367	-0.99903345	-174.54201	-1.0171456	-0.14621019	0
211.01367	-1.0012209	-173.13628	-1.0204895	-0.1483503	0
211.51367	-1.0017633	-174.28871	-1.0233296	-0.15125126	0
212.01367	-1.0036707	-170.05655	-1.0261937	-0.15438765	1
212.51367	-1.0065198	-166.39256	-1.0289619	-0.15814245	0
213.01367	-1.0081172	-162.62694	-1.031804	-0.16138673	0
213.51367	-1.006943	-159.86252	-1.0345681	-0.16454369	0
214.01367	-1.0095239	-156.52435	-1.0373304	-0.16743869	0
214.51367	-1.0115266	-156.12619	-1.0399182	-0.16965717	0
215.01367	-1.0129809	-149.82198	-1.0425512	-0.17139196	0
215.51367	-1.0163248	-147.22954	-1.0450222	-0.17271608	0
216.01367	-1.018703	-147.19746	-1.047441	-0.17428815	0
216.51367	-1.0183454	-143.46428	-1.0495059	-0.1755634	0
217.01367	-1.0199368	-142.9129	-1.0514216	-0.17693192	0
217.51367	-1.0211349	-143.24927	-1.0533091	-0.17805099	0
218.01367	-1.0241807	-139.0719	-1.0551901	-0.17920166	0
218.51367	-1.0241508	-136.42139	-1.0570563	-0.18052936	0
219.01367	-1.0236144	-136.00345	-1.0590676	-0.18165261	0
219.51367	-1.0274589	-135.34468	-1.0609965	-0.18303126	0
220.01367	-1.02669	-132.48367	-1.0630988	-0.1843971	0
220.51367	-1.0281146	-132.97107	-1.0652223	-0.18597275	0
221.01367	-1.030457	-129.39801	-1.0676118	-0.18735915	0
221.51367	-1.0329008	-126.38167	-1.0697399	-0.18911481	0
222.01367	-1.034677	-125.38206	-1.0719638	-0.1905629	0
222.51367	-1.0369182	-124.13199	-1.0741569	-0.19215524	1
223.01367	-1.0346234	-119.75396	-1.0763471	-0.19368678	0
223.51367	-1.0384083	-118.00707	-1.0788498	-0.19522816	0
224.01367	-1.0378599	-115.17904	-1.0814013	-0.19700527	0
224.51367	-1.0432124	-112.74187	-1.0838894	-0.19873321	0
225.01367	-1.04267	-109.60388	-1.0863712	-0.20041436	0
225.51367	-1.0437965	-110.42944	-1.0885366	-0.20187318	0
226.01367	-1.0452628	-107.1382	-1.0909475	-0.20359427	0
226.51367	-1.0490119	-104.58787	-1.0929539	-0.20503461	0
227.01367	-1.0486543	-104.7337	-1.0948328	-0.20645469	0
227.51367	-1.0525227	-101.49449	-1.0967697	-0.20780712	0
228.01367	-1.0525286	-99.439781	-1.0986246	-0.20906806	0
228.51367	-1.0556102	-101.48851	-1.1001899	-0.21025211	0
229.01367	-1.0545254	-98.753944	-1.1016754	-0.21133572	0
229.51367	-1.0558605	-99.277641	-1.1032708	-0.21255463	0
230.01367	-1.0577738	-95.789192	-1.1049901	-0.21371216	0
230.51367	-1.0577679	-96.123459	-1.1064048	-0.21482706	0
231.01367	-1.0618865	-92.219551	-1.1079248	-0.21592855	0
231.51367	-1.0629237	-93.943604	-1.1095264	-0.21722704	0
232.01367	-1.0637105	-93.721725	-1.1112041	-0.21843761	0
232.51367	-1.0649025	-90.607071	-1.1128653	-0.21965086	0
233.01367	-1.0647416	-88.328888	-1.1147202	-0.22104919	1
233.51367	-1.0665238	-90.52327	-1.1165531	-0.22249311	0
234.01367	-1.0706186	-89.665482	-1.1184731	-0.22387207	0
234.51367	-1.0701954	-86.273438	-1.1203574	-0.22509605	0
235.01367	-1.0751665	-84.158043	-1.1222862	-0.22658527	0
235.51367	-1.074481	-86.101646	-1.1241822	-0.2280727	0
236.01367	-1.0751843	-81.535912	-1.1259313	-0.22945106	0
236.51367	-1.0775626	-80.749695	-1.1279445	-0.23077637	0
237.01367	-1.0797143	-79.168015	-1.129737	-0.23234159	0
237.51367	-1.0799587	-79.72538	-1.1315242	-0.23367763	0
238.01367	-1.0804474	-80.482216	-1.133221	-0.2349925	0
238.51367	-1.0821104	-76.611755	-1.1349483	-0.23636043	0
239.01367	-1.0854483	-72.879433	-1.1366047	-0.23761004	0
239.51367	-1.0843039	-75.453545	-1.1383871	-0.23914784	0
240.01367	-1.089561	-75.170815	-1.1401739	-0.24054378	0
240.51367	-1.0896027	-72.591385	-1.1419152	-0.24180442	0
241.01367	-1.0912716	-71.885712	-1.1435804	-0.24298906	0
241.51367	-1.0924697	-71.42466	-1.1453793	-0.24451226	0
242.01367	-1.0917902	-67.986366	-1.147096	-0.24580777	0
242.51367	-1.0943115	-71.326401	-1.148832	-0.2473405	0
243.01367	-1.0967791	-67.089928	-1.1505668	-0.24867117	0
243.51367	-1.0974407	-68.201805	-1.1522906	-0.24983943	1
244.01367	-1.0984063	-67.883011	-1.1538451	-0.25131494	1
244.51367	-1.0987937	-67.554802	-1.1558239	-0.2528432	0
245.01367	-1.1027992	-63.709496	-1.1576312	-0.2543664	0
245.51367	-1.1031032	-64.334473	-1.1595606	-0.25602013	0
246.01367	-1.1049092	-62.315701	-1.1615989	-0.2577737	0
246.51367	-1.1072218	-62.159416	-1.1634992	-0.25916278	0
247.01367	-1.1100948	-62.286549	-1.1653941	-0.26105881	0
247.51367	-1.109457	-55.005867	-1.1700621	-0.27140468	0
248.01367	-1.1121929	-42.09676	-1.1734824	-0.28663576	0
248.51367	-1.1114001	-41.167717	-1.1755098	-0.28867185	0
249.01367	-1.1144459	-38.353043	-1.1771475	-0.29028863	0
249.51367	-1.1161566	-35.498795	-1.1789318	-0.29161721	0
250.01367	-1.1186779	-41.395634	-1.1802922	-0.29298693	0
250.51367	-1.1187017	-39.478668	-1.1817838	-0.29424429	0
251.01367	-1.1203349	-39.433823	-1.1830679	-0.29543012	0
251.51367	-1.1234224	-38.038311	-1.1844448	-0.29676169	0
252.01367	-1.1228681	-37.144993	-1.1858009	-0.29785872	0
252.51367	-1.1254072	-38.643932	-1.187463	-0.2993378	0
253.01367	-1.1240184	-37.255825	-1.1890311	-0.30065328	0
253.51367	-1.128763	-35.34333	-1.1909627	-0.3022328	0
254.01367	-1.1291325	-36.378963	-1.1926117	-0.30383438	0
254.51367	-1.130724	-32.385632	-1.1943429	-0.3052479	1
255.01367	-1.1318266	-28.906225	-1.1958628	-0.3068012	0
255.51367	-1.1337698	-32.469967	-1.1974694	-0.30810177	0
256.01367	-1.1350751	-30.428165	-1.1990639	-0.30960858	0
256.51367	-1.1376262	-30.734627	-1.2005762	-0.31087458	0
257.01367	-1.1378944	-30.142654	-1.2019061	-0.31237155	0
257.51367	-1.1388302	-30.035585	-1.2034904	-0.31367779	0
258.01367	-1.1425316	-30.540995	-1.2048532	-0.31519473	0
258.51367	-1.1425078	-28.823555	-1.206273	-0.31677902	0
259.01367	-1.143837	-27.192081	-1.2078741	-0.31895161	0
259.51367	-1.145637	-29.314083	-1.2094389	-0.32116652	0
260.01367	-1.1465073	-28.160162	-1.2111025	-0.32457143	0
260.51367	-1.1494279	-20.277222	-1.213424	-0.34258723	0
261.01367	-1.1503994	-16.113232	-1.2135316	-0.37365258	0
261.51367	-1.1525095	-15.472456	-1.2151691	-0.3764376	0
262.01367	-1.1564553	-16.26844	-1.2168319	-0.37843198	0
262.51367	-1.1568785	-15.589202	-1.2184737	-0.37993163	0
263.01367	-1.1540949	-17.27914	-1.219955	-0.38147837	0
263.51367	-1.1573911	-17.649357	-1.2213281	-0.38271815	0
264.01367	-1.1599541	-15.767101	-1.2226864	-0.38411409	0
264.51367	-1.1603236	-14.816	-1.2243168	-0.38549751	0
265.01367	-1.163286	-15.755599	-1.2262141	-0.38705856	1
265.51367	-1.1628926	-12.881553	-1.2280308	-0.38856417	0
266.01367	-1.1668265	-15.882859	-1.2295108	-0.39005637	0
266.51367	-1.1660695	-10.880275	-1.2310306	-0.39146483	0
267.01367	-1.1680961	-15.13648	-1.232524	-0.3928569	0
267.51367	-1.1703253	-12.37626	-1.2340688	-0.39417684	0
268.01367	-1.1725783	-15.304602	-1.2354681	-0.39559156	0
268.51367	-1.1719704	-12.347214	-1.2371368	-0.39696604	0
269.01367	-1.1748552	-12.227212	-1.2388302	-0.39848804	0
269.51367	-1.175344	-12.971128	-1.2404749	-0.39965421	0
270.01367	-1.1766672	-13.382339	-1.2420406	-0.40106028	0
270.51367	-1.1779726	-13.792392	-1.2436337	-0.40256739	0
271.01367	-1.180613	-11.97941	-1.2451657	-0.40399939	0
271.51367	-1.1808574	-10.770423	-1.246744	-0.40523499	0
272.01367	-1.183176	-12.065279	-1.2486879	-0.40688932	0
272.51367	-1.1860549	-10.04304	-1.2503426	-0.40846378	0
273.01367	-1.1845291	-10.708446	-1.2524338	-0.41004151	0
273.51367	-1.1854172	-13.059458	-1.2542586	-0.41174412	0
274.01367	-1.189369	-10.135283	-1.2559916	-0.41329265	0
274.51367	-1.1909008	-11.021257	-1.2576478	-0.41485727	0
275.01367	-1.19133	-10.323951	-1.25941	-0.41632265	0
275.51367	-1.1952221	-12.556035	-1.2611936	-0.4178375	1
276.01367	-1.1956811	-10.684844	-1.2627057	-0.41911334	0
276.51367	-1.1956036	-10.589677	-1.2643702	-0.42055845	0
277.01367	-1.1993945	-9.7271585	-1.2660549	-0.42189449	0
277.51367	-1.2001336	-10.966768	-1.2675776	-0.42320698	0
278.01367	-1.2030244	-9.7933836	-1.2690146	-0.42453855	0
278.51367	-1.2031555	-8.9515142	-1.2704079	-0.42577058	0
279.01367	-1.204133	-9.5342941	-1.2719493	-0.42708814	0
279.51367	-1.2056708	-8.2885332	-1.2735513	-0.42853981	0
280.01367	-1.2071848	-7.8090181	-1.27526	-0.42992294	0
280.51367	-1.2080669	-10.717639	-1.27695	-0.43141305	0
281.01367	-1.2086272	-8.2065268	-1.278636	-0.43288231	0
281.51367	-1.2098789	-8.3440742	-1.2803482	-0.43454319	0
282.01367	-1.214385	-8.5513887	-1.2819012	-0.4357788	0
282.51367	-1.2150645	-8.3470831	-1.2834274	-0.43718666	0
283.01367	-1.2137651	-5.9409437	-1.2853057	-0.4387328	0
283.51367	-1.2172818	-7.1694984	-1.2871493	-0.4402855	0
284.01367	-1.2183309	-8.7691545	-1.2891186	-0.44203371	0
284.51367	-1.2201548	-9.3667498	-1.2909338	-0.44356048	0
285.01367	-1.224041	-9.1361809	-1.2925612	-0.4451108	0
285.51367	-1.224339	-6.181221	-1.2942905	-0.44651568	0
286.01367	-1.227361	-8.8364782	-1.2960641	-0.44789553	1
286.51367	-1.226455	-6.605638	-1.2978749	-0.44929117	0
287.01367	-1.2290001	-6.3372097	-1.2992778	-0.45061499	0
287.51367	-1.230824	-8.9362545	-1.3009686	-0.45213342	0
288.01367	-1.2293577	-5.6297011	-1.3023968	-0.45349211	0
288.51367	-1.2321889	-5.664319	-1.3039784	-0.45478404	0
289.01367	-1.2334347	-5.0902538	-1.3054339	-0.45623213	0
289.51367	-1.2342632	-6.8179579	-1.3068929	-0.45770794	0
290.01367	-1.238054	-7.5145688	-1.3086711	-0.45927644	0
290.51367	-1.238209	-6.030992	-1.3102968	-0.46070397	0
291.01367	-1.2400806	-9.1381741	-1.311988	-0.46236217	0
291.51367	-1.2427449	-6.597558	-1.3136379	-0.46368062	0
292.01367	-1.2409806	-3.6172006	-1.3152136	-0.46522856	0
292.51367	-1.2458622	-5.2946296	-1.316842	-0.46690166	0
293.01367	-1.2451053	-4.1233854	-1.3184623	-0.46826184	0
293.51367	-1.2491107	-5.6786294	-1.3199853	-0.46981752	0
294.01367	-1.2507141	-5.2523537	-1.321318	-0.47094673	0
294.51367	-1.2503266	-5.7013545	-1.322888	-0.47244012	0
295.01367	-1.2531161	-5.5891471	-1.3244464	-0.47387958	0
295.51367	-1.2543619	-6.5184665	-1.3260235	-0.47542781	0
296.01367	-1.2543857	-6.0469418	-1.3276725	-0.47679096	0
296.51367	-1.2565792	-4.3829589	-1.3294728	-0.47860771	1
297.01367	-1.2575984	-4.6637363	-1.3310354	-0.48010737	1
297.51367	-1.2591183	-5.8140697	-1.3328524	-0.48185199	0
298.01367	-1.2603223	-6.9894423	-1.3345423	-0.48357636	0
298.51367	-1.2625337	-5.0223775	-1.3365282	-0.4853645	0
299.01367	-1.2650013	-2.5800185	-1.3382081	-0.4871428	0
299.51367	-1.2652814	-0.69015026	-1.3399307	-0.4888165	0
300.01367	-1.2670755	-4.9481182	-1.3416078	-0.49053639	0
300.51367	-1.2691438	-6.1057038	-1.3432639	-0.49222291	0
301.01367	-1.2711883	-4.6674266	-1.3446131	-0.49367398	0
301.51367	-1.272428	-4.7708683	-1.3460379	-0.4952535	0
302.01367	-1.2730718	-4.4030519	-1.3476615	-0.49682111	0
302.51367	-1.2744188	-1.1062369	-1.3492688	-0.49854785	0
303.01367	-1.2755752	-2.3161514	-1.3509964	-0.50016165	0
303.51367	-1.2781978	-4.0667548	-1.3523836	-0.50165802	0
304.01367	-1.2789845	-2.9332952	-1.3539991	-0.50308168	0
304.51367	-1.2803495	-4.3133516	-1.3554441	-0.50467432	0
305.01367	-1.2843192	-1.3555263	-1.3569025	-0.50611556	0
305.51367	-1.2836695	-5.0558243	-1.3585154	-0.50774962	0
306.01367	-1.283288	-3.2942364	-1.3601292	-0.50927401	0
306.51367	-1.2865126	-1.351408	-1.361879	-0.51086634	0
307.01367	-1.2867451	-1.0933819	-1.363445	-0.51254869	0
307.51367	-1.2895286	-3.24347	-1.3652047	-0.51431715	1
308.01367	-1.2907088	-2.3448243	-1.3665881	-0.51591486	0
308.51367	-1.2942076	-4.1829662	-1.3681604	-0.51760912	0
309.01367	-1.2942195	-1.3770275	-1.3697544	-0.51924318	0
309.51367	-1.2953401	-4.3431773	-1.3711972	-0.5206123	0
310.01367	-1.2993872	-2.0827589	-1.372687	-0.52230954	0
310.51367	-1.2964725	-2.8383808	-1.3743002	-0.52393913	0
311.01367	-1.2997627	-1.9397616	-1.3758709	-0.52567244	0
311.51367	-1.3019145	-4.2410765	-1.3778431	-0.52741408	0
312.01367	-1.3034403	-2.4696329	-1.3793942	-0.52910417	0
312.51367	-1.3050377	-0.93036646	-1.3809459	-0.5307591	0
313.01367	-1.3053	-2.868736	-1.3825549	-0.53244293	0
313.51367	-1.3061821	-0.30687547	-1.3843559	-0.53429276	0
314.01367	-1.3088167	-3.2564611	-1.3861517	-0.53594679	0
314.51367	-1.3096213	-0.56789964	-1.3879411	-0.53796709	0
315.01367	-1.3126075	-1.3362627	-1.3896031	-0.53967595	0
315.51367	-1.3148367	0.12127953	-1.3912605	-0.54179251	0
316.01367	-1.3162732	-1.0563201	-1.3929752	-0.55818409	0
316.51367	-1.3173878	1.5782397	-1.3939015	-0.58073461	0
317.01367	-1.3187766	6.8558125	-1.3943168	-8.7883005	0
317.51367	-1.3210297	4.3115773	-1.4014153	-8.7883005	0
318.01367	-1.3216555	4.3726854	-1.3995005	-8.7883005	1
318.51367	-1.3244092	4.191421	-1.4020767	-8.7883005	0
319.01367	-1.3238072	3.4889686	-1.4028577	-8.7883005	0
319.51367	-1.3237476	3.3536813	-1.4041548	-8.7883005	0
320.01367	-1.3260186	2.9943297	-1.4058192	-8.7883005	0
320.51367	-1.3288736	5.470437	-1.4072515	-8.7883005	0
