$EXEC
$COMT
------------------------------------------------------------------------
-                                                                      -
-                       CESAR-LCPC Version 4.1.x                       -
-                                                                      -
-                                                                      -
-                                                                      -
-  Nom du MAILLAGE : mail                                              -
-  Nom du CALCUL   : calcu                                             -
-                                                                      -
-  Familles        : 1                                                 -
-                                                                      -
-  Module          : MCNL                                              -
-                                                                      -
-   .   1047 noeuds                                                  -
-   .   2 groupe                                                  -
-   .   1920 elements                                                -
-   .   1920 elements triangulaires                        -
-   .   0 elements quadrilateres                   -
-                                                                      -
------------------------------------------------------------------------
COOR
  2 0
1047 2
             0            0       0.020625     0.010417              0     0.026667        0.04125            0       0.020625        0.038        0.04125        0.015 
             0     0.053333       0.061875       0.0075        0.04125        0.057       0.020625     0.067583       0.061875        0.036              0         0.08 
        0.0825            0         0.0825        0.015        0.04125         0.08       0.061875       0.0685       0.020625     0.092417         0.0825        0.057 
       0.10312       0.0075              0      0.10667        0.10312        0.036       0.061875       0.0915        0.04125        0.103         0.0825         0.08 
      0.020625        0.122        0.12375            0        0.10312       0.0685        0.12375        0.015         0.0825        0.103              0      0.13333 
       0.12375        0.057        0.10312       0.0915       0.061875        0.124        0.14437       0.0075        0.12375         0.08        0.14437        0.036 
       0.04125        0.145       0.020625      0.14958        0.14437       0.0685              0         0.16        0.12375        0.103        0.10312        0.124 
      0.061875       0.1525          0.165            0        0.04125         0.16          0.165        0.015         0.0825        0.145        0.14437       0.0915 
         0.165        0.057         0.0825         0.16          0.165         0.08        0.10312       0.1525        0.18562       0.0075        0.18562        0.036 
       0.14437        0.124        0.12375        0.145          0.165        0.103        0.18562       0.0685        0.12375         0.16        0.20625            0 
       0.20625        0.015        0.18562       0.0915        0.14437       0.1525        0.20625        0.057          0.165        0.145        0.20625         0.08 
       0.18562        0.124        0.22687       0.0075        0.22687        0.036          0.165         0.16        0.20625        0.103        0.22687       0.0685 
       0.18562       0.1525        0.22687       0.0915         0.2475            0         0.2475        0.015        0.20625        0.145         0.2475        0.057 
       0.22687        0.124         0.2475         0.08        0.20625         0.16         0.2475        0.103        0.26812       0.0075        0.26812        0.036 
       0.22687       0.1525        0.26812       0.0685        0.26812       0.0915         0.2475        0.145        0.28875            0        0.28875        0.015 
       0.28875        0.057         0.2475         0.16        0.26812        0.124        0.28875         0.08        0.28875        0.103        0.26812       0.1525 
       0.30937       0.0075        0.30937        0.036        0.30937       0.0685        0.30937       0.0915        0.28875        0.145           0.33            0 
       0.28875         0.16           0.33        0.015        0.30937        0.124           0.33        0.057           0.33         0.08        0.30937       0.1525 
          0.33        0.103        0.35062       0.0075        0.35062        0.036        0.35062       0.0685           0.33        0.145        0.35062       0.0915 
          0.33         0.16        0.37125            0        0.37125        0.015        0.35062        0.124        0.37125        0.057        0.37125         0.08 
       0.35062       0.1525        0.37125        0.103        0.39188       0.0075        0.39187        0.036        0.39187       0.0685        0.37125        0.145 
       0.39187       0.0915        0.37125         0.16        0.39187        0.124         0.4125            0         0.4125        0.015         0.4125        0.057 
        0.4125         0.08        0.39187       0.1525         0.4125        0.103        0.43312       0.0075        0.43312        0.036         0.4125        0.145 
       0.43312       0.0685         0.4125         0.16        0.43312       0.0915        0.43312        0.124        0.45375            0        0.45375        0.015 
       0.45375        0.057        0.43312       0.1525        0.45375         0.08        0.45375        0.103        0.47437       0.0075        0.47438        0.036 
       0.45375        0.145        0.47437       0.0685        0.45375         0.16        0.47437       0.0915        0.47438        0.124          0.495            0 
         0.495        0.015          0.495        0.057        0.47437       0.1525          0.495         0.08          0.495        0.103        0.51562       0.0075 
         0.495        0.145        0.51563        0.036        0.51562       0.0685          0.495         0.16        0.51562       0.0915        0.51562        0.124 
       0.53625            0        0.53625        0.015        0.51562       0.1525        0.53625        0.057        0.53625         0.08        0.53625        0.103 
       0.53625        0.145        0.55688       0.0075        0.55687        0.036        0.53625         0.16        0.55687       0.0685        0.55687       0.0915 
       0.55687        0.124        0.55687       0.1525         0.5775            0         0.5775        0.015         0.5775        0.057         0.5775         0.08 
        0.5775        0.103         0.5775        0.145        0.59812       0.0075        0.59812        0.036         0.5775         0.16        0.59812       0.0685 
       0.59812       0.0915        0.59812        0.124        0.59812       0.1525        0.61875            0        0.61875        0.015        0.61875        0.057 
       0.61875         0.08        0.61875        0.103        0.61875        0.145        0.61875         0.16        0.63937       0.0075        0.63937        0.036 
       0.63937       0.0685        0.63937       0.0915        0.63937        0.124        0.63937       0.1525           0.66            0           0.66        0.015 
          0.66        0.057           0.66         0.08           0.66        0.103           0.66        0.145           0.66         0.16        0.68062       0.0075 
       0.68062        0.036        0.68062       0.0685        0.68062       0.0915        0.68062        0.124        0.68062       0.1525        0.70125            0 
       0.70125        0.015        0.70125        0.057        0.70125         0.08        0.70125        0.103        0.70125        0.145        0.70125         0.16 
       0.72187       0.0075        0.72187        0.036        0.72187       0.0685        0.72187       0.0915        0.72187        0.124        0.72187       0.1525 
        0.7425            0         0.7425        0.015         0.7425        0.057         0.7425         0.08         0.7425        0.103         0.7425        0.145 
        0.7425         0.16        0.76312       0.0075        0.76312        0.036        0.76312       0.0685        0.76312       0.0915        0.76312        0.124 
       0.76312       0.1525        0.78375            0        0.78375        0.015        0.78375        0.057        0.78375         0.08        0.78375        0.103 
       0.78375        0.145        0.78375         0.16        0.80437       0.0075        0.80437        0.036        0.80437       0.0685        0.80437       0.0915 
       0.80437        0.124        0.80437       0.1525          0.825            0          0.825        0.015          0.825        0.057          0.825         0.08 
         0.825        0.103          0.825        0.145          0.825         0.16        0.84562       0.0075        0.84562        0.036        0.84562       0.0685 
       0.84562       0.0915        0.84562        0.124        0.84562       0.1525        0.86625            0        0.86625        0.015        0.86625        0.057 
       0.86625         0.08        0.86625        0.103        0.86625        0.145        0.86625         0.16        0.88688       0.0075        0.88688        0.036 
       0.88687       0.0685        0.88687       0.0915        0.88688        0.124        0.88688       0.1525         0.9075            0         0.9075        0.015 
        0.9075        0.057         0.9075         0.08         0.9075        0.103         0.9075        0.145         0.9075         0.16        0.92813       0.0075 
       0.92813        0.036        0.92812       0.0685        0.92812       0.0915        0.92813        0.124        0.92813       0.1525        0.94875            0 
       0.94875        0.015        0.94875        0.057        0.94875         0.08        0.94875        0.103        0.94875        0.145        0.94875         0.16 
       0.96937       0.0075        0.96937        0.036        0.96937       0.0685        0.96937       0.0915        0.96937        0.124        0.96937       0.1525 
          0.99            0           0.99        0.015           0.99        0.057           0.99         0.08           0.99        0.103           0.99        0.145 
          0.99         0.16         1.0106       0.0075         1.0106        0.036         1.0106       0.0685         1.0106       0.0915         1.0106        0.124 
        1.0106       0.1525         1.0312            0         1.0312        0.015         1.0312        0.057         1.0312         0.08         1.0312        0.103 
        1.0312        0.145         1.0312         0.16         1.0519       0.0075         1.0519        0.036         1.0519       0.0685         1.0519       0.0915 
        1.0519        0.124         1.0519       0.1525         1.0725            0         1.0725        0.015         1.0725        0.057         1.0725         0.08 
        1.0725        0.103         1.0725        0.145         1.0725         0.16         1.0931       0.0075         1.0931        0.036         1.0931       0.0685 
        1.0931       0.0915         1.0931        0.124         1.0931       0.1525         1.1138            0         1.1138        0.015         1.1138        0.057 
        1.1137         0.08         1.1138        0.103         1.1138        0.145         1.1138         0.16         1.1344       0.0075         1.1344        0.036 
        1.1344       0.0685         1.1344       0.0915         1.1344        0.124         1.1344       0.1525          1.155            0          1.155        0.015 
         1.155        0.057          1.155         0.08          1.155        0.103          1.155        0.145          1.155         0.16         1.1756       0.0075 
        1.1756        0.036         1.1756       0.0685         1.1756       0.0915         1.1756        0.124         1.1756       0.1525         1.1963            0 
        1.1962        0.015         1.1962        0.057         1.1962         0.08         1.1962        0.103         1.1962        0.145         1.1962         0.16 
        1.2169       0.0075         1.2169        0.036         1.2169       0.0685         1.2169       0.0915         1.2169        0.124         1.2169       0.1525 
        1.2375            0         1.2375        0.015         1.2375        0.057         1.2375         0.08         1.2375        0.103         1.2375        0.145 
        1.2375         0.16         1.2581       0.0075         1.2581        0.036         1.2581       0.0685         1.2581       0.0915         1.2581        0.124 
        1.2581       0.1525         1.2788            0         1.2787        0.015         1.2787        0.057         1.2787         0.08         1.2787        0.103 
        1.2787        0.145         1.2787         0.16         1.2994       0.0075         1.2994        0.036         1.2994       0.0685         1.2994       0.0915 
        1.2994        0.124         1.2994       0.1525           1.32            0           1.32        0.015           1.32        0.057           1.32         0.08 
          1.32        0.103           1.32        0.145           1.32         0.16         1.3406       0.0075         1.3406        0.036         1.3406       0.0685 
        1.3406       0.0915         1.3406        0.124         1.3406       0.1525         1.3613            0         1.3612        0.015         1.3612        0.057 
        1.3612         0.08         1.3612        0.103         1.3612        0.145         1.3612         0.16         1.3819       0.0075         1.3819        0.036 
        1.3819       0.0685         1.3819       0.0915         1.3819        0.124         1.3819       0.1525         1.4025            0         1.4025        0.015 
        1.4025        0.057         1.4025         0.08         1.4025        0.103         1.4025        0.145         1.4025         0.16         1.4231       0.0075 
        1.4231        0.036         1.4231       0.0685         1.4231       0.0915         1.4231        0.124         1.4231       0.1525         1.4438            0 
        1.4437        0.015         1.4437        0.057         1.4437         0.08         1.4437        0.103         1.4437        0.145         1.4437         0.16 
        1.4644       0.0075         1.4644        0.036         1.4644       0.0685         1.4644       0.0915         1.4644        0.124         1.4644       0.1525 
         1.485            0          1.485        0.015          1.485        0.057          1.485         0.08          1.485        0.103          1.485        0.145 
         1.485         0.16         1.5056       0.0075         1.5056        0.036         1.5056       0.0685         1.5056       0.0915         1.5056        0.124 
        1.5056       0.1525         1.5263            0         1.5262        0.015         1.5262        0.057         1.5262         0.08         1.5262        0.103 
        1.5262        0.145         1.5262         0.16         1.5469       0.0075         1.5469        0.036         1.5469       0.0685         1.5469       0.0915 
        1.5469        0.124         1.5469       0.1525         1.5675            0         1.5675        0.015         1.5675        0.057         1.5675         0.08 
        1.5675        0.103         1.5675        0.145         1.5675         0.16         1.5881       0.0075         1.5881        0.036         1.5881       0.0685 
        1.5881       0.0915         1.5881        0.124         1.5881       0.1525         1.6088            0         1.6088        0.015         1.6088        0.057 
        1.6088         0.08         1.6088        0.103         1.6088        0.145         1.6088         0.16         1.6294       0.0075         1.6294        0.036 
        1.6294       0.0685         1.6294       0.0915         1.6294        0.124         1.6294       0.1525           1.65            0           1.65        0.015 
          1.65        0.057           1.65         0.08           1.65        0.103           1.65        0.145           1.65         0.16         1.6706       0.0075 
        1.6706        0.036         1.6706       0.0685         1.6706       0.0915         1.6706        0.124         1.6706       0.1525         1.6912            0 
        1.6912        0.015         1.6912        0.057         1.6912         0.08         1.6912        0.103         1.6912        0.145         1.6912         0.16 
        1.7119       0.0075         1.7119        0.036         1.7119       0.0685         1.7119       0.0915         1.7119        0.124         1.7119       0.1525 
        1.7325            0         1.7325        0.015         1.7325        0.057         1.7325         0.08         1.7325        0.103         1.7325        0.145 
        1.7325         0.16         1.7531       0.0075         1.7531        0.036         1.7531       0.0685         1.7531       0.0915         1.7531        0.124 
        1.7531       0.1525         1.7738            0         1.7737        0.015         1.7737        0.057         1.7737         0.08         1.7737        0.103 
        1.7737        0.145         1.7737         0.16         1.7944       0.0075         1.7944        0.036         1.7944       0.0685         1.7944       0.0915 
        1.7944        0.124         1.7944       0.1525          1.815            0          1.815        0.015          1.815        0.057          1.815         0.08 
         1.815        0.103          1.815        0.145          1.815         0.16         1.8356       0.0075         1.8356        0.036         1.8356       0.0685 
        1.8356       0.0915         1.8356        0.124         1.8356       0.1525         1.8563            0         1.8562        0.015         1.8562        0.057 
        1.8562         0.08         1.8562        0.103         1.8562        0.145         1.8562         0.16         1.8769       0.0075         1.8769        0.036 
        1.8769       0.0685         1.8769       0.0915         1.8769        0.124         1.8769       0.1525         1.8975            0         1.8975        0.015 
        1.8975        0.057         1.8975         0.08         1.8975        0.103         1.8975        0.145         1.8975         0.16         1.9181       0.0075 
        1.9181        0.036         1.9181       0.0685         1.9181       0.0915         1.9181        0.124         1.9181       0.1525         1.9388            0 
        1.9387        0.015         1.9387        0.057         1.9387         0.08         1.9387        0.103         1.9387        0.145         1.9387         0.16 
        1.9594       0.0075         1.9594        0.036         1.9594       0.0685         1.9594       0.0915         1.9594        0.124         1.9594       0.1525 
          1.98            0           1.98        0.015           1.98        0.057           1.98         0.08           1.98        0.103           1.98        0.145 
          1.98         0.16         2.0006       0.0075         2.0006        0.036         2.0006       0.0685         2.0006       0.0915         2.0006        0.124 
        2.0006       0.1525         2.0213            0         2.0212        0.015         2.0212        0.057         2.0213         0.08         2.0212        0.103 
        2.0212        0.145         2.0212         0.16         2.0419       0.0075         2.0419        0.036         2.0419       0.0685         2.0419       0.0915 
        2.0419        0.124         2.0419       0.1525         2.0625            0         2.0625        0.015         2.0625        0.057         2.0625         0.08 
        2.0625        0.103         2.0625        0.145         2.0625         0.16         2.0831       0.0075         2.0831        0.036         2.0831       0.0685 
        2.0831       0.0915         2.0831        0.124         2.0831       0.1525         2.1038            0         2.1037        0.015         2.1037        0.057 
        2.1037         0.08         2.1037        0.103         2.1037        0.145         2.1037         0.16         2.1244       0.0075         2.1244        0.036 
        2.1244       0.0685         2.1244       0.0915         2.1244        0.124         2.1244       0.1525          2.145            0          2.145        0.015 
         2.145        0.057          2.145         0.08          2.145        0.103          2.145        0.145          2.145         0.16         2.1656       0.0075 
        2.1656        0.036         2.1656       0.0685         2.1656       0.0915         2.1656        0.124         2.1656       0.1525         2.1862            0 
        2.1863        0.015         2.1863        0.057         2.1862         0.08         2.1863        0.103         2.1863        0.145         2.1863         0.16 
        2.2069       0.0075         2.2069        0.036         2.2069       0.0685         2.2069       0.0915         2.2069        0.124         2.2069       0.1525 
        2.2275            0         2.2275        0.015         2.2275        0.057         2.2275         0.08         2.2275        0.103         2.2275        0.145 
        2.2275         0.16         2.2481       0.0075         2.2481        0.036         2.2481       0.0685         2.2481       0.0915         2.2481        0.124 
        2.2481       0.1525         2.2687            0         2.2687        0.015         2.2687        0.057         2.2687         0.08         2.2687        0.103 
        2.2687        0.145         2.2687         0.16         2.2894       0.0075         2.2894        0.036         2.2894       0.0685         2.2894       0.0915 
        2.2894        0.124         2.2894       0.1525           2.31            0           2.31        0.015           2.31        0.057           2.31         0.08 
          2.31        0.103           2.31        0.145           2.31         0.16         2.3306       0.0075         2.3306        0.036         2.3306       0.0685 
        2.3306       0.0915         2.3306        0.124         2.3306       0.1525         2.3512            0         2.3512        0.015         2.3512        0.057 
        2.3512         0.08         2.3512        0.103         2.3512        0.145         2.3512         0.16         2.3719       0.0075         2.3719        0.036 
        2.3719       0.0685         2.3719       0.0915         2.3719        0.124         2.3719       0.1525         2.3925            0         2.3925        0.015 
        2.3925        0.057         2.3925         0.08         2.3925        0.103         2.3925        0.145         2.3925         0.16         2.4131       0.0075 
        2.4131        0.036         2.4131       0.0685         2.4131       0.0915         2.4131        0.124         2.4131       0.1525         2.4337            0 
        2.4337        0.015         2.4337        0.057         2.4338         0.08         2.4337        0.103         2.4337        0.145         2.4337         0.16 
        2.4544       0.0075         2.4544        0.036         2.4544       0.0685         2.4544       0.0915         2.4544        0.124         2.4544       0.1525 
         2.475            0          2.475        0.015          2.475        0.057          2.475         0.08          2.475        0.103          2.475        0.145 
         2.475         0.16         2.4956       0.0075         2.4956        0.036         2.4956       0.0685         2.4956       0.0915         2.4956        0.124 
        2.4956       0.1525         2.5163            0         2.5162        0.015         2.5162        0.057         2.5162         0.08         2.5162        0.103 
        2.5162        0.145         2.5162         0.16         2.5369       0.0075         2.5369        0.036         2.5369       0.0685         2.5369       0.0915 
        2.5369        0.124         2.5369       0.1525         2.5575            0         2.5575        0.015         2.5575        0.057         2.5575         0.08 
        2.5575        0.103         2.5575        0.145         2.5575         0.16         2.5781       0.0075         2.5781        0.036         2.5781       0.0685 
        2.5781       0.0915         2.5781        0.124         2.5781       0.1525         2.5987            0         2.5987        0.015         2.5987        0.057 
        2.5988         0.08         2.5987        0.103         2.5987        0.145         2.5987         0.16         2.6194       0.0075         2.6194        0.036 
        2.6194       0.0685         2.6194       0.0915         2.6194        0.124         2.6194       0.1525           2.64            0           2.64        0.015 
          2.64        0.057           2.64         0.08           2.64        0.103           2.64        0.145           2.64         0.16         2.6606       0.0075 
        2.6606        0.036         2.6606       0.0685         2.6606       0.0915         2.6606        0.124         2.6606       0.1525         2.6812            0 
        2.6812        0.015         2.6812        0.057         2.6812         0.08         2.6812        0.103         2.6812        0.145         2.6812         0.16 
        2.7019       0.0075         2.7019        0.036         2.7019       0.0685         2.7019       0.0915         2.7019        0.124         2.7019       0.1525 
        2.7225            0         2.7225        0.015         2.7225        0.057         2.7225         0.08         2.7225        0.103         2.7225        0.145 
        2.7225         0.16         2.7431       0.0075         2.7431        0.036         2.7431       0.0685         2.7431       0.0915         2.7431        0.124 
        2.7431       0.1525         2.7637            0         2.7637        0.015         2.7637        0.057         2.7638         0.08         2.7637        0.103 
        2.7637        0.145         2.7637         0.16         2.7844       0.0075         2.7844        0.036         2.7844       0.0685         2.7844       0.0915 
        2.7844        0.124         2.7844       0.1525          2.805            0          2.805        0.015          2.805        0.057          2.805         0.08 
         2.805        0.103          2.805        0.145          2.805         0.16         2.8256       0.0075         2.8256        0.036         2.8256       0.0685 
        2.8256       0.0915         2.8256        0.124         2.8256       0.1525         2.8462            0         2.8462        0.015         2.8462        0.057 
        2.8462         0.08         2.8462        0.103         2.8462        0.145         2.8462         0.16         2.8669       0.0075         2.8669        0.036 
        2.8669       0.0685         2.8669       0.0915         2.8669        0.124         2.8669       0.1525         2.8875            0         2.8875        0.015 
        2.8875        0.057         2.8875         0.08         2.8875        0.103         2.8875        0.145         2.8875         0.16         2.9081       0.0075 
        2.9081        0.036         2.9081       0.0685         2.9081       0.0915         2.9081        0.124         2.9081       0.1525         2.9287            0 
        2.9287        0.015         2.9287        0.057         2.9288         0.08         2.9287        0.103         2.9287        0.145         2.9287         0.16 
        2.9494       0.0075         2.9494        0.036         2.9494       0.0685         2.9494       0.0915         2.9494        0.124         2.9494       0.1525 
          2.97            0           2.97        0.015           2.97        0.057           2.97         0.08           2.97        0.103           2.97        0.145 
          2.97         0.16         2.9906       0.0075         2.9906        0.036         2.9906       0.0685         2.9906       0.0915         2.9906        0.124 
        2.9906       0.1525         3.0112            0         3.0112        0.015         3.0112        0.057         3.0113         0.08         3.0112        0.103 
        3.0112        0.145         3.0112         0.16         3.0319       0.0075         3.0319        0.036         3.0319       0.0685         3.0319       0.0915 
        3.0319        0.124         3.0319       0.1525         3.0525            0         3.0525        0.015         3.0525        0.057         3.0525         0.08 
        3.0525        0.103         3.0525        0.145         3.0525         0.16         3.0731       0.0075         3.0731        0.036         3.0731       0.0685 
        3.0731       0.0915         3.0731        0.124         3.0731       0.1525         3.0938            0         3.0938        0.015         3.0938        0.057 
        3.0938         0.08         3.0938        0.103         3.0938        0.145         3.0938         0.16         3.1144       0.0075         3.1144        0.036 
        3.1144       0.0685         3.1144       0.0915         3.1144        0.124         3.1144       0.1525          3.135            0          3.135        0.015 
         3.135        0.057          3.135         0.08          3.135        0.103          3.135        0.145          3.135         0.16         3.1556       0.0075 
        3.1556        0.036         3.1556       0.0685         3.1556       0.0915         3.1556        0.124         3.1556       0.1525         3.1763            0 
        3.1763        0.015         3.1763        0.057         3.1762         0.08         3.1763        0.103         3.1763        0.145         3.1763         0.16 
        3.1969       0.0075         3.1969        0.036         3.1969       0.0685         3.1969       0.0915         3.1969        0.124         3.1969       0.1525 
        3.2175            0         3.2175        0.015         3.2175        0.057         3.2175         0.08         3.2175        0.103         3.2175        0.145 
        3.2175         0.16         3.2381       0.0075         3.2381        0.036         3.2381       0.0685         3.2381       0.0915         3.2381        0.124 
        3.2381       0.1525         3.2588            0         3.2588        0.015         3.2588        0.057         3.2588         0.08         3.2588        0.103 
        3.2588        0.145         3.2588         0.16         3.2794     0.010417         3.2794        0.038         3.2794     0.067583         3.2794     0.092417 
        3.2794        0.122         3.2794      0.14958            3.3            0            3.3     0.026667            3.3     0.053333            3.3         0.08 
           3.3      0.10667            3.3      0.13333            3.3         0.16 
ELEM
 2 0
1920 2
1 4 7 10 13 16 19 22 25 28 31 34 37 40 43 46 49 52 55 58 61 64 67 70 73 
76 79 82 85 88 91 94 97 100 103 106 109 112 115 118 121 124 127 130 133 136 139 142 145 
148 151 154 157 160 163 166 169 172 175 178 181 184 187 190 193 196 199 202 205 208 211 214 217 
220 223 226 229 232 235 238 241 244 247 250 253 256 259 262 265 268 271 274 277 280 283 286 289 
292 295 298 301 304 307 310 313 316 319 322 325 328 331 334 337 340 343 346 349 352 355 358 361 
364 367 370 373 376 379 382 385 388 391 394 397 400 403 406 409 412 415 418 421 424 427 430 433 
436 439 442 445 448 451 454 457 460 463 466 469 472 475 478 481 484 487 490 493 496 499 502 505 
508 511 514 517 520 523 526 529 532 535 538 541 544 547 550 553 556 559 562 565 568 571 574 577 
580 583 586 589 592 595 598 601 604 607 610 613 616 619 622 625 628 631 634 637 640 643 646 649 
652 655 658 661 664 667 670 673 676 679 682 685 688 691 694 697 700 703 706 709 712 715 718 721 
724 727 730 733 736 739 742 745 748 751 754 757 760 763 766 769 772 775 778 781 784 787 790 793 
796 799 802 805 808 811 814 817 820 823 826 829 832 835 838 841 844 847 850 853 856 859 862 865 
868 871 874 877 880 883 886 889 892 895 898 901 904 907 910 913 916 919 922 925 928 931 934 937 
940 943 946 949 952 955 958 961 964 967 970 973 976 979 982 985 988 991 994 997 1000 1003 1006 1009 
1012 1015 1018 1021 1024 1027 1030 1033 1036 1039 1042 1045 1048 1051 1054 1057 1060 1063 1066 1069 1072 1075 1078 1081 
1084 1087 1090 1093 1096 1099 1102 1105 1108 1111 1114 1117 1120 1123 1126 1129 1132 1135 1138 1141 1144 1147 1150 1153 
1156 1159 1162 1165 1168 1171 1174 1177 1180 1183 1186 1189 1192 1195 1198 1201 1204 1207 1210 1213 1216 1219 1222 1225 
1228 1231 1234 1237 1240 1243 1246 1249 1252 1255 1258 1261 1264 1267 1270 1273 1276 1279 1282 1285 1288 1291 1294 1297 
1300 1303 1306 1309 1312 1315 1318 1321 1324 1327 1330 1333 1336 1339 1342 1345 1348 1351 1354 1357 1360 1363 1366 1369 
1372 1375 1378 1381 1384 1387 1390 1393 1396 1399 1402 1405 1408 1411 1414 1417 1420 1423 1426 1429 1432 1435 1438 1441 
1444 1447 1450 1453 1456 1459 1462 1465 1468 1471 1474 1477 1480 1483 1486 1489 1492 1495 1498 1501 1504 1507 1510 1513 
1516 1519 1522 1525 1528 1531 1534 1537 1540 1543 1546 1549 1552 1555 1558 1561 1564 1567 1570 1573 1576 1579 1582 1585 
1588 1591 1594 1597 1600 1603 1606 1609 1612 1615 1618 1621 1624 1627 1630 1633 1636 1639 1642 1645 1648 1651 1654 1657 
1660 1663 1666 1669 1672 1675 1678 1681 1684 1687 1690 1693 1696 1699 1702 1705 1708 1711 1714 1717 1720 1723 1726 1729 
1732 1735 1738 1741 1744 1747 1750 1753 1756 1759 1762 1765 1768 1771 1774 1777 1780 1783 1786 1789 1792 1795 1798 1801 
1804 1807 1810 1813 1816 1819 1822 1825 1828 1831 1834 1837 1840 1843 1846 1849 1852 1855 1858 1861 1864 1867 1870 1873 
1876 1879 1882 1885 1888 1891 1894 1897 1900 1903 1906 1909 1912 1915 1918 1921 1924 1927 1930 1933 1936 1939 1942 1945 
1948 1951 1954 1957 1960 1963 1966 1969 1972 1975 1978 1981 1984 1987 1990 1993 1996 1999 2002 2005 2008 2011 2014 2017 
2020 2023 2026 2029 2032 2035 2038 2041 2044 2047 2050 2053 2056 2059 2062 2065 2068 2071 2074 2077 2080 2083 2086 2089 
2092 2095 2098 2101 2104 2107 2110 2113 2116 2119 2122 2125 2128 2131 2134 2137 2140 2143 2146 2149 2152 2155 2158 2161 
2164 2167 2170 2173 2176 2179 2182 2185 2188 2191 2194 2197 2200 2203 2206 2209 2212 2215 2218 2221 2224 2227 2230 2233 
2236 2239 2242 2245 2248 2251 2254 2257 2260 2263 2266 2269 2272 2275 2278 2281 2284 2287 2290 2293 2296 2299 2302 2305 
2308 2311 2314 2317 2320 2323 2326 2329 2332 2335 2338 2341 2344 2347 2350 2353 2356 2359 2362 2365 2368 2371 2374 2377 
2380 2383 2386 2389 2392 2395 2398 2401 2404 2407 2410 2413 2416 2419 2422 2425 2428 2431 2434 2437 2440 2443 2446 2449 
2452 2455 2458 2461 2464 2467 2470 2473 2476 2479 2482 2485 2488 2491 2494 2497 2500 2503 2506 2509 2512 2515 2518 2521 
2524 2527 2530 2533 2536 2539 2542 2545 2548 2551 2554 2557 2560 2563 2566 2569 2572 2575 2578 2581 2584 2587 2590 2593 
2596 2599 2602 2605 2608 2611 2614 2617 2620 2623 2626 2629 2632 2635 2638 2641 2644 2647 2650 2653 2656 2659 2662 2665 
2668 2671 2674 2677 2680 2683 2686 2689 2692 2695 2698 2701 2704 2707 2710 2713 2716 2719 2722 2725 2728 2731 2734 2737 
2740 2743 2746 2749 2752 2755 2758 2761 2764 2767 2770 2773 2776 2779 2782 2785 2788 2791 2794 2797 2800 2803 2806 2809 
2812 2815 2818 2821 2824 2827 2830 2833 2836 2839 2842 2845 2848 2851 2854 2857 2860 2863 2866 2869 2872 2875 2878 2881 
2884 2887 2890 2893 2896 2899 2902 2905 2908 2911 2914 2917 2920 2923 2926 2929 2932 2935 2938 2941 2944 2947 2950 2953 
2956 2959 2962 2965 2968 2971 2974 2977 2980 2983 2986 2989 2992 2995 2998 3001 3004 3007 3010 3013 3016 3019 3022 3025 
3028 3031 3034 3037 3040 3043 3046 3049 3052 3055 3058 3061 3064 3067 3070 3073 3076 3079 3082 3085 3088 3091 3094 3097 
3100 3103 3106 3109 3112 3115 3118 3121 3124 3127 3130 3133 3136 3139 3142 3145 3148 3151 3154 3157 3160 3163 3166 3169 
3172 3175 3178 3181 3184 3187 3190 3193 3196 3199 3202 3205 3208 3211 3214 3217 3220 3223 3226 3229 3232 3235 3238 3241 
3244 3247 3250 3253 3256 3259 3262 3265 3268 3271 3274 3277 3280 3283 3286 3289 3292 3295 3298 3301 3304 3307 3310 3313 
3316 3319 3322 3325 3328 3331 3334 3337 3340 3343 3346 3349 3352 3355 3358 3361 3364 3367 3370 3373 3376 3379 3382 3385 
3388 3391 3394 3397 3400 3403 3406 3409 3412 3415 3418 3421 3424 3427 3430 3433 3436 3439 3442 3445 3448 3451 3454 3457 
3460 3463 3466 3469 3472 3475 3478 3481 3484 3487 3490 3493 3496 3499 3502 3505 3508 3511 3514 3517 3520 3523 3526 3529 
3532 3535 3538 3541 3544 3547 3550 3553 3556 3559 3562 3565 3568 3571 3574 3577 3580 3583 3586 3589 3592 3595 3598 3601 
3604 3607 3610 3613 3616 3619 3622 3625 3628 3631 3634 3637 3640 3643 3646 3649 3652 3655 3658 3661 3664 3667 3670 3673 
3676 3679 3682 3685 3688 3691 3694 3697 3700 3703 3706 3709 3712 3715 3718 3721 3724 3727 3730 3733 3736 3739 3742 3745 
3748 3751 3754 3757 3760 3763 3766 3769 3772 3775 3778 3781 3784 3787 3790 3793 3796 3799 3802 3805 3808 3811 3814 3817 
3820 3823 3826 3829 3832 3835 3838 3841 3844 3847 3850 3853 3856 3859 3862 3865 3868 3871 3874 3877 3880 3883 3886 3889 
3892 3895 3898 3901 3904 3907 3910 3913 3916 3919 3922 3925 3928 3931 3934 3937 3940 3943 3946 3949 3952 3955 3958 3961 
3964 3967 3970 3973 3976 3979 3982 3985 3988 3991 3994 3997 4000 4003 4006 4009 4012 4015 4018 4021 4024 4027 4030 4033 
4036 4039 4042 4045 4048 4051 4054 4057 4060 4063 4066 4069 4072 4075 4078 4081 4084 4087 4090 4093 4096 4099 4102 4105 
4108 4111 4114 4117 4120 4123 4126 4129 4132 4135 4138 4141 4144 4147 4150 4153 4156 4159 4162 4165 4168 4171 4174 4177 
4180 4183 4186 4189 4192 4195 4198 4201 4204 4207 4210 4213 4216 4219 4222 4225 4228 4231 4234 4237 4240 4243 4246 4249 
4252 4255 4258 4261 4264 4267 4270 4273 4276 4279 4282 4285 4288 4291 4294 4297 4300 4303 4306 4309 4312 4315 4318 4321 
4324 4327 4330 4333 4336 4339 4342 4345 4348 4351 4354 4357 4360 4363 4366 4369 4372 4375 4378 4381 4384 4387 4390 4393 
4396 4399 4402 4405 4408 4411 4414 4417 4420 4423 4426 4429 4432 4435 4438 4441 4444 4447 4450 4453 4456 4459 4462 4465 
4468 4471 4474 4477 4480 4483 4486 4489 4492 4495 4498 4501 4504 4507 4510 4513 4516 4519 4522 4525 4528 4531 4534 4537 
4540 4543 4546 4549 4552 4555 4558 4561 4564 4567 4570 4573 4576 4579 4582 4585 4588 4591 4594 4597 4600 4603 4606 4609 
4612 4615 4618 4621 4624 4627 4630 4633 4636 4639 4642 4645 4648 4651 4654 4657 4660 4663 4666 4669 4672 4675 4678 4681 
4684 4687 4690 4693 4696 4699 4702 4705 4708 4711 4714 4717 4720 4723 4726 4729 4732 4735 4738 4741 4744 4747 4750 4753 
4756 4759 4762 4765 4768 4771 4774 4777 4780 4783 4786 4789 4792 4795 4798 4801 4804 4807 4810 4813 4816 4819 4822 4825 
4828 4831 4834 4837 4840 4843 4846 4849 4852 4855 4858 4861 4864 4867 4870 4873 4876 4879 4882 4885 4888 4891 4894 4897 
4900 4903 4906 4909 4912 4915 4918 4921 4924 4927 4930 4933 4936 4939 4942 4945 4948 4951 4954 4957 4960 4963 4966 4969 
4972 4975 4978 4981 4984 4987 4990 4993 4996 4999 5002 5005 5008 5011 5014 5017 5020 5023 5026 5029 5032 5035 5038 5041 
5044 5047 5050 5053 5056 5059 5062 5065 5068 5071 5074 5077 5080 5083 5086 5089 5092 5095 5098 5101 5104 5107 5110 5113 
5116 5119 5122 5125 5128 5131 5134 5137 5140 5143 5146 5149 5152 5155 5158 5161 5164 5167 5170 5173 5176 5179 5182 5185 
5188 5191 5194 5197 5200 5203 5206 5209 5212 5215 5218 5221 5224 5227 5230 5233 5236 5239 5242 5245 5248 5251 5254 5257 
5260 5263 5266 5269 5272 5275 5278 5281 5284 5287 5290 5293 5296 5299 5302 5305 5308 5311 5314 5317 5320 5323 5326 5329 
5332 5335 5338 5341 5344 5347 5350 5353 5356 5359 5362 5365 5368 5371 5374 5377 5380 5383 5386 5389 5392 5395 5398 5401 
5404 5407 5410 5413 5416 5419 5422 5425 5428 5431 5434 5437 5440 5443 5446 5449 5452 5455 5458 5461 5464 5467 5470 5473 
5476 5479 5482 5485 5488 5491 5494 5497 5500 5503 5506 5509 5512 5515 5518 5521 5524 5527 5530 5533 5536 5539 5542 5545 
5548 5551 5554 5557 5560 5563 5566 5569 5572 5575 5578 5581 5584 5587 5590 5593 5596 5599 5602 5605 5608 5611 5614 5617 
5620 5623 5626 5629 5632 5635 5638 5641 5644 5647 5650 5653 5656 5659 5662 5665 5668 5671 5674 5677 5680 5683 5686 5689 
5692 5695 5698 5701 5704 5707 5710 5713 5716 5719 5722 5725 5728 5731 5734 5737 5740 5743 5746 5749 5752 5755 5758 5761 
 1042 1035 1041  1029 1035 1042  1028 1035 1029  1041 1035 1028  1043 1036 1042  1030 1036 1043 
 1029 1036 1030  1042 1036 1029  1044 1037 1043  1031 1037 1044  1030 1037 1031  1043 1037 1030 
 1045 1038 1044  1032 1038 1045  1031 1038 1032  1044 1038 1031  1046 1039 1045  1033 1039 1046 
 1032 1039 1033  1045 1039 1032  1047 1040 1046  1034 1040 1047  1033 1040 1034  1046 1040 1033 
 13 8 4  14 8 13  6 8 14  4 8 6  26 19 13  28 19 26 
 14 19 28  13 19 14  44 34 26  46 34 44  28 34 46  26 34 28 
 60 53 44  61 53 60  46 53 61  44 53 46  75 68 60  76 68 75 
 61 68 76  60 68 61  89 83 75  90 83 89  76 83 90  75 83 76 
 102 97 89  104 97 102  90 97 104  89 97 90  116 110 102  117 110 116 
 104 110 117  102 110 104  130 123 116  131 123 130  117 123 131  116 123 117 
 143 136 130  144 136 143  131 136 144  130 136 131  156 149 143  157 149 156 
 144 149 157  143 149 144  169 162 156  170 162 169  157 162 170  156 162 157 
 183 176 169  184 176 183  170 176 184  169 176 170  196 189 183  197 189 196 
 184 189 197  183 189 184  209 203 196  210 203 209  197 203 210  196 203 197 
 222 216 209  223 216 222  210 216 223  209 216 210  235 229 222  236 229 235 
 223 229 236  222 229 223  248 242 235  249 242 248  236 242 249  235 242 236 
 261 255 248  262 255 261  249 255 262  248 255 249  274 268 261  275 268 274 
 262 268 275  261 268 262  287 281 274  288 281 287  275 281 288  274 281 275 
 300 294 287  301 294 300  288 294 301  287 294 288  313 307 300  314 307 313 
 301 307 314  300 307 301  326 320 313  327 320 326  314 320 327  313 320 314 
 339 333 326  340 333 339  327 333 340  326 333 327  352 346 339  353 346 352 
 340 346 353  339 346 340  365 359 352  366 359 365  353 359 366  352 359 353 
 378 372 365  379 372 378  366 372 379  365 372 366  391 385 378  392 385 391 
 379 385 392  378 385 379  404 398 391  405 398 404  392 398 405  391 398 392 
 417 411 404  418 411 417  405 411 418  404 411 405  430 424 417  431 424 430 
 418 424 431  417 424 418  443 437 430  444 437 443  431 437 444  430 437 431 
 456 450 443  457 450 456  444 450 457  443 450 444  469 463 456  470 463 469 
 457 463 470  456 463 457  482 476 469  483 476 482  470 476 483  469 476 470 
 495 489 482  496 489 495  483 489 496  482 489 483  508 502 495  509 502 508 
 496 502 509  495 502 496  521 515 508  522 515 521  509 515 522  508 515 509 
 534 528 521  535 528 534  522 528 535  521 528 522  547 541 534  548 541 547 
 535 541 548  534 541 535  560 554 547  561 554 560  548 554 561  547 554 548 
 573 567 560  574 567 573  561 567 574  560 567 561  586 580 573  587 580 586 
 574 580 587  573 580 574  599 593 586  600 593 599  587 593 600  586 593 587 
 612 606 599  613 606 612  600 606 613  599 606 600  625 619 612  626 619 625 
 613 619 626  612 619 613  638 632 625  639 632 638  626 632 639  625 632 626 
 651 645 638  652 645 651  639 645 652  638 645 639  664 658 651  665 658 664 
 652 658 665  651 658 652  677 671 664  678 671 677  665 671 678  664 671 665 
 690 684 677  691 684 690  678 684 691  677 684 678  703 697 690  704 697 703 
 691 697 704  690 697 691  716 710 703  717 710 716  704 710 717  703 710 704 
 729 723 716  730 723 729  717 723 730  716 723 717  742 736 729  743 736 742 
 730 736 743  729 736 730  755 749 742  756 749 755  743 749 756  742 749 743 
 768 762 755  769 762 768  756 762 769  755 762 756  781 775 768  782 775 781 
 769 775 782  768 775 769  794 788 781  795 788 794  782 788 795  781 788 782 
 807 801 794  808 801 807  795 801 808  794 801 795  820 814 807  821 814 820 
 808 814 821  807 814 808  833 827 820  834 827 833  821 827 834  820 827 821 
 846 840 833  847 840 846  834 840 847  833 840 834  859 853 846  860 853 859 
 847 853 860  846 853 847  872 866 859  873 866 872  860 866 873  859 866 860 
 885 879 872  886 879 885  873 879 886  872 879 873  898 892 885  899 892 898 
 886 892 899  885 892 886  911 905 898  912 905 911  899 905 912  898 905 899 
 924 918 911  925 918 924  912 918 925  911 918 912  937 931 924  938 931 937 
 925 931 938  924 931 925  950 944 937  951 944 950  938 944 951  937 944 938 
 963 957 950  964 957 963  951 957 964  950 957 951  976 970 963  977 970 976 
 964 970 977  963 970 964  989 983 976  990 983 989  977 983 990  976 983 977 
 1002 996 989  1003 996 1002  990 996 1003  989 996 990  1015 1009 1002  1016 1009 1015 
 1003 1009 1016  1002 1009 1003  1028 1022 1015  1029 1022 1028  1016 1022 1029  1015 1022 1016 
 30 38 40  37 38 30  45 38 37  40 38 45  20 25 30  23 25 20 
 37 25 23  30 25 37  12 17 20  15 17 12  23 17 15  20 17 23 
 7 10 12  9 10 7  15 10 9  12 10 15  3 5 7  6 5 3 
 9 5 6  7 5 9  1 2 3  4 2 1  6 2 4  3 2 6 
 14 11 6  18 11 14  9 11 18  6 11 9  28 21 14  31 21 28 
 18 21 31  14 21 18  46 36 28  49 36 46  31 36 49  28 36 31 
 61 54 46  64 54 61  49 54 64  46 54 49  76 69 61  78 69 76 
 64 69 78  61 69 64  90 84 76  91 84 90  78 84 91  76 84 78 
 104 98 90  106 98 104  91 98 106  90 98 91  117 111 104  119 111 117 
 106 111 119  104 111 106  131 124 117  132 124 131  119 124 132  117 124 119 
 144 137 131  145 137 144  132 137 145  131 137 132  157 150 144  158 150 157 
 145 150 158  144 150 145  170 164 157  172 164 170  158 164 172  157 164 158 
 184 177 170  185 177 184  172 177 185  170 177 172  197 190 184  198 190 197 
 185 190 198  184 190 185  210 204 197  211 204 210  198 204 211  197 204 198 
 223 217 210  224 217 223  211 217 224  210 217 211  236 230 223  237 230 236 
 224 230 237  223 230 224  249 243 236  250 243 249  237 243 250  236 243 237 
 262 256 249  263 256 262  250 256 263  249 256 250  275 269 262  276 269 275 
 263 269 276  262 269 263  288 282 275  289 282 288  276 282 289  275 282 276 
 301 295 288  302 295 301  289 295 302  288 295 289  314 308 301  315 308 314 
 302 308 315  301 308 302  327 321 314  328 321 327  315 321 328  314 321 315 
 340 334 327  341 334 340  328 334 341  327 334 328  353 347 340  354 347 353 
 341 347 354  340 347 341  366 360 353  367 360 366  354 360 367  353 360 354 
 379 373 366  380 373 379  367 373 380  366 373 367  392 386 379  393 386 392 
 380 386 393  379 386 380  405 399 392  406 399 405  393 399 406  392 399 393 
 418 412 405  419 412 418  406 412 419  405 412 406  431 425 418  432 425 431 
 419 425 432  418 425 419  444 438 431  445 438 444  432 438 445  431 438 432 
 457 451 444  458 451 457  445 451 458  444 451 445  470 464 457  471 464 470 
 458 464 471  457 464 458  483 477 470  484 477 483  471 477 484  470 477 471 
 496 490 483  497 490 496  484 490 497  483 490 484  509 503 496  510 503 509 
 497 503 510  496 503 497  522 516 509  523 516 522  510 516 523  509 516 510 
 535 529 522  536 529 535  523 529 536  522 529 523  548 542 535  549 542 548 
 536 542 549  535 542 536  561 555 548  562 555 561  549 555 562  548 555 549 
 574 568 561  575 568 574  562 568 575  561 568 562  587 581 574  588 581 587 
 575 581 588  574 581 575  600 594 587  601 594 600  588 594 601  587 594 588 
 613 607 600  614 607 613  601 607 614  600 607 601  626 620 613  627 620 626 
 614 620 627  613 620 614  639 633 626  640 633 639  627 633 640  626 633 627 
 652 646 639  653 646 652  640 646 653  639 646 640  665 659 652  666 659 665 
 653 659 666  652 659 653  678 672 665  679 672 678  666 672 679  665 672 666 
 691 685 678  692 685 691  679 685 692  678 685 679  704 698 691  705 698 704 
 692 698 705  691 698 692  717 711 704  718 711 717  705 711 718  704 711 705 
 730 724 717  731 724 730  718 724 731  717 724 718  743 737 730  744 737 743 
 731 737 744  730 737 731  756 750 743  757 750 756  744 750 757  743 750 744 
 769 763 756  770 763 769  757 763 770  756 763 757  782 776 769  783 776 782 
 770 776 783  769 776 770  795 789 782  796 789 795  783 789 796  782 789 783 
 808 802 795  809 802 808  796 802 809  795 802 796  821 815 808  822 815 821 
 809 815 822  808 815 809  834 828 821  835 828 834  822 828 835  821 828 822 
 847 841 834  848 841 847  835 841 848  834 841 835  860 854 847  861 854 860 
 848 854 861  847 854 848  873 867 860  874 867 873  861 867 874  860 867 861 
 886 880 873  887 880 886  874 880 887  873 880 874  899 893 886  900 893 899 
 887 893 900  886 893 887  912 906 899  913 906 912  900 906 913  899 906 900 
 925 919 912  926 919 925  913 919 926  912 919 913  938 932 925  939 932 938 
 926 932 939  925 932 926  951 945 938  952 945 951  939 945 952  938 945 939 
 964 958 951  965 958 964  952 958 965  951 958 952  977 971 964  978 971 977 
 965 971 978  964 971 965  990 984 977  991 984 990  978 984 991  977 984 978 
 1003 997 990  1004 997 1003  991 997 1004  990 997 991  1016 1010 1003  1017 1010 1016 
 1004 1010 1017  1003 1010 1004  1029 1023 1016  1030 1023 1029  1017 1023 1030  1016 1023 1017 
 18 16 9  24 16 18  15 16 24  9 16 15  31 27 18  35 27 31 
 24 27 35  18 27 24  49 39 31  51 39 49  35 39 51  31 39 35 
 64 58 49  66 58 64  51 58 66  49 58 51  78 72 64  80 72 78 
 66 72 80  64 72 66  91 86 78  94 86 91  80 86 94  78 86 80 
 106 99 91  107 99 106  94 99 107  91 99 94  119 112 106  120 112 119 
 107 112 120  106 112 107  132 125 119  133 125 132  120 125 133  119 125 120 
 145 139 132  147 139 145  133 139 147  132 139 133  158 152 145  160 152 158 
 147 152 160  145 152 147  172 165 158  173 165 172  160 165 173  158 165 160 
 185 179 172  186 179 185  173 179 186  172 179 173  198 192 185  199 192 198 
 186 192 199  185 192 186  211 205 198  212 205 211  199 205 212  198 205 199 
 224 218 211  225 218 224  212 218 225  211 218 212  237 231 224  238 231 237 
 225 231 238  224 231 225  250 244 237  251 244 250  238 244 251  237 244 238 
 263 257 250  264 257 263  251 257 264  250 257 251  276 270 263  277 270 276 
 264 270 277  263 270 264  289 283 276  290 283 289  277 283 290  276 283 277 
 302 296 289  303 296 302  290 296 303  289 296 290  315 309 302  316 309 315 
 303 309 316  302 309 303  328 322 315  329 322 328  316 322 329  315 322 316 
 341 335 328  342 335 341  329 335 342  328 335 329  354 348 341  355 348 354 
 342 348 355  341 348 342  367 361 354  368 361 367  355 361 368  354 361 355 
 380 374 367  381 374 380  368 374 381  367 374 368  393 387 380  394 387 393 
 381 387 394  380 387 381  406 400 393  407 400 406  394 400 407  393 400 394 
 419 413 406  420 413 419  407 413 420  406 413 407  432 426 419  433 426 432 
 420 426 433  419 426 420  445 439 432  446 439 445  433 439 446  432 439 433 
 458 452 445  459 452 458  446 452 459  445 452 446  471 465 458  472 465 471 
 459 465 472  458 465 459  484 478 471  485 478 484  472 478 485  471 478 472 
 497 491 484  498 491 497  485 491 498  484 491 485  510 504 497  511 504 510 
 498 504 511  497 504 498  523 517 510  524 517 523  511 517 524  510 517 511 
 536 530 523  537 530 536  524 530 537  523 530 524  549 543 536  550 543 549 
 537 543 550  536 543 537  562 556 549  563 556 562  550 556 563  549 556 550 
 575 569 562  576 569 575  563 569 576  562 569 563  588 582 575  589 582 588 
 576 582 589  575 582 576  601 595 588  602 595 601  589 595 602  588 595 589 
 614 608 601  615 608 614  602 608 615  601 608 602  627 621 614  628 621 627 
 615 621 628  614 621 615  640 634 627  641 634 640  628 634 641  627 634 628 
 653 647 640  654 647 653  641 647 654  640 647 641  666 660 653  667 660 666 
 654 660 667  653 660 654  679 673 666  680 673 679  667 673 680  666 673 667 
 692 686 679  693 686 692  680 686 693  679 686 680  705 699 692  706 699 705 
 693 699 706  692 699 693  718 712 705  719 712 718  706 712 719  705 712 706 
 731 725 718  732 725 731  719 725 732  718 725 719  744 738 731  745 738 744 
 732 738 745  731 738 732  757 751 744  758 751 757  745 751 758  744 751 745 
 770 764 757  771 764 770  758 764 771  757 764 758  783 777 770  784 777 783 
 771 777 784  770 777 771  796 790 783  797 790 796  784 790 797  783 790 784 
 809 803 796  810 803 809  797 803 810  796 803 797  822 816 809  823 816 822 
 810 816 823  809 816 810  835 829 822  836 829 835  823 829 836  822 829 823 
 848 842 835  849 842 848  836 842 849  835 842 836  861 855 848  862 855 861 
 849 855 862  848 855 849  874 868 861  875 868 874  862 868 875  861 868 862 
 887 881 874  888 881 887  875 881 888  874 881 875  900 894 887  901 894 900 
 888 894 901  887 894 888  913 907 900  914 907 913  901 907 914  900 907 901 
 926 920 913  927 920 926  914 920 927  913 920 914  939 933 926  940 933 939 
 927 933 940  926 933 927  952 946 939  953 946 952  940 946 953  939 946 940 
 965 959 952  966 959 965  953 959 966  952 959 953  978 972 965  979 972 978 
 966 972 979  965 972 966  991 985 978  992 985 991  979 985 992  978 985 979 
 1004 998 991  1005 998 1004  992 998 1005  991 998 992  1017 1011 1004  1018 1011 1017 
 1005 1011 1018  1004 1011 1005  1030 1024 1017  1031 1024 1030  1018 1024 1031  1017 1024 1018 
 24 22 15  29 22 24  23 22 29  15 22 23  35 32 24  41 32 35 
 29 32 41  24 32 29  51 48 35  57 48 51  41 48 57  35 48 41 
 66 62 51  71 62 66  57 62 71  51 62 57  80 74 66  82 74 80 
 71 74 82  66 74 71  94 87 80  95 87 94  82 87 95  80 87 82 
 107 100 94  109 100 107  95 100 109  94 100 95  120 114 107  122 114 120 
 109 114 122  107 114 109  133 127 120  135 127 133  122 127 135  120 127 122 
 147 141 133  148 141 147  135 141 148  133 141 135  160 154 147  161 154 160 
 148 154 161  147 154 148  173 167 160  174 167 173  161 167 174  160 167 161 
 186 180 173  187 180 186  174 180 187  173 180 174  199 193 186  200 193 199 
 187 193 200  186 193 187  212 206 199  213 206 212  200 206 213  199 206 200 
 225 219 212  226 219 225  213 219 226  212 219 213  238 232 225  239 232 238 
 226 232 239  225 232 226  251 245 238  252 245 251  239 245 252  238 245 239 
 264 258 251  265 258 264  252 258 265  251 258 252  277 271 264  278 271 277 
 265 271 278  264 271 265  290 284 277  291 284 290  278 284 291  277 284 278 
 303 297 290  304 297 303  291 297 304  290 297 291  316 310 303  317 310 316 
 304 310 317  303 310 304  329 323 316  330 323 329  317 323 330  316 323 317 
 342 336 329  343 336 342  330 336 343  329 336 330  355 349 342  356 349 355 
 343 349 356  342 349 343  368 362 355  369 362 368  356 362 369  355 362 356 
 381 375 368  382 375 381  369 375 382  368 375 369  394 388 381  395 388 394 
 382 388 395  381 388 382  407 401 394  408 401 407  395 401 408  394 401 395 
 420 414 407  421 414 420  408 414 421  407 414 408  433 427 420  434 427 433 
 421 427 434  420 427 421  446 440 433  447 440 446  434 440 447  433 440 434 
 459 453 446  460 453 459  447 453 460  446 453 447  472 466 459  473 466 472 
 460 466 473  459 466 460  485 479 472  486 479 485  473 479 486  472 479 473 
 498 492 485  499 492 498  486 492 499  485 492 486  511 505 498  512 505 511 
 499 505 512  498 505 499  524 518 511  525 518 524  512 518 525  511 518 512 
 537 531 524  538 531 537  525 531 538  524 531 525  550 544 537  551 544 550 
 538 544 551  537 544 538  563 557 550  564 557 563  551 557 564  550 557 551 
 576 570 563  577 570 576  564 570 577  563 570 564  589 583 576  590 583 589 
 577 583 590  576 583 577  602 596 589  603 596 602  590 596 603  589 596 590 
 615 609 602  616 609 615  603 609 616  602 609 603  628 622 615  629 622 628 
 616 622 629  615 622 616  641 635 628  642 635 641  629 635 642  628 635 629 
 654 648 641  655 648 654  642 648 655  641 648 642  667 661 654  668 661 667 
 655 661 668  654 661 655  680 674 667  681 674 680  668 674 681  667 674 668 
 693 687 680  694 687 693  681 687 694  680 687 681  706 700 693  707 700 706 
 694 700 707  693 700 694  719 713 706  720 713 719  707 713 720  706 713 707 
 732 726 719  733 726 732  720 726 733  719 726 720  745 739 732  746 739 745 
 733 739 746  732 739 733  758 752 745  759 752 758  746 752 759  745 752 746 
 771 765 758  772 765 771  759 765 772  758 765 759  784 778 771  785 778 784 
 772 778 785  771 778 772  797 791 784  798 791 797  785 791 798  784 791 785 
 810 804 797  811 804 810  798 804 811  797 804 798  823 817 810  824 817 823 
 811 817 824  810 817 811  836 830 823  837 830 836  824 830 837  823 830 824 
 849 843 836  850 843 849  837 843 850  836 843 837  862 856 849  863 856 862 
 850 856 863  849 856 850  875 869 862  876 869 875  863 869 876  862 869 863 
 888 882 875  889 882 888  876 882 889  875 882 876  901 895 888  902 895 901 
 889 895 902  888 895 889  914 908 901  915 908 914  902 908 915  901 908 902 
 927 921 914  928 921 927  915 921 928  914 921 915  940 934 927  941 934 940 
 928 934 941  927 934 928  953 947 940  954 947 953  941 947 954  940 947 941 
 966 960 953  967 960 966  954 960 967  953 960 954  979 973 966  980 973 979 
 967 973 980  966 973 967  992 986 979  993 986 992  980 986 993  979 986 980 
 1005 999 992  1006 999 1005  993 999 1006  992 999 993  1018 1012 1005  1019 1012 1018 
 1006 1012 1019  1005 1012 1006  1031 1025 1018  1032 1025 1031  1019 1025 1032  1018 1025 1019 
 29 33 23  47 33 29  37 33 47  23 33 37  41 42 29  56 42 41 
 47 42 56  29 42 47  57 55 41  65 55 57  56 55 65  41 55 56 
 71 67 57  77 67 71  65 67 77  57 67 65  82 79 71  88 79 82 
 77 79 88  71 79 77  95 93 82  101 93 95  88 93 101  82 93 88 
 109 105 95  113 105 109  101 105 113  95 105 101  122 118 109  126 118 122 
 113 118 126  109 118 113  135 129 122  138 129 135  126 129 138  122 129 126 
 148 142 135  151 142 148  138 142 151  135 142 138  161 155 148  163 155 161 
 151 155 163  148 155 151  174 168 161  175 168 174  163 168 175  161 168 163 
 187 181 174  188 181 187  175 181 188  174 181 175  200 194 187  201 194 200 
 188 194 201  187 194 188  213 207 200  214 207 213  201 207 214  200 207 201 
 226 220 213  227 220 226  214 220 227  213 220 214  239 233 226  240 233 239 
 227 233 240  226 233 227  252 246 239  253 246 252  240 246 253  239 246 240 
 265 259 252  266 259 265  253 259 266  252 259 253  278 272 265  279 272 278 
 266 272 279  265 272 266  291 285 278  292 285 291  279 285 292  278 285 279 
 304 298 291  305 298 304  292 298 305  291 298 292  317 311 304  318 311 317 
 305 311 318  304 311 305  330 324 317  331 324 330  318 324 331  317 324 318 
 343 337 330  344 337 343  331 337 344  330 337 331  356 350 343  357 350 356 
 344 350 357  343 350 344  369 363 356  370 363 369  357 363 370  356 363 357 
 382 376 369  383 376 382  370 376 383  369 376 370  395 389 382  396 389 395 
 383 389 396  382 389 383  408 402 395  409 402 408  396 402 409  395 402 396 
 421 415 408  422 415 421  409 415 422  408 415 409  434 428 421  435 428 434 
 422 428 435  421 428 422  447 441 434  448 441 447  435 441 448  434 441 435 
 460 454 447  461 454 460  448 454 461  447 454 448  473 467 460  474 467 473 
 461 467 474  460 467 461  486 480 473  487 480 486  474 480 487  473 480 474 
 499 493 486  500 493 499  487 493 500  486 493 487  512 506 499  513 506 512 
 500 506 513  499 506 500  525 519 512  526 519 525  513 519 526  512 519 513 
 538 532 525  539 532 538  526 532 539  525 532 526  551 545 538  552 545 551 
 539 545 552  538 545 539  564 558 551  565 558 564  552 558 565  551 558 552 
 577 571 564  578 571 577  565 571 578  564 571 565  590 584 577  591 584 590 
 578 584 591  577 584 578  603 597 590  604 597 603  591 597 604  590 597 591 
 616 610 603  617 610 616  604 610 617  603 610 604  629 623 616  630 623 629 
 617 623 630  616 623 617  642 636 629  643 636 642  630 636 643  629 636 630 
 655 649 642  656 649 655  643 649 656  642 649 643  668 662 655  669 662 668 
 656 662 669  655 662 656  681 675 668  682 675 681  669 675 682  668 675 669 
 694 688 681  695 688 694  682 688 695  681 688 682  707 701 694  708 701 707 
 695 701 708  694 701 695  720 714 707  721 714 720  708 714 721  707 714 708 
 733 727 720  734 727 733  721 727 734  720 727 721  746 740 733  747 740 746 
 734 740 747  733 740 734  759 753 746  760 753 759  747 753 760  746 753 747 
 772 766 759  773 766 772  760 766 773  759 766 760  785 779 772  786 779 785 
 773 779 786  772 779 773  798 792 785  799 792 798  786 792 799  785 792 786 
 811 805 798  812 805 811  799 805 812  798 805 799  824 818 811  825 818 824 
 812 818 825  811 818 812  837 831 824  838 831 837  825 831 838  824 831 825 
 850 844 837  851 844 850  838 844 851  837 844 838  863 857 850  864 857 863 
 851 857 864  850 857 851  876 870 863  877 870 876  864 870 877  863 870 864 
 889 883 876  890 883 889  877 883 890  876 883 877  902 896 889  903 896 902 
 890 896 903  889 896 890  915 909 902  916 909 915  903 909 916  902 909 903 
 928 922 915  929 922 928  916 922 929  915 922 916  941 935 928  942 935 941 
 929 935 942  928 935 929  954 948 941  955 948 954  942 948 955  941 948 942 
 967 961 954  968 961 967  955 961 968  954 961 955  980 974 967  981 974 980 
 968 974 981  967 974 968  993 987 980  994 987 993  981 987 994  980 987 981 
 1006 1000 993  1007 1000 1006  994 1000 1007  993 1000 994  1019 1013 1006  1020 1013 1019 
 1007 1013 1020  1006 1013 1007  1032 1026 1019  1033 1026 1032  1020 1026 1033  1019 1026 1020 
 47 43 37  50 43 47  45 43 50  37 43 45  56 52 47  59 52 56 
 50 52 59  47 52 50  65 63 56  70 63 65  59 63 70  56 63 59 
 77 73 65  81 73 77  70 73 81  65 73 70  88 85 77  92 85 88 
 81 85 92  77 85 81  101 96 88  103 96 101  92 96 103  88 96 92 
 113 108 101  115 108 113  103 108 115  101 108 103  126 121 113  128 121 126 
 115 121 128  113 121 115  138 134 126  140 134 138  128 134 140  126 134 128 
 151 146 138  153 146 151  140 146 153  138 146 140  163 159 151  166 159 163 
 153 159 166  151 159 153  175 171 163  178 171 175  166 171 178  163 171 166 
 188 182 175  191 182 188  178 182 191  175 182 178  201 195 188  202 195 201 
 191 195 202  188 195 191  214 208 201  215 208 214  202 208 215  201 208 202 
 227 221 214  228 221 227  215 221 228  214 221 215  240 234 227  241 234 240 
 228 234 241  227 234 228  253 247 240  254 247 253  241 247 254  240 247 241 
 266 260 253  267 260 266  254 260 267  253 260 254  279 273 266  280 273 279 
 267 273 280  266 273 267  292 286 279  293 286 292  280 286 293  279 286 280 
 305 299 292  306 299 305  293 299 306  292 299 293  318 312 305  319 312 318 
 306 312 319  305 312 306  331 325 318  332 325 331  319 325 332  318 325 319 
 344 338 331  345 338 344  332 338 345  331 338 332  357 351 344  358 351 357 
 345 351 358  344 351 345  370 364 357  371 364 370  358 364 371  357 364 358 
 383 377 370  384 377 383  371 377 384  370 377 371  396 390 383  397 390 396 
 384 390 397  383 390 384  409 403 396  410 403 409  397 403 410  396 403 397 
 422 416 409  423 416 422  410 416 423  409 416 410  435 429 422  436 429 435 
 423 429 436  422 429 423  448 442 435  449 442 448  436 442 449  435 442 436 
 461 455 448  462 455 461  449 455 462  448 455 449  474 468 461  475 468 474 
 462 468 475  461 468 462  487 481 474  488 481 487  475 481 488  474 481 475 
 500 494 487  501 494 500  488 494 501  487 494 488  513 507 500  514 507 513 
 501 507 514  500 507 501  526 520 513  527 520 526  514 520 527  513 520 514 
 539 533 526  540 533 539  527 533 540  526 533 527  552 546 539  553 546 552 
 540 546 553  539 546 540  565 559 552  566 559 565  553 559 566  552 559 553 
 578 572 565  579 572 578  566 572 579  565 572 566  591 585 578  592 585 591 
 579 585 592  578 585 579  604 598 591  605 598 604  592 598 605  591 598 592 
 617 611 604  618 611 617  605 611 618  604 611 605  630 624 617  631 624 630 
 618 624 631  617 624 618  643 637 630  644 637 643  631 637 644  630 637 631 
 656 650 643  657 650 656  644 650 657  643 650 644  669 663 656  670 663 669 
 657 663 670  656 663 657  682 676 669  683 676 682  670 676 683  669 676 670 
 695 689 682  696 689 695  683 689 696  682 689 683  708 702 695  709 702 708 
 696 702 709  695 702 696  721 715 708  722 715 721  709 715 722  708 715 709 
 734 728 721  735 728 734  722 728 735  721 728 722  747 741 734  748 741 747 
 735 741 748  734 741 735  760 754 747  761 754 760  748 754 761  747 754 748 
 773 767 760  774 767 773  761 767 774  760 767 761  786 780 773  787 780 786 
 774 780 787  773 780 774  799 793 786  800 793 799  787 793 800  786 793 787 
 812 806 799  813 806 812  800 806 813  799 806 800  825 819 812  826 819 825 
 813 819 826  812 819 813  838 832 825  839 832 838  826 832 839  825 832 826 
 851 845 838  852 845 851  839 845 852  838 845 839  864 858 851  865 858 864 
 852 858 865  851 858 852  877 871 864  878 871 877  865 871 878  864 871 865 
 890 884 877  891 884 890  878 884 891  877 884 878  903 897 890  904 897 903 
 891 897 904  890 897 891  916 910 903  917 910 916  904 910 917  903 910 904 
 929 923 916  930 923 929  917 923 930  916 923 917  942 936 929  943 936 942 
 930 936 943  929 936 930  955 949 942  956 949 955  943 949 956  942 949 943 
 968 962 955  969 962 968  956 962 969  955 962 956  981 975 968  982 975 981 
 969 975 982  968 975 969  994 988 981  995 988 994  982 988 995  981 988 982 
 1007 1001 994  1008 1001 1007  995 1001 1008  994 1001 995  1020 1014 1007  1021 1014 1020 
 1008 1014 1021  1007 1014 1008  1033 1027 1020  1034 1027 1033  1021 1027 1034  1020 1027 1021 
  MBT3   MBT3   MBT3   MBT3   MBT3   MBT3   MBT3   MBT3   MBT3   MBT3   MBT3   MBT3   MBT3   MBT3   MBT3   MBT3   MBT3   MBT3   MBT3   MBT3   MBT3   MBT3   MBT3   MBT3 
  MBT3   MBT3   MBT3   MBT3   MBT3   MBT3   MBT3   MBT3   MBT3   MBT3   MBT3   MBT3   MBT3   MBT3   MBT3   MBT3   MBT3   MBT3   MBT3   MBT3   MBT3   MBT3   MBT3   MBT3 
  MBT3   MBT3   MBT3   MBT3   MBT3   MBT3   MBT3   MBT3   MBT3   MBT3   MBT3   MBT3   MBT3   MBT3   MBT3   MBT3   MBT3   MBT3   MBT3   MBT3   MBT3   MBT3   MBT3   MBT3 
  MBT3   MBT3   MBT3   MBT3   MBT3   MBT3   MBT3   MBT3   MBT3   MBT3   MBT3   MBT3   MBT3   MBT3   MBT3   MBT3   MBT3   MBT3   MBT3   MBT3   MBT3   MBT3   MBT3   MBT3 
  MBT3   MBT3   MBT3   MBT3   MBT3   MBT3   MBT3   MBT3   MBT3   MBT3   MBT3   MBT3   MBT3   MBT3   MBT3   MBT3   MBT3   MBT3   MBT3   MBT3   MBT3   MBT3   MBT3   MBT3 
  MBT3   MBT3   MBT3   MBT3   MBT3   MBT3   MBT3   MBT3   MBT3   MBT3   MBT3   MBT3   MBT3   MBT3   MBT3   MBT3   MBT3   MBT3   MBT3   MBT3   MBT3   MBT3   MBT3   MBT3 
  MBT3   MBT3   MBT3   MBT3   MBT3   MBT3   MBT3   MBT3   MBT3   MBT3   MBT3   MBT3   MBT3   MBT3   MBT3   MBT3   MBT3   MBT3   MBT3   MBT3   MBT3   MBT3   MBT3   MBT3 
  MBT3   MBT3   MBT3   MBT3   MBT3   MBT3   MBT3   MBT3   MBT3   MBT3   MBT3   MBT3   MBT3   MBT3   MBT3   MBT3   MBT3   MBT3   MBT3   MBT3   MBT3   MBT3   MBT3   MBT3 
  MBT3   MBT3   MBT3   MBT3   MBT3   MBT3   MBT3   MBT3   MBT3   MBT3   MBT3   MBT3   MBT3   MBT3   MBT3   MBT3   MBT3   MBT3   MBT3   MBT3   MBT3   MBT3   MBT3   MBT3 
  MBT3   MBT3   MBT3   MBT3   MBT3   MBT3   MBT3   MBT3   MBT3   MBT3   MBT3   MBT3   MBT3   MBT3   MBT3   MBT3   MBT3   MBT3   MBT3   MBT3   MBT3   MBT3   MBT3   MBT3 
  MBT3   MBT3   MBT3   MBT3   MBT3   MBT3   MBT3   MBT3   MBT3   MBT3   MBT3   MBT3   MBT3   MBT3   MBT3   MBT3   MBT3   MBT3   MBT3   MBT3   MBT3   MBT3   MBT3   MBT3 
  MBT3   MBT3   MBT3   MBT3   MBT3   MBT3   MBT3   MBT3   MBT3   MBT3   MBT3   MBT3   MBT3   MBT3   MBT3   MBT3   MBT3   MBT3   MBT3   MBT3   MBT3   MBT3   MBT3   MBT3 
  MBT3   MBT3   MBT3   MBT3   MBT3   MBT3   MBT3   MBT3   MBT3   MBT3   MBT3   MBT3   MBT3   MBT3   MBT3   MBT3   MBT3   MBT3   MBT3   MBT3   MBT3   MBT3   MBT3   MBT3 
  MBT3   MBT3   MBT3   MBT3   MBT3   MBT3   MBT3   MBT3   MBT3   MBT3   MBT3   MBT3   MBT3   MBT3   MBT3   MBT3   MBT3   MBT3   MBT3   MBT3   MBT3   MBT3   MBT3   MBT3 
  MBT3   MBT3   MBT3   MBT3   MBT3   MBT3   MBT3   MBT3   MBT3   MBT3   MBT3   MBT3   MBT3   MBT3   MBT3   MBT3   MBT3   MBT3   MBT3   MBT3   MBT3   MBT3   MBT3   MBT3 
  MBT3   MBT3   MBT3   MBT3   MBT3   MBT3   MBT3   MBT3   MBT3   MBT3   MBT3   MBT3   MBT3   MBT3   MBT3   MBT3   MBT3   MBT3   MBT3   MBT3   MBT3   MBT3   MBT3   MBT3 
  MBT3   MBT3   MBT3   MBT3   MBT3   MBT3   MBT3   MBT3   MBT3   MBT3   MBT3   MBT3   MBT3   MBT3   MBT3   MBT3   MBT3   MBT3   MBT3   MBT3   MBT3   MBT3   MBT3   MBT3 
  MBT3   MBT3   MBT3   MBT3   MBT3   MBT3   MBT3   MBT3   MBT3   MBT3   MBT3   MBT3   MBT3   MBT3   MBT3   MBT3   MBT3   MBT3   MBT3   MBT3   MBT3   MBT3   MBT3   MBT3 
  MBT3   MBT3   MBT3   MBT3   MBT3   MBT3   MBT3   MBT3   MBT3   MBT3   MBT3   MBT3   MBT3   MBT3   MBT3   MBT3   MBT3   MBT3   MBT3   MBT3   MBT3   MBT3   MBT3   MBT3 
  MBT3   MBT3   MBT3   MBT3   MBT3   MBT3   MBT3   MBT3   MBT3   MBT3   MBT3   MBT3   MBT3   MBT3   MBT3   MBT3   MBT3   MBT3   MBT3   MBT3   MBT3   MBT3   MBT3   MBT3 
  MBT3   MBT3   MBT3   MBT3   MBT3   MBT3   MBT3   MBT3   MBT3   MBT3   MBT3   MBT3   MBT3   MBT3   MBT3   MBT3   MBT3   MBT3   MBT3   MBT3   MBT3   MBT3   MBT3   MBT3 
  MBT3   MBT3   MBT3   MBT3   MBT3   MBT3   MBT3   MBT3   MBT3   MBT3   MBT3   MBT3   MBT3   MBT3   MBT3   MBT3   MBT3   MBT3   MBT3   MBT3   MBT3   MBT3   MBT3   MBT3 
  MBT3   MBT3   MBT3   MBT3   MBT3   MBT3   MBT3   MBT3   MBT3   MBT3   MBT3   MBT3   MBT3   MBT3   MBT3   MBT3   MBT3   MBT3   MBT3   MBT3   MBT3   MBT3   MBT3   MBT3 
  MBT3   MBT3   MBT3   MBT3   MBT3   MBT3   MBT3   MBT3   MBT3   MBT3   MBT3   MBT3   MBT3   MBT3   MBT3   MBT3   MBT3   MBT3   MBT3   MBT3   MBT3   MBT3   MBT3   MBT3 
  MBT3   MBT3   MBT3   MBT3   MBT3   MBT3   MBT3   MBT3   MBT3   MBT3   MBT3   MBT3   MBT3   MBT3   MBT3   MBT3   MBT3   MBT3   MBT3   MBT3   MBT3   MBT3   MBT3   MBT3 
  MBT3   MBT3   MBT3   MBT3   MBT3   MBT3   MBT3   MBT3   MBT3   MBT3   MBT3   MBT3   MBT3   MBT3   MBT3   MBT3   MBT3   MBT3   MBT3   MBT3   MBT3   MBT3   MBT3   MBT3 
  MBT3   MBT3   MBT3   MBT3   MBT3   MBT3   MBT3   MBT3   MBT3   MBT3   MBT3   MBT3   MBT3   MBT3   MBT3   MBT3   MBT3   MBT3   MBT3   MBT3   MBT3   MBT3   MBT3   MBT3 
  MBT3   MBT3   MBT3   MBT3   MBT3   MBT3   MBT3   MBT3   MBT3   MBT3   MBT3   MBT3   MBT3   MBT3   MBT3   MBT3   MBT3   MBT3   MBT3   MBT3   MBT3   MBT3   MBT3   MBT3 
  MBT3   MBT3   MBT3   MBT3   MBT3   MBT3   MBT3   MBT3   MBT3   MBT3   MBT3   MBT3   MBT3   MBT3   MBT3   MBT3   MBT3   MBT3   MBT3   MBT3   MBT3   MBT3   MBT3   MBT3 
  MBT3   MBT3   MBT3   MBT3   MBT3   MBT3   MBT3   MBT3   MBT3   MBT3   MBT3   MBT3   MBT3   MBT3   MBT3   MBT3   MBT3   MBT3   MBT3   MBT3   MBT3   MBT3   MBT3   MBT3 
  MBT3   MBT3   MBT3   MBT3   MBT3   MBT3   MBT3   MBT3   MBT3   MBT3   MBT3   MBT3   MBT3   MBT3   MBT3   MBT3   MBT3   MBT3   MBT3   MBT3   MBT3   MBT3   MBT3   MBT3 
  MBT3   MBT3   MBT3   MBT3   MBT3   MBT3   MBT3   MBT3   MBT3   MBT3   MBT3   MBT3   MBT3   MBT3   MBT3   MBT3   MBT3   MBT3   MBT3   MBT3   MBT3   MBT3   MBT3   MBT3 
  MBT3   MBT3   MBT3   MBT3   MBT3   MBT3   MBT3   MBT3   MBT3   MBT3   MBT3   MBT3   MBT3   MBT3   MBT3   MBT3   MBT3   MBT3   MBT3   MBT3   MBT3   MBT3   MBT3   MBT3 
  MBT3   MBT3   MBT3   MBT3   MBT3   MBT3   MBT3   MBT3   MBT3   MBT3   MBT3   MBT3   MBT3   MBT3   MBT3   MBT3   MBT3   MBT3   MBT3   MBT3   MBT3   MBT3   MBT3   MBT3 
  MBT3   MBT3   MBT3   MBT3   MBT3   MBT3   MBT3   MBT3   MBT3   MBT3   MBT3   MBT3   MBT3   MBT3   MBT3   MBT3   MBT3   MBT3   MBT3   MBT3   MBT3   MBT3   MBT3   MBT3 
  MBT3   MBT3   MBT3   MBT3   MBT3   MBT3   MBT3   MBT3   MBT3   MBT3   MBT3   MBT3   MBT3   MBT3   MBT3   MBT3   MBT3   MBT3   MBT3   MBT3   MBT3   MBT3   MBT3   MBT3 
  MBT3   MBT3   MBT3   MBT3   MBT3   MBT3   MBT3   MBT3   MBT3   MBT3   MBT3   MBT3   MBT3   MBT3   MBT3   MBT3   MBT3   MBT3   MBT3   MBT3   MBT3   MBT3   MBT3   MBT3 
  MBT3   MBT3   MBT3   MBT3   MBT3   MBT3   MBT3   MBT3   MBT3   MBT3   MBT3   MBT3   MBT3   MBT3   MBT3   MBT3   MBT3   MBT3   MBT3   MBT3   MBT3   MBT3   MBT3   MBT3 
  MBT3   MBT3   MBT3   MBT3   MBT3   MBT3   MBT3   MBT3   MBT3   MBT3   MBT3   MBT3   MBT3   MBT3   MBT3   MBT3   MBT3   MBT3   MBT3   MBT3   MBT3   MBT3   MBT3   MBT3 
  MBT3   MBT3   MBT3   MBT3   MBT3   MBT3   MBT3   MBT3   MBT3   MBT3   MBT3   MBT3   MBT3   MBT3   MBT3   MBT3   MBT3   MBT3   MBT3   MBT3   MBT3   MBT3   MBT3   MBT3 
  MBT3   MBT3   MBT3   MBT3   MBT3   MBT3   MBT3   MBT3   MBT3   MBT3   MBT3   MBT3   MBT3   MBT3   MBT3   MBT3   MBT3   MBT3   MBT3   MBT3   MBT3   MBT3   MBT3   MBT3 
  MBT3   MBT3   MBT3   MBT3   MBT3   MBT3   MBT3   MBT3   MBT3   MBT3   MBT3   MBT3   MBT3   MBT3   MBT3   MBT3   MBT3   MBT3   MBT3   MBT3   MBT3   MBT3   MBT3   MBT3 
  MBT3   MBT3   MBT3   MBT3   MBT3   MBT3   MBT3   MBT3   MBT3   MBT3   MBT3   MBT3   MBT3   MBT3   MBT3   MBT3   MBT3   MBT3   MBT3   MBT3   MBT3   MBT3   MBT3   MBT3 
  MBT3   MBT3   MBT3   MBT3   MBT3   MBT3   MBT3   MBT3   MBT3   MBT3   MBT3   MBT3   MBT3   MBT3   MBT3   MBT3   MBT3   MBT3   MBT3   MBT3   MBT3   MBT3   MBT3   MBT3 
  MBT3   MBT3   MBT3   MBT3   MBT3   MBT3   MBT3   MBT3   MBT3   MBT3   MBT3   MBT3   MBT3   MBT3   MBT3   MBT3   MBT3   MBT3   MBT3   MBT3   MBT3   MBT3   MBT3   MBT3 
  MBT3   MBT3   MBT3   MBT3   MBT3   MBT3   MBT3   MBT3   MBT3   MBT3   MBT3   MBT3   MBT3   MBT3   MBT3   MBT3   MBT3   MBT3   MBT3   MBT3   MBT3   MBT3   MBT3   MBT3 
  MBT3   MBT3   MBT3   MBT3   MBT3   MBT3   MBT3   MBT3   MBT3   MBT3   MBT3   MBT3   MBT3   MBT3   MBT3   MBT3   MBT3   MBT3   MBT3   MBT3   MBT3   MBT3   MBT3   MBT3 
  MBT3   MBT3   MBT3   MBT3   MBT3   MBT3   MBT3   MBT3   MBT3   MBT3   MBT3   MBT3   MBT3   MBT3   MBT3   MBT3   MBT3   MBT3   MBT3   MBT3   MBT3   MBT3   MBT3   MBT3 
  MBT3   MBT3   MBT3   MBT3   MBT3   MBT3   MBT3   MBT3   MBT3   MBT3   MBT3   MBT3   MBT3   MBT3   MBT3   MBT3   MBT3   MBT3   MBT3   MBT3   MBT3   MBT3   MBT3   MBT3 
  MBT3   MBT3   MBT3   MBT3   MBT3   MBT3   MBT3   MBT3   MBT3   MBT3   MBT3   MBT3   MBT3   MBT3   MBT3   MBT3   MBT3   MBT3   MBT3   MBT3   MBT3   MBT3   MBT3   MBT3 
  MBT3   MBT3   MBT3   MBT3   MBT3   MBT3   MBT3   MBT3   MBT3   MBT3   MBT3   MBT3   MBT3   MBT3   MBT3   MBT3   MBT3   MBT3   MBT3   MBT3   MBT3   MBT3   MBT3   MBT3 
  MBT3   MBT3   MBT3   MBT3   MBT3   MBT3   MBT3   MBT3   MBT3   MBT3   MBT3   MBT3   MBT3   MBT3   MBT3   MBT3   MBT3   MBT3   MBT3   MBT3   MBT3   MBT3   MBT3   MBT3 
  MBT3   MBT3   MBT3   MBT3   MBT3   MBT3   MBT3   MBT3   MBT3   MBT3   MBT3   MBT3   MBT3   MBT3   MBT3   MBT3   MBT3   MBT3   MBT3   MBT3   MBT3   MBT3   MBT3   MBT3 
  MBT3   MBT3   MBT3   MBT3   MBT3   MBT3   MBT3   MBT3   MBT3   MBT3   MBT3   MBT3   MBT3   MBT3   MBT3   MBT3   MBT3   MBT3   MBT3   MBT3   MBT3   MBT3   MBT3   MBT3 
  MBT3   MBT3   MBT3   MBT3   MBT3   MBT3   MBT3   MBT3   MBT3   MBT3   MBT3   MBT3   MBT3   MBT3   MBT3   MBT3   MBT3   MBT3   MBT3   MBT3   MBT3   MBT3   MBT3   MBT3 
  MBT3   MBT3   MBT3   MBT3   MBT3   MBT3   MBT3   MBT3   MBT3   MBT3   MBT3   MBT3   MBT3   MBT3   MBT3   MBT3   MBT3   MBT3   MBT3   MBT3   MBT3   MBT3   MBT3   MBT3 
  MBT3   MBT3   MBT3   MBT3   MBT3   MBT3   MBT3   MBT3   MBT3   MBT3   MBT3   MBT3   MBT3   MBT3   MBT3   MBT3   MBT3   MBT3   MBT3   MBT3   MBT3   MBT3   MBT3   MBT3 
  MBT3   MBT3   MBT3   MBT3   MBT3   MBT3   MBT3   MBT3   MBT3   MBT3   MBT3   MBT3   MBT3   MBT3   MBT3   MBT3   MBT3   MBT3   MBT3   MBT3   MBT3   MBT3   MBT3   MBT3 
  MBT3   MBT3   MBT3   MBT3   MBT3   MBT3   MBT3   MBT3   MBT3   MBT3   MBT3   MBT3   MBT3   MBT3   MBT3   MBT3   MBT3   MBT3   MBT3   MBT3   MBT3   MBT3   MBT3   MBT3 
  MBT3   MBT3   MBT3   MBT3   MBT3   MBT3   MBT3   MBT3   MBT3   MBT3   MBT3   MBT3   MBT3   MBT3   MBT3   MBT3   MBT3   MBT3   MBT3   MBT3   MBT3   MBT3   MBT3   MBT3 
  MBT3   MBT3   MBT3   MBT3   MBT3   MBT3   MBT3   MBT3   MBT3   MBT3   MBT3   MBT3   MBT3   MBT3   MBT3   MBT3   MBT3   MBT3   MBT3   MBT3   MBT3   MBT3   MBT3   MBT3 
  MBT3   MBT3   MBT3   MBT3   MBT3   MBT3   MBT3   MBT3   MBT3   MBT3   MBT3   MBT3   MBT3   MBT3   MBT3   MBT3   MBT3   MBT3   MBT3   MBT3   MBT3   MBT3   MBT3   MBT3 
  MBT3   MBT3   MBT3   MBT3   MBT3   MBT3   MBT3   MBT3   MBT3   MBT3   MBT3   MBT3   MBT3   MBT3   MBT3   MBT3   MBT3   MBT3   MBT3   MBT3   MBT3   MBT3   MBT3   MBT3 
  MBT3   MBT3   MBT3   MBT3   MBT3   MBT3   MBT3   MBT3   MBT3   MBT3   MBT3   MBT3   MBT3   MBT3   MBT3   MBT3   MBT3   MBT3   MBT3   MBT3   MBT3   MBT3   MBT3   MBT3 
  MBT3   MBT3   MBT3   MBT3   MBT3   MBT3   MBT3   MBT3   MBT3   MBT3   MBT3   MBT3   MBT3   MBT3   MBT3   MBT3   MBT3   MBT3   MBT3   MBT3   MBT3   MBT3   MBT3   MBT3 
  MBT3   MBT3   MBT3   MBT3   MBT3   MBT3   MBT3   MBT3   MBT3   MBT3   MBT3   MBT3   MBT3   MBT3   MBT3   MBT3   MBT3   MBT3   MBT3   MBT3   MBT3   MBT3   MBT3   MBT3 
  MBT3   MBT3   MBT3   MBT3   MBT3   MBT3   MBT3   MBT3   MBT3   MBT3   MBT3   MBT3   MBT3   MBT3   MBT3   MBT3   MBT3   MBT3   MBT3   MBT3   MBT3   MBT3   MBT3   MBT3 
  MBT3   MBT3   MBT3   MBT3   MBT3   MBT3   MBT3   MBT3   MBT3   MBT3   MBT3   MBT3   MBT3   MBT3   MBT3   MBT3   MBT3   MBT3   MBT3   MBT3   MBT3   MBT3   MBT3   MBT3 
  MBT3   MBT3   MBT3   MBT3   MBT3   MBT3   MBT3   MBT3   MBT3   MBT3   MBT3   MBT3   MBT3   MBT3   MBT3   MBT3   MBT3   MBT3   MBT3   MBT3   MBT3   MBT3   MBT3   MBT3 
  MBT3   MBT3   MBT3   MBT3   MBT3   MBT3   MBT3   MBT3   MBT3   MBT3   MBT3   MBT3   MBT3   MBT3   MBT3   MBT3   MBT3   MBT3   MBT3   MBT3   MBT3   MBT3   MBT3   MBT3 
  MBT3   MBT3   MBT3   MBT3   MBT3   MBT3   MBT3   MBT3   MBT3   MBT3   MBT3   MBT3   MBT3   MBT3   MBT3   MBT3   MBT3   MBT3   MBT3   MBT3   MBT3   MBT3   MBT3   MBT3 
  MBT3   MBT3   MBT3   MBT3   MBT3   MBT3   MBT3   MBT3   MBT3   MBT3   MBT3   MBT3   MBT3   MBT3   MBT3   MBT3   MBT3   MBT3   MBT3   MBT3   MBT3   MBT3   MBT3   MBT3 
  MBT3   MBT3   MBT3   MBT3   MBT3   MBT3   MBT3   MBT3   MBT3   MBT3   MBT3   MBT3   MBT3   MBT3   MBT3   MBT3   MBT3   MBT3   MBT3   MBT3   MBT3   MBT3   MBT3   MBT3 
  MBT3   MBT3   MBT3   MBT3   MBT3   MBT3   MBT3   MBT3   MBT3   MBT3   MBT3   MBT3   MBT3   MBT3   MBT3   MBT3   MBT3   MBT3   MBT3   MBT3   MBT3   MBT3   MBT3   MBT3 
  MBT3   MBT3   MBT3   MBT3   MBT3   MBT3   MBT3   MBT3   MBT3   MBT3   MBT3   MBT3   MBT3   MBT3   MBT3   MBT3   MBT3   MBT3   MBT3   MBT3   MBT3   MBT3   MBT3   MBT3 
  MBT3   MBT3   MBT3   MBT3   MBT3   MBT3   MBT3   MBT3   MBT3   MBT3   MBT3   MBT3   MBT3   MBT3   MBT3   MBT3   MBT3   MBT3   MBT3   MBT3   MBT3   MBT3   MBT3   MBT3 
  MBT3   MBT3   MBT3   MBT3   MBT3   MBT3   MBT3   MBT3   MBT3   MBT3   MBT3   MBT3   MBT3   MBT3   MBT3   MBT3   MBT3   MBT3   MBT3   MBT3   MBT3   MBT3   MBT3   MBT3 
  MBT3   MBT3   MBT3   MBT3   MBT3   MBT3   MBT3   MBT3   MBT3   MBT3   MBT3   MBT3   MBT3   MBT3   MBT3   MBT3   MBT3   MBT3   MBT3   MBT3   MBT3   MBT3   MBT3   MBT3 
  MBT3   MBT3   MBT3   MBT3   MBT3   MBT3   MBT3   MBT3   MBT3   MBT3   MBT3   MBT3   MBT3   MBT3   MBT3   MBT3   MBT3   MBT3   MBT3   MBT3   MBT3   MBT3   MBT3   MBT3 
  MBT3   MBT3   MBT3   MBT3   MBT3   MBT3   MBT3   MBT3   MBT3   MBT3   MBT3   MBT3   MBT3   MBT3   MBT3   MBT3   MBT3   MBT3   MBT3   MBT3   MBT3   MBT3   MBT3   MBT3 
 1  1  1  1  1  1  1  1  1  1  1  1  1  1  1  1  1  1  1  1  1  1  1  1  1  1  1  1  1  1  1  1  1  1  1  1  1  1  1  1  1  1  1  1  1  1  1  1  1  1  1  1  1  1 
 1  1  1  1  1  1  1  1  1  1  1  1  1  1  1  1  1  1  1  1  1  1  1  1  1  1  1  1  1  1  1  1  1  1  1  1  1  1  1  1  1  1  1  1  1  1  1  1  1  1  1  1  1  1 
 1  1  1  1  1  1  1  1  1  1  1  1  1  1  1  1  1  1  1  1  1  1  1  1  1  1  1  1  1  1  1  1  1  1  1  1  1  1  1  1  1  1  1  1  1  1  1  1  1  1  1  1  1  1 
 1  1  1  1  1  1  1  1  1  1  1  1  1  1  1  1  1  1  1  1  1  1  1  1  1  1  1  1  1  1  1  1  1  1  1  1  1  1  1  1  1  1  1  1  1  1  1  1  1  1  1  1  1  1 
 1  1  1  1  1  1  1  1  1  1  1  1  1  1  1  1  1  1  1  1  1  1  1  1  1  1  1  1  1  1  1  1  1  1  1  1  1  1  1  1  1  1  1  1  1  1  1  1  1  1  1  1  1  1 
 1  1  1  1  1  1  1  1  1  1  1  1  1  1  1  1  1  1  1  1  1  1  1  1  1  1  1  1  1  1  1  1  1  1  1  1  1  1  1  1  1  1  1  1  1  1  1  1  1  1  1  1  1  1 
 1  1  1  1  1  1  1  1  1  1  1  1  1  1  1  1  1  1  1  1  1  1  1  1  1  1  1  1  1  1  1  1  1  1  1  1  2  2  2  2  2  2  2  2  2  2  2  2  2  2  2  2  2  2 
 2  2  2  2  2  2  2  2  2  2  2  2  2  2  2  2  2  2  2  2  2  2  2  2  2  2  2  2  2  2  2  2  2  2  2  2  2  2  2  2  2  2  2  2  2  2  2  2  2  2  2  2  2  2 
 2  2  2  2  2  2  2  2  2  2  2  2  2  2  2  2  2  2  2  2  2  2  2  2  2  2  2  2  2  2  2  2  2  2  2  2  2  2  2  2  2  2  2  2  2  2  2  2  2  2  2  2  2  2 
 2  2  2  2  2  2  2  2  2  2  2  2  2  2  2  2  2  2  2  2  2  2  2  2  2  2  2  2  2  2  2  2  2  2  2  2  2  2  2  2  2  2  2  2  2  2  2  2  2  2  2  2  2  2 
 2  2  2  2  2  2  2  2  2  2  2  2  2  2  2  2  2  2  2  2  2  2  2  2  2  2  2  2  2  2  2  2  2  2  2  2  2  2  2  2  2  2  2  2  2  2  2  2  2  2  2  2  2  2 
 2  2  2  2  2  2  2  2  2  2  2  2  2  2  2  2  2  2  2  2  2  2  2  2  2  2  2  2  2  2  2  2  2  2  2  2  2  2  2  2  2  2  2  2  2  2  2  2  2  2  2  2  2  2 
 2  2  2  2  2  2  2  2  2  2  2  2  2  2  2  2  2  2  2  2  2  2  2  2  1  1  1  1  1  1  1  1  1  1  1  1  1  1  1  1  1  1  1  1  1  1  1  1  1  1  1  1  1  1 
 1  1  1  1  1  1  1  1  1  1  1  1  1  1  1  1  1  1  1  1  1  1  1  1  1  1  1  1  1  1  1  1  1  1  1  1  1  1  1  1  1  1  1  1  1  1  1  1  1  1  1  1  1  1 
 1  1  1  1  1  1  1  1  1  1  1  1  1  1  1  1  1  1  1  1  1  1  1  1  1  1  1  1  1  1  1  1  1  1  1  1  1  1  1  1  1  1  1  1  1  1  1  1  1  1  1  1  1  1 
 1  1  1  1  1  1  1  1  1  1  1  1  1  1  1  1  1  1  1  1  1  1  1  1  1  1  1  1  1  1  1  1  1  1  1  1  1  1  1  1  1  1  1  1  1  1  1  1  1  1  1  1  1  1 
 1  1  1  1  1  1  1  1  1  1  1  1  1  1  1  1  1  1  1  1  1  1  1  1  1  1  1  1  1  1  1  1  1  1  1  1  1  1  1  1  1  1  1  1  1  1  1  1  1  1  1  1  1  1 
 1  1  1  1  1  1  1  1  1  1  1  1  1  1  1  1  1  1  1  1  1  1  1  1  1  1  1  1  1  1  1  1  1  1  1  1  1  1  1  1  1  1  1  1  1  1  1  1  1  1  1  1  1  1 
 1  1  1  1  1  1  1  1  1  1  1  1  1  1  1  1  1  1  1  1  1  1  1  1  1  1  1  1  1  1  1  1  1  1  1  1  1  1  1  1  1  1  1  1  1  1  1  1  1  1  1  1  1  1 
 1  1  1  1  1  1  1  1  1  1  1  1  1  1  1  1  1  1  1  1  1  1  1  1  1  1  1  1  1  1  1  1  1  1  1  1  1  1  1  1  1  1  1  1  1  1  1  1  1  1  1  1  1  1 
 1  1  1  1  1  1  1  1  1  1  1  1  1  1  1  1  1  1  1  1  1  1  1  1  1  1  1  1  1  1  1  1  1  1  1  1  1  1  1  1  1  1  1  1  1  1  1  1  1  1  1  1  1  1 
 1  1  1  1  1  1  1  1  1  1  1  1  1  1  1  1  1  1  1  1  1  1  1  1  1  1  1  1  1  1  1  1  1  1  1  1  1  1  1  1  1  1  1  1  1  1  1  1  1  1  1  1  1  1 
 1  1  1  1  1  1  1  1  1  1  1  1  1  1  1  1  1  1  1  1  1  1  1  1  1  1  1  1  1  1  1  1  1  1  1  1  1  1  1  1  1  1  1  1  1  1  1  1  1  1  1  1  1  1 
 1  1  1  1  1  1  1  1  1  1  1  1  1  1  1  1  1  1  1  1  1  1  1  1  1  1  1  1  1  1  1  1  1  1  1  1  1  1  1  1  1  1  1  1  1  1  1  1  1  1  1  1  1  1 
 2  2  2  2  2  2  2  2  2  2  2  2  2  2  2  2  2  2  2  2  2  2  2  2  2  2  2  2  2  2  2  2  2  2  2  2  2  2  2  2  2  2  2  2  2  2  2  2  2  2  2  2  2  2 
 2  2  2  2  2  2  2  2  2  2  2  2  2  2  2  2  2  2  2  2  2  2  2  2  2  2  2  2  2  2  2  2  2  2  2  2  2  2  2  2  2  2  2  2  2  2  2  2  2  2  2  2  2  2 
 2  2  2  2  2  2  2  2  2  2  2  2  2  2  2  2  2  2  2  2  2  2  2  2  2  2  2  2  2  2  2  2  2  2  2  2  2  2  2  2  2  2  2  2  2  2  2  2  2  2  2  2  2  2 
 2  2  2  2  2  2  2  2  2  2  2  2  2  2  2  2  2  2  2  2  2  2  2  2  2  2  2  2  2  2  2  2  2  2  2  2  2  2  2  2  2  2  2  2  2  2  2  2  2  2  2  2  2  2 
 2  2  2  2  2  2  2  2  2  2  2  2  2  2  2  2  2  2  2  2  2  2  2  2  2  2  2  2  2  2  2  2  2  2  2  2  2  2  2  2  2  2  2  2  2  2  2  2  2  2  2  2  2  2 
 2  2  2  2  2  2  2  2  2  2  2  2  2  2  2  2  2  2  2  2  2  2  2  2  2  2  2  2  2  2  2  2  2  2  2  2  2  2  2  2  2  2  1  1  1  1  1  1  1  1  1  1  1  1 
 1  1  1  1  1  1  1  1  1  1  1  1  1  1  1  1  1  1  1  1  1  1  1  1  1  1  1  1  1  1  1  1  1  1  1  1  1  1  1  1  1  1  1  1  1  1  1  1  1  1  1  1  1  1 
 1  1  1  1  1  1  1  1  1  1  1  1  1  1  1  1  1  1  1  1  1  1  1  1  1  1  1  1  1  1  1  1  1  1  1  1  1  1  1  1  1  1  1  1  1  1  1  1  1  1  1  1  1  1 
 1  1  1  1  1  1  1  1  1  1  1  1  1  1  1  1  1  1  1  1  1  1  1  1  1  1  1  1  1  1  1  1  1  1  1  1  1  1  1  1  1  1  1  1  1  1  1  1  1  1  1  1  1  1 
 1  1  1  1  1  1  1  1  1  1  1  1  1  1  1  1  1  1  1  1  1  1  1  1  1  1  1  1  1  1  1  1  1  1  1  1  1  1  1  1  1  1  1  1  1  1  1  1  1  1  1  1  1  1 
 1  1  1  1  1  1  1  1  1  1  1  1  1  1  1  1  1  1  1  1  1  1  1  1  1  1  1  1  1  1  1  1  1  1  1  1  1  1  1  1  1  1  1  1  1  1  1  1  1  1  1  1  1  1 
 1  1  1  1  1  1  1  1  1  1  1  1  1  1  1  1  1  1  1  1  1  1  1  1  1  1  1  1  1  1 
Beton El
1 3 .23 35000. 0.2 
0.8
Beton arme macro
1 3 .23 35000. 0.2 
0.8
COND
2
NUL
2
1
4 
1
2
2
4 1028 
2
0
IMP
2 
1
527 
2
-4.e-5 
0
MCNL
2  
500 400 0.0001
3
0  
  1   2   3   4   5   6   7   8   9  10  11  12  13  14  15  16  17  18  19  20 
 21  22  23  24  25  26  27  28  29  30  31  32  33  34  35  36  37  38  39  40
 41  42  43  44  45  46  47  48  49  50  51  52  53  54  55  56  57  58  59  60
 61  62  63  64  65  66  67  68  69  70  71  72  73  74  75  76  77  78  79  80
 81  82  83  84  85  86  87  88  89  90  91  92  93  94  95  96  97  98  99 100
101 102 103 104 105 106 107 108 109 110 111 112 113 114 115 116 117 118 119 120
121 122 123 124 125 126 127 128 129 130 131 132 133 134 135 136 137 138 139 140
141 142 143 144 145 146 147 148 149 150 151 152 153 154 155 156 157 158 159 160
161 162 163 164 165 166 167 168 169 170 171 172 173 174 175 176 177 178 179 180
181 182 183 184 185 186 187 188 189 190 191 192 193 194 195 196 197 198 199 200
201 202 203 204 205 206 207 208 209 210 211 212 213 214 215 216 217 218 219 220
221 222 223 224 225 226 227 228 229 230 231 232 233 234 235 236 237 238 239 240
241 242 243 244 245 246 247 248 249 250 251 252 253 254 255 256 257 258 259 260
261 262 263 264 265 266 267 268 269 270 271 272 273 274 275 276 277 278 279 280
281 282 283 284 285 286 287 288 289 290 291 292 293 294 295 296 297 298 299 300
301 302 303 304 305 306 307 308 309 310 311 312 313 314 315 316 317 318 319 320
321 322 323 324 325 326 327 328 329 330 331 332 333 334 335 336 337 338 339 340
341 342 343 344 345 346 347 348 349 350 351 352 353 354 355 356 357 358 359 360
361 362 363 364 365 366 367 368 369 370 371 372 373 374 375 376 377 378 379 380
381 382 383 384 385 386 387 388 389 390 391 392 393 394 395 396 397 398 399 400
402 404 406 408 410 412 414 416 418 420 422 424 426 428 430 432 434 436 438 440
442 444 446 448 450 452 454 456 458 460 462 464 466 468 470 472 474 476 478 480
482 484 486 488 490 492 494 496 498 500 502 504 506 508 510 512 514 516 518 520
522 524 526 528 530 532 534 536 538 540 542 544 546 548 550 552 554 556 558 560
565 570 575 580 585 590 595 600 605 610 615 620 625 630 635 640 645 650 655 660
