$EXEC
$COMT
------------------------------------------------------------------------
-                                                                      -
-                       CESAR-LCPC Version 4.1.x                       -
-                                                                      -
-                                                                      -
-                                                                      -
-  Nom du MAILLAGE : mail                                              -
-  Nom du CALCUL   : calcu                                             -
-                                                                      -
-  Familles        : 1                                                 -
-                                                                      -
-  Module          : MCNL                                              -
-                                                                      -
-   .   486 noeuds                                                  -
-   .   2 groupe                                                  -
-   .   400 elements                                                -
-   .   0 elements triangulaires                        -
-   .   400 elements quadrilateres                   -
-                                                                      -
------------------------------------------------------------------------
COOR
  2 0
486 2
           3.3         0.16            3.3        0.128         3.2588         0.16         3.2588        0.145            3.3        0.096         3.2588        0.103 
        3.2175         0.16         3.2175        0.145            3.3        0.064         3.2175        0.103         3.2588        0.057         3.1763         0.16 
        3.1763        0.145            3.3        0.032         3.2175        0.057         3.1763        0.103         3.2588        0.015            3.3            0 
        3.1763        0.057          3.135         0.16         3.2588            0          3.135        0.145         3.2175        0.015          3.135        0.103 
        3.2175            0         3.1763        0.015          3.135        0.057         3.1763            0         3.0938         0.16         3.0938        0.145 
        3.0938        0.103          3.135        0.015          3.135            0         3.0938        0.057         3.0525         0.16         3.0525        0.145 
        3.0938        0.015         3.0525        0.103         3.0938            0         3.0525        0.057         3.0525        0.015         3.0113         0.16 
        3.0113        0.145         3.0113        0.103         3.0525            0         3.0113        0.057         3.0113        0.015           2.97         0.16 
        3.0113            0           2.97        0.145           2.97        0.103           2.97        0.057           2.97        0.015           2.97            0 
        2.9288         0.16         2.9288        0.145         2.9288        0.103         2.9288        0.057         2.9288        0.015         2.9288            0 
        2.8875         0.16         2.8875        0.145         2.8875        0.103         2.8875        0.057         2.8875        0.015         2.8875            0 
        2.8462         0.16         2.8462        0.145         2.8462        0.103         2.8462        0.057         2.8462        0.015         2.8462            0 
         2.805         0.16          2.805        0.145          2.805        0.103          2.805        0.057          2.805        0.015          2.805            0 
        2.7637         0.16         2.7637        0.145         2.7637        0.103         2.7637        0.057         2.7637        0.015         2.7637            0 
        2.7225         0.16         2.7225        0.145         2.7225        0.103         2.7225        0.057         2.7225        0.015         2.7225            0 
        2.6812         0.16         2.6812        0.145         2.6812        0.103         2.6812        0.057         2.6812        0.015         2.6812            0 
          2.64         0.16           2.64        0.145           2.64        0.103           2.64        0.057           2.64        0.015           2.64            0 
        2.5987         0.16         2.5987        0.145         2.5987        0.103         2.5987        0.057         2.5987        0.015         2.5987            0 
        2.5575         0.16         2.5575        0.145         2.5575        0.103         2.5575        0.057         2.5575        0.015         2.5575            0 
        2.5162         0.16         2.5162        0.145         2.5162        0.103         2.5162        0.057         2.5162        0.015         2.5163            0 
         2.475         0.16          2.475        0.145          2.475        0.103          2.475        0.057          2.475        0.015          2.475            0 
        2.4337         0.16         2.4337        0.145         2.4337        0.103         2.4337        0.057         2.4337        0.015         2.4337            0 
        2.3925         0.16         2.3925        0.145         2.3925        0.103         2.3925        0.057         2.3925        0.015         2.3925            0 
        2.3512         0.16         2.3512        0.145         2.3512        0.103         2.3512        0.057         2.3512        0.015         2.3512            0 
          2.31         0.16           2.31        0.145           2.31        0.103           2.31        0.057           2.31        0.015           2.31            0 
        2.2687         0.16         2.2687        0.145         2.2687        0.103         2.2687        0.057         2.2687        0.015         2.2687            0 
        2.2275         0.16         2.2275        0.145         2.2275        0.103         2.2275        0.057         2.2275        0.015         2.2275            0 
        2.1863         0.16         2.1863        0.145         2.1863        0.103         2.1863        0.057         2.1863        0.015         2.1862            0 
         2.145         0.16          2.145        0.145          2.145        0.103          2.145        0.057          2.145        0.015          2.145            0 
        2.1037         0.16         2.1037        0.145         2.1037        0.103         2.1037        0.057         2.1037        0.015         2.1038            0 
        2.0625         0.16         2.0625        0.145         2.0625        0.103         2.0625        0.057         2.0625        0.015         2.0625            0 
        2.0212         0.16         2.0212        0.145         2.0212        0.103         2.0212        0.057         2.0212        0.015         2.0213            0 
          1.98         0.16           1.98        0.145           1.98        0.103           1.98        0.057           1.98        0.015           1.98            0 
        1.9388         0.16         1.9388        0.145         1.9388        0.103         1.9388        0.057         1.9388        0.015         1.9388            0 
        1.8975         0.16         1.8975        0.145         1.8975        0.103         1.8975        0.057         1.8975        0.015         1.8975            0 
        1.8563         0.16         1.8563        0.145         1.8563        0.103         1.8563        0.057         1.8563        0.015         1.8563            0 
         1.815         0.16          1.815        0.145          1.815        0.103          1.815        0.057          1.815        0.015          1.815            0 
        1.7737         0.16         1.7737        0.145         1.7737        0.103         1.7737        0.057         1.7737        0.015         1.7738            0 
        1.7325         0.16         1.7325        0.145         1.7325        0.103         1.7325        0.057         1.7325        0.015         1.7325            0 
        1.6912         0.16         1.6912        0.145         1.6912        0.103         1.6912        0.057         1.6912        0.015         1.6912            0 
          1.65         0.16           1.65        0.145           1.65        0.103           1.65        0.057           1.65        0.015           1.65            0 
        1.6088         0.16         1.6088        0.145         1.6088        0.103         1.6088        0.057         1.6088        0.015         1.6088            0 
        1.5675         0.16         1.5675        0.145         1.5675        0.103         1.5675        0.057         1.5675        0.015         1.5675            0 
        1.5262         0.16         1.5262        0.145         1.5262        0.103         1.5262        0.057         1.5262        0.015         1.5263            0 
         1.485         0.16          1.485        0.145          1.485        0.103          1.485        0.057          1.485        0.015          1.485            0 
        1.4437         0.16         1.4437        0.145         1.4437        0.103         1.4437        0.057         1.4437        0.015         1.4438            0 
        1.4025         0.16         1.4025        0.145         1.4025        0.103         1.4025        0.057         1.4025        0.015         1.4025            0 
        1.3612         0.16         1.3612        0.145         1.3612        0.103         1.3612        0.057         1.3612        0.015         1.3613            0 
          1.32         0.16           1.32        0.145           1.32        0.103           1.32        0.057           1.32        0.015           1.32            0 
        1.2787         0.16         1.2787        0.145         1.2787        0.103         1.2787        0.057         1.2787        0.015         1.2788            0 
        1.2375         0.16         1.2375        0.145         1.2375        0.103         1.2375        0.057         1.2375        0.015         1.2375            0 
        1.1962         0.16         1.1962        0.145         1.1962        0.103         1.1962        0.057         1.1962        0.015         1.1963            0 
         1.155         0.16          1.155        0.145          1.155        0.103          1.155        0.057          1.155        0.015          1.155            0 
        1.1138         0.16         1.1138        0.145         1.1138        0.103         1.1138        0.057         1.1138        0.015         1.1138            0 
        1.0725         0.16         1.0725        0.145         1.0725        0.103         1.0725        0.057         1.0725        0.015         1.0725            0 
        1.0313         0.16         1.0313        0.145         1.0313        0.103         1.0313        0.057         1.0313        0.015         1.0313            0 
          0.99         0.16           0.99        0.145           0.99        0.103           0.99        0.057           0.99        0.015           0.99            0 
       0.94875         0.16        0.94875        0.145        0.94875        0.103        0.94875        0.057        0.94875        0.015        0.94875            0 
        0.9075         0.16         0.9075        0.145         0.9075        0.103         0.9075        0.057         0.9075        0.015         0.9075            0 
       0.86625         0.16        0.86625        0.145        0.86625        0.103        0.86625        0.057        0.86625        0.015        0.86625            0 
         0.825         0.16          0.825        0.145          0.825        0.103          0.825        0.057          0.825        0.015          0.825            0 
       0.78375         0.16        0.78375        0.145        0.78375        0.103        0.78375        0.057        0.78375        0.015        0.78375            0 
        0.7425         0.16         0.7425        0.145         0.7425        0.103         0.7425        0.057         0.7425        0.015         0.7425            0 
       0.70125         0.16        0.70125        0.145        0.70125        0.103        0.70125        0.057        0.70125        0.015        0.70125            0 
          0.66         0.16           0.66        0.145           0.66        0.103           0.66        0.057           0.66        0.015           0.66            0 
       0.61875         0.16        0.61875        0.145        0.61875        0.103        0.61875        0.057        0.61875        0.015        0.61875            0 
        0.5775         0.16         0.5775        0.145         0.5775        0.103         0.5775        0.057         0.5775        0.015         0.5775            0 
       0.53625         0.16        0.53625        0.145        0.53625        0.103        0.53625        0.057        0.53625        0.015        0.53625            0 
         0.495         0.16          0.495        0.145          0.495        0.103          0.495        0.057          0.495        0.015          0.495            0 
       0.45375         0.16        0.45375        0.145        0.45375        0.103        0.45375        0.057        0.45375        0.015        0.45375            0 
        0.4125         0.16         0.4125        0.145         0.4125        0.103         0.4125        0.057         0.4125        0.015         0.4125            0 
       0.37125         0.16        0.37125        0.145        0.37125        0.103        0.37125        0.057        0.37125        0.015        0.37125            0 
          0.33         0.16           0.33        0.145           0.33        0.103           0.33        0.057           0.33        0.015           0.33            0 
       0.28875         0.16        0.28875        0.145        0.28875        0.103        0.28875        0.057        0.28875        0.015        0.28875            0 
        0.2475         0.16         0.2475        0.145         0.2475        0.103         0.2475        0.057         0.2475        0.015         0.2475            0 
       0.20625         0.16        0.20625        0.145        0.20625        0.103        0.20625        0.057        0.20625        0.015        0.20625            0 
         0.165         0.16          0.165        0.145          0.165        0.103          0.165        0.057          0.165        0.015          0.165            0 
       0.12375         0.16        0.12375        0.145        0.12375        0.103        0.12375        0.057        0.12375        0.015        0.12375            0 
        0.0825         0.16         0.0825        0.145         0.0825        0.103         0.0825        0.057         0.0825        0.015         0.0825            0 
       0.04125         0.16        0.04125        0.145        0.04125        0.103        0.04125        0.057        0.04125        0.015        0.04125            0 
             0         0.16              0        0.128              0        0.096              0        0.064              0        0.032              0            0 
ELEM
 2 0
400 2
1 5 9 13 17 21 25 29 33 37 41 45 49 53 57 61 65 69 73 77 81 85 89 93 97 
101 105 109 113 117 121 125 129 133 137 141 145 149 153 157 161 165 169 173 177 181 185 189 193 
197 201 205 209 213 217 221 225 229 233 237 241 245 249 253 257 261 265 269 273 277 281 285 289 
293 297 301 305 309 313 317 321 325 329 333 337 341 345 349 353 357 361 365 369 373 377 381 385 
389 393 397 401 405 409 413 417 421 425 429 433 437 441 445 449 453 457 461 465 469 473 477 481 
485 489 493 497 501 505 509 513 517 521 525 529 533 537 541 545 549 553 557 561 565 569 573 577 
581 585 589 593 597 601 605 609 613 617 621 625 629 633 637 641 645 649 653 657 661 665 669 673 
677 681 685 689 693 697 701 705 709 713 717 721 725 729 733 737 741 745 749 753 757 761 765 769 
773 777 781 785 789 793 797 801 805 809 813 817 821 825 829 833 837 841 845 849 853 857 861 865 
869 873 877 881 885 889 893 897 901 905 909 913 917 921 925 929 933 937 941 945 949 953 957 961 
965 969 973 977 981 985 989 993 997 1001 1005 1009 1013 1017 1021 1025 1029 1033 1037 1041 1045 1049 1053 1057 
1061 1065 1069 1073 1077 1081 1085 1089 1093 1097 1101 1105 1109 1113 1117 1121 1125 1129 1133 1137 1141 1145 1149 1153 
1157 1161 1165 1169 1173 1177 1181 1185 1189 1193 1197 1201 1205 1209 1213 1217 1221 1225 1229 1233 1237 1241 1245 1249 
1253 1257 1261 1265 1269 1273 1277 1281 1285 1289 1293 1297 1301 1305 1309 1313 1317 1321 1325 1329 1333 1337 1341 1345 
1349 1353 1357 1361 1365 1369 1373 1377 1381 1385 1389 1393 1397 1401 1405 1409 1413 1417 1421 1425 1429 1433 1437 1441 
1445 1449 1453 1457 1461 1465 1469 1473 1477 1481 1485 1489 1493 1497 1501 1505 1509 1513 1517 1521 1525 1529 1533 1537 
1541 1545 1549 1553 1557 1561 1565 1569 1573 1577 1581 1585 1589 1593 1597 1601 
 14 17 21 18  9 11 17 14  5 6 11 9  2 4 6 5  1 3 4 2  474 473 479 480 
 468 467 473 474  462 461 467 468  456 455 461 462  450 449 455 456  444 443 449 450  438 437 443 444 
 432 431 437 438  426 425 431 432  420 419 425 426  414 413 419 420  408 407 413 414  402 401 407 408 
 396 395 401 402  390 389 395 396  384 383 389 390  378 377 383 384  372 371 377 378  366 365 371 372 
 360 359 365 366  354 353 359 360  348 347 353 354  342 341 347 348  336 335 341 342  330 329 335 336 
 324 323 329 330  318 317 323 324  312 311 317 318  306 305 311 312  300 299 305 306  294 293 299 300 
 288 287 293 294  282 281 287 288  276 275 281 282  270 269 275 276  264 263 269 270  258 257 263 264 
 252 251 257 258  246 245 251 252  240 239 245 246  234 233 239 240  228 227 233 234  222 221 227 228 
 216 215 221 222  210 209 215 216  204 203 209 210  198 197 203 204  192 191 197 198  186 185 191 192 
 180 179 185 186  174 173 179 180  168 167 173 174  162 161 167 168  156 155 161 162  150 149 155 156 
 144 143 149 150  138 137 143 144  132 131 137 138  126 125 131 132  120 119 125 126  114 113 119 120 
 108 107 113 114  102 101 107 108  96 95 101 102  90 89 95 96  84 83 89 90  78 77 83 84 
 72 71 77 78  66 65 71 72  60 59 65 66  54 53 59 60  49 47 53 54  45 41 47 49 
 39 37 41 45  33 32 37 39  28 26 32 33  25 23 26 28  21 17 23 25  482 476 475 481 
 483 477 476 482  484 478 477 483  485 479 478 484  486 480 479 485  473 472 478 479  467 466 472 473 
 461 460 466 467  455 454 460 461  449 448 454 455  443 442 448 449  437 436 442 443  431 430 436 437 
 425 424 430 431  419 418 424 425  413 412 418 419  407 406 412 413  401 400 406 407  395 394 400 401 
 389 388 394 395  383 382 388 389  377 376 382 383  371 370 376 377  365 364 370 371  359 358 364 365 
 353 352 358 359  347 346 352 353  341 340 346 347  335 334 340 341  329 328 334 335  323 322 328 329 
 317 316 322 323  311 310 316 317  305 304 310 311  299 298 304 305  293 292 298 299  287 286 292 293 
 281 280 286 287  275 274 280 281  269 268 274 275  263 262 268 269  257 256 262 263  251 250 256 257 
 245 244 250 251  239 238 244 245  233 232 238 239  227 226 232 233  221 220 226 227  215 214 220 221 
 209 208 214 215  203 202 208 209  197 196 202 203  191 190 196 197  185 184 190 191  179 178 184 185 
 173 172 178 179  167 166 172 173  161 160 166 167  155 154 160 161  149 148 154 155  143 142 148 149 
 137 136 142 143  131 130 136 137  125 124 130 131  119 118 124 125  113 112 118 119  107 106 112 113 
 101 100 106 107  95 94 100 101  89 88 94 95  83 82 88 89  77 76 82 83  71 70 76 77 
 65 64 70 71  59 58 64 65  53 52 58 59  47 46 52 53  41 40 46 47  37 34 40 41 
 32 27 34 37  26 19 27 32  23 15 19 26  17 11 15 23  472 471 477 478  466 465 471 472 
 460 459 465 466  454 453 459 460  448 447 453 454  442 441 447 448  436 435 441 442  430 429 435 436 
 424 423 429 430  418 417 423 424  412 411 417 418  406 405 411 412  400 399 405 406  394 393 399 400 
 388 387 393 394  382 381 387 388  376 375 381 382  370 369 375 376  364 363 369 370  358 357 363 364 
 352 351 357 358  346 345 351 352  340 339 345 346  334 333 339 340  328 327 333 334  322 321 327 328 
 316 315 321 322  310 309 315 316  304 303 309 310  298 297 303 304  292 291 297 298  286 285 291 292 
 280 279 285 286  274 273 279 280  268 267 273 274  262 261 267 268  256 255 261 262  250 249 255 256 
 244 243 249 250  238 237 243 244  232 231 237 238  226 225 231 232  220 219 225 226  214 213 219 220 
 208 207 213 214  202 201 207 208  196 195 201 202  190 189 195 196  184 183 189 190  178 177 183 184 
 172 171 177 178  166 165 171 172  160 159 165 166  154 153 159 160  148 147 153 154  142 141 147 148 
 136 135 141 142  130 129 135 136  124 123 129 130  118 117 123 124  112 111 117 118  106 105 111 112 
 100 99 105 106  94 93 99 100  88 87 93 94  82 81 87 88  76 75 81 82  70 69 75 76 
 64 63 69 70  58 57 63 64  52 51 57 58  46 44 51 52  40 38 44 46  34 31 38 40 
 27 24 31 34  19 16 24 27  15 10 16 19  11 6 10 15  471 470 476 477  465 464 470 471 
 459 458 464 465  453 452 458 459  447 446 452 453  441 440 446 447  435 434 440 441  429 428 434 435 
 423 422 428 429  417 416 422 423  411 410 416 417  405 404 410 411  399 398 404 405  393 392 398 399 
 387 386 392 393  381 380 386 387  375 374 380 381  369 368 374 375  363 362 368 369  357 356 362 363 
 351 350 356 357  345 344 350 351  339 338 344 345  333 332 338 339  327 326 332 333  321 320 326 327 
 315 314 320 321  309 308 314 315  303 302 308 309  297 296 302 303  291 290 296 297  285 284 290 291 
 279 278 284 285  273 272 278 279  267 266 272 273  261 260 266 267  255 254 260 261  249 248 254 255 
 243 242 248 249  237 236 242 243  231 230 236 237  225 224 230 231  219 218 224 225  213 212 218 219 
 207 206 212 213  201 200 206 207  195 194 200 201  189 188 194 195  183 182 188 189  177 176 182 183 
 171 170 176 177  165 164 170 171  159 158 164 165  153 152 158 159  147 146 152 153  141 140 146 147 
 135 134 140 141  129 128 134 135  123 122 128 129  117 116 122 123  111 110 116 117  105 104 110 111 
 99 98 104 105  93 92 98 99  87 86 92 93  81 80 86 87  75 74 80 81  69 68 74 75 
 63 62 68 69  57 56 62 63  51 50 56 57  44 43 50 51  38 36 43 44  31 30 36 38 
 24 22 30 31  16 13 22 24  10 8 13 16  6 4 8 10  470 469 475 476  464 463 469 470 
 458 457 463 464  452 451 457 458  446 445 451 452  440 439 445 446  434 433 439 440  428 427 433 434 
 422 421 427 428  416 415 421 422  410 409 415 416  404 403 409 410  398 397 403 404  392 391 397 398 
 386 385 391 392  380 379 385 386  374 373 379 380  368 367 373 374  362 361 367 368  356 355 361 362 
 350 349 355 356  344 343 349 350  338 337 343 344  332 331 337 338  326 325 331 332  320 319 325 326 
 314 313 319 320  308 307 313 314  302 301 307 308  296 295 301 302  290 289 295 296  284 283 289 290 
 278 277 283 284  272 271 277 278  266 265 271 272  260 259 265 266  254 253 259 260  248 247 253 254 
 242 241 247 248  236 235 241 242  230 229 235 236  224 223 229 230  218 217 223 224  212 211 217 218 
 206 205 211 212  200 199 205 206  194 193 199 200  188 187 193 194  182 181 187 188  176 175 181 182 
 170 169 175 176  164 163 169 170  158 157 163 164  152 151 157 158  146 145 151 152  140 139 145 146 
 134 133 139 140  128 127 133 134  122 121 127 128  116 115 121 122  110 109 115 116  104 103 109 110 
 98 97 103 104  92 91 97 98  86 85 91 92  80 79 85 86  74 73 79 80  68 67 73 74 
 62 61 67 68  56 55 61 62  50 48 55 56  43 42 48 50  36 35 42 43  30 29 35 36 
 22 20 29 30  13 12 20 22  8 7 12 13  4 3 7 8 
  MBQ4   MBQ4   MBQ4   MBQ4   MBQ4   MBQ4   MBQ4   MBQ4   MBQ4   MBQ4   MBQ4   MBQ4   MBQ4   MBQ4   MBQ4   MBQ4   MBQ4   MBQ4   MBQ4   MBQ4   MBQ4   MBQ4   MBQ4   MBQ4 
  MBQ4   MBQ4   MBQ4   MBQ4   MBQ4   MBQ4   MBQ4   MBQ4   MBQ4   MBQ4   MBQ4   MBQ4   MBQ4   MBQ4   MBQ4   MBQ4   MBQ4   MBQ4   MBQ4   MBQ4   MBQ4   MBQ4   MBQ4   MBQ4 
  MBQ4   MBQ4   MBQ4   MBQ4   MBQ4   MBQ4   MBQ4   MBQ4   MBQ4   MBQ4   MBQ4   MBQ4   MBQ4   MBQ4   MBQ4   MBQ4   MBQ4   MBQ4   MBQ4   MBQ4   MBQ4   MBQ4   MBQ4   MBQ4 
  MBQ4   MBQ4   MBQ4   MBQ4   MBQ4   MBQ4   MBQ4   MBQ4   MBQ4   MBQ4   MBQ4   MBQ4   MBQ4   MBQ4   MBQ4   MBQ4   MBQ4   MBQ4   MBQ4   MBQ4   MBQ4   MBQ4   MBQ4   MBQ4 
  MBQ4   MBQ4   MBQ4   MBQ4   MBQ4   MBQ4   MBQ4   MBQ4   MBQ4   MBQ4   MBQ4   MBQ4   MBQ4   MBQ4   MBQ4   MBQ4   MBQ4   MBQ4   MBQ4   MBQ4   MBQ4   MBQ4   MBQ4   MBQ4 
  MBQ4   MBQ4   MBQ4   MBQ4   MBQ4   MBQ4   MBQ4   MBQ4   MBQ4   MBQ4   MBQ4   MBQ4   MBQ4   MBQ4   MBQ4   MBQ4   MBQ4   MBQ4   MBQ4   MBQ4   MBQ4   MBQ4   MBQ4   MBQ4 
  MBQ4   MBQ4   MBQ4   MBQ4   MBQ4   MBQ4   MBQ4   MBQ4   MBQ4   MBQ4   MBQ4   MBQ4   MBQ4   MBQ4   MBQ4   MBQ4   MBQ4   MBQ4   MBQ4   MBQ4   MBQ4   MBQ4   MBQ4   MBQ4 
  MBQ4   MBQ4   MBQ4   MBQ4   MBQ4   MBQ4   MBQ4   MBQ4   MBQ4   MBQ4   MBQ4   MBQ4   MBQ4   MBQ4   MBQ4   MBQ4   MBQ4   MBQ4   MBQ4   MBQ4   MBQ4   MBQ4   MBQ4   MBQ4 
  MBQ4   MBQ4   MBQ4   MBQ4   MBQ4   MBQ4   MBQ4   MBQ4   MBQ4   MBQ4   MBQ4   MBQ4   MBQ4   MBQ4   MBQ4   MBQ4   MBQ4   MBQ4   MBQ4   MBQ4   MBQ4   MBQ4   MBQ4   MBQ4 
  MBQ4   MBQ4   MBQ4   MBQ4   MBQ4   MBQ4   MBQ4   MBQ4   MBQ4   MBQ4   MBQ4   MBQ4   MBQ4   MBQ4   MBQ4   MBQ4   MBQ4   MBQ4   MBQ4   MBQ4   MBQ4   MBQ4   MBQ4   MBQ4 
  MBQ4   MBQ4   MBQ4   MBQ4   MBQ4   MBQ4   MBQ4   MBQ4   MBQ4   MBQ4   MBQ4   MBQ4   MBQ4   MBQ4   MBQ4   MBQ4   MBQ4   MBQ4   MBQ4   MBQ4   MBQ4   MBQ4   MBQ4   MBQ4 
  MBQ4   MBQ4   MBQ4   MBQ4   MBQ4   MBQ4   MBQ4   MBQ4   MBQ4   MBQ4   MBQ4   MBQ4   MBQ4   MBQ4   MBQ4   MBQ4   MBQ4   MBQ4   MBQ4   MBQ4   MBQ4   MBQ4   MBQ4   MBQ4 
  MBQ4   MBQ4   MBQ4   MBQ4   MBQ4   MBQ4   MBQ4   MBQ4   MBQ4   MBQ4   MBQ4   MBQ4   MBQ4   MBQ4   MBQ4   MBQ4   MBQ4   MBQ4   MBQ4   MBQ4   MBQ4   MBQ4   MBQ4   MBQ4 
  MBQ4   MBQ4   MBQ4   MBQ4   MBQ4   MBQ4   MBQ4   MBQ4   MBQ4   MBQ4   MBQ4   MBQ4   MBQ4   MBQ4   MBQ4   MBQ4   MBQ4   MBQ4   MBQ4   MBQ4   MBQ4   MBQ4   MBQ4   MBQ4 
  MBQ4   MBQ4   MBQ4   MBQ4   MBQ4   MBQ4   MBQ4   MBQ4   MBQ4   MBQ4   MBQ4   MBQ4   MBQ4   MBQ4   MBQ4   MBQ4   MBQ4   MBQ4   MBQ4   MBQ4   MBQ4   MBQ4   MBQ4   MBQ4 
  MBQ4   MBQ4   MBQ4   MBQ4   MBQ4   MBQ4   MBQ4   MBQ4   MBQ4   MBQ4   MBQ4   MBQ4   MBQ4   MBQ4   MBQ4   MBQ4   MBQ4   MBQ4   MBQ4   MBQ4   MBQ4   MBQ4   MBQ4   MBQ4 
  MBQ4   MBQ4   MBQ4   MBQ4   MBQ4   MBQ4   MBQ4   MBQ4   MBQ4   MBQ4   MBQ4   MBQ4   MBQ4   MBQ4   MBQ4   MBQ4 
 1  1  1  1  1  1  1  1  1  1  1  1  1  1  1  1  1  1  1  1  1  1  1  1  1  1  1  1  1  1  1  1  1  1  1  1  1  1  1  1  1  1  1  1  1  1  1  1  1  1  1  1  1  1 
 1  1  1  1  1  1  1  1  1  1  1  1  1  1  1  1  1  1  1  1  1  1  1  1  1  1  1  1  1  1  1  1  1  1  2  2  2  2  2  2  2  2  2  2  2  2  2  2  2  2  2  2  2  2 
 2  2  2  2  2  2  2  2  2  2  2  2  2  2  2  2  2  2  2  2  2  2  2  2  2  2  2  2  2  2  2  2  2  2  2  2  2  2  2  2  2  2  2  2  2  2  2  2  2  2  2  2  2  2 
 2  2  2  2  1  1  1  1  1  1  1  1  1  1  1  1  1  1  1  1  1  1  1  1  1  1  1  1  1  1  1  1  1  1  1  1  1  1  1  1  1  1  1  1  1  1  1  1  1  1  1  1  1  1 
 1  1  1  1  1  1  1  1  1  1  1  1  1  1  1  1  1  1  1  1  1  1  1  1  1  1  1  1  2  2  2  2  2  2  2  2  2  2  2  2  2  2  2  2  2  2  2  2  2  2  2  2  2  2 
 2  2  2  2  2  2  2  2  2  2  2  2  2  2  2  2  2  2  2  2  2  2  2  2  2  2  2  2  2  2  2  2  2  2  2  2  2  2  2  2  2  2  2  2  2  2  2  2  2  2  2  2  1  1 
 1  1  1  1  1  1  1  1  1  1  1  1  1  1  1  1  1  1  1  1  1  1  1  1  1  1  1  1  1  1  1  1  1  1  1  1  1  1  1  1  1  1  1  1  1  1  1  1  1  1  1  1  1  1 
 1  1  1  1  1  1  1  1  1  1  1  1  1  1  1  1  1  1  1  1  1  1 
Beton El
1 3 .23 35000. 0.2 
0.8
Beton ortho
2 3 .23 35000. 35000. 14600. 0.2  
0.8
COND
2
NUL
2
2
474 480 
1
2
4
21 25 474 480 
2
0
IMP
2 
1
241 
2
     -0.0004 
0
MCNL
2
20 500 0.0001
  1
  0 1 2 3 4 5 6 7 8 9 10 20 30 40 50 60 70 80 90 100
