0.00000000000000000E+00  0.00000000000000000E+00
1.79773307392070932E-06  4.48583829087530611E-02
2.69436990146370561E-06  6.72356377049412174E-02
2.91543995868385922E-06  7.27321253843911109E-02
3.25698151194283138E-06  8.10378444181807378E-02
3.39093871828954896E-06  8.43471697610338744E-02
3.57648155488595430E-06  8.91255249960701407E-02
3.56169673625139106E-06  8.87026316182798064E-02
3.70317854214176605E-06  9.23727096863799502E-02
3.80539125071342223E-06  9.49140249981191286E-02
3.75326806546089076E-06  9.36459302037756514E-02
3.67931629608256316E-06  9.18321342899728749E-02
3.86532147978021958E-06  9.65210121048249714E-02
3.95151178039993608E-06  9.87501776341335319E-02
4.57499124846549865E-06  9.62583264090650925E-02
4.80285469061313662E-06  1.00343054190023900E-01
5.35408923422683609E-06  1.01618189085788665E-01
5.44561276550508452E-06  1.02866765978133101E-01
5.51784305534853536E-06  1.03838499556427835E-01
5.68265906214602146E-06  1.06741323750221731E-01
5.78257103037431875E-06  1.07703897173520607E-01
1.60131266828795159E-05  1.10096303116417216E-01
1.60763227339937856E-05  1.12325703752075651E-01
1.67536223837054391E-05  1.16110490164195931E-01
1.75365764422789634E-05  1.18557585623807304E-01
1.81793771307388590E-05  1.22147441561103937E-01
1.90043874131299879E-05  1.25203512009199880E-01
1.90965508574908287E-05  1.27647757145923163E-01
1.96651826859621515E-05  1.30411824351330391E-01
2.15382852453902245E-05  1.33468964363924442E-01
2.20854488752870136E-05  1.36773586954142740E-01
2.25991126272654698E-05  1.39965944938169717E-01
2.34286815270646348E-05  1.42055653987482433E-01
2.41065662718400499E-05  1.45492828218914655E-01
2.48691654915729823E-05  1.47721993774717786E-01
2.55729700274461361E-05  1.51490953563871350E-01
2.63049290125743317E-05  1.55168919794697574E-01
3.82997244860894953E-05  1.57779913338885303E-01
3.92517675424064981E-05  1.61431984443863807E-01
4.02462770287884391E-05  1.65124552362282795E-01
4.14058360833559781E-05  1.68766680121342522E-01
4.23341779776540902E-05  1.71328997782647513E-01
4.33600022432430177E-05  1.74925133848308767E-01
4.45037515013960421E-05  1.77379501014984287E-01
4.52964558287564760E-05  1.80664122024309176E-01
4.63043844666948586E-05  1.84401853142702465E-01
4.72867092064783827E-05  1.88090849022602119E-01
4.82457658792332256E-05  1.91170370815927554E-01
4.89829436377175933E-05  1.92807234971091673E-01
4.99459465466841560E-05  1.96229226656368577E-01
5.09454694381434627E-05  2.00003140169753735E-01
5.19481774364574656E-05  2.03745876215215505E-01
5.28767481164159163E-05  2.07271089317105139E-01
5.24927713846340231E-05  2.09630181235459762E-01
5.34249398591864037E-05  2.12864408641656067E-01
5.43340050787460838E-05  2.16281344705090417E-01
5.53079395974745772E-05  2.20032987318164536E-01
5.62476234416296392E-05  2.23442346876682435E-01
5.72257652288270767E-05  2.27205478047576986E-01
5.80130934668817919E-05  2.30441633831778514E-01
5.86917001320686783E-05  2.33223730389304884E-01
5.95945600102513323E-05  2.36641262775003081E-01
6.05370543900352748E-05  2.40264083378007726E-01
6.11520952824187551E-05  2.43114242214106296E-01
6.20658499589188221E-05  2.46637059701448974E-01
6.24608464746675626E-05  2.48380461384378137E-01
6.29266199106653761E-05  2.50519242082161642E-01
6.36455584902208445E-05  2.53574570273254973E-01
6.44158094930454700E-05  2.56366186249893824E-01
6.52627574559369074E-05  2.59677748438280842E-01
6.62006053746828742E-05  2.63346904430260320E-01
6.70974524262239920E-05  2.66841748549903168E-01
6.80101348171768122E-05  2.70407321479583684E-01
6.89099826585728124E-05  2.73910283814549016E-01
6.97244733246287982E-05  2.76965259527413132E-01
7.06516915348009110E-05  2.80593805723216017E-01
7.14006458354772208E-05  2.83556309161715536E-01
7.21314411274340782E-05  2.86573607534693575E-01
7.26132555864240047E-05  2.88498967102159831E-01
7.35149870360143377E-05  2.92047876123034122E-01
7.41893050710457948E-05  2.94848586591735906E-01
7.53983609587177347E-05  2.98350650236812009E-01
7.68618976701462321E-05  3.01554683574231042E-01
7.77100069263418104E-05  3.04924873898136883E-01
7.86406737186755127E-05  3.08474597248823146E-01
7.88318983996837662E-05  3.09597038413330361E-01
7.97466497895788114E-05  3.13137357311019715E-01
8.06663954061813925E-05  3.16703949639668247E-01
8.11482099614844674E-05  3.19075671020208507E-01
8.19389804250672364E-05  3.22244253464649189E-01
8.28168456758022684E-05  3.25683155220261866E-01
8.36660845782346424E-05  3.28907258896345922E-01
8.44601291577267918E-05  3.32214983780164008E-01
8.53025519900810214E-05  3.35499004228508757E-01
8.60128683514271158E-05  3.38659003490475230E-01
8.67649056021002792E-05  3.41466661785489012E-01
8.73879699844282501E-05  3.44139945957565696E-01
7.99210022331140260E-05  3.47103773395241400E-01
8.06782268193890519E-05  3.50313993420537151E-01
8.18458534555858118E-05  3.52878399275082855E-01
8.23854372362193763E-05  3.55578639768902749E-01
8.30479147602117447E-05  3.58530603157172889E-01
8.41665975092617882E-05  3.61290588779490662E-01
8.48722537037617172E-05  3.64072911391460197E-01
8.55412952286858583E-05  3.67055631945097716E-01
8.61547666585775127E-05  3.69811949140584018E-01
8.68030185113052161E-05  3.72612883642126247E-01
8.73691634084980059E-05  3.74978145838951338E-01
8.79493541478433560E-05  3.77450619012176136E-01
8.74544302255910941E-05  3.79723343936028190E-01
9.25384603413957271E-05  3.81491395608508921E-01
9.32537895524405275E-05  3.84693534584993058E-01
9.40044024435792921E-05  3.87774660602867194E-01
9.45554877814867162E-05  3.90276506108955645E-01
9.50583210588690219E-05  3.92271508110968503E-01
9.56543043182361136E-05  3.94290773358354940E-01
9.63974904280772912E-05  3.97348703641804912E-01
9.68199714002290768E-05  3.99478291885836778E-01
9.74374008047198398E-05  4.02253389961988672E-01
9.79147435287118506E-05  4.04546481149708370E-01
9.86938904485659685E-05  4.07722868827044116E-01
9.94122748182281815E-05  4.10711121587169048E-01
9.98774614985884282E-05  4.12926036762618243E-01
1.00563022143307715E-04  4.15771922888474033E-01
1.01282908894422680E-04  4.18469228367590929E-01
1.02012769872179311E-04  4.21263339266280401E-01
1.02839650603220138E-04  4.24349495341807603E-01
1.15288118856171282E-04  4.26835851335447714E-01
1.16242030009109688E-04  4.29423592782287755E-01
1.17156577208390664E-04  4.32689871335025178E-01
1.19610607884238634E-04  4.35955834017070387E-01
1.20535284155700445E-04  4.39046729177503647E-01
1.21210547353317252E-04  4.42117297273847021E-01
1.22121266734437697E-04  4.45411233098801762E-01
1.23484209747558825E-04  4.48126587311182378E-01
1.24396972263620884E-04  4.51437948454079863E-01
1.25428476475312675E-04  4.53785134856204031E-01
1.26342032495955353E-04  4.57089733504486284E-01
1.27429120783932419E-04  4.59981007229924022E-01
1.28157780933725943E-04  4.63121718592906240E-01
1.28950163427180714E-04  4.66150891838857051E-01
1.30059682393514169E-04  4.69120027734989287E-01
1.30977425279481773E-04  4.72121949104808092E-01
1.31913733543151564E-04  4.75278643121867184E-01
1.31803298323004969E-04  4.78313661065922047E-01
1.32424916979760263E-04  4.79606949686658957E-01
1.33769033251422177E-04  4.82558071264460542E-01
1.34252890434169610E-04  4.85526276194197970E-01
1.35158955795990771E-04  4.88801680100040992E-01
1.36064446147683878E-04  4.92076714845710028E-01
1.36937787300355288E-04  4.95231197063659978E-01
1.37838462549888519E-04  4.98505107135524428E-01
1.38694457272456849E-04  5.01585073028474882E-01
1.39595650711518693E-04  5.04858285542281737E-01
1.40490970841496664E-04  5.08095291803543958E-01
1.41393075566548752E-04  5.11365796411797802E-01
1.42285981322060745E-04  5.14602785379933980E-01
1.43184851714512479E-04  5.17867812676381822E-01
1.43562548301771030E-04  5.21024437246651817E-01
1.44327133505112865E-04  5.23596896476584250E-01
1.45044188143498599E-04  5.26177658481105204E-01
1.45945333259327008E-04  5.29441101982912610E-01
1.46846563456056074E-04  5.32704553530735536E-01
1.47740007348952547E-04  5.35952750929037935E-01
1.48496905548718174E-04  5.38201283926213581E-01
1.49638552869132968E-04  5.41208919340261163E-01
1.50409427364181156E-04  5.44227857112380642E-01
1.52184030860703402E-04  5.47259351931596472E-01
1.53137039683013190E-04  5.50189478376577390E-01
1.54004136808026833E-04  5.53357090901365978E-01
1.54863741016023591E-04  5.56561908379169856E-01
1.55634703459740092E-04  5.59565084285928327E-01
1.56539883781315302E-04  5.62815117654434482E-01
1.57444489370408419E-04  5.66061913546666240E-01
1.58348008923741949E-04  5.69305181219736944E-01
1.59293305626285152E-04  5.72269741467939852E-01
1.60180778219408404E-04  5.75334423089309821E-01
1.61093450655750738E-04  5.78559328110509363E-01
1.61998216431099608E-04  5.81806361768442248E-01
1.62806871805912766E-04  5.84848197636537726E-01
1.63655062386244138E-04  5.87865594363209731E-01
1.64565229644237851E-04  5.91101281960464742E-01
1.65468834214652430E-04  5.94331412029372674E-01
1.66515355112354345E-04  5.97225372056441106E-01
1.67419634260573998E-04  6.00469028963052764E-01
1.68075395378712578E-04  6.03421579976264111E-01
1.68981321710412122E-04  6.06657410743506653E-01
1.69700519439347497E-04  6.09204612576095150E-01
1.70311059752039501E-04  6.12097640214646299E-01
1.71212218013734249E-04  6.15334003004702423E-01
1.72145115980441681E-04  6.18240810893566417E-01
1.73045481628136821E-04  6.21472902163171081E-01
1.73953144653141156E-04  6.24608435786027538E-01
1.74852375512311864E-04  6.27837995670288862E-01
1.75836570712040521E-04  6.30904663193766146E-01
1.76738604106990195E-04  6.34138246808657602E-01
1.76644699405577831E-04  6.31480394500344877E-01
1.77450061994236137E-04  6.34069300484419451E-01
1.78346151184797554E-04  6.37271426808152630E-01
1.79242170694036626E-04  6.40473242197447057E-01
1.79242068447335937E-04  6.40473536426670154E-01
1.79159876422521278E-04  6.42424027154624322E-01
1.80049247463233766E-04  6.45608702239225618E-01
1.80903180192820354E-04  6.48689275436104551E-01
1.81794017935434267E-04  6.51883583653913079E-01
1.82684805894475083E-04  6.55077778974944680E-01
1.83528222343719467E-04  6.58121169436258202E-01
1.84426257835611923E-04  6.61296340792430604E-01
1.85315521360458410E-04  6.64456171321079370E-01
1.86207206920500565E-04  6.67649398256316196E-01
1.87070625443883434E-04  6.70764210484937062E-01
1.87986321285171440E-04  6.73952525760503018E-01
1.88878696081149280E-04  6.77145270984138792E-01
1.89770257073505408E-04  6.80334999185852718E-01
1.90661203690682332E-04  6.83527963993594945E-01
1.91542041405347307E-04  6.86689943231652000E-01
1.92433654105709367E-04  6.89882617046625346E-01
1.93411598294866011E-04  6.92697257677192146E-01
1.94314953353912426E-04  6.95730761782157536E-01
1.94058378645027216E-04  6.96440990911352142E-01
1.94943705655325344E-04  6.99618541602593291E-01
1.95830524067078932E-04  7.02797645528656756E-01
1.96650128380777833E-04  7.05755233062027032E-01
1.97536683486225842E-04  7.08933364424731205E-01
1.98311736620106552E-04  7.12082969073385863E-01
1.99133617878384517E-04  7.15224516825816115E-01
2.00018998890525573E-04  7.18402073265473007E-01
1.96886525210701602E-04  7.13902716057359221E-01
1.98036459861605785E-04  7.16377133137290678E-01
1.98905002067796544E-04  7.19518963805225065E-01
1.99774196179367675E-04  7.22660453226284805E-01
2.00642892296527472E-04  7.25801916576556239E-01
2.01511411963391923E-04  7.28943371932198936E-01
2.02382162602415122E-04  7.32053615044268913E-01
2.03267472445416153E-04  7.35097366723760803E-01
2.04142359759055050E-04  7.38200895876377827E-01
2.05010883919979139E-04  7.41341796692934984E-01
2.05875210090819202E-04  7.44470066718152079E-01
2.06751192832197936E-04  7.47583338097292271E-01
2.07708932074628441E-04  7.50514062741501564E-01
2.08577943056125967E-04  7.53654032458953682E-01
2.08936551604666301E-04  7.54393846868970486E-01
2.09737855955344568E-04  7.53642246697904028E-01
2.10596321384176610E-04  7.56738232852646298E-01
2.11463021351734892E-04  7.59852383685471477E-01
2.12142017845305328E-04  7.62689117130028960E-01
2.18740863889028275E-04  7.65356961722527762E-01
2.19627417168681560E-04  7.68464957649431901E-01
2.20516587953568238E-04  7.71576033371964787E-01
2.21406240579091751E-04  7.74687097854671158E-01
