0.00000000000000000E+00  0.00000000000000000E+00
1.79771916225419587E-06  4.48583829087530611E-02
2.69447005914173499E-06  6.72356377049412174E-02
2.95504417263118462E-06  7.27321253843911109E-02
3.39388393104655554E-06  8.10378444181807378E-02
3.50777386019763496E-06  8.43471697610338744E-02
3.71529284282286784E-06  8.91255249960701407E-02
3.69853889180918495E-06  8.87026316182798064E-02
3.86030820637490486E-06  9.23727096863799502E-02
3.96152064619669951E-06  9.49140249981191286E-02
3.90590104073774676E-06  9.36459302037756514E-02
1.59278849070343523E-05  9.18321342899728749E-02
1.67096786502683931E-05  9.65210121048249714E-02
1.77579408807398417E-05  9.87501776341335319E-02
1.71297444354438360E-05  9.62583264090650925E-02
2.70811011409004851E-05  1.00343054190023900E-01
2.77703754706088416E-05  1.01618189085788665E-01
2.81814233449084522E-05  1.02866765978133101E-01
2.85104723622549115E-05  1.03838499556427835E-01
2.95028927307874227E-05  1.06741323750221731E-01
2.98380329196995536E-05  1.07703897173520607E-01
3.06618759754383684E-05  1.10096303116417216E-01
3.14573995218496655E-05  1.12325703752075651E-01
3.27202721524764430E-05  1.16110490164195931E-01
3.36387961049493570E-05  1.18557585623807304E-01
3.48427045303328258E-05  1.22147441561103937E-01
3.70456681977307436E-05  1.25203512009199880E-01
3.79198089288469492E-05  1.27647757145923163E-01
3.67858940415914453E-05  1.30411824351330391E-01
3.78014988261489112E-05  1.33468964363924442E-01
3.89377116656550463E-05  1.36773586954142740E-01
3.99884131979372887E-05  1.39965944938169717E-01
4.06998203137550721E-05  1.42055653987482433E-01
4.18381962947399449E-05  1.45492828218914655E-01
4.15994469114002677E-05  1.47721993774717786E-01
4.27118245219157140E-05  1.51490953563871350E-01
4.38402406082304022E-05  1.55168919794697574E-01
4.42279367432226041E-05  1.57779913338885303E-01
4.52808945302783823E-05  1.61431984443863807E-01
4.64385369093590320E-05  1.65124552362282795E-01
4.74836320053766007E-05  1.68766680121342522E-01
4.81925343494248580E-05  1.71328997782647513E-01
4.92489787517451242E-05  1.74925133848308767E-01
4.99718977067156039E-05  1.77379501014984287E-01
4.91455777107161298E-05  1.80664122024309176E-01
5.02034322340213276E-05  1.84401853142702465E-01
5.12394175781795695E-05  1.88090849022602119E-01
5.21543921735923770E-05  1.91170370815927554E-01
5.23390269949631647E-05  1.92807234971091673E-01
5.33854435674802497E-05  1.96229226656368577E-01
5.44207790636317594E-05  2.00003140169753735E-01
5.54216349820760854E-05  2.03745876215215505E-01
5.63831199412039605E-05  2.07271089317105139E-01
5.70328174304942162E-05  2.09630181235459762E-01
5.77455079740719283E-05  2.12864408641656067E-01
5.86612705396913976E-05  2.16281344705090417E-01
5.96798883739773907E-05  2.20032987318164536E-01
6.06334401525062262E-05  2.23442346876682435E-01
6.16540002113040810E-05  2.27205478047576986E-01
6.24977936921919473E-05  2.30441633831778514E-01
6.21085111860425064E-05  2.33223730389304884E-01
6.28769255338476000E-05  2.36641262775003081E-01
6.38704921763907311E-05  2.40264083378007726E-01
6.48116622944616911E-05  2.43114242214106296E-01
6.55343176539271554E-05  2.46637059701448974E-01
6.59641602212710453E-05  2.48380461384378137E-01
6.65046761710926405E-05  2.50519242082161642E-01
6.76842190609359333E-05  2.53574570273254973E-01
6.83558530187494185E-05  2.56366186249893824E-01
6.92836448333259574E-05  2.59677748438280842E-01
7.02619325237133154E-05  2.63346904430260320E-01
7.26037753327739180E-05  2.66841748549903168E-01
7.35881102717451593E-05  2.70407321479583684E-01
7.45616751618255426E-05  2.73910283814549016E-01
7.54162036582558116E-05  2.76965259527413132E-01
7.64161221262779438E-05  2.80593805723216017E-01
7.72932633075288636E-05  2.83556309161715536E-01
7.80192732182961044E-05  2.86573607534693575E-01
7.87400056311168242E-05  2.88498967102159831E-01
7.97179368737510868E-05  2.92047876123034122E-01
8.05119535797866551E-05  2.94848586591735906E-01
8.14741781447708528E-05  2.98350650236812009E-01
8.24334355778196101E-05  3.01554683574231042E-01
8.33146727431745586E-05  3.04924873898136883E-01
8.42736393143485828E-05  3.08474597248823146E-01
8.44668666654016086E-05  3.09597038413330361E-01
8.54225689303911165E-05  3.13137357311019715E-01
8.63941088206954559E-05  3.16703949639668247E-01
8.70806434581929915E-05  3.19075671020208507E-01
8.79047586800022623E-05  3.22244253464649189E-01
8.98337210407963976E-05  3.25683155220261866E-01
9.07309875832289746E-05  3.28907258896345922E-01
9.16511430881608883E-05  3.32214983780164008E-01
9.25822593950696758E-05  3.35499004228508757E-01
9.34746907505411501E-05  3.38659003490475230E-01
9.41079769342581659E-05  3.41466661785489012E-01
9.50072522249766158E-05  3.44139945957565696E-01
1.00116387880676391E-04  3.47103773395241400E-01
1.00888873857454754E-04  3.50313993420537151E-01
1.01629670419565998E-04  3.52878399275082855E-01
1.02416222978939054E-04  3.55578639768902749E-01
1.03140457824704517E-04  3.58530603157172889E-01
1.03782424233829777E-04  3.61290588779490662E-01
1.04506848858206144E-04  3.64072911391460197E-01
1.05357315404151731E-04  3.67055631945097716E-01
1.06131704834314263E-04  3.69811949140584018E-01
1.06889199298163787E-04  3.72612883642126247E-01
1.10535288612569754E-04  3.74978145838951338E-01
1.11273795976533549E-04  3.77450619012176136E-01
1.11933045926985563E-04  3.79723343936028190E-01
1.12251699938682704E-04  3.81491395608508921E-01
1.13184988852866784E-04  3.84693534584993058E-01
1.24955152817109714E-04  3.87774660602867194E-01
1.25786239601011034E-04  3.90276506108955645E-01
1.26438524905592175E-04  3.92271508110968503E-01
1.27055086841300477E-04  3.94290773358354940E-01
1.28001115518616248E-04  3.97348703641804912E-01
1.32325104625938099E-04  3.99478291885836778E-01
1.33275205593651343E-04  4.02253389961988672E-01
1.34057584564312355E-04  4.04546481149708370E-01
1.35156150683405740E-04  4.07722868827044116E-01
1.36163544531123118E-04  4.10711121587169048E-01
1.37094450100471907E-04  4.12926036762618243E-01
1.38042724095805672E-04  4.15771922888474033E-01
1.38929069296486393E-04  4.18469228367590929E-01
1.39829542348131526E-04  4.21263339266280401E-01
1.40884898244945846E-04  4.24349495341807603E-01
1.41660730255516371E-04  4.26835851335447714E-01
1.42527690090885409E-04  4.29423592782287755E-01
1.43638240998758136E-04  4.32689871335025178E-01
1.44744542893918333E-04  4.35955834017070387E-01
1.45786406350866980E-04  4.39046729177503647E-01
1.46797854309171417E-04  4.42117297273847021E-01
1.48093711631365563E-04  4.45411233098801762E-01
1.49074452894131394E-04  4.48126587311182378E-01
1.50194651794252989E-04  4.51437948454079863E-01
1.50991399690829213E-04  4.53785134856204031E-01
1.52102603186221662E-04  4.57089733504486284E-01
1.48602071156268768E-04  4.59981007229924022E-01
1.49594503576992027E-04  4.63121718592906240E-01
1.50569653702774557E-04  4.66150891838857051E-01
1.51517843551816174E-04  4.69120027734989287E-01
1.52451500213150260E-04  4.72121949104808092E-01
1.53467760150024102E-04  4.75278643121867184E-01
1.54444223825144292E-04  4.78313661065922047E-01
1.55236979706518930E-04  4.79606949686658957E-01
1.56204485737158460E-04  4.82558071264460542E-01
1.57152607131390222E-04  4.85526276194197970E-01
1.58218949338166139E-04  4.88801680100040992E-01
1.59287939788995141E-04  4.92076714845710028E-01
1.60306381147476678E-04  4.95231197063659978E-01
1.61363966431818016E-04  4.98505107135524428E-01
1.62346300794125454E-04  5.01585073028474882E-01
1.63403684996862300E-04  5.04858285542281737E-01
1.64448946272015262E-04  5.08095291803543958E-01
1.65505396626062650E-04  5.11365796411797802E-01
1.66550628840839003E-04  5.14602785379933980E-01
1.67604815358528541E-04  5.17867812676381822E-01
1.68622058442562312E-04  5.21024437246651817E-01
1.69430283939962182E-04  5.23596896476584250E-01
1.70228828826879440E-04  5.26177658481105204E-01
1.71281275931364036E-04  5.29441101982912610E-01
1.72334785382030793E-04  5.32704553530735536E-01
1.73388951129690213E-04  5.35952750929037935E-01
1.74148760921874176E-04  5.38201283926213581E-01
1.75125365645783983E-04  5.41208919340261163E-01
1.76210844963829369E-04  5.44227857112380642E-01
1.77177277249413248E-04  5.47259351931596472E-01
1.68598446040473275E-04  5.50189478376577390E-01
1.69573780465655331E-04  5.53357090901365978E-01
1.70561681967040194E-04  5.56561908379169856E-01
1.71510407665419586E-04  5.59565084285928327E-01
1.72512444003069653E-04  5.62815117654434482E-01
1.73516181696216311E-04  5.66061913546666240E-01
1.74516860074515941E-04  5.69305181219736944E-01
1.75432805622753292E-04  5.72269741467939852E-01
1.76377029469907765E-04  5.75334423089309821E-01
1.77372845968892454E-04  5.78559328110509363E-01
1.78375718727854940E-04  5.81806361768442248E-01
1.83086056278720238E-04  5.84848197636537726E-01
1.83958371934608237E-04  5.87865594363209731E-01
1.84970975787844202E-04  5.91101281960464742E-01
1.85975360994160462E-04  5.94331412029372674E-01
1.87183916589428543E-04  5.97225372056441106E-01
1.88200371766203021E-04  6.00469028963052764E-01
1.89113553080679214E-04  6.03421579976264111E-01
1.90128238680943844E-04  6.06657410743506653E-01
1.90928233521922217E-04  6.09204612576095150E-01
1.91851357846377140E-04  6.12097640214646299E-01
1.92865803946051838E-04  6.15334003004702423E-01
1.93771000992771971E-04  6.18240810893566417E-01
1.94784141149110341E-04  6.21472902163171081E-01
1.95821115056722716E-04  6.24608435786027538E-01
1.96799455729733570E-04  6.27837995670288862E-01
1.97742360285793920E-04  6.30904663193766146E-01
1.98755782026097637E-04  6.34138246808657602E-01
1.97687775649782894E-04  6.31480394500344877E-01
1.98345255545694576E-04  6.34069300484419451E-01
1.99346964781500768E-04  6.37271426808152630E-01
2.00348608372429406E-04  6.40473242197447057E-01
2.00348844593812789E-04  6.40473536426670154E-01
2.01119731243946725E-04  6.42424027154624322E-01
2.02116820465951270E-04  6.45608702239225618E-01
2.03135010963743489E-04  6.48689275436104551E-01
2.04135291108039621E-04  6.51883583653913079E-01
2.05135519557648376E-04  6.55077778974944680E-01
2.06108000477357072E-04  6.58121169436258202E-01
2.07103886092989495E-04  6.61296340792430604E-01
2.08102747033684851E-04  6.64456171321079370E-01
2.09102874519205388E-04  6.67649398256316196E-01
2.10055163585686887E-04  6.70764210484937062E-01
2.11055620248327015E-04  6.73952525760503018E-01
2.12055508451116552E-04  6.77145270984138792E-01
2.13054328198049531E-04  6.80334999185852718E-01
2.14054261912584266E-04  6.83527963993594945E-01
2.15044359984831613E-04  6.86689943231652000E-01
2.16044210773399690E-04  6.89882617046625346E-01
2.17165862756087125E-04  6.92697257677192146E-01
2.18078087339485492E-04  6.95730761782157536E-01
2.40381452176323092E-04  6.96440990911352142E-01
2.41478791242467428E-04  6.99618541602593291E-01
2.42576000662800967E-04  7.02797645528656756E-01
2.43589350427839742E-04  7.05755233062027032E-01
2.44686170570825512E-04  7.08933364424731205E-01
2.45777534666820341E-04  7.12082969073385863E-01
2.46865054477720270E-04  7.15224516825816115E-01
2.47961903395310917E-04  7.18402073265473007E-01
2.46082150570988518E-04  7.13902716057359221E-01
2.46900776819045055E-04  7.16377133137290678E-01
2.47983613558554672E-04  7.19518963805225065E-01
2.49066345028649359E-04  7.22660453226284805E-01
2.50149019519545776E-04  7.25801916576556239E-01
2.51231715901367898E-04  7.28943371932198936E-01
2.52302117798502111E-04  7.32053615044268913E-01
2.53344940538139740E-04  7.35097366723760803E-01
2.54298666218849643E-04  7.38200895876377827E-01
2.55380666118271800E-04  7.41341796692934984E-01
2.56458413992182756E-04  7.44470066718152079E-01
2.57531830439624047E-04  7.47583338097292271E-01
2.58520742691067864E-04  7.50514062741501564E-01
2.59602330113322581E-04  7.53654032458953682E-01
2.59835551647739351E-04  7.54393846868970486E-01
2.59543554158722699E-04  7.53642246697904028E-01
2.60610150154903363E-04  7.56738232852646298E-01
2.61682614663332229E-04  7.59852383685471477E-01
2.62666340155984267E-04  7.62689117130028960E-01
2.63578573420522643E-04  7.65356961722527762E-01
2.64648813847517079E-04  7.68464957649431901E-01
2.65720227263489383E-04  7.71576033371964787E-01
2.66791666547796938E-04  7.74687097854671158E-01
