0.00000000000000000E+00  0.00000000000000000E+00
1.79818972469774634E-06  4.48583829087530611E-02
2.69519178872254823E-06  6.72356377049412174E-02
9.38959174654422564E-06  7.27321253843911109E-02
1.05006123690479101E-05  8.10378444181807378E-02
1.03056495854021075E-05  8.43471697610338744E-02
1.24285277588452150E-05  8.91255249960701407E-02
1.24503870930466265E-05  8.87026316182798064E-02
1.33128677719371972E-05  9.23727096863799502E-02
1.35799279788684712E-05  9.49140249981191286E-02
1.33309326624779314E-05  9.36459302037756514E-02
1.30559300043112353E-05  9.18321342899728749E-02
1.35144372291313384E-05  9.65210121048249714E-02
1.42320811893415948E-05  9.87501776341335319E-02
1.37367667322041268E-05  9.62583264090650925E-02
1.50578017064665281E-05  1.00343054190023900E-01
1.49813421765150389E-05  1.01618189085788665E-01
1.52727600117370555E-05  1.02866765978133101E-01
1.53001957350083940E-05  1.03838499556427835E-01
1.57240760108427757E-05  1.06741323750221731E-01
1.58998351863475352E-05  1.07703897173520607E-01
1.64388428237117627E-05  1.10096303116417216E-01
2.09770422197158818E-05  1.12325703752075651E-01
2.18044826589447634E-05  1.16110490164195931E-01
2.27104287288545871E-05  1.18557585623807304E-01
2.34275035819774869E-05  1.22147441561103937E-01
2.40204520344284200E-05  1.25203512009199880E-01
2.43896961214691023E-05  1.27647757145923163E-01
2.36904208505280499E-05  1.30411824351330391E-01
2.42945699288702193E-05  1.33468964363924442E-01
2.51080838616305347E-05  1.36773586954142740E-01
2.57573698541686174E-05  1.39965944938169717E-01
2.60561383695594585E-05  1.42055653987482433E-01
2.67747953480899307E-05  1.45492828218914655E-01
2.73488391067487754E-05  1.47721993774717786E-01
2.83938268080319897E-05  1.51490953563871350E-01
2.91518806858149300E-05  1.55168919794697574E-01
2.95884568487520406E-05  1.57779913338885303E-01
3.03171041261519566E-05  1.61431984443863807E-01
3.13145628408792692E-05  1.65124552362282795E-01
3.21596644655615404E-05  1.68766680121342522E-01
3.25633901013001870E-05  1.71328997782647513E-01
3.32745092182223240E-05  1.74925133848308767E-01
3.37410313495678266E-05  1.77379501014984287E-01
3.95537655321338919E-05  1.80664122024309176E-01
4.04175357997493248E-05  1.84401853142702465E-01
4.12673415465770414E-05  1.88090849022602119E-01
4.19394988206827908E-05  1.91170370815927554E-01
4.24529801752322180E-05  1.92807234971091673E-01
4.31896195210223826E-05  1.96229226656368577E-01
4.40267995887927617E-05  2.00003140169753735E-01
4.48786707053734418E-05  2.03745876215215505E-01
4.56687453496625886E-05  2.07271089317105139E-01
4.61978103944224580E-05  2.09630181235459762E-01
4.69753923546675171E-05  2.12864408641656067E-01
4.77409811067150761E-05  2.16281344705090417E-01
4.85828322448786745E-05  2.20032987318164536E-01
4.93387412315523816E-05  2.23442346876682435E-01
5.01837004859840815E-05  2.27205478047576986E-01
5.09225267476762504E-05  2.30441633831778514E-01
5.45660839556847766E-05  2.33223730389304884E-01
5.54887793002494618E-05  2.36641262775003081E-01
5.65516956300567662E-05  2.40264083378007726E-01
5.70620031806128676E-05  2.43114242214106296E-01
5.80550946525503907E-05  2.46637059701448974E-01
5.84956504417399534E-05  2.48380461384378137E-01
5.90278821846494032E-05  2.50519242082161642E-01
5.94571459690568390E-05  2.53574570273254973E-01
6.01687728922373904E-05  2.56366186249893824E-01
6.09157594956698961E-05  2.59677748438280842E-01
6.17809896695590264E-05  2.63346904430260320E-01
6.25803926355468108E-05  2.66841748549903168E-01
6.34197995146615584E-05  2.70407321479583684E-01
6.42392755169003704E-05  2.73910283814549016E-01
6.49478451278683901E-05  2.76965259527413132E-01
6.58059103134755845E-05  2.80593805723216017E-01
6.63678486816394065E-05  2.83556309161715536E-01
6.71678959792092038E-05  2.86573607534693575E-01
6.74921397386378128E-05  2.88498967102159831E-01
6.83281707614719525E-05  2.92047876123034122E-01
6.89646498537211544E-05  2.94848586591735906E-01
6.97811304414812806E-05  2.98350650236812009E-01
7.04585337673282108E-05  3.01554683574231042E-01
7.12790696224898952E-05  3.04924873898136883E-01
7.21172469835690820E-05  3.08474597248823146E-01
7.24752198133724328E-05  3.09597038413330361E-01
7.33118155677020805E-05  3.13137357311019715E-01
7.41476198096916285E-05  3.16703949639668247E-01
7.46876924312396095E-05  3.19075671020208507E-01
7.54568798815941836E-05  3.22244253464649189E-01
7.59586590949586711E-05  3.25683155220261866E-01
7.67027354671463843E-05  3.28907258896345922E-01
7.74697955166274389E-05  3.32214983780164008E-01
7.82185482290111405E-05  3.35499004228508757E-01
7.89436691600272408E-05  3.38659003490475230E-01
7.96263228292611123E-05  3.41466661785489012E-01
8.01171702768458923E-05  3.44139945957565696E-01
7.92828817587164615E-05  3.47103773395241400E-01
8.00085710800082714E-05  3.50313993420537151E-01
8.05850584430083420E-05  3.52878399275082855E-01
8.11885795653219996E-05  3.55578639768902749E-01
8.19515053221512310E-05  3.58530603157172889E-01
8.26892255474089228E-05  3.61290588779490662E-01
8.33734116372892263E-05  3.64072911391460197E-01
8.40487757884352069E-05  3.67055631945097716E-01
8.46815683706277685E-05  3.69811949140584018E-01
8.53456316246565660E-05  3.72612883642126247E-01
8.54500534086192597E-05  3.74978145838951338E-01
8.60073575287949050E-05  3.77450619012176136E-01
8.65338179680671601E-05  3.79723343936028190E-01
8.70865330394050407E-05  3.81491395608508921E-01
8.78287720486996834E-05  3.84693534584993058E-01
8.85171935264929873E-05  3.87774660602867194E-01
8.90726593720157995E-05  3.90276506108955645E-01
8.95165730947141422E-05  3.92271508110968503E-01
9.00288221276730402E-05  3.94290773358354940E-01
9.07598414966960445E-05  3.97348703641804912E-01
9.05733486082904975E-05  3.99478291885836778E-01
9.11826205430702526E-05  4.02253389961988672E-01
9.16895887190569527E-05  4.04546481149708370E-01
9.23759206656359685E-05  4.07722868827044116E-01
9.30450169988842214E-05  4.10711121587169048E-01
9.33807350276081184E-05  4.12926036762618243E-01
9.40269972949901722E-05  4.15771922888474033E-01
9.46502691667310556E-05  4.18469228367590929E-01
9.53113455657862143E-05  4.21263339266280401E-01
9.59874332507066469E-05  4.24349495341807603E-01
9.66011018955434137E-05  4.26835851335447714E-01
1.02400930017909034E-04  4.29423592782287755E-01
1.03169468186784549E-04  4.32689871335025178E-01
1.03943227994766300E-04  4.35955834017070387E-01
1.04679159740204346E-04  4.39046729177503647E-01
1.05430857798922278E-04  4.42117297273847021E-01
1.06256157086559466E-04  4.45411233098801762E-01
1.06840596190337415E-04  4.48126587311182378E-01
1.07627485753651717E-04  4.51437948454079863E-01
1.08181353126451637E-04  4.53785134856204031E-01
1.08966953412515549E-04  4.57089733504486284E-01
1.09700076125988986E-04  4.59981007229924022E-01
1.10394072471363966E-04  4.63121718592906240E-01
1.11121325653386468E-04  4.66150891838857051E-01
1.11820124468297861E-04  4.69120027734989287E-01
1.16288328527023601E-04  4.72121949104808092E-01
1.17059954874472222E-04  4.75278643121867184E-01
1.17817847960711942E-04  4.78313661065922047E-01
1.18385025311422377E-04  4.79606949686658957E-01
1.19184132045180064E-04  4.82558071264460542E-01
1.19767714296656986E-04  4.85526276194197970E-01
1.20571517164480058E-04  4.88801680100040992E-01
1.21372898011968188E-04  4.92076714845710028E-01
1.22140978272029864E-04  4.95231197063659978E-01
1.22942138249578685E-04  4.98505107135524428E-01
1.25349004687904113E-04  5.01585073028474882E-01
1.26160833219664866E-04  5.04858285542281737E-01
1.26963545268591357E-04  5.08095291803543958E-01
1.27775105884830962E-04  5.11365796411797802E-01
1.28577851665605714E-04  5.14602785379933980E-01
1.29386656729364789E-04  5.17867812676381822E-01
1.30152791530165220E-04  5.21024437246651817E-01
1.30724151678101642E-04  5.23596896476584250E-01
1.31288891997189674E-04  5.26177658481105204E-01
1.32098155574743065E-04  5.29441101982912610E-01
1.32906535459827320E-04  5.32704553530735536E-01
1.33712536606962447E-04  5.35952750929037935E-01
1.34004563146761929E-04  5.38201283926213581E-01
1.34757629150577553E-04  5.41208919340261163E-01
1.35500997603836331E-04  5.44227857112380642E-01
1.36223048562940006E-04  5.47259351931596472E-01
1.37052951785607930E-04  5.50189478376577390E-01
1.37834870907452257E-04  5.53357090901365978E-01
1.38626358541587571E-04  5.56561908379169856E-01
1.39405276394218166E-04  5.59565084285928327E-01
1.40210684742121065E-04  5.62815117654434482E-01
1.41013332249404909E-04  5.66061913546666240E-01
1.41815709349110046E-04  5.69305181219736944E-01
1.42548346200823913E-04  5.72269741467939852E-01
1.43307299515976435E-04  5.75334423089309821E-01
1.44106042676556806E-04  5.78559328110509363E-01
1.44909417143726385E-04  5.81806361768442248E-01
1.43361600398742603E-04  5.84848197636537726E-01
1.44084396720633068E-04  5.87865594363209731E-01
1.44877499799883950E-04  5.91101281960464742E-01
1.45667713405668565E-04  5.94331412029372674E-01
1.46449239719378130E-04  5.97225372056441106E-01
1.47244594416877199E-04  6.00469028963052764E-01
1.47965251625278241E-04  6.03421579976264111E-01
1.48758860182673924E-04  6.06657410743506653E-01
1.49383884974056821E-04  6.09204612576095150E-01
1.50096536092151961E-04  6.12097640214646299E-01
1.50890162204408637E-04  6.15334003004702423E-01
1.51601956299923270E-04  6.18240810893566417E-01
1.52394544195082584E-04  6.21472902163171081E-01
1.53176186057802505E-04  6.24608435786027538E-01
1.54058191584901258E-04  6.27837995670288862E-01
1.54849655385228381E-04  6.30904663193766146E-01
1.55643292632106278E-04  6.34138246808657602E-01
1.54937539276581897E-04  6.31480394500344877E-01
1.55536698999629618E-04  6.34069300484419451E-01
1.56322187831711961E-04  6.37271426808152630E-01
1.57107602841197831E-04  6.40473242197447057E-01
1.57107707673486080E-04  6.40473536426670154E-01
1.57622200382677088E-04  6.42424027154624322E-01
1.58403600994180957E-04  6.45608702239225618E-01
1.59172127476915268E-04  6.48689275436104551E-01
1.59955929159006933E-04  6.51883583653913079E-01
1.60739699321458184E-04  6.55077778974944680E-01
1.61491051508834242E-04  6.58121169436258202E-01
1.62270577250116146E-04  6.61296340792430604E-01
1.63048160339463984E-04  6.64456171321079370E-01
1.63831741475384913E-04  6.67649398256316196E-01
1.64590473176958168E-04  6.70764210484937062E-01
1.65373370211220096E-04  6.73952525760503018E-01
1.66156812524492119E-04  6.77145270984138792E-01
1.66939487243062366E-04  6.80334999185852718E-01
1.67722977243361460E-04  6.83527963993594945E-01
1.68498826172983323E-04  6.86689943231652000E-01
1.69282246990309264E-04  6.89882617046625346E-01
1.70030278872944102E-04  6.92697257677192146E-01
1.70765883223689303E-04  6.95730761782157536E-01
1.79024980662245486E-04  6.96440990911352142E-01
1.79841762714093734E-04  6.99618541602593291E-01
1.80658977443379047E-04  7.02797645528656756E-01
1.85248169957262510E-04  7.05755233062027032E-01
1.86082385877002834E-04  7.08933364424731205E-01
1.86908554908481531E-04  7.12082969073385863E-01
1.87732744219032887E-04  7.15224516825816115E-01
1.88566780247859632E-04  7.18402073265473007E-01
1.87487240934851784E-04  7.13902716057359221E-01
1.88121703684992298E-04  7.16377133137290678E-01
1.88946752436542926E-04  7.19518963805225065E-01
1.89771717778119964E-04  7.22660453226284805E-01
1.90596652152951558E-04  7.25801916576556239E-01
1.91421596812307252E-04  7.28943371932198936E-01
1.92237572587867145E-04  7.32053615044268913E-01
1.93033744265211750E-04  7.35097366723760803E-01
1.95084072836890698E-04  7.38200895876377827E-01
1.95914122582951326E-04  7.41341796692934984E-01
1.96740892276335653E-04  7.44470066718152079E-01
1.97564186270950603E-04  7.47583338097292271E-01
1.98326609400922707E-04  7.50514062741501564E-01
1.99156359501979864E-04  7.53654032458953682E-01
1.99339232919765706E-04  7.54393846868970486E-01
1.99047567664733301E-04  7.53642246697904028E-01
1.99865060676691778E-04  7.56738232852646298E-01
2.00687554155237714E-04  7.59852383685471477E-01
2.01436066785023625E-04  7.62689117130028960E-01
2.02151965543595404E-04  7.65356961722527762E-01
2.02973054670631909E-04  7.68464957649431901E-01
2.03794774025261183E-04  7.71576033371964787E-01
2.04616439256954724E-04  7.74687097854671158E-01
