0.00000000000000000E+00  0.00000000000000000E+00
1.79960138656615030E-06  4.48583829087530611E-02
2.70418163951762890E-06  6.72356377049412174E-02
2.92619129191209852E-06  7.27321253843911109E-02
3.31348088861775874E-06  8.10378444181807378E-02
3.57756972639368983E-06  8.43471697610338744E-02
3.77753528666408922E-06  8.91255249960701407E-02
3.81867432374047842E-06  8.87026316182798064E-02
3.97233589896734090E-06  9.23727096863799502E-02
4.07946909912018413E-06  9.49140249981191286E-02
4.02240681546153604E-06  9.36459302037756514E-02
3.94375647929436643E-06  9.18321342899728749E-02
4.13756047729622487E-06  9.65210121048249714E-02
4.23382128858263177E-06  9.87501776341335319E-02
4.11785326279634403E-06  9.62583264090650925E-02
4.29764744248542366E-06  1.00343054190023900E-01
4.36727262095306865E-06  1.01618189085788665E-01
4.41843676207568162E-06  1.02866765978133101E-01
4.78518265811296193E-06  1.03838499556427835E-01
5.26794993115775731E-06  1.06741323750221731E-01
5.61020140254619298E-06  1.07703897173520607E-01
5.74460100939797481E-06  1.10096303116417216E-01
5.87012778325744170E-06  1.12325703752075651E-01
6.08832155922706727E-06  1.16110490164195931E-01
6.27096154363286206E-06  1.18557585623807304E-01
6.48417604136861721E-06  1.22147441561103937E-01
6.99314071966991753E-06  1.25203512009199880E-01
1.72860029066892497E-05  1.27647757145923163E-01
1.77374997701849630E-05  1.30411824351330391E-01
1.82260322795193197E-05  1.33468964363924442E-01
1.87773511731789558E-05  1.36773586954142740E-01
1.92555550810252296E-05  1.39965944938169717E-01
2.09005380730043584E-05  1.42055653987482433E-01
2.14592941359332059E-05  1.45492828218914655E-01
2.19410621350691563E-05  1.47721993774717786E-01
2.25126503667670910E-05  1.51490953563871350E-01
2.30934113517266247E-05  1.55168919794697574E-01
2.36770231250974829E-05  1.57779913338885303E-01
2.42468589585811403E-05  1.61431984443863807E-01
2.48218427161738192E-05  1.65124552362282795E-01
2.53886023778819451E-05  1.68766680121342522E-01
2.64972917033716362E-05  1.71328997782647513E-01
2.73607094454387384E-05  1.74925133848308767E-01
2.77525745731195799E-05  1.77379501014984287E-01
2.83322172302937023E-05  1.80664122024309176E-01
2.89299266548646242E-05  1.84401853142702465E-01
2.95242651198496416E-05  1.88090849022602119E-01
3.22798540306188687E-05  1.91170370815927554E-01
3.25645989535290354E-05  1.92807234971091673E-01
3.31451445311247480E-05  1.96229226656368577E-01
3.38018454637473761E-05  2.00003140169753735E-01
3.44528639151504921E-05  2.03745876215215505E-01
3.50659657573550859E-05  2.07271089317105139E-01
3.54727872447554299E-05  2.09630181235459762E-01
3.60221846840138790E-05  2.12864408641656067E-01
3.66147765244369001E-05  2.16281344705090417E-01
3.72666328436088885E-05  2.20032987318164536E-01
3.79018530245358969E-05  2.23442346876682435E-01
3.85564262609439969E-05  2.27205478047576986E-01
3.91527313801131368E-05  2.30441633831778514E-01
3.96402735341311839E-05  2.33223730389304884E-01
4.02331867919286917E-05  2.36641262775003081E-01
4.08153860143817358E-05  2.40264083378007726E-01
4.12949520815584364E-05  2.43114242214106296E-01
4.18887937049057437E-05  2.46637059701448974E-01
4.22120895354628333E-05  2.48380461384378137E-01
4.25842629744991891E-05  2.50519242082161642E-01
4.30990465992836785E-05  2.53574570273254973E-01
4.35587789639076649E-05  2.56366186249893824E-01
4.41151136032868867E-05  2.59677748438280842E-01
4.47327030986444281E-05  2.63346904430260320E-01
4.53212211634457067E-05  2.66841748549903168E-01
4.59213039984542135E-05  2.70407321479583684E-01
4.65100518749444851E-05  2.73910283814549016E-01
4.70176757480745763E-05  2.76965259527413132E-01
4.76278904362967010E-05  2.80593805723216017E-01
4.79078011986113893E-05  2.83556309161715536E-01
4.84225263210720167E-05  2.86573607534693575E-01
4.87417197884728974E-05  2.88498967102159831E-01
4.93358944761298438E-05  2.92047876123034122E-01
4.98110750290431739E-05  2.94848586591735906E-01
5.03969343447069340E-05  2.98350650236812009E-01
5.09215455936206252E-05  3.01554683574231042E-01
5.14889497950617517E-05  3.04924873898136883E-01
5.20816050713032198E-05  3.08474597248823146E-01
5.22810514334082557E-05  3.09597038413330361E-01
5.28768246149773080E-05  3.13137357311019715E-01
5.34790156408141044E-05  3.16703949639668247E-01
6.63237122655695177E-05  3.19075671020208507E-01
6.69781235283052959E-05  3.22244253464649189E-01
6.80393450542700860E-05  3.25683155220261866E-01
6.87222840403197040E-05  3.28907258896345922E-01
6.94160915897029315E-05  3.32214983780164008E-01
7.01105627352450848E-05  3.35499004228508757E-01
7.07699250363895416E-05  3.38659003490475230E-01
7.13603204691923287E-05  3.41466661785489012E-01
7.19303950212405417E-05  3.44139945957565696E-01
7.25566275365102653E-05  3.47103773395241400E-01
7.32365817193462651E-05  3.50313993420537151E-01
7.37793835188021649E-05  3.52878399275082855E-01
7.43450819525944169E-05  3.55578639768902749E-01
7.49618403182539077E-05  3.58530603157172889E-01
7.55486081624253021E-05  3.61290588779490662E-01
7.61382032929626591E-05  3.64072911391460197E-01
7.69050184956125357E-05  3.67055631945097716E-01
7.74854204082025752E-05  3.69811949140584018E-01
7.80758165373168604E-05  3.72612883642126247E-01
7.85824491057250489E-05  3.74978145838951338E-01
7.91132340667208799E-05  3.77450619012176136E-01
7.96096593197572269E-05  3.79723343936028190E-01
7.98589638816679832E-05  3.81491395608508921E-01
8.05324998847784489E-05  3.84693534584993058E-01
8.11884271413507684E-05  3.87774660602867194E-01
8.17126386875055045E-05  3.90276506108955645E-01
8.21373809346908311E-05  3.92271508110968503E-01
8.25764994954519480E-05  3.94290773358354940E-01
8.32234542533158428E-05  3.97348703641804912E-01
8.36788175043704126E-05  3.99478291885836778E-01
8.42700735027607402E-05  4.02253389961988672E-01
8.47551335905203165E-05  4.04546481149708370E-01
8.54386947973903750E-05  4.07722868827044116E-01
8.72825112166407922E-05  4.10711121587169048E-01
8.77625554646403391E-05  4.12926036762618243E-01
8.83723726079178006E-05  4.15771922888474033E-01
8.89517382369237226E-05  4.18469228367590929E-01
8.95755518327441547E-05  4.21263339266280401E-01
9.02428663519497416E-05  4.24349495341807603E-01
9.07672015087873651E-05  4.26835851335447714E-01
9.26020601228730485E-05  4.29423592782287755E-01
9.33124549236845693E-05  4.32689871335025178E-01
9.40222746868457811E-05  4.35955834017070387E-01
9.46944568086150081E-05  4.39046729177503647E-01
9.53608008023611176E-05  4.42117297273847021E-01
9.60764466786750114E-05  4.45411233098801762E-01
9.66722557189506927E-05  4.48126587311182378E-01
9.73917666107449939E-05  4.51437948454079863E-01
9.79047312787738669E-05  4.53785134856204031E-01
9.86224566091199045E-05  4.57089733504486284E-01
9.90298007000557819E-05  4.59981007229924022E-01
9.97123033686852719E-05  4.63121718592906240E-01
9.09225343391877050E-05  4.66150891838857051E-01
9.15025440693020137E-05  4.69120027734989287E-01
9.20929820642569542E-05  4.72121949104808092E-01
9.27130993064006863E-05  4.75278643121867184E-01
9.33052885945411838E-05  4.78313661065922047E-01
9.35616019566423360E-05  4.79606949686658957E-01
9.41291770057703717E-05  4.82558071264460542E-01
9.47194873116927877E-05  4.85526276194197970E-01
9.53633210619185892E-05  4.88801680100040992E-01
9.60073207981809382E-05  4.92076714845710028E-01
9.66279996134408042E-05  4.95231197063659978E-01
9.72713301960318778E-05  4.98505107135524428E-01
9.79092525442261732E-05  5.01585073028474882E-01
9.85526298048142180E-05  5.04858285542281737E-01
9.91893010690650390E-05  5.08095291803543958E-01
9.98325894982542497E-05  5.11365796411797802E-01
1.01384289985825219E-04  5.14602785379933980E-01
1.02034428727909490E-04  5.17867812676381822E-01
1.02668635158397002E-04  5.21024437246651817E-01
1.03177934695488846E-04  5.23596896476584250E-01
1.03688129452212622E-04  5.26177658481105204E-01
1.04337935749569330E-04  5.29441101982912610E-01
1.04987890932007819E-04  5.32704553530735536E-01
1.05635249743905434E-04  5.35952750929037935E-01
1.06083493571522934E-04  5.38201283926213581E-01
1.06678909653618731E-04  5.41208919340261163E-01
1.07275253291427321E-04  5.44227857112380642E-01
1.07875282416738764E-04  5.47259351931596472E-01
1.08460202114443564E-04  5.50189478376577390E-01
1.09091289902030729E-04  5.53357090901365978E-01
1.09730162373317640E-04  5.56561908379169856E-01
1.10331108769730173E-04  5.59565084285928327E-01
1.10978378003908848E-04  5.62815117654434482E-01
1.11625000326781749E-04  5.66061913546666240E-01
1.12270890319740059E-04  5.69305181219736944E-01
1.12858914271336992E-04  5.72269741467939852E-01
1.13475220134248538E-04  5.75334423089309821E-01
1.14117245604576124E-04  5.78559328110509363E-01
1.14763884757311183E-04  5.81806361768442248E-01
1.15363214267825108E-04  5.84848197636537726E-01
1.15957296430827667E-04  5.87865594363209731E-01
1.16595381360093397E-04  5.91101281960464742E-01
1.17232370220055233E-04  5.94331412029372674E-01
1.17803035320804099E-04  5.97225372056441106E-01
1.18442842765459702E-04  6.00469028963052764E-01
1.19028021128298085E-04  6.03421579976264111E-01
1.19666217516906440E-04  6.06657410743506653E-01
1.20168523070283625E-04  6.09204612576095150E-01
1.20742850157756765E-04  6.12097640214646299E-01
1.21381251813202501E-04  6.15334003004702423E-01
1.21952394586069372E-04  6.18240810893566417E-01
1.22589944986095656E-04  6.21472902163171081E-01
1.23208575562305800E-04  6.24608435786027538E-01
1.23845607605374899E-04  6.27837995670288862E-01
1.24448005948096276E-04  6.30904663193766146E-01
1.25085834289361160E-04  6.34138246808657602E-01
1.24546407781334426E-04  6.31480394500344877E-01
1.25054495674935436E-04  6.34069300484419451E-01
1.25686037810552285E-04  6.37271426808152630E-01
1.26317518741462902E-04  6.40473242197447057E-01
1.26317580207806202E-04  6.40473536426670154E-01
1.45935680095186579E-04  6.42424027154624322E-01
1.46659400639973826E-04  6.45608702239225618E-01
1.47341486612347257E-04  6.48689275436104551E-01
1.48067041233049951E-04  6.51883583653913079E-01
1.48792570864873623E-04  6.55077778974944680E-01
1.49476585455186016E-04  6.58121169436258202E-01
1.50200597032586203E-04  6.61296340792430604E-01
1.50917436644804927E-04  6.64456171321079370E-01
1.51642751405731482E-04  6.67649398256316196E-01
1.52349069035045449E-04  6.70764210484937062E-01
1.53078947191462485E-04  6.73952525760503018E-01
1.53804197638192711E-04  6.77145270984138792E-01
1.54528951860981659E-04  6.80334999185852718E-01
1.55254206746039194E-04  6.83527963993594945E-01
1.55971941889809611E-04  6.86689943231652000E-01
1.56697150974710944E-04  6.89882617046625346E-01
1.57309664059656663E-04  6.92697257677192146E-01
1.58023728688173361E-04  6.95730761782157536E-01
1.57974655120559325E-04  6.96440990911352142E-01
1.58694988497609310E-04  6.99618541602593291E-01
1.59416168682040456E-04  7.02797645528656756E-01
1.60084563852149440E-04  7.05755233062027032E-01
1.60805527092940451E-04  7.08933364424731205E-01
1.61516757119952239E-04  7.12082969073385863E-01
1.62226950471371437E-04  7.15224516825816115E-01
1.62947614418493605E-04  7.18402073265473007E-01
1.61246578708034924E-04  7.13902716057359221E-01
1.61915946803174379E-04  7.16377133137290678E-01
1.62626068094893356E-04  7.19518963805225065E-01
1.63336084270697228E-04  7.22660453226284805E-01
1.64046203351193680E-04  7.25801916576556239E-01
1.64756264713459763E-04  7.28943371932198936E-01
1.65462756167963215E-04  7.32053615044268913E-01
1.66164789521817610E-04  7.35097366723760803E-01
1.66871686498032759E-04  7.38200895876377827E-01
1.67581673156657132E-04  7.41341796692934984E-01
1.68659638482028355E-04  7.44470066718152079E-01
1.69362794520088768E-04  7.47583338097292271E-01
1.70074027925341820E-04  7.50514062741501564E-01
1.70785578842802370E-04  7.53654032458953682E-01
1.71002647678651122E-04  7.54393846868970486E-01
1.71921823433621862E-04  7.53642246697904028E-01
1.72626548094818172E-04  7.56738232852646298E-01
1.73336969228055950E-04  7.59852383685471477E-01
1.73930140199238595E-04  7.62689117130028960E-01
1.74491307053424929E-04  7.65356961722527762E-01
1.75199130248582767E-04  7.68464957649431901E-01
1.75908422417455843E-04  7.71576033371964787E-01
1.76617926120242567E-04  7.74687097854671158E-01
