0.00000000000000000E+00  0.00000000000000000E+00
1.79818971214991546E-06  4.48583829087530611E-02
2.69512928086980305E-06  6.72356377049412174E-02
2.91634471085991051E-06  7.27321253843911109E-02
3.25103027005261831E-06  8.10378444181807378E-02
3.37822443994295640E-06  8.43471697610338744E-02
3.56871742762572021E-06  8.91255249960701407E-02
3.55330697434798446E-06  8.87026316182798064E-02
3.91304327430910489E-06  9.23727096863799502E-02
4.16011575203611723E-06  9.49140249981191286E-02
4.10931645213478470E-06  9.36459302037756514E-02
4.03001585249799848E-06  9.18321342899728749E-02
4.23708516133448009E-06  9.65210121048249714E-02
4.34146776148743962E-06  9.87501776341335319E-02
4.23193157110152997E-06  9.62583264090650925E-02
4.41507254644114876E-06  1.00343054190023900E-01
4.47090534646754308E-06  1.01618189085788665E-01
1.78573603676775139E-05  1.02866765978133101E-01
1.79416949979921501E-05  1.03838499556427835E-01
1.79115058469217080E-05  1.06741323750221731E-01
1.81550373291608719E-05  1.07703897173520607E-01
1.86840566989245668E-05  1.10096303116417216E-01
1.92090041098131421E-05  1.12325703752075651E-01
1.99723069546974366E-05  1.16110490164195931E-01
2.33174172093631067E-05  1.18557585623807304E-01
2.40804582752594289E-05  1.22147441561103937E-01
2.47537912584267525E-05  1.25203512009199880E-01
2.50983293708790232E-05  1.27647757145923163E-01
2.58549163262119163E-05  1.30411824351330391E-01
2.67572213570496892E-05  1.33468964363924442E-01
2.76748032916648954E-05  1.36773586954142740E-01
2.83833888391625717E-05  1.39965944938169717E-01
2.87834651043022928E-05  1.42055653987482433E-01
2.98316974589313407E-05  1.45492828218914655E-01
3.05268846121780095E-05  1.47721993774717786E-01
3.13766000348222364E-05  1.51490953563871350E-01
3.22544170563070307E-05  1.55168919794697574E-01
3.36863909840222873E-05  1.57779913338885303E-01
3.45228669547688717E-05  1.61431984443863807E-01
3.53687955878021583E-05  1.65124552362282795E-01
3.61523767102864615E-05  1.68766680121342522E-01
3.66772826944346351E-05  1.71328997782647513E-01
3.75111673980689855E-05  1.74925133848308767E-01
3.81534941616774783E-05  1.77379501014984287E-01
3.91611472044202163E-05  1.80664122024309176E-01
3.99903129289821534E-05  1.84401853142702465E-01
4.12054465149020886E-05  1.88090849022602119E-01
4.20195115425439115E-05  1.91170370815927554E-01
4.21099998030878943E-05  1.92807234971091673E-01
4.31520067806368934E-05  1.96229226656368577E-01
4.39932154518197800E-05  2.00003140169753735E-01
4.48069051310091967E-05  2.03745876215215505E-01
4.55933824888031308E-05  2.07271089317105139E-01
4.61540219242515502E-05  2.09630181235459762E-01
4.67308265636191258E-05  2.12864408641656067E-01
4.74959145874771956E-05  2.16281344705090417E-01
4.83306711143637003E-05  2.20032987318164536E-01
4.91383465967393761E-05  2.23442346876682435E-01
4.99721950338716638E-05  2.27205478047576986E-01
5.06041096842330422E-05  2.30441633831778514E-01
5.13961422024809041E-05  2.33223730389304884E-01
5.20626470756386942E-05  2.36641262775003081E-01
5.28634277802005840E-05  2.40264083378007726E-01
5.36274539334125533E-05  2.43114242214106296E-01
5.42772081203182159E-05  2.46637059701448974E-01
5.46014217246584919E-05  2.48380461384378137E-01
5.49950454956424752E-05  2.50519242082161642E-01
5.59123574605014956E-05  2.53574570273254973E-01
5.65355095206512837E-05  2.56366186249893824E-01
5.73107370052760136E-05  2.59677748438280842E-01
5.81330543596701201E-05  2.63346904430260320E-01
5.88943788515553608E-05  2.66841748549903168E-01
5.96906518077599396E-05  2.70407321479583684E-01
6.04811132528478880E-05  2.73910283814549016E-01
6.19239161752764555E-05  2.76965259527413132E-01
6.27827833514984102E-05  2.80593805723216017E-01
6.57078543596656146E-05  2.83556309161715536E-01
6.63912360383208961E-05  2.86573607534693575E-01
6.68716859119138866E-05  2.88498967102159831E-01
6.76971614656180290E-05  2.92047876123034122E-01
6.86247884890741483E-05  2.94848586591735906E-01
6.94501869611902165E-05  2.98350650236812009E-01
7.02310420986234415E-05  3.01554683574231042E-01
7.10152816063762491E-05  3.04924873898136883E-01
7.18547531836303665E-05  3.08474597248823146E-01
7.13746971204424520E-05  3.09597038413330361E-01
7.21992374022384972E-05  3.13137357311019715E-01
7.30304057220631207E-05  3.16703949639668247E-01
7.35819539003619918E-05  3.19075671020208507E-01
7.43207236221954826E-05  3.22244253464649189E-01
7.51282798835044372E-05  3.25683155220261866E-01
7.58858649934210025E-05  3.28907258896345922E-01
7.66591700034494408E-05  3.32214983780164008E-01
7.74305634676595439E-05  3.35499004228508757E-01
7.81688887780541790E-05  3.38659003490475230E-01
7.88194648215334148E-05  3.41466661785489012E-01
7.94564110387788528E-05  3.44139945957565696E-01
8.01400437597161487E-05  3.47103773395241400E-01
8.08889599864192309E-05  3.50313993420537151E-01
7.85263102802454937E-05  3.52878399275082855E-01
7.91310668819974160E-05  3.55578639768902749E-01
8.32009911989864577E-05  3.58530603157172889E-01
8.38393267980704245E-05  3.61290588779490662E-01
8.44891026409765392E-05  3.64072911391460197E-01
8.51852258576706652E-05  3.67055631945097716E-01
8.58283458768118162E-05  3.69811949140584018E-01
8.64820607236848997E-05  3.72612883642126247E-01
8.70345080189712308E-05  3.74978145838951338E-01
8.76110724328225694E-05  3.77450619012176136E-01
8.81417714961270967E-05  3.79723343936028190E-01
8.85550428109918748E-05  3.81491395608508921E-01
8.93021302356892914E-05  3.84693534584993058E-01
9.00210474584423655E-05  3.87774660602867194E-01
9.06046613539960785E-05  3.90276506108955645E-01
9.10702342322832620E-05  3.92271508110968503E-01
9.15326615385989289E-05  3.94290773358354940E-01
9.22461265958308615E-05  3.97348703641804912E-01
9.27427857320862071E-05  3.99478291885836778E-01
9.33898555623223058E-05  4.02253389961988672E-01
9.39248347332675374E-05  4.04546481149708370E-01
9.46658361994485130E-05  4.07722868827044116E-01
9.53630650243036514E-05  4.10711121587169048E-01
9.58790988911785522E-05  4.12926036762618243E-01
9.65431432372869814E-05  4.15771922888474033E-01
9.71686716992438762E-05  4.18469228367590929E-01
9.85466722649302757E-05  4.21263339266280401E-01
9.92684638951274022E-05  4.24349495341807603E-01
9.98532909705133163E-05  4.26835851335447714E-01
1.00459732752010552E-04  4.29423592782287755E-01
1.01224610434847220E-04  4.32689871335025178E-01
1.01989677116060082E-04  4.35955834017070387E-01
1.02713636172477481E-04  4.39046729177503647E-01
1.03433901840755500E-04  4.42117297273847021E-01
1.04205617935448913E-04  4.45411233098801762E-01
1.04767130657910457E-04  4.48126587311182378E-01
1.05542268227689544E-04  4.51437948454079863E-01
1.06090585031321221E-04  4.53785134856204031E-01
1.06864096978553577E-04  4.57089733504486284E-01
1.07541926010321217E-04  4.59981007229924022E-01
1.08288414679903701E-04  4.63121718592906240E-01
1.08997867974539031E-04  4.66150891838857051E-01
1.09691848909331154E-04  4.69120027734989287E-01
1.10396428526057973E-04  4.72121949104808092E-01
1.11135299334376566E-04  4.75278643121867184E-01
1.11845497828869231E-04  4.78313661065922047E-01
1.12161079387049396E-04  4.79606949686658957E-01
1.12854296020905177E-04  4.82558071264460542E-01
1.13545919625731954E-04  4.85526276194197970E-01
1.14314731568017011E-04  4.88801680100040992E-01
1.15083459030393756E-04  4.92076714845710028E-01
1.16902760293618319E-04  4.95231197063659978E-01
1.17677440640860231E-04  4.98505107135524428E-01
1.18409052692097956E-04  5.01585073028474882E-01
1.19186957213613786E-04  5.04858285542281737E-01
1.19956384320109213E-04  5.08095291803543958E-01
1.20733752411089634E-04  5.11365796411797802E-01
1.21503205718162793E-04  5.14602785379933980E-01
1.22279251014715401E-04  5.17867812676381822E-01
1.23029316952330027E-04  5.21024437246651817E-01
1.28510023702913846E-04  5.23596896476584250E-01
1.34706477409648334E-04  5.26177658481105204E-01
1.35549357519096358E-04  5.29441101982912610E-01
1.36392355979785950E-04  5.32704553530735536E-01
1.37232498258024402E-04  5.35952750929037935E-01
1.37858556809046170E-04  5.38201283926213581E-01
1.38623377199919347E-04  5.41208919340261163E-01
1.39403587344110163E-04  5.44227857112380642E-01
1.40161931584516317E-04  5.47259351931596472E-01
1.40977837200010302E-04  5.50189478376577390E-01
1.41797032657947457E-04  5.53357090901365978E-01
1.42625908061963253E-04  5.56561908379169856E-01
1.43429671439595802E-04  5.59565084285928327E-01
1.44269393933627726E-04  5.62815117654434482E-01
1.45108254480117230E-04  5.66061913546666240E-01
1.45945332300773025E-04  5.69305181219736944E-01
1.46705773023805136E-04  5.72269741467939852E-01
1.47495163543466621E-04  5.75334423089309821E-01
1.48328049640454162E-04  5.78559328110509363E-01
1.49166934335596794E-04  5.81806361768442248E-01
1.49971725417286615E-04  5.84848197636537726E-01
1.50766608357117814E-04  5.87865594363209731E-01
1.51598135173496278E-04  5.91101281960464742E-01
1.52428020276958957E-04  5.94331412029372674E-01
1.53241490684081182E-04  5.97225372056441106E-01
1.54078063346713926E-04  6.00469028963052764E-01
1.54846428766721930E-04  6.03421579976264111E-01
1.55682793771435603E-04  6.06657410743506653E-01
1.56341771351096656E-04  6.09204612576095150E-01
1.57103141520232616E-04  6.12097640214646299E-01
1.57939850044987260E-04  6.15334003004702423E-01
1.58683688771236401E-04  6.18240810893566417E-01
1.59519468264454015E-04  6.21472902163171081E-01
1.60342310683436826E-04  6.24608435786027538E-01
1.61176756395819097E-04  6.27837995670288862E-01
1.61958654477500213E-04  6.30904663193766146E-01
1.62794320051072409E-04  6.34138246808657602E-01
1.69720969938533077E-04  6.31480394500344877E-01
1.77930338480074019E-04  6.34069300484419451E-01
1.78828940948452635E-04  6.37271426808152630E-01
1.79727474438403246E-04  6.40473242197447057E-01
1.79727667829600399E-04  6.40473536426670154E-01
1.80446678657718036E-04  6.42424027154624322E-01
1.81341118638027148E-04  6.45608702239225618E-01
1.81993518375588633E-04  6.48689275436104551E-01
1.82889692541878760E-04  6.51883583653913079E-01
1.83785826705572600E-04  6.55077778974944680E-01
1.86852853808490427E-04  6.58121169436258202E-01
1.87753975332456864E-04  6.61296340792430604E-01
1.88654921046229208E-04  6.64456171321079370E-01
1.89561553594667920E-04  6.67649398256316196E-01
1.90437456874642183E-04  6.70764210484937062E-01
1.91341533082792573E-04  6.73952525760503018E-01
1.92247980432889813E-04  6.77145270984138792E-01
1.93153461763921966E-04  6.80334999185852718E-01
1.94059977537446287E-04  6.83527963993594945E-01
1.94957804816756584E-04  6.86689943231652000E-01
1.95864234392447312E-04  6.89882617046625346E-01
1.96763704215037385E-04  6.92697257677192146E-01
1.97602298332577239E-04  6.95730761782157536E-01
1.97997290003356502E-04  6.96440990911352142E-01
1.98904059462555721E-04  6.99618541602593291E-01
1.99810810117355062E-04  7.02797645528656756E-01
2.00656737189859515E-04  7.05755233062027032E-01
2.01563205839487905E-04  7.08933364424731205E-01
2.02464570770341003E-04  7.12082969073385863E-01
2.03362906316586350E-04  7.15224516825816115E-01
2.04269366560441701E-04  7.18402073265473007E-01
2.03592963404873508E-04  7.13902716057359221E-01
2.04223045414274676E-04  7.16377133137290678E-01
2.05118708022494160E-04  7.19518963805225065E-01
2.06017028634269180E-04  7.22660453226284805E-01
2.06915367898337452E-04  7.25801916576556239E-01
2.07813763859587396E-04  7.28943371932198936E-01
2.08699952754232403E-04  7.32053615044268913E-01
2.09559224867070931E-04  7.35097366723760803E-01
2.10439625569632752E-04  7.38200895876377827E-01
2.11337813135638493E-04  7.41341796692934984E-01
2.12229832545791398E-04  7.44470066718152079E-01
2.13119352228894818E-04  7.47583338097292271E-01
2.13910876890296801E-04  7.50514062741501564E-01
2.14805826400417919E-04  7.53654032458953682E-01
2.14970760182127407E-04  7.54393846868970486E-01
2.14367804441639633E-04  7.53642246697904028E-01
2.15249767523874574E-04  7.56738232852646298E-01
2.16135549237477225E-04  7.59852383685471477E-01
2.16989272806330808E-04  7.62689117130028960E-01
2.17789277042159963E-04  7.65356961722527762E-01
2.18674344145904781E-04  7.68464957649431901E-01
2.19559622166214195E-04  7.71576033371964787E-01
2.20444711836786759E-04  7.74687097854671158E-01
