0.00000000000000000E+00  0.00000000000000000E+00
1.79818969955706647E-06  4.48583829087530611E-02
2.69509416381796525E-06  6.72356377049412174E-02
2.91624328623344125E-06  7.27321253843911109E-02
3.36531811962903374E-06  8.10378444181807378E-02
3.49509741470545895E-06  8.43471697610338744E-02
3.69163402949221342E-06  8.91255249960701407E-02
3.68133901760961998E-06  8.87026316182798064E-02
3.82804361321483736E-06  9.23727096863799502E-02
1.27696222549758033E-05  9.49140249981191286E-02
1.26785965741917019E-05  9.36459302037756514E-02
1.24294764041340774E-05  9.18321342899728749E-02
1.28791287788552382E-05  9.65210121048249714E-02
1.32272093259226849E-05  9.87501776341335319E-02
1.27163606639368312E-05  9.62583264090650925E-02
1.42486935992271690E-05  1.00343054190023900E-01
1.57469829704896401E-05  1.01618189085788665E-01
1.59005104271834913E-05  1.02866765978133101E-01
1.60869793606724289E-05  1.03838499556427835E-01
2.21142945485725971E-05  1.06741323750221731E-01
2.23519537299318250E-05  1.07703897173520607E-01
2.29219950683356923E-05  1.10096303116417216E-01
2.34029637096004606E-05  1.12325703752075651E-01
2.42728156494293867E-05  1.16110490164195931E-01
2.48411457505722574E-05  1.18557585623807304E-01
2.57075061136627283E-05  1.22147441561103937E-01
2.65080364145556810E-05  1.25203512009199880E-01
2.72196827642252415E-05  1.27647757145923163E-01
2.79197148916691387E-05  1.30411824351330391E-01
2.87007747154971503E-05  1.33468964363924442E-01
2.92902167625983889E-05  1.36773586954142740E-01
3.00007374597738817E-05  1.39965944938169717E-01
3.04790020120029002E-05  1.42055653987482433E-01
3.16077635753589858E-05  1.45492828218914655E-01
3.21326556564146149E-05  1.47721993774717786E-01
3.29660892805468727E-05  1.51490953563871350E-01
3.37679099153230782E-05  1.55168919794697574E-01
3.43620576390134833E-05  1.57779913338885303E-01
3.54366731999251850E-05  1.61431984443863807E-01
3.60280793157376949E-05  1.65124552362282795E-01
3.68255988233087434E-05  1.68766680121342522E-01
3.74000562332379429E-05  1.71328997782647513E-01
3.79020140208787817E-05  1.74925133848308767E-01
3.84483701628508465E-05  1.77379501014984287E-01
3.91687835879943108E-05  1.80664122024309176E-01
3.99868776782559120E-05  1.84401853142702465E-01
4.07944832653147314E-05  1.88090849022602119E-01
4.14736992550878477E-05  1.91170370815927554E-01
3.85014602087973157E-05  1.92807234971091673E-01
3.90994830687457166E-05  1.96229226656368577E-01
4.12539850594144560E-05  2.00003140169753735E-01
4.20624772556530118E-05  2.03745876215215505E-01
4.28165671222055250E-05  2.07271089317105139E-01
4.33184457858920135E-05  2.09630181235459762E-01
4.40026199162151660E-05  2.12864408641656067E-01
4.47210622751322701E-05  2.16281344705090417E-01
4.55163589830535724E-05  2.20032987318164536E-01
4.62097663758037104E-05  2.23442346876682435E-01
4.70109383774567919E-05  2.27205478047576986E-01
4.77673146018109569E-05  2.30441633831778514E-01
4.83202205027401157E-05  2.33223730389304884E-01
4.90714565866046028E-05  2.36641262775003081E-01
4.98435822575322724E-05  2.40264083378007726E-01
5.04150894961629195E-05  2.43114242214106296E-01
5.12053140995880497E-05  2.46637059701448974E-01
6.44699026273525769E-05  2.48380461384378137E-01
6.50301069990049177E-05  2.50519242082161642E-01
6.58238564148650330E-05  2.53574570273254973E-01
6.65450515517887649E-05  2.56366186249893824E-01
6.74044195132371578E-05  2.59677748438280842E-01
6.83569206806750301E-05  2.63346904430260320E-01
6.92642810450839943E-05  2.66841748549903168E-01
7.01899126012536963E-05  2.70407321479583684E-01
7.10989909901071568E-05  2.73910283814549016E-01
7.18898871231669206E-05  2.76965259527413132E-01
7.28317401461704619E-05  2.80593805723216017E-01
7.36015379037930836E-05  2.83556309161715536E-01
7.35769086796281800E-05  2.86573607534693575E-01
7.41083473306080980E-05  2.88498967102159831E-01
7.50194659495959180E-05  2.92047876123034122E-01
7.57142961015854713E-05  2.94848586591735906E-01
7.66163921746608554E-05  2.98350650236812009E-01
7.76638071219230668E-05  3.01554683574231042E-01
7.85150576667924868E-05  3.04924873898136883E-01
7.94349713153660007E-05  3.08474597248823146E-01
7.96644369972284577E-05  3.09597038413330361E-01
8.05748973643689338E-05  3.13137357311019715E-01
8.14930163579518588E-05  3.16703949639668247E-01
8.20844588825342478E-05  3.19075671020208507E-01
8.28832191706206298E-05  3.22244253464649189E-01
8.37697392784822123E-05  3.25683155220261866E-01
8.46065707183676213E-05  3.28907258896345922E-01
8.54388154894192287E-05  3.32214983780164008E-01
8.62866937272293959E-05  3.35499004228508757E-01
8.70683682852673412E-05  3.38659003490475230E-01
8.77808922238863289E-05  3.41466661785489012E-01
8.84887050248534500E-05  3.44139945957565696E-01
8.92690358722516772E-05  3.47103773395241400E-01
9.01031391119552598E-05  3.50313993420537151E-01
9.07656551092537664E-05  3.52878399275082855E-01
9.55647012564411757E-05  3.55578639768902749E-01
9.63348936961496392E-05  3.58530603157172889E-01
9.70973279414040491E-05  3.61290588779490662E-01
9.78581127399334207E-05  3.64072911391460197E-01
9.80217621256297515E-05  3.67055631945097716E-01
9.87513265767805959E-05  3.69811949140584018E-01
9.94936497267567485E-05  3.72612883642126247E-01
1.00130712038886110E-04  3.74978145838951338E-01
1.00796872363138109E-04  3.77450619012176136E-01
1.01436848954364594E-04  3.79723343936028190E-01
1.01901973582100517E-04  3.81491395608508921E-01
1.02737221126109491E-04  3.84693534584993058E-01
1.03571501285590947E-04  3.87774660602867194E-01
1.04209275109442678E-04  3.90276506108955645E-01
1.06865981203844128E-04  3.92271508110968503E-01
1.07440380656243818E-04  3.94290773358354940E-01
1.08255781630121114E-04  3.97348703641804912E-01
1.08821629248574518E-04  3.99478291885836778E-01
1.09558664472390790E-04  4.02253389961988672E-01
1.10153021489899691E-04  4.04546481149708370E-01
1.11039465591470602E-04  4.07722868827044116E-01
1.11858171627980760E-04  4.10711121587169048E-01
1.22218461886464732E-04  4.12926036762618243E-01
1.23065778326976981E-04  4.15771922888474033E-01
1.23863354201729243E-04  4.18469228367590929E-01
1.24691720106343603E-04  4.21263339266280401E-01
1.25593449948997130E-04  4.24349495341807603E-01
1.26359529342900609E-04  4.26835851335447714E-01
1.27122168084355374E-04  4.29423592782287755E-01
1.28091979598814274E-04  4.32689871335025178E-01
1.29060973323390921E-04  4.35955834017070387E-01
1.29974468743260501E-04  4.39046729177503647E-01
1.22160617890474527E-04  4.42117297273847021E-01
1.23074945984291695E-04  4.45411233098801762E-01
1.23678534314315778E-04  4.48126587311182378E-01
1.24595226703476652E-04  4.51437948454079863E-01
1.25160274964643096E-04  4.53785134856204031E-01
1.26074306851375797E-04  4.57089733504486284E-01
1.26724827293063416E-04  4.59981007229924022E-01
1.27575278243412249E-04  4.63121718592906240E-01
1.28413169615781021E-04  4.66150891838857051E-01
1.29162699045379248E-04  4.69120027734989287E-01
1.30017055049120277E-04  4.72121949104808092E-01
1.30875564707226642E-04  4.75278643121867184E-01
1.31637414921984344E-04  4.78313661065922047E-01
1.32182610908942576E-04  4.79606949686658957E-01
1.32834416024125816E-04  4.82558071264460542E-01
1.33697659146953494E-04  4.85526276194197970E-01
1.34608102825868516E-04  4.88801680100040992E-01
1.35518518296308919E-04  4.92076714845710028E-01
1.36390766741322899E-04  4.95231197063659978E-01
1.37300895373560806E-04  4.98505107135524428E-01
1.38158983920604050E-04  5.01585073028474882E-01
1.39068804500464514E-04  5.04858285542281737E-01
1.39967303952900565E-04  5.08095291803543958E-01
1.40876458879094293E-04  5.11365796411797802E-01
1.41775859164697520E-04  5.14602785379933980E-01
1.42682527844488916E-04  5.17867812676381822E-01
1.43624135457331298E-04  5.21024437246651817E-01
1.44256118626083507E-04  5.23596896476584250E-01
1.44888248287542570E-04  5.26177658481105204E-01
1.45795483251755231E-04  5.29441101982912610E-01
1.46702706189004266E-04  5.32704553530735536E-01
1.47637993502612152E-04  5.35952750929037935E-01
1.48312573924558756E-04  5.38201283926213581E-01
1.49074968394326442E-04  5.41208919340261163E-01
1.49910770383227757E-04  5.44227857112380642E-01
1.50690119958015942E-04  5.47259351931596472E-01
1.51578506252458660E-04  5.50189478376577390E-01
1.52454214698075942E-04  5.53357090901365978E-01
1.53345348045753720E-04  5.56561908379169856E-01
1.54231772033882903E-04  5.59565084285928327E-01
1.55128058435414530E-04  5.62815117654434482E-01
1.56023436672159295E-04  5.66061913546666240E-01
1.56917052527971029E-04  5.69305181219736944E-01
1.57703103335836772E-04  5.72269741467939852E-01
1.58538288756174522E-04  5.75334423089309821E-01
1.59424385855715892E-04  5.78559328110509363E-01
1.60319570405412920E-04  5.81806361768442248E-01
1.61123977526788677E-04  5.84848197636537726E-01
1.61922312964097453E-04  5.87865594363209731E-01
1.62811811630468248E-04  5.91101281960464742E-01
1.63698255733019278E-04  5.94331412029372674E-01
1.64564964156257293E-04  5.97225372056441106E-01
1.65459039396511839E-04  6.00469028963052764E-01
1.66311486886823109E-04  6.03421579976264111E-01
1.67202723618367459E-04  6.06657410743506653E-01
1.67903565999158629E-04  6.09204612576095150E-01
1.68759443871378985E-04  6.12097640214646299E-01
1.69652212596453633E-04  6.15334003004702423E-01
1.70419352225227930E-04  6.18240810893566417E-01
1.71288500296688968E-04  6.21472902163171081E-01
1.72389355819080152E-04  6.24608435786027538E-01
1.73279916098650205E-04  6.27837995670288862E-01
1.74085937090784348E-04  6.30904663193766146E-01
1.74978090242541851E-04  6.34138246808657602E-01
1.75534387534386285E-04  6.31480394500344877E-01
1.76187180594727932E-04  6.34069300484419451E-01
1.77076975497583722E-04  6.37271426808152630E-01
1.77966692575646894E-04  6.40473242197447057E-01
1.77966869606488269E-04  6.40473536426670154E-01
1.78721212990638756E-04  6.42424027154624322E-01
1.79606909587275848E-04  6.45608702239225618E-01
1.80487862121759407E-04  6.48689275436104551E-01
1.81376620170389455E-04  6.51883583653913079E-01
1.82265344672712278E-04  6.55077778974944680E-01
1.83121649503477542E-04  6.58121169436258202E-01
1.84002384328862956E-04  6.61296340792430604E-01
1.84883467243197527E-04  6.64456171321079370E-01
1.85771938746703141E-04  6.67649398256316196E-01
1.86637325616511099E-04  6.70764210484937062E-01
1.87518816270939095E-04  6.73952525760503018E-01
1.88407098294280512E-04  6.77145270984138792E-01
1.89294333928865036E-04  6.80334999185852718E-01
1.90182720991897806E-04  6.83527963993594945E-01
1.91062965907729324E-04  6.86689943231652000E-01
1.91951252076509940E-04  6.89882617046625346E-01
1.92787771019157193E-04  6.92697257677192146E-01
1.93602078105661879E-04  6.95730761782157536E-01
1.94051790191159673E-04  6.96440990911352142E-01
1.94937692591371468E-04  6.99618541602593291E-01
1.95823424702312732E-04  7.02797645528656756E-01
1.96650530003937042E-04  7.05755233062027032E-01
1.97535986540372382E-04  7.08933364424731205E-01
1.98417472489944083E-04  7.12082969073385863E-01
1.99295749770162130E-04  7.15224516825816115E-01
2.00181252038755982E-04  7.18402073265473007E-01
1.99929874310373831E-04  7.13902716057359221E-01
2.00397605048112035E-04  7.16377133137290678E-01
2.01276486753881358E-04  7.19518963805225065E-01
2.02155332247508888E-04  7.22660453226284805E-01
2.03033940103157680E-04  7.25801916576556239E-01
2.03912664081269679E-04  7.28943371932198936E-01
2.04775279083373521E-04  7.32053615044268913E-01
2.05596914540471729E-04  7.35097366723760803E-01
2.06453579967251846E-04  7.38200895876377827E-01
2.07332041637084581E-04  7.41341796692934984E-01
2.08207962031716626E-04  7.44470066718152079E-01
2.09083216258983476E-04  7.47583338097292271E-01
2.09802519212059883E-04  7.50514062741501564E-01
2.10680277607987361E-04  7.53654032458953682E-01
2.10782602987747911E-04  7.54393846868970486E-01
2.06919748311402280E-04  7.53642246697904028E-01
2.07770881276172180E-04  7.56738232852646298E-01
2.08625889173594606E-04  7.59852383685471477E-01
2.09443389667006256E-04  7.62689117130028960E-01
2.10209847110147049E-04  7.65356961722527762E-01
2.11064020396456616E-04  7.68464957649431901E-01
2.11918490221022805E-04  7.71576033371964787E-01
2.12772803591310643E-04  7.74687097854671158E-01
