0.00000000000000000E+00  0.00000000000000000E+00
1.79771914666213874E-06  4.48583829087530611E-02
2.69441564082922744E-06  6.72356377049412174E-02
6.96301923118541812E-06  7.27321253843911109E-02
1.26209043024297840E-05  8.10378444181807378E-02
1.40681387575105829E-05  8.43471697610338744E-02
1.47109548764116102E-05  8.91255249960701407E-02
1.44705448824422822E-05  8.87026316182798064E-02
1.52138499466218235E-05  9.23727096863799502E-02
1.87134247434111599E-05  9.49140249981191286E-02
1.83071446344624329E-05  9.36459302037756514E-02
1.79221774317904470E-05  9.18321342899728749E-02
1.91409934992366106E-05  9.65210121048249714E-02
1.94574296820145649E-05  9.87501776341335319E-02
1.92130664275820160E-05  9.62583264090650925E-02
1.97126040320467555E-05  1.00343054190023900E-01
1.98610446441846217E-05  1.01618189085788665E-01
2.01388430112325466E-05  1.02866765978133101E-01
1.98437710283717026E-05  1.03838499556427835E-01
2.04509254436114284E-05  1.06741323750221731E-01
2.08331445730322519E-05  1.07703897173520607E-01
2.16962221948639928E-05  1.10096303116417216E-01
2.21256468882557534E-05  1.12325703752075651E-01
2.29489057093060136E-05  1.16110490164195931E-01
2.34574650915389603E-05  1.18557585623807304E-01
2.43135741742883920E-05  1.22147441561103937E-01
2.54621272601589753E-05  1.25203512009199880E-01
2.62060177595420190E-05  1.27647757145923163E-01
2.68798020652987238E-05  1.30411824351330391E-01
2.75969477364847345E-05  1.33468964363924442E-01
2.82653279068856463E-05  1.36773586954142740E-01
2.93405500316767671E-05  1.39965944938169717E-01
2.98755515635722212E-05  1.42055653987482433E-01
3.06917517648003756E-05  1.45492828218914655E-01
3.11675395199910964E-05  1.47721993774717786E-01
3.20269373515533586E-05  1.51490953563871350E-01
3.29242774452535511E-05  1.55168919794697574E-01
3.34704354164227147E-05  1.57779913338885303E-01
3.43438568467374899E-05  1.61431984443863807E-01
3.52191282558370110E-05  1.65124552362282795E-01
3.61279231137018536E-05  1.68766680121342522E-01
3.67613039371229291E-05  1.71328997782647513E-01
3.77416044307348365E-05  1.74925133848308767E-01
3.82193212295858266E-05  1.77379501014984287E-01
3.87944355189453246E-05  1.80664122024309176E-01
3.96501637532426432E-05  1.84401853142702465E-01
4.04886635969869133E-05  1.88090849022602119E-01
4.10658265900177471E-05  1.91170370815927554E-01
4.72971203223997941E-05  1.92807234971091673E-01
4.82565397869609992E-05  1.96229226656368577E-01
4.92060343790655559E-05  2.00003140169753735E-01
5.01449377152600548E-05  2.03745876215215505E-01
5.10319006122108860E-05  2.07271089317105139E-01
5.16300066642308994E-05  2.09630181235459762E-01
5.24277376405001862E-05  2.12864408641656067E-01
5.32797445026231145E-05  2.16281344705090417E-01
5.42232556191039536E-05  2.20032987318164536E-01
5.50850183323287838E-05  2.23442346876682435E-01
5.60315170903685766E-05  2.27205478047576986E-01
5.68388143862288368E-05  2.30441633831778514E-01
5.75616121442508975E-05  2.33223730389304884E-01
5.84081270212802404E-05  2.36641262775003081E-01
5.93184058812715621E-05  2.40264083378007726E-01
6.00513920746945269E-05  2.43114242214106296E-01
6.09233412498862582E-05  2.46637059701448974E-01
6.13567551585251624E-05  2.48380461384378137E-01
6.18909849212207451E-05  2.50519242082161642E-01
6.26869459805069838E-05  2.53574570273254973E-01
6.33864261854893713E-05  2.56366186249893824E-01
6.74493671446586666E-05  2.59677748438280842E-01
6.84300300954994098E-05  2.63346904430260320E-01
6.93633423585581898E-05  2.66841748549903168E-01
7.11038369732900320E-05  2.70407321479583684E-01
7.20353974876595648E-05  2.73910283814549016E-01
7.28441182764128295E-05  2.76965259527413132E-01
7.38092885190937999E-05  2.80593805723216017E-01
7.42668320647199912E-05  2.83556309161715536E-01
7.50697998425577280E-05  2.86573607534693575E-01
7.55780447237231791E-05  2.88498967102159831E-01
7.65127154158883570E-05  2.92047876123034122E-01
7.72569713821801441E-05  2.94848586591735906E-01
7.81742034638727851E-05  2.98350650236812009E-01
7.90053275060086883E-05  3.01554683574231042E-01
7.98827957009507449E-05  3.04924873898136883E-01
8.08084914433891601E-05  3.08474597248823146E-01
7.98578203029807251E-05  3.09597038413330361E-01
8.07687742172867942E-05  3.13137357311019715E-01
8.16855991248217634E-05  3.16703949639668247E-01
8.23007051697641559E-05  3.19075671020208507E-01
8.31156012129092431E-05  3.22244253464649189E-01
8.40005499645748391E-05  3.25683155220261866E-01
8.48288274652114847E-05  3.28907258896345922E-01
8.56810662731651192E-05  3.32214983780164008E-01
8.65257491211516693E-05  3.35499004228508757E-01
8.73413973967156892E-05  3.38659003490475230E-01
8.80601086332118491E-05  3.41466661785489012E-01
8.87534573820927125E-05  3.44139945957565696E-01
8.95108774674963428E-05  3.47103773395241400E-01
9.08118370084713168E-05  3.50313993420537151E-01
9.14742819197182817E-05  3.52878399275082855E-01
9.21751625636516719E-05  3.55578639768902749E-01
9.29372661733725899E-05  3.58530603157172889E-01
9.36445636609394699E-05  3.61290588779490662E-01
9.43607316777912014E-05  3.64072911391460197E-01
9.51326715348782114E-05  3.67055631945097716E-01
9.48466119241573886E-05  3.69811949140584018E-01
9.55675672127012481E-05  3.72612883642126247E-01
9.61738577217896053E-05  3.74978145838951338E-01
1.04105540044483911E-04  3.77450619012176136E-01
1.04723878875790863E-04  3.79723343936028190E-01
1.05220073527915363E-04  3.81491395608508921E-01
1.06113807241776806E-04  3.84693534584993058E-01
1.06960526446439304E-04  3.87774660602867194E-01
1.08615949731615240E-04  3.90276506108955645E-01
1.09169519262252443E-04  3.92271508110968503E-01
1.09723451278373983E-04  3.94290773358354940E-01
1.10580203706260724E-04  3.97348703641804912E-01
1.17814029757300947E-04  3.99478291885836778E-01
1.18640439713583621E-04  4.02253389961988672E-01
1.18271115958805363E-04  4.04546481149708370E-01
1.18795457410765829E-04  4.07722868827044116E-01
1.19664734468741263E-04  4.10711121587169048E-01
1.20243865219253794E-04  4.12926036762618243E-01
1.21074982295129880E-04  4.15771922888474033E-01
1.21875583408234071E-04  4.18469228367590929E-01
1.22688727272171009E-04  4.21263339266280401E-01
1.23545024415027804E-04  4.24349495341807603E-01
1.24343683921975326E-04  4.26835851335447714E-01
1.25090519422478130E-04  4.29423592782287755E-01
1.26034837030610750E-04  4.32689871335025178E-01
1.26988629464195799E-04  4.35955834017070387E-01
1.27883080543456963E-04  4.39046729177503647E-01
1.28803125086732889E-04  4.42117297273847021E-01
1.29764109202550743E-04  4.45411233098801762E-01
1.23646478893184482E-04  4.48126587311182378E-01
1.24549807588098232E-04  4.51437948454079863E-01
1.25196705801560587E-04  4.53785134856204031E-01
1.26098205420827319E-04  4.57089733504486284E-01
1.26880957020513406E-04  4.59981007229924022E-01
1.27747471390033882E-04  4.63121718592906240E-01
1.28572329055950865E-04  4.66150891838857051E-01
1.29388511887411177E-04  4.69120027734989287E-01
1.30197965644263201E-04  4.72121949104808092E-01
1.31060001574848442E-04  4.75278643121867184E-01
1.31889926561685935E-04  4.78313661065922047E-01
1.32181410096845683E-04  4.79606949686658957E-01
1.32983656402727458E-04  4.82558071264460542E-01
1.33817981864628715E-04  4.85526276194197970E-01
1.34711335213409146E-04  4.88801680100040992E-01
1.35604623414121214E-04  4.92076714845710028E-01
1.36466020119660730E-04  4.95231197063659978E-01
1.37359088278862177E-04  4.98505107135524428E-01
1.38198096832470828E-04  5.01585073028474882E-01
1.39091024996311052E-04  5.04858285542281737E-01
1.39974049112267379E-04  5.08095291803543958E-01
1.40866018158755223E-04  5.11365796411797802E-01
1.41748937984407294E-04  5.14602785379933980E-01
1.42639797034754996E-04  5.17867812676381822E-01
1.43499752054214533E-04  5.21024437246651817E-01
1.44219175187053784E-04  5.23596896476584250E-01
1.44944283906761097E-04  5.26177658481105204E-01
1.45834657044754609E-04  5.29441101982912610E-01
1.46725046703331634E-04  5.32704553530735536E-01
1.47610739714460100E-04  5.35952750929037935E-01
1.48205212354401202E-04  5.38201283926213581E-01
1.49029150054937835E-04  5.41208919340261163E-01
1.49852539973180116E-04  5.44227857112380642E-01
1.50689359569112623E-04  5.47259351931596472E-01
1.51463682898641400E-04  5.50189478376577390E-01
1.52330112250546965E-04  5.53357090901365978E-01
1.53204056542502551E-04  5.56561908379169856E-01
1.62172175773952609E-04  5.59565084285928327E-01
1.63106169291318479E-04  5.62815117654434482E-01
1.64039181949697868E-04  5.66061913546666240E-01
1.64972015342332648E-04  5.69305181219736944E-01
1.65835882225329710E-04  5.72269741467939852E-01
1.66720527011147805E-04  5.75334423089309821E-01
1.67648184550542659E-04  5.78559328110509363E-01
1.68581445589410534E-04  5.81806361768442248E-01
1.69492242626572299E-04  5.84848197636537726E-01
1.70388708059379407E-04  5.87865594363209731E-01
1.71320046966587716E-04  5.91101281960464742E-01
1.72250538450812243E-04  5.94331412029372674E-01
1.72985330284843811E-04  5.97225372056441106E-01
1.73917551278244837E-04  6.00469028963052764E-01
1.74755497325367482E-04  6.03421579976264111E-01
1.75685484789430031E-04  6.06657410743506653E-01
1.76416890510886805E-04  6.09204612576095150E-01
1.77224309417833934E-04  6.12097640214646299E-01
1.78154098399679276E-04  6.15334003004702423E-01
1.79003019759931600E-04  6.18240810893566417E-01
1.79931577952779746E-04  6.21472902163171081E-01
1.80814286447638674E-04  6.24608435786027538E-01
1.81758346504930831E-04  6.27837995670288862E-01
1.82642872591553054E-04  6.30904663193766146E-01
1.83572293228978327E-04  6.34138246808657602E-01
1.82947582812216167E-04  6.31480394500344877E-01
1.83761174871917895E-04  6.34069300484419451E-01
1.84689169352698131E-04  6.37271426808152630E-01
1.85614012801612813E-04  6.40473242197447057E-01
1.85613970868169116E-04  6.40473536426670154E-01
1.86053628343554531E-04  6.42424027154624322E-01
1.86969996162940268E-04  6.45608702239225618E-01
1.87833779060648989E-04  6.48689275436104551E-01
1.88752263880225327E-04  6.51883583653913079E-01
1.89670468575574465E-04  6.55077778974944680E-01
1.90537163838066549E-04  6.58121169436258202E-01
1.91450438766189307E-04  6.61296340792430604E-01
1.92355815069922536E-04  6.64456171321079370E-01
1.93273687961852299E-04  6.67649398256316196E-01
1.94175053903372641E-04  6.70764210484937062E-01
1.95093108512536979E-04  6.73952525760503018E-01
1.96010867926053878E-04  6.77145270984138792E-01
1.96927819840296298E-04  6.80334999185852718E-01
1.97845676085843004E-04  6.83527963993594945E-01
1.98754424191388383E-04  6.86689943231652000E-01
1.99672173256015568E-04  6.89882617046625346E-01
2.00403977445541212E-04  6.92697257677192146E-01
2.01295904785562217E-04  6.95730761782157536E-01
2.01347356927718008E-04  6.96440990911352142E-01
2.02242379280521533E-04  6.99618541602593291E-01
2.03155227533679400E-04  7.02797645528656756E-01
2.04002424793358911E-04  7.05755233062027032E-01
2.04914999863468981E-04  7.08933364424731205E-01
2.05816751848847661E-04  7.12082969073385863E-01
2.06734262848346905E-04  7.15224516825816115E-01
2.07629103308573908E-04  7.18402073265473007E-01
2.10746020817094946E-04  7.13902716057359221E-01
2.11505262361308313E-04  7.16377133137290678E-01
2.12429538292740333E-04  7.19518963805225065E-01
2.13351723335644498E-04  7.22660453226284805E-01
2.14272648913643466E-04  7.25801916576556239E-01
2.15194167553822095E-04  7.28943371932198936E-01
2.17557490931982300E-04  7.32053615044268913E-01
2.18468985495350564E-04  7.35097366723760803E-01
2.19393278677041097E-04  7.38200895876377827E-01
2.20327274024970012E-04  7.41341796692934984E-01
2.21256380159998069E-04  7.44470066718152079E-01
2.22180867953774164E-04  7.47583338097292271E-01
2.23068899066822170E-04  7.50514062741501564E-01
2.24002331022008904E-04  7.53654032458953682E-01
2.24239846270535628E-04  7.54393846868970486E-01
2.24156976084696671E-04  7.53642246697904028E-01
2.25080372405857352E-04  7.56738232852646298E-01
2.26003108223812085E-04  7.59852383685471477E-01
2.26812771371469150E-04  7.62689117130028960E-01
2.28079633760129401E-04  7.65356961722527762E-01
2.29005584577152317E-04  7.68464957649431901E-01
2.29932700929362695E-04  7.71576033371964787E-01
2.30774736191994949E-04  7.74687097854671158E-01
