0.00000000000000000E+00  0.00000000000000000E+00
1.79771914967761330E-06  4.48583829087530611E-02
2.69442121467822020E-06  6.72356377049412174E-02
2.91450949404342371E-06  7.27321253843911109E-02
3.24775667515442355E-06  8.10378444181807378E-02
3.37487410191393631E-06  8.43471697610338744E-02
3.56808879656000672E-06  8.91255249960701407E-02
3.55289082163429549E-06  8.87026316182798064E-02
3.69694412406720158E-06  9.23727096863799502E-02
3.79776233364403719E-06  9.49140249981191286E-02
3.74555277765238593E-06  9.36459302037756514E-02
3.67355468309284996E-06  9.18321342899728749E-02
3.85876739519638184E-06  9.65210121048249714E-02
3.94980041669581268E-06  9.87501776341335319E-02
3.84823175978622907E-06  9.62583264090650925E-02
4.01522792326376677E-06  1.00343054190023900E-01
4.06638373663957596E-06  1.01618189085788665E-01
4.22490593132083788E-06  1.02866765978133101E-01
5.07019002118881072E-06  1.03838499556427835E-01
1.44905674183409697E-05  1.06741323750221731E-01
1.45443192879631087E-05  1.07703897173520607E-01
1.49574315558795323E-05  1.10096303116417216E-01
1.53461090026063237E-05  1.12325703752075651E-01
1.59337725231984990E-05  1.16110490164195931E-01
1.68671949784040274E-05  1.18557585623807304E-01
1.74439552769285939E-05  1.22147441561103937E-01
1.79625694344677880E-05  1.25203512009199880E-01
1.82555095113126511E-05  1.27647757145923163E-01
1.90186245313368426E-05  1.30411824351330391E-01
1.97860265759443430E-05  1.33468964363924442E-01
2.04214431080260877E-05  1.36773586954142740E-01
2.09367237833131678E-05  1.39965944938169717E-01
2.12466054756723049E-05  1.42055653987482433E-01
2.20462345361132532E-05  1.45492828218914655E-01
2.24735816624111210E-05  1.47721993774717786E-01
2.30501083587331644E-05  1.51490953563871350E-01
2.34660350180799972E-05  1.55168919794697574E-01
2.38865520454137033E-05  1.57779913338885303E-01
2.44464148276240904E-05  1.61431984443863807E-01
2.50066729432511965E-05  1.65124552362282795E-01
2.55569691462531959E-05  1.68766680121342522E-01
2.57383557303572565E-05  1.71328997782647513E-01
2.62734563487498560E-05  1.74925133848308767E-01
2.66829926873240380E-05  1.77379501014984287E-01
2.73028394200502782E-05  1.80664122024309176E-01
2.78596863372999057E-05  1.84401853142702465E-01
2.89510231111717638E-05  1.88090849022602119E-01
2.94967085224583179E-05  1.91170370815927554E-01
2.96047337614264256E-05  1.92807234971091673E-01
3.81887786052950186E-05  1.96229226656368577E-01
3.89500317822942966E-05  2.00003140169753735E-01
3.97284288192287661E-05  2.03745876215215505E-01
4.04434519234917172E-05  2.07271089317105139E-01
4.08934812182745007E-05  2.09630181235459762E-01
4.16518551549042168E-05  2.12864408641656067E-01
4.23395765153906185E-05  2.16281344705090417E-01
4.31017712745925116E-05  2.20032987318164536E-01
4.37423595841565475E-05  2.23442346876682435E-01
4.46368984276186752E-05  2.27205478047576986E-01
4.53952342090283055E-05  2.30441633831778514E-01
4.58194009765123048E-05  2.33223730389304884E-01
4.65905241850314263E-05  2.36641262775003081E-01
4.73339375351620149E-05  2.40264083378007726E-01
4.78044233137924716E-05  2.43114242214106296E-01
4.86384209868720354E-05  2.46637059701448974E-01
4.90684391689188808E-05  2.48380461384378137E-01
4.96067979612822276E-05  2.50519242082161642E-01
5.00536815357401597E-05  2.53574570273254973E-01
5.06050940368957909E-05  2.56366186249893824E-01
5.12578414251531594E-05  2.59677748438280842E-01
5.20092912538782162E-05  2.63346904430260320E-01
5.30284235303066318E-05  2.66841748549903168E-01
5.37763707420845557E-05  2.70407321479583684E-01
5.45033984952782418E-05  2.73910283814549016E-01
5.51337074290720978E-05  2.76965259527413132E-01
5.58805336873836878E-05  2.80593805723216017E-01
5.64081604139518491E-05  2.83556309161715536E-01
5.71305660655198333E-05  2.86573607534693575E-01
5.74298919534060003E-05  2.88498967102159831E-01
5.81418129567180548E-05  2.92047876123034122E-01
5.87736529696568887E-05  2.94848586591735906E-01
5.94853715970835792E-05  2.98350650236812009E-01
6.00308919288055319E-05  3.01554683574231042E-01
6.07515004548185925E-05  3.04924873898136883E-01
6.14738520184751266E-05  3.08474597248823146E-01
6.18296892993842884E-05  3.09597038413330361E-01
6.25635834604518996E-05  3.13137357311019715E-01
6.32945207376842903E-05  3.16703949639668247E-01
6.38155289095156293E-05  3.19075671020208507E-01
6.45038432213580152E-05  3.22244253464649189E-01
6.52024803256821047E-05  3.25683155220261866E-01
6.58519632978464553E-05  3.28907258896345922E-01
6.65581226743257575E-05  3.32214983780164008E-01
6.72218653096914257E-05  3.35499004228508757E-01
6.79118938863422592E-05  3.38659003490475230E-01
6.85357624035638855E-05  3.41466661785489012E-01
6.90042247775686339E-05  3.44139945957565696E-01
6.96392752384698485E-05  3.47103773395241400E-01
7.02870425678921770E-05  3.50313993420537151E-01
7.08136310666276393E-05  3.52878399275082855E-01
7.13929291614931721E-05  3.55578639768902749E-01
7.51583024951175786E-05  3.58530603157172889E-01
7.57593613723616180E-05  3.61290588779490662E-01
7.63599076753084145E-05  3.64072911391460197E-01
7.70062363563400049E-05  3.67055631945097716E-01
7.70996386391207145E-05  3.69811949140584018E-01
7.76947936773728521E-05  3.72612883642126247E-01
7.81844146540624108E-05  3.74978145838951338E-01
7.86912591441576124E-05  3.77450619012176136E-01
7.91282250111060258E-05  3.79723343936028190E-01
7.95504976118864386E-05  3.81491395608508921E-01
8.02445619959432036E-05  3.84693534584993058E-01
8.08650335948875656E-05  3.87774660602867194E-01
8.14148158719122696E-05  3.90276506108955645E-01
8.18258929011930845E-05  3.92271508110968503E-01
8.22303385362187830E-05  3.94290773358354940E-01
8.28928221079945193E-05  3.97348703641804912E-01
8.33178483076117259E-05  3.99478291885836778E-01
8.39029081190641700E-05  4.02253389961988672E-01
8.43999593924758124E-05  4.04546481149708370E-01
8.51220255894337592E-05  4.07722868827044116E-01
8.57571936882588984E-05  4.10711121587169048E-01
8.61379473238623860E-05  4.12926036762618243E-01
8.67368603194550170E-05  4.15771922888474033E-01
9.94162089693339818E-05  4.18469228367590929E-01
9.99724741177884704E-05  4.21263339266280401E-01
1.00637262974790807E-04  4.24349495341807603E-01
1.01355322849553103E-04  4.26835851335447714E-01
1.01971353969816962E-04  4.29423592782287755E-01
1.02744953184734800E-04  4.32689871335025178E-01
1.03534473522840908E-04  4.35955834017070387E-01
1.04269851355818675E-04  4.39046729177503647E-01
1.05064648343980264E-04  4.42117297273847021E-01
1.05861660644732559E-04  4.45411233098801762E-01
1.06658742149792068E-04  4.48126587311182378E-01
1.07455933150277108E-04  4.51437948454079863E-01
1.07966948445996358E-04  4.53785134856204031E-01
1.08759051716209813E-04  4.57089733504486284E-01
1.09474026219434206E-04  4.59981007229924022E-01
1.10177897874011183E-04  4.63121718592906240E-01
1.10919935431211779E-04  4.66150891838857051E-01
1.11583309101366199E-04  4.69120027734989287E-01
1.12360419526402484E-04  4.72121949104808092E-01
1.13113241862442156E-04  4.75278643121867184E-01
1.13809923147327116E-04  4.78313661065922047E-01
1.14472931796150666E-04  4.79606949686658957E-01
1.15141200897348698E-04  4.82558071264460542E-01
1.15755715758233003E-04  4.85526276194197970E-01
1.16546366107321032E-04  4.88801680100040992E-01
1.17337614860061213E-04  4.92076714845710028E-01
1.18092961583697847E-04  4.95231197063659978E-01
1.18883709922379312E-04  4.98505107135524428E-01
1.19633319827974066E-04  5.01585073028474882E-01
1.20424139919178726E-04  5.04858285542281737E-01
1.21205045046848727E-04  5.08095291803543958E-01
1.21995736063932204E-04  5.11365796411797802E-01
1.22777873064235619E-04  5.14602785379933980E-01
1.23564930360983184E-04  5.17867812676381822E-01
1.24354603152451292E-04  5.21024437246651817E-01
1.27899235758639068E-04  5.23596896476584250E-01
1.27430509483919454E-04  5.26177658481105204E-01
1.28225662531185336E-04  5.29441101982912610E-01
1.29024800247983049E-04  5.32704553530735536E-01
1.29822914028099659E-04  5.35952750929037935E-01
1.30472107074758314E-04  5.38201283926213581E-01
1.31168615982867227E-04  5.41208919340261163E-01
1.31907815089121749E-04  5.44227857112380642E-01
1.32588822337469277E-04  5.47259351931596472E-01
1.33435791419602053E-04  5.50189478376577390E-01
1.35583544720732380E-04  5.53357090901365978E-01
1.36373104865325587E-04  5.56561908379169856E-01
1.37181993954633985E-04  5.59565084285928327E-01
1.37978652949687780E-04  5.62815117654434482E-01
1.38774487544326020E-04  5.66061913546666240E-01
1.39568130544481112E-04  5.69305181219736944E-01
1.40822110017803977E-04  5.72269741467939852E-01
1.41568341483665032E-04  5.75334423089309821E-01
1.42360226384885460E-04  5.78559328110509363E-01
1.43159052814540843E-04  5.81806361768442248E-01
1.43839034750771044E-04  5.84848197636537726E-01
1.44543987712059726E-04  5.87865594363209731E-01
1.45337932140047598E-04  5.91101281960464742E-01
1.46318307654269130E-04  5.94331412029372674E-01
1.47211396866530047E-04  5.97225372056441106E-01
1.48010772407291408E-04  6.00469028963052764E-01
1.48761167590315616E-04  6.03421579976264111E-01
1.49558290469597750E-04  6.06657410743506653E-01
1.50185730747680844E-04  6.09204612576095150E-01
1.50948250663326174E-04  6.12097640214646299E-01
1.51746339467550336E-04  6.15334003004702423E-01
1.52435358099903707E-04  6.18240810893566417E-01
1.53232319812843416E-04  6.21472902163171081E-01
1.54039416119158574E-04  6.24608435786027538E-01
1.54836517555769285E-04  6.27837995670288862E-01
1.55552583569409150E-04  6.30904663193766146E-01
1.56349726601812643E-04  6.34138246808657602E-01
1.55394339910355610E-04  6.31480394500344877E-01
1.55906211591452619E-04  6.34069300484419451E-01
1.56693598301503676E-04  6.37271426808152630E-01
1.57480930018561935E-04  6.40473242197447057E-01
1.57481142632657535E-04  6.40473536426670154E-01
1.58197496376572336E-04  6.42424027154624322E-01
1.58981557963198527E-04  6.45608702239225618E-01
1.59781256093440190E-04  6.48689275436104551E-01
1.60568051015890553E-04  6.51883583653913079E-01
1.61354809498990247E-04  6.55077778974944680E-01
1.61933229299724129E-04  6.58121169436258202E-01
1.62712920423172328E-04  6.61296340792430604E-01
1.63496881777302171E-04  6.64456171321079370E-01
1.64282598756803223E-04  6.67649398256316196E-01
1.65035704773745882E-04  6.70764210484937062E-01
1.65816381639307450E-04  6.73952525760503018E-01
1.66601886072270406E-04  6.77145270984138792E-01
1.67386405846460876E-04  6.80334999185852718E-01
1.68171989759671302E-04  6.83527963993594945E-01
1.68950291449188311E-04  6.86689943231652000E-01
1.69735791010877744E-04  6.89882617046625346E-01
1.70600304081236671E-04  6.92697257677192146E-01
1.71301331136675377E-04  6.95730761782157536E-01
1.71863868348814258E-04  6.96440990911352142E-01
1.72646300897724529E-04  6.99618541602593291E-01
1.73430627500257509E-04  7.02797645528656756E-01
1.74164942528949943E-04  7.05755233062027032E-01
1.74949022495686068E-04  7.08933364424731205E-01
1.75732036225830120E-04  7.12082969073385863E-01
1.76514095567727788E-04  7.15224516825816115E-01
1.77295862107702557E-04  7.18402073265473007E-01
1.77274784330559970E-04  7.13902716057359221E-01
1.77742408714124441E-04  7.16377133137290678E-01
1.78521933463746032E-04  7.19518963805225065E-01
1.79297323939574520E-04  7.22660453226284805E-01
1.80080579391170888E-04  7.25801916576556239E-01
1.80859897749947093E-04  7.28943371932198936E-01
1.81622873261806823E-04  7.32053615044268913E-01
1.82358873055015087E-04  7.35097366723760803E-01
1.83120107978345173E-04  7.38200895876377827E-01
1.83895924548628520E-04  7.41341796692934984E-01
1.84675612508891727E-04  7.44470066718152079E-01
1.85451375420796118E-04  7.47583338097292271E-01
1.86102158033745000E-04  7.50514062741501564E-01
1.86879734338033562E-04  7.53654032458953682E-01
1.86984520907184856E-04  7.54393846868970486E-01
1.86112002170179397E-04  7.53642246697904028E-01
1.86879295899965592E-04  7.56738232852646298E-01
1.87648258285102836E-04  7.59852383685471477E-01
1.88439345614626642E-04  7.62689117130028960E-01
1.89170103661474593E-04  7.65356961722527762E-01
1.89939440428848853E-04  7.68464957649431901E-01
1.90708380197691842E-04  7.71576033371964787E-01
1.91476652922998539E-04  7.74687097854671158E-01
