0.00000000000000000E+00  0.00000000000000000E+00
1.79771909977288844E-06  4.48583829087530611E-02
2.69435430104158775E-06  6.72356377049412174E-02
2.91542615692339771E-06  7.27321253843911109E-02
3.25646933168618298E-06  8.10378444181807378E-02
3.38998632345920386E-06  8.43471697610338744E-02
3.57614285614724818E-06  8.91255249960701407E-02
1.70501160051863675E-05  8.87026316182798064E-02
1.71216504249576415E-05  9.23727096863799502E-02
1.70990057864345573E-05  9.49140249981191286E-02
1.67301114133123975E-05  9.36459302037756514E-02
1.62767075917771820E-05  9.18321342899728749E-02
1.68924386516980949E-05  9.65210121048249714E-02
1.79103379093774502E-05  9.87501776341335319E-02
1.71767356502442120E-05  9.62583264090650925E-02
1.77763843650604507E-05  1.00343054190023900E-01
1.79169372870994787E-05  1.01618189085788665E-01
1.78116004795657659E-05  1.02866765978133101E-01
1.77830494130028259E-05  1.03838499556427835E-01
1.84902440374272231E-05  1.06741323750221731E-01
1.81182657481346711E-05  1.07703897173520607E-01
1.83251248030625495E-05  1.10096303116417216E-01
1.85196022574821021E-05  1.12325703752075651E-01
1.92650791891874063E-05  1.16110490164195931E-01
1.99900090452187875E-05  1.18557585623807304E-01
2.07162651580136518E-05  1.22147441561103937E-01
2.15166366017143385E-05  1.25203512009199880E-01
2.17651656658412671E-05  1.27647757145923163E-01
2.23676007578192757E-05  1.30411824351330391E-01
2.29818612948514550E-05  1.33468964363924442E-01
2.36092188311146436E-05  1.36773586954142740E-01
2.41889856198755030E-05  1.39965944938169717E-01
2.48965312374649882E-05  1.42055653987482433E-01
2.55985673505941796E-05  1.45492828218914655E-01
2.72036204526171846E-05  1.47721993774717786E-01
2.79137923877190944E-05  1.51490953563871350E-01
2.86581245205104213E-05  1.55168919794697574E-01
2.98665111473938628E-05  1.57779913338885303E-01
3.06282855179467340E-05  1.61431984443863807E-01
3.13768730528780990E-05  1.65124552362282795E-01
3.21358394074569304E-05  1.68766680121342522E-01
3.28615852505005374E-05  1.71328997782647513E-01
3.36136231927186124E-05  1.74925133848308767E-01
3.53589878591597986E-05  1.77379501014984287E-01
3.59577460073731529E-05  1.80664122024309176E-01
3.67316303612787165E-05  1.84401853142702465E-01
3.75029069354839827E-05  1.88090849022602119E-01
3.82899398620689755E-05  1.91170370815927554E-01
3.88673960523516597E-05  1.92807234971091673E-01
3.96643306976758592E-05  1.96229226656368577E-01
4.04676858390437370E-05  2.00003140169753735E-01
4.12710282637995633E-05  2.03745876215215505E-01
4.20158191051045547E-05  2.07271089317105139E-01
4.61281290423168604E-05  2.09630181235459762E-01
4.69773947856643587E-05  2.12864408641656067E-01
4.77499929862263729E-05  2.16281344705090417E-01
4.83592092842396667E-05  2.20032987318164536E-01
4.91292171083878779E-05  2.23442346876682435E-01
4.99491800424350409E-05  2.27205478047576986E-01
5.05803680032634352E-05  2.30441633831778514E-01
5.11304598553655176E-05  2.33223730389304884E-01
5.18963679927374709E-05  2.36641262775003081E-01
5.26959305688487131E-05  2.40264083378007726E-01
5.36554115466896311E-05  2.43114242214106296E-01
5.44576129464040791E-05  2.46637059701448974E-01
5.48643780736704154E-05  2.48380461384378137E-01
5.51986468981767453E-05  2.50519242082161642E-01
5.57881356162727438E-05  2.53574570273254973E-01
5.64956204798291312E-05  2.56366186249893824E-01
5.72198395665181499E-05  2.59677748438280842E-01
5.80187376206151538E-05  2.63346904430260320E-01
5.87827243276320063E-05  2.66841748549903168E-01
5.95600828131137398E-05  2.70407321479583684E-01
6.03424784370015094E-05  2.73910283814549016E-01
6.10753301202408838E-05  2.76965259527413132E-01
6.18951082874980713E-05  2.80593805723216017E-01
6.25564531863756490E-05  2.83556309161715536E-01
6.31621490161751210E-05  2.86573607534693575E-01
6.33042308694352525E-05  2.88498967102159831E-01
6.42257075258619026E-05  2.92047876123034122E-01
6.12200462653507763E-05  2.94848586591735906E-01
6.19437946115866667E-05  2.98350650236812009E-01
6.26883805552708694E-05  3.01554683574231042E-01
6.33616963193785188E-05  3.04924873898136883E-01
6.41080417491950334E-05  3.08474597248823146E-01
6.42605580755944289E-05  3.09597038413330361E-01
6.49896596826259054E-05  3.13137357311019715E-01
6.57216810721777435E-05  3.16703949639668247E-01
6.61105350352451417E-05  3.19075671020208507E-01
6.67417309733039574E-05  3.22244253464649189E-01
6.74419968311181992E-05  3.25683155220261866E-01
6.81169759401824108E-05  3.28907258896345922E-01
6.87314927589454533E-05  3.32214983780164008E-01
6.94026846306382977E-05  3.35499004228508757E-01
7.18072219008992520E-05  3.38659003490475230E-01
7.24183454885759907E-05  3.41466661785489012E-01
7.29299588602409961E-05  3.44139945957565696E-01
7.36393825159931820E-05  3.47103773395241400E-01
7.43443771656351546E-05  3.50313993420537151E-01
7.49008274507924864E-05  3.52878399275082855E-01
7.54057450733742682E-05  3.55578639768902749E-01
7.60237062813395523E-05  3.58530603157172889E-01
7.67587404063526692E-05  3.61290588779490662E-01
6.88683174479196546E-05  3.64072911391460197E-01
6.93929977818811411E-05  3.67055631945097716E-01
6.98711608050988330E-05  3.69811949140584018E-01
7.03857359264621965E-05  3.72612883642126247E-01
7.08415501870398971E-05  3.74978145838951338E-01
8.24535585788608097E-05  3.77450619012176136E-01
8.30917675571501979E-05  3.79723343936028190E-01
8.35839771148845848E-05  3.81491395608508921E-01
8.41902391409202200E-05  3.84693534584993058E-01
8.48486549822951783E-05  3.87774660602867194E-01
8.52565116939837594E-05  3.90276506108955645E-01
8.57466596581243912E-05  3.92271508110968503E-01
8.63147611875093868E-05  3.94290773358354940E-01
8.69812901510454151E-05  3.97348703641804912E-01
8.73207362548046248E-05  3.99478291885836778E-01
9.52162689208252422E-05  4.02253389961988672E-01
9.54826719153905462E-05  4.04546481149708370E-01
9.62756169410822552E-05  4.07722868827044116E-01
9.69686949385799996E-05  4.10711121587169048E-01
9.72797545473920444E-05  4.12926036762618243E-01
9.79535302064130781E-05  4.15771922888474033E-01
9.87341208762608849E-05  4.18469228367590929E-01
9.95710045901933641E-05  4.21263339266280401E-01
1.00580181614241294E-04  4.24349495341807603E-01
1.00804992518000423E-04  4.26835851335447714E-01
1.01629633306994302E-04  4.29423592782287755E-01
1.02432460756913916E-04  4.32689871335025178E-01
1.03168944781419601E-04  4.35955834017070387E-01
1.03963959366942110E-04  4.39046729177503647E-01
1.04539989563198592E-04  4.42117297273847021E-01
1.05323727261199228E-04  4.45411233098801762E-01
1.06511705674237900E-04  4.48126587311182378E-01
1.07298333818256486E-04  4.51437948454079863E-01
1.08181459079807751E-04  4.53785134856204031E-01
1.08968785836352673E-04  4.57089733504486284E-01
1.09891937263048405E-04  4.59981007229924022E-01
1.10532555160929372E-04  4.63121718592906240E-01
1.11215941970155101E-04  4.66150891838857051E-01
1.12171868647948161E-04  4.69120027734989287E-01
1.12952510388208624E-04  4.72121949104808092E-01
1.13759672285571566E-04  4.75278643121867184E-01
1.14851959433432890E-04  4.78313661065922047E-01
1.15436752587161004E-04  4.79606949686658957E-01
1.17155546794312816E-04  4.82558071264460542E-01
1.17153235114277054E-04  4.85526276194197970E-01
1.17943905075008557E-04  4.88801680100040992E-01
1.18733901121258548E-04  4.92076714845710028E-01
1.19497424091776980E-04  4.95231197063659978E-01
1.20287136347868931E-04  4.98505107135524428E-01
1.21040106739936544E-04  5.01585073028474882E-01
1.21830243008769212E-04  5.04858285542281737E-01
1.22616430553753111E-04  5.08095291803543958E-01
1.23407414252884456E-04  5.11365796411797802E-01
1.24190483785328355E-04  5.14602785379933980E-01
1.24978307970178421E-04  5.17867812676381822E-01
1.25416240935074565E-04  5.21024437246651817E-01
1.26109386915943845E-04  5.23596896476584250E-01
1.26761653664459774E-04  5.26177658481105204E-01
1.27548482333298199E-04  5.29441101982912610E-01
1.28335410040467980E-04  5.32704553530735536E-01
1.29114430543302017E-04  5.35952750929037935E-01
1.29771901329517846E-04  5.38201283926213581E-01
1.30835200681539247E-04  5.41208919340261163E-01
1.31588299930989090E-04  5.44227857112380642E-01
1.32465511750713000E-04  5.47259351931596472E-01
1.33298448113205840E-04  5.50189478376577390E-01
1.34049289352685709E-04  5.53357090901365978E-01
1.34789824572093507E-04  5.56561908379169856E-01
1.35437411919422587E-04  5.59565084285928327E-01
1.36224153290938864E-04  5.62815117654434482E-01
1.37010185108377321E-04  5.66061913546666240E-01
1.37795617523975983E-04  5.69305181219736944E-01
1.38642138943260995E-04  5.72269741467939852E-01
1.39421295399199709E-04  5.75334423089309821E-01
1.40048123949734413E-04  5.78559328110509363E-01
1.40834448046740605E-04  5.81806361768442248E-01
1.41538725833206119E-04  5.84848197636537726E-01
1.42284309500714454E-04  5.87865594363209731E-01
1.43077080843228947E-04  5.91101281960464742E-01
1.43863806667940929E-04  5.94331412029372674E-01
1.44794054116475363E-04  5.97225372056441106E-01
1.45580529043123734E-04  6.00469028963052764E-01
1.46117151443841270E-04  6.03421579976264111E-01
1.46905423565233360E-04  6.06657410743506653E-01
1.47532139299248050E-04  6.09204612576095150E-01
1.48020588608435873E-04  6.12097640214646299E-01
1.48803540360957672E-04  6.15334003004702423E-01
1.49640097714259790E-04  6.18240810893566417E-01
1.50422567825511319E-04  6.21472902163171081E-01
1.51213158602326453E-04  6.24608435786027538E-01
1.51994634657483599E-04  6.27837995670288862E-01
1.52877904338003835E-04  6.30904663193766146E-01
1.53661724278646855E-04  6.34138246808657602E-01
1.54536348794746814E-04  6.31480394500344877E-01
1.55222372214747738E-04  6.34069300484419451E-01
1.56006827896504156E-04  6.37271426808152630E-01
1.56791219306846863E-04  6.40473242197447057E-01
1.56791123011065618E-04  6.40473536426670154E-01
1.56584189949242510E-04  6.42424027154624322E-01
1.57362562288666449E-04  6.45608702239225618E-01
1.58103314650359303E-04  6.48689275436104551E-01
1.58882381100173935E-04  6.51883583653913079E-01
1.59661511928877071E-04  6.55077778974944680E-01
1.60396262799582592E-04  6.58121169436258202E-01
1.61181951546090878E-04  6.61296340792430604E-01
1.61960520327843367E-04  6.64456171321079370E-01
1.62739674319969940E-04  6.67649398256316196E-01
1.63465087367288542E-04  6.70764210484937062E-01
1.64270459639392734E-04  6.73952525760503018E-01
1.65049582724079505E-04  6.77145270984138792E-01
1.65828792237911367E-04  6.80334999185852718E-01
1.66607598076745286E-04  6.83527963993594945E-01
1.67376707664486368E-04  6.86689943231652000E-01
1.68155683987918948E-04  6.89882617046625346E-01
1.69024379417626915E-04  6.92697257677192146E-01
1.69827231980012455E-04  6.95730761782157536E-01
1.69415218977328474E-04  6.96440990911352142E-01
1.70187103431689024E-04  6.99618541602593291E-01
1.70960596140889640E-04  7.02797645528656756E-01
1.71673887564763664E-04  7.05755233062027032E-01
1.72447152790997787E-04  7.08933364424731205E-01
1.73207950878540712E-04  7.12082969073385863E-01
1.73966177605166042E-04  7.15224516825816115E-01
1.74738894342659629E-04  7.18402073265473007E-01
1.71868400125049781E-04  7.13902716057359221E-01
1.72829692821997033E-04  7.16377133137290678E-01
1.73587683370109852E-04  7.19518963805225065E-01
1.74345520908234311E-04  7.22660453226284805E-01
1.75103626713146027E-04  7.25801916576556239E-01
1.75861589528654438E-04  7.28943371932198936E-01
1.76620813666103840E-04  7.32053615044268913E-01
1.77390663907083315E-04  7.35097366723760803E-01
1.78153119783881070E-04  7.38200895876377827E-01
1.78911076558523757E-04  7.41341796692934984E-01
1.79665414290838474E-04  7.44470066718152079E-01
1.80411321757625864E-04  7.47583338097292271E-01
1.81237718920718854E-04  7.50514062741501564E-01
1.81995979411493647E-04  7.53654032458953682E-01
1.82299144525348636E-04  7.54393846868970486E-01
2.08527038646971058E-04  7.53642246697904028E-01
2.09382959009202924E-04  7.56738232852646298E-01
2.10244628663884894E-04  7.59852383685471477E-01
2.11004401691633828E-04  7.62689117130028960E-01
2.11720619578401048E-04  7.65356961722527762E-01
2.12580030666018743E-04  7.68464957649431901E-01
2.13440650898292367E-04  7.71576033371964787E-01
2.14301367750826394E-04  7.74687097854671158E-01
