0.00000000000000000E+00  0.00000000000000000E+00
1.79771915507768551E-06  4.48583829087530611E-02
2.69443236269205415E-06  6.72356377049412174E-02
2.95144520436394072E-06  7.27321253843911109E-02
3.29133131328352281E-06  8.10378444181807378E-02
3.41638868388906584E-06  8.43471697610338744E-02
3.71302309600325578E-06  8.91255249960701407E-02
3.69887859980660093E-06  8.87026316182798064E-02
3.85244222326092947E-06  9.23727096863799502E-02
3.95577763537293650E-06  9.49140249981191286E-02
1.60887218757272164E-05  9.36459302037756514E-02
1.56892182905947659E-05  9.18321342899728749E-02
1.67851211984675855E-05  9.65210121048249714E-02
1.69583552918378569E-05  9.87501776341335319E-02
1.67233832163031818E-05  9.62583264090650925E-02
1.69925722542502687E-05  1.00343054190023900E-01
1.73595836634601679E-05  1.01618189085788665E-01
1.75321321527344284E-05  1.02866765978133101E-01
1.78863544763992676E-05  1.03838499556427835E-01
1.85435929000884428E-05  1.06741323750221731E-01
1.88197088053130787E-05  1.07703897173520607E-01
1.94097419537929362E-05  1.10096303116417216E-01
1.97850075087704349E-05  1.12325703752075651E-01
2.05550590099851669E-05  1.16110490164195931E-01
2.10563192998979736E-05  1.18557585623807304E-01
2.18493145838327793E-05  1.22147441561103937E-01
2.25183914275940223E-05  1.25203512009199880E-01
2.32038893877958472E-05  1.27647757145923163E-01
2.38333040993202834E-05  1.30411824351330391E-01
2.46090790886658271E-05  1.33468964363924442E-01
2.38066390899573555E-05  1.36773586954142740E-01
2.53201024733107696E-05  1.39965944938169717E-01
2.57945600296724748E-05  1.42055653987482433E-01
2.64931680452213389E-05  1.45492828218914655E-01
2.57320515655965637E-05  1.47721993774717786E-01
2.63964789518189428E-05  1.51490953563871350E-01
2.70773394296157334E-05  1.55168919794697574E-01
2.75387984374695347E-05  1.57779913338885303E-01
2.83824782684842514E-05  1.61431984443863807E-01
2.90208983503618088E-05  1.65124552362282795E-01
2.96578762308108272E-05  1.68766680121342522E-01
3.51047470266667569E-05  1.71328997782647513E-01
3.59061612039785426E-05  1.74925133848308767E-01
3.63995844774836659E-05  1.77379501014984287E-01
3.67883988349825648E-05  1.80664122024309176E-01
3.75924744067096918E-05  1.84401853142702465E-01
3.83675901817164119E-05  1.88090849022602119E-01
3.88662468744340123E-05  1.91170370815927554E-01
3.96151277177712608E-05  1.92807234971091673E-01
4.01013614536325017E-05  1.96229226656368577E-01
4.08836270138442960E-05  2.00003140169753735E-01
4.16919592848858517E-05  2.03745876215215505E-01
4.24292032840377928E-05  2.07271089317105139E-01
4.31405042653378165E-05  2.09630181235459762E-01
4.40359468610887700E-05  2.12864408641656067E-01
4.47477337147418868E-05  2.16281344705090417E-01
4.55379295593629765E-05  2.20032987318164536E-01
4.62000175204874868E-05  2.23442346876682435E-01
4.69956546978681639E-05  2.27205478047576986E-01
4.77708058449000713E-05  2.30441633831778514E-01
5.05586650380579613E-05  2.33223730389304884E-01
5.14375224136033593E-05  2.36641262775003081E-01
5.22410168395171567E-05  2.40264083378007726E-01
5.26794828815747070E-05  2.43114242214106296E-01
5.36428365057973686E-05  2.46637059701448974E-01
5.40926533066779036E-05  2.48380461384378137E-01
5.46455662626388599E-05  2.50519242082161642E-01
5.49829246530014878E-05  2.53574570273254973E-01
5.54565925740339557E-05  2.56366186249893824E-01
5.64346662148059331E-05  2.59677748438280842E-01
5.72395067695227744E-05  2.63346904430260320E-01
5.86934943635105929E-05  2.66841748549903168E-01
5.94928153711892600E-05  2.70407321479583684E-01
6.02680533383729298E-05  2.73910283814549016E-01
6.09109499245717939E-05  2.76965259527413132E-01
6.17160377315754223E-05  2.80593805723216017E-01
6.23039557904645587E-05  2.83556309161715536E-01
6.31139917733139228E-05  2.86573607534693575E-01
6.33247294589337059E-05  2.88498967102159831E-01
6.41047461682442117E-05  2.92047876123034122E-01
6.47309194536214603E-05  2.94848586591735906E-01
6.54984511843306619E-05  2.98350650236812009E-01
6.60660651155816963E-05  3.01554683574231042E-01
6.68619616883099144E-05  3.04924873898136883E-01
6.76474779654773076E-05  3.08474597248823146E-01
6.80604574237021016E-05  3.09597038413330361E-01
6.88529706982395594E-05  3.13137357311019715E-01
6.96418446096886724E-05  3.16703949639668247E-01
7.01686091129347968E-05  3.19075671020208507E-01
7.09215365413644458E-05  3.22244253464649189E-01
7.16669448978949145E-05  3.25683155220261866E-01
7.23692521612262236E-05  3.28907258896345922E-01
7.31219462897438228E-05  3.32214983780164008E-01
7.70353431787679926E-05  3.35499004228508757E-01
7.77952393058787932E-05  3.38659003490475230E-01
7.85377473058398740E-05  3.41466661785489012E-01
7.89795520401736281E-05  3.44139945957565696E-01
7.97588269773031287E-05  3.47103773395241400E-01
8.04910156719184332E-05  3.50313993420537151E-01
8.66376155446880059E-05  3.52878399275082855E-01
8.54973703194156741E-05  3.55578639768902749E-01
8.63576616600210574E-05  3.58530603157172889E-01
8.71337083127839487E-05  3.61290588779490662E-01
8.78604633933264666E-05  3.64072911391460197E-01
9.20618036116226113E-05  3.67055631945097716E-01
9.33873163565304958E-05  3.69811949140584018E-01
9.41505374057152906E-05  3.72612883642126247E-01
9.47727042570319436E-05  3.74978145838951338E-01
9.53968204316366693E-05  3.77450619012176136E-01
9.59502690799050872E-05  3.79723343936028190E-01
9.66060496572144871E-05  3.81491395608508921E-01
9.74836850124532160E-05  3.84693534584993058E-01
9.82254797779705691E-05  3.87774660602867194E-01
9.02153607104916842E-05  3.90276506108955645E-01
9.06770367251551971E-05  3.92271508110968503E-01
9.14287912769250113E-05  3.94290773358354940E-01
9.22192442717390589E-05  3.97348703641804912E-01
9.26355443845786313E-05  3.99478291885836778E-01
9.32650138006174776E-05  4.02253389961988672E-01
9.38172836566410900E-05  4.04546481149708370E-01
9.45098446051900395E-05  4.07722868827044116E-01
9.52057608123765397E-05  4.10711121587169048E-01
9.54923499678727965E-05  4.12926036762618243E-01
9.61656849955748547E-05  4.15771922888474033E-01
9.68091924967546483E-05  4.18469228367590929E-01
9.74974390713855780E-05  4.21263339266280401E-01
9.81603326981972477E-05  4.24349495341807603E-01
9.88808197273675568E-05  4.26835851335447714E-01
9.99846199715949055E-05  4.29423592782287755E-01
1.00736319898101856E-04  4.32689871335025178E-01
1.01507935968098845E-04  4.35955834017070387E-01
1.02233019023950785E-04  4.39046729177503647E-01
1.03039905751007048E-04  4.42117297273847021E-01
1.03828130261822632E-04  4.45411233098801762E-01
1.04245290333770902E-04  4.48126587311182378E-01
1.05027235078524947E-04  4.51437948454079863E-01
1.04704751890371097E-04  4.53785134856204031E-01
1.05468756339905040E-04  4.57089733504486284E-01
1.06218845542275023E-04  4.59981007229924022E-01
1.06822077035869560E-04  4.63121718592906240E-01
1.07541106135454001E-04  4.66150891838857051E-01
1.08169333606497001E-04  4.69120027734989287E-01
1.08991382082233162E-04  4.72121949104808092E-01
1.09723428077381857E-04  4.75278643121867184E-01
1.10431684298478586E-04  4.78313661065922047E-01
1.11495230006254794E-04  4.79606949686658957E-01
1.12292844948671307E-04  4.82558071264460542E-01
1.21902443748896907E-04  4.85526276194197970E-01
1.22724841236285112E-04  4.88801680100040992E-01
1.23546987274774506E-04  4.92076714845710028E-01
1.24326972170639470E-04  4.95231197063659978E-01
1.25148974776903565E-04  4.98505107135524428E-01
1.25933194958736169E-04  5.01585073028474882E-01
1.26755107920456956E-04  5.04858285542281737E-01
1.27566934686162850E-04  5.08095291803543958E-01
1.28389220552119990E-04  5.11365796411797802E-01
1.29201581479938864E-04  5.14602785379933980E-01
1.30108271727356851E-04  5.17867812676381822E-01
1.30896492803681897E-04  5.21024437246651817E-01
1.31343851933303762E-04  5.23596896476584250E-01
1.31778343719915090E-04  5.26177658481105204E-01
1.32595701359781992E-04  5.29441101982912610E-01
1.33412989812889708E-04  5.32704553530735536E-01
1.34230892794914109E-04  5.35952750929037935E-01
1.34997267412399714E-04  5.38201283926213581E-01
1.35733011723633426E-04  5.41208919340261163E-01
1.36493015299090671E-04  5.44227857112380642E-01
1.37159127811218836E-04  5.47259351931596472E-01
1.38218546176909103E-04  5.50189478376577390E-01
1.39011713239566882E-04  5.53357090901365978E-01
1.39817973517168768E-04  5.56561908379169856E-01
1.40695413731349020E-04  5.59565084285928327E-01
1.41512480747902096E-04  5.62815117654434482E-01
1.42328698889347812E-04  5.66061913546666240E-01
1.43141924612652559E-04  5.69305181219736944E-01
1.43992700670101488E-04  5.72269741467939852E-01
1.44756959753613830E-04  5.75334423089309821E-01
1.45568269461946462E-04  5.78559328110509363E-01
1.46385067280201987E-04  5.81806361768442248E-01
1.47030873108618208E-04  5.84848197636537726E-01
1.47726348285034861E-04  5.87865594363209731E-01
1.48538389301101914E-04  5.91101281960464742E-01
1.49341759988424940E-04  5.94331412029372674E-01
1.50407927034921455E-04  5.97225372056441106E-01
1.51224596926820189E-04  6.00469028963052764E-01
1.51974864401596774E-04  6.03421579976264111E-01
1.52789830045314996E-04  6.06657410743506653E-01
1.53432220170370871E-04  6.09204612576095150E-01
1.54186630787639303E-04  6.12097640214646299E-01
1.55001896445123091E-04  6.15334003004702423E-01
1.55730696338937224E-04  6.18240810893566417E-01
1.56544971958343885E-04  6.21472902163171081E-01
1.57368016517124218E-04  6.24608435786027538E-01
1.58179669837740441E-04  6.27837995670288862E-01
1.58922227225333310E-04  6.30904663193766146E-01
1.59736661655419856E-04  6.34138246808657602E-01
1.58712892318172132E-04  6.31480394500344877E-01
1.59172410297296098E-04  6.34069300484419451E-01
1.59976308453089067E-04  6.37271426808152630E-01
1.60780165071361218E-04  6.40473242197447057E-01
1.60780437960236344E-04  6.40473536426670154E-01
1.61545885525435882E-04  6.42424027154624322E-01
1.62346657183952935E-04  6.45608702239225618E-01
1.63187708937505456E-04  6.48689275436104551E-01
1.63991274132213073E-04  6.51883583653913079E-01
1.64794793258025030E-04  6.55077778974944680E-01
1.65584842661039774E-04  6.58121169436258202E-01
1.66383829627358114E-04  6.61296340792430604E-01
1.67189140199872858E-04  6.64456171321079370E-01
1.67992627861236147E-04  6.67649398256316196E-01
1.68752298337809629E-04  6.70764210484937062E-01
1.69553573712101936E-04  6.73952525760503018E-01
1.70356822856173803E-04  6.77145270984138792E-01
1.71159083155696026E-04  6.80334999185852718E-01
1.71962386531844622E-04  6.83527963993594945E-01
1.72758005261803432E-04  6.86689943231652000E-01
1.73561233557524477E-04  6.89882617046625346E-01
1.74510420368585110E-04  6.92697257677192146E-01
1.75232504371831618E-04  6.95730761782157536E-01
1.75763740546338015E-04  6.96440990911352142E-01
1.76566400545205473E-04  6.99618541602593291E-01
1.77368624331054100E-04  7.02797645528656756E-01
1.78119194020349286E-04  7.05755233062027032E-01
1.78921166234221989E-04  7.08933364424731205E-01
1.79721402549682264E-04  7.12082969073385863E-01
1.80518281843053408E-04  7.15224516825816115E-01
1.81320391756657068E-04  7.18402073265473007E-01
1.81270917653535060E-04  7.13902716057359221E-01
1.81762145407391232E-04  7.16377133137290678E-01
1.82559298451145414E-04  7.19518963805225065E-01
1.83356412347505503E-04  7.22660453226284805E-01
1.84153335206528167E-04  7.25801916576556239E-01
1.84950350798241282E-04  7.28943371932198936E-01
1.85733540214453024E-04  7.32053615044268913E-01
1.86481941412917733E-04  7.35097366723760803E-01
1.87260167603515559E-04  7.38200895876377827E-01
1.88056956682168628E-04  7.41341796692934984E-01
1.88850925214141801E-04  7.44470066718152079E-01
1.89644322443077544E-04  7.47583338097292271E-01
1.90307730982594570E-04  7.50514062741501564E-01
1.91103928828508223E-04  7.53654032458953682E-01
1.91207865129154608E-04  7.54393846868970486E-01
1.90307811637764612E-04  7.53642246697904028E-01
1.91092034374020035E-04  7.56738232852646298E-01
1.91878384684914492E-04  7.59852383685471477E-01
1.92680156793503723E-04  7.62689117130028960E-01
1.93428949903283898E-04  7.65356961722527762E-01
1.94215636945222446E-04  7.68464957649431901E-01
1.95001887786824726E-04  7.71576033371964787E-01
1.95787796698166858E-04  7.74687097854671158E-01
