0.00000000000000000E+00  0.00000000000000000E+00
1.79771915238374465E-06  4.48583829087530611E-02
2.69442678910202307E-06  6.72356377049412174E-02
2.91558758839743459E-06  7.27321253843911109E-02
3.25003460728144795E-06  8.10378444181807378E-02
3.37695611623824122E-06  8.43471697610338744E-02
3.66764245899745065E-06  8.91255249960701407E-02
3.76271234995594127E-06  8.87026316182798064E-02
1.57008082383916758E-05  9.23727096863799502E-02
1.67113929877397857E-05  9.49140249981191286E-02
1.67207835515571497E-05  9.36459302037756514E-02
1.63595729163576085E-05  9.18321342899728749E-02
1.74423432625542588E-05  9.65210121048249714E-02
1.77307152243713270E-05  9.87501776341335319E-02
1.74363955129129620E-05  9.62583264090650925E-02
1.78936002005230708E-05  1.00343054190023900E-01
1.93532516062887305E-05  1.01618189085788665E-01
2.15429802733351796E-05  1.02866765978133101E-01
2.18630944207124094E-05  1.03838499556427835E-01
2.26205706499490306E-05  1.06741323750221731E-01
2.36587650102885929E-05  1.07703897173520607E-01
2.42137740860309857E-05  1.10096303116417216E-01
2.47257359884844766E-05  1.12325703752075651E-01
2.56760953279016896E-05  1.16110490164195931E-01
2.58784727557995805E-05  1.18557585623807304E-01
2.69556888083215263E-05  1.22147441561103937E-01
2.77334127585911411E-05  1.25203512009199880E-01
2.84677550271405914E-05  1.27647757145923163E-01
2.94075359504363323E-05  1.30411824351330391E-01
3.01655846960554815E-05  1.33468964363924442E-01
3.09193789547435819E-05  1.36773586954142740E-01
3.17858347892789844E-05  1.39965944938169717E-01
3.24170968352996782E-05  1.42055653987482433E-01
3.33309138502739175E-05  1.45492828218914655E-01
3.39063383609991553E-05  1.47721993774717786E-01
3.48522215357909438E-05  1.51490953563871350E-01
3.58300493186932138E-05  1.55168919794697574E-01
3.68256179770275020E-05  1.57779913338885303E-01
3.78006238223419248E-05  1.61431984443863807E-01
3.87947153887062629E-05  1.65124552362282795E-01
4.03469124246844417E-05  1.68766680121342522E-01
4.12201892504797775E-05  1.71328997782647513E-01
4.21199164297753493E-05  1.74925133848308767E-01
4.26970557581912106E-05  1.77379501014984287E-01
4.33610002255590534E-05  1.80664122024309176E-01
4.42891448671887565E-05  1.84401853142702465E-01
4.51688098705310421E-05  1.88090849022602119E-01
4.58526703479750263E-05  1.91170370815927554E-01
4.64201427300382167E-05  1.92807234971091673E-01
4.71449794844981153E-05  1.96229226656368577E-01
4.80663347236947626E-05  2.00003140169753735E-01
4.89978424907764210E-05  2.03745876215215505E-01
4.98622390944613702E-05  2.07271089317105139E-01
5.04259902348041947E-05  2.09630181235459762E-01
5.13133988753924474E-05  2.12864408641656067E-01
5.21493144440579549E-05  2.16281344705090417E-01
5.30709259990686617E-05  2.20032987318164536E-01
5.38788858648569895E-05  2.23442346876682435E-01
5.48049463195915756E-05  2.27205478047576986E-01
5.56516593347538809E-05  2.30441633831778514E-01
5.62346927310228848E-05  2.33223730389304884E-01
5.71336002943808371E-05  2.36641262775003081E-01
5.80270885285124206E-05  2.40264083378007726E-01
5.92612964293515653E-05  2.43114242214106296E-01
6.02310126682709460E-05  2.46637059701448974E-01
6.07047094673691511E-05  2.48380461384378137E-01
6.12886816852004209E-05  2.50519242082161642E-01
6.19028224621383976E-05  2.53574570273254973E-01
6.28643144689604609E-05  2.56366186249893824E-01
6.36773284985367970E-05  2.59677748438280842E-01
6.45979868254852648E-05  2.63346904430260320E-01
6.54930175905467675E-05  2.66841748549903168E-01
6.63946492168675500E-05  2.70407321479583684E-01
6.72758558006876896E-05  2.73910283814549016E-01
6.80552714435279449E-05  2.76965259527413132E-01
6.89665419239465305E-05  2.80593805723216017E-01
6.94492012279925670E-05  2.83556309161715536E-01
7.02262644436818517E-05  2.86573607534693575E-01
7.06810889713881552E-05  2.88498967102159831E-01
7.18974008250073196E-05  2.92047876123034122E-01
7.26196061817646187E-05  2.94848586591735906E-01
7.35115892525391862E-05  2.98350650236812009E-01
7.43058667695430629E-05  3.01554683574231042E-01
7.51774192052463101E-05  3.04924873898136883E-01
7.60714678310525812E-05  3.08474597248823146E-01
7.99276273323748856E-05  3.09597038413330361E-01
8.08613884778334492E-05  3.13137357311019715E-01
8.18048333901953868E-05  3.16703949639668247E-01
8.24246813888125564E-05  3.19075671020208507E-01
8.32492275233600448E-05  3.22244253464649189E-01
8.41573594036126253E-05  3.25683155220261866E-01
8.50079939458904445E-05  3.28907258896345922E-01
8.58694831175365637E-05  3.32214983780164008E-01
8.67312583304130982E-05  3.35499004228508757E-01
8.75494702921044386E-05  3.38659003490475230E-01
8.82711643889399697E-05  3.41466661785489012E-01
8.90007889506212995E-05  3.44139945957565696E-01
8.97636425318353286E-05  3.47103773395241400E-01
9.06076975576253045E-05  3.50313993420537151E-01
9.91348295456319101E-05  3.52878399275082855E-01
9.98230182758541064E-05  3.55578639768902749E-01
1.00671602371442750E-04  3.58530603157172889E-01
1.01436538208952770E-04  3.61290588779490662E-01
1.02214891346465598E-04  3.64072911391460197E-01
1.03055091975721644E-04  3.67055631945097716E-01
1.03826658182204707E-04  3.69811949140584018E-01
1.04601576032533911E-04  3.72612883642126247E-01
1.05267461853529847E-04  3.74978145838951338E-01
1.05970091267094946E-04  3.77450619012176136E-01
1.06636423116820891E-04  3.79723343936028190E-01
1.07069870585954890E-04  3.81491395608508921E-01
1.07948758678895820E-04  3.84693534584993058E-01
1.08837551388410057E-04  3.87774660602867194E-01
1.09525836567558573E-04  3.90276506108955645E-01
1.10094720742710123E-04  3.92271508110968503E-01
1.11492968972984677E-04  3.94290773358354940E-01
1.08071986129928532E-04  3.97348703641804912E-01
1.08672009147584145E-04  3.99478291885836778E-01
1.08777317492140223E-04  4.02253389961988672E-01
1.09395545931420708E-04  4.04546481149708370E-01
1.10286050493021244E-04  4.07722868827044116E-01
1.11109365385850777E-04  4.10711121587169048E-01
1.11786821205871753E-04  4.12926036762618243E-01
1.12567243694100105E-04  4.15771922888474033E-01
1.13309712268559694E-04  4.18469228367590929E-01
1.14019353017952470E-04  4.21263339266280401E-01
1.14893989645319279E-04  4.24349495341807603E-01
1.15527495725814815E-04  4.26835851335447714E-01
1.16237889816928194E-04  4.29423592782287755E-01
1.17140552834994749E-04  4.32689871335025178E-01
1.18037649757287127E-04  4.35955834017070387E-01
1.18890145010305381E-04  4.39046729177503647E-01
1.19713625676739393E-04  4.42117297273847021E-01
1.20617294973824826E-04  4.45411233098801762E-01
1.21424507216467146E-04  4.48126587311182378E-01
1.22335008173633970E-04  4.51437948454079863E-01
1.22977260154394580E-04  4.53785134856204031E-01
1.23885015115158701E-04  4.57089733504486284E-01
1.24670090912693075E-04  4.59981007229924022E-01
1.25556009843918407E-04  4.63121718592906240E-01
1.26384589416763445E-04  4.66150891838857051E-01
1.27219563451901269E-04  4.69120027734989287E-01
1.28022240558901997E-04  4.72121949104808092E-01
1.28893158900284356E-04  4.75278643121867184E-01
1.29737635588888373E-04  4.78313661065922047E-01
1.29950971866795578E-04  4.79606949686658957E-01
1.30764006416305215E-04  4.82558071264460542E-01
1.31629212610768478E-04  4.85526276194197970E-01
1.32529103095028978E-04  4.88801680100040992E-01
1.33428889607625084E-04  4.92076714845710028E-01
1.34661246591771637E-04  4.95231197063659978E-01
1.35561567577354661E-04  4.98505107135524428E-01
1.36406248303743609E-04  5.01585073028474882E-01
1.37305641344977452E-04  5.04858285542281737E-01
1.38195456655212153E-04  5.08095291803543958E-01
1.39094007815913044E-04  5.11365796411797802E-01
1.39983748640785857E-04  5.14602785379933980E-01
1.40881417754758556E-04  5.17867812676381822E-01
1.41742293576218713E-04  5.21024437246651817E-01
1.42597175037895152E-04  5.23596896476584250E-01
1.43318213766505283E-04  5.26177658481105204E-01
1.44214592194795519E-04  5.29441101982912610E-01
1.45111020271496572E-04  5.32704553530735536E-01
1.46002341939574422E-04  5.35952750929037935E-01
1.46582659385542397E-04  5.38201283926213581E-01
1.47419287023450342E-04  5.41208919340261163E-01
1.48248304654243802E-04  5.44227857112380642E-01
1.49102659955871117E-04  5.47259351931596472E-01
1.49857931459548149E-04  5.50189478376577390E-01
1.50729299602381153E-04  5.53357090901365978E-01
1.51610003819092551E-04  5.56561908379169856E-01
1.52412016925199730E-04  5.59565084285928327E-01
1.53306006291487485E-04  5.62815117654434482E-01
1.54199162519003292E-04  5.66061913546666240E-01
1.55166368534892692E-04  5.69305181219736944E-01
1.55931098969048880E-04  5.72269741467939852E-01
1.56776316454501023E-04  5.75334423089309821E-01
1.57663919254188122E-04  5.78559328110509363E-01
1.58557305607337322E-04  5.81806361768442248E-01
1.59438688329469839E-04  5.84848197636537726E-01
1.57242708714112282E-04  5.87865594363209731E-01
1.58109364648903114E-04  5.91101281960464742E-01
1.58975790684191733E-04  5.94331412029372674E-01
1.59669613980710327E-04  5.97225372056441106E-01
1.60536983753060969E-04  6.00469028963052764E-01
1.61319868915599240E-04  6.03421579976264111E-01
1.62184875668575958E-04  6.06657410743506653E-01
1.62865856110452380E-04  6.09204612576095150E-01
1.63622066464429866E-04  6.12097640214646299E-01
1.64486978662962881E-04  6.15334003004702423E-01
1.65273063974704509E-04  6.18240810893566417E-01
1.66136794460279569E-04  6.21472902163171081E-01
1.66960061756232792E-04  6.24608435786027538E-01
1.67823777693732867E-04  6.27837995670288862E-01
1.68656745587585262E-04  6.30904663193766146E-01
1.69521016632657659E-04  6.34138246808657602E-01
1.68230159950399829E-04  6.31480394500344877E-01
1.65288611431836131E-04  6.34069300484419451E-01
1.66123312707433957E-04  6.37271426808152630E-01
1.66957918506455485E-04  6.40473242197447057E-01
1.66957905437542346E-04  6.40473536426670154E-01
1.67328983991416134E-04  6.42424027154624322E-01
1.68158550304448127E-04  6.45608702239225618E-01
1.71104251853513786E-04  6.48689275436104551E-01
1.71946818718067378E-04  6.51883583653913079E-01
1.72789363883451164E-04  6.55077778974944680E-01
1.73521948124821107E-04  6.58121169436258202E-01
1.74359664754505581E-04  6.61296340792430604E-01
1.75187928970825871E-04  6.64456171321079370E-01
1.76029844399342838E-04  6.67649398256316196E-01
1.76861812099296609E-04  6.70764210484937062E-01
1.77704056845498243E-04  6.73952525760503018E-01
1.78545908187540802E-04  6.77145270984138792E-01
1.79387108023469112E-04  6.80334999185852718E-01
1.80229008214784821E-04  6.83527963993594945E-01
1.81062587834978240E-04  6.86689943231652000E-01
1.81904416346896722E-04  6.89882617046625346E-01
1.82518390791009798E-04  6.92697257677192146E-01
1.83347649000441433E-04  6.95730761782157536E-01
1.83284210597399900E-04  6.96440990911352142E-01
1.84118767552103081E-04  6.99618541602593291E-01
1.84954323769429864E-04  7.02797645528656756E-01
1.85728629242426415E-04  7.05755233062027032E-01
1.86563934713658737E-04  7.08933364424731205E-01
1.87387843144617722E-04  7.12082969073385863E-01
1.88210576683156810E-04  7.15224516825816115E-01
1.89045530635674388E-04  7.18402073265473007E-01
1.87081342308807134E-04  7.13902716057359221E-01
1.87832193131106349E-04  7.16377133137290678E-01
1.88655976484738801E-04  7.19518963805225065E-01
1.89478570710385937E-04  7.22660453226284805E-01
1.90301239180861673E-04  7.25801916576556239E-01
1.91123835596389898E-04  7.28943371932198936E-01
1.91942471960960832E-04  7.32053615044268913E-01
1.92755684199458124E-04  7.35097366723760803E-01
1.93575693734783245E-04  7.38200895876377827E-01
1.94398207153918291E-04  7.41341796692934984E-01
1.95218220670978927E-04  7.44470066718152079E-01
1.96032002120879057E-04  7.47583338097292271E-01
1.96857415385758277E-04  7.50514062741501564E-01
1.97681021984682636E-04  7.53654032458953682E-01
1.97934556765555839E-04  7.54393846868970486E-01
1.98241907000426629E-04  7.53642246697904028E-01
1.99054561450048070E-04  7.56738232852646298E-01
1.99873742857066376E-04  7.59852383685471477E-01
2.00559169952994280E-04  7.62689117130028960E-01
2.01207518744045237E-04  7.65356961722527762E-01
2.02023736481571434E-04  7.68464957649431901E-01
2.02841627541915613E-04  7.71576033371964787E-01
2.03659756768745891E-04  7.74687097854671158E-01
