0.00000000000000000E+00  0.00000000000000000E+00
1.79771913495197600E-06  4.48583829087530611E-02
2.69440441989753901E-06  6.72356377049412174E-02
2.91555110923169070E-06  7.27321253843911109E-02
3.25184321208202623E-06  8.10378444181807378E-02
3.37830187998328503E-06  8.43471697610338744E-02
3.56967049209151429E-06  8.91255249960701407E-02
3.55523284085795203E-06  8.87026316182798064E-02
3.70115175365889849E-06  9.23727096863799502E-02
3.79971573309575159E-06  9.49140249981191286E-02
4.46837104620009763E-06  9.36459302037756514E-02
4.39933539908560342E-06  9.18321342899728749E-02
1.08416668735319141E-05  9.65210121048249714E-02
1.16702895265109220E-05  9.87501776341335319E-02
1.12513538519095160E-05  9.62583264090650925E-02
1.18782891337989313E-05  1.00343054190023900E-01
1.21955889189343989E-05  1.01618189085788665E-01
1.23335296967966301E-05  1.02866765978133101E-01
1.23701339447217879E-05  1.03838499556427835E-01
1.27950572687273193E-05  1.06741323750221731E-01
1.28133804338851601E-05  1.07703897173520607E-01
1.39579117528766910E-05  1.10096303116417216E-01
1.44217475691025177E-05  1.12325703752075651E-01
1.50195952029691187E-05  1.16110490164195931E-01
1.50029504576758505E-05  1.18557585623807304E-01
1.54976107195489926E-05  1.22147441561103937E-01
1.59728667063619009E-05  1.25203512009199880E-01
2.52168135479089416E-05  1.27647757145923163E-01
2.58219019014727580E-05  1.30411824351330391E-01
2.65581444457756383E-05  1.33468964363924442E-01
2.72757335811707425E-05  1.36773586954142740E-01
3.22684569677202928E-05  1.39965944938169717E-01
3.28494614747739180E-05  1.42055653987482433E-01
3.37709510616821234E-05  1.45492828218914655E-01
3.45295073514456262E-05  1.47721993774717786E-01
3.54814967712392378E-05  1.51490953563871350E-01
3.64654199535227597E-05  1.55168919794697574E-01
3.74070047146173035E-05  1.57779913338885303E-01
3.83417117914013235E-05  1.61431984443863807E-01
3.92929895478406031E-05  1.65124552362282795E-01
4.02401244379433287E-05  1.68766680121342522E-01
4.09164412395501050E-05  1.71328997782647513E-01
4.18730680870473904E-05  1.74925133848308767E-01
4.26577474546932815E-05  1.77379501014984287E-01
4.36413644039153250E-05  1.80664122024309176E-01
4.45788807332253697E-05  1.84401853142702465E-01
4.55189313874122163E-05  1.88090849022602119E-01
4.64326768694050401E-05  1.91170370815927554E-01
4.69344162067021273E-05  1.92807234971091673E-01
4.80696278683362919E-05  1.96229226656368577E-01
4.90163376933693950E-05  2.00003140169753735E-01
4.99438190834410392E-05  2.03745876215215505E-01
5.08282076858998857E-05  2.07271089317105139E-01
5.13142016156879072E-05  2.09630181235459762E-01
5.20986069844687517E-05  2.12864408641656067E-01
5.29611635621475736E-05  2.16281344705090417E-01
5.39044799149541488E-05  2.20032987318164536E-01
5.48105634845176982E-05  2.23442346876682435E-01
5.57498745257084798E-05  2.27205478047576986E-01
5.66831450834563971E-05  2.30441633831778514E-01
5.74630622892087321E-05  2.33223730389304884E-01
5.82663113358017175E-05  2.36641262775003081E-01
5.91695421930215747E-05  2.40264083378007726E-01
6.99968520789771582E-05  2.43114242214106296E-01
7.11084296443479421E-05  2.46637059701448974E-01
7.16951847061040193E-05  2.48380461384378137E-01
7.24206989930610383E-05  2.50519242082161642E-01
7.32619029449996153E-05  2.53574570273254973E-01
7.40574537829922878E-05  2.56366186249893824E-01
7.50316145076812113E-05  2.59677748438280842E-01
7.61208245771984558E-05  2.63346904430260320E-01
7.71759573440120809E-05  2.66841748549903168E-01
7.82435956298527073E-05  2.70407321479583684E-01
7.89170314567139326E-05  2.73910283814549016E-01
7.97860269074713527E-05  2.76965259527413132E-01
8.08497233785400362E-05  2.80593805723216017E-01
8.17058212487355249E-05  2.83556309161715536E-01
8.26255708053834446E-05  2.86573607534693575E-01
8.31481900721233076E-05  2.88498967102159831E-01
8.41990618842330604E-05  2.92047876123034122E-01
8.50634570666807498E-05  2.94848586591735906E-01
8.61077964850955231E-05  2.98350650236812009E-01
8.52251722900253163E-05  3.01554683574231042E-01
8.61837115759206754E-05  3.04924873898136883E-01
8.72022177456138400E-05  3.08474597248823146E-01
8.75282446773895887E-05  3.09597038413330361E-01
8.85438242955007351E-05  3.13137357311019715E-01
8.95664203950205691E-05  3.16703949639668247E-01
9.02404788620623111E-05  3.19075671020208507E-01
9.46928347996839771E-05  3.22244253464649189E-01
9.57059675983664131E-05  3.25683155220261866E-01
9.66661066105112439E-05  3.28907258896345922E-01
9.76543085352723876E-05  3.32214983780164008E-01
9.86325554820756747E-05  3.35499004228508757E-01
1.00411211653023786E-04  3.38659003490475230E-01
1.01270007995049593E-04  3.41466661785489012E-01
1.02063152488119681E-04  3.44139945957565696E-01
1.02955432978666652E-04  3.47103773395241400E-01
1.03908760355280469E-04  3.50313993420537151E-01
1.04669804732524484E-04  3.52878399275082855E-01
1.05472389653518770E-04  3.55578639768902749E-01
1.06354954838711047E-04  3.58530603157172889E-01
1.12055701105162435E-04  3.61290588779490662E-01
1.12927991218390433E-04  3.64072911391460197E-01
1.13850114089655667E-04  3.67055631945097716E-01
1.14700153404159733E-04  3.69811949140584018E-01
1.15566282291274663E-04  3.72612883642126247E-01
1.16176973086112943E-04  3.74978145838951338E-01
1.16943802104941923E-04  3.77450619012176136E-01
1.18736755738311269E-04  3.79723343936028190E-01
1.19294947204198146E-04  3.81491395608508921E-01
1.20287792776312651E-04  3.84693534584993058E-01
1.21252140473770281E-04  3.87774660602867194E-01
1.22022468003959647E-04  3.90276506108955645E-01
1.22800403618420970E-04  3.92271508110968503E-01
1.23445952934218752E-04  3.94290773358354940E-01
1.24400232844590602E-04  3.97348703641804912E-01
1.30071042197988426E-04  3.99478291885836778E-01
1.30969203005432220E-04  4.02253389961988672E-01
1.31707614537514197E-04  4.04546481149708370E-01
1.32757021267229571E-04  4.07722868827044116E-01
1.33737822447571944E-04  4.10711121587169048E-01
1.46296010397022839E-04  4.12926036762618243E-01
1.47308134458113988E-04  4.15771922888474033E-01
1.48289083102024193E-04  4.18469228367590929E-01
1.46197088049649423E-04  4.21263339266280401E-01
1.47322219242864393E-04  4.24349495341807603E-01
1.48115735197778403E-04  4.26835851335447714E-01
1.49041421532027530E-04  4.29423592782287755E-01
1.48905986673263883E-04  4.32689871335025178E-01
1.50026395233873993E-04  4.35955834017070387E-01
1.51099273298596886E-04  4.39046729177503647E-01
1.52117203797654758E-04  4.42117297273847021E-01
1.53248531769290420E-04  4.45411233098801762E-01
1.54302485902688136E-04  4.48126587311182378E-01
1.55444653113131093E-04  4.51437948454079863E-01
1.56307258940292012E-04  4.53785134856204031E-01
1.57448462505814166E-04  4.57089733504486284E-01
1.58460599342471944E-04  4.59981007229924022E-01
1.59555072841184500E-04  4.63121718592906240E-01
1.60590997752073188E-04  4.66150891838857051E-01
1.61660819276890355E-04  4.69120027734989287E-01
1.62680249370892108E-04  4.72121949104808092E-01
1.63774513621239935E-04  4.75278643121867184E-01
1.64863004923885854E-04  4.78313661065922047E-01
1.65080704818780771E-04  4.79606949686658957E-01
1.56970322314425783E-04  4.82558071264460542E-01
1.57894838721281232E-04  4.85526276194197970E-01
1.58959632268803469E-04  4.88801680100040992E-01
1.60024228497665597E-04  4.92076714845710028E-01
1.61057842355990556E-04  4.95231197063659978E-01
1.62122059511055593E-04  4.98505107135524428E-01
1.63119684995427765E-04  5.01585073028474882E-01
1.64183814089239634E-04  5.04858285542281737E-01
1.65238261276412675E-04  5.08095291803543958E-01
1.66301336008338983E-04  5.11365796411797802E-01
1.67354530351061879E-04  5.14602785379933980E-01
1.68417509291814149E-04  5.17867812676381822E-01
1.69342141886410884E-04  5.21024437246651817E-01
1.70329061635640048E-04  5.23596896476584250E-01
1.71317244418398972E-04  5.26177658481105204E-01
1.72376678267590223E-04  5.29441101982912610E-01
1.73438831575428894E-04  5.32704553530735536E-01
1.74491909380208865E-04  5.35952750929037935E-01
1.75127249179879169E-04  5.38201283926213581E-01
1.76230207373975507E-04  5.41208919340261163E-01
1.77218518804133154E-04  5.44227857112380642E-01
1.73820551215595615E-04  5.47259351931596472E-01
1.74510395901732087E-04  5.50189478376577390E-01
1.75509174030422793E-04  5.53357090901365978E-01
1.76509191674063814E-04  5.56561908379169856E-01
1.77292558696504326E-04  5.59565084285928327E-01
1.78316156188215551E-04  5.62815117654434482E-01
1.79334456666412762E-04  5.66061913546666240E-01
1.80354043487734872E-04  5.69305181219736944E-01
1.81365432017658364E-04  5.72269741467939852E-01
1.82352316409146488E-04  5.75334423089309821E-01
1.83371856211594995E-04  5.78559328110509363E-01
1.84390872680960903E-04  5.81806361768442248E-01
1.87157070075288316E-04  5.84848197636537726E-01
1.88213204515790596E-04  5.87865594363209731E-01
1.89247367589965871E-04  5.91101281960464742E-01
1.90283877490123824E-04  5.94331412029372674E-01
1.90966438446939658E-04  5.97225372056441106E-01
1.91995394822494069E-04  6.00469028963052764E-01
1.92835935251063368E-04  6.03421579976264111E-01
1.93864342283653433E-04  6.06657410743506653E-01
1.94675242647745703E-04  6.09204612576095150E-01
1.95440782063709649E-04  6.12097640214646299E-01
1.96465885879874933E-04  6.15334003004702423E-01
1.97476585263833739E-04  6.18240810893566417E-01
1.98494891129877803E-04  6.21472902163171081E-01
1.99406388467496514E-04  6.24608435786027538E-01
2.00432060905647233E-04  6.27837995670288862E-01
2.01513140238588056E-04  6.30904663193766146E-01
2.02538556899728960E-04  6.34138246808657602E-01
2.02418933753453247E-04  6.31480394500344877E-01
2.03469932310392041E-04  6.34069300484419451E-01
2.04497389881125313E-04  6.37271426808152630E-01
2.05525350187909725E-04  6.40473242197447057E-01
2.05525134876871629E-04  6.40473536426670154E-01
2.05535905687073694E-04  6.42424027154624322E-01
2.06549846419568431E-04  6.45608702239225618E-01
2.07454472487487648E-04  6.48689275436104551E-01
2.08468855635132906E-04  6.51883583653913079E-01
2.09482930670318139E-04  6.55077778974944680E-01
2.10420207048020447E-04  6.58121169436258202E-01
2.11434740310025883E-04  6.61296340792430604E-01
2.12431247567818580E-04  6.64456171321079370E-01
2.13444932157566547E-04  6.67649398256316196E-01
2.14441639147463364E-04  6.70764210484937062E-01
2.15468169443560655E-04  6.73952525760503018E-01
2.16481858713934300E-04  6.77145270984138792E-01
2.17495162676545686E-04  6.80334999185852718E-01
2.18508811316364855E-04  6.83527963993594945E-01
2.19511394147376554E-04  6.86689943231652000E-01
2.20525050442544300E-04  6.89882617046625346E-01
2.21230584150618713E-04  6.92697257677192146E-01
2.22279124867010534E-04  6.95730761782157536E-01
2.21782344082993230E-04  6.96440990911352142E-01
2.22785811694018940E-04  6.99618541602593291E-01
2.23791466154987101E-04  7.02797645528656756E-01
2.24718345187736521E-04  7.05755233062027032E-01
2.25722559646589736E-04  7.08933364424731205E-01
2.26706558959411004E-04  7.12082969073385863E-01
2.27690715447599612E-04  7.15224516825816115E-01
2.28694177689854790E-04  7.18402073265473007E-01
2.24406019000789568E-04  7.13902716057359221E-01
2.25539134322267146E-04  7.16377133137290678E-01
2.26528296510572318E-04  7.19518963805225065E-01
2.27517255112265511E-04  7.22660453226284805E-01
2.28506579296692929E-04  7.25801916576556239E-01
2.29495708865477301E-04  7.28943371932198936E-01
2.30486984145901290E-04  7.32053615044268913E-01
2.31493642069766428E-04  7.35097366723760803E-01
2.32489410465517264E-04  7.38200895876377827E-01
2.33478539412257553E-04  7.41341796692934984E-01
2.34462913079915881E-04  7.44470066718152079E-01
2.35436009452384513E-04  7.47583338097292271E-01
2.41150886102225320E-04  7.50514062741501564E-01
2.42159809722346069E-04  7.53654032458953682E-01
2.42543146662219274E-04  7.54393846868970486E-01
2.43536825090774275E-04  7.53642246697904028E-01
2.44533046818865528E-04  7.56738232852646298E-01
2.45539420754603381E-04  7.59852383685471477E-01
2.46307313653381342E-04  7.62689117130028960E-01
2.47038619844647603E-04  7.65356961722527762E-01
2.48039712175512385E-04  7.68464957649431901E-01
2.49043913457407812E-04  7.71576033371964787E-01
2.50048701576249463E-04  7.74687097854671158E-01
