0.00000000000000000E+00  0.00000000000000000E+00
1.79771912956301009E-06  4.48583829087530611E-02
2.69437661068470718E-06  6.72356377049412174E-02
2.91545580997232138E-06  7.27321253843911109E-02
3.25452046860997559E-06  8.10378444181807378E-02
3.38211839373813447E-06  8.43471697610338744E-02
3.57033354803779003E-06  8.91255249960701407E-02
3.68444768593912905E-06  8.87026316182798064E-02
1.36173866389958053E-05  9.23727096863799502E-02
1.42743256751699842E-05  9.49140249981191286E-02
1.39676363547901346E-05  9.36459302037756514E-02
1.36531174387063015E-05  9.18321342899728749E-02
1.41436635595510460E-05  9.65210121048249714E-02
1.43321632316391269E-05  9.87501776341335319E-02
1.37393096295233808E-05  9.62583264090650925E-02
1.43633038391779771E-05  1.00343054190023900E-01
1.41753271209070822E-05  1.01618189085788665E-01
1.41998411327138316E-05  1.02866765978133101E-01
1.42056195987033890E-05  1.03838499556427835E-01
1.46900150753113707E-05  1.06741323750221731E-01
1.45488661216516910E-05  1.07703897173520607E-01
1.48173904008797866E-05  1.10096303116417216E-01
1.50636989497685610E-05  1.12325703752075651E-01
1.56509379307944200E-05  1.16110490164195931E-01
1.61704327854118131E-05  1.18557585623807304E-01
1.67140805454053364E-05  1.22147441561103937E-01
1.72758342421214283E-05  1.25203512009199880E-01
1.75080236872022198E-05  1.27647757145923163E-01
1.79559562730271811E-05  1.30411824351330391E-01
1.84130028208984641E-05  1.33468964363924442E-01
1.94144195176952552E-05  1.36773586954142740E-01
2.00958210191503738E-05  1.39965944938169717E-01
2.05335559310529164E-05  1.42055653987482433E-01
2.10795999907354998E-05  1.45492828218914655E-01
2.15162608179476043E-05  1.47721993774717786E-01
2.20473280051660791E-05  1.51490953563871350E-01
2.25810419243832692E-05  1.55168919794697574E-01
2.32432698927188992E-05  1.57779913338885303E-01
2.37581422836373717E-05  1.61431984443863807E-01
2.44455161506028362E-05  1.65124552362282795E-01
2.50196105355316757E-05  1.68766680121342522E-01
2.54699156794825111E-05  1.71328997782647513E-01
2.60247085413212436E-05  1.74925133848308767E-01
2.65612137433526938E-05  1.77379501014984287E-01
2.70732576747839248E-05  1.80664122024309176E-01
2.84106923618995637E-05  1.84401853142702465E-01
2.89880450311385141E-05  1.88090849022602119E-01
2.95716075498202863E-05  1.91170370815927554E-01
3.77943142020500771E-05  1.92807234971091673E-01
3.84635445586727596E-05  1.96229226656368577E-01
3.92076176423817712E-05  2.00003140169753735E-01
3.99652341962809538E-05  2.03745876215215505E-01
4.06798357442128295E-05  2.07271089317105139E-01
4.11288020598261916E-05  2.09630181235459762E-01
4.16962486393659612E-05  2.12864408641656067E-01
4.23631526853280455E-05  2.16281344705090417E-01
4.31195594729604642E-05  2.20032987318164536E-01
4.37586598651482778E-05  2.23442346876682435E-01
4.45189103214032288E-05  2.27205478047576986E-01
4.52615745344157015E-05  2.30441633831778514E-01
4.91329412872392509E-05  2.33223730389304884E-01
4.98614334301680610E-05  2.36641262775003081E-01
5.06358242776147431E-05  2.40264083378007726E-01
5.12513276061132318E-05  2.43114242214106296E-01
5.20029201848341404E-05  2.46637059701448974E-01
5.24193247804592005E-05  2.48380461384378137E-01
5.31190946356481855E-05  2.50519242082161642E-01
5.37941395958459710E-05  2.53574570273254973E-01
5.43638543557887870E-05  2.56366186249893824E-01
5.50716597449503638E-05  2.59677748438280842E-01
5.58666505580287902E-05  2.63346904430260320E-01
5.66326025761483033E-05  2.66841748549903168E-01
5.74074166905099922E-05  2.70407321479583684E-01
5.81580277146521822E-05  2.73910283814549016E-01
5.87774274573948756E-05  2.76965259527413132E-01
5.95560010702815557E-05  2.80593805723216017E-01
6.01891675210868352E-05  2.83556309161715536E-01
6.08944700798540878E-05  2.86573607534693575E-01
6.12952047537450480E-05  2.88498967102159831E-01
6.23094812894622527E-05  2.92047876123034122E-01
6.29549744305302368E-05  2.94848586591735906E-01
6.37079390095338441E-05  2.98350650236812009E-01
6.43382886967190301E-05  3.01554683574231042E-01
6.50723034559480898E-05  3.04924873898136883E-01
6.58276665938648149E-05  3.08474597248823146E-01
6.61389014961375962E-05  3.09597038413330361E-01
6.69058566629648736E-05  3.13137357311019715E-01
6.76768767892917990E-05  3.16703949639668247E-01
6.82547914211966041E-05  3.19075671020208507E-01
6.89598673814652112E-05  3.22244253464649189E-01
6.97184431038395079E-05  3.25683155220261866E-01
7.04064210060684030E-05  3.28907258896345922E-01
7.63755815868251940E-05  3.32214983780164008E-01
7.71413141209217369E-05  3.35499004228508757E-01
7.78745139494224289E-05  3.38659003490475230E-01
7.85242026906164160E-05  3.41466661785489012E-01
7.91469542140801376E-05  3.44139945957565696E-01
7.98484575628677883E-05  3.47103773395241400E-01
7.94774897455497766E-05  3.50313993420537151E-01
8.00682106977508926E-05  3.52878399275082855E-01
8.06831924919822197E-05  3.55578639768902749E-01
8.13596663974199170E-05  3.58530603157172889E-01
8.20003962755042060E-05  3.61290588779490662E-01
8.26548741013452722E-05  3.64072911391460197E-01
8.33422995699197901E-05  3.67055631945097716E-01
8.39798938401512853E-05  3.69811949140584018E-01
7.55253013703409068E-05  3.72612883642126247E-01
7.59799299144305051E-05  3.74978145838951338E-01
7.64799620581201912E-05  3.77450619012176136E-01
7.69069066236015633E-05  3.79723343936028190E-01
7.73200298575600804E-05  3.81491395608508921E-01
7.79929978435211710E-05  3.84693534584993058E-01
7.86172503147225185E-05  3.87774660602867194E-01
7.91608463666980747E-05  3.90276506108955645E-01
7.95619897908193124E-05  3.92271508110968503E-01
8.00573695958935183E-05  3.94290773358354940E-01
8.06838869323602513E-05  3.97348703641804912E-01
8.11390874084394649E-05  3.99478291885836778E-01
8.17183290755568899E-05  4.02253389961988672E-01
8.22074602185684893E-05  4.04546481149708370E-01
8.28458812046736943E-05  4.07722868827044116E-01
8.34544479739337229E-05  4.10711121587169048E-01
8.39075531700920162E-05  4.12926036762618243E-01
8.44945849237574952E-05  4.15771922888474033E-01
8.50313409045551881E-05  4.18469228367590929E-01
8.55860568837398146E-05  4.21263339266280401E-01
8.61861741226666207E-05  4.24349495341807603E-01
8.67294405520239141E-05  4.26835851335447714E-01
8.72385779768563782E-05  4.29423592782287755E-01
8.78988812548406849E-05  4.32689871335025178E-01
8.85653965130559807E-05  4.35955834017070387E-01
8.91878278195638863E-05  4.39046729177503647E-01
8.98270576146853808E-05  4.42117297273847021E-01
9.04962834803076099E-05  4.45411233098801762E-01
9.71125312190877082E-05  4.48126587311182378E-01
9.78302492497936868E-05  4.51437948454079863E-01
9.82771053761989991E-05  4.53785134856204031E-01
9.89929392506919831E-05  4.57089733504486284E-01
9.95848459951513207E-05  4.59981007229924022E-01
1.00273716339110974E-04  4.63121718592906240E-01
1.00937861032090841E-04  4.66150891838857051E-01
1.01534703180934834E-04  4.69120027734989287E-01
1.02183514197497563E-04  4.72121949104808092E-01
1.01666631736121137E-04  4.75278643121867184E-01
1.02255866457823773E-04  4.78313661065922047E-01
1.02546478983504136E-04  4.79606949686658957E-01
1.03022021935522332E-04  4.82558071264460542E-01
1.03744685080659101E-04  4.85526276194197970E-01
1.04444415256488461E-04  4.88801680100040992E-01
1.05144146113853379E-04  4.92076714845710028E-01
1.05816709275462044E-04  4.95231197063659978E-01
1.06516215773459072E-04  4.98505107135524428E-01
1.07173600106603636E-04  5.01585073028474882E-01
1.07872868549051433E-04  5.04858285542281737E-01
1.08563606398924019E-04  5.08095291803543958E-01
1.09262144834118384E-04  5.11365796411797802E-01
1.09953369208552060E-04  5.14602785379933980E-01
1.10649888445022403E-04  5.17867812676381822E-01
1.11375385937303312E-04  5.21024437246651817E-01
1.11896851302995329E-04  5.23596896476584250E-01
1.12425168696713047E-04  5.26177658481105204E-01
1.13122270221950941E-04  5.29441101982912610E-01
1.13819351543016298E-04  5.32704553530735536E-01
1.14514176126462829E-04  5.35952750929037935E-01
1.14990655286343127E-04  5.38201283926213581E-01
1.15578334609246422E-04  5.41208919340261163E-01
1.16387083106087030E-04  5.44227857112380642E-01
1.17006445483153199E-04  5.47259351931596472E-01
1.17637285776331715E-04  5.50189478376577390E-01
1.18316689003781367E-04  5.53357090901365978E-01
1.19007137683341258E-04  5.56561908379169856E-01
1.19670344109855734E-04  5.59565084285928327E-01
1.20365305034343152E-04  5.62815117654434482E-01
1.21059558570017246E-04  5.66061913546666240E-01
1.21752855079116165E-04  5.69305181219736944E-01
1.22366840592203104E-04  5.72269741467939852E-01
1.23014398767114230E-04  5.75334423089309821E-01
1.23701638879268432E-04  5.78559328110509363E-01
1.24395773806609301E-04  5.81806361768442248E-01
1.25041565206577068E-04  5.84848197636537726E-01
1.25677559216158877E-04  5.87865594363209731E-01
1.26367874365430378E-04  5.91101281960464742E-01
1.27057026303878211E-04  5.94331412029372674E-01
1.27668370666430761E-04  5.97225372056441106E-01
1.28361685999233560E-04  6.00469028963052764E-01
1.29019322492394083E-04  6.03421579976264111E-01
1.29710306648220600E-04  6.06657410743506653E-01
1.30253518891104876E-04  6.09204612576095150E-01
1.30906283801512750E-04  6.12097640214646299E-01
1.31598335675453711E-04  6.15334003004702423E-01
1.40197600975826286E-04  6.18240810893566417E-01
1.47024473959557304E-04  6.21472902163171081E-01
1.46619194497015458E-04  6.24608435786027538E-01
1.46779978988104652E-04  6.27837995670288862E-01
1.53458811751982019E-04  6.30904663193766146E-01
1.43228311368832212E-04  6.34138246808657602E-01
1.81879368679082297E-04  6.31480394500344877E-01
1.68881975411790466E-04  6.34069300484419451E-01
1.60407263367174854E-04  6.37271426808152630E-01
1.58868738383636729E-04  6.40473242197447057E-01
1.58854391646090498E-04  6.40473536426670154E-01
1.61047384367250801E-04  6.42424027154624322E-01
1.60925048986793051E-04  6.45608702239225618E-01
1.70924678118325631E-04  6.48689275436104551E-01
1.76334969618995550E-04  6.51883583653913079E-01
1.75231388112661451E-04  6.55077778974944680E-01
1.71575424528778650E-04  6.58121169436258202E-01
1.70345681902796947E-04  6.61296340792430604E-01
1.67428109751151591E-04  6.64456171321079370E-01
1.67188373907535548E-04  6.67649398256316196E-01
1.68656948531596684E-04  6.70764210484937062E-01
1.67592882147744870E-04  6.73952525760503018E-01
1.69732828755159680E-04  6.77145270984138792E-01
1.69358753684701983E-04  6.80334999185852718E-01
1.70048001115183367E-04  6.83527963993594945E-01
1.70754843365498489E-04  6.86689943231652000E-01
1.71553063340493077E-04  6.89882617046625346E-01
1.72175971807034256E-04  6.92697257677192146E-01
1.68760311476077139E-04  6.95730761782157536E-01
1.70920611448299731E-04  6.96440990911352142E-01
1.70200531091384971E-04  6.99618541602593291E-01
1.70781863454081730E-04  7.02797645528656756E-01
1.71363151383449944E-04  7.05755233062027032E-01
1.72134756085283794E-04  7.08933364424731205E-01
1.72902499363298059E-04  7.12082969073385863E-01
1.73667543813785415E-04  7.15224516825816115E-01
1.74587547051127841E-04  7.18402073265473007E-01
1.75483302239090241E-04  7.13902716057359221E-01
1.94781704487711864E-04  7.16377133137290678E-01
1.95421664551435025E-04  7.19518963805225065E-01
1.96059577548508314E-04  7.22660453226284805E-01
1.95172128261761856E-04  7.25801916576556239E-01
1.94379465595816842E-04  7.28943371932198936E-01
1.94066837177302859E-04  7.32053615044268913E-01
2.14208245705210104E-04  7.35097366723760803E-01
2.13831548775280690E-04  7.38200895876377827E-01
2.14550721641468788E-04  7.41341796692934984E-01
2.14764124126724625E-04  7.44470066718152079E-01
2.12708023553059497E-04  7.47583338097292271E-01
2.12808044606114036E-04  7.50514062741501564E-01
2.10847241904561604E-04  7.53654032458953682E-01
2.04873078659997300E-04  7.54393846868970486E-01
2.05992731407029887E-04  7.53642246697904028E-01
1.97312961609577391E-04  7.56738232852646298E-01
1.87434055383697840E-04  7.59852383685471477E-01
1.88180162873381913E-04  7.62689117130028960E-01
1.88879003807903081E-04  7.65356961722527762E-01
1.89660292774061420E-04  7.68464957649431901E-01
1.90712978252687189E-04  7.71576033371964787E-01
1.91512271149551182E-04  7.74687097854671158E-01
