0.00000000000000000E+00  0.00000000000000000E+00
1.79771913678023902E-06  4.48583829087530611E-02
2.78293018774273735E-06  6.72356377049412174E-02
3.01276815823851949E-06  7.27321253843911109E-02
3.36912730016742453E-06  8.10378444181807378E-02
1.36690887212613022E-05  8.43471697610338744E-02
1.43969078689089726E-05  8.91255249960701407E-02
1.63203424801313377E-05  8.87026316182798064E-02
1.68150955834128692E-05  9.23727096863799502E-02
1.73562773659778429E-05  9.49140249981191286E-02
1.70138432013288766E-05  9.36459302037756514E-02
1.66541636774284428E-05  9.18321342899728749E-02
1.72452724604629792E-05  9.65210121048249714E-02
1.76419404146736401E-05  9.87501776341335319E-02
1.70641748086714558E-05  9.62583264090650925E-02
1.79635969953892850E-05  1.00343054190023900E-01
1.89240687363074144E-05  1.01618189085788665E-01
1.90615088463672901E-05  1.02866765978133101E-01
1.91330346436313420E-05  1.03838499556427835E-01
1.99391164839653906E-05  1.06741323750221731E-01
1.98526593673245197E-05  1.07703897173520607E-01
2.02778294868899509E-05  1.10096303116417216E-01
2.07170660004713219E-05  1.12325703752075651E-01
2.15709752235796783E-05  1.16110490164195931E-01
2.56323136542064905E-05  1.18557585623807304E-01
2.64693239092246308E-05  1.22147441561103937E-01
2.72844169585545211E-05  1.25203512009199880E-01
2.69505746916657608E-05  1.27647757145923163E-01
2.75899309987484272E-05  1.30411824351330391E-01
2.83422479006228750E-05  1.33468964363924442E-01
2.91823614000485520E-05  1.36773586954142740E-01
2.99362804863831898E-05  1.39965944938169717E-01
3.04847227171517509E-05  1.42055653987482433E-01
3.17134831832804409E-05  1.45492828218914655E-01
3.23707797636078399E-05  1.47721993774717786E-01
3.32630185286626094E-05  1.51490953563871350E-01
3.41674976822853435E-05  1.55168919794697574E-01
3.49901322455601401E-05  1.57779913338885303E-01
3.58370640798127884E-05  1.61431984443863807E-01
3.66600033698245929E-05  1.65124552362282795E-01
3.74796507037163714E-05  1.68766680121342522E-01
3.80912934942374565E-05  1.71328997782647513E-01
3.89344927782620063E-05  1.74925133848308767E-01
4.05331187383096980E-05  1.77379501014984287E-01
4.13526497990367690E-05  1.80664122024309176E-01
4.22387651155917577E-05  1.84401853142702465E-01
4.31173194439329627E-05  1.88090849022602119E-01
4.40927137332668487E-05  1.91170370815927554E-01
4.44537008843456406E-05  1.92807234971091673E-01
4.53609129194055844E-05  1.96229226656368577E-01
4.62489710159976787E-05  2.00003140169753735E-01
4.71231699448900181E-05  2.03745876215215505E-01
4.79504783496354555E-05  2.07271089317105139E-01
4.85551593620632983E-05  2.09630181235459762E-01
4.93577914233358107E-05  2.12864408641656067E-01
5.01664333446680179E-05  2.16281344705090417E-01
5.10506345956518188E-05  2.20032987318164536E-01
5.47835637057158750E-05  2.23442346876682435E-01
5.57054790220009623E-05  2.27205478047576986E-01
6.16626907345484230E-05  2.30441633831778514E-01
6.24409880153630782E-05  2.33223730389304884E-01
6.36390255743554505E-05  2.36641262775003081E-01
6.46147383526398267E-05  2.40264083378007726E-01
6.54189823596246656E-05  2.43114242214106296E-01
6.63221092250696961E-05  2.46637059701448974E-01
7.54500490853556981E-05  2.48380461384378137E-01
7.61384713235683987E-05  2.50519242082161642E-01
7.71535172004354178E-05  2.53574570273254973E-01
7.81533751422142445E-05  2.56366186249893824E-01
7.91686113449858227E-05  2.59677748438280842E-01
8.02471302447211286E-05  2.63346904430260320E-01
8.12631372704344240E-05  2.66841748549903168E-01
8.23114072602778614E-05  2.70407321479583684E-01
8.33567451082044449E-05  2.73910283814549016E-01
8.43672139816346173E-05  2.76965259527413132E-01
8.54428959941235400E-05  2.80593805723216017E-01
8.63493911203235161E-05  2.83556309161715536E-01
8.70270731461613746E-05  2.86573607534693575E-01
8.77130925544312469E-05  2.88498967102159831E-01
8.87652599648885727E-05  2.92047876123034122E-01
8.94911511993066837E-05  2.94848586591735906E-01
9.05377225704153028E-05  2.98350650236812009E-01
9.17068343368205446E-05  3.01554683574231042E-01
9.26422855621602745E-05  3.04924873898136883E-01
9.37219907048551272E-05  3.08474597248823146E-01
9.38105557358589678E-05  3.09597038413330361E-01
9.48746798026811611E-05  3.13137357311019715E-01
9.59233580226730685E-05  3.16703949639668247E-01
9.58630541874265323E-05  3.19075671020208507E-01
9.67437543295595823E-05  3.22244253464649189E-01
9.77876253424343062E-05  3.25683155220261866E-01
9.87573541260107317E-05  3.28907258896345922E-01
9.96255632481129680E-05  3.32214983780164008E-01
1.00587065746600077E-04  3.35499004228508757E-01
1.01333640507192749E-04  3.38659003490475230E-01
1.02148009548548840E-04  3.41466661785489012E-01
1.02949917994018224E-04  3.44139945957565696E-01
1.03859657147758501E-04  3.47103773395241400E-01
1.04824748721588090E-04  3.50313993420537151E-01
1.05587694935032131E-04  3.52878399275082855E-01
1.06269269507205597E-04  3.55578639768902749E-01
1.07037119931389837E-04  3.58530603157172889E-01
1.07987996378280590E-04  3.61290588779490662E-01
1.08883810628641626E-04  3.64072911391460197E-01
1.09744370442116379E-04  3.67055631945097716E-01
1.10512319715592652E-04  3.69811949140584018E-01
1.11314833028765704E-04  3.72612883642126247E-01
1.12028471173894733E-04  3.74978145838951338E-01
1.12769645058064666E-04  3.77450619012176136E-01
1.13598767297400441E-04  3.79723343936028190E-01
1.18060533264866419E-04  3.81491395608508921E-01
1.18929946024696337E-04  3.84693534584993058E-01
1.19896901703166973E-04  3.87774660602867194E-01
1.20502615075997709E-04  3.90276506108955645E-01
1.21137383454939136E-04  3.92271508110968503E-01
1.21895354626455708E-04  3.94290773358354940E-01
1.22796146729924321E-04  3.97348703641804912E-01
1.23415940872088556E-04  3.99478291885836778E-01
1.24198201603577425E-04  4.02253389961988672E-01
1.31235282864012540E-04  4.04546481149708370E-01
1.32317856683265844E-04  4.07722868827044116E-01
1.33305439097572767E-04  4.10711121587169048E-01
1.34079952070078647E-04  4.12926036762618243E-01
1.34997043110606212E-04  4.15771922888474033E-01
1.35930285895328497E-04  4.18469228367590929E-01
1.36897143790317300E-04  4.21263339266280401E-01
1.36107439101664212E-04  4.24349495341807603E-01
1.36556844443216658E-04  4.26835851335447714E-01
1.39501144030470918E-04  4.29423592782287755E-01
1.40588694610803856E-04  4.32689871335025178E-01
1.41624643649324294E-04  4.35955834017070387E-01
1.42667977815076272E-04  4.39046729177503647E-01
1.43526402756582582E-04  4.42117297273847021E-01
1.44590725766305123E-04  4.45411233098801762E-01
1.45924053009940154E-04  4.48126587311182378E-01
1.46999120052980665E-04  4.51437948454079863E-01
1.47993391616618383E-04  4.53785134856204031E-01
1.49067950428840353E-04  4.57089733504486284E-01
1.50110880281167144E-04  4.59981007229924022E-01
1.51136158859544942E-04  4.63121718592906240E-01
1.52118790164977851E-04  4.66150891838857051E-01
1.53265797288005233E-04  4.69120027734989287E-01
1.54213860770950010E-04  4.72121949104808092E-01
1.55277599837118016E-04  4.75278643121867184E-01
1.56488846051872858E-04  4.78313661065922047E-01
1.56649460443942547E-04  4.79606949686658957E-01
1.58167039777193548E-04  4.82558071264460542E-01
1.58896747119608318E-04  4.85526276194197970E-01
1.59969516945376086E-04  4.88801680100040992E-01
1.61041783115771237E-04  4.92076714845710028E-01
1.62083286707730839E-04  4.95231197063659978E-01
1.63155351176192624E-04  4.98505107135524428E-01
1.64174375780004340E-04  5.01585073028474882E-01
1.65246452775169757E-04  5.04858285542281737E-01
1.66310046862499800E-04  5.08095291803543958E-01
1.67381405462597825E-04  5.11365796411797802E-01
1.67960819054977038E-04  5.14602785379933980E-01
1.69027514769599756E-04  5.17867812676381822E-01
1.69863787647368467E-04  5.21024437246651817E-01
1.70869642572750360E-04  5.23596896476584250E-01
1.71869887820925993E-04  5.26177658481105204E-01
1.72935629801311726E-04  5.29441101982912610E-01
1.74001407675612903E-04  5.32704553530735536E-01
1.75056512957155741E-04  5.35952750929037935E-01
1.75733518825324682E-04  5.38201283926213581E-01
1.76420818707732734E-04  5.41208919340261163E-01
1.77414875744803802E-04  5.44227857112380642E-01
1.78525252287517824E-04  5.47259351931596472E-01
1.79401233805122004E-04  5.50189478376577390E-01
1.80426926253087275E-04  5.53357090901365978E-01
1.81453860875658776E-04  5.56561908379169856E-01
1.82336147858415572E-04  5.59565084285928327E-01
1.83394661736798956E-04  5.62815117654434482E-01
1.84452181783072849E-04  5.66061913546666240E-01
1.85509687345123894E-04  5.69305181219736944E-01
1.86532969139818414E-04  5.72269741467939852E-01
1.87573042841801194E-04  5.75334423089309821E-01
1.88630974981919379E-04  5.78559328110509363E-01
1.89689191091985815E-04  5.81806361768442248E-01
1.90724639641847056E-04  5.84848197636537726E-01
1.91760138139937877E-04  5.87865594363209731E-01
1.92823369069488465E-04  5.91101281960464742E-01
1.93886023855835594E-04  5.94331412029372674E-01
1.94781131334588811E-04  5.97225372056441106E-01
1.95841923986118070E-04  6.00469028963052764E-01
1.96719150020322267E-04  6.03421579976264111E-01
1.97777063944018158E-04  6.06657410743506653E-01
1.98611965055962673E-04  6.09204612576095150E-01
1.99435462034905538E-04  6.12097640214646299E-01
2.00490424322643211E-04  6.15334003004702423E-01
2.01510898498399177E-04  6.18240810893566417E-01
2.02564737382648560E-04  6.21472902163171081E-01
2.03572932005083307E-04  6.24608435786027538E-01
2.04626900041874650E-04  6.27837995670288862E-01
2.05710598996972256E-04  6.30904663193766146E-01
2.06765452486771389E-04  6.34138246808657602E-01
2.06431306976771235E-04  6.31480394500344877E-01
2.07403225795847398E-04  6.34069300484419451E-01
2.08450770686540408E-04  6.37271426808152630E-01
2.09498203241788652E-04  6.40473242197447057E-01
2.09498098246765560E-04  6.40473536426670154E-01
2.07408738493715904E-04  6.42424027154624322E-01
2.08437402179186340E-04  6.45608702239225618E-01
2.09405656215438940E-04  6.48689275436104551E-01
2.10436833094912977E-04  6.51883583653913079E-01
2.11467973222752292E-04  6.55077778974944680E-01
2.12439446543139301E-04  6.58121169436258202E-01
2.13469374094123719E-04  6.61296340792430604E-01
2.14488612321757192E-04  6.64456171321079370E-01
2.15519463850465803E-04  6.67649398256316196E-01
2.16851776778450266E-04  6.70764210484937062E-01
2.17893094717090327E-04  6.73952525760503018E-01
2.18925444924741169E-04  6.77145270984138792E-01
2.19957153336203769E-04  6.80334999185852718E-01
2.20989490102043579E-04  6.83527963993594945E-01
2.22010922499103064E-04  6.86689943231652000E-01
2.23043202736112646E-04  6.89882617046625346E-01
2.23923971123372693E-04  6.92697257677192146E-01
2.24947187054358629E-04  6.95730761782157536E-01
2.24820685560921975E-04  6.96440990911352142E-01
2.25845704388745808E-04  6.99618541602593291E-01
2.26872061683365371E-04  7.02797645528656756E-01
2.27822614033233901E-04  7.05755233062027032E-01
2.28848663576560266E-04  7.08933364424731205E-01
2.29859982130453146E-04  7.12082969073385863E-01
2.30870037654964423E-04  7.15224516825816115E-01
2.31895615730040063E-04  7.18402073265473007E-01
2.29286066188267960E-04  7.13902716057359221E-01
2.30449809949119684E-04  7.16377133137290678E-01
2.31460505876235172E-04  7.19518963805225065E-01
2.32471025263616439E-04  7.22660453226284805E-01
2.33481793816828036E-04  7.25801916576556239E-01
2.34492426287877601E-04  7.28943371932198936E-01
2.35501331353890446E-04  7.32053615044268913E-01
2.36514061444202325E-04  7.35097366723760803E-01
2.37525396293653858E-04  7.38200895876377827E-01
2.38535971475007866E-04  7.41341796692934984E-01
2.39357424409904727E-04  7.44470066718152079E-01
2.40353247860227576E-04  7.47583338097292271E-01
2.41408135823475978E-04  7.50514062741501564E-01
2.42418132477034871E-04  7.53654032458953682E-01
2.42773819012883502E-04  7.54393846868970486E-01
2.43510882119947134E-04  7.53642246697904028E-01
2.44507814023540992E-04  7.56738232852646298E-01
2.45514071717978406E-04  7.59852383685471477E-01
2.46310558643349047E-04  7.62689117130028960E-01
2.47066994709141223E-04  7.65356961722527762E-01
2.48068603979053129E-04  7.68464957649431901E-01
2.49072914489598118E-04  7.71576033371964787E-01
2.50077697965371722E-04  7.74687097854671158E-01
