0.00000000000000000E+00  0.00000000000000000E+00
1.79818971789279207E-06  4.48583829087530611E-02
2.69514043233622799E-06  6.72356377049412174E-02
1.10597423521118673E-05  7.27321253843911109E-02
1.27700592554841810E-05  8.10378444181807378E-02
1.26423894144033980E-05  8.43471697610338744E-02
1.38971059435484686E-05  8.91255249960701407E-02
1.49481007859794224E-05  8.87026316182798064E-02
1.62169547551756715E-05  9.23727096863799502E-02
1.65854643100038745E-05  9.49140249981191286E-02
1.66720558189047477E-05  9.36459302037756514E-02
1.65010818016507498E-05  9.18321342899728749E-02
1.70688159107151095E-05  9.65210121048249714E-02
1.79538872958354882E-05  9.87501776341335319E-02
1.72994785418230010E-05  9.62583264090650925E-02
1.91318879111731924E-05  1.00343054190023900E-01
1.92087393972967767E-05  1.01618189085788665E-01
1.95610194566979152E-05  1.02866765978133101E-01
1.95911397043058318E-05  1.03838499556427835E-01
2.02275577111904025E-05  1.06741323750221731E-01
2.04168942002051085E-05  1.07703897173520607E-01
2.11189813020048610E-05  1.10096303116417216E-01
2.21263003914950421E-05  1.12325703752075651E-01
2.30121521763197929E-05  1.16110490164195931E-01
2.36327323289579937E-05  1.18557585623807304E-01
2.44123483118737785E-05  1.22147441561103937E-01
2.51192633215892931E-05  1.25203512009199880E-01
2.55341136180033687E-05  1.27647757145923163E-01
2.61419600498728581E-05  1.30411824351330391E-01
2.69108255943575252E-05  1.33468964363924442E-01
3.18225352596389474E-05  1.36773586954142740E-01
3.28841689346990262E-05  1.39965944938169717E-01
3.13928858020396154E-05  1.42055653987482433E-01
3.21779461313755977E-05  1.45492828218914655E-01
3.65769619692540610E-05  1.47721993774717786E-01
3.75999681642969191E-05  1.51490953563871350E-01
3.86205915909032245E-05  1.55168919794697574E-01
3.93248106249291930E-05  1.57779913338885303E-01
4.02996023473736276E-05  1.61431984443863807E-01
4.12910182885595179E-05  1.65124552362282795E-01
4.22692834003912600E-05  1.68766680121342522E-01
4.50321993195239106E-05  1.71328997782647513E-01
4.60230685428126098E-05  1.74925133848308767E-01
4.67143862276998877E-05  1.77379501014984287E-01
4.77389663568697649E-05  1.80664122024309176E-01
4.87642834095202132E-05  1.84401853142702465E-01
4.97807371780307779E-05  1.88090849022602119E-01
5.06561324708573063E-05  1.91170370815927554E-01
5.09636809847960662E-05  1.92807234971091673E-01
5.19636241330847094E-05  1.96229226656368577E-01
5.29861302753327143E-05  2.00003140169753735E-01
5.39897284516802165E-05  2.03745876215215505E-01
5.52866849604561781E-05  2.07271089317105139E-01
5.59423928304048296E-05  2.09630181235459762E-01
5.67265755303918975E-05  2.12864408641656067E-01
5.76419789992452638E-05  2.16281344705090417E-01
5.86622035907245895E-05  2.20032987318164536E-01
5.96095234841358861E-05  2.23442346876682435E-01
6.06329865932908130E-05  2.27205478047576986E-01
6.14877005724052527E-05  2.30441633831778514E-01
6.24133534519448908E-05  2.33223730389304884E-01
6.10610700764702922E-05  2.36641262775003081E-01
6.20032243668148771E-05  2.40264083378007726E-01
6.27488644617174357E-05  2.43114242214106296E-01
6.36718024108491988E-05  2.46637059701448974E-01
6.41252322450801011E-05  2.48380461384378137E-01
6.46817499447040201E-05  2.50519242082161642E-01
6.54818308590983649E-05  2.53574570273254973E-01
6.82686741042080186E-05  2.56366186249893824E-01
6.91582098755245565E-05  2.59677748438280842E-01
7.01377630397822475E-05  2.63346904430260320E-01
7.12560186934900171E-05  2.66841748549903168E-01
7.22091548491625174E-05  2.70407321479583684E-01
7.31484004854096852E-05  2.73910283814549016E-01
7.39966405432476758E-05  2.76965259527413132E-01
7.49687514911417940E-05  2.80593805723216017E-01
7.57792413564513118E-05  2.83556309161715536E-01
7.65435380374056328E-05  2.86573607534693575E-01
7.76149481232714551E-05  2.88498967102159831E-01
7.85749557931222573E-05  2.92047876123034122E-01
7.93333978394874899E-05  2.94848586591735906E-01
8.02837115113264228E-05  2.98350650236812009E-01
8.10821793581226538E-05  3.01554683574231042E-01
8.19723048374344093E-05  3.04924873898136883E-01
8.29255317686641196E-05  3.08474597248823146E-01
8.31700216574039839E-05  3.09597038413330361E-01
8.41160000734135710E-05  3.13137357311019715E-01
8.50756087304122086E-05  3.16703949639668247E-01
8.57180155798864833E-05  3.19075671020208507E-01
8.65522263995836989E-05  3.22244253464649189E-01
8.74825984522994895E-05  3.25683155220261866E-01
8.83536646805819495E-05  3.28907258896345922E-01
8.92376289764193822E-05  3.32214983780164008E-01
9.01874888438367571E-05  3.35499004228508757E-01
9.10312498933904752E-05  3.38659003490475230E-01
9.17553065652070357E-05  3.41466661785489012E-01
9.16233721771904201E-05  3.44139945957565696E-01
9.23706871323071469E-05  3.47103773395241400E-01
9.32248409648335106E-05  3.50313993420537151E-01
9.40147754365139483E-05  3.52878399275082855E-01
9.47317367900662663E-05  3.55578639768902749E-01
9.54644804351243749E-05  3.58530603157172889E-01
9.61525078236442031E-05  3.61290588779490662E-01
1.09775009041624544E-04  3.64072911391460197E-01
1.10710045247768615E-04  3.67055631945097716E-01
1.11648246521024296E-04  3.69811949140584018E-01
1.12520301963495075E-04  3.72612883642126247E-01
1.13231195713643954E-04  3.74978145838951338E-01
1.13985040364740671E-04  3.77450619012176136E-01
1.14681619857984543E-04  3.79723343936028190E-01
1.15119520235890289E-04  3.81491395608508921E-01
1.16066624103486728E-04  3.84693534584993058E-01
1.17048955664261723E-04  3.87774660602867194E-01
1.29671508799629855E-04  3.90276506108955645E-01
1.30336449498122094E-04  3.92271508110968503E-01
1.34248888704617715E-04  3.94290773358354940E-01
1.35273321713214869E-04  3.97348703641804912E-01
1.36040431424799347E-04  3.99478291885836778E-01
1.36995713845288218E-04  4.02253389961988672E-01
1.33878061160422465E-04  4.04546481149708370E-01
1.35003632104491438E-04  4.07722868827044116E-01
1.36008546829215335E-04  4.10711121587169048E-01
1.37782569891083681E-04  4.12926036762618243E-01
1.38724970897412172E-04  4.15771922888474033E-01
1.39608981747579982E-04  4.18469228367590929E-01
1.40487512051839201E-04  4.21263339266280401E-01
1.41593237733963562E-04  4.24349495341807603E-01
1.42257605644664645E-04  4.26835851335447714E-01
1.43092894404196150E-04  4.29423592782287755E-01
1.44198544689492841E-04  4.32689871335025178E-01
1.45289683804306416E-04  4.35955834017070387E-01
1.46321396392312675E-04  4.39046729177503647E-01
1.47276115359740428E-04  4.42117297273847021E-01
1.48364575948050975E-04  4.45411233098801762E-01
1.49452573145698658E-04  4.48126587311182378E-01
1.50556872200718591E-04  4.51437948454079863E-01
1.51377299490953370E-04  4.53785134856204031E-01
1.52479373185643047E-04  4.57089733504486284E-01
1.53372100719260983E-04  4.59981007229924022E-01
1.54542663191890861E-04  4.63121718592906240E-01
1.55540102356419583E-04  4.66150891838857051E-01
1.56572341310553175E-04  4.69120027734989287E-01
1.57457111879048079E-04  4.72121949104808092E-01
1.58513571134057249E-04  4.75278643121867184E-01
1.59506318736494894E-04  4.78313661065922047E-01
1.59209010000843686E-04  4.79606949686658957E-01
1.60039961273656002E-04  4.82558071264460542E-01
1.61392537427835960E-04  4.85526276194197970E-01
1.62481244216953645E-04  4.88801680100040992E-01
1.63570027193668793E-04  4.92076714845710028E-01
1.64630801853088513E-04  4.95231197063659978E-01
1.65719070004883770E-04  4.98505107135524428E-01
1.66731038130456732E-04  5.01585073028474882E-01
1.67818949107916742E-04  5.04858285542281737E-01
1.68895554580148367E-04  5.08095291803543958E-01
1.69981391011978043E-04  5.11365796411797802E-01
1.71057628477543728E-04  5.14602785379933980E-01
1.72152456817550436E-04  5.17867812676381822E-01
1.73226599475054515E-04  5.21024437246651817E-01
1.74281372353735607E-04  5.23596896476584250E-01
1.75375009561514958E-04  5.26177658481105204E-01
1.76462619241209585E-04  5.29441101982912610E-01
1.77550304954839653E-04  5.32704553530735536E-01
1.78628242393773793E-04  5.35952750929037935E-01
1.79144405979230923E-04  5.38201283926213581E-01
1.80146154123870302E-04  5.41208919340261163E-01
1.81146446020115023E-04  5.44227857112380642E-01
1.82251262054798245E-04  5.47259351931596472E-01
1.82895255634698715E-04  5.50189478376577390E-01
1.83951914031166850E-04  5.53357090901365978E-01
1.85018289235431947E-04  5.56561908379169856E-01
1.85895566363863517E-04  5.59565084285928327E-01
1.86975142336974053E-04  5.62815117654434482E-01
1.88054137588502439E-04  5.66061913546666240E-01
1.89133894047530853E-04  5.69305181219736944E-01
1.90127357025387991E-04  5.72269741467939852E-01
1.91150190870957885E-04  5.75334423089309821E-01
1.92220754901046946E-04  5.78559328110509363E-01
1.93299676386075479E-04  5.81806361768442248E-01
1.94433032841617379E-04  5.84848197636537726E-01
1.95525368961390082E-04  5.87865594363209731E-01
1.96602044964562820E-04  5.91101281960464742E-01
1.97684512502360916E-04  5.94331412029372674E-01
1.98290385488245980E-04  5.97225372056441106E-01
1.99367566396206836E-04  6.00469028963052764E-01
2.00352196750923275E-04  6.03421579976264111E-01
2.01426221035441028E-04  6.06657410743506653E-01
2.02270473615567825E-04  6.09204612576095150E-01
2.03198326649092244E-04  6.12097640214646299E-01
2.04272643401244743E-04  6.15334003004702423E-01
2.05252786118115217E-04  6.18240810893566417E-01
2.06325677557316935E-04  6.21472902163171081E-01
2.07302153974767535E-04  6.24608435786027538E-01
2.08376677601898553E-04  6.27837995670288862E-01
2.09424948886906704E-04  6.30904663193766146E-01
2.10498418495020474E-04  6.34138246808657602E-01
2.09947760780359325E-04  6.31480394500344877E-01
2.10998580819823011E-04  6.34069300484419451E-01
2.12064094245430126E-04  6.37271426808152630E-01
2.13129466430605563E-04  6.40473242197447057E-01
2.13129372623259341E-04  6.40473536426670154E-01
2.13541740708242389E-04  6.42424027154624322E-01
2.14600302939833495E-04  6.45608702239225618E-01
2.15557913030510039E-04  6.48689275436104551E-01
2.16619384512653848E-04  6.51883583653913079E-01
2.17680837804711935E-04  6.55077778974944680E-01
2.18667921557366956E-04  6.58121169436258202E-01
2.19721916478420910E-04  6.61296340792430604E-01
2.20760927490622465E-04  6.64456171321079370E-01
2.21821827535815998E-04  6.67649398256316196E-01
2.22883120431581483E-04  6.70764210484937062E-01
2.23941704279149393E-04  6.73952525760503018E-01
2.25002557688634610E-04  6.77145270984138792E-01
2.26062599390631710E-04  6.80334999185852718E-01
2.27123540649716918E-04  6.83527963993594945E-01
2.28174213956589683E-04  6.86689943231652000E-01
2.29235054291928100E-04  6.89882617046625346E-01
2.29887110396065353E-04  6.92697257677192146E-01
2.30944983738724016E-04  6.95730761782157536E-01
2.30753194359670059E-04  6.96440990911352142E-01
2.31805135090054452E-04  6.99618541602593291E-01
2.32858595368107962E-04  7.02797645528656756E-01
2.33833502083142120E-04  7.05755233062027032E-01
2.34886647563610062E-04  7.08933364424731205E-01
2.35923711754338922E-04  7.12082969073385863E-01
2.36959712546384437E-04  7.15224516825816115E-01
2.38012324339553598E-04  7.18402073265473007E-01
2.36038392577075928E-04  7.13902716057359221E-01
2.36939175533766588E-04  7.16377133137290678E-01
2.37978328073231143E-04  7.19518963805225065E-01
2.39017337425968032E-04  7.22660453226284805E-01
2.40056456020070006E-04  7.25801916576556239E-01
2.41095511387297290E-04  7.28943371932198936E-01
2.42128018609974113E-04  7.32053615044268913E-01
2.43149985445819793E-04  7.35097366723760803E-01
2.44182355347959731E-04  7.38200895876377827E-01
2.45221282168789963E-04  7.41341796692934984E-01
2.46255785861755356E-04  7.44470066718152079E-01
2.47283261783707610E-04  7.47583338097292271E-01
2.48303836840921711E-04  7.50514062741501564E-01
2.49342682580624454E-04  7.53654032458953682E-01
2.49640913428718705E-04  7.54393846868970486E-01
2.49848784222803880E-04  7.53642246697904028E-01
2.50873592908405080E-04  7.56738232852646298E-01
2.51906019166382982E-04  7.59852383685471477E-01
2.52791020421663532E-04  7.62689117130028960E-01
2.53626734453071996E-04  7.65356961722527762E-01
2.54655891562705072E-04  7.68464957649431901E-01
2.55686859077569259E-04  7.71576033371964787E-01
2.56718042877048663E-04  7.74687097854671158E-01
