0.00000000000000000E+00  0.00000000000000000E+00
1.79771916490617471E-06  4.48583829087530611E-02
2.69448939869592404E-06  6.72356377049412174E-02
3.01027027694793402E-06  7.27321253843911109E-02
3.35273286323506137E-06  8.10378444181807378E-02
3.47129900967032008E-06  8.43471697610338744E-02
3.67673530061822778E-06  8.91255249960701407E-02
3.65955066151297007E-06  8.87026316182798064E-02
3.81811585008476388E-06  9.23727096863799502E-02
3.91962104874738951E-06  9.49140249981191286E-02
3.86406420745651291E-06  9.36459302037756514E-02
1.62636690221641960E-05  9.18321342899728749E-02
1.76220325685152760E-05  9.65210121048249714E-02
1.76711837503765146E-05  9.87501776341335319E-02
1.73867958552159773E-05  9.62583264090650925E-02
1.75110540168651002E-05  1.00343054190023900E-01
1.81238978154028629E-05  1.01618189085788665E-01
1.80533298696995876E-05  1.02866765978133101E-01
1.84054582564425285E-05  1.03838499556427835E-01
1.91064097764714793E-05  1.06741323750221731E-01
1.92838621327135655E-05  1.07703897173520607E-01
1.96179541817170360E-05  1.10096303116417216E-01
2.00642178973983834E-05  1.12325703752075651E-01
2.08307523917447752E-05  1.16110490164195931E-01
2.14104724475102450E-05  1.18557585623807304E-01
2.22063478947544241E-05  1.22147441561103937E-01
2.29622499630948069E-05  1.25203512009199880E-01
2.36133792636977372E-05  1.27647757145923163E-01
2.90333360231195175E-05  1.30411824351330391E-01
2.98029608161131374E-05  1.33468964363924442E-01
3.06030476543224690E-05  1.36773586954142740E-01
3.14099701040692432E-05  1.39965944938169717E-01
3.20064628053529109E-05  1.42055653987482433E-01
3.28363296891165651E-05  1.45492828218914655E-01
3.34326397626439720E-05  1.47721993774717786E-01
3.46417341507217376E-05  1.51490953563871350E-01
3.55989446925438575E-05  1.55168919794697574E-01
3.62947634218254594E-05  1.57779913338885303E-01
3.71906981306904794E-05  1.61431984443863807E-01
3.81100271309702671E-05  1.65124552362282795E-01
3.94224685265346297E-05  1.68766680121342522E-01
4.01204816428590481E-05  1.71328997782647513E-01
4.10734658829236610E-05  1.74925133848308767E-01
4.16631257604340192E-05  1.77379501014984287E-01
4.25025699564250269E-05  1.80664122024309176E-01
4.33920740869357040E-05  1.84401853142702465E-01
4.42684202791878388E-05  1.88090849022602119E-01
4.49797297358515296E-05  1.91170370815927554E-01
4.54572179511068646E-05  1.92807234971091673E-01
4.62313410922943137E-05  1.96229226656368577E-01
4.71289817568010857E-05  2.00003140169753735E-01
4.92136920485560664E-05  2.03745876215215505E-01
5.01754069150751349E-05  2.07271089317105139E-01
5.07641779067143344E-05  2.09630181235459762E-01
5.16079314355599294E-05  2.12864408641656067E-01
5.24441982084335948E-05  2.16281344705090417E-01
5.33759827975106740E-05  2.20032987318164536E-01
5.42184420693193306E-05  2.23442346876682435E-01
5.51533760355670563E-05  2.27205478047576986E-01
5.59628067507235752E-05  2.30441633831778514E-01
5.66408807802620926E-05  2.33223730389304884E-01
5.74221426972824911E-05  2.36641262775003081E-01
5.83283423775201757E-05  2.40264083378007726E-01
5.90273785592849553E-05  2.43114242214106296E-01
5.79452331831508500E-05  2.46637059701448974E-01
5.83668560046274949E-05  2.48380461384378137E-01
5.88764262927310108E-05  2.50519242082161642E-01
5.93997905383779421E-05  2.53574570273254973E-01
6.01036872110792108E-05  2.56366186249893824E-01
6.08657543343417429E-05  2.59677748438280842E-01
6.17342563726766980E-05  2.63346904430260320E-01
6.25779084974955701E-05  2.66841748549903168E-01
6.34248019773057665E-05  2.70407321479583684E-01
6.42539928864717803E-05  2.73910283814549016E-01
6.49760012480164566E-05  2.76965259527413132E-01
6.58348801464580147E-05  2.80593805723216017E-01
6.68521129382468652E-05  2.83556309161715536E-01
6.76207784038719106E-05  2.86573607534693575E-01
6.36030151817364772E-05  2.88498967102159831E-01
6.43959688103215404E-05  2.92047876123034122E-01
6.50094984532229654E-05  2.94848586591735906E-01
6.57925218633849266E-05  2.98350650236812009E-01
6.64552797657435440E-05  3.01554683574231042E-01
6.72401263584098330E-05  3.04924873898136883E-01
6.80457272017051334E-05  3.08474597248823146E-01
6.83799578925320352E-05  3.09597038413330361E-01
6.91798688280121895E-05  3.13137357311019715E-01
6.99818620659267742E-05  3.16703949639668247E-01
6.97154058716660616E-05  3.19075671020208507E-01
7.04378576682348980E-05  3.22244253464649189E-01
7.11748309166844364E-05  3.25683155220261866E-01
7.18768468155109026E-05  3.28907258896345922E-01
7.25932732537370486E-05  3.32214983780164008E-01
7.32954688000358686E-05  3.35499004228508757E-01
7.39749225844740744E-05  3.38659003490475230E-01
8.14491566609125265E-05  3.41466661785489012E-01
8.20964138024530047E-05  3.44139945957565696E-01
8.28470463745983768E-05  3.47103773395241400E-01
8.36461981604550505E-05  3.50313993420537151E-01
8.42851537701727258E-05  3.52878399275082855E-01
8.49561437108666299E-05  3.55578639768902749E-01
8.57009704060058999E-05  3.58530603157172889E-01
8.64036022729449283E-05  3.61290588779490662E-01
8.71077933547603636E-05  3.64072911391460197E-01
8.78479428557627580E-05  3.67055631945097716E-01
8.85350441596111809E-05  3.69811949140584018E-01
8.92404986218965179E-05  3.72612883642126247E-01
9.00379864653428480E-05  3.74978145838951338E-01
9.06549632176101815E-05  3.77450619012176136E-01
9.12285421022900880E-05  3.79723343936028190E-01
9.17236455865204836E-05  3.81491395608508921E-01
9.25142199425511803E-05  3.84693534584993058E-01
9.32739841734045016E-05  3.87774660602867194E-01
9.38971347626945058E-05  3.90276506108955645E-01
9.78620992923783482E-05  3.92271508110968503E-01
9.84324846793778723E-05  3.94290773358354940E-01
9.92265624101263928E-05  3.97348703641804912E-01
9.96922680873301879E-05  3.99478291885836778E-01
1.00390836015993310E-04  4.02253389961988672E-01
1.00974843207747426E-04  4.04546481149708370E-01
1.01766162355345410E-04  4.07722868827044116E-01
1.02531997662301945E-04  4.10711121587169048E-01
1.02980241183287771E-04  4.12926036762618243E-01
1.03711317770608259E-04  4.15771922888474033E-01
1.04410184683089661E-04  4.18469228367590929E-01
1.05142340340916925E-04  4.21263339266280401E-01
1.05910076244259137E-04  4.24349495341807603E-01
9.61127465819507521E-05  4.26835851335447714E-01
9.51464378776838192E-05  4.29423592782287755E-01
9.58625639544781125E-05  4.32689871335025178E-01
9.65834149476184952E-05  4.35955834017070387E-01
9.72789303918718479E-05  4.39046729177503647E-01
9.80081979379954357E-05  4.42117297273847021E-01
9.87515062089162595E-05  4.45411233098801762E-01
9.93116847530730760E-05  4.48126587311182378E-01
1.00049776227599941E-04  4.51437948454079863E-01
1.00580482291209644E-04  4.53785134856204031E-01
1.01317358710087207E-04  4.57089733504486284E-01
1.02073950162875730E-04  4.59981007229924022E-01
1.02646721110481514E-04  4.63121718592906240E-01
1.03329383212560195E-04  4.66150891838857051E-01
1.03984141742650927E-04  4.69120027734989287E-01
1.04860165739510680E-04  4.72121949104808092E-01
1.05568408413744233E-04  4.75278643121867184E-01
1.06310248123685637E-04  4.78313661065922047E-01
1.07318614089099576E-04  4.79606949686658957E-01
1.08246994172582467E-04  4.82558071264460542E-01
1.08477024284756116E-04  4.85526276194197970E-01
1.09211874612940348E-04  4.88801680100040992E-01
1.09943450722646964E-04  4.92076714845710028E-01
1.10639009575086000E-04  4.95231197063659978E-01
1.11370476086261735E-04  4.98505107135524428E-01
1.12271964720526605E-04  5.01585073028474882E-01
1.13004780793501025E-04  5.04858285542281737E-01
1.13729415995054831E-04  5.08095291803543958E-01
1.14462918366895839E-04  5.11365796411797802E-01
1.15187494654777961E-04  5.14602785379933980E-01
1.15915702307666088E-04  5.17867812676381822E-01
1.16558014261211140E-04  5.21024437246651817E-01
1.16955796613051532E-04  5.23596896476584250E-01
1.17315393491312448E-04  5.26177658481105204E-01
1.18043175777564238E-04  5.29441101982912610E-01
1.18770903617717357E-04  5.32704553530735536E-01
1.19499067851111681E-04  5.35952750929037935E-01
1.21074878312252450E-04  5.38201283926213581E-01
1.21792833413696252E-04  5.41208919340261163E-01
1.22479445686556662E-04  5.44227857112380642E-01
1.23090442691006969E-04  5.47259351931596472E-01
1.24047370574246595E-04  5.50189478376577390E-01
1.24756050832202552E-04  5.53357090901365978E-01
1.25473143002341274E-04  5.56561908379169856E-01
1.26253180676905510E-04  5.59565084285928327E-01
1.26986411996492634E-04  5.62815117654434482E-01
1.27718894872506255E-04  5.66061913546666240E-01
1.28448592587199662E-04  5.69305181219736944E-01
1.29125666708663654E-04  5.72269741467939852E-01
1.29817451006417821E-04  5.75334423089309821E-01
1.30547865642442773E-04  5.78559328110509363E-01
1.31280456939638257E-04  5.81806361768442248E-01
1.31848238828877521E-04  5.84848197636537726E-01
1.32447122529565976E-04  5.87865594363209731E-01
1.33176885661183972E-04  5.91101281960464742E-01
1.33823762273747740E-04  5.94331412029372674E-01
1.35059861853747097E-04  5.97225372056441106E-01
1.35709306905972232E-04  6.00469028963052764E-01
1.36350564242246710E-04  6.03421579976264111E-01
1.37082772013644052E-04  6.06657410743506653E-01
1.37745994553590840E-04  6.09204612576095150E-01
1.38318449886512063E-04  6.12097640214646299E-01
1.39135819440130743E-04  6.15334003004702423E-01
1.39709376045495538E-04  6.18240810893566417E-01
1.40526722073301626E-04  6.21472902163171081E-01
1.41211413429977021E-04  6.24608435786027538E-01
1.42027028455828813E-04  6.27837995670288862E-01
1.44512516066932855E-04  6.30904663193766146E-01
1.45253148697204642E-04  6.34138246808657602E-01
1.44495117960941597E-04  6.31480394500344877E-01
1.44969338563601525E-04  6.34069300484419451E-01
1.45701481394769241E-04  6.37271426808152630E-01
1.46437692793548787E-04  6.40473242197447057E-01
1.46437864222008864E-04  6.40473536426670154E-01
1.46977796714518210E-04  6.42424027154624322E-01
1.47706535731745585E-04  6.45608702239225618E-01
1.48453225653961225E-04  6.48689275436104551E-01
1.49184243173922418E-04  6.51883583653913079E-01
1.49915221085640494E-04  6.55077778974944680E-01
1.50626683172467657E-04  6.58121169436258202E-01
1.51355266435679444E-04  6.61296340792430604E-01
1.52086163069950725E-04  6.64456171321079370E-01
1.52817092075588985E-04  6.67649398256316196E-01
1.53510067682229435E-04  6.70764210484937062E-01
1.54242650709982064E-04  6.73952525760503018E-01
1.54973403866388230E-04  6.77145270984138792E-01
1.55703401407701007E-04  6.80334999185852718E-01
1.56434175566231366E-04  6.83527963993594945E-01
1.57157644828128176E-04  6.86689943231652000E-01
1.57888363616054384E-04  6.89882617046625346E-01
1.58730751034960073E-04  6.92697257677192146E-01
1.59398235625459947E-04  6.95730761782157536E-01
1.59197219777173051E-04  6.96440990911352142E-01
1.59924000897076557E-04  6.99618541602593291E-01
1.60650638092249423E-04  7.02797645528656756E-01
1.60313583542883104E-04  7.05755233062027032E-01
1.61035415967920826E-04  7.08933364424731205E-01
1.61754567947807555E-04  7.12082969073385863E-01
1.62470969628389578E-04  7.15224516825816115E-01
1.63192868120155777E-04  7.18402073265473007E-01
1.62905692526829583E-04  7.13902716057359221E-01
1.63395705807030649E-04  7.16377133137290678E-01
1.64112310320957411E-04  7.19518963805225065E-01
1.64828869988151074E-04  7.22660453226284805E-01
1.65545295458779853E-04  7.25801916576556239E-01
1.66261785002087435E-04  7.28943371932198936E-01
1.66967047746080814E-04  7.32053615044268913E-01
1.67644684475808277E-04  7.35097366723760803E-01
1.67639534020658449E-04  7.38200895876377827E-01
1.68352830515137867E-04  7.41341796692934984E-01
1.69063520979067941E-04  7.44470066718152079E-01
1.69773016989719326E-04  7.47583338097292271E-01
1.70383820723298213E-04  7.50514062741501564E-01
1.71096662929073320E-04  7.53654032458953682E-01
1.71207396423401093E-04  7.54393846868970486E-01
1.70551489467865667E-04  7.53642246697904028E-01
1.71253784014235595E-04  7.56738232852646298E-01
1.71958507112526067E-04  7.59852383685471477E-01
1.72659547999310346E-04  7.62689117130028960E-01
1.73314667654848441E-04  7.65356961722527762E-01
1.74019293811607722E-04  7.68464957649431901E-01
1.74723786677259902E-04  7.71576033371964787E-01
1.75428045075247613E-04  7.74687097854671158E-01
