0.00000000000000000E+00  0.00000000000000000E+00
1.79771912268065733E-06  4.48583829087530611E-02
2.69437458319842827E-06  6.72356377049412174E-02
2.91545112459499112E-06  7.27321253843911109E-02
3.25540574112537164E-06  8.10378444181807378E-02
7.52690283351858014E-06  8.43471697610338744E-02
8.44639959117076018E-06  8.91255249960701407E-02
1.32828061703403762E-05  8.87026316182798064E-02
1.44168050593497022E-05  9.23727096863799502E-02
1.52332724892760649E-05  9.49140249981191286E-02
1.52236978168537526E-05  9.36459302037756514E-02
1.50988199376348884E-05  9.18321342899728749E-02
1.61677299802152007E-05  9.65210121048249714E-02
1.69790523520911693E-05  9.87501776341335319E-02
1.69052516911676921E-05  9.62583264090650925E-02
1.77598744722011438E-05  1.00343054190023900E-01
1.72368336803311586E-05  1.01618189085788665E-01
1.76867703291968539E-05  1.02866765978133101E-01
1.80185724666232210E-05  1.03838499556427835E-01
1.84782111045519656E-05  1.06741323750221731E-01
1.91646154812253472E-05  1.07703897173520607E-01
1.99007886105142346E-05  1.10096303116417216E-01
2.04739276659230470E-05  1.12325703752075651E-01
2.12252885005984526E-05  1.16110490164195931E-01
2.15901157533893379E-05  1.18557585623807304E-01
2.27092885739080307E-05  1.22147441561103937E-01
2.21287920758682756E-05  1.25203512009199880E-01
2.27953081764085876E-05  1.27647757145923163E-01
2.33053059082946211E-05  1.30411824351330391E-01
2.39108307159422492E-05  1.33468964363924442E-01
2.45896849706986418E-05  1.36773586954142740E-01
2.52899052516175442E-05  1.39965944938169717E-01
2.57228556765811810E-05  1.42055653987482433E-01
2.63729495560427202E-05  1.45492828218914655E-01
2.60521976162338565E-05  1.47721993774717786E-01
2.71913003029498022E-05  1.51490953563871350E-01
2.78860242393370698E-05  1.55168919794697574E-01
2.78850683363776348E-05  1.57779913338885303E-01
2.86461497698159168E-05  1.61431984443863807E-01
2.93081404000477327E-05  1.65124552362282795E-01
2.99516006208367692E-05  1.68766680121342522E-01
3.03037162146426852E-05  1.71328997782647513E-01
3.09188894832763180E-05  1.74925133848308767E-01
2.96718657035865020E-05  1.77379501014984287E-01
3.02542577155641250E-05  1.80664122024309176E-01
3.08895521040663309E-05  1.84401853142702465E-01
3.15242566325199276E-05  1.88090849022602119E-01
3.19418153439884629E-05  1.91170370815927554E-01
3.21033031045927630E-05  1.92807234971091673E-01
3.26112070475257070E-05  1.96229226656368577E-01
3.32344905260644700E-05  2.00003140169753735E-01
3.38524618876112886E-05  2.03745876215215505E-01
3.44397999785294243E-05  2.07271089317105139E-01
4.78132727758887478E-05  2.09630181235459762E-01
4.83211621771612813E-05  2.12864408641656067E-01
4.90894602597760285E-05  2.16281344705090417E-01
4.99396099979843456E-05  2.20032987318164536E-01
5.06558221133022752E-05  2.23442346876682435E-01
5.15154448412853596E-05  2.27205478047576986E-01
5.24127776730422268E-05  2.30441633831778514E-01
5.31399239204147916E-05  2.33223730389304884E-01
5.38905730058923151E-05  2.36641262775003081E-01
5.47189063174217602E-05  2.40264083378007726E-01
5.54259954828706207E-05  2.43114242214106296E-01
5.62327167849163874E-05  2.46637059701448974E-01
5.67768149489131756E-05  2.48380461384378137E-01
5.74901129043723681E-05  2.50519242082161642E-01
5.82923908398289697E-05  2.53574570273254973E-01
5.87702641077548528E-05  2.56366186249893824E-01
5.95252934325581420E-05  2.59677748438280842E-01
6.03705667970022564E-05  2.63346904430260320E-01
6.11737529141519014E-05  2.66841748549903168E-01
6.19955860246511337E-05  2.70407321479583684E-01
6.27915457984224920E-05  2.73910283814549016E-01
6.34000529466127206E-05  2.76965259527413132E-01
6.42290064288486215E-05  2.80593805723216017E-01
6.49088110672001867E-05  2.83556309161715536E-01
6.57801631274838351E-05  2.86573607534693575E-01
6.62132915783906345E-05  2.88498967102159831E-01
6.70210326795556838E-05  2.92047876123034122E-01
6.77585573831945148E-05  2.94848586591735906E-01
6.85502572833965318E-05  2.98350650236812009E-01
6.91252350251726766E-05  3.01554683574231042E-01
6.99319609299342212E-05  3.04924873898136883E-01
7.07166058683014569E-05  3.08474597248823146E-01
7.11179782601936532E-05  3.09597038413330361E-01
7.19252649297391980E-05  3.13137357311019715E-01
7.27426062307311855E-05  3.16703949639668247E-01
7.30905454271743929E-05  3.19075671020208507E-01
7.38499060603131120E-05  3.22244253464649189E-01
7.46414525883551047E-05  3.25683155220261866E-01
7.53491994482701280E-05  3.28907258896345922E-01
7.61820025645706771E-05  3.32214983780164008E-01
7.69317055945720543E-05  3.35499004228508757E-01
7.77875626372017542E-05  3.38659003490475230E-01
7.84013992470265764E-05  3.41466661785489012E-01
7.90679089514231825E-05  3.44139945957565696E-01
7.96572265007763729E-05  3.47103773395241400E-01
8.03644683738959607E-05  3.50313993420537151E-01
8.09737799627816696E-05  3.52878399275082855E-01
8.16800084475341123E-05  3.55578639768902749E-01
8.23872447216480661E-05  3.58530603157172889E-01
8.28645651239599823E-05  3.61290588779490662E-01
8.34250627294616347E-05  3.64072911391460197E-01
8.41390124647935223E-05  3.67055631945097716E-01
8.48055107234794298E-05  3.69811949140584018E-01
8.54575692199989814E-05  3.72612883642126247E-01
8.17296015532056885E-05  3.74978145838951338E-01
8.22635346508968600E-05  3.77450619012176136E-01
8.81307622182564594E-05  3.79723343936028190E-01
8.84558809380407013E-05  3.81491395608508921E-01
8.92886416767203067E-05  3.84693534584993058E-01
9.00078610610978783E-05  3.87774660602867194E-01
9.07147437519272189E-05  3.90276506108955645E-01
9.11645231840918849E-05  3.92271508110968503E-01
9.15231475660496958E-05  3.94290773358354940E-01
9.24531287267980374E-05  3.97348703641804912E-01
9.30558589691153279E-05  3.99478291885836778E-01
9.38263923199438715E-05  4.02253389961988672E-01
9.22247851645576280E-05  4.04546481149708370E-01
9.29304512169949401E-05  4.07722868827044116E-01
9.52634306049682938E-05  4.10711121587169048E-01
9.58297036383753964E-05  4.12926036762618243E-01
9.33623676027239141E-05  4.15771922888474033E-01
9.39226024413812588E-05  4.18469228367590929E-01
9.43722851597834922E-05  4.21263339266280401E-01
9.49680674579090126E-05  4.24349495341807603E-01
9.56528836267922858E-05  4.26835851335447714E-01
9.61620632258224778E-05  4.29423592782287755E-01
9.68785388867450178E-05  4.32689871335025178E-01
9.76181253826598205E-05  4.35955834017070387E-01
9.82849019834381582E-05  4.39046729177503647E-01
9.90226546943003341E-05  4.42117297273847021E-01
9.97901261557678984E-05  4.45411233098801762E-01
1.00202638868443147E-04  4.48126587311182378E-01
1.00940002912758460E-04  4.51437948454079863E-01
1.01348530201185276E-04  4.53785134856204031E-01
1.02083182965831930E-04  4.57089733504486284E-01
1.02650282807035739E-04  4.59981007229924022E-01
1.03368390840145354E-04  4.63121718592906240E-01
1.04058103356738721E-04  4.66150891838857051E-01
1.04636708719175325E-04  4.69120027734989287E-01
1.05288043796994066E-04  4.72121949104808092E-01
1.06031692146981577E-04  4.75278643121867184E-01
1.06599167874414646E-04  4.78313661065922047E-01
1.06829695535150433E-04  4.79606949686658957E-01
1.07155480180335001E-04  4.82558071264460542E-01
1.08029120800238673E-04  4.85526276194197970E-01
1.08756770307583128E-04  4.88801680100040992E-01
1.09481818818770414E-04  4.92076714845710028E-01
1.10177875067793765E-04  4.95231197063659978E-01
1.10902049159684532E-04  4.98505107135524428E-01
1.11576871056656875E-04  5.01585073028474882E-01
1.12304865857521669E-04  5.04858285542281737E-01
1.13023204393217051E-04  5.08095291803543958E-01
1.13750168035514458E-04  5.11365796411797802E-01
1.14468656617864629E-04  5.14602785379933980E-01
1.15193875665217833E-04  5.17867812676381822E-01
1.15999431937994363E-04  5.21024437246651817E-01
1.16536501434680653E-04  5.23596896476584250E-01
1.20053958045393191E-04  5.26177658481105204E-01
1.20797471465360420E-04  5.29441101982912610E-01
1.21541781207952677E-04  5.32704553530735536E-01
1.22284218026216286E-04  5.35952750929037935E-01
1.22767080226618940E-04  5.38201283926213581E-01
1.23346251064258665E-04  5.41208919340261163E-01
1.24026953514161029E-04  5.44227857112380642E-01
1.24666222198243151E-04  5.47259351931596472E-01
1.25309274771524641E-04  5.50189478376577390E-01
1.26035839344480240E-04  5.53357090901365978E-01
1.28105457043099433E-04  5.56561908379169856E-01
1.28827687528011714E-04  5.59565084285928327E-01
1.29575850538856188E-04  5.62815117654434482E-01
1.30323239941684474E-04  5.66061913546666240E-01
1.31069628057221832E-04  5.69305181219736944E-01
1.31711391957232797E-04  5.72269741467939852E-01
1.32404928046888498E-04  5.75334423089309821E-01
1.33142338414314089E-04  5.78559328110509363E-01
1.33889458823408837E-04  5.81806361768442248E-01
1.34593261557743038E-04  5.84848197636537726E-01
1.35278364824807477E-04  5.87865594363209731E-01
1.36019927548135765E-04  5.91101281960464742E-01
1.36761292097374934E-04  5.94331412029372674E-01
1.37373558001046073E-04  5.97225372056441106E-01
1.38119630140563776E-04  6.00469028963052764E-01
1.40201613720370918E-04  6.03421579976264111E-01
1.40951578608797430E-04  6.06657410743506653E-01
1.45751189364794198E-04  6.09204612576095150E-01
1.44106760695755266E-04  6.12097640214646299E-01
1.44868546001996473E-04  6.15334003004702423E-01
1.45484547299483923E-04  6.18240810893566417E-01
1.46245051028733031E-04  6.21472902163171081E-01
1.46972418114996173E-04  6.24608435786027538E-01
1.47732310344205441E-04  6.27837995670288862E-01
1.48387369164373374E-04  6.30904663193766146E-01
1.49147755211822414E-04  6.34138246808657602E-01
1.53429270139031002E-04  6.31480394500344877E-01
1.53990617343127689E-04  6.34069300484419451E-01
1.54768330261588483E-04  6.37271426808152630E-01
1.55545962275874423E-04  6.40473242197447057E-01
1.55546168492514542E-04  6.40473536426670154E-01
1.56443067497449503E-04  6.42424027154624322E-01
1.57217861644209402E-04  6.45608702239225618E-01
1.57980627042184074E-04  6.48689275436104551E-01
1.58758545728826007E-04  6.51883583653913079E-01
1.59536445972741428E-04  6.55077778974944680E-01
1.60284374427029433E-04  6.58121169436258202E-01
1.61049372812171673E-04  6.61296340792430604E-01
1.61815374212408505E-04  6.64456171321079370E-01
1.62592899636000709E-04  6.67649398256316196E-01
1.63368345676474964E-04  6.70764210484937062E-01
1.64129364654827005E-04  6.73952525760503018E-01
1.64906711388384218E-04  6.77145270984138792E-01
1.65682909831768414E-04  6.80334999185852718E-01
1.66460441995136023E-04  6.83527963993594945E-01
1.67232033434170160E-04  6.86689943231652000E-01
1.68009438265990553E-04  6.89882617046625346E-01
1.68615408909038138E-04  6.92697257677192146E-01
1.69312806074246001E-04  6.95730761782157536E-01
1.70673070793510469E-04  6.96440990911352142E-01
1.71452487646161188E-04  6.99618541602593291E-01
1.72231475907617254E-04  7.02797645528656756E-01
1.72960331864297975E-04  7.05755233062027032E-01
1.73739075802926447E-04  7.08933364424731205E-01
1.74516167186128217E-04  7.12082969073385863E-01
1.75289990766249772E-04  7.15224516825816115E-01
1.76068870128047450E-04  7.18402073265473007E-01
1.76127686610441127E-04  7.13902716057359221E-01
1.76510763483118255E-04  7.16377133137290678E-01
1.77284885545788383E-04  7.19518963805225065E-01
1.78058969870005523E-04  7.22660453226284805E-01
1.78832867597455980E-04  7.25801916576556239E-01
1.79606855932571904E-04  7.28943371932198936E-01
1.80367383000200852E-04  7.32053615044268913E-01
1.81094267249992669E-04  7.35097366723760803E-01
1.81849956071353583E-04  7.38200895876377827E-01
1.82623724981718569E-04  7.41341796692934984E-01
1.83394757078682649E-04  7.44470066718152079E-01
1.84165253298422191E-04  7.47583338097292271E-01
1.84809026729088749E-04  7.50514062741501564E-01
1.85582219410453456E-04  7.53654032458953682E-01
1.85682662886947972E-04  7.54393846868970486E-01
1.84781687091926938E-04  7.53642246697904028E-01
1.85543138031032603E-04  7.56738232852646298E-01
1.86306654437187399E-04  7.59852383685471477E-01
1.87085156204152073E-04  7.62689117130028960E-01
1.87812215991893516E-04  7.65356961722527762E-01
1.88576059601460247E-04  7.68464957649431901E-01
1.89339479516841339E-04  7.71576033371964787E-01
1.90102567385724494E-04  7.74687097854671158E-01
