0.00000000000000000E+00  0.00000000000000000E+00
1.79771912113065480E-06  4.48583829087530611E-02
2.69437179207199457E-06  6.72356377049412174E-02
2.91544705372111766E-06  7.27321253843911109E-02
3.25564085439423198E-06  8.10378444181807378E-02
3.40010230836276491E-06  8.43471697610338744E-02
3.67677815514680156E-06  8.91255249960701407E-02
9.15327306361709940E-06  8.87026316182798064E-02
9.84940919692822020E-06  9.23727096863799502E-02
1.03822466822408471E-05  9.49140249981191286E-02
1.03564448611623327E-05  9.36459302037756514E-02
1.02583208858762699E-05  9.18321342899728749E-02
1.10156307392377103E-05  9.65210121048249714E-02
1.18852907617881262E-05  9.87501776341335319E-02
1.17865732139182380E-05  9.62583264090650925E-02
1.23796562422969110E-05  1.00343054190023900E-01
1.21421454707730482E-05  1.01618189085788665E-01
1.24206146369274743E-05  1.02866765978133101E-01
1.26321641591647200E-05  1.03838499556427835E-01
1.29929094623245419E-05  1.06741323750221731E-01
1.34125772520583006E-05  1.07703897173520607E-01
1.39325806579766991E-05  1.10096303116417216E-01
1.43217615036512341E-05  1.12325703752075651E-01
1.48676860581016101E-05  1.16110490164195931E-01
1.51552213087079992E-05  1.18557585623807304E-01
1.57245224230572345E-05  1.22147441561103937E-01
2.30582081131987205E-05  1.25203512009199880E-01
2.37717262373428459E-05  1.27647757145923163E-01
2.43183849873828545E-05  1.30411824351330391E-01
2.49998401107239844E-05  1.33468964363924442E-01
2.57133887193461159E-05  1.36773586954142740E-01
2.64435437635254355E-05  1.39965944938169717E-01
2.68931027708637065E-05  1.42055653987482433E-01
2.76050239916818957E-05  1.45492828218914655E-01
3.14218629335497133E-05  1.47721993774717786E-01
3.23186860555384810E-05  1.51490953563871350E-01
3.31759637797576952E-05  1.55168919794697574E-01
3.39039111925010673E-05  1.57779913338885303E-01
3.47656281983160353E-05  1.61431984443863807E-01
3.56362809186216122E-05  1.65124552362282795E-01
3.64847013569948725E-05  1.68766680121342522E-01
3.69378293088716992E-05  1.71328997782647513E-01
3.87826774602671471E-05  1.74925133848308767E-01
3.91085266042985168E-05  1.77379501014984287E-01
3.99250736956499597E-05  1.80664122024309176E-01
4.08137335261168042E-05  1.84401853142702465E-01
4.16579422641732196E-05  1.88090849022602119E-01
4.23921944499574752E-05  1.91170370815927554E-01
4.25994929628688117E-05  1.92807234971091673E-01
4.32866606101549225E-05  1.96229226656368577E-01
4.41416615374881291E-05  2.00003140169753735E-01
4.49879535505727252E-05  2.03745876215215505E-01
4.57934656379619179E-05  2.07271089317105139E-01
4.46485251776934308E-05  2.09630181235459762E-01
4.51438489604209358E-05  2.12864408641656067E-01
4.58834774773959810E-05  2.16281344705090417E-01
4.67034908198712267E-05  2.20032987318164536E-01
4.73990927495112485E-05  2.23442346876682435E-01
4.82268763845267526E-05  2.27205478047576986E-01
4.90786540006159580E-05  2.30441633831778514E-01
4.97814070517842502E-05  2.33223730389304884E-01
5.05003494683203651E-05  2.36641262775003081E-01
5.12978069261227701E-05  2.40264083378007726E-01
5.21819883140088592E-05  2.43114242214106296E-01
5.29256950394969838E-05  2.46637059701448974E-01
5.34417307456571192E-05  2.48380461384378137E-01
5.41163561937805203E-05  2.50519242082161642E-01
5.48941988577724728E-05  2.53574570273254973E-01
5.53674674866827879E-05  2.56366186249893824E-01
5.60987631309955471E-05  2.59677748438280842E-01
5.69134616821231031E-05  2.63346904430260320E-01
5.76825660413525509E-05  2.66841748549903168E-01
5.84693221219751563E-05  2.70407321479583684E-01
5.92334068016944423E-05  2.73910283814549016E-01
5.98238946580022767E-05  2.76965259527413132E-01
6.06223596678785726E-05  2.80593805723216017E-01
6.12763271973185836E-05  2.83556309161715536E-01
6.34856296324124575E-05  2.86573607534693575E-01
6.39175776429167126E-05  2.88498967102159831E-01
6.47210195777415606E-05  2.92047876123034122E-01
6.54170059894848555E-05  2.94848586591735906E-01
6.62062283729417285E-05  2.98350650236812009E-01
6.68660933393419588E-05  3.01554683574231042E-01
6.76443296915908189E-05  3.04924873898136883E-01
6.84369556688308074E-05  3.08474597248823146E-01
6.87536807484081212E-05  3.09597038413330361E-01
6.95534222376168083E-05  3.13137357311019715E-01
7.03625289861188261E-05  3.16703949639668247E-01
7.09721196294164913E-05  3.19075671020208507E-01
7.17038062893384648E-05  3.22244253464649189E-01
7.24866551908474009E-05  3.25683155220261866E-01
7.32085710777974179E-05  3.28907258896345922E-01
7.39904393954756399E-05  3.32214983780164008E-01
7.47366773545189884E-05  3.35499004228508757E-01
7.55099009195634233E-05  3.38659003490475230E-01
7.61346852704422247E-05  3.41466661785489012E-01
7.67652208760018565E-05  3.44139945957565696E-01
7.74037060583265824E-05  3.47103773395241400E-01
7.81232368362726366E-05  3.50313993420537151E-01
7.87061460538647506E-05  3.52878399275082855E-01
7.93543591911518784E-05  3.55578639768902749E-01
8.00378183935940291E-05  3.58530603157172889E-01
8.06052107865896580E-05  3.61290588779490662E-01
8.12081382445487693E-05  3.64072911391460197E-01
8.18988135571907527E-05  3.67055631945097716E-01
8.25397202659323634E-05  3.69811949140584018E-01
8.31778564844114221E-05  3.72612883642126247E-01
9.12351618574456895E-05  3.74978145838951338E-01
9.18413790380653156E-05  3.77450619012176136E-01
9.23494722620300801E-05  3.79723343936028190E-01
9.27474492234459970E-05  3.81491395608508921E-01
9.35762824627716511E-05  3.84693534584993058E-01
9.43380899885650111E-05  3.87774660602867194E-01
9.50106243201727894E-05  3.90276506108955645E-01
9.54015739602553578E-05  3.92271508110968503E-01
9.60254755146359301E-05  3.94290773358354940E-01
9.74511271054434927E-05  3.97348703641804912E-01
9.79876990407010928E-05  3.99478291885836778E-01
9.86946056418525064E-05  4.02253389961988672E-01
1.04515119728888599E-04  4.04546481149708370E-01
1.05327503391626671E-04  4.07722868827044116E-01
1.06235257975068054E-04  4.10711121587169048E-01
1.06837290851815106E-04  4.12926036762618243E-01
1.07547741883769199E-04  4.15771922888474033E-01
1.08229245775994659E-04  4.18469228367590929E-01
1.08931294173417008E-04  4.21263339266280401E-01
1.09690504715984245E-04  4.24349495341807603E-01
1.10413383803778867E-04  4.26835851335447714E-01
1.11056609975717507E-04  4.29423592782287755E-01
1.11902543253861696E-04  4.32689871335025178E-01
1.12758865637314562E-04  4.35955834017070387E-01
1.13554476689799698E-04  4.39046729177503647E-01
1.14377821540508941E-04  4.42117297273847021E-01
1.15235784380618607E-04  4.45411233098801762E-01
1.15857767048793865E-04  4.48126587311182378E-01
1.16719915097330748E-04  4.51437948454079863E-01
1.17280213292686453E-04  4.53785134856204031E-01
1.18140150911015540E-04  4.57089733504486284E-01
1.18858812819947965E-04  4.59981007229924022E-01
1.19689949866357524E-04  4.63121718592906240E-01
1.20485030758432296E-04  4.66150891838857051E-01
1.21222092312196772E-04  4.69120027734989287E-01
1.21999028170322217E-04  4.72121949104808092E-01
1.22825099451693426E-04  4.75278643121867184E-01
1.27709338407644077E-04  4.78313661065922047E-01
1.28021335955887973E-04  4.79606949686658957E-01
1.28595103475705012E-04  4.82558071264460542E-01
1.29554858541736442E-04  4.85526276194197970E-01
1.30444682758249636E-04  4.88801680100040992E-01
1.31334570459481180E-04  4.92076714845710028E-01
1.32190894213655291E-04  4.95231197063659978E-01
1.33080402088011154E-04  4.98505107135524428E-01
1.35196019063228180E-04  5.01585073028474882E-01
1.36093651525416408E-04  5.04858285542281737E-01
1.36980509413350132E-04  5.08095291803543958E-01
1.37877297865102166E-04  5.11365796411797802E-01
1.38767352195991699E-04  5.14602785379933980E-01
1.39665448947666991E-04  5.17867812676381822E-01
1.40602238453927698E-04  5.21024437246651817E-01
1.41281241139611796E-04  5.23596896476584250E-01
1.42421147819479094E-04  5.26177658481105204E-01
1.43312305761818248E-04  5.29441101982912610E-01
1.44200809558911805E-04  5.32704553530735536E-01
1.45086558030449973E-04  5.35952750929037935E-01
1.45674856546854428E-04  5.38201283926213581E-01
1.43769180457279516E-04  5.41208919340261163E-01
1.44567371631740965E-04  5.44227857112380642E-01
1.45346425616802409E-04  5.47259351931596472E-01
1.46111409874237833E-04  5.50189478376577390E-01
1.46955251900175027E-04  5.53357090901365978E-01
1.47037422663988046E-04  5.56561908379169856E-01
1.47847516176534237E-04  5.59565084285928327E-01
1.48706188150679250E-04  5.62815117654434482E-01
1.49563989351639802E-04  5.66061913546666240E-01
1.50420760955788900E-04  5.69305181219736944E-01
1.51181621277521848E-04  5.72269741467939852E-01
1.51984814551202503E-04  5.75334423089309821E-01
1.52833775009235395E-04  5.78559328110509363E-01
1.53691459456684575E-04  5.81806361768442248E-01
1.54497475828182379E-04  5.84848197636537726E-01
1.55289728433813563E-04  5.87865594363209731E-01
1.56142796853279281E-04  5.91101281960464742E-01
1.56995016748771692E-04  5.94331412029372674E-01
1.57728776757259416E-04  5.97225372056441106E-01
1.58585417700282498E-04  6.00469028963052764E-01
1.61802075122534882E-04  6.03421579976264111E-01
1.62669396540729774E-04  6.06657410743506653E-01
1.63352285594795497E-04  6.09204612576095150E-01
1.64187076104307418E-04  6.12097640214646299E-01
1.65055169536044814E-04  6.15334003004702423E-01
1.65826843964956075E-04  6.18240810893566417E-01
1.66693759334795438E-04  6.21472902163171081E-01
1.67533717273164566E-04  6.24608435786027538E-01
1.68399945680957654E-04  6.27837995670288862E-01
1.68973416160764917E-04  6.30904663193766146E-01
1.69839435564772372E-04  6.34138246808657602E-01
2.13121405521379641E-04  6.31480394500344877E-01
2.15609646648044426E-04  6.34069300484419451E-01
2.03844755474008772E-04  6.37271426808152630E-01
1.92079468437121939E-04  6.40473242197447057E-01
1.92081129472939510E-04  6.40473536426670154E-01
1.85242082264744888E-04  6.42424027154624322E-01
1.86031620710719499E-04  6.45608702239225618E-01
1.87026915008535813E-04  6.48689275436104551E-01
1.89290342287980889E-04  6.51883583653913079E-01
1.89569365346984979E-04  6.55077778974944680E-01
1.95519213087894453E-04  6.58121169436258202E-01
1.92671164846653850E-04  6.61296340792430604E-01
2.27362768469663822E-04  6.64456171321079370E-01
2.15617534094996940E-04  6.67649398256316196E-01
1.93929042006881283E-04  6.70764210484937062E-01
1.95515463120949848E-04  6.73952525760503018E-01
1.91860353885239115E-04  6.77145270984138792E-01
1.96036230807815695E-04  6.80334999185852718E-01
1.96956250495971055E-04  6.83527963993594945E-01
1.97866951782184851E-04  6.86689943231652000E-01
1.98767866151738741E-04  6.89882617046625346E-01
1.99553675745674577E-04  6.92697257677192146E-01
2.00423658815607024E-04  6.95730761782157536E-01
2.00029297235556486E-04  6.96440990911352142E-01
2.00136186694282493E-04  6.99618541602593291E-01
2.01148311124393561E-04  7.02797645528656756E-01
2.02383676204940556E-04  7.05755233062027032E-01
2.03384967175410103E-04  7.08933364424731205E-01
2.03357760531409915E-04  7.12082969073385863E-01
2.03772363495090432E-04  7.15224516825816115E-01
2.04837812158022506E-04  7.18402073265473007E-01
2.04090816854580158E-04  7.13902716057359221E-01
2.00604806024202303E-04  7.16377133137290678E-01
2.00321862769609060E-04  7.19518963805225065E-01
2.00832882721987266E-04  7.22660453226284805E-01
2.01777893716257456E-04  7.25801916576556239E-01
2.02852880232700858E-04  7.28943371932198936E-01
2.02964912875113965E-04  7.32053615044268913E-01
2.04924324626400839E-04  7.35097366723760803E-01
2.05704706216221916E-04  7.38200895876377827E-01
2.06591243403586242E-04  7.41341796692934984E-01
2.06279259555781566E-04  7.44470066718152079E-01
2.06872005244307031E-04  7.47583338097292271E-01
2.08003287172273815E-04  7.50514062741501564E-01
2.08983479910674827E-04  7.53654032458953682E-01
2.09885308353445141E-04  7.54393846868970486E-01
2.15137844170059170E-04  7.53642246697904028E-01
2.18193897818790006E-04  7.56738232852646298E-01
2.18733390752817725E-04  7.59852383685471477E-01
2.19528395553130265E-04  7.62689117130028960E-01
2.20277393652053288E-04  7.65356961722527762E-01
2.21171602285285054E-04  7.68464957649431901E-01
2.22067004165120777E-04  7.71576033371964787E-01
2.23062135730483710E-04  7.74687097854671158E-01
