0.00000000000000000E+00  0.00000000000000000E+00
1.79771914752155192E-06  4.48583829087530611E-02
2.69442956662692369E-06  6.72356377049412174E-02
2.91347107708620439E-06  7.27321253843911109E-02
3.24732639726647843E-06  8.10378444181807378E-02
3.37408184157932914E-06  8.43471697610338744E-02
1.39605882861362578E-05  8.91255249960701407E-02
1.48264287638363352E-05  8.87026316182798064E-02
1.72085674771778536E-05  9.23727096863799502E-02
1.74974652958183259E-05  9.49140249981191286E-02
1.71482016134523929E-05  9.36459302037756514E-02
1.69363205052908746E-05  9.18321342899728749E-02
1.74471478681290885E-05  9.65210121048249714E-02
1.94455602164365958E-05  9.87501776341335319E-02
1.86858919506965176E-05  9.62583264090650925E-02
2.01783613371223417E-05  1.00343054190023900E-01
2.09503522454907451E-05  1.01618189085788665E-01
2.13727145221145963E-05  1.02866765978133101E-01
2.24234319773143913E-05  1.03838499556427835E-01
2.31326539991223083E-05  1.06741323750221731E-01
2.32471028484963782E-05  1.07703897173520607E-01
2.42058013595995171E-05  1.10096303116417216E-01
2.49253551113753327E-05  1.12325703752075651E-01
2.59548485014930415E-05  1.16110490164195931E-01
2.67102394786554865E-05  1.18557585623807304E-01
2.75938460304693870E-05  1.22147441561103937E-01
2.83944136063644893E-05  1.25203512009199880E-01
2.87851391221861323E-05  1.27647757145923163E-01
2.94827325036267109E-05  1.30411824351330391E-01
3.04408230260155713E-05  1.33468964363924442E-01
3.15642283342327449E-05  1.36773586954142740E-01
3.23422513035156859E-05  1.39965944938169717E-01
3.27601726518154295E-05  1.42055653987482433E-01
3.40218573736556515E-05  1.45492828218914655E-01
3.48407548183948660E-05  1.47721993774717786E-01
3.57861110034300798E-05  1.51490953563871350E-01
3.67437170033435762E-05  1.55168919794697574E-01
3.74574491725017823E-05  1.57779913338885303E-01
3.84075874275344718E-05  1.61431984443863807E-01
3.93544515499394377E-05  1.65124552362282795E-01
4.04247613108012975E-05  1.68766680121342522E-01
4.06336008127594498E-05  1.71328997782647513E-01
4.15464628485111981E-05  1.74925133848308767E-01
4.22746113325993657E-05  1.77379501014984287E-01
4.35516748993143490E-05  1.80664122024309176E-01
4.45066884526456241E-05  1.84401853142702465E-01
4.54363093150192800E-05  1.88090849022602119E-01
4.63921482629460003E-05  1.91170370815927554E-01
4.63186051670124756E-05  1.92807234971091673E-01
4.74574037051271515E-05  1.96229226656368577E-01
4.83909979065882435E-05  2.00003140169753735E-01
4.92735492051094102E-05  2.03745876215215505E-01
5.01404737632403941E-05  2.07271089317105139E-01
5.07464249301567676E-05  2.09630181235459762E-01
5.12645110624439671E-05  2.12864408641656067E-01
5.21063689536738249E-05  2.16281344705090417E-01
5.30234768785193362E-05  2.20032987318164536E-01
5.39346019126497704E-05  2.23442346876682435E-01
5.48501918955712157E-05  2.27205478047576986E-01
5.55078166281874853E-05  2.30441633831778514E-01
5.92547500097374879E-05  2.33223730389304884E-01
5.99698447561588990E-05  2.36641262775003081E-01
6.08912153595731484E-05  2.40264083378007726E-01
6.17810096653472005E-05  2.43114242214106296E-01
6.24476242446189754E-05  2.46637059701448974E-01
6.28001656453641872E-05  2.48380461384378137E-01
6.32286750244830586E-05  2.50519242082161642E-01
6.43953409095151044E-05  2.53574570273254973E-01
6.50789030880054081E-05  2.56366186249893824E-01
6.64520047739016991E-05  2.59677748438280842E-01
6.73882327086453622E-05  2.63346904430260320E-01
6.81562765407968700E-05  2.66841748549903168E-01
6.90565462169963947E-05  2.70407321479583684E-01
6.99525890464048304E-05  2.73910283814549016E-01
7.07758598366615326E-05  2.76965259527413132E-01
7.17006356357415865E-05  2.80593805723216017E-01
7.24895423062577515E-05  2.83556309161715536E-01
7.30939729426838703E-05  2.86573607534693575E-01
7.37784741581231761E-05  2.88498967102159831E-01
7.46306995233924535E-05  2.92047876123034122E-01
7.53205924174342586E-05  2.94848586591735906E-01
7.62123342427441404E-05  2.98350650236812009E-01
7.71861710931684170E-05  3.01554683574231042E-01
7.80020014351949292E-05  3.04924873898136883E-01
7.89061727493722137E-05  3.08474597248823146E-01
7.88555102543149998E-05  3.09597038413330361E-01
7.97344979946760200E-05  3.13137357311019715E-01
8.06286334021836908E-05  3.16703949639668247E-01
8.12098250920797841E-05  3.19075671020208507E-01
8.19462084265991722E-05  3.22244253464649189E-01
8.28241718157486997E-05  3.25683155220261866E-01
8.36474044068104012E-05  3.28907258896345922E-01
8.44550795919656039E-05  3.32214983780164008E-01
8.49184800140721265E-05  3.35499004228508757E-01
8.56814956812460438E-05  3.38659003490475230E-01
8.62990158289199567E-05  3.41466661785489012E-01
8.71581374322116017E-05  3.44139945957565696E-01
8.78191990023300707E-05  3.47103773395241400E-01
8.86465944121091112E-05  3.50313993420537151E-01
8.86687535492061869E-05  3.52878399275082855E-01
9.41147650220235544E-05  3.55578639768902749E-01
9.47441779515750381E-05  3.58530603157172889E-01
9.53699658234837856E-05  3.61290588779490662E-01
9.60577942282067263E-05  3.64072911391460197E-01
9.53858263498671369E-05  3.67055631945097716E-01
9.62323293720629587E-05  3.69811949140584018E-01
9.69055828684410071E-05  3.72612883642126247E-01
9.75012353341487073E-05  3.74978145838951338E-01
9.81462746726647316E-05  3.77450619012176136E-01
9.87683448960183751E-05  3.79723343936028190E-01
9.90193504137033657E-05  3.81491395608508921E-01
9.97799571518865388E-05  3.84693534584993058E-01
1.00618646743613109E-04  3.87774660602867194E-01
1.01234946509947419E-04  3.90276506108955645E-01
1.01755840726569340E-04  3.92271508110968503E-01
1.01952913904967751E-04  3.94290773358354940E-01
1.10245799343034606E-04  3.97348703641804912E-01
1.10939990041352722E-04  3.99478291885836778E-01
1.12922985938410233E-04  4.02253389961988672E-01
1.13535363217817913E-04  4.04546481149708370E-01
1.14488574608972863E-04  4.07722868827044116E-01
1.15324406407810165E-04  4.10711121587169048E-01
1.16262953231776071E-04  4.12926036762618243E-01
1.17043203624723037E-04  4.15771922888474033E-01
1.17780117781149472E-04  4.18469228367590929E-01
1.18514750827914935E-04  4.21263339266280401E-01
1.19459601386334973E-04  4.24349495341807603E-01
1.19956260859250922E-04  4.26835851335447714E-01
1.21956875533158881E-04  4.29423592782287755E-01
1.22896417861804346E-04  4.32689871335025178E-01
1.23809364623672733E-04  4.35955834017070387E-01
1.24682069046852095E-04  4.39046729177503647E-01
1.25434559200291547E-04  4.42117297273847021E-01
1.26343517210378373E-04  4.45411233098801762E-01
1.27399640923984720E-04  4.48126587311182378E-01
1.28326714408037940E-04  4.51437948454079863E-01
1.30475655043119695E-04  4.53785134856204031E-01
1.31425412303285381E-04  4.57089733504486284E-01
1.32157792786669797E-04  4.59981007229924022E-01
1.33217218859116087E-04  4.63121718592906240E-01
1.34064096663788230E-04  4.66150891838857051E-01
1.34998313558663298E-04  4.69120027734989287E-01
1.35698072594057353E-04  4.72121949104808092E-01
1.36602641859929347E-04  4.75278643121867184E-01
1.37473258726293146E-04  4.78313661065922047E-01
1.36872377469614932E-04  4.79606949686658957E-01
1.37597449021248505E-04  4.82558071264460542E-01
1.33244524127215398E-04  4.85526276194197970E-01
1.34137905632149453E-04  4.88801680100040992E-01
1.35031393430000467E-04  4.92076714845710028E-01
1.35900877460122353E-04  4.95231197063659978E-01
1.36794081502674813E-04  4.98505107135524428E-01
1.37620411616963794E-04  5.01585073028474882E-01
1.38513147924772305E-04  5.04858285542281737E-01
1.39397310737877792E-04  5.08095291803543958E-01
1.40287934006851685E-04  5.11365796411797802E-01
1.41171264426773711E-04  5.14602785379933980E-01
1.42020141609869310E-04  5.17867812676381822E-01
1.42880377815913714E-04  5.21024437246651817E-01
1.43835559367663009E-04  5.23596896476584250E-01
1.44813150943717524E-04  5.26177658481105204E-01
1.45706270157474520E-04  5.29441101982912610E-01
1.46599437468725603E-04  5.32704553530735536E-01
1.47482642705513154E-04  5.35952750929037935E-01
1.47840477051538457E-04  5.38201283926213581E-01
1.48693280407098238E-04  5.41208919340261163E-01
1.49515008512433618E-04  5.44227857112380642E-01
1.50466786980787536E-04  5.47259351931596472E-01
1.50920708669138263E-04  5.50189478376577390E-01
1.51788658438150280E-04  5.53357090901365978E-01
1.52661617168375115E-04  5.56561908379169856E-01
1.53324160404847646E-04  5.59565084285928327E-01
1.54210894270543145E-04  5.62815117654434482E-01
1.55096768255214186E-04  5.66061913546666240E-01
1.55985657653278167E-04  5.69305181219736944E-01
1.58171754513283368E-04  5.72269741467939852E-01
1.59024654208932918E-04  5.75334423089309821E-01
1.59912619177506911E-04  5.78559328110509363E-01
1.60806476388603362E-04  5.81806361768442248E-01
1.61796138094984308E-04  5.84848197636537726E-01
1.68271213311952089E-04  5.87865594363209731E-01
1.69199648677118616E-04  5.91101281960464742E-01
1.70134905306036036E-04  5.94331412029372674E-01
1.70572180862268649E-04  5.97225372056441106E-01
1.71499529898921921E-04  6.00469028963052764E-01
1.72332735881929044E-04  6.03421579976264111E-01
1.73257393703293069E-04  6.06657410743506653E-01
1.73984430071420608E-04  6.09204612576095150E-01
1.74775951306558111E-04  6.12097640214646299E-01
1.75700459128643512E-04  6.15334003004702423E-01
1.76538640513033192E-04  6.18240810893566417E-01
1.77461839450783910E-04  6.21472902163171081E-01
1.78316751235003002E-04  6.24608435786027538E-01
1.79241580378058235E-04  6.27837995670288862E-01
1.80155504789814101E-04  6.30904663193766146E-01
1.81079359997917116E-04  6.34138246808657602E-01
1.80688954156774020E-04  6.31480394500344877E-01
1.81781644821117291E-04  6.34069300484419451E-01
1.82699595579923629E-04  6.37271426808152630E-01
1.83617415124111803E-04  6.40473242197447057E-01
1.83617262102867690E-04  6.40473536426670154E-01
1.83847162013596552E-04  6.42424027154624322E-01
1.84758627869076320E-04  6.45608702239225618E-01
1.85251082080204171E-04  6.48689275436104551E-01
1.86163318182123918E-04  6.51883583653913079E-01
1.87075541939296913E-04  6.55077778974944680E-01
1.87917218882476065E-04  6.58121169436258202E-01
1.88823902125998758E-04  6.61296340792430604E-01
1.89714719169287171E-04  6.64456171321079370E-01
1.90626432017262839E-04  6.67649398256316196E-01
1.91542311140427933E-04  6.70764210484937062E-01
1.92454051175870288E-04  6.73952525760503018E-01
1.93365759132487370E-04  6.77145270984138792E-01
1.94276871274310248E-04  6.80334999185852718E-01
1.95188640133287742E-04  6.83527963993594945E-01
1.96091408706632574E-04  6.86689943231652000E-01
1.97003097758584930E-04  6.89882617046625346E-01
1.97537800147276361E-04  6.92697257677192146E-01
1.98451389307721573E-04  6.95730761782157536E-01
1.98248317169395175E-04  6.96440990911352142E-01
1.99151997479145564E-04  6.99618541602593291E-01
2.00057073399689984E-04  7.02797645528656756E-01
2.00894198638188436E-04  7.05755233062027032E-01
2.01799004772774092E-04  7.08933364424731205E-01
2.02689400430391790E-04  7.12082969073385863E-01
2.03579026505954722E-04  7.15224516825816115E-01
2.04483343357848759E-04  7.18402073265473007E-01
2.01950005969156379E-04  7.13902716057359221E-01
2.02809730401782434E-04  7.16377133137290678E-01
2.03699203320951549E-04  7.19518963805225065E-01
2.04588524706581041E-04  7.22660453226284805E-01
2.05478050998754956E-04  7.25801916576556239E-01
2.06367465916036056E-04  7.28943371932198936E-01
2.07254844472829370E-04  7.32053615044268913E-01
2.08144025426735754E-04  7.35097366723760803E-01
2.09033255990366453E-04  7.38200895876377827E-01
2.09922612727231339E-04  7.41341796692934984E-01
2.10807951674089715E-04  7.44470066718152079E-01
2.11685321249952939E-04  7.47583338097292271E-01
2.12607333257867556E-04  7.50514062741501564E-01
2.13496835372630096E-04  7.53654032458953682E-01
2.13802717975032641E-04  7.54393846868970486E-01
2.14406550875869545E-04  7.53642246697904028E-01
2.15284539688417702E-04  7.56738232852646298E-01
2.16170527495589647E-04  7.59852383685471477E-01
2.16879190597384780E-04  7.62689117130028960E-01
2.17551700021802099E-04  7.65356961722527762E-01
2.18433759869576631E-04  7.68464957649431901E-01
2.19318093377404363E-04  7.71576033371964787E-01
2.20202814074427298E-04  7.74687097854671158E-01
