0.00000000000000000E+00  0.00000000000000000E+00
1.79771915797551736E-06  4.48583829087530611E-02
2.69443793679757931E-06  6.72356377049412174E-02
3.03096762748130430E-06  7.27321253843911109E-02
3.38130590862408876E-06  8.10378444181807378E-02
3.50241956836235430E-06  8.43471697610338744E-02
3.71196527813959763E-06  8.91255249960701407E-02
4.22397073383069723E-06  8.87026316182798064E-02
4.41396854296551510E-06  9.23727096863799502E-02
4.53474470142131865E-06  9.49140249981191286E-02
4.50842094211131861E-06  9.36459302037756514E-02
4.42696085612377991E-06  9.18321342899728749E-02
4.64097704187555610E-06  9.65210121048249714E-02
4.77260719543477503E-06  9.87501776341335319E-02
4.64362617646734278E-06  9.62583264090650925E-02
5.34430727155900832E-06  1.00343054190023900E-01
5.40724390998796188E-06  1.01618189085788665E-01
5.48076527689803951E-06  1.02866765978133101E-01
5.52771794485091184E-06  1.03838499556427835E-01
5.69061406767925487E-06  1.06741323750221731E-01
6.26463229872630976E-06  1.07703897173520607E-01
6.42789152801694964E-06  1.10096303116417216E-01
6.57820757647689853E-06  1.12325703752075651E-01
6.80754471609883735E-06  1.16110490164195931E-01
6.96567214162127635E-06  1.18557585623807304E-01
7.78228860727177632E-06  1.22147441561103937E-01
8.33451637747081734E-06  1.25203512009199880E-01
8.50371428363200753E-06  1.27647757145923163E-01
8.69765635424965241E-06  1.30411824351330391E-01
8.92017077474356514E-06  1.33468964363924442E-01
9.15987333204682863E-06  1.36773586954142740E-01
9.38995303005027730E-06  1.39965944938169717E-01
2.39811061787842568E-05  1.42055653987482433E-01
2.46341623382671728E-05  1.45492828218914655E-01
2.49848826842934721E-05  1.47721993774717786E-01
2.56708894020123146E-05  1.51490953563871350E-01
2.63786921705211732E-05  1.55168919794697574E-01
2.69603052073890651E-05  1.57779913338885303E-01
2.76858529156496776E-05  1.61431984443863807E-01
2.84270004989897154E-05  1.65124552362282795E-01
2.91575111616755741E-05  1.68766680121342522E-01
2.98328505744641418E-05  1.71328997782647513E-01
3.05393705556596703E-05  1.74925133848308767E-01
3.10012660700409014E-05  1.77379501014984287E-01
3.12512209771133331E-05  1.80664122024309176E-01
3.19615970832145776E-05  1.84401853142702465E-01
3.26700560257609592E-05  1.88090849022602119E-01
3.30796322737359036E-05  1.91170370815927554E-01
3.38240106545215427E-05  1.92807234971091673E-01
3.41863502644427900E-05  1.96229226656368577E-01
3.48519895510146114E-05  2.00003140169753735E-01
3.55507723353061934E-05  2.03745876215215505E-01
3.88771364444969640E-05  2.07271089317105139E-01
3.93153058316108488E-05  2.09630181235459762E-01
4.02292279860522618E-05  2.12864408641656067E-01
4.35748635635032581E-05  2.16281344705090417E-01
4.43608779001683756E-05  2.20032987318164536E-01
4.50245812150995486E-05  2.23442346876682435E-01
4.58255895399612171E-05  2.27205478047576986E-01
4.61539618326447295E-05  2.30441633831778514E-01
4.64368328436383067E-05  2.33223730389304884E-01
5.17344742659662377E-05  2.36641262775003081E-01
5.25385885778001903E-05  2.40264083378007726E-01
5.30590276985278735E-05  2.43114242214106296E-01
5.39482690720937677E-05  2.46637059701448974E-01
5.43618402190553050E-05  2.48380461384378137E-01
5.48649973035103457E-05  2.50519242082161642E-01
5.53453942493302778E-05  2.53574570273254973E-01
5.71373348801954787E-05  2.56366186249893824E-01
5.78500278326768338E-05  2.59677748438280842E-01
5.86645209508285291E-05  2.63346904430260320E-01
5.94597096744927701E-05  2.66841748549903168E-01
6.02545125758077900E-05  2.70407321479583684E-01
6.10312812833117661E-05  2.73910283814549016E-01
6.51159927431875984E-05  2.76965259527413132E-01
6.59694066808364996E-05  2.80593805723216017E-01
6.66097008858316034E-05  2.83556309161715536E-01
6.74372874233322575E-05  2.86573607534693575E-01
6.77363557484682169E-05  2.88498967102159831E-01
6.85710246083558444E-05  2.92047876123034122E-01
6.92219419811423466E-05  2.94848586591735906E-01
7.00394135958350280E-05  2.98350650236812009E-01
7.08432273635563802E-05  3.01554683574231042E-01
7.16855951684998135E-05  3.04924873898136883E-01
7.25320971609263749E-05  3.08474597248823146E-01
7.29391269636488508E-05  3.09597038413330361E-01
7.37859859032267192E-05  3.13137357311019715E-01
7.46323124239535018E-05  3.16703949639668247E-01
7.51740361298730824E-05  3.19075671020208507E-01
7.59706094637667461E-05  3.22244253464649189E-01
7.67705100530818949E-05  3.25683155220261866E-01
7.75281580138712954E-05  3.28907258896345922E-01
7.83223811437800841E-05  3.32214983780164008E-01
7.90841597671249757E-05  3.35499004228508757E-01
7.98398493038333761E-05  3.38659003490475230E-01
8.05936856655874645E-05  3.41466661785489012E-01
8.24919455210486839E-05  3.44139945957565696E-01
8.33123432455358266E-05  3.47103773395241400E-01
8.40845806184821161E-05  3.50313993420537151E-01
8.46996334658978297E-05  3.52878399275082855E-01
8.53570697438393823E-05  3.55578639768902749E-01
8.61890795699974798E-05  3.58530603157172889E-01
8.69708690313155666E-05  3.61290588779490662E-01
7.86047315651272919E-05  3.64072911391460197E-01
7.92486208469532450E-05  3.67055631945097716E-01
8.75933280900366516E-05  3.69811949140584018E-01
8.69064943189786377E-05  3.72612883642126247E-01
8.74661781927833564E-05  3.74978145838951338E-01
8.80288010010302387E-05  3.77450619012176136E-01
8.85457283584131739E-05  3.79723343936028190E-01
8.91720760441997926E-05  3.81491395608508921E-01
8.99565358368898099E-05  3.84693534584993058E-01
9.06178087311641529E-05  3.87774660602867194E-01
9.11901375083624434E-05  3.90276506108955645E-01
9.16477265885916326E-05  3.92271508110968503E-01
9.20621562594053314E-05  3.94290773358354940E-01
9.28305673136605846E-05  3.97348703641804912E-01
9.32012095273787415E-05  3.99478291885836778E-01
9.38196184965696921E-05  4.02253389961988672E-01
1.01025830247432682E-04  4.04546481149708370E-01
1.01695543663542524E-04  4.07722868827044116E-01
1.02413839380429295E-04  4.10711121587169048E-01
1.02314602561407071E-04  4.12926036762618243E-01
1.03029576078423170E-04  4.15771922888474033E-01
9.84743663886133297E-05  4.18469228367590929E-01
9.92572771978368976E-05  4.21263339266280401E-01
9.98567073396314751E-05  4.24349495341807603E-01
1.00761422958109718E-04  4.26835851335447714E-01
1.01447226435046447E-04  4.29423592782287755E-01
1.02179273101135224E-04  4.32689871335025178E-01
1.02938570040615740E-04  4.35955834017070387E-01
1.03660892021686978E-04  4.39046729177503647E-01
1.04514250981924475E-04  4.42117297273847021E-01
1.05304693145480107E-04  4.45411233098801762E-01
1.05587019204848734E-04  4.48126587311182378E-01
1.06361630376451905E-04  4.51437948454079863E-01
1.06071088093963881E-04  4.53785134856204031E-01
1.06837031171239452E-04  4.57089733504486284E-01
1.07658293440254793E-04  4.59981007229924022E-01
1.08135342444031553E-04  4.63121718592906240E-01
1.08862339314761336E-04  4.66150891838857051E-01
1.09475524433454716E-04  4.69120027734989287E-01
1.10411957519882756E-04  4.72121949104808092E-01
1.11143878089086864E-04  4.75278643121867184E-01
1.11899896500775465E-04  4.78313661065922047E-01
1.13665783628978103E-04  4.79606949686658957E-01
1.14683222802464601E-04  4.82558071264460542E-01
1.14641285329336508E-04  4.85526276194197970E-01
1.15414799408241090E-04  4.88801680100040992E-01
1.16187816369636189E-04  4.92076714845710028E-01
1.16908268496581941E-04  4.95231197063659978E-01
1.17681301869878609E-04  4.98505107135524428E-01
1.18432426913332939E-04  5.01585073028474882E-01
1.19205557883346339E-04  5.04858285542281737E-01
1.19968774477573897E-04  5.08095291803543958E-01
1.20743647252089794E-04  5.11365796411797802E-01
1.21507523192234410E-04  5.14602785379933980E-01
1.22272878137069229E-04  5.17867812676381822E-01
1.22962108910174613E-04  5.21024437246651817E-01
1.23171184779010063E-04  5.23596896476584250E-01
1.23308932555208544E-04  5.26177658481105204E-01
1.24073922864769998E-04  5.29441101982912610E-01
1.24838770406472503E-04  5.32704553530735536E-01
1.25609317193124681E-04  5.35952750929037935E-01
1.26605995006451701E-04  5.38201283926213581E-01
1.27318854637297960E-04  5.41208919340261163E-01
1.28038708574429840E-04  5.44227857112380642E-01
1.28562971019976265E-04  5.47259351931596472E-01
1.29859430583779750E-04  5.50189478376577390E-01
1.30599389571308712E-04  5.53357090901365978E-01
1.31353054878811850E-04  5.56561908379169856E-01
1.32302697593485738E-04  5.59565084285928327E-01
1.33071130206013520E-04  5.62815117654434482E-01
1.33838347056379784E-04  5.66061913546666240E-01
1.34600593618766466E-04  5.69305181219736944E-01
1.35286843989312336E-04  5.72269741467939852E-01
1.36002777671568502E-04  5.75334423089309821E-01
1.36767185428401678E-04  5.78559328110509363E-01
1.37534515608051834E-04  5.81806361768442248E-01
1.38007163303579747E-04  5.84848197636537726E-01
1.38541460470988651E-04  5.87865594363209731E-01
1.39303846271986208E-04  5.91101281960464742E-01
1.40049548492791930E-04  5.94331412029372674E-01
1.41450551138573143E-04  5.97225372056441106E-01
1.42218351378823335E-04  6.00469028963052764E-01
1.42905453164009818E-04  6.03421579976264111E-01
1.43673192598245706E-04  6.06657410743506653E-01
1.44280157383528621E-04  6.09204612576095150E-01
1.45026882373050416E-04  6.12097640214646299E-01
1.45794388282082139E-04  6.15334003004702423E-01
1.46456056489722075E-04  6.18240810893566417E-01
1.47222577223926447E-04  6.21472902163171081E-01
1.48095427522059852E-04  6.24608435786027538E-01
1.48856405831859599E-04  6.27837995670288862E-01
1.49525878302758175E-04  6.30904663193766146E-01
1.50292598258644884E-04  6.34138246808657602E-01
1.49014533770557749E-04  6.31480394500344877E-01
1.49245835847126862E-04  6.34069300484419451E-01
1.50000103299990700E-04  6.37271426808152630E-01
1.50754478434871270E-04  6.40473242197447057E-01
1.50754925190392953E-04  6.40473536426670154E-01
1.51674899227261092E-04  6.42424027154624322E-01
1.52427029326724544E-04  6.45608702239225618E-01
1.53287467734242178E-04  6.48689275436104551E-01
1.54042808439581406E-04  6.51883583653913079E-01
1.54798090355402458E-04  6.55077778974944680E-01
1.55566099979589272E-04  6.58121169436258202E-01
1.56319438416430796E-04  6.61296340792430604E-01
1.57088806583773836E-04  6.64456171321079370E-01
1.57844329970894875E-04  6.67649398256316196E-01
1.58527712461742918E-04  6.70764210484937062E-01
1.59283980906055464E-04  6.73952525760503018E-01
1.60039165597828693E-04  6.77145270984138792E-01
1.60793267933138353E-04  6.80334999185852718E-01
1.61548470197316269E-04  6.83527963993594945E-01
1.62296242635303050E-04  6.86689943231652000E-01
1.63051386669193837E-04  6.89882617046625346E-01
1.64287310337835665E-04  6.92697257677192146E-01
1.64905815627515526E-04  6.95730761782157536E-01
1.65919398405446269E-04  6.96440990911352142E-01
1.66678161627840417E-04  6.99618541602593291E-01
1.67435308172088609E-04  7.02797645528656756E-01
1.68149878180222801E-04  7.05755233062027032E-01
1.68906778334583334E-04  7.08933364424731205E-01
1.69669988425870562E-04  7.12082969073385863E-01
1.70428103796943509E-04  7.15224516825816115E-01
1.71185545385650617E-04  7.18402073265473007E-01
1.84225474717181897E-04  7.13902716057359221E-01
1.84641505415908055E-04  7.16377133137290678E-01
1.85451282692318444E-04  7.19518963805225065E-01
1.86261054975312996E-04  7.22660453226284805E-01
1.87070498006351987E-04  7.25801916576556239E-01
1.87880104709132068E-04  7.28943371932198936E-01
1.88671336217436335E-04  7.32053615044268913E-01
1.89414093990008647E-04  7.35097366723760803E-01
1.90197894143638059E-04  7.38200895876377827E-01
1.91007207833764504E-04  7.41341796692934984E-01
1.91813937921329457E-04  7.44470066718152079E-01
1.92622458466022457E-04  7.47583338097292271E-01
1.93237596029162840E-04  7.50514062741501564E-01
1.94046048918774215E-04  7.53654032458953682E-01
1.94090223106431828E-04  7.54393846868970486E-01
1.92653141263703087E-04  7.53642246697904028E-01
1.93448841282032030E-04  7.56738232852646298E-01
1.94244862287902640E-04  7.59852383685471477E-01
1.95120194911534411E-04  7.62689117130028960E-01
1.95934195992123177E-04  7.65356961722527762E-01
1.96751298558148040E-04  7.68464957649431901E-01
1.97547801709884851E-04  7.71576033371964787E-01
1.98343706131897442E-04  7.74687097854671158E-01
