0.00000000000000000E+00  0.00000000000000000E+00
1.79771915628744168E-06  4.48583829087530611E-02
2.69444071609685809E-06  6.72356377049412174E-02
2.91530158423547822E-06  7.27321253843911109E-02
3.24853668686506098E-06  8.10378444181807378E-02
3.37424457937993393E-06  8.43471697610338744E-02
3.56976028507912128E-06  8.91255249960701407E-02
3.55252937945508987E-06  8.87026316182798064E-02
3.70167067555442382E-06  9.23727096863799502E-02
3.80216084048975956E-06  9.49140249981191286E-02
1.66457029220137007E-05  9.36459302037756514E-02
1.65425535830605685E-05  9.18321342899728749E-02
1.71076043469354350E-05  9.65210121048249714E-02
1.81143252204723885E-05  9.87501776341335319E-02
1.74626220446366285E-05  9.62583264090650925E-02
1.89368375040514304E-05  1.00343054190023900E-01
1.89574227559901015E-05  1.01618189085788665E-01
1.93260178244886139E-05  1.02866765978133101E-01
1.93549330535832266E-05  1.03838499556427835E-01
1.99697424962900355E-05  1.06741323750221731E-01
2.87355345429833110E-05  1.07703897173520607E-01
2.97640742898497659E-05  1.10096303116417216E-01
3.06999891379766026E-05  1.12325703752075651E-01
3.25536626306688933E-05  1.16110490164195931E-01
3.34377477226447176E-05  1.18557585623807304E-01
3.76599047161166659E-05  1.22147441561103937E-01
3.87132235245479447E-05  1.25203512009199880E-01
3.93299547358397325E-05  1.27647757145923163E-01
3.96861161110801546E-05  1.30411824351330391E-01
4.07808965878753669E-05  1.33468964363924442E-01
4.22707783877390979E-05  1.36773586954142740E-01
4.33860689742935290E-05  1.39965944938169717E-01
4.19455067247792622E-05  1.42055653987482433E-01
4.30840148224474512E-05  1.45492828218914655E-01
4.40896202968583972E-05  1.47721993774717786E-01
4.53172157459156666E-05  1.51490953563871350E-01
4.65673370044815209E-05  1.55168919794697574E-01
4.73042544262712496E-05  1.57779913338885303E-01
4.84652642037730402E-05  1.61431984443863807E-01
4.96408510111509722E-05  1.65124552362282795E-01
5.08004621056575467E-05  1.68766680121342522E-01
5.14139257250606171E-05  1.71328997782647513E-01
5.25754168726811407E-05  1.74925133848308767E-01
5.33833654460702154E-05  1.77379501014984287E-01
5.50059923643497176E-05  1.80664122024309176E-01
5.61780568404996361E-05  1.84401853142702465E-01
5.73473335064321249E-05  1.88090849022602119E-01
5.85290712383923907E-05  1.91170370815927554E-01
5.84221519175475291E-05  1.92807234971091673E-01
5.98296994152550002E-05  1.96229226656368577E-01
6.10218960835668561E-05  2.00003140169753735E-01
6.21541488955498897E-05  2.03745876215215505E-01
6.33540727844584227E-05  2.07271089317105139E-01
6.41356472266298161E-05  2.09630181235459762E-01
6.47508263962288206E-05  2.12864408641656067E-01
6.61941874521440273E-05  2.16281344705090417E-01
6.73596740912516391E-05  2.20032987318164536E-01
6.84989004258035870E-05  2.23442346876682435E-01
6.96677036377602900E-05  2.27205478047576986E-01
7.17828678822635038E-05  2.30441633831778514E-01
7.30839547926295536E-05  2.33223730389304884E-01
7.40075268712332853E-05  2.36641262775003081E-01
7.51515132157380542E-05  2.40264083378007726E-01
7.59892662653027144E-05  2.43114242214106296E-01
7.68280960170106709E-05  2.46637059701448974E-01
7.73150019130180305E-05  2.48380461384378137E-01
7.79255394094678948E-05  2.50519242082161642E-01
7.94816919276108633E-05  2.53574570273254973E-01
8.00374722907401873E-05  2.56366186249893824E-01
8.11587302399711507E-05  2.59677748438280842E-01
8.23314198661977397E-05  2.63346904430260320E-01
8.34072521422736090E-05  2.66841748549903168E-01
8.45394626629974435E-05  2.70407321479583684E-01
8.56630720823898986E-05  2.73910283814549016E-01
8.61342349015729912E-05  2.76965259527413132E-01
8.72687849766781059E-05  2.80593805723216017E-01
8.82872345649399985E-05  2.83556309161715536E-01
8.90497149366039579E-05  2.86573607534693575E-01
9.35327306079180350E-05  2.88498967102159831E-01
9.46806935552306972E-05  2.92047876123034122E-01
9.55971789969050799E-05  2.94848586591735906E-01
9.67372353089630214E-05  2.98350650236812009E-01
9.78969152708983369E-05  3.01554683574231042E-01
9.89394761272859632E-05  3.04924873898136883E-01
1.00083313993523399E-04  3.08474597248823146E-01
1.00292892545685236E-04  3.09597038413330361E-01
1.01429277990427980E-04  3.13137357311019715E-01
1.02584337645292008E-04  3.16703949639668247E-01
1.03378313400225475E-04  3.19075671020208507E-01
1.04354252735753736E-04  3.22244253464649189E-01
1.05485912970875221E-04  3.25683155220261866E-01
1.06537461164789814E-04  3.28907258896345922E-01
1.07598939204587673E-04  3.32214983780164008E-01
1.08680843726252272E-04  3.35499004228508757E-01
1.09699352492267791E-04  3.38659003490475230E-01
1.10235535783619922E-04  3.41466661785489012E-01
1.11285984209517842E-04  3.44139945957565696E-01
1.12130224262904253E-04  3.47103773395241400E-01
1.13157336932954858E-04  3.50313993420537151E-01
1.13995460692087433E-04  3.52878399275082855E-01
1.14871193723632302E-04  3.55578639768902749E-01
1.15707986047856263E-04  3.58530603157172889E-01
1.16480859482742975E-04  3.61290588779490662E-01
1.17361974766295638E-04  3.64072911391460197E-01
1.18321011937792884E-04  3.67055631945097716E-01
1.14567746127330373E-04  3.69811949140584018E-01
1.17589561892411263E-04  3.72612883642126247E-01
1.18329359199347809E-04  3.74978145838951338E-01
1.19124663312718520E-04  3.77450619012176136E-01
1.19852413495627973E-04  3.79723343936028190E-01
1.23673914554916749E-04  3.81491395608508921E-01
1.24679434408085719E-04  3.84693534584993058E-01
1.25794502215397885E-04  3.87774660602867194E-01
1.26623281732464476E-04  3.90276506108955645E-01
1.27280507931399538E-04  3.92271508110968503E-01
1.31496724104657138E-04  3.94290773358354940E-01
1.32457222504063564E-04  3.97348703641804912E-01
1.33322847518320018E-04  3.99478291885836778E-01
1.34286994465416653E-04  4.02253389961988672E-01
1.35072109500620889E-04  4.04546481149708370E-01
1.36207169181687274E-04  4.07722868827044116E-01
1.37228559329276778E-04  4.10711121587169048E-01
1.38313405820957502E-04  4.12926036762618243E-01
1.39267732168630513E-04  4.15771922888474033E-01
1.48637779247155918E-04  4.18469228367590929E-01
1.49540410302309253E-04  4.21263339266280401E-01
1.50724845240482290E-04  4.24349495341807603E-01
1.51393503673496023E-04  4.26835851335447714E-01
1.52257785822847158E-04  4.29423592782287755E-01
1.53448424898656663E-04  4.32689871335025178E-01
1.54621021635264729E-04  4.35955834017070387E-01
1.55726098116092636E-04  4.39046729177503647E-01
1.56731876949127045E-04  4.42117297273847021E-01
1.57896247516423191E-04  4.45411233098801762E-01
1.59146020045865992E-04  4.48126587311182378E-01
1.60330996912072185E-04  4.51437948454079863E-01
1.62433458401735863E-04  4.53785134856204031E-01
1.63627150815602584E-04  4.57089733504486284E-01
1.64665936161406028E-04  4.59981007229924022E-01
1.65987177111316534E-04  4.63121718592906240E-01
1.67064894482948619E-04  4.66150891838857051E-01
1.68183176819863790E-04  4.69120027734989287E-01
1.69087085061575895E-04  4.72121949104808092E-01
1.70221020187525177E-04  4.75278643121867184E-01
1.71266309928900032E-04  4.78313661065922047E-01
1.69701941300180563E-04  4.79606949686658957E-01
1.70502323468200252E-04  4.82558071264460542E-01
1.72091143974883098E-04  4.85526276194197970E-01
1.73251982466643114E-04  4.88801680100040992E-01
1.74412989959383440E-04  4.92076714845710028E-01
1.75548162852199154E-04  4.95231197063659978E-01
1.76708570135070044E-04  4.98505107135524428E-01
1.77783236163555659E-04  5.01585073028474882E-01
1.78943199448349530E-04  5.04858285542281737E-01
1.80091194480152747E-04  5.08095291803543958E-01
1.81248493171440490E-04  5.11365796411797802E-01
1.82396077667492263E-04  5.14602785379933980E-01
1.83557257078177747E-04  5.17867812676381822E-01
1.84722007523860669E-04  5.21024437246651817E-01
1.85912496156897351E-04  5.23596896476584250E-01
1.87158446385154087E-04  5.26177658481105204E-01
1.88319069857984791E-04  5.29441101982912610E-01
1.89479796078489146E-04  5.32704553530735536E-01
1.90680792582931941E-04  5.35952750929037935E-01
1.91148047522237373E-04  5.38201283926213581E-01
1.92205833567040242E-04  5.41208919340261163E-01
1.93258263468221387E-04  5.44227857112380642E-01
1.94464685502787442E-04  5.47259351931596472E-01
1.95075987115450860E-04  5.50189478376577390E-01
1.96204827709317705E-04  5.53357090901365978E-01
1.97343783392960308E-04  5.56561908379169856E-01
1.98240926659063203E-04  5.59565084285928327E-01
1.99392467198845642E-04  5.62815117654434482E-01
2.00542907116245785E-04  5.66061913546666240E-01
2.01695133245945527E-04  5.69305181219736944E-01
2.02753156401078247E-04  5.72269741467939852E-01
2.03844253703248414E-04  5.75334423089309821E-01
2.04985090266152819E-04  5.78559328110509363E-01
2.06135688456206842E-04  5.81806361768442248E-01
2.07387294731479523E-04  5.84848197636537726E-01
2.08583955420989535E-04  5.87865594363209731E-01
2.09733856469252649E-04  5.91101281960464742E-01
2.10892744108895228E-04  5.94331412029372674E-01
2.11419155206697120E-04  5.97225372056441106E-01
2.12567730811440104E-04  6.00469028963052764E-01
2.13625184008566903E-04  6.03421579976264111E-01
2.14771454823538092E-04  6.06657410743506653E-01
2.15672120298856466E-04  6.09204612576095150E-01
2.16658486633562871E-04  6.12097640214646299E-01
2.17805330506594267E-04  6.15334003004702423E-01
2.18852313083872912E-04  6.18240810893566417E-01
2.19997616511863250E-04  6.21472902163171081E-01
2.21016755855596740E-04  6.24608435786027538E-01
2.22164692909881337E-04  6.27837995670288862E-01
2.23289231106168270E-04  6.30904663193766146E-01
2.24435127523295351E-04  6.34138246808657602E-01
2.23938439041935534E-04  6.31480394500344877E-01
2.25122335890779292E-04  6.34069300484419451E-01
2.26260246191805920E-04  6.37271426808152630E-01
2.27398246959534169E-04  6.40473242197447057E-01
2.27398093835989292E-04  6.40473536426670154E-01
2.27781358490814108E-04  6.42424027154624322E-01
2.28910849232926306E-04  6.45608702239225618E-01
2.29911088578142395E-04  6.48689275436104551E-01
2.31044541278256068E-04  6.51883583653913079E-01
2.32177997271563368E-04  6.55077778974944680E-01
2.33223968517149794E-04  6.58121169436258202E-01
2.34348597989257178E-04  6.61296340792430604E-01
2.35454037272145181E-04  6.64456171321079370E-01
2.36586819377880000E-04  6.67649398256316196E-01
2.37730262254963421E-04  6.70764210484937062E-01
2.38859424510708606E-04  6.73952525760503018E-01
2.39992193333467578E-04  6.77145270984138792E-01
2.41124137377564732E-04  6.80334999185852718E-01
2.42257013035954757E-04  6.83527963993594945E-01
2.43379008580020973E-04  6.86689943231652000E-01
2.44511772209490786E-04  6.89882617046625346E-01
2.45104615699550483E-04  6.92697257677192146E-01
2.46248323194974165E-04  6.95730761782157536E-01
2.45914585841199192E-04  6.96440990911352142E-01
2.47035375648042019E-04  6.99618541602593291E-01
2.48158089161431769E-04  7.02797645528656756E-01
2.49195525822500791E-04  7.05755233062027032E-01
2.50317906094809760E-04  7.08933364424731205E-01
2.51421140919706613E-04  7.12082969073385863E-01
2.52523728854264426E-04  7.15224516825816115E-01
2.53645436463975030E-04  7.18402073265473007E-01
2.57883374064976460E-04  7.13902716057359221E-01
2.59010574596528400E-04  7.16377133137290678E-01
2.60146532384651933E-04  7.19518963805225065E-01
2.61282278755370400E-04  7.22660453226284805E-01
2.62418357947039570E-04  7.25801916576556239E-01
2.63554258358512363E-04  7.28943371932198936E-01
2.64689835826678078E-04  7.32053615044268913E-01
2.65834624590311928E-04  7.35097366723760803E-01
2.66973823893959777E-04  7.38200895876377827E-01
2.68109683094987575E-04  7.41341796692934984E-01
2.69240262579106479E-04  7.44470066718152079E-01
2.70359417162759161E-04  7.47583338097292271E-01
2.71567849463873710E-04  7.50514062741501564E-01
2.72704030787464507E-04  7.53654032458953682E-01
2.73126979929998095E-04  7.54393846868970486E-01
2.74171671938140248E-04  7.53642246697904028E-01
2.75293463926188286E-04  7.56738232852646298E-01
2.76426428316046448E-04  7.59852383685471477E-01
2.77299840233415995E-04  7.62689117130028960E-01
2.78130985252016171E-04  7.65356961722527762E-01
2.79288188402110034E-04  7.68464957649431901E-01
2.80418898975332486E-04  7.71576033371964787E-01
2.81550235123682229E-04  7.74687097854671158E-01
