0.00000000000000000E+00  0.00000000000000000E+00
1.79771915744512565E-06  4.48583829087530611E-02
2.69444356714598375E-06  6.72356377049412174E-02
2.91309470078501907E-06  7.27321253843911109E-02
3.24710185914846695E-06  8.10378444181807378E-02
3.37252156549685395E-06  8.43471697610338744E-02
3.56828996035462665E-06  8.91255249960701407E-02
3.55184713649901794E-06  8.87026316182798064E-02
3.70101663319849148E-06  9.23727096863799502E-02
3.80142605813370586E-06  9.49140249981191286E-02
3.88630562213683375E-06  9.36459302037756514E-02
3.86248152165886126E-06  9.18321342899728749E-02
4.05296636741181351E-06  9.65210121048249714E-02
4.40872322397994670E-06  9.87501776341335319E-02
4.28946381402104326E-06  9.62583264090650925E-02
4.94574463014151066E-06  1.00343054190023900E-01
5.66009763410548177E-06  1.01618189085788665E-01
5.73513465379000198E-06  1.02866765978133101E-01
5.80381397711717982E-06  1.03838499556427835E-01
5.99468490102258501E-06  1.06741323750221731E-01
6.05289896344349612E-06  1.07703897173520607E-01
6.20333975758996319E-06  1.10096303116417216E-01
6.33399014228971393E-06  1.12325703752075651E-01
6.57323392589550626E-06  1.16110490164195931E-01
6.73104045747035498E-06  1.18557585623807304E-01
6.96226422960545912E-06  1.22147441561103937E-01
7.10067286731789018E-06  1.25203512009199880E-01
7.25554330193402459E-06  1.27647757145923163E-01
1.64932618202504771E-05  1.30411824351330391E-01
1.68956524052495138E-05  1.33468964363924442E-01
1.72436736829982324E-05  1.36773586954142740E-01
1.77077819312436023E-05  1.39965944938169717E-01
1.84967932708117303E-05  1.42055653987482433E-01
1.89592225934790554E-05  1.45492828218914655E-01
2.30187504770173112E-05  1.47721993774717786E-01
2.36624529187198134E-05  1.51490953563871350E-01
2.42829614852584715E-05  1.55168919794697574E-01
2.58129325716282675E-05  1.57779913338885303E-01
2.65043510765167103E-05  1.61431984443863807E-01
2.72091130752994933E-05  1.65124552362282795E-01
2.78970029589689877E-05  1.68766680121342522E-01
2.84680404217860618E-05  1.71328997782647513E-01
2.91202124724923919E-05  1.74925133848308767E-01
2.95659756029907064E-05  1.77379501014984287E-01
3.04044542512695633E-05  1.80664122024309176E-01
3.10574727413020211E-05  1.84401853142702465E-01
3.17189809221502797E-05  1.88090849022602119E-01
3.21798111509555046E-05  1.91170370815927554E-01
3.27333869253085925E-05  1.92807234971091673E-01
3.32137629329703620E-05  1.96229226656368577E-01
3.38708785682677511E-05  2.00003140169753735E-01
3.45525437814404803E-05  2.03745876215215505E-01
3.51752771114482912E-05  2.07271089317105139E-01
3.55871830614843299E-05  2.09630181235459762E-01
3.63233612800994217E-05  2.12864408641656067E-01
3.73232853239816942E-05  2.16281344705090417E-01
3.80046187732502598E-05  2.20032987318164536E-01
3.85914098355695447E-05  2.23442346876682435E-01
3.92761242806819724E-05  2.27205478047576986E-01
3.99083405324550020E-05  2.30441633831778514E-01
4.02559663675064157E-05  2.33223730389304884E-01
4.09597694937022358E-05  2.36641262775003081E-01
4.16220019616657497E-05  2.40264083378007726E-01
4.33368398011813342E-05  2.43114242214106296E-01
4.40756362122605820E-05  2.46637059701448974E-01
4.44151875979619730E-05  2.48380461384378137E-01
4.48311913396816798E-05  2.50519242082161642E-01
4.55354136886002795E-05  2.53574570273254973E-01
4.60788070758209574E-05  2.56366186249893824E-01
4.66852626371904019E-05  2.59677748438280842E-01
4.73741612093941250E-05  2.63346904430260320E-01
4.74701220440504074E-05  2.66841748549903168E-01
4.81062300050989679E-05  2.70407321479583684E-01
4.87294226992654152E-05  2.73910283814549016E-01
4.92767783784331132E-05  2.76965259527413132E-01
4.99370638930912367E-05  2.80593805723216017E-01
5.04562359314391458E-05  2.83556309161715536E-01
5.10438019908403479E-05  2.86573607534693575E-01
5.08086964659876976E-05  2.88498967102159831E-01
5.14426112969816347E-05  2.92047876123034122E-01
5.19386539575123450E-05  2.94848586591735906E-01
5.25665085171029764E-05  2.98350650236812009E-01
5.31151029206092728E-05  3.01554683574231042E-01
5.37338262931096001E-05  3.04924873898136883E-01
5.43750252272430989E-05  3.08474597248823146E-01
5.46145931353556394E-05  3.09597038413330361E-01
5.52535359050064685E-05  3.13137357311019715E-01
5.58960378694080707E-05  3.16703949639668247E-01
5.63143985644208502E-05  3.19075671020208507E-01
5.68976306787749185E-05  3.22244253464649189E-01
5.74796977188676362E-05  3.25683155220261866E-01
5.80567418046809558E-05  3.28907258896345922E-01
5.86495543534084739E-05  3.32214983780164008E-01
5.92295618157584643E-05  3.35499004228508757E-01
5.97912074027471142E-05  3.38659003490475230E-01
6.38433778751284911E-05  3.41466661785489012E-01
6.42769748554290667E-05  3.44139945957565696E-01
6.48990908834972237E-05  3.47103773395241400E-01
6.57776244915502049E-05  3.50313993420537151E-01
6.62687939923824448E-05  3.52878399275082855E-01
6.67877525660484422E-05  3.55578639768902749E-01
6.74048847603117476E-05  3.58530603157172889E-01
6.79908353196497992E-05  3.61290588779490662E-01
6.85595470061014850E-05  3.64072911391460197E-01
6.91525713814194511E-05  3.67055631945097716E-01
6.97058227836117343E-05  3.69811949140584018E-01
7.02767737869565770E-05  3.72612883642126247E-01
7.08057262322603744E-05  3.74978145838951338E-01
7.12726756616993782E-05  3.77450619012176136E-01
7.17040619589785462E-05  3.79723343936028190E-01
7.16114553092768967E-05  3.81491395608508921E-01
7.22206487226938459E-05  3.84693534584993058E-01
6.51230605323643245E-05  3.87774660602867194E-01
6.55428943207824995E-05  3.90276506108955645E-01
6.58784301520561272E-05  3.92271508110968503E-01
6.62224911382504073E-05  3.94290773358354940E-01
6.67538415102795525E-05  3.97348703641804912E-01
6.70084854607383602E-05  3.99478291885836778E-01
6.74614664100731034E-05  4.02253389961988672E-01
6.78378232705492343E-05  4.04546481149708370E-01
6.83493519668048688E-05  4.07722868827044116E-01
6.88412924090220585E-05  4.10711121587169048E-01
6.91354320323716914E-05  4.12926036762618243E-01
6.96083664338709596E-05  4.15771922888474033E-01
7.00593964873512257E-05  4.18469228367590929E-01
7.05338222905495726E-05  4.21263339266280401E-01
7.10331927756461092E-05  4.24349495341807603E-01
7.14732705883682927E-05  4.26835851335447714E-01
7.19107316322799414E-05  4.29423592782287755E-01
7.24478867074085679E-05  4.32689871335025178E-01
7.29871328854419599E-05  4.35955834017070387E-01
7.34986162609604140E-05  4.39046729177503647E-01
7.40184356095058456E-05  4.42117297273847021E-01
7.45650554094402351E-05  4.45411233098801762E-01
7.49909596540788981E-05  4.48126587311182378E-01
7.55385436164107780E-05  4.51437948454079863E-01
7.59247652460416644E-05  4.53785134856204031E-01
7.64777051988699275E-05  4.57089733504486284E-01
8.35242640103274567E-05  4.59981007229924022E-01
8.41896252079450159E-05  4.63121718592906240E-01
8.47486181044796501E-05  4.66150891838857051E-01
8.53164550984450345E-05  4.69120027734989287E-01
8.58020890948986165E-05  4.72121949104808092E-01
8.63904062427278165E-05  4.75278643121867184E-01
8.69830702163901064E-05  4.78313661065922047E-01
1.12655336228448429E-04  4.79606949686658957E-01
1.13166316343752456E-04  4.82558071264460542E-01
1.14208415973411290E-04  4.85526276194197970E-01
1.14978794413097976E-04  4.88801680100040992E-01
1.15749284258490721E-04  4.92076714845710028E-01
1.16514734973257239E-04  4.95231197063659978E-01
1.17299387192902269E-04  4.98505107135524428E-01
1.18026735047235560E-04  5.01585073028474882E-01
1.18810897489494624E-04  5.04858285542281737E-01
1.19587191559132481E-04  5.08095291803543958E-01
1.20369871269197792E-04  5.11365796411797802E-01
1.21146141009611900E-04  5.14602785379933980E-01
1.21931252951342417E-04  5.17867812676381822E-01
1.22730973203107442E-04  5.21024437246651817E-01
1.23522219719530155E-04  5.23596896476584250E-01
1.24353010787513468E-04  5.26177658481105204E-01
1.25137814894799634E-04  5.29441101982912610E-01
1.25922852984790539E-04  5.32704553530735536E-01
1.26744626316573940E-04  5.35952750929037935E-01
1.27081146990685491E-04  5.38201283926213581E-01
1.27772228152716726E-04  5.41208919340261163E-01
1.28606514879904196E-04  5.44227857112380642E-01
1.29412589921074636E-04  5.47259351931596472E-01
1.43554012856406208E-04  5.50189478376577390E-01
1.44388123995700278E-04  5.53357090901365978E-01
1.45229938429761608E-04  5.56561908379169856E-01
1.45894052759082187E-04  5.59565084285928327E-01
1.46741525084752083E-04  5.62815117654434482E-01
1.47588187093548699E-04  5.66061913546666240E-01
1.48435954958784071E-04  5.69305181219736944E-01
1.49208512559469760E-04  5.72269741467939852E-01
1.50009548448108970E-04  5.75334423089309821E-01
1.50848561922499718E-04  5.78559328110509363E-01
1.51695289584853361E-04  5.81806361768442248E-01
1.52600605339424768E-04  5.84848197636537726E-01
1.53526224141608018E-04  5.87865594363209731E-01
1.54370929087602670E-04  5.91101281960464742E-01
1.55226695877197507E-04  5.94331412029372674E-01
1.55397440163860916E-04  5.97225372056441106E-01
1.56241779877594250E-04  6.00469028963052764E-01
1.57036780721491950E-04  6.03421579976264111E-01
1.57877685763618478E-04  6.06657410743506653E-01
1.58537142543092825E-04  6.09204612576095150E-01
1.59262515650312455E-04  6.12097640214646299E-01
1.60104457441180093E-04  6.15334003004702423E-01
1.60869560956203046E-04  6.18240810893566417E-01
1.61710317997832949E-04  6.21472902163171081E-01
1.62421761749000082E-04  6.24608435786027538E-01
1.63265788450628899E-04  6.27837995670288862E-01
1.64095198874394119E-04  6.30904663193766146E-01
1.64936363992302954E-04  6.34138246808657602E-01
1.64681528388748409E-04  6.31480394500344877E-01
1.65649241346015356E-04  6.34069300484419451E-01
1.66485709247624460E-04  6.37271426808152630E-01
1.67322034576513441E-04  6.40473242197447057E-01
1.67321834194721769E-04  6.40473536426670154E-01
1.67535716434297861E-04  6.42424027154624322E-01
1.68366054110289471E-04  6.45608702239225618E-01
1.69066451962576790E-04  6.48689275436104551E-01
1.69898988907840522E-04  6.51883583653913079E-01
1.70731528608779066E-04  6.55077778974944680E-01
1.71487537771472217E-04  6.58121169436258202E-01
1.72311755342375748E-04  6.61296340792430604E-01
1.73117170249156328E-04  6.64456171321079370E-01
1.73949064000346321E-04  6.67649398256316196E-01
1.74805831065947713E-04  6.70764210484937062E-01
1.75632355533642892E-04  6.73952525760503018E-01
1.76464292094148222E-04  6.77145270984138792E-01
1.77295667048559891E-04  6.80334999185852718E-01
1.78127709483829905E-04  6.83527963993594945E-01
1.78951973184744706E-04  6.86689943231652000E-01
1.79783922161292839E-04  6.89882617046625346E-01
1.80053652172237769E-04  6.92697257677192146E-01
1.80915346151428076E-04  6.95730761782157536E-01
1.80489731428479456E-04  6.96440990911352142E-01
1.81311961209357740E-04  6.99618541602593291E-01
1.82136031902645950E-04  7.02797645528656756E-01
1.82895304358589956E-04  7.05755233062027032E-01
1.83719133624992521E-04  7.08933364424731205E-01
1.84526080918957693E-04  7.12082969073385863E-01
1.85333239068439072E-04  7.15224516825816115E-01
1.86156428122093588E-04  7.18402073265473007E-01
1.84172384459970178E-04  7.13902716057359221E-01
1.84977643582917659E-04  7.16377133137290678E-01
1.85788911278427166E-04  7.19518963805225065E-01
1.86600023801684455E-04  7.22660453226284805E-01
1.87411390282679613E-04  7.25801916576556239E-01
1.88222620726404130E-04  7.28943371932198936E-01
1.89034141547238157E-04  7.32053615044268913E-01
1.89853821232956882E-04  7.35097366723760803E-01
1.90668163026700170E-04  7.38200895876377827E-01
1.91479371381113404E-04  7.41341796692934984E-01
1.92286775232813770E-04  7.44470066718152079E-01
1.93085734485109843E-04  7.47583338097292271E-01
1.93955833604392107E-04  7.50514062741501564E-01
1.94767303335670154E-04  7.53654032458953682E-01
1.95076750166297977E-04  7.54393846868970486E-01
1.95710810176363045E-04  7.53642246697904028E-01
1.96512248659561723E-04  7.56738232852646298E-01
1.97320980348259347E-04  7.59852383685471477E-01
1.97968146316231022E-04  7.62689117130028960E-01
1.98582291001964161E-04  7.65356961722527762E-01
1.99385697328501640E-04  7.68464957649431901E-01
2.00192914303985248E-04  7.71576033371964787E-01
2.01000483439137687E-04  7.74687097854671158E-01
