0.00000000000000000E+00  0.00000000000000000E+00
1.79771913245150764E-06  4.48583829087530611E-02
2.69440941164966784E-06  6.72356377049412174E-02
2.91549609864867425E-06  7.27321253843911109E-02
3.25399694889357406E-06  8.10378444181807378E-02
3.38501356576646631E-06  8.43471697610338744E-02
3.57417170150149026E-06  8.91255249960701407E-02
3.56058810768348317E-06  8.87026316182798064E-02
3.70259044996199427E-06  9.23727096863799502E-02
3.80417523233959063E-06  9.49140249981191286E-02
3.75204988784373465E-06  9.36459302037756514E-02
1.45710756443216509E-05  9.18321342899728749E-02
1.56604455874603441E-05  9.65210121048249714E-02
1.78778373764538947E-05  9.87501776341335319E-02
1.93632981401711314E-05  9.62583264090650925E-02
2.01215069881118176E-05  1.00343054190023900E-01
1.96845185777253678E-05  1.01618189085788665E-01
2.01513584551780739E-05  1.02866765978133101E-01
2.05849962968933245E-05  1.03838499556427835E-01
2.11238733451450710E-05  1.06741323750221731E-01
2.18607040202608823E-05  1.07703897173520607E-01
2.26637317473542483E-05  1.10096303116417216E-01
2.32737677098402308E-05  1.12325703752075651E-01
2.47358871576977947E-05  1.16110490164195931E-01
2.51670714869496994E-05  1.18557585623807304E-01
2.60179501538684854E-05  1.22147441561103937E-01
2.68334022274257155E-05  1.25203512009199880E-01
2.76862477792036953E-05  1.27647757145923163E-01
2.83082426939619330E-05  1.30411824351330391E-01
2.91008239316672534E-05  1.33468964363924442E-01
2.98871201319757989E-05  1.36773586954142740E-01
3.07781783465163432E-05  1.39965944938169717E-01
3.11416566486688627E-05  1.42055653987482433E-01
3.20117608187918401E-05  1.45492828218914655E-01
3.24412273691389481E-05  1.47721993774717786E-01
3.33471941099208226E-05  1.51490953563871350E-01
3.42708786942873440E-05  1.55168919794697574E-01
3.44240381496465492E-05  1.57779913338885303E-01
3.53250751849911587E-05  1.61431984443863807E-01
3.62045706184513285E-05  1.65124552362282795E-01
3.70582067845430171E-05  1.68766680121342522E-01
3.75558512682894630E-05  1.71328997782647513E-01
3.83758779121706924E-05  1.74925133848308767E-01
3.86644678480639950E-05  1.77379501014984287E-01
4.02281682735992734E-05  1.80664122024309176E-01
4.10831795825082873E-05  1.84401853142702465E-01
4.19034717612949952E-05  1.88090849022602119E-01
4.24146466912157186E-05  1.91170370815927554E-01
4.29424622760191371E-05  1.92807234971091673E-01
4.35504712696036921E-05  1.96229226656368577E-01
4.43808644164447874E-05  2.00003140169753735E-01
4.52113761507980886E-05  2.03745876215215505E-01
4.59931493167803265E-05  2.07271089317105139E-01
4.64311783329098438E-05  2.09630181235459762E-01
4.70053690895489915E-05  2.12864408641656067E-01
4.77497890586926592E-05  2.16281344705090417E-01
4.85749475286219833E-05  2.20032987318164536E-01
4.92064950327404833E-05  2.23442346876682435E-01
5.00456845794652449E-05  2.27205478047576986E-01
5.09397035664354257E-05  2.30441633831778514E-01
5.15740675064459402E-05  2.33223730389304884E-01
5.23462610315837077E-05  2.36641262775003081E-01
5.31563289089722734E-05  2.40264083378007726E-01
5.37891193759438592E-05  2.43114242214106296E-01
5.45979403752333906E-05  2.46637059701448974E-01
5.51401192550636868E-05  2.48380461384378137E-01
5.58472462749933819E-05  2.50519242082161642E-01
5.65301814499220932E-05  2.53574570273254973E-01
5.69706864612196193E-05  2.56366186249893824E-01
5.76897255728623000E-05  2.59677748438280842E-01
5.85106285585755299E-05  2.63346904430260320E-01
5.93002031146737125E-05  2.66841748549903168E-01
6.03731348162916612E-05  2.70407321479583684E-01
6.11562942225258276E-05  2.73910283814549016E-01
6.17547142555551105E-05  2.76965259527413132E-01
6.25744526208597655E-05  2.80593805723216017E-01
6.32312270515350897E-05  2.83556309161715536E-01
6.40810725959927059E-05  2.86573607534693575E-01
6.44668398509986446E-05  2.88498967102159831E-01
6.52699051586574062E-05  2.92047876123034122E-01
6.61102149864902823E-05  2.94848586591735906E-01
6.67972646217511110E-05  2.98350650236812009E-01
6.73464414309410918E-05  3.01554683574231042E-01
6.81605962980385595E-05  3.04924873898136883E-01
6.89417054681143622E-05  3.08474597248823146E-01
6.93753626448533750E-05  3.09597038413330361E-01
7.01812066943841538E-05  3.13137357311019715E-01
7.09944549322884602E-05  3.16703949639668247E-01
7.16939034883898492E-05  3.19075671020208507E-01
7.24629548360033668E-05  3.22244253464649189E-01
7.32498030424988747E-05  3.25683155220261866E-01
7.57913061806866732E-05  3.28907258896345922E-01
7.66352993195914926E-05  3.32214983780164008E-01
7.73947910569566452E-05  3.35499004228508757E-01
8.27966849844255157E-05  3.38659003490475230E-01
8.34900565171241803E-05  3.41466661785489012E-01
8.41534076789752193E-05  3.44139945957565696E-01
8.48627296182458135E-05  3.47103773395241400E-01
8.56456187658702177E-05  3.50313993420537151E-01
8.62739825451749875E-05  3.52878399275082855E-01
8.69788666661148839E-05  3.55578639768902749E-01
8.77348311015897948E-05  3.58530603157172889E-01
8.83674792964916044E-05  3.61290588779490662E-01
8.89799192322028240E-05  3.64072911391460197E-01
8.97315268760688275E-05  3.67055631945097716E-01
9.04302519543266105E-05  3.69811949140584018E-01
9.11292249347415290E-05  3.72612883642126247E-01
9.17097251247602982E-05  3.74978145838951338E-01
9.23190014314322245E-05  3.77450619012176136E-01
9.28313309755592758E-05  3.79723343936028190E-01
9.33333267477370714E-05  3.81491395608508921E-01
9.41762834026182820E-05  3.84693534584993058E-01
9.49286239073235741E-05  3.87774660602867194E-01
9.55878147293311511E-05  3.90276506108955645E-01
9.33562566865068534E-05  3.92271508110968503E-01
9.38032950614964452E-05  3.94290773358354940E-01
9.45472117112287902E-05  3.97348703641804912E-01
9.50928489803102781E-05  3.99478291885836778E-01
9.57827821572790339E-05  4.02253389961988672E-01
9.63700653495991322E-05  4.04546481149708370E-01
9.71249923522521028E-05  4.07722868827044116E-01
9.78520153826689318E-05  4.10711121587169048E-01
9.83888290001012390E-05  4.12926036762618243E-01
9.73068957762180872E-05  4.15771922888474033E-01
9.79288101794852962E-05  4.18469228367590929E-01
9.85717704621029596E-05  4.21263339266280401E-01
9.92590240227494806E-05  4.24349495341807603E-01
9.99112438838478494E-05  4.26835851335447714E-01
1.00499000406499041E-04  4.29423592782287755E-01
1.01266931133103377E-04  4.32689871335025178E-01
1.02044999425432090E-04  4.35955834017070387E-01
1.02768260155014328E-04  4.39046729177503647E-01
1.03521019296452105E-04  4.42117297273847021E-01
1.04301287435177442E-04  4.45411233098801762E-01
1.04857647522788727E-04  4.48126587311182378E-01
1.05641318095343970E-04  4.51437948454079863E-01
1.12767960621001744E-04  4.53785134856204031E-01
1.13594051408891315E-04  4.57089733504486284E-01
1.14092592873346870E-04  4.59981007229924022E-01
1.14883837606715843E-04  4.63121718592906240E-01
1.15652131042291544E-04  4.66150891838857051E-01
1.22816433187856663E-04  4.69120027734989287E-01
1.23608542409227220E-04  4.72121949104808092E-01
1.24422307312305712E-04  4.75278643121867184E-01
1.25127993620224344E-04  4.78313661065922047E-01
1.25530304226867222E-04  4.79606949686658957E-01
1.26186974495886249E-04  4.82558071264460542E-01
1.27072281978034447E-04  4.85526276194197970E-01
1.27936483741404074E-04  4.88801680100040992E-01
1.28800625558706493E-04  4.92076714845710028E-01
1.29630312351042103E-04  4.95231197063659978E-01
1.30494158868039480E-04  4.98505107135524428E-01
1.31306504224854015E-04  5.01585073028474882E-01
1.32164429132570344E-04  5.04858285542281737E-01
1.33300999127947302E-04  5.08095291803543958E-01
1.34159946170575931E-04  5.11365796411797802E-01
1.35004350529701819E-04  5.14602785379933980E-01
1.35861879968393433E-04  5.17867812676381822E-01
1.36765397328339998E-04  5.21024437246651817E-01
1.37392996099270845E-04  5.23596896476584250E-01
1.38026841881822362E-04  5.26177658481105204E-01
1.38888008655827996E-04  5.29441101982912610E-01
1.39749152646171521E-04  5.32704553530735536E-01
1.40608129564154943E-04  5.35952750929037935E-01
1.41353643090434515E-04  5.38201283926213581E-01
1.42067043655513293E-04  5.41208919340261163E-01
1.42859657436609881E-04  5.44227857112380642E-01
1.43608563669607447E-04  5.47259351931596472E-01
1.44404656065458790E-04  5.50189478376577390E-01
1.46302286780309633E-04  5.53357090901365978E-01
1.47161676205125568E-04  5.56561908379169856E-01
1.47998123916311120E-04  5.59565084285928327E-01
1.48861560515320054E-04  5.62815117654434482E-01
1.49724114165127389E-04  5.66061913546666240E-01
1.50585306098235255E-04  5.69305181219736944E-01
1.51349068960813897E-04  5.72269741467939852E-01
1.52870956842975775E-04  5.75334423089309821E-01
1.53724427146825771E-04  5.78559328110509363E-01
1.54590843771186190E-04  5.81806361768442248E-01
1.55389112815844908E-04  5.84848197636537726E-01
1.56175188846446877E-04  5.87865594363209731E-01
1.57035588120343038E-04  5.91101281960464742E-01
1.57894760574392098E-04  5.94331412029372674E-01
1.58671787546089960E-04  5.97225372056441106E-01
1.59537168691444020E-04  6.00469028963052764E-01
1.60369201417167283E-04  6.03421579976264111E-01
1.61231420866535594E-04  6.06657410743506653E-01
1.61909197819606193E-04  6.09204612576095150E-01
1.62740090297246870E-04  6.12097640214646299E-01
1.63604046894151242E-04  6.15334003004702423E-01
1.64343783282522131E-04  6.18240810893566417E-01
1.65206459033770403E-04  6.21472902163171081E-01
1.66046734094589359E-04  6.24608435786027538E-01
1.66908399921901485E-04  6.27837995670288862E-01
1.67686251533263192E-04  6.30904663193766146E-01
1.68549000599737750E-04  6.34138246808657602E-01
1.67699781848588796E-04  6.31480394500344877E-01
1.68344261255516311E-04  6.34069300484419451E-01
1.69194444814432798E-04  6.37271426808152630E-01
1.70044548574681612E-04  6.40473242197447057E-01
1.70044707382147053E-04  6.40473536426670154E-01
1.70771329856552780E-04  6.42424027154624322E-01
1.71617571898779846E-04  6.45608702239225618E-01
1.72453089442715750E-04  6.48689275436104551E-01
1.73305421588512698E-04  6.51883583653913079E-01
1.74157902557182942E-04  6.55077778974944680E-01
1.74976278178046001E-04  6.58121169436258202E-01
1.75820517550608416E-04  6.61296340792430604E-01
1.76663617230818186E-04  6.64456171321079370E-01
1.77515811100302859E-04  6.67649398256316196E-01
1.78350925293750337E-04  6.70764210484937062E-01
1.79195136327174424E-04  6.73952525760503018E-01
1.80047164079373372E-04  6.77145270984138792E-01
1.80910724630948400E-04  6.80334999185852718E-01
1.81762890108159297E-04  6.83527963993594945E-01
1.82607379752977757E-04  6.86689943231652000E-01
1.83459473937271772E-04  6.89882617046625346E-01
1.84215062712378419E-04  6.92697257677192146E-01
1.84965412102271187E-04  6.95730761782157536E-01
1.85359328937583293E-04  6.96440990911352142E-01
1.86208537221352680E-04  6.99618541602593291E-01
1.87057681251930757E-04  7.02797645528656756E-01
1.87850124362832355E-04  7.05755233062027032E-01
1.88699001170950995E-04  7.08933364424731205E-01
1.89543432722636719E-04  7.12082969073385863E-01
1.90384950617883061E-04  7.15224516825816115E-01
1.91233832544637251E-04  7.18402073265473007E-01
1.90690744530162652E-04  7.13902716057359221E-01
1.91244129651171879E-04  7.16377133137290678E-01
1.92082870271098778E-04  7.19518963805225065E-01
1.92921546562987122E-04  7.22660453226284805E-01
1.93762874979746744E-04  7.25801916576556239E-01
1.94604421724656196E-04  7.28943371932198936E-01
1.95434233146494704E-04  7.32053615044268913E-01
1.96239149080863068E-04  7.35097366723760803E-01
1.97062526639812940E-04  7.38200895876377827E-01
1.97903461286904649E-04  7.41341796692934984E-01
1.98741645060184630E-04  7.44470066718152079E-01
2.04364468327395375E-04  7.47583338097292271E-01
1.97052368018050574E-04  7.50514062741501564E-01
1.99980924512060433E-04  7.53654032458953682E-01
2.17244245542745108E-04  7.54393846868970486E-01
2.18766048819172242E-04  7.53642246697904028E-01
2.18605910137031033E-04  7.56738232852646298E-01
2.21027438128800977E-04  7.59852383685471477E-01
2.20246679481245905E-04  7.62689117130028960E-01
2.19743429269862386E-04  7.65356961722527762E-01
2.21710617785225717E-04  7.68464957649431901E-01
2.23416330756597177E-04  7.71576033371964787E-01
2.23512957628917500E-04  7.74687097854671158E-01
