0.00000000000000000E+00  0.00000000000000000E+00
1.79746465973627573E-06  4.48583829087530611E-02
2.69396137463045321E-06  6.72356377049412174E-02
2.91501476278350634E-06  7.27321253843911109E-02
3.25696711820974553E-06  8.10378444181807378E-02
3.39129232786397768E-06  8.43471697610338744E-02
3.57636515079911817E-06  8.91255249960701407E-02
3.56523482449125654E-06  8.87026316182798064E-02
3.70625924597529476E-06  9.23727096863799502E-02
3.80861259615013215E-06  9.49140249981191286E-02
3.75636846256709395E-06  9.36459302037756514E-02
3.68221192978429200E-06  9.18321342899728749E-02
3.86826153105123468E-06  9.65210121048249714E-02
3.95387849550063626E-06  9.87501776341335319E-02
2.24030705831644713E-05  9.62583264090650925E-02
2.44742109411329655E-05  1.00343054190023900E-01
2.44387103266417976E-05  1.01618189085788665E-01
2.49489004020268150E-05  1.02866765978133101E-01
2.53002079055039209E-05  1.03838499556427835E-01
2.60195578237709625E-05  1.06741323750221731E-01
2.67218933501464119E-05  1.07703897173520607E-01
2.58703554396722641E-05  1.10096303116417216E-01
2.66150980031391480E-05  1.12325703752075651E-01
2.75634481985898754E-05  1.16110490164195931E-01
2.80548690634205245E-05  1.18557585623807304E-01
2.90277436846078651E-05  1.22147441561103937E-01
2.97200908616324609E-05  1.25203512009199880E-01
3.06624945237297854E-05  1.27647757145923163E-01
3.13966016331323605E-05  1.30411824351330391E-01
3.22895759721172383E-05  1.33468964363924442E-01
3.32833647392499245E-05  1.36773586954142740E-01
3.42693553225909778E-05  1.39965944938169717E-01
3.57677580907587046E-05  1.42055653987482433E-01
3.72133417041460145E-05  1.45492828218914655E-01
3.77541602832730683E-05  1.47721993774717786E-01
3.88143478499464092E-05  1.51490953563871350E-01
3.98989930522925407E-05  1.55168919794697574E-01
4.02235826685885464E-05  1.57779913338885303E-01
4.12708558924024596E-05  1.61431984443863807E-01
4.23145424136095807E-05  1.65124552362282795E-01
4.33233023201438049E-05  1.68766680121342522E-01
4.37710055341247652E-05  1.71328997782647513E-01
4.47204158507681464E-05  1.74925133848308767E-01
4.51010968139048483E-05  1.77379501014984287E-01
4.61262113837137677E-05  1.80664122024309176E-01
4.71356058267143312E-05  1.84401853142702465E-01
4.81296721571683028E-05  1.88090849022602119E-01
5.10309670897692459E-05  1.91170370815927554E-01
5.11726501642112506E-05  1.92807234971091673E-01
5.20203900678743291E-05  1.96229226656368577E-01
5.30649267610596234E-05  2.00003140169753735E-01
5.40907283365379098E-05  2.03745876215215505E-01
5.50661012095783609E-05  2.07271089317105139E-01
5.90445279035098185E-05  2.09630181235459762E-01
5.99581392564932023E-05  2.12864408641656067E-01
6.15537282756270857E-05  2.16281344705090417E-01
6.26524790255642873E-05  2.20032987318164536E-01
6.39941729925924165E-05  2.23442346876682435E-01
6.50918460206781867E-05  2.27205478047576986E-01
6.60506930295293865E-05  2.30441633831778514E-01
6.68731760418766683E-05  2.33223730389304884E-01
6.78615507001406604E-05  2.36641262775003081E-01
6.89148959073723755E-05  2.40264083378007726E-01
6.97515707686778216E-05  2.43114242214106296E-01
7.07687196769661575E-05  2.46637059701448974E-01
7.12913110972983322E-05  2.48380461384378137E-01
7.19374674349611797E-05  2.50519242082161642E-01
7.28286897036193454E-05  2.53574570273254973E-01
7.36156842183121815E-05  2.56366186249893824E-01
7.45689033584038229E-05  2.59677748438280842E-01
7.56267292541905334E-05  2.63346904430260320E-01
7.66341508752267121E-05  2.66841748549903168E-01
7.76622577839604540E-05  2.70407321479583684E-01
7.86713829610883979E-05  2.73910283814549016E-01
7.95435013147371799E-05  2.76965259527413132E-01
8.05886615526099290E-05  2.80593805723216017E-01
8.14413763591558849E-05  2.83556309161715536E-01
8.23217810858216728E-05  2.86573607534693575E-01
8.28746935255799885E-05  2.88498967102159831E-01
8.38950727053105853E-05  2.92047876123034122E-01
8.47102998481029379E-05  2.94848586591735906E-01
8.57085369645568980E-05  2.98350650236812009E-01
8.68696329807436100E-05  3.01554683574231042E-01
8.78559993915048465E-05  3.04924873898136883E-01
8.97555928496950733E-05  3.08474597248823146E-01
9.01678509235086766E-05  3.09597038413330361E-01
9.12037635285669647E-05  3.13137357311019715E-01
9.22515314572321804E-05  3.16703949639668247E-01
9.30569943404630472E-05  3.19075671020208507E-01
9.40062121209824485E-05  3.22244253464649189E-01
9.50210654835606690E-05  3.25683155220261866E-01
9.59541604686900765E-05  3.28907258896345922E-01
9.69730712003071330E-05  3.32214983780164008E-01
9.79411090542034284E-05  3.35499004228508757E-01
9.89547384442832079E-05  3.38659003490475230E-01
9.97580999554190800E-05  3.41466661785489012E-01
1.00596571159140922E-04  3.44139945957565696E-01
1.01417077872410256E-04  3.47103773395241400E-01
1.02357874538588217E-04  3.50313993420537151E-01
1.02966840372661125E-04  3.52878399275082855E-01
1.03824481901442119E-04  3.55578639768902749E-01
1.04714681599474453E-04  3.58530603157172889E-01
1.10354021714536427E-04  3.61290588779490662E-01
1.11127046124146964E-04  3.64072911391460197E-01
1.12082455477517141E-04  3.67055631945097716E-01
1.12971879606786618E-04  3.69811949140584018E-01
1.13845287647012551E-04  3.72612883642126247E-01
1.14561826434757437E-04  3.74978145838951338E-01
1.15322633397633989E-04  3.77450619012176136E-01
1.19045751563364409E-04  3.79723343936028190E-01
1.18908506644119054E-04  3.81491395608508921E-01
1.20028099825268166E-04  3.84693534584993058E-01
1.21007575174027562E-04  3.87774660602867194E-01
1.20420940714332375E-04  3.90276506108955645E-01
1.21016956840787858E-04  3.92271508110968503E-01
1.21472696428998744E-04  3.94290773358354940E-01
1.22427280483692301E-04  3.97348703641804912E-01
1.23259377848049419E-04  3.99478291885836778E-01
1.24214600942865877E-04  4.02253389961988672E-01
1.25061921467782382E-04  4.04546481149708370E-01
1.26024166038862968E-04  4.07722868827044116E-01
1.27944932448661314E-04  4.10711121587169048E-01
1.28754742786911860E-04  4.12926036762618243E-01
1.29642769932442579E-04  4.15771922888474033E-01
1.30417651613574589E-04  4.18469228367590929E-01
1.31200438244633011E-04  4.21263339266280401E-01
1.32027842612504782E-04  4.24349495341807603E-01
1.24623442327166135E-04  4.26835851335447714E-01
1.25089814615710060E-04  4.29423592782287755E-01
1.26003250616423847E-04  4.32689871335025178E-01
1.26987486689779036E-04  4.35955834017070387E-01
1.27802945605222373E-04  4.39046729177503647E-01
1.28884803373586522E-04  4.42117297273847021E-01
1.29837250899188413E-04  4.45411233098801762E-01
1.29938707181272324E-04  4.48126587311182378E-01
1.30899290001922942E-04  4.51437948454079863E-01
1.31723909447171474E-04  4.53785134856204031E-01
1.32683637760604503E-04  4.57089733504486284E-01
1.33202951821310804E-04  4.59981007229924022E-01
1.34270389069547982E-04  4.63121718592906240E-01
1.35199751413963946E-04  4.66150891838857051E-01
1.35740342823629373E-04  4.69120027734989287E-01
1.36513965911564707E-04  4.72121949104808092E-01
1.37359398286240886E-04  4.75278643121867184E-01
1.39121278989992429E-04  4.78313661065922047E-01
1.39174410927728198E-04  4.79606949686658957E-01
1.39323208312989479E-04  4.82558071264460542E-01
1.40646808938114758E-04  4.85526276194197970E-01
1.41595140177324177E-04  4.88801680100040992E-01
1.42543947106087317E-04  4.92076714845710028E-01
1.43456308972739893E-04  4.95231197063659978E-01
1.44404810541140169E-04  4.98505107135524428E-01
1.45286408733472094E-04  5.01585073028474882E-01
1.46234092487939477E-04  5.04858285542281737E-01
1.47166668776532207E-04  5.08095291803543958E-01
1.48111973441532492E-04  5.11365796411797802E-01
1.49047533827072198E-04  5.14602785379933980E-01
1.49993383003252552E-04  5.17867812676381822E-01
1.51223820853148283E-04  5.21024437246651817E-01
1.51914982115235880E-04  5.23596896476584250E-01
1.52659403614587366E-04  5.26177658481105204E-01
1.53605412199356479E-04  5.29441101982912610E-01
1.54551334896929800E-04  5.32704553530735536E-01
1.55496544050717431E-04  5.35952750929037935E-01
1.56002336969138060E-04  5.38201283926213581E-01
1.56550358989890857E-04  5.41208919340261163E-01
1.57503762599762662E-04  5.44227857112380642E-01
1.58541046506044565E-04  5.47259351931596472E-01
1.59253686298294062E-04  5.50189478376577390E-01
1.60185586293964954E-04  5.53357090901365978E-01
1.61145747626484717E-04  5.56561908379169856E-01
1.62078837645580030E-04  5.59565084285928327E-01
1.63019704487824338E-04  5.62815117654434482E-01
1.63982742846631446E-04  5.66061913546666240E-01
1.64921618329448572E-04  5.69305181219736944E-01
1.65664986452593484E-04  5.72269741467939852E-01
1.66523333250439415E-04  5.75334423089309821E-01
1.67448468658693179E-04  5.78559328110509363E-01
1.68394436954125322E-04  5.81806361768442248E-01
1.69319798291908512E-04  5.84848197636537726E-01
1.70193402338204326E-04  5.87865594363209731E-01
1.71126038047938675E-04  5.91101281960464742E-01
1.72063599439568372E-04  5.94331412029372674E-01
1.72669591415135909E-04  5.97225372056441106E-01
1.73611608818367846E-04  6.00469028963052764E-01
1.74637085765209227E-04  6.03421579976264111E-01
1.75574458521491998E-04  6.06657410743506653E-01
1.76308401392414986E-04  6.09204612576095150E-01
1.75497101715966532E-04  6.12097640214646299E-01
1.76430803131586399E-04  6.15334003004702423E-01
1.77219109022509064E-04  6.18240810893566417E-01
1.78152981884639565E-04  6.21472902163171081E-01
1.79043865887235434E-04  6.24608435786027538E-01
1.79975723861441894E-04  6.27837995670288862E-01
1.80807567253358711E-04  6.30904663193766146E-01
1.81737116066082484E-04  6.34138246808657602E-01
1.80743314557977458E-04  6.31480394500344877E-01
1.81420698833119690E-04  6.34069300484419451E-01
1.82336917751352301E-04  6.37271426808152630E-01
1.83253041773757605E-04  6.40473242197447057E-01
1.83253202926814650E-04  6.40473536426670154E-01
1.84062010194039651E-04  6.42424027154624322E-01
1.84973970447008945E-04  6.45608702239225618E-01
1.85860069741881906E-04  6.48689275436104551E-01
1.86775280800723087E-04  6.51883583653913079E-01
1.87690466645665591E-04  6.55077778974944680E-01
1.88565075648855149E-04  6.58121169436258202E-01
1.89469508971222209E-04  6.61296340792430604E-01
1.90371881046350402E-04  6.64456171321079370E-01
1.91286441073596630E-04  6.67649398256316196E-01
1.92191385653106214E-04  6.70764210484937062E-01
1.93094507850013336E-04  6.73952525760503018E-01
1.94008729694198148E-04  6.77145270984138792E-01
1.94921998780597100E-04  6.80334999185852718E-01
1.95836715361221228E-04  6.83527963993594945E-01
1.96743217760926570E-04  6.86689943231652000E-01
1.97657635974310061E-04  6.89882617046625346E-01
1.98394827098708273E-04  6.92697257677192146E-01
1.99240922423037092E-04  6.95730761782157536E-01
1.99632401064672726E-04  6.96440990911352142E-01
2.00543390882768069E-04  6.99618541602593291E-01
2.01454383584395366E-04  7.02797645528656756E-01
2.02304165117241433E-04  7.05755233062027032E-01
2.03214875811557130E-04  7.08933364424731205E-01
2.04120373998410709E-04  7.12082969073385863E-01
2.06010385518599209E-04  7.15224516825816115E-01
2.06925479399138607E-04  7.18402073265473007E-01
2.06670350007454387E-04  7.13902716057359221E-01
2.07110539264252977E-04  7.16377133137290678E-01
2.08018862381370226E-04  7.19518963805225065E-01
2.08926861233731803E-04  7.22660453226284805E-01
2.09834915213567147E-04  7.25801916576556239E-01
2.10743078750892307E-04  7.28943371932198936E-01
2.11635245277766795E-04  7.32053615044268913E-01
2.12487035996003840E-04  7.35097366723760803E-01
2.13373413218391136E-04  7.38200895876377827E-01
2.14281315128834679E-04  7.41341796692934984E-01
2.15186018928887127E-04  7.44470066718152079E-01
2.16091919603962276E-04  7.47583338097292271E-01
2.16844562618695447E-04  7.50514062741501564E-01
2.17751783483146819E-04  7.53654032458953682E-01
2.17866779484337039E-04  7.54393846868970486E-01
2.17131049225978076E-04  7.53642246697904028E-01
2.18024467853286316E-04  7.56738232852646298E-01
2.18921666458687242E-04  7.59852383685471477E-01
2.19789452991865988E-04  7.62689117130028960E-01
2.20230084939284851E-04  7.65356961722527762E-01
2.21125118491455330E-04  7.68464957649431901E-01
2.22020317510089257E-04  7.71576033371964787E-01
2.22915312071053640E-04  7.74687097854671158E-01
