0.00000000000000000E+00  0.00000000000000000E+00
1.79771914540947188E-06  4.48583829087530611E-02
2.69441285337715489E-06  6.72356377049412174E-02
6.50198382246254070E-06  7.27321253843911109E-02
6.78393556134514316E-06  8.10378444181807378E-02
7.50662945377661005E-06  8.43471697610338744E-02
7.88458334794161489E-06  8.91255249960701407E-02
8.01681586003248582E-06  8.87026316182798064E-02
8.69227541186568084E-06  9.23727096863799502E-02
9.16665441569539390E-06  9.49140249981191286E-02
1.40247710999000913E-05  9.36459302037756514E-02
1.37567978399459059E-05  9.18321342899728749E-02
1.48970930784058666E-05  9.65210121048249714E-02
1.51300390080600462E-05  9.87501776341335319E-02
1.50414966918923211E-05  9.62583264090650925E-02
1.53000025372855867E-05  1.00343054190023900E-01
1.53330418791291492E-05  1.01618189085788665E-01
1.55678487103478994E-05  1.02866765978133101E-01
1.59801361591806299E-05  1.03838499556427835E-01
1.64566243985617513E-05  1.06741323750221731E-01
1.68646257276354569E-05  1.07703897173520607E-01
1.72760449403101422E-05  1.10096303116417216E-01
1.76624491305345157E-05  1.12325703752075651E-01
1.82885433760182105E-05  1.16110490164195931E-01
1.86398422048997692E-05  1.18557585623807304E-01
1.92937294415907140E-05  1.22147441561103937E-01
2.01477781474108009E-05  1.25203512009199880E-01
2.07999961055931396E-05  1.27647757145923163E-01
2.13137153919144536E-05  1.30411824351330391E-01
2.21241499056944050E-05  1.33468964363924442E-01
2.25869152205207925E-05  1.36773586954142740E-01
2.34612058414359215E-05  1.39965944938169717E-01
2.38716438432495098E-05  1.42055653987482433E-01
2.44910253632700439E-05  1.45492828218914655E-01
2.47867957477707936E-05  1.47721993774717786E-01
2.54566470827450068E-05  1.51490953563871350E-01
2.60982102260120608E-05  1.55168919794697574E-01
2.63660637626215912E-05  1.57779913338885303E-01
2.70004442547087638E-05  1.61431984443863807E-01
2.76514678883790386E-05  1.65124552362282795E-01
2.87727120147875581E-05  1.68766680121342522E-01
2.92493816005383496E-05  1.71328997782647513E-01
2.98748138430254611E-05  1.74925133848308767E-01
3.01818080183331250E-05  1.77379501014984287E-01
3.05545683280067457E-05  1.80664122024309176E-01
3.12013902141658993E-05  1.84401853142702465E-01
3.18310709045349161E-05  1.88090849022602119E-01
3.22212011123810095E-05  1.91170370815927554E-01
3.27821392701360854E-05  1.92807234971091673E-01
3.32142303204458183E-05  1.96229226656368577E-01
3.38514667843897851E-05  2.00003140169753735E-01
3.45014657178177586E-05  2.03745876215215505E-01
3.50994240245336084E-05  2.07271089317105139E-01
3.54569288858431423E-05  2.09630181235459762E-01
3.60941657382926346E-05  2.12864408641656067E-01
3.66675217871603471E-05  2.16281344705090417E-01
3.73034990929734704E-05  2.20032987318164536E-01
3.78323235063694925E-05  2.23442346876682435E-01
3.84727863355586314E-05  2.27205478047576986E-01
3.91206360791777376E-05  2.30441633831778514E-01
3.94765080075844439E-05  2.33223730389304884E-01
4.01218605143680452E-05  2.36641262775003081E-01
4.07401198620851480E-05  2.40264083378007726E-01
4.11327635304109193E-05  2.43114242214106296E-01
4.18271316500586163E-05  2.46637059701448974E-01
4.22009427861265614E-05  2.48380461384378137E-01
4.26729876434950913E-05  2.50519242082161642E-01
4.30324982712989267E-05  2.53574570273254973E-01
4.34773807303286564E-05  2.56366186249893824E-01
4.39850705748795652E-05  2.59677748438280842E-01
4.46073866729726140E-05  2.63346904430260320E-01
4.52177801635400643E-05  2.66841748549903168E-01
4.59210141227593682E-05  2.70407321479583684E-01
4.65112821044226694E-05  2.73910283814549016E-01
4.69848981403582239E-05  2.76965259527413132E-01
4.75989885519512764E-05  2.80593805723216017E-01
4.80710730309257157E-05  2.83556309161715536E-01
4.86898586098728509E-05  2.86573607534693575E-01
4.89261316438398437E-05  2.88498967102159831E-01
4.95276449897651041E-05  2.92047876123034122E-01
5.00343952064810551E-05  2.94848586591735906E-01
5.06225137155784898E-05  2.98350650236812009E-01
5.10505259092711768E-05  3.01554683574231042E-01
5.17658998174749287E-05  3.04924873898136883E-01
5.23611815402735999E-05  3.08474597248823146E-01
7.86391334957376072E-05  3.09597038413330361E-01
7.95388788441926068E-05  3.13137357311019715E-01
8.04452675666022902E-05  3.16703949639668247E-01
8.10461225099153894E-05  3.19075671020208507E-01
8.18513477586720918E-05  3.22244253464649189E-01
8.27248446000343907E-05  3.25683155220261866E-01
8.35440611874384287E-05  3.28907258896345922E-01
8.43837259134753211E-05  3.32214983780164008E-01
8.52178502264661162E-05  3.35499004228508757E-01
8.60194968227273853E-05  3.38659003490475230E-01
8.67335652763056610E-05  3.41466661785489012E-01
8.74107961669576706E-05  3.44139945957565696E-01
8.81652669040447305E-05  3.47103773395241400E-01
8.89803236060746679E-05  3.50313993420537151E-01
8.96316435830761104E-05  3.52878399275082855E-01
9.03166806449618408E-05  3.55578639768902749E-01
9.10668686788791530E-05  3.58530603157172889E-01
9.17697331038001135E-05  3.61290588779490662E-01
9.24773726666374470E-05  3.64072911391460197E-01
9.32346660450847353E-05  3.67055631945097716E-01
9.39332924272749236E-05  3.69811949140584018E-01
9.46448141497463827E-05  3.72612883642126247E-01
9.52448354828592993E-05  3.74978145838951338E-01
9.19577284154988583E-05  3.77450619012176136E-01
8.31079023595811695E-05  3.79723343936028190E-01
8.35181810228857908E-05  3.81491395608508921E-01
8.42389022826556429E-05  3.84693534584993058E-01
8.49152760017709944E-05  3.87774660602867194E-01
8.61508050767104908E-05  3.90276506108955645E-01
8.65920572613108463E-05  3.92271508110968503E-01
8.70254512520159118E-05  3.94290773358354940E-01
8.77118916427816094E-05  3.97348703641804912E-01
8.64668248587948697E-05  3.99478291885836778E-01
8.70768196479837671E-05  4.02253389961988672E-01
8.75145649929793927E-05  4.04546481149708370E-01
8.81896113591952753E-05  4.07722868827044116E-01
8.88349480054448533E-05  4.10711121587169048E-01
8.92763781157857560E-05  4.12926036762618243E-01
8.98929147238637649E-05  4.15771922888474033E-01
9.04721661852351394E-05  4.18469228367590929E-01
9.10750726429280545E-05  4.21263339266280401E-01
9.16862709093068176E-05  4.24349495341807603E-01
9.22656678640767711E-05  4.26835851335447714E-01
9.28195180344582732E-05  4.29423592782287755E-01
9.35215561005007731E-05  4.32689871335025178E-01
9.42289367548655374E-05  4.35955834017070387E-01
9.48935394343131643E-05  4.39046729177503647E-01
9.55743806836648925E-05  4.42117297273847021E-01
9.62874321659540865E-05  4.45411233098801762E-01
9.68187312100901240E-05  4.48126587311182378E-01
9.75341152029784823E-05  4.51437948454079863E-01
9.80193554518398076E-05  4.53785134856204031E-01
9.87331579416924308E-05  4.57089733504486284E-01
9.94880129374436581E-05  4.59981007229924022E-01
1.00154792224066598E-04  4.63121718592906240E-01
1.00813935848413465E-04  4.66150891838857051E-01
1.01436636691243452E-04  4.69120027734989287E-01
1.02099732847020942E-04  4.72121949104808092E-01
1.02779026787817081E-04  4.75278643121867184E-01
1.03418782425816497E-04  4.78313661065922047E-01
1.03790095463419593E-04  4.79606949686658957E-01
1.04397261757978570E-04  4.82558071264460542E-01
1.05023350556534851E-04  4.85526276194197970E-01
1.05731767315444657E-04  4.88801680100040992E-01
1.06440105735451391E-04  4.92076714845710028E-01
1.07120439092572243E-04  4.95231197063659978E-01
1.07828557316740417E-04  4.98505107135524428E-01
1.08495950987719681E-04  5.01585073028474882E-01
1.09203905129174727E-04  5.04858285542281737E-01
1.09903664995784304E-04  5.08095291803543958E-01
1.10611127126185923E-04  5.11365796411797802E-01
1.11311101967921308E-04  5.14602785379933980E-01
1.12016870012814768E-04  5.17867812676381822E-01
1.12713071270490340E-04  5.21024437246651817E-01
1.13235967666009546E-04  5.23596896476584250E-01
1.13791278113016796E-04  5.26177658481105204E-01
1.14496945192196168E-04  5.29441101982912610E-01
1.15202597600908441E-04  5.32704553530735536E-01
1.15905899734645643E-04  5.35952750929037935E-01
1.16420781324838921E-04  5.38201283926213581E-01
1.17052904288064436E-04  5.41208919340261163E-01
1.17705205701560019E-04  5.44227857112380642E-01
1.18338351410342182E-04  5.47259351931596472E-01
1.19011561333619807E-04  5.50189478376577390E-01
1.19697035142949087E-04  5.53357090901365978E-01
1.20392023014743738E-04  5.56561908379169856E-01
1.21065117952270842E-04  5.59565084285928327E-01
1.21768197712046784E-04  5.62815117654434482E-01
1.22470567288007325E-04  5.66061913546666240E-01
1.23171827836610938E-04  5.69305181219736944E-01
1.23804764173920685E-04  5.72269741467939852E-01
1.24464998035154432E-04  5.75334423089309821E-01
1.25161898130072852E-04  5.78559328110509363E-01
1.25864251488879038E-04  5.81806361768442248E-01
1.26505161506248326E-04  5.84848197636537726E-01
1.27143241339527924E-04  5.87865594363209731E-01
1.27842403093422763E-04  5.91101281960464742E-01
1.28539446052861311E-04  5.94331412029372674E-01
1.29207471705556232E-04  5.97225372056441106E-01
1.29909136616731483E-04  6.00469028963052764E-01
1.30557039004693034E-04  6.03421579976264111E-01
1.31256839061013111E-04  6.06657410743506653E-01
1.31807594736801318E-04  6.09204612576095150E-01
1.32450149008895169E-04  6.12097640214646299E-01
1.33150399438081851E-04  6.15334003004702423E-01
1.33769698333805441E-04  6.18240810893566417E-01
1.34468995195070450E-04  6.21472902163171081E-01
1.35155544444349931E-04  6.24608435786027538E-01
1.35853937520972329E-04  6.27837995670288862E-01
1.36505044167484213E-04  6.30904663193766146E-01
1.37204599070944906E-04  6.34138246808657602E-01
1.36537522708156649E-04  6.31480394500344877E-01
1.37065274156749836E-04  6.34069300484419451E-01
1.37757482255430538E-04  6.37271426808152630E-01
1.38449607405088590E-04  6.40473242197447057E-01
1.38449730731399993E-04  6.40473536426670154E-01
1.38944928824229555E-04  6.42424027154624322E-01
1.39633608710135800E-04  6.45608702239225618E-01
1.40310611868466311E-04  6.48689275436104551E-01
1.41001489503104257E-04  6.51883583653913079E-01
1.41692339146119728E-04  6.55077778974944680E-01
1.42354710586284176E-04  6.58121169436258202E-01
1.43040839937476003E-04  6.61296340792430604E-01
1.43725524088558505E-04  6.64456171321079370E-01
1.44416184763653671E-04  6.67649398256316196E-01
1.45087694717618843E-04  6.70764210484937062E-01
1.45775914301881498E-04  6.73952525760503018E-01
1.46466448640501529E-04  6.77145270984138792E-01
1.47156264033767355E-04  6.80334999185852718E-01
1.47846856234768505E-04  6.83527963993594945E-01
1.48530866145912387E-04  6.86689943231652000E-01
1.49221390426349833E-04  6.89882617046625346E-01
1.49863729315538596E-04  6.92697257677192146E-01
1.50508755591795013E-04  6.95730761782157536E-01
1.50756252002933432E-04  6.96440990911352142E-01
1.51444235542656704E-04  6.99618541602593291E-01
1.52132336628508624E-04  7.02797645528656756E-01
1.52773622089555795E-04  7.05755233062027032E-01
1.53461511049108549E-04  7.08933364424731205E-01
1.54144680642138727E-04  7.12082969073385863E-01
1.54825755709650601E-04  7.15224516825816115E-01
1.55513593522783791E-04  7.18402073265473007E-01
1.59652164339130556E-04  7.13902716057359221E-01
1.60177510169644873E-04  7.16377133137290678E-01
1.60879998386017579E-04  7.19518963805225065E-01
1.61582413784630650E-04  7.22660453226284805E-01
1.62284793231501703E-04  7.25801916576556239E-01
1.62987186331654821E-04  7.28943371932198936E-01
1.63681051006074954E-04  7.32053615044268913E-01
1.64357554208371427E-04  7.35097366723760803E-01
1.65049913002081501E-04  7.38200895876377827E-01
1.65752173518235284E-04  7.41341796692934984E-01
1.66451676321031916E-04  7.44470066718152079E-01
1.67148375706733729E-04  7.47583338097292271E-01
1.67790014024698196E-04  7.50514062741501564E-01
1.68492006269831129E-04  7.53654032458953682E-01
1.68643159828024518E-04  7.54393846868970486E-01
1.68354315104143198E-04  7.53642246697904028E-01
1.69046335609769095E-04  7.56738232852646298E-01
1.69741992271482157E-04  7.59852383685471477E-01
1.70390230655723118E-04  7.62689117130028960E-01
1.71209043900766127E-04  7.65356961722527762E-01
1.71904495584533114E-04  7.68464957649431901E-01
1.72600435964414926E-04  7.71576033371964787E-01
1.73296305262005644E-04  7.74687097854671158E-01
