0.00000000000000000E+00  0.00000000000000000E+00
1.79771880175272141E-06  4.48583829087530611E-02
2.69435106320666082E-06  6.72356377049412174E-02
2.91542162535735733E-06  7.27321253843911109E-02
3.25672110930698921E-06  8.10378444181807378E-02
3.39043296647420305E-06  8.43471697610338744E-02
3.57626304507810454E-06  8.91255249960701407E-02
3.67429751718895093E-06  8.87026316182798064E-02
3.81391359485918702E-06  9.23727096863799502E-02
3.91780397611770541E-06  9.49140249981191286E-02
3.86257098915557262E-06  9.36459302037756514E-02
3.78517854561255833E-06  9.18321342899728749E-02
3.97427011615905396E-06  9.65210121048249714E-02
4.04709160599359390E-06  9.87501776341335319E-02
3.93858956461651602E-06  9.62583264090650925E-02
4.10293274730568532E-06  1.00343054190023900E-01
2.36046777806198094E-05  1.01618189085788665E-01
2.44917869946816285E-05  1.02866765978133101E-01
2.51028956300254841E-05  1.03838499556427835E-01
2.56714611563794732E-05  1.06741323750221731E-01
2.68896689487340725E-05  1.07703897173520607E-01
2.77209083949654352E-05  1.10096303116417216E-01
2.86475999354672160E-05  1.12325703752075651E-01
2.97099372482617988E-05  1.16110490164195931E-01
3.01459867696553295E-05  1.18557585623807304E-01
3.11865461084819993E-05  1.22147441561103937E-01
3.18194782093525301E-05  1.25203512009199880E-01
3.29509272849000303E-05  1.27647757145923163E-01
3.36919428990543803E-05  1.30411824351330391E-01
3.54663291983123297E-05  1.33468964363924442E-01
3.64710870835549365E-05  1.36773586954142740E-01
3.75005128990873408E-05  1.39965944938169717E-01
3.76628023349299870E-05  1.42055653987482433E-01
3.86530693956494212E-05  1.45492828218914655E-01
4.03417916121139117E-05  1.47721993774717786E-01
4.15031069860602279E-05  1.51490953563871350E-01
4.26139810098019774E-05  1.55168919794697574E-01
3.88589709504948231E-05  1.57779913338885303E-01
3.98093756500818123E-05  1.61431984443863807E-01
4.07649698983289597E-05  1.65124552362282795E-01
4.20887906051050590E-05  1.68766680121342522E-01
4.25014684386239554E-05  1.71328997782647513E-01
4.33691528608519308E-05  1.74925133848308767E-01
4.35754741912300261E-05  1.77379501014984287E-01
4.44994894866828847E-05  1.80664122024309176E-01
4.54408161964145983E-05  1.84401853142702465E-01
4.63603186774644727E-05  1.88090849022602119E-01
4.69374212171719696E-05  1.91170370815927554E-01
4.70451410748008291E-05  1.92807234971091673E-01
4.77843980190247909E-05  1.96229226656368577E-01
4.87057393004967053E-05  2.00003140169753735E-01
4.96107025730180545E-05  2.03745876215215505E-01
5.04790155075277459E-05  2.07271089317105139E-01
4.91834335320348766E-05  2.09630181235459762E-01
4.96880809164844395E-05  2.12864408641656067E-01
5.04826272552300927E-05  2.16281344705090417E-01
5.13665446649513337E-05  2.20032987318164536E-01
5.21161112470441834E-05  2.23442346876682435E-01
5.30024238897079669E-05  2.27205478047576986E-01
5.39116570059143194E-05  2.30441633831778514E-01
5.46851295636662828E-05  2.33223730389304884E-01
5.54454857599295629E-05  2.36641262775003081E-01
5.65161962110130936E-05  2.40264083378007726E-01
5.97290454971127066E-05  2.43114242214106296E-01
6.05904655340962044E-05  2.46637059701448974E-01
6.17764088459006426E-05  2.48380461384378137E-01
6.24131888077865578E-05  2.50519242082161642E-01
6.32426519932244129E-05  2.53574570273254973E-01
6.38774817810607368E-05  2.56366186249893824E-01
6.47121301938337681E-05  2.59677748438280842E-01
6.56366803026870067E-05  2.63346904430260320E-01
6.65151659832146497E-05  2.66841748549903168E-01
6.74134962644298320E-05  2.70407321479583684E-01
6.82917228070015897E-05  2.73910283814549016E-01
6.90203908932664721E-05  2.76965259527413132E-01
6.99321071131551314E-05  2.80593805723216017E-01
7.06805358854849068E-05  2.83556309161715536E-01
7.14871329876767131E-05  2.86573607534693575E-01
7.19828978521927162E-05  2.88498967102159831E-01
7.28582755285056907E-05  2.92047876123034122E-01
7.36713790911976488E-05  2.94848586591735906E-01
7.45464453598379713E-05  2.98350650236812009E-01
7.52838006138067950E-05  3.01554683574231042E-01
7.61452370927218763E-05  3.04924873898136883E-01
7.70264751196341781E-05  3.08474597248823146E-01
7.73702800231810747E-05  3.09597038413330361E-01
7.82613475974499977E-05  3.13137357311019715E-01
7.91609537413588867E-05  3.16703949639668247E-01
7.98344023951761891E-05  3.19075671020208507E-01
8.06495189187520639E-05  3.22244253464649189E-01
8.15217370557690460E-05  3.25683155220261866E-01
8.23246184432696246E-05  3.28907258896345922E-01
8.32336077960555039E-05  3.32214983780164008E-01
8.40646889701864714E-05  3.35499004228508757E-01
8.38663667457975083E-05  3.38659003490475230E-01
8.45572119451800178E-05  3.41466661785489012E-01
8.52652927320228168E-05  3.44139945957565696E-01
9.76669793219457454E-05  3.47103773395241400E-01
9.85574042387587709E-05  3.50313993420537151E-01
9.92528735216471371E-05  3.52878399275082855E-01
1.00105365944384676E-04  3.55578639768902749E-01
1.00967097554390331E-04  3.58530603157172889E-01
1.01603315255370009E-04  3.61290588779490662E-01
1.14138128754948283E-04  3.64072911391460197E-01
1.15119191710046608E-04  3.67055631945097716E-01
1.16034914004702321E-04  3.69811949140584018E-01
1.16930323923594010E-04  3.72612883642126247E-01
1.17660262275208830E-04  3.74978145838951338E-01
1.18677465797399975E-04  3.77450619012176136E-01
1.19239796252369745E-04  3.79723343936028190E-01
1.19282150588038635E-04  3.81491395608508921E-01
1.20385368253854257E-04  3.84693534584993058E-01
1.21360950831208084E-04  3.87774660602867194E-01
1.22290205299443837E-04  3.90276506108955645E-01
1.22900571237631422E-04  3.92271508110968503E-01
1.23397284589797825E-04  3.94290773358354940E-01
1.24358618500519658E-04  3.97348703641804912E-01
1.25158710756039307E-04  3.99478291885836778E-01
1.22441004781285653E-04  4.02253389961988672E-01
1.23403204887072813E-04  4.04546481149708370E-01
1.24342994926004806E-04  4.07722868827044116E-01
1.25279346855675967E-04  4.10711121587169048E-01
1.26166546288677094E-04  4.12926036762618243E-01
1.27045242741645470E-04  4.15771922888474033E-01
1.28132479864785480E-04  4.18469228367590929E-01
1.28826114328239871E-04  4.21263339266280401E-01
1.29512537240521197E-04  4.24349495341807603E-01
1.30614290986128673E-04  4.26835851335447714E-01
1.31213343170289744E-04  4.29423592782287755E-01
1.32197182078907204E-04  4.32689871335025178E-01
1.32294676176392470E-04  4.35955834017070387E-01
1.33178022935134983E-04  4.39046729177503647E-01
1.34259722091195285E-04  4.42117297273847021E-01
1.35261332721590098E-04  4.45411233098801762E-01
1.35587351352774513E-04  4.48126587311182378E-01
1.36595543187401081E-04  4.51437948454079863E-01
1.37002147978013307E-04  4.53785134856204031E-01
1.38005544039797659E-04  4.57089733504486284E-01
1.38661119465865144E-04  4.59981007229924022E-01
1.39718259594424563E-04  4.63121718592906240E-01
1.40671723637444436E-04  4.66150891838857051E-01
1.41335243207726773E-04  4.69120027734989287E-01
1.42181345707884967E-04  4.72121949104808092E-01
1.43084947056381154E-04  4.75278643121867184E-01
1.43654600665204212E-04  4.78313661065922047E-01
1.43779346394304862E-04  4.79606949686658957E-01
1.43709333940818251E-04  4.82558071264460542E-01
1.45282517109109055E-04  4.85526276194197970E-01
1.46264444825384109E-04  4.88801680100040992E-01
1.47246841075478543E-04  4.92076714845710028E-01
1.48190723143444732E-04  4.95231197063659978E-01
1.49180326474607390E-04  4.98505107135524428E-01
1.50101791850250875E-04  5.01585073028474882E-01
1.51090926852294125E-04  5.04858285542281737E-01
1.52065312275140481E-04  5.08095291803543958E-01
1.53052963349159001E-04  5.11365796411797802E-01
1.54030335175195203E-04  5.14602785379933980E-01
1.55018065561337431E-04  5.17867812676381822E-01
1.58193172694720552E-04  5.21024437246651817E-01
1.58904673417067412E-04  5.23596896476584250E-01
1.59666829171854589E-04  5.26177658481105204E-01
1.60659409299480221E-04  5.29441101982912610E-01
1.61651898648375834E-04  5.32704553530735536E-01
1.62643971495439292E-04  5.35952750929037935E-01
1.63607392830013819E-04  5.38201283926213581E-01
1.64189290286549487E-04  5.41208919340261163E-01
1.65084780047530279E-04  5.44227857112380642E-01
1.65862596533583942E-04  5.47259351931596472E-01
1.66626657076932375E-04  5.50189478376577390E-01
1.67606461690372396E-04  5.53357090901365978E-01
1.68617028310182569E-04  5.56561908379169856E-01
1.69609840632218602E-04  5.59565084285928327E-01
1.70598357344639226E-04  5.62815117654434482E-01
1.71586071130604492E-04  5.66061913546666240E-01
1.72572466633874946E-04  5.69305181219736944E-01
1.73343417801369304E-04  5.72269741467939852E-01
1.74235596796919190E-04  5.75334423089309821E-01
1.75393172261918522E-04  5.78559328110509363E-01
1.76378035932610658E-04  5.81806361768442248E-01
1.77334399978864611E-04  5.84848197636537726E-01
1.78235513792104894E-04  5.87865594363209731E-01
1.79207617016992858E-04  5.91101281960464742E-01
1.80182909831135864E-04  5.94331412029372674E-01
1.80826855145015813E-04  5.97225372056441106E-01
1.81809133787983086E-04  6.00469028963052764E-01
1.82884479476850062E-04  6.03421579976264111E-01
1.83932144992628513E-04  6.06657410743506653E-01
1.84695225333970578E-04  6.09204612576095150E-01
1.85786433517162557E-04  6.12097640214646299E-01
1.86769222128494242E-04  6.15334003004702423E-01
1.87517674937556257E-04  6.18240810893566417E-01
1.88498647422841517E-04  6.21472902163171081E-01
1.89417900246419829E-04  6.24608435786027538E-01
1.90398476156373488E-04  6.27837995670288862E-01
1.91187290836176971E-04  6.30904663193766146E-01
1.92167627490965470E-04  6.34138246808657602E-01
1.90602872945383299E-04  6.31480394500344877E-01
1.91333875040101270E-04  6.34069300484419451E-01
1.92300210453457028E-04  6.37271426808152630E-01
1.93266436068006454E-04  6.40473242197447057E-01
1.93266725418278495E-04  6.40473536426670154E-01
1.94541538842580262E-04  6.42424027154624322E-01
1.95504735901593993E-04  6.45608702239225618E-01
1.96447671062977523E-04  6.48689275436104551E-01
1.97415011994133381E-04  6.51883583653913079E-01
1.98382339287876859E-04  6.55077778974944680E-01
1.99311347054379785E-04  6.58121169436258202E-01
2.00476121684262272E-04  6.61296340792430604E-01
2.01426149956170954E-04  6.64456171321079370E-01
2.02394679693331837E-04  6.67649398256316196E-01
2.03417375665372949E-04  6.70764210484937062E-01
2.04357281283616687E-04  6.73952525760503018E-01
2.05326284296053312E-04  6.77145270984138792E-01
2.06293231247310985E-04  6.80334999185852718E-01
2.07261500709095964E-04  6.83527963993594945E-01
2.08223181997247569E-04  6.86689943231652000E-01
2.09191792754423803E-04  6.89882617046625346E-01
2.09859641959464494E-04  6.92697257677192146E-01
2.10717009856082119E-04  6.95730761782157536E-01
2.11442519244223193E-04  6.96440990911352142E-01
2.12408990406238660E-04  6.99618541602593291E-01
2.13374720903974219E-04  7.02797645528656756E-01
2.14279374746046206E-04  7.05755233062027032E-01
2.15244800895441832E-04  7.08933364424731205E-01
2.16692140337145650E-04  7.12082969073385863E-01
2.17654683769793675E-04  7.15224516825816115E-01
2.18622499476782764E-04  7.18402073265473007E-01
2.18996196874699650E-04  7.13902716057359221E-01
2.19396235921190744E-04  7.16377133137290678E-01
2.20358439265353617E-04  7.19518963805225065E-01
2.21321220646466393E-04  7.22660453226284805E-01
2.22283114531648257E-04  7.25801916576556239E-01
2.23245144066974016E-04  7.28943371932198936E-01
2.24189006437237534E-04  7.32053615044268913E-01
2.25086393573202884E-04  7.35097366723760803E-01
2.26023449307329732E-04  7.38200895876377827E-01
2.26985183951734781E-04  7.41341796692934984E-01
2.27943610184969808E-04  7.44470066718152079E-01
2.28899825647867206E-04  7.47583338097292271E-01
2.29680513567542127E-04  7.50514062741501564E-01
2.30641435908460549E-04  7.53654032458953682E-01
2.30745919515449108E-04  7.54393846868970486E-01
2.30793686392963271E-04  7.53642246697904028E-01
2.31744125364613529E-04  7.56738232852646298E-01
2.32697769866672607E-04  7.59852383685471477E-01
2.33648383324718684E-04  7.62689117130028960E-01
2.34427855027988241E-04  7.65356961722527762E-01
2.35381005834934751E-04  7.68464957649431901E-01
2.36333912125265971E-04  7.71576033371964787E-01
2.37286483339723894E-04  7.74687097854671158E-01
