0.00000000000000000E+00  0.00000000000000000E+00
1.79771914193664357E-06  4.48583829087530611E-02
2.69441841850614675E-06  6.72356377049412174E-02
2.92545490873732407E-06  7.27321253843911109E-02
3.32882894797690372E-06  8.10378444181807378E-02
3.46811088331956316E-06  8.43471697610338744E-02
3.66473449455484196E-06  8.91255249960701407E-02
3.64754587920372445E-06  8.87026316182798064E-02
3.79924050122044227E-06  9.23727096863799502E-02
3.90172072130062168E-06  9.49140249981191286E-02
3.84988645789878124E-06  9.36459302037756514E-02
3.77533295574437964E-06  9.18321342899728749E-02
3.96842226981142980E-06  9.65210121048249714E-02
4.05997173642415180E-06  9.87501776341335319E-02
3.95782426118639410E-06  9.62583264090650925E-02
4.12584343909602313E-06  1.00343054190023900E-01
4.17792861760271921E-06  1.01618189085788665E-01
4.22600607546735549E-06  1.02866765978133101E-01
2.77639421226008381E-05  1.03838499556427835E-01
2.83686369946933446E-05  1.06741323750221731E-01
2.86357947260629524E-05  1.07703897173520607E-01
3.00137415773706496E-05  1.10096303116417216E-01
3.07555895073534000E-05  1.12325703752075651E-01
3.19676984531223115E-05  1.16110490164195931E-01
3.27089102878222785E-05  1.18557585623807304E-01
3.38543792765330772E-05  1.22147441561103937E-01
3.48338342615959595E-05  1.25203512009199880E-01
3.56144384215903204E-05  1.27647757145923163E-01
3.65212875879776001E-05  1.30411824351330391E-01
3.75488377471063189E-05  1.33468964363924442E-01
3.86486311908923724E-05  1.36773586954142740E-01
3.96951365530285065E-05  1.39965944938169717E-01
4.03860091979715971E-05  1.42055653987482433E-01
4.15200787797119974E-05  1.45492828218914655E-01
4.23480376460004613E-05  1.47721993774717786E-01
4.35298952799419202E-05  1.51490953563871350E-01
4.54059034643979021E-05  1.55168919794697574E-01
4.62567871343736847E-05  1.57779913338885303E-01
4.74053024633074764E-05  1.61431984443863807E-01
4.85944476486204315E-05  1.65124552362282795E-01
4.97527831710152567E-05  1.68766680121342522E-01
5.15198354473832363E-05  1.71328997782647513E-01
5.27249737868097385E-05  1.74925133848308767E-01
5.35130031407815131E-05  1.77379501014984287E-01
5.45853850417234469E-05  1.80664122024309176E-01
5.57798900716199733E-05  1.84401853142702465E-01
5.69608820846763484E-05  1.88090849022602119E-01
5.79582558011652871E-05  1.91170370815927554E-01
5.88972246641708682E-05  1.92807234971091673E-01
5.50266293551829972E-05  1.96229226656368577E-01
5.60780296867139033E-05  2.00003140169753735E-01
5.70926446871743197E-05  2.03745876215215505E-01
5.80717550978759704E-05  2.07271089317105139E-01
5.87692133969980627E-05  2.09630181235459762E-01
5.95292582612421501E-05  2.12864408641656067E-01
6.04787869817048325E-05  2.16281344705090417E-01
6.15189186432836110E-05  2.20032987318164536E-01
6.25295173017818926E-05  2.23442346876682435E-01
6.36667309643332074E-05  2.27205478047576986E-01
6.44446963115562470E-05  2.30441633831778514E-01
6.54258055661084258E-05  2.33223730389304884E-01
6.62742684170786666E-05  2.36641262775003081E-01
6.72800786234268536E-05  2.40264083378007726E-01
6.82344917009680522E-05  2.43114242214106296E-01
6.90596173456646100E-05  2.46637059701448974E-01
6.94501265168295454E-05  2.48380461384378137E-01
6.99171774005546021E-05  2.50519242082161642E-01
7.10240105901093453E-05  2.53574570273254973E-01
7.18217778281834973E-05  2.56366186249893824E-01
7.20142690748544305E-05  2.59677748438280842E-01
7.30183216457488786E-05  2.63346904430260320E-01
7.39915509085477610E-05  2.66841748549903168E-01
7.48721640420786649E-05  2.70407321479583684E-01
7.58272164801000043E-05  2.73910283814549016E-01
7.67396802286721483E-05  2.76965259527413132E-01
7.77524474631491585E-05  2.80593805723216017E-01
7.96595196986206629E-05  2.83556309161715536E-01
8.03651820147138415E-05  2.86573607534693575E-01
8.10429708248002444E-05  2.88498967102159831E-01
8.20554792645956065E-05  2.92047876123034122E-01
8.28151933819703482E-05  2.94848586591735906E-01
8.38153268195875566E-05  2.98350650236812009E-01
8.48831139157260346E-05  3.01554683574231042E-01
8.57921436284640564E-05  3.04924873898136883E-01
8.68043362548807148E-05  3.08474597248823146E-01
8.69491022823948041E-05  3.09597038413330361E-01
8.79365367646709525E-05  3.13137357311019715E-01
8.89472123268705232E-05  3.16703949639668247E-01
8.95751958098637072E-05  3.19075671020208507E-01
9.04168409377691367E-05  3.22244253464649189E-01
9.13993823184881034E-05  3.25683155220261866E-01
9.23288486084858102E-05  3.28907258896345922E-01
9.32270595707660518E-05  3.32214983780164008E-01
9.41710478288575095E-05  3.35499004228508757E-01
9.50094654488351387E-05  3.38659003490475230E-01
9.57372665964049269E-05  3.41466661785489012E-01
9.66176294752557879E-05  3.44139945957565696E-01
9.74120394126370623E-05  3.47103773395241400E-01
9.84080185752452073E-05  3.50313993420537151E-01
9.91468805067910030E-05  3.52878399275082855E-01
9.98782736901424571E-05  3.55578639768902749E-01
1.00701697485187144E-04  3.58530603157172889E-01
1.01456608041720908E-04  3.61290588779490662E-01
1.02232583462202658E-04  3.64072911391460197E-01
1.03063416522215833E-04  3.67055631945097716E-01
1.09290517161514736E-04  3.69811949140584018E-01
1.10096246340484535E-04  3.72612883642126247E-01
1.10801965272605118E-04  3.74978145838951338E-01
1.12254972754217671E-04  3.77450619012176136E-01
1.13007674479543652E-04  3.79723343936028190E-01
1.13423427850461740E-04  3.81491395608508921E-01
1.14325598572459150E-04  3.84693534584993058E-01
1.15291908546624657E-04  3.87774660602867194E-01
1.15988316290764224E-04  3.90276506108955645E-01
1.16599995903753561E-04  3.92271508110968503E-01
1.17242328393958551E-04  3.94290773358354940E-01
1.18114009065493474E-04  3.97348703641804912E-01
1.18791614117876379E-04  3.99478291885836778E-01
1.19612748134514685E-04  4.02253389961988672E-01
1.24738141626755785E-04  4.04546481149708370E-01
1.28090304590833867E-04  4.07722868827044116E-01
1.29026842876221693E-04  4.10711121587169048E-01
1.29954015405469702E-04  4.12926036762618243E-01
1.30847883705322802E-04  4.15771922888474033E-01
1.23503848294632089E-04  4.18469228367590929E-01
1.24317459182713428E-04  4.21263339266280401E-01
1.25357602083607132E-04  4.24349495341807603E-01
1.25851440085558881E-04  4.26835851335447714E-01
1.26620419389584724E-04  4.29423592782287755E-01
1.27598441768402709E-04  4.32689871335025178E-01
1.28546892909354744E-04  4.35955834017070387E-01
1.29466669410976693E-04  4.39046729177503647E-01
1.30267769576307944E-04  4.42117297273847021E-01
1.31223393232178780E-04  4.45411233098801762E-01
1.42103907188167230E-04  4.48126587311182378E-01
1.43160146518613897E-04  4.51437948454079863E-01
1.43966587082882021E-04  4.53785134856204031E-01
1.45023503634987647E-04  4.57089733504486284E-01
1.45924321346809806E-04  4.59981007229924022E-01
1.46982583840335815E-04  4.63121718592906240E-01
1.47935679412908826E-04  4.66150891838857051E-01
1.48937004020635849E-04  4.69120027734989287E-01
1.49835752227412810E-04  4.72121949104808092E-01
1.50850471328048755E-04  4.75278643121867184E-01
1.51853208240173339E-04  4.78313661065922047E-01
1.51886183351391743E-04  4.79606949686658957E-01
1.52867072790587033E-04  4.82558071264460542E-01
1.53927395395468420E-04  4.85526276194197970E-01
1.54970913294884965E-04  4.88801680100040992E-01
1.56013748982298476E-04  4.92076714845710028E-01
1.57025493812212348E-04  4.95231197063659978E-01
1.58068001493909521E-04  4.98505107135524428E-01
1.59043031247644434E-04  5.01585073028474882E-01
1.60085055662187448E-04  5.04858285542281737E-01
1.61116907509114074E-04  5.08095291803543958E-01
1.62157694475620687E-04  5.11365796411797802E-01
1.63188464734718465E-04  5.14602785379933980E-01
1.64229842502341006E-04  5.17867812676381822E-01
1.65207989027331501E-04  5.21024437246651817E-01
1.66144420206877121E-04  5.23596896476584250E-01
1.67100529669948414E-04  5.26177658481105204E-01
1.68144245679678270E-04  5.29441101982912610E-01
1.69184806031262742E-04  5.32704553530735536E-01
1.70217421900557310E-04  5.35952750929037935E-01
1.70816045745727802E-04  5.38201283926213581E-01
1.71818261049695980E-04  5.41208919340261163E-01
1.72780698346702063E-04  5.44227857112380642E-01
1.73819140533066924E-04  5.47259351931596472E-01
1.74597064914536713E-04  5.50189478376577390E-01
1.74681960971543541E-04  5.53357090901365978E-01
1.75699339632331888E-04  5.56561908379169856E-01
1.71829482979104272E-04  5.59565084285928327E-01
1.72837982367469393E-04  5.62815117654434482E-01
1.73845590366182318E-04  5.66061913546666240E-01
1.74853114506714861E-04  5.69305181219736944E-01
1.75580790543625621E-04  5.72269741467939852E-01
1.76537389047199886E-04  5.75334423089309821E-01
1.77538130390268115E-04  5.78559328110509363E-01
1.78544663478959371E-04  5.81806361768442248E-01
1.79549816894857082E-04  5.84848197636537726E-01
1.80555542135419234E-04  5.87865594363209731E-01
1.81560219741433698E-04  5.91101281960464742E-01
1.82536131833522033E-04  5.94331412029372674E-01
1.83267998832112051E-04  5.97225372056441106E-01
1.84273118401790531E-04  6.00469028963052764E-01
1.85169795233511205E-04  6.03421579976264111E-01
1.86172882318568975E-04  6.06657410743506653E-01
1.86963318895364602E-04  6.09204612576095150E-01
1.87817078526488976E-04  6.12097640214646299E-01
1.88819605092238260E-04  6.15334003004702423E-01
1.89743268827876656E-04  6.18240810893566417E-01
1.90744580700130412E-04  6.21472902163171081E-01
1.91684896646522347E-04  6.24608435786027538E-01
1.92664699829715388E-04  6.27837995670288862E-01
1.93669193833284105E-04  6.30904663193766146E-01
1.94670680417141986E-04  6.34138246808657602E-01
1.94131532692086786E-04  6.31480394500344877E-01
1.95035430184922493E-04  6.34069300484419451E-01
1.96020345981400522E-04  6.37271426808152630E-01
1.97009128255349209E-04  6.40473242197447057E-01
1.97009159755380525E-04  6.40473536426670154E-01
1.97411467793736240E-04  6.42424027154624322E-01
1.98398100593520296E-04  6.45608702239225618E-01
1.99316600503529878E-04  6.48689275436104551E-01
2.00306526592102744E-04  6.51883583653913079E-01
2.01296756004081499E-04  6.55077778974944680E-01
2.02230964436190055E-04  6.58121169436258202E-01
2.03216396704419735E-04  6.61296340792430604E-01
2.04190942019699152E-04  6.64456171321079370E-01
2.05180798650651374E-04  6.67649398256316196E-01
2.06156717749209767E-04  6.70764210484937062E-01
2.07147763203593613E-04  6.73952525760503018E-01
2.08137563088558152E-04  6.77145270984138792E-01
2.09126665742706639E-04  6.80334999185852718E-01
2.10116458308024553E-04  6.83527963993594945E-01
2.11096479467048122E-04  6.86689943231652000E-01
2.12086228456608451E-04  6.89882617046625346E-01
2.12827209622362939E-04  6.92697257677192146E-01
2.13801461787436857E-04  6.95730761782157536E-01
2.13709626819429989E-04  6.96440990911352142E-01
2.14716499869041337E-04  6.99618541602593291E-01
2.15700363208327656E-04  7.02797645528656756E-01
2.16612208528682744E-04  7.05755233062027032E-01
2.17595771940917553E-04  7.08933364424731205E-01
2.18566048865585956E-04  7.12082969073385863E-01
2.19510100820012946E-04  7.15224516825816115E-01
2.20518065841977112E-04  7.18402073265473007E-01
2.18245420426326289E-04  7.13902716057359221E-01
2.19136184280617225E-04  7.16377133137290678E-01
2.20101588103540149E-04  7.19518963805225065E-01
2.21074272934388121E-04  7.22660453226284805E-01
2.22039085584779545E-04  7.25801916576556239E-01
2.23007864631287901E-04  7.28943371932198936E-01
2.22884059331472477E-04  7.32053615044268913E-01
2.23830149589029047E-04  7.35097366723760803E-01
2.24782850481385164E-04  7.38200895876377827E-01
2.25742499046284028E-04  7.41341796692934984E-01
2.26691436526205159E-04  7.44470066718152079E-01
2.27636334978530402E-04  7.47583338097292271E-01
2.28596607512944212E-04  7.50514062741501564E-01
2.29554025995678569E-04  7.53654032458953682E-01
2.29849283971271263E-04  7.54393846868970486E-01
2.30241454304861912E-04  7.53642246697904028E-01
2.31181935061186474E-04  7.56738232852646298E-01
2.32136682864825424E-04  7.59852383685471477E-01
2.32936633001442923E-04  7.62689117130028960E-01
2.33661107684157189E-04  7.65356961722527762E-01
2.34608950097775059E-04  7.68464957649431901E-01
2.35558762448622328E-04  7.71576033371964787E-01
2.36592324359938960E-04  7.74687097854671158E-01
