0.00000000000000000E+00  0.00000000000000000E+00
1.79771914250880416E-06  4.48583829087530611E-02
2.69440728116136362E-06  6.72356377049412174E-02
2.91449089132646841E-06  7.27321253843911109E-02
3.25067784296968580E-06  8.10378444181807378E-02
3.42309564468708705E-06  8.43471697610338744E-02
3.61858096448872059E-06  8.91255249960701407E-02
3.60568959851138154E-06  8.87026316182798064E-02
3.75407060066237919E-06  9.23727096863799502E-02
3.85675789156382314E-06  9.49140249981191286E-02
3.80153019540943994E-06  9.36459302037756514E-02
3.72824819697416504E-06  9.18321342899728749E-02
1.08157601642854245E-05  9.65210121048249714E-02
1.92255754366206012E-05  9.87501776341335319E-02
1.84726103899414537E-05  9.62583264090650925E-02
1.96128018014874155E-05  1.00343054190023900E-01
2.02027999482224437E-05  1.01618189085788665E-01
2.08554560227915391E-05  1.02866765978133101E-01
2.08811405321942178E-05  1.03838499556427835E-01
2.16801103354629840E-05  1.06741323750221731E-01
2.19459569995200969E-05  1.07703897173520607E-01
2.25380884758706254E-05  1.10096303116417216E-01
2.49907572538766456E-05  1.12325703752075651E-01
2.59654370285426132E-05  1.16110490164195931E-01
2.93842232408038557E-05  1.18557585623807304E-01
3.03692343411639124E-05  1.22147441561103937E-01
3.13076021025937524E-05  1.25203512009199880E-01
3.11408292215151596E-05  1.27647757145923163E-01
3.18626130638903580E-05  1.30411824351330391E-01
3.33098739112956807E-05  1.33468964363924442E-01
3.52719924668336727E-05  1.36773586954142740E-01
3.61517222222490194E-05  1.39965944938169717E-01
3.67608626012133795E-05  1.42055653987482433E-01
3.77693590730447323E-05  1.45492828218914655E-01
3.86354668052346292E-05  1.47721993774717786E-01
3.97215212378453607E-05  1.51490953563871350E-01
4.08448611924221204E-05  1.55168919794697574E-01
4.18289441358331467E-05  1.57779913338885303E-01
4.29010564674577998E-05  1.61431984443863807E-01
4.42795055332047488E-05  1.65124552362282795E-01
4.53556187015360371E-05  1.68766680121342522E-01
4.61109558568038955E-05  1.71328997782647513E-01
4.71933186145348819E-05  1.74925133848308767E-01
4.80960339895335947E-05  1.77379501014984287E-01
4.92818221922039458E-05  1.80664122024309176E-01
5.03971155104895050E-05  1.84401853142702465E-01
5.14774402988272053E-05  1.88090849022602119E-01
5.25247216362448744E-05  1.91170370815927554E-01
5.28237699944310822E-05  1.92807234971091673E-01
5.48126717330197971E-05  1.96229226656368577E-01
5.58895237739461372E-05  2.00003140169753735E-01
5.69448862027494918E-05  2.03745876215215505E-01
5.79528172831805886E-05  2.07271089317105139E-01
5.86812333383652206E-05  2.09630181235459762E-01
5.91503250164195950E-05  2.12864408641656067E-01
6.01180467833259749E-05  2.16281344705090417E-01
6.11794294309226435E-05  2.20032987318164536E-01
6.22125342518342530E-05  2.23442346876682435E-01
6.32812970898807923E-05  2.27205478047576986E-01
6.40937741191104863E-05  2.30441633831778514E-01
6.50227677768541127E-05  2.33223730389304884E-01
6.59231467491454542E-05  2.36641262775003081E-01
6.69566503392620034E-05  2.40264083378007726E-01
6.27311364207044919E-05  2.43114242214106296E-01
6.34333139643045336E-05  2.46637059701448974E-01
6.36772335907711227E-05  2.48380461384378137E-01
6.39373741169210578E-05  2.50519242082161642E-01
6.49935716246169502E-05  2.53574570273254973E-01
6.58154594273775359E-05  2.56366186249893824E-01
6.67162031606782519E-05  2.59677748438280842E-01
6.76565496264252414E-05  2.63346904430260320E-01
6.85129037347380430E-05  2.66841748549903168E-01
6.94171952975814952E-05  2.70407321479583684E-01
7.12751940014802292E-05  2.73910283814549016E-01
7.21924393000167221E-05  2.76965259527413132E-01
7.31543213641537918E-05  2.80593805723216017E-01
7.38430821318792913E-05  2.83556309161715536E-01
7.44008078840078125E-05  2.86573607534693575E-01
7.50771344992151504E-05  2.88498967102159831E-01
7.59980555370578896E-05  2.92047876123034122E-01
7.66310295631069185E-05  2.94848586591735906E-01
7.75482361497414549E-05  2.98350650236812009E-01
7.86437535068549871E-05  3.01554683574231042E-01
7.84317587210346841E-05  3.04924873898136883E-01
7.93569574311864603E-05  3.08474597248823146E-01
7.93661446698279687E-05  3.09597038413330361E-01
8.02613239206616518E-05  3.13137357311019715E-01
8.11687063328196592E-05  3.16703949639668247E-01
8.16361245530754839E-05  3.19075671020208507E-01
8.25789601542794693E-05  3.22244253464649189E-01
8.34635885933676051E-05  3.25683155220261866E-01
8.43166826101592309E-05  3.28907258896345922E-01
8.50669649736051064E-05  3.32214983780164008E-01
8.59172525243530154E-05  3.35499004228508757E-01
8.62295786307227131E-05  3.38659003490475230E-01
8.68680076220016990E-05  3.41466661785489012E-01
8.76735122748099460E-05  3.44139945957565696E-01
8.84109272779075913E-05  3.47103773395241400E-01
8.92643647857956773E-05  3.50313993420537151E-01
8.99401923543561264E-05  3.52878399275082855E-01
9.05400760953481865E-05  3.55578639768902749E-01
9.11529452164293753E-05  3.58530603157172889E-01
9.17561564172870211E-05  3.61290588779490662E-01
9.24875297291655185E-05  3.64072911391460197E-01
9.32140586690178782E-05  3.67055631945097716E-01
9.38686129448294305E-05  3.69811949140584018E-01
9.45388644431970591E-05  3.72612883642126247E-01
1.03253998112771452E-04  3.74978145838951338E-01
1.03943992473808002E-04  3.77450619012176136E-01
1.04690491124010115E-04  3.79723343936028190E-01
1.05099088362735089E-04  3.81491395608508921E-01
1.05875556794693317E-04  3.84693534584993058E-01
1.07032788637969993E-04  3.87774660602867194E-01
1.07611013594315422E-04  3.90276506108955645E-01
1.14021445382557398E-04  3.92271508110968503E-01
1.14693135750423402E-04  3.94290773358354940E-01
1.15524607514294175E-04  3.97348703641804912E-01
1.14455945870938283E-04  3.99478291885836778E-01
1.15203608078092573E-04  4.02253389961988672E-01
1.15771897388647089E-04  4.04546481149708370E-01
1.16739097097604948E-04  4.07722868827044116E-01
1.17594477072188123E-04  4.10711121587169048E-01
1.18410073508825545E-04  4.12926036762618243E-01
1.19216391227285057E-04  4.15771922888474033E-01
1.20015692828690478E-04  4.18469228367590929E-01
1.27400932078202116E-04  4.21263339266280401E-01
1.28495985004737235E-04  4.24349495341807603E-01
1.28967502554918050E-04  4.26835851335447714E-01
1.29798946842962087E-04  4.29423592782287755E-01
1.30803840367072453E-04  4.32689871335025178E-01
1.31772235933620349E-04  4.35955834017070387E-01
1.32727301343175692E-04  4.39046729177503647E-01
1.33537589250594911E-04  4.42117297273847021E-01
1.34521725218365255E-04  4.45411233098801762E-01
1.35693249469763088E-04  4.48126587311182378E-01
1.36690195834998467E-04  4.51437948454079863E-01
1.37552686330755670E-04  4.53785134856204031E-01
1.38549743365436011E-04  4.57089733504486284E-01
1.38511086296010718E-04  4.59981007229924022E-01
1.39514776065110917E-04  4.63121718592906240E-01
1.40394908230862328E-04  4.66150891838857051E-01
1.41423547892731080E-04  4.69120027734989287E-01
1.42247721513415713E-04  4.72121949104808092E-01
1.43226894486456896E-04  4.75278643121867184E-01
1.44280254204370764E-04  4.78313661065922047E-01
1.44499119532300914E-04  4.79606949686658957E-01
1.45644088924382076E-04  4.82558071264460542E-01
1.46567575167092998E-04  4.85526276194197970E-01
1.47559600485920768E-04  4.88801680100040992E-01
1.48551424535045811E-04  4.92076714845710028E-01
1.49518800022474009E-04  4.95231197063659978E-01
1.50510100003530163E-04  4.98505107135524428E-01
1.51436157245812743E-04  5.01585073028474882E-01
1.52427452595618653E-04  5.04858285542281737E-01
1.53410454823616794E-04  5.08095291803543958E-01
1.54400427692696646E-04  5.11365796411797802E-01
1.55381700662094325E-04  5.14602785379933980E-01
1.56373068203514466E-04  5.17867812676381822E-01
1.57213696004590130E-04  5.21024437246651817E-01
1.58201392379617254E-04  5.23596896476584250E-01
1.59208589435126668E-04  5.26177658481105204E-01
1.60201338824623313E-04  5.29441101982912610E-01
1.61192216153510561E-04  5.32704553530735536E-01
1.62172161156174267E-04  5.35952750929037935E-01
1.62702032943148889E-04  5.38201283926213581E-01
1.63751619523779673E-04  5.41208919340261163E-01
1.64673408619449204E-04  5.44227857112380642E-01
1.71580678937101588E-04  5.47259351931596472E-01
1.72380421369735300E-04  5.50189478376577390E-01
1.73369739282761351E-04  5.53357090901365978E-01
1.74362761060414297E-04  5.56561908379169856E-01
1.75226445645132022E-04  5.59565084285928327E-01
1.76250235699405931E-04  5.62815117654434482E-01
1.77278289778527460E-04  5.66061913546666240E-01
1.78306341076774500E-04  5.69305181219736944E-01
1.79277044444235874E-04  5.72269741467939852E-01
1.80257665206709668E-04  5.75334423089309821E-01
1.81281834301251499E-04  5.78559328110509363E-01
1.82310292214919560E-04  5.81806361768442248E-01
1.83180292107267429E-04  5.84848197636537726E-01
1.84181869355019238E-04  5.87865594363209731E-01
1.85207122974998407E-04  5.91101281960464742E-01
1.86234497935738614E-04  5.94331412029372674E-01
1.87032665613061800E-04  5.97225372056441106E-01
1.88058928255498137E-04  6.00469028963052764E-01
1.88955934047314953E-04  6.03421579976264111E-01
1.89980483972830311E-04  6.06657410743506653E-01
1.90788135727244443E-04  6.09204612576095150E-01
1.91641041327085624E-04  6.12097640214646299E-01
1.92664414037060222E-04  6.15334003004702423E-01
1.93619780340268874E-04  6.18240810893566417E-01
1.94641866084926604E-04  6.21472902163171081E-01
1.95609878713614259E-04  6.24608435786027538E-01
1.96632299965275679E-04  6.27837995670288862E-01
1.97647356527576572E-04  6.30904663193766146E-01
1.98670043041322859E-04  6.34138246808657602E-01
1.98188539901876428E-04  6.31480394500344877E-01
1.99103961344290585E-04  6.34069300484419451E-01
2.00109442810270620E-04  6.37271426808152630E-01
2.01114171973344486E-04  6.40473242197447057E-01
2.01118582334494991E-04  6.40473536426670154E-01
2.01458353911110333E-04  6.42424027154624322E-01
2.02464443220158781E-04  6.45608702239225618E-01
2.03406204963388001E-04  6.48689275436104551E-01
2.04416857037445152E-04  6.51883583653913079E-01
2.05427833678030036E-04  6.55077778974944680E-01
2.06378024510415516E-04  6.58121169436258202E-01
2.07385856271534615E-04  6.61296340792430604E-01
2.08382150626105350E-04  6.64456171321079370E-01
2.09392770171973591E-04  6.67649398256316196E-01
2.10383653625156354E-04  6.70764210484937062E-01
2.11398238927028130E-04  6.73952525760503018E-01
2.12408785339871994E-04  6.77145270984138792E-01
2.13418609332095138E-04  6.80334999185852718E-01
2.14429180322352024E-04  6.83527963993594945E-01
2.15429464603923530E-04  6.86689943231652000E-01
2.16439960529590456E-04  6.89882617046625346E-01
2.17236829464689633E-04  6.92697257677192146E-01
2.18233988283134984E-04  6.95730761782157536E-01
2.18145351437425486E-04  6.96440990911352142E-01
2.19148691363608462E-04  6.99618541602593291E-01
2.20153260452534381E-04  7.02797645528656756E-01
2.21084064143997269E-04  7.05755233062027032E-01
2.22089494549780435E-04  7.08933364424731205E-01
2.23081049521681868E-04  7.12082969073385863E-01
2.24071245864907592E-04  7.15224516825816115E-01
2.25076231844377299E-04  7.18402073265473007E-01
2.23543223376144497E-04  7.13902716057359221E-01
2.24473131176004294E-04  7.16377133137290678E-01
2.25457639907761416E-04  7.19518963805225065E-01
2.26441998643611350E-04  7.22660453226284805E-01
2.27426516615803279E-04  7.25801916576556239E-01
2.28410946041582817E-04  7.28943371932198936E-01
2.29390957013565940E-04  7.32053615044268913E-01
2.30366397390850339E-04  7.35097366723760803E-01
2.31347263612187437E-04  7.38200895876377827E-01
2.32331597193840937E-04  7.41341796692934984E-01
2.33311624257176269E-04  7.44470066718152079E-01
2.34284015721815744E-04  7.47583338097292271E-01
2.34702428776256515E-04  7.50514062741501564E-01
2.35684396764280178E-04  7.53654032458953682E-01
2.35993683632492943E-04  7.54393846868970486E-01
2.36419491924241658E-04  7.53642246697904028E-01
2.37388470798950875E-04  7.56738232852646298E-01
2.38365438967697192E-04  7.59852383685471477E-01
2.39175759354611633E-04  7.62689117130028960E-01
2.39942739631552118E-04  7.65356961722527762E-01
2.40916015775116329E-04  7.68464957649431901E-01
2.41891388631828262E-04  7.71576033371964787E-01
2.42867073837233112E-04  7.74687097854671158E-01
