0.00000000000000000E+00  0.00000000000000000E+00
9.96996996996999593E-06  5.59045913127103992E-03
1.99399399399399919E-05  1.11809182625420798E-02
2.99099099099099861E-05  1.67713773938131180E-02
3.98798798798799837E-05  2.23618365250841597E-02
4.98498498498499814E-05  2.79522956563552014E-02
5.98198198198199722E-05  3.35427547876262361E-02
6.97897897897899698E-05  3.91332139188972777E-02
7.97597597597599675E-05  4.47236730501683194E-02
8.97297297297299651E-05  5.03141321814393611E-02
9.96996996996999627E-05  5.59045913127104027E-02
1.09669669669669960E-04  6.14950504439814444E-02
1.19639639639639944E-04  6.70855095752524722E-02
1.29609609609609956E-04  7.26759687065235277E-02
1.39579579579579940E-04  7.82664278377945555E-02
1.49549549549549951E-04  8.38568869690656110E-02
1.59519519519519935E-04  8.94473461003366388E-02
1.69489489489489919E-04  7.68577786078471770E-02
1.79459459459459930E-04  7.75651648386115611E-02
1.89429429429429914E-04  7.82725510693759452E-02
1.99399399399399925E-04  7.89799373001403293E-02
2.09369369369369909E-04  7.96873235309047134E-02
2.19339339339339921E-04  8.03947097616691114E-02
2.29309309309309905E-04  8.11020959924334955E-02
2.39279279279279889E-04  8.18094822231978797E-02
2.49249249249249873E-04  8.25168684539622638E-02
2.59219219219219911E-04  8.32242546847266479E-02
2.69189189189189895E-04  8.39316409154910320E-02
2.79159159159159879E-04  8.46390271462554300E-02
2.89129129129129863E-04  8.53464133770198141E-02
2.99099099099099902E-04  8.60537996077841982E-02
3.09069069069069886E-04  8.67611858385485823E-02
3.19039039039039870E-04  8.74685720693129665E-02
3.29009009009009854E-04  8.81759583000773506E-02
3.38978978978979838E-04  8.88833445308417347E-02
3.48948948948949876E-04  8.95907307616061188E-02
3.58918918918919860E-04  9.02981169923705029E-02
3.68888888888889844E-04  9.10055032231348870E-02
3.78858858858859828E-04  9.17128894538992712E-02
3.88828828828829867E-04  9.24202756846636692E-02
3.98798798798799851E-04  9.31276619154280533E-02
4.08768768768769835E-04  9.38350481461924374E-02
4.18738738738739819E-04  9.45424343769568215E-02
4.28708708708709803E-04  9.52498206077212056E-02
4.38678678678679841E-04  9.59572068384856036E-02
4.48648648648649825E-04  9.66645930692499877E-02
4.58618618618619809E-04  9.73719793000143718E-02
4.68588588588589794E-04  9.80793655307787560E-02
4.78558558558559778E-04  9.87867517615431401E-02
4.88528528528529762E-04  9.94941379923075242E-02
4.98498498498499746E-04  1.00201524223071908E-01
5.08468468468469838E-04  1.00908910453836292E-01
5.18438438438439822E-04  1.01616296684600677E-01
5.28408408408409806E-04  1.02323682915365061E-01
5.38378378378379790E-04  1.03031069146129445E-01
5.48348348348349775E-04  1.03738455376893829E-01
5.58318318318319759E-04  1.04445841607658227E-01
5.68288288288289743E-04  1.05153227838422611E-01
5.78258258258259727E-04  1.05860614069186995E-01
5.88228228228229711E-04  1.06568000299951379E-01
5.98198198198199803E-04  1.07275386530715777E-01
6.08168168168169787E-04  1.07982772761480161E-01
6.18138138138139772E-04  1.08690158992244545E-01
6.28108108108109756E-04  1.09397545223008930E-01
6.38078078078079740E-04  1.10104931453773314E-01
6.48048048048049724E-04  1.10812317684537698E-01
6.58018018018019708E-04  1.11519703915302082E-01
6.67987987987989692E-04  1.12227090146066466E-01
6.77957957957959676E-04  1.12934476376830850E-01
6.87927927927929768E-04  1.13641862607595234E-01
6.97897897897899753E-04  1.14349248838359632E-01
7.07867867867869737E-04  1.15056635069124016E-01
7.17837837837839721E-04  1.15764021299888401E-01
7.27807807807809705E-04  1.16471407530652785E-01
7.37777777777779689E-04  1.17178793761417169E-01
7.47747747747749673E-04  1.17886179992181553E-01
7.57717717717719657E-04  1.18593566222945937E-01
7.67687687687689641E-04  1.19300952453710321E-01
7.77657657657659734E-04  1.20008338684474719E-01
7.87627627627629718E-04  1.20715724915239103E-01
7.97597597597599702E-04  1.21423111146003487E-01
8.07567567567569686E-04  1.22130497376767871E-01
8.17537537537539670E-04  1.22837883607532256E-01
8.27507507507509654E-04  1.23545269838296640E-01
8.37477477477479638E-04  1.24252656069061024E-01
8.47447447447449622E-04  1.24960042299825408E-01
8.57417417417419606E-04  1.25667428530589792E-01
8.67387387387389699E-04  1.26374814761354204E-01
8.77357357357359683E-04  1.27082200992118588E-01
8.87327327327329667E-04  1.27789587222882972E-01
8.97297297297299651E-04  1.28496973453647356E-01
9.07267267267269635E-04  1.29204359684411740E-01
9.17237237237239619E-04  1.29911745915176124E-01
9.27207207207209603E-04  1.30619132145940509E-01
9.37177177177179587E-04  1.31326518376704893E-01
9.47147147147149571E-04  1.32033904607469277E-01
9.57117117117119555E-04  1.32741290838233661E-01
9.67087087087089648E-04  1.33448677068998045E-01
9.77057057057059523E-04  1.34156063299762429E-01
9.87027027027029616E-04  1.34863449530526813E-01
9.96996996996999492E-04  1.35570835761291197E-01
1.00696696696696958E-03  1.36278221992055582E-01
1.01693693693693968E-03  1.36985608222819966E-01
1.02690690690690955E-03  1.37692994453584350E-01
1.03687687687687964E-03  1.38400380684348734E-01
1.04684684684684952E-03  1.39107766915113118E-01
1.05681681681681961E-03  1.39815153145877502E-01
1.06678678678678949E-03  1.40522539376641886E-01
1.07675675675675958E-03  1.41229925607406270E-01
1.08672672672672946E-03  1.41937311838170654E-01
1.09669669669669955E-03  1.42644698068935039E-01
1.10666666666666964E-03  1.43352084299699450E-01
1.11663663663663952E-03  1.44059470530463835E-01
1.12660660660660961E-03  1.44766856761228219E-01
1.13657657657657949E-03  1.45474242991992603E-01
1.14654654654654958E-03  1.46181629222756987E-01
1.15651651651651945E-03  1.46889015453521371E-01
1.16648648648648955E-03  1.47596401684285755E-01
1.17645645645645942E-03  1.48303787915050139E-01
1.18642642642642951E-03  1.49011174145814551E-01
1.19639639639639961E-03  1.49718560376578935E-01
1.20636636636636948E-03  1.50425946607343319E-01
1.21633633633633957E-03  1.51133332838107703E-01
1.22630630630630945E-03  1.51840719068872088E-01
1.23627627627627954E-03  1.52548105299636472E-01
1.24624624624624942E-03  1.53255491530400856E-01
1.25621621621621951E-03  1.53962877761165240E-01
1.26618618618618939E-03  1.54670263991929624E-01
1.27615615615615948E-03  1.55377650222694008E-01
1.28612612612612957E-03  1.56085036453458392E-01
1.29609609609609945E-03  1.56792422684222776E-01
1.30606606606606954E-03  1.57499808914987161E-01
1.31603603603603942E-03  1.58207195145751545E-01
1.32600600600600951E-03  1.58914581376515929E-01
1.33597597597597938E-03  1.59621967607280313E-01
1.34594594594594948E-03  1.60329353838044697E-01
1.35591591591591935E-03  1.61036740068809081E-01
1.36588588588588944E-03  1.61744126299573465E-01
1.37585585585585954E-03  1.62451512530337849E-01
1.38582582582582941E-03  1.63158898761102233E-01
1.39579579579579951E-03  1.63866284991866645E-01
1.40576576576576938E-03  1.64573671222631002E-01
1.41573573573573947E-03  1.65281057453395414E-01
1.42570570570570935E-03  1.65988443684159770E-01
1.43567567567567944E-03  1.66695829914924182E-01
1.44564564564564932E-03  1.67403216145688538E-01
1.45561561561561941E-03  1.68110602376452950E-01
1.46558558558558950E-03  1.68817988607217362E-01
1.47555555555555938E-03  1.69525374837981718E-01
1.48552552552552947E-03  1.70232761068746130E-01
1.49549549549549935E-03  1.70940147299510486E-01
1.50546546546546944E-03  1.71647533530274898E-01
1.51543543543543931E-03  1.72354919761039255E-01
1.52540540540540941E-03  1.73062305991803667E-01
1.53537537537537928E-03  1.73769692222568023E-01
1.54534534534534937E-03  1.74477078453332435E-01
1.55531531531531947E-03  1.75184464684096819E-01
1.56528528528528934E-03  1.75891850914861203E-01
1.57525525525525944E-03  1.76599237145625587E-01
1.58522522522522931E-03  1.77306623376389971E-01
1.59519519519519940E-03  1.78014009607154355E-01
1.60516516516516928E-03  1.78721395837918740E-01
1.61513513513513937E-03  1.79428782068683124E-01
1.62510510510510925E-03  1.80136168299447508E-01
1.63507507507507934E-03  1.80843554530211892E-01
1.64504504504504943E-03  1.81550940760976276E-01
1.65501501501501931E-03  1.82258326991740660E-01
1.66498498498498940E-03  1.82965713222505044E-01
1.67495495495495928E-03  1.83673099453269428E-01
1.68492492492492937E-03  1.84380485684033812E-01
1.69489489489489924E-03  1.85087871914798197E-01
1.70486486486486934E-03  1.85795258145562581E-01
1.71483483483483921E-03  1.86502644376326965E-01
1.72480480480480930E-03  1.87210030607091349E-01
1.73477477477477940E-03  1.87917416837855761E-01
1.74474474474474927E-03  1.88624803068620117E-01
1.75471471471471937E-03  1.89332189299384529E-01
1.76468468468468924E-03  1.90039575530148913E-01
1.77465465465465933E-03  1.90746961760913297E-01
1.78462462462462921E-03  1.91454347991677681E-01
1.79459459459459930E-03  1.92161734222442065E-01
1.80456456456456918E-03  1.92869120453206450E-01
1.81453453453453927E-03  1.93576506683970834E-01
1.82450450450450936E-03  1.94283892914735218E-01
1.83447447447447924E-03  1.94991279145499602E-01
1.84444444444444933E-03  1.95698665376264014E-01
1.85441441441441921E-03  1.96406051607028370E-01
1.86438438438438930E-03  1.97113437837792782E-01
1.87435435435435917E-03  1.97820824068557138E-01
1.88432432432432927E-03  1.98528210299321550E-01
1.89429429429429914E-03  1.99235596530085907E-01
1.90426426426426923E-03  1.99942982760850319E-01
1.91423423423423911E-03  2.00650368991614703E-01
1.92420420420420920E-03  2.01357755222379087E-01
1.93417417417417930E-03  2.02065141453143471E-01
1.94414414414414917E-03  2.02772527683907855E-01
1.95411411411411905E-03  2.03479913914672239E-01
1.96408408408408914E-03  2.04187300145436623E-01
1.97405405405405923E-03  2.04894686376201007E-01
1.98402402402402932E-03  2.05602072606965419E-01
1.99399399399399898E-03  2.06309458837729776E-01
2.00396396396396908E-03  2.07016845068494160E-01
2.01393393393393917E-03  2.07724231299258544E-01
2.02390390390390926E-03  2.08431617530022956E-01
2.03387387387387935E-03  2.09139003760787340E-01
2.04384384384384901E-03  2.09846389991551696E-01
2.05381381381381910E-03  2.10553776222316080E-01
2.06378378378378920E-03  2.11261162453080492E-01
2.07375375375375929E-03  2.11968548683844876E-01
2.08372372372372895E-03  2.12675934914609233E-01
2.09369369369369904E-03  2.13383321145373644E-01
2.10366366366366913E-03  2.14090707376138029E-01
2.11363363363363923E-03  2.14798093606902413E-01
2.12360360360360932E-03  2.15505479837666825E-01
2.13357357357357898E-03  2.16212866068431181E-01
2.14354354354354907E-03  2.16920252299195565E-01
2.15351351351351916E-03  2.17627638529959949E-01
2.16348348348348925E-03  2.18335024760724361E-01
2.17345345345345891E-03  2.19042410991488717E-01
2.18342342342342901E-03  2.19749797222253102E-01
2.19339339339339910E-03  2.20457183453017486E-01
2.20336336336336919E-03  2.21164569683781898E-01
2.21333333333333928E-03  2.21871955914546282E-01
2.22330330330330894E-03  2.22579342145310638E-01
2.23327327327327903E-03  2.23286728376075050E-01
2.24324324324324913E-03  2.23994114606839434E-01
2.25321321321321922E-03  2.24701500837603818E-01
2.26318318318318888E-03  2.25408887068368174E-01
2.27315315315315897E-03  2.26116273299132586E-01
2.28312312312312906E-03  2.26823659529896970E-01
2.29309309309309916E-03  2.27531045760661355E-01
2.30306306306306925E-03  2.28238431991425766E-01
2.31303303303303891E-03  2.28945818222190123E-01
2.32300300300300900E-03  2.29653204452954507E-01
2.33297297297297909E-03  2.30360590683718891E-01
2.34294294294294918E-03  2.31067976914483303E-01
2.35291291291291884E-03  2.31775363145247659E-01
2.36288288288288894E-03  2.32482749376012043E-01
2.37285285285285903E-03  2.33190135606776455E-01
2.38282282282282912E-03  2.33897521837540839E-01
2.39279279279279921E-03  2.34604908068305223E-01
2.40276276276276887E-03  2.35312294299069580E-01
2.41273273273273896E-03  2.36019680529833992E-01
2.42270270270270906E-03  2.36727066760598376E-01
2.43267267267267915E-03  2.37434452991362760E-01
2.44264264264264881E-03  2.38141839222127144E-01
2.45261261261261890E-03  2.38849225452891528E-01
2.46258258258258899E-03  2.39556611683655912E-01
2.47255255255255909E-03  2.40263997914420296E-01
2.48252252252252918E-03  2.40971384145184708E-01
2.49249249249249884E-03  2.41678770375949065E-01
2.50246246246246893E-03  2.42386156606713449E-01
2.51243243243243902E-03  2.43093542837477861E-01
2.52240240240240911E-03  2.43800929068242245E-01
2.53237237237237877E-03  2.44508315299006601E-01
2.54234234234234887E-03  2.45215701529770985E-01
2.55231231231231896E-03  2.45923087760535397E-01
2.56228228228228905E-03  2.46630473991299781E-01
2.57225225225225914E-03  2.47337860222064165E-01
2.58222222222222880E-03  2.48045246452828549E-01
2.59219219219219889E-03  2.48752632683592934E-01
2.60216216216216899E-03  2.49460018914357318E-01
2.61213213213213908E-03  2.50167405145121702E-01
2.62210210210210874E-03  2.50874791375886086E-01
2.63207207207207883E-03  2.51582177606650470E-01
2.64204204204204892E-03  2.52289563837414854E-01
2.65201201201201902E-03  2.52996950068179238E-01
2.66198198198198911E-03  2.53704336298943622E-01
2.67195195195195877E-03  2.54411722529708006E-01
2.68192192192192886E-03  2.55119108760472391E-01
2.69189189189189895E-03  2.55826494991236775E-01
2.70186186186186904E-03  2.56533881222001159E-01
2.71183183183183870E-03  2.57241267452765543E-01
2.72180180180180880E-03  2.57948653683529927E-01
2.73177177177177889E-03  2.58656039914294311E-01
2.74174174174174898E-03  2.59363426145058695E-01
2.75171171171171907E-03  2.60070812375823079E-01
2.76168168168168873E-03  2.60778198606587464E-01
2.77165165165165883E-03  2.61485584837351848E-01
2.78162162162162892E-03  2.62192971068116232E-01
2.79159159159159901E-03  2.62900357298880671E-01
2.80156156156156867E-03  2.63607743529645000E-01
2.81153153153153876E-03  2.64315129760409384E-01
2.82150150150150885E-03  2.65022515991173768E-01
2.83147147147147895E-03  2.65729902221938208E-01
2.84144144144144904E-03  2.66437288452702592E-01
2.85141141141141870E-03  2.67144674683466921E-01
2.86138138138138879E-03  2.67852060914231305E-01
2.87135135135135888E-03  2.68559447144995744E-01
2.88132132132132898E-03  2.69266833375760128E-01
2.89129129129129863E-03  2.69974219606524457E-01
2.90126126126126873E-03  2.70681605837288897E-01
2.91123123123123882E-03  2.71388992068053281E-01
2.92120120120120891E-03  2.72096378298817665E-01
2.93117117117117900E-03  2.72803764529582105E-01
2.94114114114114866E-03  2.73511150760346433E-01
2.95111111111111876E-03  2.74218536991110817E-01
2.96108108108108885E-03  2.74925923221875201E-01
2.97105105105105894E-03  2.75633309452639641E-01
2.98102102102102860E-03  2.76340695683403970E-01
2.99099099099099869E-03  2.77048081914168354E-01
3.00096096096096878E-03  2.77755468144932738E-01
3.01093093093093888E-03  2.78462854375697177E-01
3.02090090090090897E-03  2.79170240606461562E-01
3.03087087087087863E-03  2.79877626837225890E-01
3.04084084084084872E-03  2.80585013067990330E-01
3.05081081081081881E-03  2.81292399298754714E-01
3.06078078078078891E-03  2.81999785529519098E-01
3.07075075075075856E-03  2.82707171760283427E-01
3.08072072072072866E-03  2.83414557991047866E-01
3.09069069069069875E-03  2.84121944221812250E-01
3.10066066066066884E-03  2.84829330452576635E-01
3.11063063063063893E-03  2.85536716683341019E-01
3.12060060060060859E-03  2.86244102914105403E-01
3.13057057057057869E-03  2.86951489144869787E-01
3.14054054054054878E-03  2.87658875375634171E-01
3.15051051051051887E-03  2.88366261606398555E-01
3.16048048048048853E-03  2.89073647837162939E-01
3.17045045045045862E-03  2.89781034067927323E-01
3.18042042042042871E-03  2.90488420298691707E-01
3.19039039039039881E-03  2.91195806529456092E-01
3.20036036036036890E-03  2.91903192760220476E-01
3.21033033033033856E-03  2.92610578990984860E-01
3.22030030030030865E-03  2.93317965221749244E-01
3.23027027027027874E-03  2.94025351452513628E-01
3.24024024024024884E-03  2.94732737683278012E-01
3.25021021021021849E-03  2.95440123914042396E-01
3.26018018018018859E-03  2.96147510144806780E-01
3.27015015015015868E-03  2.96854896375571164E-01
3.28012012012012877E-03  2.97562282606335549E-01
3.29009009009009886E-03  2.98269668837099933E-01
3.30006006006006852E-03  2.98977055067864317E-01
3.31003003003003862E-03  2.99684441298628701E-01
3.32000000000000871E-03  3.00391827529393085E-01
3.32996996996997880E-03  3.01099213760157469E-01
3.33993993993994846E-03  3.01806599990921853E-01
3.34990990990991855E-03  3.02513986221686237E-01
3.35987987987988864E-03  3.03221372452450622E-01
3.36984984984985874E-03  3.03928758683215006E-01
3.37981981981982883E-03  3.04636144913979390E-01
3.38978978978979849E-03  3.05343531144743774E-01
3.39975975975976858E-03  3.06050917375508158E-01
3.40972972972973867E-03  3.06758303606272542E-01
3.41969969969970877E-03  3.07465689837036926E-01
3.42966966966967842E-03  3.08173076067801310E-01
3.43963963963964852E-03  3.08880462298565694E-01
3.44960960960961861E-03  3.09587848529330079E-01
3.45957957957958870E-03  3.10295234760094518E-01
3.46954954954955879E-03  3.11002620990858902E-01
3.47951951951952845E-03  3.11710007221623231E-01
3.48948948948949855E-03  3.12417393452387615E-01
3.49945945945946864E-03  3.13124779683152055E-01
3.50942942942943873E-03  3.13832165913916439E-01
3.51939939939940839E-03  3.14539552144680767E-01
3.52936936936937848E-03  3.15246938375445207E-01
3.53933933933934857E-03  3.15954324606209591E-01
3.54930930930931867E-03  3.16661710836973975E-01
3.55927927927928876E-03  3.17369097067738359E-01
3.56924924924925842E-03  3.18076483298502743E-01
3.57921921921922851E-03  3.18783869529267128E-01
3.58918918918919860E-03  3.19491255760031512E-01
3.59915915915916870E-03  3.20198641990795896E-01
3.60912912912913835E-03  3.20906028221560280E-01
3.61909909909910845E-03  3.21613414452324664E-01
3.62906906906907854E-03  3.22320800683089048E-01
3.63903903903904863E-03  3.23028186913853432E-01
3.64900900900901872E-03  3.23735573144617816E-01
3.65897897897898838E-03  3.24442959375382201E-01
3.66894894894895848E-03  3.25150345606146585E-01
3.67891891891892857E-03  3.25857731836910969E-01
3.68888888888889866E-03  3.26565118067675408E-01
3.69885885885886832E-03  3.27272504298439737E-01
3.70882882882883841E-03  3.27979890529204121E-01
3.71879879879880850E-03  3.28687276759968505E-01
3.72876876876877860E-03  3.29394662990732945E-01
3.73873873873874869E-03  3.30102049221497329E-01
3.74870870870871835E-03  3.30809435452261658E-01
3.75867867867868844E-03  3.31516821683026097E-01
3.76864864864865853E-03  3.32224207913790481E-01
3.77861861861862863E-03  3.32931594144554865E-01
3.78858858858859828E-03  3.33638980375319194E-01
3.79855855855856838E-03  3.34346366606083634E-01
3.80852852852853847E-03  3.35053752836848018E-01
3.81849849849850856E-03  3.35761139067612402E-01
3.82846846846847822E-03  3.36468525298376786E-01
3.83843843843844831E-03  3.37175911529141170E-01
3.84840840840841841E-03  3.37883297759905554E-01
3.85837837837838850E-03  3.38590683990669938E-01
3.86834834834835859E-03  3.39298070221434322E-01
3.87831831831832825E-03  3.40005456452198707E-01
3.88828828828829834E-03  3.40712842682963091E-01
3.89825825825826843E-03  3.41420228913727475E-01
3.90822822822823809E-03  3.42127615144491859E-01
3.91819819819820819E-03  3.42835001375256243E-01
3.92816816816817828E-03  3.43542387606020627E-01
3.93813813813814837E-03  3.44249773836785011E-01
3.94810810810811846E-03  3.44957160067549395E-01
3.95807807807808856E-03  3.45664546298313780E-01
3.96804804804805865E-03  3.46371932529078219E-01
3.97801801801802874E-03  3.47079318759842603E-01
3.98798798798799797E-03  3.47786704990606932E-01
3.99795795795796806E-03  3.48494091221371316E-01
4.00792792792793815E-03  3.49201477452135700E-01
4.01789789789790824E-03  3.49908863682900084E-01
4.02786786786787834E-03  3.50616249913664468E-01
4.03783783783784843E-03  3.51323636144428908E-01
4.04780780780781852E-03  3.52031022375193292E-01
4.05777777777778861E-03  3.52738408605957676E-01
4.06774774774775871E-03  3.53445794836722060E-01
4.07771771771772793E-03  3.54153181067486389E-01
4.08768768768769802E-03  3.54860567298250773E-01
4.09765765765766812E-03  3.55567953529015157E-01
4.10762762762763821E-03  3.56275339759779541E-01
4.11759759759760830E-03  3.56982725990543981E-01
4.12756756756757839E-03  3.57690112221308365E-01
4.13753753753754849E-03  3.58397498452072749E-01
4.14750750750751858E-03  3.59104884682837133E-01
4.15747747747748867E-03  3.59812270913601517E-01
4.16744744744745790E-03  3.60519657144365846E-01
4.17741741741742799E-03  3.61227043375130230E-01
4.18738738738739808E-03  3.61934429605894670E-01
4.19735735735736817E-03  3.62641815836659054E-01
4.20732732732733827E-03  3.63349202067423438E-01
4.21729729729730836E-03  3.64056588298187822E-01
4.22726726726727845E-03  3.64763974528952206E-01
4.23723723723724854E-03  3.65471360759716590E-01
4.24720720720721864E-03  3.66178746990481030E-01
4.25717717717718786E-03  3.66886133221245359E-01
4.26714714714715795E-03  3.67593519452009743E-01
4.27711711711712805E-03  3.68300905682774127E-01
4.28708708708709814E-03  3.69008291913538511E-01
4.29705705705706823E-03  3.69715678144302895E-01
4.30702702702703832E-03  3.70423064375067279E-01
4.31699699699700842E-03  3.71130450605831719E-01
4.32696696696697851E-03  3.71837836836596103E-01
4.33693693693694860E-03  3.72545223067360487E-01
4.34690690690691783E-03  3.73252609298124816E-01
4.35687687687688792E-03  3.73959995528889200E-01
4.36684684684685801E-03  3.74667381759653584E-01
4.37681681681682810E-03  3.75374767990417968E-01
4.38678678678679820E-03  3.76082154221182352E-01
4.39675675675676829E-03  3.76789540451946792E-01
4.40672672672673838E-03  3.77496926682711176E-01
4.41669669669670847E-03  3.78204312913475560E-01
4.42666666666667857E-03  3.78911699144239944E-01
4.43663663663664779E-03  3.79619085375004273E-01
4.44660660660661788E-03  3.80326471605768657E-01
4.45657657657658798E-03  3.81033857836533041E-01
4.46654654654655807E-03  3.81741244067297480E-01
4.47651651651652816E-03  3.82448630298061865E-01
4.48648648648649825E-03  3.83156016528826249E-01
4.49645645645646835E-03  3.83863402759590633E-01
4.50642642642643844E-03  3.84570788990355017E-01
4.51639639639640853E-03  3.85278175221119401E-01
4.52636636636637776E-03  3.85985561451883730E-01
4.53633633633634785E-03  3.86692947682648169E-01
4.54630630630631794E-03  3.87400333913412553E-01
4.55627627627628803E-03  3.88107720144176938E-01
4.56624624624625813E-03  3.88815106374941322E-01
4.57621621621622822E-03  3.89522492605705706E-01
4.58618618618619831E-03  3.90229878836470090E-01
4.59615615615616840E-03  3.90937265067234474E-01
4.60612612612613850E-03  3.91644651297998914E-01
4.61609609609610772E-03  3.92352037528763242E-01
4.62606606606607781E-03  3.93059423759527626E-01
4.63603603603604791E-03  3.93766809990292010E-01
4.64600600600601800E-03  3.94474196221056395E-01
4.65597597597598809E-03  3.95181582451820779E-01
4.66594594594595818E-03  3.95888968682585163E-01
4.67591591591592828E-03  3.96596354913349602E-01
4.68588588588589837E-03  3.97303741144113987E-01
4.69585585585586846E-03  3.98011127374878371E-01
4.70582582582583769E-03  3.98718513605642699E-01
4.71579579579580778E-03  3.99425899836407083E-01
4.72576576576577787E-03  4.00133286067171468E-01
4.73573573573574796E-03  4.00840672297935852E-01
4.74570570570571806E-03  4.01548058528700291E-01
4.75567567567568815E-03  4.02255444759464675E-01
4.76564564564565824E-03  4.02962830990229059E-01
4.77561561561562833E-03  4.03670217220993444E-01
4.78558558558559843E-03  4.04377603451757828E-01
4.79555555555556765E-03  4.05084989682522156E-01
4.80552552552553774E-03  4.05792375913286540E-01
4.81549549549550784E-03  4.06499762144050980E-01
4.82546546546547793E-03  4.07207148374815364E-01
4.83543543543544802E-03  4.07914534605579748E-01
4.84540540540541811E-03  4.08621920836344132E-01
4.85537537537538821E-03  4.09329307067108517E-01
4.86534534534535830E-03  4.10036693297872901E-01
4.87531531531532839E-03  4.10744079528637285E-01
4.88528528528529762E-03  4.11451465759401669E-01
4.89525525525526771E-03  4.12158851990166053E-01
4.90522522522523780E-03  4.12866238220930437E-01
4.91519519519520789E-03  4.13573624451694821E-01
4.92516516516517799E-03  4.14281010682459205E-01
4.93513513513514808E-03  4.14988396913223589E-01
4.94510510510511817E-03  4.15695783143987974E-01
4.95507507507508826E-03  4.16403169374752413E-01
4.96504504504505836E-03  4.17110555605516797E-01
4.97501501501502758E-03  4.17817941836281126E-01
4.98498498498499767E-03  4.18525328067045510E-01
4.99495495495496777E-03  4.19232714297809894E-01
5.00492492492493786E-03  4.19940100528574278E-01
5.01489489489490795E-03  4.20647486759338662E-01
5.02486486486487804E-03  4.21354872990103102E-01
5.03483483483484814E-03  4.22062259220867486E-01
5.04480480480481823E-03  4.22769645451631870E-01
5.05477477477478832E-03  4.23477031682396254E-01
5.06474474474475755E-03  4.24184417913160583E-01
5.07471471471472764E-03  4.24891804143924967E-01
5.08468468468469773E-03  4.25599190374689351E-01
5.09465465465466782E-03  4.26306576605453791E-01
5.10462462462463792E-03  4.27013962836218175E-01
5.11459459459460801E-03  4.27721349066982559E-01
5.12456456456457810E-03  4.28428735297746943E-01
5.13453453453454819E-03  4.29136121528511327E-01
5.14450450450451829E-03  4.29843507759275711E-01
5.15447447447448751E-03  4.30550893990040040E-01
5.16444444444445760E-03  4.31258280220804480E-01
5.17441441441442770E-03  4.31965666451568864E-01
5.18438438438439779E-03  4.32673052682333248E-01
5.19435435435436788E-03  4.33380438913097632E-01
5.20432432432433797E-03  4.34087825143862016E-01
5.21429429429430807E-03  4.34795211374626400E-01
5.22426426426427816E-03  4.35502597605390784E-01
5.23423423423424825E-03  4.36209983836155224E-01
5.24420420420421748E-03  4.36917370066919553E-01
5.25417417417418757E-03  4.37624756297683937E-01
5.26414414414415766E-03  4.38332142528448321E-01
5.27411411411412775E-03  4.39039528759212705E-01
5.28408408408409785E-03  4.39746914989977089E-01
5.29405405405406794E-03  4.40454301220741473E-01
5.30402402402403803E-03  4.41161687451505913E-01
5.31399399399400812E-03  4.41869073682270297E-01
5.32396396396397822E-03  4.42576459913034681E-01
5.33393393393394744E-03  4.43283846143799010E-01
5.34390390390391753E-03  4.43991232374563394E-01
5.35387387387388763E-03  4.44698618605327778E-01
5.36384384384385772E-03  4.45406004836092162E-01
5.37381381381382781E-03  4.46113391066856602E-01
5.38378378378379790E-03  4.46820777297620986E-01
5.39375375375376800E-03  4.47528163528385370E-01
5.40372372372373809E-03  4.48235549759149754E-01
5.41369369369370818E-03  4.48942935989914138E-01
5.42366366366367741E-03  4.49650322220678467E-01
5.43363363363364750E-03  4.50357708451442851E-01
5.44360360360361759E-03  4.51065094682207290E-01
5.45357357357358769E-03  4.51772480912971675E-01
5.46354354354355778E-03  4.52479867143736059E-01
5.47351351351352787E-03  4.53187253374500443E-01
5.48348348348349796E-03  4.53894639605264827E-01
5.49345345345346805E-03  4.54602025836029211E-01
5.50342342342343815E-03  4.55309412066793595E-01
5.51339339339340737E-03  4.56016798297557924E-01
5.52336336336337747E-03  4.56724184528322363E-01
5.53333333333334756E-03  4.57431570759086747E-01
5.54330330330331765E-03  4.58138956989851132E-01
5.55327327327328774E-03  4.58846343220615516E-01
5.56324324324325784E-03  4.59553729451379900E-01
5.57321321321322793E-03  4.60261115682144284E-01
5.58318318318319802E-03  4.60968501912908724E-01
5.59315315315316811E-03  4.61675888143673108E-01
5.60312312312313734E-03  4.62383274374437436E-01
5.61309309309310743E-03  4.63090660605201820E-01
5.62306306306307752E-03  4.63798046835966205E-01
5.63303303303304762E-03  4.64505433066730589E-01
5.64300300300301771E-03  4.65212819297494973E-01
5.65297297297298780E-03  4.65920205528259412E-01
5.66294294294295789E-03  4.66627591759023796E-01
5.67291291291292799E-03  4.67334977989788181E-01
5.68288288288289808E-03  4.68042364220552565E-01
5.69285285285286730E-03  4.68749750451316893E-01
5.70282282282283740E-03  4.69457136682081277E-01
5.71279279279280749E-03  4.70164522912845662E-01
5.72276276276277758E-03  4.70871909143610046E-01
5.73273273273274767E-03  4.71579295374374485E-01
5.74270270270271777E-03  4.72286681605138869E-01
5.75267267267268786E-03  4.72994067835903254E-01
5.76264264264265795E-03  4.73701454066667638E-01
5.77261261261262804E-03  4.74408840297432022E-01
5.78258258258259727E-03  4.75116226528196350E-01
5.79255255255256736E-03  4.75823612758960734E-01
5.80252252252253745E-03  4.76530998989725174E-01
5.81249249249250755E-03  4.77238385220489558E-01
5.82246246246247764E-03  4.77945771451253942E-01
5.83243243243244773E-03  4.78653157682018326E-01
5.84240240240241782E-03  4.79360543912782711E-01
5.85237237237238792E-03  4.80067930143547095E-01
5.86234234234235801E-03  4.80775316374311534E-01
5.87231231231232723E-03  4.81482702605075863E-01
5.88228228228229733E-03  4.82190088835840247E-01
5.89225225225226742E-03  4.82897475066604631E-01
5.90222222222223751E-03  4.83604861297369015E-01
5.91219219219220760E-03  4.84312247528133399E-01
5.92216216216217770E-03  4.85019633758897784E-01
5.93213213213214779E-03  4.85727019989662223E-01
5.94210210210211788E-03  4.86434406220426607E-01
5.95207207207208797E-03  4.87141792451190991E-01
5.96204204204205720E-03  4.87849178681955320E-01
5.97201201201202729E-03  4.88556564912719704E-01
5.98198198198199738E-03  4.89263951143484088E-01
5.99195195195196748E-03  4.89971337374248472E-01
6.00192192192193757E-03  4.90678723605012856E-01
6.01189189189190766E-03  4.91386109835777296E-01
6.02186186186187775E-03  4.92093496066541680E-01
6.03183183183184785E-03  4.92800882297306064E-01
6.04180180180181794E-03  4.93508268528070448E-01
6.05177177177178716E-03  4.94215654758834777E-01
6.06174174174175726E-03  4.94923040989599161E-01
6.07171171171172735E-03  4.95630427220363545E-01
6.08168168168169744E-03  4.96337813451127985E-01
6.09165165165166753E-03  4.97045199681892369E-01
6.10162162162163763E-03  4.97752585912656753E-01
6.11159159159160772E-03  4.98459972143421137E-01
6.12156156156157781E-03  4.99167358374185521E-01
6.13153153153154790E-03  4.99874744604949905E-01
6.14150150150151713E-03  5.00582130835714234E-01
6.15147147147148722E-03  5.01289517066478618E-01
6.16144144144145731E-03  5.01996903297243113E-01
6.17141141141142741E-03  5.02704289528007386E-01
6.18138138138139750E-03  5.03411675758771882E-01
6.19135135135136759E-03  5.04119061989536155E-01
6.20132132132133768E-03  5.04826448220300650E-01
6.21129129129130778E-03  5.05533834451065034E-01
6.22126126126127787E-03  5.06241220681829418E-01
6.23123123123124709E-03  5.06948606912593691E-01
6.24120120120121719E-03  5.07655993143358186E-01
6.25117117117118728E-03  5.08363379374122459E-01
6.26114114114115737E-03  5.09070765604886954E-01
6.27111111111112746E-03  5.09778151835651228E-01
6.28108108108109756E-03  5.10485538066415723E-01
6.29105105105106765E-03  5.11192924297180107E-01
6.30102102102103774E-03  5.11900310527944491E-01
6.31099099099100783E-03  5.12607696758708875E-01
6.32096096096097706E-03  5.13315082989473259E-01
6.33093093093094715E-03  5.14022469220237532E-01
6.34090090090091724E-03  5.14729855451002027E-01
6.35087087087088734E-03  5.15437241681766301E-01
6.36084084084085743E-03  5.16144627912530796E-01
6.37081081081082752E-03  5.16852014143295180E-01
6.38078078078079761E-03  5.17559400374059564E-01
6.39075075075076771E-03  5.18266786604823948E-01
6.40072072072073780E-03  5.18974172835588332E-01
6.41069069069070702E-03  5.19681559066352605E-01
6.42066066066067712E-03  5.20388945297117100E-01
6.43063063063064721E-03  5.21096331527881484E-01
6.44060060060061730E-03  5.21803717758645869E-01
6.45057057057058739E-03  5.22511103989410253E-01
6.46054054054055749E-03  5.23218490220174637E-01
6.47051051051052758E-03  5.23925876450939021E-01
6.48048048048049767E-03  5.24633262681703405E-01
6.49045045045046776E-03  5.25340648912467789E-01
6.50042042042043699E-03  5.26048035143232173E-01
6.51039039039040708E-03  5.26755421373996557E-01
6.52036036036037717E-03  5.27462807604760942E-01
6.53033033033034727E-03  5.28170193835525326E-01
6.54030030030031736E-03  5.28877580066289710E-01
6.55027027027028745E-03  5.29584966297054094E-01
6.56024024024025754E-03  5.30292352527818478E-01
6.57021021021022764E-03  5.30999738758582973E-01
6.58018018018019773E-03  5.31707124989347246E-01
6.59015015015016695E-03  5.32414511220111630E-01
6.60012012012013705E-03  5.33121897450876014E-01
6.61009009009010714E-03  5.33829283681640399E-01
6.62006006006007723E-03  5.34536669912404783E-01
6.63003003003004732E-03  5.35244056143169167E-01
6.64000000000001742E-03  5.35951442373933551E-01
6.64996996996998751E-03  5.36658828604698046E-01
6.65993993993995760E-03  5.37366214835462319E-01
6.66990990990992769E-03  5.38073601066226814E-01
6.67987987987989692E-03  5.38780987296991087E-01
6.68984984984986701E-03  5.39488373527755471E-01
6.69981981981983710E-03  5.40195759758519856E-01
6.70978978978980720E-03  5.40903145989284351E-01
6.71975975975977729E-03  5.41610532220048624E-01
6.72972972972974738E-03  5.42317918450813119E-01
6.73969969969971747E-03  5.43025304681577392E-01
6.74966966966968757E-03  5.43732690912341887E-01
6.75963963963965766E-03  5.44440077143106160E-01
6.76960960960962688E-03  5.45147463373870544E-01
6.77957957957959698E-03  5.45854849604634929E-01
6.78954954954956707E-03  5.46562235835399424E-01
6.79951951951953716E-03  5.47269622066163697E-01
6.80948948948950725E-03  5.47977008296928192E-01
6.81945945945947735E-03  5.48684394527692465E-01
6.82942942942944744E-03  5.49391780758456960E-01
6.83939939939941753E-03  5.50099166989221233E-01
6.84936936936938762E-03  5.50806553219985728E-01
6.85933933933935685E-03  5.51513939450750001E-01
6.86930930930932694E-03  5.52221325681514497E-01
6.87927927927929703E-03  5.52928711912278770E-01
6.88924924924926713E-03  5.53636098143043265E-01
6.89921921921923722E-03  5.54343484373807538E-01
6.90918918918920731E-03  5.55050870604572033E-01
6.91915915915917740E-03  5.55758256835336417E-01
6.92912912912914750E-03  5.56465643066100801E-01
6.93909909909911759E-03  5.57173029296865185E-01
6.94906906906908681E-03  5.57880415527629570E-01
6.95903903903905691E-03  5.58587801758393843E-01
6.96900900900902700E-03  5.59295187989158338E-01
6.97897897897899709E-03  5.60002574219922611E-01
6.98894894894896718E-03  5.60709960450687106E-01
6.99891891891893728E-03  5.61417346681451490E-01
7.00888888888890737E-03  5.62124732912215874E-01
7.01885885885887746E-03  5.62832119142980258E-01
7.02882882882884755E-03  5.63539505373744642E-01
7.03879879879881678E-03  5.64246891604508916E-01
7.04876876876878687E-03  5.64954277835273411E-01
7.05873873873875696E-03  5.65661664066037795E-01
7.06870870870872706E-03  5.66369050296802179E-01
7.07867867867869715E-03  5.67076436527566563E-01
7.08864864864866724E-03  5.67783822758330947E-01
7.09861861861863733E-03  5.68491208989095331E-01
7.10858858858860743E-03  5.69198595219859715E-01
7.11855855855857752E-03  5.69905981450624100E-01
7.12852852852854674E-03  5.70613367681388484E-01
7.13849849849851684E-03  5.71320753912152868E-01
7.14846846846848693E-03  5.72028140142917252E-01
7.15843843843845702E-03  5.72735526373681636E-01
7.16840840840842711E-03  5.73442912604446020E-01
7.17837837837839721E-03  5.74150298835210404E-01
7.18834834834836730E-03  5.74857685065974788E-01
7.19831831831833739E-03  5.75565071296739172E-01
7.20828828828830748E-03  5.76272457527503557E-01
7.21825825825827671E-03  5.76979843758267941E-01
7.22822822822824680E-03  5.77687229989032325E-01
7.23819819819821689E-03  5.78394616219796709E-01
7.24816816816818699E-03  5.79102002450561093E-01
7.25813813813815708E-03  5.79809388681325477E-01
7.26810810810812717E-03  5.80516774912089861E-01
7.27807807807809726E-03  5.81224161142854245E-01
7.28804804804806736E-03  5.81931547373618629E-01
7.29801801801803745E-03  5.82638933604383014E-01
7.30798798798800667E-03  5.83346319835147398E-01
7.31795795795797677E-03  5.84053706065911782E-01
7.32792792792794686E-03  5.84761092296676166E-01
7.33789789789791695E-03  5.85468478527440550E-01
7.34786786786788704E-03  5.86175864758204934E-01
7.35783783783785714E-03  5.86883250988969318E-01
7.36780780780782723E-03  5.87590637219733702E-01
7.37777777777779732E-03  5.88298023450498198E-01
7.38774774774776741E-03  5.89005409681262582E-01
7.39771771771773664E-03  5.89712795912026855E-01
7.40768768768770673E-03  5.90420182142791239E-01
7.41765765765767682E-03  5.91127568373555623E-01
7.42762762762764692E-03  5.91834954604320007E-01
7.43759759759761701E-03  5.92542340835084391E-01
7.44756756756758710E-03  5.93249727065848886E-01
7.45753753753755719E-03  5.93957113296613270E-01
7.46750750750752729E-03  5.94664499527377655E-01
7.47747747747749738E-03  5.95371885758142039E-01
7.48744744744746660E-03  5.96079271988906312E-01
7.49741741741743670E-03  5.96786658219670696E-01
7.50738738738740679E-03  5.97494044450435080E-01
7.51735735735737688E-03  5.98201430681199575E-01
7.52732732732734697E-03  5.98908816911963959E-01
7.53729729729731707E-03  5.99616203142728343E-01
7.54726726726728716E-03  6.00323589373492728E-01
7.55723723723725725E-03  6.01030975604257112E-01
7.56720720720722734E-03  6.01738361835021496E-01
7.57717717717719657E-03  6.02445748065785769E-01
7.58714714714716666E-03  6.03153134296550264E-01
7.59711711711713675E-03  6.03860520527314648E-01
7.60708708708710685E-03  6.04567906758079032E-01
7.61705705705707694E-03  6.05275292988843416E-01
7.62702702702704703E-03  6.05982679219607800E-01
7.63699699699701712E-03  6.06690065450372185E-01
7.64696696696698722E-03  6.07397451681136569E-01
7.65693693693695644E-03  6.08104837911900953E-01
7.66690690690692653E-03  6.08812224142665337E-01
7.67687687687689663E-03  6.09519610373429721E-01
7.68684684684686672E-03  6.10226996604194105E-01
7.69681681681683681E-03  6.10934382834958489E-01
7.70678678678680690E-03  6.11641769065722873E-01
7.71675675675677700E-03  6.12349155296487258E-01
7.72672672672674709E-03  6.13056541527251642E-01
7.73669669669671718E-03  6.13763927758016026E-01
7.74666666666668641E-03  6.14471313988780410E-01
7.75663663663665650E-03  6.15178700219544794E-01
7.76660660660662659E-03  6.15886086450309178E-01
7.77657657657659668E-03  6.16593472681073562E-01
7.78654654654656678E-03  6.17300858911837946E-01
7.79651651651653687E-03  6.18008245142602330E-01
7.80648648648650696E-03  6.18715631373366715E-01
7.81645645645647619E-03  6.19423017604131099E-01
7.82642642642644715E-03  6.20130403834895483E-01
7.83639639639641637E-03  6.20837790065659867E-01
7.84636636636638733E-03  6.21545176296424251E-01
7.85633633633635656E-03  6.22252562527188635E-01
7.86630630630632752E-03  6.22959948757953130E-01
7.87627627627629674E-03  6.23667334988717403E-01
7.88624624624626597E-03  6.24374721219481787E-01
7.89621621621623693E-03  6.25082107450246172E-01
7.90618618618620615E-03  6.25789493681010556E-01
7.91615615615617711E-03  6.26496879911774940E-01
7.92612612612614634E-03  6.27204266142539324E-01
7.93609609609611730E-03  6.27911652373303819E-01
7.94606606606608652E-03  6.28619038604068092E-01
7.95603603603605748E-03  6.29326424834832587E-01
7.96600600600602671E-03  6.30033811065596860E-01
7.97597597597599593E-03  6.30741197296361245E-01
7.98594594594596689E-03  6.31448583527125629E-01
7.99591591591593612E-03  6.32155969757890013E-01
8.00588588588590708E-03  6.32863355988654508E-01
8.01585585585587630E-03  6.33570742219418781E-01
8.02582582582584726E-03  6.34278128450183276E-01
8.03579579579581649E-03  6.34985514680947549E-01
8.04576576576578745E-03  6.35692900911712044E-01
8.05573573573575667E-03  6.36400287142476317E-01
8.06570570570572590E-03  6.37107673373240702E-01
8.07567567567569686E-03  6.37815059604005197E-01
8.08564564564566608E-03  6.38522445834769470E-01
8.09561561561563704E-03  6.39229832065533965E-01
8.10558558558560627E-03  6.39937218296298238E-01
8.11555555555557723E-03  6.40644604527062733E-01
8.12552552552554645E-03  6.41351990757827006E-01
8.13549549549551741E-03  6.42059376988591501E-01
8.14546546546548664E-03  6.42766763219355886E-01
8.15543543543545586E-03  6.43474149450120159E-01
8.16540540540542682E-03  6.44181535680884654E-01
8.17537537537539605E-03  6.44888921911648927E-01
8.18534534534536701E-03  6.45596308142413422E-01
8.19531531531533623E-03  6.46303694373177695E-01
8.20528528528530719E-03  6.47011080603942190E-01
8.21525525525527642E-03  6.47718466834706463E-01
8.22522522522524738E-03  6.48425853065470958E-01
8.23519519519521660E-03  6.49133239296235343E-01
8.24516516516518583E-03  6.49840625526999616E-01
8.25513513513515679E-03  6.50548011757764111E-01
8.26510510510512601E-03  6.51255397988528384E-01
8.27507507507509697E-03  6.51962784219292879E-01
8.28504504504506620E-03  6.52670170450057152E-01
8.29501501501503716E-03  6.53377556680821647E-01
8.30498498498500638E-03  6.54084942911586031E-01
8.31495495495497734E-03  6.54792329142350416E-01
8.32492492492494657E-03  6.55499715373114800E-01
8.33489489489491579E-03  6.56207101603879073E-01
8.34486486486488675E-03  6.56914487834643568E-01
8.35483483483485598E-03  6.57621874065407841E-01
8.36480480480482694E-03  6.58329260296172336E-01
8.37477477477479616E-03  6.59036646526936720E-01
8.38474474474476712E-03  6.59744032757701104E-01
8.39471471471473635E-03  6.60451418988465488E-01
8.40468468468470731E-03  6.61158805219229873E-01
8.41465465465467653E-03  6.61866191449994257E-01
8.42462462462464576E-03  6.62573577680758530E-01
8.43459459459461672E-03  6.63280963911523025E-01
8.44456456456458594E-03  6.63988350142287409E-01
8.45453453453455690E-03  6.64695736373051793E-01
8.46450450450452613E-03  6.65403122603816177E-01
8.47447447447449709E-03  6.66110508834580561E-01
8.48444444444446631E-03  6.66817895065344945E-01
8.49441441441443727E-03  6.67525281296109441E-01
8.50438438438440650E-03  6.68232667526873714E-01
8.51435435435437572E-03  6.68940053757638098E-01
8.52432432432434668E-03  6.69647439988402482E-01
8.53429429429431591E-03  6.70354826219166866E-01
8.54426426426428687E-03  6.71062212449931250E-01
8.55423423423425609E-03  6.71769598680695634E-01
8.56420420420422705E-03  6.72476984911460129E-01
8.57417417417419628E-03  6.73184371142224403E-01
8.58414414414416724E-03  6.73891757372988898E-01
8.59411411411413646E-03  6.74599143603753171E-01
8.60408408408410569E-03  6.75306529834517555E-01
8.61405405405407665E-03  6.76013916065281939E-01
8.62402402402404587E-03  6.76721302296046323E-01
8.63399399399401683E-03  6.77428688526810818E-01
8.64396396396398606E-03  6.78136074757575091E-01
8.65393393393395702E-03  6.78843460988339586E-01
8.66390390390392624E-03  6.79550847219103860E-01
8.67387387387389720E-03  6.80258233449868355E-01
8.68384384384386643E-03  6.80965619680632628E-01
8.69381381381383565E-03  6.81673005911397012E-01
8.70378378378380661E-03  6.82380392142161396E-01
8.71375375375377584E-03  6.83087778372925780E-01
8.72372372372374680E-03  6.83795164603690275E-01
8.73369369369371602E-03  6.84502550834454548E-01
8.74366366366368698E-03  6.85209937065219044E-01
8.75363363363365621E-03  6.85917323295983317E-01
8.76360360360362717E-03  6.86624709526747812E-01
8.77357357357359639E-03  6.87332095757512085E-01
8.78354354354356562E-03  6.88039481988276469E-01
8.79351351351353658E-03  6.88746868219040964E-01
8.80348348348350580E-03  6.89454254449805237E-01
8.81345345345347676E-03  6.90161640680569732E-01
8.82342342342344599E-03  6.90869026911334005E-01
8.83339339339341695E-03  6.91576413142098501E-01
8.84336336336338617E-03  6.92283799372862774E-01
8.85333333333335713E-03  6.92991185603627269E-01
8.86330330330332636E-03  6.93698571834391653E-01
8.87327327327329558E-03  6.94405958065155926E-01
8.88324324324326654E-03  6.95113344295920421E-01
8.89321321321323577E-03  6.95820730526684694E-01
8.90318318318320673E-03  6.96528116757449189E-01
8.91315315315317595E-03  6.97235502988213462E-01
8.92312312312314691E-03  6.97942889218977958E-01
8.93309309309311614E-03  6.98650275449742342E-01
8.94306306306308710E-03  6.99357661680506726E-01
8.95303303303305632E-03  7.00065047911271110E-01
8.96300300300302555E-03  7.00772434142035383E-01
8.97297297297299651E-03  7.01479820372799878E-01
8.98294294294296573E-03  7.02187206603564151E-01
8.99291291291293669E-03  7.02894592834328646E-01
9.00288288288290592E-03  7.03601979065093031E-01
9.01285285285287688E-03  7.04309365295857415E-01
9.02282282282284610E-03  7.05016751526621799E-01
9.03279279279281706E-03  7.05724137757386183E-01
9.04276276276278629E-03  7.06431523988150567E-01
9.05273273273275551E-03  7.07138910218914840E-01
9.06270270270272647E-03  7.07846296449679335E-01
9.07267267267269570E-03  7.08553682680443719E-01
9.08264264264266666E-03  7.09261068911208103E-01
9.09261261261263588E-03  7.09968455141972488E-01
9.10258258258260684E-03  7.10675841372736872E-01
9.11255255255257607E-03  7.11383227603501256E-01
9.12252252252254703E-03  7.12090613834265751E-01
9.13249249249251625E-03  7.12798000065030024E-01
9.14246246246248548E-03  7.13505386295794408E-01
9.15243243243245644E-03  7.14212772526558792E-01
9.16240240240242566E-03  7.14920158757323176E-01
9.17237237237239662E-03  7.15627544988087561E-01
9.18234234234236585E-03  7.16334931218851945E-01
9.19231231231233681E-03  7.17042317449616329E-01
9.20228228228230603E-03  7.17749703680380713E-01
9.21225225225227699E-03  7.18457089911145208E-01
9.22222222222224622E-03  7.19164476141909481E-01
9.23219219219221544E-03  7.19871862372673865E-01
9.24216216216218640E-03  7.20579248603438249E-01
9.25213213213215563E-03  7.21286634834202633E-01
9.26210210210212659E-03  7.21994021064967018E-01
9.27207207207209581E-03  7.22701407295731402E-01
9.28204204204206677E-03  7.23408793526495897E-01
9.29201201201203600E-03  7.24116179757260170E-01
9.30198198198200696E-03  7.24823565988024665E-01
9.31195195195197618E-03  7.25530952218788938E-01
9.32192192192194541E-03  7.26238338449553322E-01
9.33189189189191637E-03  7.26945724680317706E-01
9.34186186186188559E-03  7.27653110911082091E-01
9.35183183183185655E-03  7.28360497141846586E-01
9.36180180180182578E-03  7.29067883372610859E-01
9.37177177177179674E-03  7.29775269603375354E-01
9.38174174174176596E-03  7.30482655834139627E-01
9.39171171171173692E-03  7.31190042064904122E-01
9.40168168168170615E-03  7.31897428295668395E-01
9.41165165165167537E-03  7.32604814526432779E-01
9.42162162162164633E-03  7.33312200757197274E-01
9.43159159159161556E-03  7.34019586987961548E-01
9.44156156156158652E-03  7.34726973218726043E-01
9.45153153153155574E-03  7.35434359449490316E-01
9.46150150150152670E-03  7.36141745680254811E-01
9.47147147147149593E-03  7.36849131911019084E-01
9.48144144144146689E-03  7.37556518141783579E-01
9.49141141141143611E-03  7.38263904372547963E-01
9.50138138138140534E-03  7.38971290603312236E-01
9.51135135135137630E-03  7.39678676834076732E-01
9.52132132132134552E-03  7.40386063064841005E-01
9.53129129129131648E-03  7.41093449295605500E-01
9.54126126126128571E-03  7.41800835526369773E-01
9.55123123123125667E-03  7.42508221757134268E-01
9.56120120120122589E-03  7.43215607987898652E-01
9.57117117117119685E-03  7.43922994218663036E-01
9.58114114114116608E-03  7.44630380449427420E-01
9.59111111111113530E-03  7.45337766680191693E-01
9.60108108108110626E-03  7.46045152910956189E-01
9.61105105105107549E-03  7.46752539141720462E-01
9.62102102102104645E-03  7.47459925372484957E-01
9.63099099099101567E-03  7.48167311603249341E-01
9.64096096096098663E-03  7.48874697834013725E-01
9.65093093093095586E-03  7.49582084064778109E-01
9.66090090090092682E-03  7.50289470295542493E-01
9.67087087087089604E-03  7.50996856526306877E-01
9.68084084084086527E-03  7.51704242757071150E-01
9.69081081081083623E-03  7.52411628987835646E-01
9.70078078078080545E-03  7.53119015218600030E-01
9.71075075075077641E-03  7.53826401449364414E-01
9.72072072072074564E-03  7.54533787680128798E-01
9.73069069069071660E-03  7.55241173910893182E-01
9.74066066066068582E-03  7.55948560141657566E-01
9.75063063063065678E-03  7.56655946372421950E-01
9.76060060060062601E-03  7.57363332603186334E-01
9.77057057057059523E-03  7.58070718833950719E-01
9.78054054054056619E-03  7.58778105064715103E-01
9.79051051051053542E-03  7.59485491295479487E-01
9.80048048048050638E-03  7.60192877526243871E-01
9.81045045045047560E-03  7.60900263757008255E-01
9.82042042042044656E-03  7.61607649987772639E-01
9.83039039039041579E-03  7.62315036218537023E-01
9.84036036036038675E-03  7.63022422449301518E-01
9.85033033033035597E-03  7.63729808680065791E-01
9.86030030030032520E-03  7.64437194910830176E-01
9.87027027027029616E-03  7.65144581141594560E-01
9.88024024024026538E-03  7.65851967372358944E-01
9.89021021021023634E-03  7.66559353603123328E-01
9.90018018018020557E-03  7.67266739833887712E-01
9.91015015015017653E-03  7.67974126064652207E-01
9.92012012012014575E-03  7.68681512295416480E-01
9.93009009009011671E-03  7.69388898526180975E-01
9.94006006006008594E-03  7.70096284756945249E-01
9.95003003003005516E-03  7.70803670987709633E-01
9.96000000000002612E-03  7.71511057218474017E-01
