0.00000000000000000E+00  0.00000000000000000E+00
9.96996996997001795E-06  5.59045913127105207E-03
1.99399399399400359E-05  1.11809182625421041E-02
2.99099099099100539E-05  1.67713773938131562E-02
3.98798798798800718E-05  2.23618365250842083E-02
4.98498498498500898E-05  2.79522956563552603E-02
5.98198198198201077E-05  3.35427547876263124E-02
6.97897897897901325E-05  3.91332139188973679E-02
7.97597597597601436E-05  4.47236730501684165E-02
8.97297297297301548E-05  5.03141321814394651E-02
9.96996996997001795E-05  5.59045913127105207E-02
1.09669669669670204E-04  6.14950504439815762E-02
1.19639639639640215E-04  6.70855095752526248E-02
1.29609609609610227E-04  7.26759687065236804E-02
1.39579579579580265E-04  7.82664278377947359E-02
1.49549549549550276E-04  8.38568869690657914E-02
1.59519519519520287E-04  8.94473461003368331E-02
1.69489489489490298E-04  6.91765241577902146E-02
1.79459459459460310E-04  6.99082264076229809E-02
1.89429429429430348E-04  7.06399286574557611E-02
1.99399399399400359E-04  7.13716309072885274E-02
2.09369369369370370E-04  7.21033331571213076E-02
2.19339339339340409E-04  7.28350354069540740E-02
2.29309309309310420E-04  7.35667376567868542E-02
2.39279279279280431E-04  7.42984399066196344E-02
2.49249249249250469E-04  7.50301421564524007E-02
2.59219219219220453E-04  7.57618444062851670E-02
2.69189189189190492E-04  7.64935466561179472E-02
2.79159159159160530E-04  7.72252489059507274E-02
2.89129129129130514E-04  7.79569511557834938E-02
2.99099099099100552E-04  7.86886534056162740E-02
3.09069069069070536E-04  7.94203556554490542E-02
3.19039039039040575E-04  8.01520579052818205E-02
3.29009009009010613E-04  8.08837601551146007E-02
3.38978978978980597E-04  8.16154624049473670E-02
3.48948948948950635E-04  8.23471646547801472E-02
3.58918918918920619E-04  8.30788669046129136E-02
3.68888888888890658E-04  8.38105691544456938E-02
3.78858858858860696E-04  8.45422714042784740E-02
3.88828828828830680E-04  8.52739736541112403E-02
3.98798798798800718E-04  8.60056759039440066E-02
4.08768768768770756E-04  8.67373781537767868E-02
4.18738738738740741E-04  8.74690804036095670E-02
4.28708708708710779E-04  8.82007826534423334E-02
4.38678678678680817E-04  8.89324849032751136E-02
4.48648648648650801E-04  8.96641871531078938E-02
4.58618618618620839E-04  9.03958894029406601E-02
4.68588588588590824E-04  9.11275916527734264E-02
4.78558558558560862E-04  9.18592939026062066E-02
4.88528528528530846E-04  9.25909961524389868E-02
4.98498498498500938E-04  9.33226984022717532E-02
5.08468468468470922E-04  9.40544006521045334E-02
5.18438438438440907E-04  9.47861029019372997E-02
5.28408408408410999E-04  9.55178051517700799E-02
5.38378378378380983E-04  9.62495074016028462E-02
5.48348348348350967E-04  9.69812096514356264E-02
5.58318318318321060E-04  9.77129119012684066E-02
5.68288288288291044E-04  9.84446141511011730E-02
5.78258258258261028E-04  9.91763164009339393E-02
5.88228228228231012E-04  9.99080186507667195E-02
5.98198198198201104E-04  1.00639720900599500E-01
6.08168168168171088E-04  1.01371423150432266E-01
6.18138138138141073E-04  1.02103125400265046E-01
6.28108108108111165E-04  1.02834827650097826E-01
6.38078078078081149E-04  1.03566529899930593E-01
6.48048048048051133E-04  1.04298232149763359E-01
6.58018018018021226E-04  1.05029934399596153E-01
6.67987987987991210E-04  1.05761636649428920E-01
6.77957957957961194E-04  1.06493338899261686E-01
6.87927927927931286E-04  1.07225041149094466E-01
6.97897897897901270E-04  1.07956743398927246E-01
7.07867867867871254E-04  1.08688445648760013E-01
7.17837837837841239E-04  1.09420147898592779E-01
7.27807807807811331E-04  1.10151850148425573E-01
7.37777777777781315E-04  1.10883552398258339E-01
7.47747747747751299E-04  1.11615254648091106E-01
7.57717717717721392E-04  1.12346956897923886E-01
7.67687687687691376E-04  1.13078659147756666E-01
7.77657657657661360E-04  1.13810361397589432E-01
7.87627627627631452E-04  1.14542063647422213E-01
7.97597597597601436E-04  1.15273765897254979E-01
8.07567567567571420E-04  1.16005468147087759E-01
8.17537537537541513E-04  1.16737170396920525E-01
8.27507507507511497E-04  1.17468872646753306E-01
8.37477477477481481E-04  1.18200574896586086E-01
8.47447447447451574E-04  1.18932277146418852E-01
8.57417417417421558E-04  1.19663979396251632E-01
8.67387387387391542E-04  1.20395681646084399E-01
8.77357357357361634E-04  1.21127383895917179E-01
8.87327327327331618E-04  1.21859086145749945E-01
8.97297297297301602E-04  1.22590788395582725E-01
9.07267267267271586E-04  1.23322490645415492E-01
9.17237237237241679E-04  1.24054192895248272E-01
9.27207207207211663E-04  1.24785895145081038E-01
9.37177177177181647E-04  1.25517597394913805E-01
9.47147147147151740E-04  1.26249299644746599E-01
9.57117117117121724E-04  1.26981001894579365E-01
9.67087087087091708E-04  1.27712704144412159E-01
9.77057057057061692E-04  1.28444406394244925E-01
9.87027027027031784E-04  1.29176108644077692E-01
9.96996996997001877E-04  1.29907810893910458E-01
1.00696696696697175E-03  1.30639513143743224E-01
1.01693693693694184E-03  1.31371215393576019E-01
1.02690690690691194E-03  1.32102917643408813E-01
1.03687687687688181E-03  1.32834619893241551E-01
1.04684684684685191E-03  1.33566322143074345E-01
1.05681681681682200E-03  1.34298024392907112E-01
1.06678678678679187E-03  1.35029726642739878E-01
1.07675675675676197E-03  1.35761428892572644E-01
1.08672672672673206E-03  1.36493131142405438E-01
1.09669669669670193E-03  1.37224833392238205E-01
1.10666666666667203E-03  1.37956535642070999E-01
1.11663663663664212E-03  1.38688237891903765E-01
1.12660660660661200E-03  1.39419940141736531E-01
1.13657657657658209E-03  1.40151642391569298E-01
1.14654654654655196E-03  1.40883344641402064E-01
1.15651651651652206E-03  1.41615046891234830E-01
1.16648648648649215E-03  1.42346749141067624E-01
1.17645645645646202E-03  1.43078451390900391E-01
1.18642642642643212E-03  1.43810153640733185E-01
1.19639639639640221E-03  1.44541855890565951E-01
1.20636636636637208E-03  1.45273558140398718E-01
1.21633633633634218E-03  1.46005260390231484E-01
1.22630630630631227E-03  1.46736962640064278E-01
1.23627627627628215E-03  1.47468664889897044E-01
1.24624624624625224E-03  1.48200367139729811E-01
1.25621621621622233E-03  1.48932069389562605E-01
1.26618618618619221E-03  1.49663771639395371E-01
1.27615615615616230E-03  1.50395473889228137E-01
1.28612612612613239E-03  1.51127176139060904E-01
1.29609609609610227E-03  1.51858878388893670E-01
1.30606606606607236E-03  1.52590580638726464E-01
1.31603603603604245E-03  1.53322282888559258E-01
1.32600600600601233E-03  1.54053985138392024E-01
1.33597597597598242E-03  1.54785687388224791E-01
1.34594594594595251E-03  1.55517389638057557E-01
1.35591591591592239E-03  1.56249091887890323E-01
1.36588588588589248E-03  1.56980794137723090E-01
1.37585585585586257E-03  1.57712496387555884E-01
1.38582582582583245E-03  1.58444198637388650E-01
1.39579579579580254E-03  1.59175900887221444E-01
1.40576576576577263E-03  1.59907603137054211E-01
1.41573573573574251E-03  1.60639305386886977E-01
1.42570570570571260E-03  1.61371007636719743E-01
1.43567567567568248E-03  1.62102709886552510E-01
1.44564564564565257E-03  1.62834412136385304E-01
1.45561561561562266E-03  1.63566114386218098E-01
1.46558558558559254E-03  1.64297816636050836E-01
1.47555555555556263E-03  1.65029518885883630E-01
1.48552552552553272E-03  1.65761221135716397E-01
1.49549549549550260E-03  1.66492923385549163E-01
1.50546546546547269E-03  1.67224625635381929E-01
1.51543543543544278E-03  1.67956327885214723E-01
1.52540540540541266E-03  1.68688030135047490E-01
1.53537537537538275E-03  1.69419732384880284E-01
1.54534534534535284E-03  1.70151434634713050E-01
1.55531531531532272E-03  1.70883136884545817E-01
1.56528528528529281E-03  1.71614839134378583E-01
1.57525525525526290E-03  1.72346541384211377E-01
1.58522522522523278E-03  1.73078243634044115E-01
1.59519519519520287E-03  1.73809945883876910E-01
1.60516516516517297E-03  1.74541648133709704E-01
1.61513513513514284E-03  1.75273350383542470E-01
1.62510510510511293E-03  1.76005052633375236E-01
1.63507507507508303E-03  1.76736754883208003E-01
1.64504504504505290E-03  1.77468457133040769E-01
1.65501501501502299E-03  1.78200159382873563E-01
1.66498498498499309E-03  1.78931861632706357E-01
1.67495495495496296E-03  1.79663563882539123E-01
1.68492492492493305E-03  1.80395266132371890E-01
1.69489489489490315E-03  1.81126968382204656E-01
1.70486486486487302E-03  1.81858670632037422E-01
1.71483483483484312E-03  1.82590372881870217E-01
1.72480480480481321E-03  1.83322075131702983E-01
1.73477477477478308E-03  1.84053777381535749E-01
1.74474474474475318E-03  1.84785479631368516E-01
1.75471471471472327E-03  1.85517181881201310E-01
1.76468468468469314E-03  1.86248884131034076E-01
1.77465465465466324E-03  1.86980586380866842E-01
1.78462462462463311E-03  1.87712288630699609E-01
1.79459459459460320E-03  1.88443990880532403E-01
1.80456456456457330E-03  1.89175693130365169E-01
1.81453453453454317E-03  1.89907395380197935E-01
1.82450450450451327E-03  1.90639097630030729E-01
1.83447447447448336E-03  1.91370799879863496E-01
1.84444444444445323E-03  1.92102502129696262E-01
1.85441441441442333E-03  1.92834204379529028E-01
1.86438438438439342E-03  1.93565906629361822E-01
1.87435435435436329E-03  1.94297608879194589E-01
1.88432432432433339E-03  1.95029311129027355E-01
1.89429429429430348E-03  1.95761013378860149E-01
1.90426426426427335E-03  1.96492715628692916E-01
1.91423423423424345E-03  1.97224417878525682E-01
1.92420420420421354E-03  1.97956120128358476E-01
1.93417417417418342E-03  1.98687822378191242E-01
1.94414414414415351E-03  1.99419524628024009E-01
1.95411411411412338E-03  2.00151226877856775E-01
1.96408408408409348E-03  2.00882929127689541E-01
1.97405405405406357E-03  2.01614631377522335E-01
1.98402402402403366E-03  2.02346333627355102E-01
1.99399399399400375E-03  2.03078035877187896E-01
2.00396396396397341E-03  2.03809738127020634E-01
2.01393393393394350E-03  2.04541440376853428E-01
2.02390390390391360E-03  2.05273142626686195E-01
2.03387387387388369E-03  2.06004844876518989E-01
2.04384384384385378E-03  2.06736547126351755E-01
2.05381381381382387E-03  2.07468249376184549E-01
2.06378378378379353E-03  2.08199951626017288E-01
2.07375375375376363E-03  2.08931653875850054E-01
2.08372372372373372E-03  2.09663356125682848E-01
2.09369369369370381E-03  2.10395058375515615E-01
2.10366366366367390E-03  2.11126760625348409E-01
2.11363363363364400E-03  2.11858462875181175E-01
2.12360360360361365E-03  2.12590165125013941E-01
2.13357357357358375E-03  2.13321867374846708E-01
2.14354354354355384E-03  2.14053569624679502E-01
2.15351351351352393E-03  2.14785271874512268E-01
2.16348348348349402E-03  2.15516974124345062E-01
2.17345345345346412E-03  2.16248676374177828E-01
2.18342342342343378E-03  2.16980378624010567E-01
2.19339339339340387E-03  2.17712080873843361E-01
2.20336336336337396E-03  2.18443783123676127E-01
2.21333333333334405E-03  2.19175485373508921E-01
2.22330330330331415E-03  2.19907187623341688E-01
2.23327327327328424E-03  2.20638889873174482E-01
2.24324324324325390E-03  2.21370592123007220E-01
2.25321321321322399E-03  2.22102294372840015E-01
2.26318318318319408E-03  2.22833996622672781E-01
2.27315315315316418E-03  2.23565698872505575E-01
2.28312312312313427E-03  2.24297401122338341E-01
2.29309309309310393E-03  2.25029103372171080E-01
2.30306306306307402E-03  2.25760805622003874E-01
2.31303303303304411E-03  2.26492507871836640E-01
2.32300300300301420E-03  2.27224210121669434E-01
2.33297297297298430E-03  2.27955912371502201E-01
2.34294294294295439E-03  2.28687614621334995E-01
2.35291291291292405E-03  2.29419316871167733E-01
2.36288288288289414E-03  2.30151019121000527E-01
2.37285285285286423E-03  2.30882721370833294E-01
2.38282282282283433E-03  2.31614423620666088E-01
2.39279279279280442E-03  2.32346125870498854E-01
2.40276276276277451E-03  2.33077828120331620E-01
2.41273273273274417E-03  2.33809530370164387E-01
2.42270270270271426E-03  2.34541232619997153E-01
2.43267267267268435E-03  2.35272934869829947E-01
2.44264264264265445E-03  2.36004637119662714E-01
2.45261261261262454E-03  2.36736339369495508E-01
2.46258258258259463E-03  2.37468041619328274E-01
2.47255255255256429E-03  2.38199743869161040E-01
2.48252252252253438E-03  2.38931446118993807E-01
2.49249249249250448E-03  2.39663148368826573E-01
2.50246246246247457E-03  2.40394850618659367E-01
2.51243243243244466E-03  2.41126552868492133E-01
2.52240240240241475E-03  2.41858255118324927E-01
2.53237237237238441E-03  2.42589957368157666E-01
2.54234234234235450E-03  2.43321659617990460E-01
2.55231231231232460E-03  2.44053361867823226E-01
2.56228228228229469E-03  2.44785064117656020E-01
2.57225225225226478E-03  2.45516766367488787E-01
2.58222222222223444E-03  2.46248468617321553E-01
2.59219219219220453E-03  2.46980170867154319E-01
2.60216216216217463E-03  2.47711873116987086E-01
2.61213213213214472E-03  2.48443575366819880E-01
2.62210210210211481E-03  2.49175277616652646E-01
2.63207207207208490E-03  2.49906979866485440E-01
2.64204204204205456E-03  2.50638682116318179E-01
2.65201201201202465E-03  2.51370384366151001E-01
2.66198198198199475E-03  2.52102086615983767E-01
2.67195195195196484E-03  2.52833788865816533E-01
2.68192192192193493E-03  2.53565491115649300E-01
2.69189189189190502E-03  2.54297193365482066E-01
2.70186186186187468E-03  2.55028895615314832E-01
2.71183183183184478E-03  2.55760597865147599E-01
2.72180180180181487E-03  2.56492300114980365E-01
2.73177177177178496E-03  2.57224002364813131E-01
2.74174174174175505E-03  2.57955704614645953E-01
2.75171171171172515E-03  2.58687406864478719E-01
2.76168168168169480E-03  2.59419109114311486E-01
2.77165165165166490E-03  2.60150811364144252E-01
2.78162162162163499E-03  2.60882513613977074E-01
2.79159159159160508E-03  2.61614215863809840E-01
2.80156156156157517E-03  2.62345918113642607E-01
2.81153153153154527E-03  2.63077620363475373E-01
2.82150150150151493E-03  2.63809322613308139E-01
2.83147147147148502E-03  2.64541024863140906E-01
2.84144144144145511E-03  2.65272727112973672E-01
2.85141141141142520E-03  2.66004429362806438E-01
2.86138138138139530E-03  2.66736131612639205E-01
2.87135135135136495E-03  2.67467833862471971E-01
2.88132132132133505E-03  2.68199536112304737E-01
2.89129129129130514E-03  2.68931238362137559E-01
2.90126126126127523E-03  2.69662940611970325E-01
2.91123123123124532E-03  2.70394642861803147E-01
2.92120120120121542E-03  2.71126345111635914E-01
2.93117117117118508E-03  2.71858047361468624E-01
2.94114114114115517E-03  2.72589749611301446E-01
2.95111111111112526E-03  2.73321451861134213E-01
2.96108108108109535E-03  2.74053154110966979E-01
2.97105105105106545E-03  2.74784856360799745E-01
2.98102102102103554E-03  2.75516558610632512E-01
2.99099099099100520E-03  2.76248260860465278E-01
3.00096096096097529E-03  2.76979963110298044E-01
3.01093093093094538E-03  2.77711665360130810E-01
3.02090090090091547E-03  2.78443367609963632E-01
3.03087087087088557E-03  2.79175069859796399E-01
3.04084084084085566E-03  2.79906772109629221E-01
3.05081081081082532E-03  2.80638474359461931E-01
3.06078078078079541E-03  2.81370176609294698E-01
3.07075075075076550E-03  2.82101878859127519E-01
3.08072072072073560E-03  2.82833581108960286E-01
3.09069069069070569E-03  2.83565283358793052E-01
3.10066066066067578E-03  2.84296985608625818E-01
3.11063063063064544E-03  2.85028687858458585E-01
3.12060060060061553E-03  2.85760390108291351E-01
3.13057057057058562E-03  2.86492092358124117E-01
3.14054054054055572E-03  2.87223794607956884E-01
3.15051051051052581E-03  2.87955496857789706E-01
3.16048048048049590E-03  2.88687199107622472E-01
3.17045045045046556E-03  2.89418901357455183E-01
3.18042042042043565E-03  2.90150603607288005E-01
3.19039039039040575E-03  2.90882305857120771E-01
3.20036036036037584E-03  2.91614008106953593E-01
3.21033033033034593E-03  2.92345710356786359E-01
3.22030030030031559E-03  2.93077412606619125E-01
3.23027027027028568E-03  2.93809114856451892E-01
3.24024024024025577E-03  2.94540817106284658E-01
3.25021021021022587E-03  2.95272519356117424E-01
3.26018018018019596E-03  2.96004221605950191E-01
3.27015015015016605E-03  2.96735923855782957E-01
3.28012012012013571E-03  2.97467626105615723E-01
3.29009009009010580E-03  2.98199328355448490E-01
3.30006006006007590E-03  2.98931030605281256E-01
3.31003003003004599E-03  2.99662732855114078E-01
3.32000000000001608E-03  3.00394435104946844E-01
3.32996996996998617E-03  3.01126137354779666E-01
3.33993993993995583E-03  3.01857839604612377E-01
3.34990990990992592E-03  3.02589541854445199E-01
3.35987987987989602E-03  3.03321244104277965E-01
3.36984984984986611E-03  3.04052946354110731E-01
3.37981981981983620E-03  3.04784648603943498E-01
3.38978978978980629E-03  3.05516350853776264E-01
3.39975975975977595E-03  3.06248053103609030E-01
3.40972972972974605E-03  3.06979755353441797E-01
3.41969969969971614E-03  3.07711457603274563E-01
3.42966966966968623E-03  3.08443159853107385E-01
3.43963963963965632E-03  3.09174862102940151E-01
3.44960960960962642E-03  3.09906564352772917E-01
3.45957957957959607E-03  3.10638266602605684E-01
3.46954954954956617E-03  3.11369968852438450E-01
3.47951951951953626E-03  3.12101671102271216E-01
3.48948948948950635E-03  3.12833373352103983E-01
3.49945945945947644E-03  3.13565075601936805E-01
3.50942942942944654E-03  3.14296777851769571E-01
3.51939939939941620E-03  3.15028480101602337E-01
3.52936936936938629E-03  3.15760182351435104E-01
3.53933933933935638E-03  3.16491884601267870E-01
3.54930930930932647E-03  3.17223586851100636E-01
3.55927927927929657E-03  3.17955289100933458E-01
3.56924924924926622E-03  3.18686991350766169E-01
3.57921921921923632E-03  3.19418693600598935E-01
3.58918918918920641E-03  3.20150395850431757E-01
3.59915915915917650E-03  3.20882098100264523E-01
3.60912912912914659E-03  3.21613800350097290E-01
3.61909909909911669E-03  3.22345502599930056E-01
3.62906906906908635E-03  3.23077204849762822E-01
3.63903903903905644E-03  3.23808907099595589E-01
3.64900900900902653E-03  3.24540609349428411E-01
3.65897897897899662E-03  3.25272311599261177E-01
3.66894894894896672E-03  3.26004013849093943E-01
3.67891891891893681E-03  3.26735716098926710E-01
3.68888888888890647E-03  3.27467418348759476E-01
3.69885885885887656E-03  3.28199120598592242E-01
3.70882882882884665E-03  3.28930822848425009E-01
3.71879879879881674E-03  3.29662525098257830E-01
3.72876876876878684E-03  3.30394227348090597E-01
3.73873873873875693E-03  3.31125929597923363E-01
3.74870870870872659E-03  3.31857631847756129E-01
3.75867867867869668E-03  3.32589334097588896E-01
3.76864864864866677E-03  3.33321036347421662E-01
3.77861861861863687E-03  3.34052738597254484E-01
3.78858858858860696E-03  3.34784440847087250E-01
3.79855855855857705E-03  3.35516143096920016E-01
3.80852852852854671E-03  3.36247845346752783E-01
3.81849849849851680E-03  3.36979547596585549E-01
3.82846846846848689E-03  3.37711249846418315E-01
3.83843843843845699E-03  3.38442952096251082E-01
3.84840840840842708E-03  3.39174654346083904E-01
3.85837837837839674E-03  3.39906356595916614E-01
3.86834834834836683E-03  3.40638058845749436E-01
3.87831831831833692E-03  3.41369761095582203E-01
3.88828828828830702E-03  3.42101463345414969E-01
3.89825825825827711E-03  3.42833165595247735E-01
3.90822822822824677E-03  3.43564867845080502E-01
3.91819819819821686E-03  3.44296570094913268E-01
3.92816816816818695E-03  3.45028272344746034E-01
3.93813813813815704E-03  3.45759974594578856E-01
3.94810810810812714E-03  3.46491676844411622E-01
3.95807807807809723E-03  3.47223379094244389E-01
3.96804804804806732E-03  3.47955081344077155E-01
3.97801801801803741E-03  3.48686783593909977E-01
3.98798798798800751E-03  3.49418485843742743E-01
3.99795795795797760E-03  3.50150188093575510E-01
4.00792792792794682E-03  3.50881890343408220E-01
4.01789789789791692E-03  3.51613592593240987E-01
4.02786786786788701E-03  3.52345294843073809E-01
4.03783783783785710E-03  3.53076997092906575E-01
4.04780780780782719E-03  3.53808699342739341E-01
4.05777777777779729E-03  3.54540401592572108E-01
4.06774774774776738E-03  3.55272103842404929E-01
4.07771771771773747E-03  3.56003806092237696E-01
4.08768768768770756E-03  3.56735508342070462E-01
4.09765765765767766E-03  3.57467210591903228E-01
4.10762762762764775E-03  3.58198912841736050E-01
4.11759759759761784E-03  3.58930615091568816E-01
4.12756756756758707E-03  3.59662317341401527E-01
4.13753753753755716E-03  3.60394019591234294E-01
4.14750750750752725E-03  3.61125721841067060E-01
4.15747747747749734E-03  3.61857424090899882E-01
4.16744744744746744E-03  3.62589126340732648E-01
4.17741741741743753E-03  3.63320828590565414E-01
4.18738738738740762E-03  3.64052530840398181E-01
4.19735735735737771E-03  3.64784233090231003E-01
4.20732732732734781E-03  3.65515935340063769E-01
4.21729729729731790E-03  3.66247637589896535E-01
4.22726726726728799E-03  3.66979339839729302E-01
4.23723723723725722E-03  3.67711042089562012E-01
4.24720720720722731E-03  3.68442744339394834E-01
4.25717717717719740E-03  3.69174446589227601E-01
4.26714714714716749E-03  3.69906148839060367E-01
4.27711711711713759E-03  3.70637851088893133E-01
4.28708708708710768E-03  3.71369553338725955E-01
4.29705705705707777E-03  3.72101255588558721E-01
4.30702702702704786E-03  3.72832957838391488E-01
4.31699699699701796E-03  3.73564660088224254E-01
4.32696696696698805E-03  3.74296362338057076E-01
4.33693693693695814E-03  3.75028064587889842E-01
4.34690690690692823E-03  3.75759766837722609E-01
4.35687687687689746E-03  3.76491469087555319E-01
4.36684684684686755E-03  3.77223171337388086E-01
4.37681681681683765E-03  3.77954873587220908E-01
4.38678678678680774E-03  3.78686575837053674E-01
4.39675675675677783E-03  3.79418278086886440E-01
4.40672672672674792E-03  3.80149980336719207E-01
4.41669669669671801E-03  3.80881682586552028E-01
4.42666666666668811E-03  3.81613384836384795E-01
4.43663663663665820E-03  3.82345087086217561E-01
4.44660660660662829E-03  3.83076789336050327E-01
4.45657657657659838E-03  3.83808491585883149E-01
4.46654654654656848E-03  3.84540193835715916E-01
4.47651651651653770E-03  3.85271896085548626E-01
4.48648648648650780E-03  3.86003598335381393E-01
4.49645645645647789E-03  3.86735300585214159E-01
4.50642642642644798E-03  3.87467002835046981E-01
4.51639639639641807E-03  3.88198705084879747E-01
4.52636636636638817E-03  3.88930407334712513E-01
4.53633633633635826E-03  3.89662109584545280E-01
4.54630630630632835E-03  3.90393811834378102E-01
4.55627627627629844E-03  3.91125514084210868E-01
4.56624624624626854E-03  3.91857216334043634E-01
4.57621621621623863E-03  3.92588918583876401E-01
4.58618618618620785E-03  3.93320620833709111E-01
4.59615615615617795E-03  3.94052323083541933E-01
4.60612612612614804E-03  3.94784025333374700E-01
4.61609609609611813E-03  3.95515727583207466E-01
4.62606606606608822E-03  3.96247429833040232E-01
4.63603603603605832E-03  3.96979132082873054E-01
4.64600600600602841E-03  3.97710834332705820E-01
4.65597597597599850E-03  3.98442536582538587E-01
4.66594594594596859E-03  3.99174238832371353E-01
4.67591591591593869E-03  3.99905941082204175E-01
4.68588588588590878E-03  4.00637643332036941E-01
4.69585585585587887E-03  4.01369345581869708E-01
4.70582582582584810E-03  4.02101047831702418E-01
4.71579579579581819E-03  4.02832750081535185E-01
4.72576576576578828E-03  4.03564452331368007E-01
4.73573573573575837E-03  4.04296154581200773E-01
4.74570570570572847E-03  4.05027856831033539E-01
4.75567567567569856E-03  4.05759559080866306E-01
4.76564564564566865E-03  4.06491261330699127E-01
4.77561561561563874E-03  4.07222963580531894E-01
4.78558558558560884E-03  4.07954665830364660E-01
4.79555555555557893E-03  4.08686368080197426E-01
4.80552552552554902E-03  4.09418070330030193E-01
4.81549549549551825E-03  4.10149772579862959E-01
4.82546546546548834E-03  4.10881474829695725E-01
4.83543543543545843E-03  4.11613177079528492E-01
4.84540540540542852E-03  4.12344879329361258E-01
4.85537537537539862E-03  4.13076581579194080E-01
4.86534534534536871E-03  4.13808283829026846E-01
4.87531531531533880E-03  4.14539986078859612E-01
4.88528528528530889E-03  4.15271688328692379E-01
4.89525525525527899E-03  4.16003390578525145E-01
4.90522522522524908E-03  4.16735092828357967E-01
4.91519519519521917E-03  4.17466795078190733E-01
4.92516516516518926E-03  4.18198497328023500E-01
4.93513513513515849E-03  4.18930199577856210E-01
4.94510510510512858E-03  4.19661901827689032E-01
4.95507507507509867E-03  4.20393604077521799E-01
4.96504504504506877E-03  4.21125306327354565E-01
4.97501501501503886E-03  4.21857008577187331E-01
4.98498498498500895E-03  4.22588710827020098E-01
4.99495495495497904E-03  4.23320413076852919E-01
5.00492492492494914E-03  4.24052115326685686E-01
5.01489489489491923E-03  4.24783817576518452E-01
5.02486486486488932E-03  4.25515519826351218E-01
5.03483483483485941E-03  4.26247222076184040E-01
5.04480480480482951E-03  4.26978924326016807E-01
5.05477477477479873E-03  4.27710626575849517E-01
5.06474474474476882E-03  4.28442328825682284E-01
5.07471471471473892E-03  4.29174031075515106E-01
5.08468468468470901E-03  4.29905733325347872E-01
5.09465465465467910E-03  4.30637435575180638E-01
5.10462462462464919E-03  4.31369137825013405E-01
5.11459459459461929E-03  4.32100840074846171E-01
5.12456456456458938E-03  4.32832542324678993E-01
5.13453453453455947E-03  4.33564244574511759E-01
5.14450450450452956E-03  4.34295946824344525E-01
5.15447447447449966E-03  4.35027649074177292E-01
5.16444444444446888E-03  4.35759351324010058E-01
5.17441441441443897E-03  4.36491053573842824E-01
5.18438438438440907E-03  4.37222755823675591E-01
5.19435435435437916E-03  4.37954458073508357E-01
5.20432432432434925E-03  4.38686160323341123E-01
5.21429429429431934E-03  4.39417862573173945E-01
5.22426426426428944E-03  4.40149564823006711E-01
5.23423423423425953E-03  4.40881267072839478E-01
5.24420420420422962E-03  4.41612969322672244E-01
5.25417417417419971E-03  4.42344671572505066E-01
5.26414414414416981E-03  4.43076373822337832E-01
5.27411411411413990E-03  4.43808076072170599E-01
5.28408408408410912E-03  4.44539778322003309E-01
5.29405405405407922E-03  4.45271480571836076E-01
5.30402402402404931E-03  4.46003182821668898E-01
5.31399399399401940E-03  4.46734885071501664E-01
5.32396396396398949E-03  4.47466587321334430E-01
5.33393393393395959E-03  4.48198289571167197E-01
5.34390390390392968E-03  4.48929991821000018E-01
5.35387387387389977E-03  4.49661694070832785E-01
5.36384384384386986E-03  4.50393396320665551E-01
5.37381381381383996E-03  4.51125098570498317E-01
5.38378378378381005E-03  4.51856800820331139E-01
5.39375375375378014E-03  4.52588503070163906E-01
5.40372372372374937E-03  4.53320205319996616E-01
5.41369369369371946E-03  4.54051907569829383E-01
5.42366366366368955E-03  4.54783609819662149E-01
5.43363363363365964E-03  4.55515312069494971E-01
5.44360360360362974E-03  4.56247014319327737E-01
5.45357357357359983E-03  4.56978716569160504E-01
5.46354354354356992E-03  4.57710418818993270E-01
5.47351351351354001E-03  4.58442121068826092E-01
5.48348348348351011E-03  4.59173823318658858E-01
5.49345345345348020E-03  4.59905525568491624E-01
5.50342342342345029E-03  4.60637227818324391E-01
5.51339339339341952E-03  4.61368930068157101E-01
5.52336336336338961E-03  4.62100632317989923E-01
5.53333333333335970E-03  4.62832334567822690E-01
5.54330330330332979E-03  4.63564036817655456E-01
5.55327327327329989E-03  4.64295739067488222E-01
5.56324324324326998E-03  4.65027441317321044E-01
5.57321321321324007E-03  4.65759143567153810E-01
5.58318318318321016E-03  4.66490845816986577E-01
5.59315315315318026E-03  4.67222548066819343E-01
5.60312312312315035E-03  4.67954250316652165E-01
5.61309309309312044E-03  4.68685952566484931E-01
5.62306306306309053E-03  4.69417654816317698E-01
5.63303303303305976E-03  4.70149357066150408E-01
5.64300300300302985E-03  4.70881059315983175E-01
5.65297297297299994E-03  4.71612761565815997E-01
5.66294294294297004E-03  4.72344463815648763E-01
5.67291291291294013E-03  4.73076166065481529E-01
5.68288288288291022E-03  4.73807868315314296E-01
5.69285285285288031E-03  4.74539570565147117E-01
5.70282282282285041E-03  4.75271272814979884E-01
5.71279279279282050E-03  4.76002975064812650E-01
5.72276276276279059E-03  4.76734677314645416E-01
5.73273273273276068E-03  4.77466379564478238E-01
5.74270270270272991E-03  4.78198081814310949E-01
5.75267267267270000E-03  4.78929784064143715E-01
5.76264264264267009E-03  4.79661486313976482E-01
5.77261261261264019E-03  4.80393188563809248E-01
5.78258258258261028E-03  4.81124890813642070E-01
5.79255255255258037E-03  4.81856593063474836E-01
5.80252252252255046E-03  4.82588295313307603E-01
5.81249249249252056E-03  4.83319997563140369E-01
5.82246246246249065E-03  4.84051699812973191E-01
5.83243243243246074E-03  4.84783402062805957E-01
5.84240240240243083E-03  4.85515104312638723E-01
5.85237237237240093E-03  4.86246806562471490E-01
5.86234234234237015E-03  4.86978508812304201E-01
5.87231231231234024E-03  4.87710211062137022E-01
5.88228228228231034E-03  4.88441913311969789E-01
5.89225225225228043E-03  4.89173615561802555E-01
5.90222222222225052E-03  4.89905317811635321E-01
5.91219219219222061E-03  4.90637020061468143E-01
5.92216216216219071E-03  4.91368722311300909E-01
5.93213213213216080E-03  4.92100424561133676E-01
5.94210210210213089E-03  4.92832126810966442E-01
5.95207207207210098E-03  4.93563829060799264E-01
5.96204204204207108E-03  4.94295531310632030E-01
5.97201201201204117E-03  4.95027233560464797E-01
5.98198198198201039E-03  4.95758935810297507E-01
5.99195195195198049E-03  4.96490638060130274E-01
6.00192192192195058E-03  4.97222340309963096E-01
6.01189189189192067E-03  4.97954042559795862E-01
6.02186186186189076E-03  4.98685744809628628E-01
6.03183183183186086E-03  4.99417447059461395E-01
6.04180180180183095E-03  5.00149149309294216E-01
6.05177177177180104E-03  5.00880851559126983E-01
6.06174174174177113E-03  5.01612553808959749E-01
6.07171171171174123E-03  5.02344256058792515E-01
6.08168168168171132E-03  5.03075958308625282E-01
6.09165165165168054E-03  5.03807660558458048E-01
6.10162162162165064E-03  5.04539362808290814E-01
6.11159159159162073E-03  5.05271065058123581E-01
6.12156156156159082E-03  5.06002767307956347E-01
6.13153153153156091E-03  5.06734469557789113E-01
6.14150150150153101E-03  5.07466171807621880E-01
6.15147147147150110E-03  5.08197874057454646E-01
6.16144144144147119E-03  5.08929576307287412E-01
6.17141141141144128E-03  5.09661278557120290E-01
6.18138138138141138E-03  5.10392980806953056E-01
6.19135135135138147E-03  5.11124683056785822E-01
6.20132132132135156E-03  5.11856385306618589E-01
6.21129129129132079E-03  5.12588087556451244E-01
6.22126126126129088E-03  5.13319789806284121E-01
6.23123123123126097E-03  5.14051492056116888E-01
6.24120120120123106E-03  5.14783194305949654E-01
6.25117117117120116E-03  5.15514896555782420E-01
6.26114114114117125E-03  5.16246598805615298E-01
6.27111111111114134E-03  5.16978301055448064E-01
6.28108108108111143E-03  5.17710003305280830E-01
6.29105105105108153E-03  5.18441705555113597E-01
6.30102102102105162E-03  5.19173407804946363E-01
6.31099099099102171E-03  5.19905110054779129E-01
6.32096096096099180E-03  5.20636812304611896E-01
6.33093093093096103E-03  5.21368514554444662E-01
6.34090090090093112E-03  5.22100216804277428E-01
6.35087087087090121E-03  5.22831919054110195E-01
6.36084084084087131E-03  5.23563621303942961E-01
6.37081081081084140E-03  5.24295323553775727E-01
6.38078078078081149E-03  5.25027025803608494E-01
6.39075075075078158E-03  5.25758728053441260E-01
6.40072072072075168E-03  5.26490430303274026E-01
6.41069069069072177E-03  5.27222132553106793E-01
6.42066066066069186E-03  5.27953834802939559E-01
6.43063063063066195E-03  5.28685537052772325E-01
6.44060060060063118E-03  5.29417239302605092E-01
6.45057057057060127E-03  5.30148941552437858E-01
6.46054054054057136E-03  5.30880643802270624E-01
6.47051051051054146E-03  5.31612346052103391E-01
6.48048048048051155E-03  5.32344048301936268E-01
6.49045045045048164E-03  5.33075750551769034E-01
6.50042042042045173E-03  5.33807452801601801E-01
6.51039039039042183E-03  5.34539155051434567E-01
6.52036036036039192E-03  5.35270857301267333E-01
6.53033033033036201E-03  5.36002559551100211E-01
6.54030030030033210E-03  5.36734261800932977E-01
6.55027027027030220E-03  5.37465964050765743E-01
6.56024024024027142E-03  5.38197666300598399E-01
6.57021021021024151E-03  5.38929368550431276E-01
6.58018018018021161E-03  5.39661070800264042E-01
6.59015015015018170E-03  5.40392773050096809E-01
6.60012012012015179E-03  5.41124475299929575E-01
6.61009009009012188E-03  5.41856177549762341E-01
6.62006006006009198E-03  5.42587879799595107E-01
6.63003003003006207E-03  5.43319582049427874E-01
6.64000000000003216E-03  5.44051284299260640E-01
6.64996996997000225E-03  5.44782986549093406E-01
6.65993993993997235E-03  5.45514688798926173E-01
6.66990990990994244E-03  5.46246391048758939E-01
6.67987987987991166E-03  5.46978093298591705E-01
6.68984984984988176E-03  5.47709795548424472E-01
6.69981981981985185E-03  5.48441497798257238E-01
6.70978978978982194E-03  5.49173200048090004E-01
6.71975975975979203E-03  5.49904902297922771E-01
6.72972972972976213E-03  5.50636604547755537E-01
6.73969969969973222E-03  5.51368306797588303E-01
6.74966966966970231E-03  5.52100009047421181E-01
6.75963963963967240E-03  5.52831711297253947E-01
6.76960960960964250E-03  5.53563413547086713E-01
6.77957957957961259E-03  5.54295115796919480E-01
6.78954954954958181E-03  5.55026818046752246E-01
6.79951951951955191E-03  5.55758520296585012E-01
6.80948948948952200E-03  5.56490222546417779E-01
6.81945945945949209E-03  5.57221924796250545E-01
6.82942942942946218E-03  5.57953627046083311E-01
6.83939939939943228E-03  5.58685329295916078E-01
6.84936936936940237E-03  5.59417031545748844E-01
6.85933933933937246E-03  5.60148733795581721E-01
6.86930930930934255E-03  5.60880436045414488E-01
6.87927927927931265E-03  5.61612138295247254E-01
6.88924924924928274E-03  5.62343840545080020E-01
6.89921921921925283E-03  5.63075542794912787E-01
6.90918918918922206E-03  5.63807245044745553E-01
6.91915915915919215E-03  5.64538947294578319E-01
6.92912912912916224E-03  5.65270649544411086E-01
6.93909909909913233E-03  5.66002351794243852E-01
6.94906906906910243E-03  5.66734054044076618E-01
6.95903903903907252E-03  5.67465756293909385E-01
6.96900900900904261E-03  5.68197458543742151E-01
6.97897897897901270E-03  5.68929160793574917E-01
6.98894894894898280E-03  5.69660863043407795E-01
6.99891891891895289E-03  5.70392565293240561E-01
7.00888888888892298E-03  5.71124267543073327E-01
7.01885885885889307E-03  5.71855969792906094E-01
7.02882882882886230E-03  5.72587672042738749E-01
7.03879879879883239E-03  5.73319374292571626E-01
7.04876876876880248E-03  5.74051076542404393E-01
7.05873873873877258E-03  5.74782778792237159E-01
7.06870870870874267E-03  5.75514481042069925E-01
7.07867867867871276E-03  5.76246183291902692E-01
7.08864864864868285E-03  5.76977885541735458E-01
7.09861861861865295E-03  5.77709587791568224E-01
7.10858858858862304E-03  5.78441290041400991E-01
7.11855855855859313E-03  5.79172992291233868E-01
7.12852852852856322E-03  5.79904694541066634E-01
7.13849849849853245E-03  5.80636396790899290E-01
7.14846846846850254E-03  5.81368099040732056E-01
7.15843843843847263E-03  5.82099801290564822E-01
7.16840840840844273E-03  5.82831503540397700E-01
7.17837837837841282E-03  5.83563205790230466E-01
7.18834834834838291E-03  5.84294908040063232E-01
7.19831831831835300E-03  5.85026610289895999E-01
7.20828828828832310E-03  5.85758312539728765E-01
7.21825825825829319E-03  5.86490014789561531E-01
7.22822822822826328E-03  5.87221717039394298E-01
7.23819819819823337E-03  5.87953419289227064E-01
7.24816816816820347E-03  5.88685121539059941E-01
7.25813813813817269E-03  5.89416823788892597E-01
7.26810810810814278E-03  5.90148526038725363E-01
7.27807807807811288E-03  5.90880228288558129E-01
7.28804804804808297E-03  5.91611930538390896E-01
7.29801801801805306E-03  5.92343632788223773E-01
7.30798798798802315E-03  5.93075335038056539E-01
7.31795795795799325E-03  5.93807037287889306E-01
7.32792792792796334E-03  5.94538739537722072E-01
7.33789789789793343E-03  5.95270441787554838E-01
7.34786786786790352E-03  5.96002144037387604E-01
7.35783783783787362E-03  5.96733846287220371E-01
7.36780780780784284E-03  5.97465548537053137E-01
7.37777777777781293E-03  5.98197250786885903E-01
7.38774774774778303E-03  5.98928953036718670E-01
7.39771771771775312E-03  5.99660655286551436E-01
7.40768768768772321E-03  6.00392357536384202E-01
7.41765765765769330E-03  6.01124059786216969E-01
7.42762762762766340E-03  6.01855762036049846E-01
7.43759759759763349E-03  6.02587464285882612E-01
7.44756756756760358E-03  6.03319166535715379E-01
7.45753753753757367E-03  6.04050868785548145E-01
7.46750750750754377E-03  6.04782571035380911E-01
7.47747747747751386E-03  6.05514273285213678E-01
7.48744744744748308E-03  6.06245975535046444E-01
7.49741741741745318E-03  6.06977677784879210E-01
7.50738738738742327E-03  6.07709380034711977E-01
7.51735735735739336E-03  6.08441082284544743E-01
7.52732732732736345E-03  6.09172784534377509E-01
7.53729729729733355E-03  6.09904486784210276E-01
7.54726726726730364E-03  6.10636189034043042E-01
7.55723723723727373E-03  6.11367891283875919E-01
7.56720720720724382E-03  6.12099593533708686E-01
7.57717717717721392E-03  6.12831295783541452E-01
7.58714714714718401E-03  6.13562998033374218E-01
7.59711711711715410E-03  6.14294700283206985E-01
7.60708708708712333E-03  6.15026402533039751E-01
7.61705705705709342E-03  6.15758104782872517E-01
7.62702702702706351E-03  6.16489807032705284E-01
7.63699699699703360E-03  6.17221509282538050E-01
7.64696696696700370E-03  6.17953211532370816E-01
7.65693693693697379E-03  6.18684913782203583E-01
7.66690690690694388E-03  6.19416616032036349E-01
7.67687687687691397E-03  6.20148318281869115E-01
7.68684684684688407E-03  6.20880020531701993E-01
7.69681681681685416E-03  6.21611722781534759E-01
7.70678678678682425E-03  6.22343425031367525E-01
7.71675675675679348E-03  6.23075127281200181E-01
7.72672672672676357E-03  6.23806829531032947E-01
7.73669669669673366E-03  6.24538531780865824E-01
7.74666666666670375E-03  6.25270234030698591E-01
7.75663663663667385E-03  6.26001936280531357E-01
7.76660660660664394E-03  6.26733638530364123E-01
7.77657657657661403E-03  6.27465340780196890E-01
7.78654654654658412E-03  6.28197043030029656E-01
7.79651651651655422E-03  6.28928745279862422E-01
7.80648648648652431E-03  6.29660447529695189E-01
7.81645645645649353E-03  6.30392149779527955E-01
7.82642642642646449E-03  6.31123852029360832E-01
7.83639639639643372E-03  6.31855554279193488E-01
7.84636636636640468E-03  6.32587256529026365E-01
7.85633633633637390E-03  6.33318958778859020E-01
7.86630630630634486E-03  6.34050661028691898E-01
7.87627627627631409E-03  6.34782363278524664E-01
7.88624624624628505E-03  6.35514065528357430E-01
7.89621621621625427E-03  6.36245767778190197E-01
7.90618618618622350E-03  6.36977470028022852E-01
7.91615615615619446E-03  6.37709172277855729E-01
7.92612612612616368E-03  6.38440874527688496E-01
7.93609609609613464E-03  6.39172576777521262E-01
7.94606606606610387E-03  6.39904279027354028E-01
7.95603603603607483E-03  6.40635981277186906E-01
7.96600600600604405E-03  6.41367683527019561E-01
7.97597597597601501E-03  6.42099385776852438E-01
7.98594594594598424E-03  6.42831088026685094E-01
7.99591591591595520E-03  6.43562790276517971E-01
8.00588588588592442E-03  6.44294492526350737E-01
8.01585585585589365E-03  6.45026194776183392E-01
8.02582582582586461E-03  6.45757897026016270E-01
8.03579579579583383E-03  6.46489599275848925E-01
8.04576576576580479E-03  6.47221301525681803E-01
8.05573573573577402E-03  6.47953003775514569E-01
8.06570570570574498E-03  6.48684706025347335E-01
8.07567567567571420E-03  6.49416408275180101E-01
8.08564564564568516E-03  6.50148110525012979E-01
8.09561561561565439E-03  6.50879812774845634E-01
8.10558558558562535E-03  6.51611515024678511E-01
8.11555555555559457E-03  6.52343217274511167E-01
8.12552552552556380E-03  6.53074919524343933E-01
8.13549549549553476E-03  6.53806621774176810E-01
8.14546546546550398E-03  6.54538324024009466E-01
8.15543543543547494E-03  6.55270026273842343E-01
8.16540540540544417E-03  6.56001728523674998E-01
8.17537537537541513E-03  6.56733430773507876E-01
8.18534534534538435E-03  6.57465133023340642E-01
8.19531531531535531E-03  6.58196835273173408E-01
8.20528528528532454E-03  6.58928537523006175E-01
8.21525525525529550E-03  6.59660239772839052E-01
8.22522522522526472E-03  6.60391942022671707E-01
8.23519519519523568E-03  6.61123644272504585E-01
8.24516516516520491E-03  6.61855346522337240E-01
8.25513513513517413E-03  6.62587048772170006E-01
8.26510510510514509E-03  6.63318751022002884E-01
8.27507507507511432E-03  6.64050453271835539E-01
8.28504504504508528E-03  6.64782155521668416E-01
8.29501501501505450E-03  6.65513857771501072E-01
8.30498498498502546E-03  6.66245560021333949E-01
8.31495495495499469E-03  6.66977262271166715E-01
8.32492492492496565E-03  6.67708964520999482E-01
8.33489489489493487E-03  6.68440666770832248E-01
8.34486486486490583E-03  6.69172369020665125E-01
8.35483483483487506E-03  6.69904071270497781E-01
8.36480480480484428E-03  6.70635773520330547E-01
8.37477477477481524E-03  6.71367475770163313E-01
8.38474474474478447E-03  6.72099178019996080E-01
8.39471471471475543E-03  6.72830880269828957E-01
8.40468468468472465E-03  6.73562582519661612E-01
8.41465465465469561E-03  6.74294284769494490E-01
8.42462462462466484E-03  6.75025987019327145E-01
8.43459459459463580E-03  6.75757689269160022E-01
8.44456456456460502E-03  6.76489391518992789E-01
8.45453453453457598E-03  6.77221093768825555E-01
8.46450450450454521E-03  6.77952796018658321E-01
8.47447447447451443E-03  6.78684498268490977E-01
8.48444444444448539E-03  6.79416200518323854E-01
8.49441441441445462E-03  6.80147902768156620E-01
8.50438438438442558E-03  6.80879605017989387E-01
8.51435435435439480E-03  6.81611307267822153E-01
8.52432432432436576E-03  6.82343009517655030E-01
8.53429429429433499E-03  6.83074711767487686E-01
8.54426426426430595E-03  6.83806414017320563E-01
8.55423423423427517E-03  6.84538116267153218E-01
8.56420420420424613E-03  6.85269818516986096E-01
8.57417417417421536E-03  6.86001520766818862E-01
8.58414414414418632E-03  6.86733223016651628E-01
8.59411411411415554E-03  6.87464925266484395E-01
8.60408408408412477E-03  6.88196627516317050E-01
8.61405405405409573E-03  6.88928329766149927E-01
8.62402402402406495E-03  6.89660032015982694E-01
8.63399399399403591E-03  6.90391734265815460E-01
8.64396396396400514E-03  6.91123436515648226E-01
8.65393393393397610E-03  6.91855138765481104E-01
8.66390390390394532E-03  6.92586841015313759E-01
8.67387387387391628E-03  6.93318543265146636E-01
8.68384384384388551E-03  6.94050245514979292E-01
8.69381381381385647E-03  6.94781947764812169E-01
8.70378378378382569E-03  6.95513650014644935E-01
8.71375375375379492E-03  6.96245352264477591E-01
8.72372372372376588E-03  6.96977054514310468E-01
8.73369369369373511E-03  6.97708756764143123E-01
8.74366366366370606E-03  6.98440459013976001E-01
8.75363363363367529E-03  6.99172161263808767E-01
8.76360360360364625E-03  6.99903863513641533E-01
8.77357357357361548E-03  7.00635565763474299E-01
8.78354354354358643E-03  7.01367268013307177E-01
8.79351351351355566E-03  7.02098970263139832E-01
8.80348348348352662E-03  7.02830672512972709E-01
8.81345345345349584E-03  7.03562374762805365E-01
8.82342342342346507E-03  7.04294077012638131E-01
8.83339339339343603E-03  7.05025779262471008E-01
8.84336336336340526E-03  7.05757481512303664E-01
8.85333333333337621E-03  7.06489183762136541E-01
8.86330330330334544E-03  7.07220886011969196E-01
8.87327327327331640E-03  7.07952588261802074E-01
8.88324324324328563E-03  7.08684290511634840E-01
8.89321321321325658E-03  7.09415992761467606E-01
8.90318318318322581E-03  7.10147695011300373E-01
8.91315315315319677E-03  7.10879397261133250E-01
8.92312312312316600E-03  7.11611099510965905E-01
8.93309309309313695E-03  7.12342801760798783E-01
8.94306306306310618E-03  7.13074504010631438E-01
8.95303303303307541E-03  7.13806206260464204E-01
8.96300300300304637E-03  7.14537908510297082E-01
8.97297297297301559E-03  7.15269610760129737E-01
8.98294294294298655E-03  7.16001313009962614E-01
8.99291291291295578E-03  7.16733015259795270E-01
9.00288288288292674E-03  7.17464717509628147E-01
9.01285285285289596E-03  7.18196419759460913E-01
9.02282282282286692E-03  7.18928122009293680E-01
9.03279279279283615E-03  7.19659824259126446E-01
9.04276276276280710E-03  7.20391526508959323E-01
9.05273273273277633E-03  7.21123228758791979E-01
9.06270270270274556E-03  7.21854931008624745E-01
9.07267267267271652E-03  7.22586633258457511E-01
9.08264264264268574E-03  7.23318335508290278E-01
9.09261261261265670E-03  7.24050037758123155E-01
9.10258258258262593E-03  7.24781740007955810E-01
9.11255255255259689E-03  7.25513442257788688E-01
9.12252252252256611E-03  7.26245144507621343E-01
9.13249249249253707E-03  7.26976846757454220E-01
9.14246246246250630E-03  7.27708549007286987E-01
9.15243243243247726E-03  7.28440251257119753E-01
9.16240240240244648E-03  7.29171953506952519E-01
9.17237237237241571E-03  7.29903655756785175E-01
9.18234234234238667E-03  7.30635358006618052E-01
9.19231231231235589E-03  7.31367060256450818E-01
9.20228228228232685E-03  7.32098762506283585E-01
9.21225225225229608E-03  7.32830464756116351E-01
9.22222222222226704E-03  7.33562167005949228E-01
9.23219219219223626E-03  7.34293869255781884E-01
9.24216216216220722E-03  7.35025571505614761E-01
9.25213213213217645E-03  7.35757273755447416E-01
9.26210210210214741E-03  7.36488976005280294E-01
9.27207207207211663E-03  7.37220678255113060E-01
9.28204204204208586E-03  7.37952380504945715E-01
9.29201201201205682E-03  7.38684082754778593E-01
9.30198198198202604E-03  7.39415785004611248E-01
9.31195195195199700E-03  7.40147487254444125E-01
9.32192192192196623E-03  7.40879189504276892E-01
9.33189189189193719E-03  7.41610891754109658E-01
9.34186186186190641E-03  7.42342594003942424E-01
9.35183183183187737E-03  7.43074296253775302E-01
9.36180180180184660E-03  7.43805998503607957E-01
9.37177177177181756E-03  7.44537700753440834E-01
9.38174174174178678E-03  7.45269403003273490E-01
9.39171171171175774E-03  7.46001105253106367E-01
9.40168168168172697E-03  7.46732807502939133E-01
9.41165165165169619E-03  7.47464509752771789E-01
9.42162162162166715E-03  7.48196212002604666E-01
9.43159159159163638E-03  7.48927914252437321E-01
9.44156156156160734E-03  7.49659616502270199E-01
9.45153153153157656E-03  7.50391318752102965E-01
9.46150150150154752E-03  7.51123021001935731E-01
9.47147147147151675E-03  7.51854723251768498E-01
9.48144144144148771E-03  7.52586425501601264E-01
9.49141141141145693E-03  7.53318127751434030E-01
9.50138138138142789E-03  7.54049830001266908E-01
9.51135135135139712E-03  7.54781532251099563E-01
9.52132132132136634E-03  7.55513234500932329E-01
9.53129129129133730E-03  7.56244936750765206E-01
9.54126126126130653E-03  7.56976639000597862E-01
9.55123123123127749E-03  7.57708341250430739E-01
9.56120120120124671E-03  7.58440043500263394E-01
9.57117117117121767E-03  7.59171745750096272E-01
9.58114114114118690E-03  7.59903447999929038E-01
9.59111111111115786E-03  7.60635150249761804E-01
9.60108108108112708E-03  7.61366852499594571E-01
9.61105105105109804E-03  7.62098554749427337E-01
9.62102102102106727E-03  7.62830256999260103E-01
9.63099099099103649E-03  7.63561959249092870E-01
9.64096096096100745E-03  7.64293661498925636E-01
9.65093093093097668E-03  7.65025363748758402E-01
9.66090090090094764E-03  7.65757065998591280E-01
9.67087087087091686E-03  7.66488768248423935E-01
9.68084084084088782E-03  7.67220470498256812E-01
9.69081081081085705E-03  7.67952172748089468E-01
9.70078078078082801E-03  7.68683874997922345E-01
9.71075075075079723E-03  7.69415577247755111E-01
9.72072072072076819E-03  7.70147279497587878E-01
9.73069069069073742E-03  7.70878981747420644E-01
9.74066066066070838E-03  7.71610683997253410E-01
9.75063063063067760E-03  7.72342386247086177E-01
9.76060060060064683E-03  7.73074088496918943E-01
9.77057057057061779E-03  7.73805790746751709E-01
9.78054054054058701E-03  7.74537492996584476E-01
9.79051051051055797E-03  7.75269195246417242E-01
9.80048048048052720E-03  7.76000897496250008E-01
9.81045045045049816E-03  7.76732599746082886E-01
9.82042042042046738E-03  7.77464301995915541E-01
9.83039039039043834E-03  7.78196004245748418E-01
9.84036036036040757E-03  7.78927706495581185E-01
9.85033033033037853E-03  7.79659408745413951E-01
9.86030030030034775E-03  7.80391110995246717E-01
9.87027027027031698E-03  7.81122813245079373E-01
9.88024024024028794E-03  7.81854515494912250E-01
9.89021021021025716E-03  7.82586217744745016E-01
9.90018018018022812E-03  7.83317919994577783E-01
9.91015015015019735E-03  7.84049622244410549E-01
9.92012012012016831E-03  7.84781324494243315E-01
9.93009009009013753E-03  7.85513026744076082E-01
9.94006006006010849E-03  7.86244728993908959E-01
9.95003003003007772E-03  7.86976431243741614E-01
9.96000000000004868E-03  7.87708133493574492E-01
