0.00000000000000000E+00  0.00000000000000000E+00
9.96996996996998916E-06  5.58615032516271773E-03
1.99399399399399783E-05  1.11723006503254355E-02
2.99099099099099658E-05  1.67584509754881497E-02
3.98798798798799566E-05  2.23446013006508709E-02
4.98498498498499475E-05  2.79307516258135886E-02
5.98198198198199315E-05  3.35169019509762994E-02
6.97897897897899292E-05  3.91030522761390276E-02
7.97597597597599132E-05  4.46892026013017418E-02
8.97297297297298973E-05  5.02753529264644561E-02
9.96996996996998949E-05  5.58615032516271773E-02
1.09669669669669879E-04  6.14476535767898915E-02
1.19639639639639863E-04  6.70338039019525989E-02
1.29609609609609847E-04  7.26199542271153131E-02
1.39579579579579858E-04  7.82061045522780551E-02
1.49549549549549842E-04  8.37922548774407694E-02
1.59519519519519826E-04  8.93784052026034836E-02
1.69489489489489811E-04  9.03156381626798177E-02
1.79459459459459795E-04  9.10174829017392495E-02
1.89429429429429806E-04  9.17193276407986813E-02
1.99399399399399790E-04  9.24211723798581131E-02
2.09369369369369774E-04  9.31230171189175587E-02
2.19339339339339758E-04  9.38248618579769905E-02
2.29309309309309742E-04  9.45267065970364223E-02
2.39279279279279726E-04  9.52285513360958541E-02
2.49249249249249710E-04  9.59303960751552859E-02
2.59219219219219694E-04  9.66322408142147316E-02
2.69189189189189733E-04  9.73340855532741633E-02
2.79159159159159717E-04  9.80359302923335951E-02
2.89129129129129701E-04  9.87377750313930269E-02
2.99099099099099685E-04  9.94396197704524587E-02
3.09069069069069669E-04  1.00141464509511890E-01
3.19039039039039653E-04  1.00843309248571322E-01
3.29009009009009637E-04  1.01545153987630768E-01
3.38978978978979621E-04  1.02246998726690200E-01
3.48948948948949605E-04  1.02948843465749632E-01
3.58918918918919589E-04  1.03650688204809063E-01
3.68888888888889573E-04  1.04352532943868495E-01
3.78858858858859612E-04  1.05054377682927941E-01
3.88828828828829596E-04  1.05756222421987373E-01
3.98798798798799580E-04  1.06458067161046804E-01
4.08768768768769564E-04  1.07159911900106236E-01
4.18738738738739548E-04  1.07861756639165668E-01
4.28708708708709532E-04  1.08563601378225100E-01
4.38678678678679516E-04  1.09265446117284531E-01
4.48648648648649500E-04  1.09967290856343963E-01
4.58618618618619484E-04  1.10669135595403409E-01
4.68588588588589468E-04  1.11370980334462841E-01
4.78558558558559452E-04  1.12072825073522273E-01
4.88528528528529436E-04  1.12774669812581718E-01
4.98498498498499421E-04  1.13476514551641150E-01
5.08468468468469405E-04  1.14178359290700582E-01
5.18438438438439389E-04  1.14880204029760014E-01
5.28408408408409373E-04  1.15582048768819445E-01
5.38378378378379465E-04  1.16283893507878877E-01
5.48348348348349449E-04  1.16985738246938323E-01
5.58318318318319433E-04  1.17687582985997755E-01
5.68288288288289417E-04  1.18389427725057186E-01
5.78258258258259402E-04  1.19091272464116618E-01
5.88228228228229386E-04  1.19793117203176064E-01
5.98198198198199370E-04  1.20494961942235496E-01
6.08168168168169354E-04  1.21196806681294927E-01
6.18138138138139338E-04  1.21898651420354359E-01
6.28108108108109322E-04  1.22600496159413791E-01
6.38078078078079306E-04  1.23302340898473223E-01
6.48048048048049290E-04  1.24004185637532655E-01
6.58018018018019274E-04  1.24706030376592086E-01
6.67987987987989258E-04  1.25407875115651518E-01
6.77957957957959242E-04  1.26109719854710950E-01
6.87927927927929226E-04  1.26811564593770409E-01
6.97897897897899210E-04  1.27513409332829841E-01
7.07867867867869194E-04  1.28215254071889273E-01
7.17837837837839179E-04  1.28917098810948705E-01
7.27807807807809163E-04  1.29618943550008137E-01
7.37777777777779147E-04  1.30320788289067568E-01
7.47747747747749239E-04  1.31022633028127000E-01
7.57717717717719223E-04  1.31724477767186432E-01
7.67687687687689207E-04  1.32426322506245864E-01
7.77657657657659191E-04  1.33128167245305296E-01
7.87627627627629175E-04  1.33830011984364727E-01
7.97597597597599160E-04  1.34531856723424159E-01
8.07567567567569144E-04  1.35233701462483591E-01
8.17537537537539128E-04  1.35935546201543050E-01
8.27507507507509112E-04  1.36637390940602482E-01
8.37477477477479096E-04  1.37339235679661914E-01
8.47447447447449080E-04  1.38041080418721346E-01
8.57417417417419064E-04  1.38742925157780778E-01
8.67387387387389048E-04  1.39444769896840209E-01
8.77357357357359032E-04  1.40146614635899641E-01
8.87327327327329016E-04  1.40848459374959073E-01
8.97297297297299000E-04  1.41550304114018505E-01
9.07267267267268984E-04  1.42252148853077964E-01
9.17237237237238968E-04  1.42953993592137396E-01
9.27207207207208953E-04  1.43655838331196828E-01
9.37177177177178937E-04  1.44357683070256260E-01
9.47147147147148921E-04  1.45059527809315691E-01
9.57117117117118905E-04  1.45761372548375123E-01
9.67087087087088997E-04  1.46463217287434555E-01
9.77057057057058873E-04  1.47165062026493987E-01
9.87027027027028965E-04  1.47866906765553419E-01
9.96996996996998841E-04  1.48568751504612850E-01
1.00696696696696893E-03  1.49270596243672282E-01
1.01693693693693881E-03  1.49972440982731714E-01
1.02690690690690890E-03  1.50674285721791146E-01
1.03687687687687878E-03  1.51376130460850578E-01
1.04684684684684887E-03  1.52077975199910009E-01
1.05681681681681875E-03  1.52779819938969441E-01
1.06678678678678884E-03  1.53481664678028901E-01
1.07675675675675893E-03  1.54183509417088332E-01
1.08672672672672881E-03  1.54885354156147764E-01
1.09669669669669890E-03  1.55587198895207224E-01
1.10666666666666877E-03  1.56289043634266628E-01
1.11663663663663887E-03  1.56990888373326087E-01
1.12660660660660874E-03  1.57692733112385491E-01
1.13657657657657883E-03  1.58394577851444951E-01
1.14654654654654871E-03  1.59096422590504383E-01
1.15651651651651880E-03  1.59798267329563815E-01
1.16648648648648868E-03  1.60500112068623246E-01
1.17645645645645877E-03  1.61201956807682678E-01
1.18642642642642865E-03  1.61903801546742110E-01
1.19639639639639874E-03  1.62605646285801542E-01
1.20636636636636861E-03  1.63307491024860973E-01
1.21633633633633871E-03  1.64009335763920405E-01
1.22630630630630858E-03  1.64711180502979837E-01
1.23627627627627868E-03  1.65413025242039269E-01
1.24624624624624855E-03  1.66114869981098701E-01
1.25621621621621864E-03  1.66816714720158132E-01
1.26618618618618852E-03  1.67518559459217564E-01
1.27615615615615861E-03  1.68220404198276996E-01
1.28612612612612870E-03  1.68922248937336456E-01
1.29609609609609858E-03  1.69624093676395860E-01
1.30606606606606867E-03  1.70325938415455319E-01
1.31603603603603855E-03  1.71027783154514751E-01
1.32600600600600864E-03  1.71729627893574183E-01
1.33597597597597852E-03  1.72431472632633614E-01
1.34594594594594861E-03  1.73133317371693074E-01
1.35591591591591848E-03  1.73835162110752478E-01
1.36588588588588858E-03  1.74537006849811938E-01
1.37585585585585845E-03  1.75238851588871369E-01
1.38582582582582855E-03  1.75940696327930801E-01
1.39579579579579842E-03  1.76642541066990233E-01
1.40576576576576851E-03  1.77344385806049665E-01
1.41573573573573839E-03  1.78046230545109097E-01
1.42570570570570848E-03  1.78748075284168528E-01
1.43567567567567836E-03  1.79449920023227960E-01
1.44564564564564845E-03  1.80151764762287392E-01
1.45561561561561833E-03  1.80853609501346824E-01
1.46558558558558842E-03  1.81555454240406255E-01
1.47555555555555829E-03  1.82257298979465687E-01
1.48552552552552839E-03  1.82959143718525119E-01
1.49549549549549848E-03  1.83660988457584579E-01
1.50546546546546835E-03  1.84362833196643983E-01
1.51543543543543845E-03  1.85064677935703442E-01
1.52540540540540832E-03  1.85766522674762846E-01
1.53537537537537841E-03  1.86468367413822306E-01
1.54534534534534829E-03  1.87170212152881738E-01
1.55531531531531838E-03  1.87872056891941169E-01
1.56528528528528826E-03  1.88573901631000601E-01
1.57525525525525835E-03  1.89275746370060061E-01
1.58522522522522823E-03  1.89977591109119465E-01
1.59519519519519832E-03  1.90679435848178924E-01
1.60516516516516819E-03  1.91381280587238356E-01
1.61513513513513829E-03  1.92083125326297788E-01
1.62510510510510816E-03  1.92784970065357220E-01
1.63507507507507826E-03  1.93486814804416651E-01
1.64504504504504813E-03  1.94188659543476083E-01
1.65501501501501822E-03  1.94890504282535515E-01
1.66498498498498810E-03  1.95592349021594947E-01
1.67495495495495819E-03  1.96294193760654379E-01
1.68492492492492807E-03  1.96996038499713810E-01
1.69489489489489816E-03  1.97697883238773242E-01
1.70486486486486825E-03  1.98399727977832674E-01
1.71483483483483813E-03  1.99101572716892106E-01
1.72480480480480822E-03  1.99803417455951537E-01
1.73477477477477810E-03  2.00505262195010969E-01
1.74474474474474819E-03  2.01207106934070429E-01
1.75471471471471806E-03  2.01908951673129833E-01
1.76468468468468816E-03  2.02610796412189292E-01
1.77465465465465803E-03  2.03312641151248724E-01
1.78462462462462812E-03  2.04014485890308184E-01
1.79459459459459800E-03  2.04716330629367560E-01
1.80456456456456809E-03  2.05418175368427047E-01
1.81453453453453797E-03  2.06120020107486479E-01
1.82450450450450806E-03  2.06821864846545911E-01
1.83447447447447794E-03  2.07523709585605343E-01
1.84444444444444803E-03  2.08225554324664774E-01
1.85441441441441791E-03  2.08927399063724206E-01
1.86438438438438800E-03  2.09629243802783638E-01
1.87435435435435787E-03  2.10331088541843070E-01
1.88432432432432797E-03  2.11032933280902502E-01
1.89429429429429784E-03  2.11734778019961933E-01
1.90426426426426793E-03  2.12436622759021365E-01
1.91423423423423781E-03  2.13138467498080797E-01
1.92420420420420790E-03  2.13840312237140229E-01
1.93417417417417799E-03  2.14542156976199661E-01
1.94414414414414787E-03  2.15244001715259092E-01
1.95411411411411775E-03  2.15945846454318524E-01
1.96408408408408784E-03  2.16647691193377956E-01
1.97405405405405793E-03  2.17349535932437388E-01
1.98402402402402802E-03  2.18051380671496875E-01
1.99399399399399768E-03  2.18753225410556251E-01
2.00396396396396777E-03  2.19455070149615683E-01
2.01393393393393787E-03  2.20156914888675170E-01
2.02390390390390796E-03  2.20858759627734602E-01
2.03387387387387762E-03  2.21560604366793978E-01
2.04384384384384771E-03  2.22262449105853466E-01
2.05381381381381780E-03  2.22964293844912897E-01
2.06378378378378790E-03  2.23666138583972329E-01
2.07375375375375755E-03  2.24367983323031761E-01
2.08372372372372765E-03  2.25069828062091193E-01
2.09369369369369774E-03  2.25771672801150625E-01
2.10366366366366783E-03  2.26473517540210056E-01
2.11363363363363749E-03  2.27175362279269488E-01
2.12360360360360758E-03  2.27877207018328920E-01
2.13357357357357768E-03  2.28579051757388352E-01
2.14354354354354777E-03  2.29280896496447784E-01
2.15351351351351786E-03  2.29982741235507215E-01
2.16348348348348752E-03  2.30684585974566647E-01
2.17345345345345761E-03  2.31386430713626079E-01
2.18342342342342770E-03  2.32088275452685511E-01
2.19339339339339780E-03  2.32790120191744998E-01
2.20336336336336746E-03  2.33491964930804374E-01
2.21333333333333755E-03  2.34193809669863806E-01
2.22330330330330764E-03  2.34895654408923238E-01
2.23327327327327773E-03  2.35597499147982725E-01
2.24324324324324739E-03  2.36299343887042101E-01
2.25321321321321748E-03  2.37001188626101533E-01
2.26318318318318758E-03  2.37703033365161021E-01
2.27315315315315767E-03  2.38404878104220452E-01
2.28312312312312733E-03  2.39106722843279829E-01
2.29309309309309742E-03  2.39808567582339316E-01
2.30306306306306751E-03  2.40510412321398748E-01
2.31303303303303761E-03  2.41212257060458179E-01
2.32300300300300726E-03  2.41914101799517611E-01
2.33297297297297736E-03  2.42615946538577043E-01
2.34294294294294745E-03  2.43317791277636475E-01
2.35291291291291754E-03  2.44019636016695907E-01
2.36288288288288763E-03  2.44721480755755338E-01
2.37285285285285729E-03  2.45423325494814770E-01
2.38282282282282739E-03  2.46125170233874202E-01
2.39279279279279748E-03  2.46827014972933634E-01
2.40276276276276757E-03  2.47528859711993066E-01
2.41273273273273723E-03  2.48230704451052497E-01
2.42270270270270732E-03  2.48932549190111929E-01
2.43267267267267741E-03  2.49634393929171361E-01
2.44264264264264751E-03  2.50336238668230848E-01
2.45261261261261717E-03  2.51038083407290225E-01
2.46258258258258726E-03  2.51739928146349656E-01
2.47255255255255735E-03  2.52441772885409144E-01
2.48252252252252744E-03  2.53143617624468575E-01
2.49249249249249710E-03  2.53845462363527952E-01
2.50246246246246720E-03  2.54547307102587439E-01
2.51243243243243729E-03  2.55249151841646871E-01
2.52240240240240738E-03  2.55950996580706303E-01
2.53237237237237704E-03  2.56652841319765679E-01
2.54234234234234713E-03  2.57354686058825166E-01
2.55231231231231722E-03  2.58056530797884598E-01
2.56228228228228732E-03  2.58758375536944030E-01
2.57225225225225741E-03  2.59460220276003461E-01
2.58222222222222707E-03  2.60162065015062893E-01
2.59219219219219716E-03  2.60863909754122325E-01
2.60216216216216725E-03  2.61565754493181757E-01
2.61213213213213735E-03  2.62267599232241189E-01
2.62210210210210700E-03  2.62969443971300620E-01
2.63207207207207710E-03  2.63671288710360052E-01
2.64204204204204719E-03  2.64373133449419484E-01
2.65201201201201728E-03  2.65074978188478916E-01
2.66198198198198694E-03  2.65776822927538348E-01
2.67195195195195703E-03  2.66478667666597779E-01
2.68192192192192713E-03  2.67180512405657211E-01
2.69189189189189722E-03  2.67882357144716698E-01
2.70186186186186688E-03  2.68584201883776075E-01
2.71183183183183697E-03  2.69286046622835507E-01
2.72180180180180706E-03  2.69987891361894994E-01
2.73177177177177715E-03  2.70689736100954426E-01
2.74174174174174681E-03  2.71391580840013802E-01
2.75171171171171691E-03  2.72093425579073289E-01
2.76168168168168700E-03  2.72795270318132721E-01
2.77165165165165709E-03  2.73497115057192153E-01
2.78162162162162718E-03  2.74198959796251585E-01
2.79159159159159684E-03  2.74900804535311016E-01
2.80156156156156693E-03  2.75602649274370448E-01
2.81153153153153703E-03  2.76304494013429880E-01
2.82150150150150712E-03  2.77006338752489312E-01
2.83147147147147678E-03  2.77708183491548743E-01
2.84144144144144687E-03  2.78410028230608175E-01
2.85141141141141696E-03  2.79111872969667607E-01
2.86138138138138706E-03  2.79813717708727039E-01
2.87135135135135671E-03  2.80515562447786471E-01
2.88132132132132681E-03  2.81217407186845902E-01
2.89129129129129690E-03  2.81919251925905334E-01
2.90126126126126699E-03  2.82621096664964822E-01
2.91123123123123665E-03  2.83322941404024198E-01
2.92120120120120674E-03  2.84024786143083630E-01
2.93117117117117684E-03  2.84726630882143117E-01
2.94114114114114693E-03  2.85428475621202549E-01
2.95111111111111659E-03  2.86130320360261925E-01
2.96108108108108668E-03  2.86832165099321357E-01
2.97105105105105677E-03  2.87534009838380844E-01
2.98102102102102686E-03  2.88235854577440276E-01
2.99099099099099696E-03  2.88937699316499708E-01
3.00096096096096662E-03  2.89639544055559139E-01
3.01093093093093671E-03  2.90341388794618571E-01
3.02090090090090680E-03  2.91043233533678003E-01
3.03087087087087689E-03  2.91745078272737435E-01
3.04084084084084655E-03  2.92446923011796867E-01
3.05081081081081664E-03  2.93148767750856298E-01
3.06078078078078674E-03  2.93850612489915730E-01
3.07075075075075683E-03  2.94552457228975162E-01
3.08072072072072649E-03  2.95254301968034594E-01
3.09069069069069658E-03  2.95956146707094025E-01
3.10066066066066667E-03  2.96657991446153457E-01
3.11063063063063677E-03  2.97359836185212889E-01
3.12060060060060642E-03  2.98061680924272321E-01
3.13057057057057652E-03  2.98763525663331753E-01
3.14054054054054661E-03  2.99465370402391184E-01
3.15051051051051670E-03  3.00167215141450672E-01
3.16048048048048636E-03  3.00869059880510048E-01
3.17045045045045645E-03  3.01570904619569480E-01
3.18042042042042655E-03  3.02272749358628967E-01
3.19039039039039664E-03  3.02974594097688399E-01
3.20036036036036673E-03  3.03676438836747831E-01
3.21033033033033639E-03  3.04378283575807262E-01
3.22030030030030648E-03  3.05080128314866694E-01
3.23027027027027657E-03  3.05781973053926126E-01
3.24024024024024667E-03  3.06483817792985558E-01
3.25021021021021633E-03  3.07185662532044990E-01
3.26018018018018642E-03  3.07887507271104421E-01
3.27015015015015651E-03  3.08589352010163853E-01
3.28012012012012660E-03  3.09291196749223285E-01
3.29009009009009626E-03  3.09993041488282717E-01
3.30006006006006635E-03  3.10694886227342149E-01
3.31003003003003645E-03  3.11396730966401580E-01
3.32000000000000654E-03  3.12098575705461012E-01
3.32996996996997620E-03  3.12800420444520444E-01
3.33993993993994629E-03  3.13502265183579876E-01
3.34990990990991638E-03  3.14204109922639307E-01
3.35987987987988648E-03  3.14905954661698795E-01
3.36984984984985613E-03  3.15607799400758171E-01
3.37981981981982623E-03  3.16309644139817603E-01
3.38978978978979632E-03  3.17011488878877035E-01
3.39975975975976641E-03  3.17713333617936522E-01
3.40972972972973650E-03  3.18415178356995954E-01
3.41969969969970616E-03  3.19117023096055330E-01
3.42966966966967626E-03  3.19818867835114817E-01
3.43963963963964635E-03  3.20520712574174249E-01
3.44960960960961644E-03  3.21222557313233681E-01
3.45957957957958610E-03  3.21924402052293113E-01
3.46954954954955619E-03  3.22626246791352544E-01
3.47951951951952628E-03  3.23328091530411976E-01
3.48948948948949638E-03  3.24029936269471408E-01
3.49945945945946604E-03  3.24731781008530840E-01
3.50942942942943613E-03  3.25433625747590272E-01
3.51939939939940622E-03  3.26135470486649703E-01
3.52936936936937631E-03  3.26837315225709135E-01
3.53933933933934597E-03  3.27539159964768567E-01
3.54930930930931606E-03  3.28241004703827999E-01
3.55927927927928616E-03  3.28942849442887486E-01
3.56924924924925625E-03  3.29644694181946918E-01
3.57921921921922591E-03  3.30346538921006294E-01
3.58918918918919600E-03  3.31048383660065726E-01
3.59915915915916609E-03  3.31750228399125213E-01
3.60912912912913619E-03  3.32452073138184645E-01
3.61909909909910628E-03  3.33153917877244077E-01
3.62906906906907594E-03  3.33855762616303509E-01
3.63903903903904603E-03  3.34557607355362940E-01
3.64900900900901612E-03  3.35259452094422372E-01
3.65897897897898621E-03  3.35961296833481804E-01
3.66894894894895587E-03  3.36663141572541236E-01
3.67891891891892597E-03  3.37364986311600668E-01
3.68888888888889606E-03  3.38066831050660099E-01
3.69885885885886615E-03  3.38768675789719531E-01
3.70882882882883581E-03  3.39470520528778963E-01
3.71879879879880590E-03  3.40172365267838395E-01
3.72876876876877600E-03  3.40874210006897826E-01
3.73873873873874609E-03  3.41576054745957258E-01
3.74870870870871575E-03  3.42277899485016690E-01
3.75867867867868584E-03  3.42979744224076122E-01
3.76864864864865593E-03  3.43681588963135554E-01
3.77861861861862602E-03  3.44383433702195041E-01
3.78858858858859568E-03  3.45085278441254417E-01
3.79855855855856578E-03  3.45787123180313849E-01
3.80852852852853587E-03  3.46488967919373336E-01
3.81849849849850596E-03  3.47190812658432768E-01
3.82846846846847562E-03  3.47892657397492144E-01
3.83843843843844571E-03  3.48594502136551632E-01
3.84840840840841580E-03  3.49296346875611063E-01
3.85837837837838590E-03  3.49998191614670495E-01
3.86834834834835599E-03  3.50700036353729927E-01
3.87831831831832565E-03  3.51401881092789359E-01
3.88828828828829574E-03  3.52103725831848791E-01
3.89825825825826583E-03  3.52805570570908222E-01
3.90822822822823549E-03  3.53507415309967654E-01
3.91819819819820558E-03  3.54209260049027086E-01
3.92816816816817568E-03  3.54911104788086518E-01
3.93813813813814577E-03  3.55612949527145950E-01
3.94810810810811586E-03  3.56314794266205381E-01
3.95807807807808595E-03  3.57016639005264869E-01
3.96804804804805605E-03  3.57718483744324300E-01
3.97801801801802527E-03  3.58420328483383677E-01
3.98798798798799536E-03  3.59122173222443108E-01
3.99795795795796546E-03  3.59824017961502540E-01
4.00792792792793555E-03  3.60525862700561972E-01
4.01789789789790564E-03  3.61227707439621404E-01
4.02786786786787573E-03  3.61929552178680891E-01
4.03783783783784583E-03  3.62631396917740323E-01
4.04780780780781592E-03  3.63333241656799755E-01
4.05777777777778601E-03  3.64035086395859186E-01
4.06774774774775524E-03  3.64736931134918563E-01
4.07771771771772533E-03  3.65438775873977995E-01
4.08768768768769542E-03  3.66140620613037482E-01
4.09765765765766551E-03  3.66842465352096914E-01
4.10762762762763561E-03  3.67544310091156345E-01
4.11759759759760570E-03  3.68246154830215777E-01
4.12756756756757579E-03  3.68947999569275209E-01
4.13753753753754588E-03  3.69649844308334641E-01
4.14750750750751511E-03  3.70351689047394073E-01
4.15747747747748520E-03  3.71053533786453504E-01
4.16744744744745529E-03  3.71755378525512936E-01
4.17741741741742539E-03  3.72457223264572368E-01
4.18738738738739548E-03  3.73159068003631800E-01
4.19735735735736557E-03  3.73860912742691232E-01
4.20732732732733566E-03  3.74562757481750719E-01
4.21729729729730576E-03  3.75264602220810151E-01
4.22726726726727498E-03  3.75966446959869527E-01
4.23723723723724507E-03  3.76668291698928959E-01
4.24720720720721517E-03  3.77370136437988390E-01
4.25717717717718526E-03  3.78071981177047822E-01
4.26714714714715535E-03  3.78773825916107310E-01
4.27711711711712544E-03  3.79475670655166741E-01
4.28708708708709554E-03  3.80177515394226173E-01
4.29705705705706563E-03  3.80879360133285605E-01
4.30702702702703572E-03  3.81581204872345037E-01
4.31699699699700495E-03  3.82283049611404413E-01
4.32696696696697504E-03  3.82984894350463845E-01
4.33693693693694513E-03  3.83686739089523332E-01
4.34690690690691522E-03  3.84388583828582764E-01
4.35687687687688532E-03  3.85090428567642196E-01
4.36684684684685541E-03  3.85792273306701627E-01
4.37681681681682550E-03  3.86494118045761059E-01
4.38678678678679559E-03  3.87195962784820547E-01
4.39675675675676482E-03  3.87897807523879923E-01
4.40672672672673491E-03  3.88599652262939355E-01
4.41669669669670500E-03  3.89301497001998786E-01
4.42666666666667510E-03  3.90003341741058218E-01
4.43663663663664519E-03  3.90705186480117650E-01
4.44660660660661528E-03  3.91407031219177082E-01
4.45657657657658537E-03  3.92108875958236569E-01
4.46654654654655547E-03  3.92810720697296001E-01
4.47651651651652556E-03  3.93512565436355433E-01
4.48648648648649478E-03  3.94214410175414809E-01
4.49645645645646488E-03  3.94916254914474241E-01
4.50642642642643497E-03  3.95618099653533672E-01
4.51639639639640506E-03  3.96319944392593160E-01
4.52636636636637515E-03  3.97021789131652592E-01
4.53633633633634525E-03  3.97723633870712023E-01
4.54630630630631534E-03  3.98425478609771455E-01
4.55627627627628543E-03  3.99127323348830887E-01
4.56624624624625466E-03  3.99829168087890263E-01
4.57621621621622475E-03  4.00531012826949750E-01
4.58618618618619484E-03  4.01232857566009182E-01
4.59615615615616493E-03  4.01934702305068614E-01
4.60612612612613503E-03  4.02636547044128046E-01
4.61609609609610512E-03  4.03338391783187478E-01
4.62606606606607521E-03  4.04040236522246909E-01
4.63603603603604530E-03  4.04742081261306397E-01
4.64600600600601453E-03  4.05443926000365773E-01
4.65597597597598462E-03  4.06145770739425205E-01
4.66594594594595471E-03  4.06847615478484637E-01
4.67591591591592481E-03  4.07549460217544068E-01
4.68588588588589490E-03  4.08251304956603500E-01
4.69585585585586499E-03  4.08953149695662987E-01
4.70582582582583508E-03  4.09654994434722419E-01
4.71579579579580518E-03  4.10356839173781851E-01
4.72576576576577527E-03  4.11058683912841283E-01
4.73573573573574449E-03  4.11760528651900659E-01
4.74570570570571459E-03  4.12462373390960091E-01
4.75567567567568468E-03  4.13164218130019523E-01
4.76564564564565477E-03  4.13866062869079010E-01
4.77561561561562486E-03  4.14567907608138442E-01
4.78558558558559496E-03  4.15269752347197874E-01
4.79555555555556505E-03  4.15971597086257305E-01
4.80552552552553514E-03  4.16673441825316737E-01
4.81549549549550437E-03  4.17375286564376113E-01
4.82546546546547446E-03  4.18077131303435601E-01
4.83543543543544455E-03  4.18778976042495032E-01
4.84540540540541464E-03  4.19480820781554464E-01
4.85537537537538474E-03  4.20182665520613896E-01
4.86534534534535483E-03  4.20884510259673328E-01
4.87531531531532492E-03  4.21586354998732760E-01
4.88528528528529501E-03  4.22288199737792247E-01
4.89525525525526511E-03  4.22990044476851679E-01
4.90522522522523433E-03  4.23691889215911055E-01
4.91519519519520443E-03  4.24393733954970487E-01
4.92516516516517452E-03  4.25095578694029919E-01
4.93513513513514461E-03  4.25797423433089350E-01
4.94510510510511470E-03  4.26499268172148838E-01
4.95507507507508480E-03  4.27201112911208269E-01
4.96504504504505489E-03  4.27902957650267701E-01
4.97501501501502498E-03  4.28604802389327133E-01
4.98498498498499421E-03  4.29306647128386509E-01
4.99495495495496430E-03  4.30008491867445941E-01
5.00492492492493439E-03  4.30710336606505428E-01
5.01489489489490448E-03  4.31412181345564860E-01
5.02486486486487458E-03  4.32114026084624292E-01
5.03483483483484467E-03  4.32815870823683724E-01
5.04480480480481476E-03  4.33517715562743156E-01
5.05477477477478485E-03  4.34219560301802587E-01
5.06474474474475408E-03  4.34921405040861964E-01
5.07471471471472417E-03  4.35623249779921451E-01
5.08468468468469426E-03  4.36325094518980883E-01
5.09465465465466436E-03  4.37026939258040314E-01
5.10462462462463445E-03  4.37728783997099746E-01
5.11459459459460454E-03  4.38430628736159178E-01
5.12456456456457463E-03  4.39132473475218665E-01
5.13453453453454473E-03  4.39834318214278097E-01
5.14450450450451482E-03  4.40536162953337529E-01
5.15447447447448404E-03  4.41238007692396905E-01
5.16444444444445414E-03  4.41939852431456337E-01
5.17441441441442423E-03  4.42641697170515769E-01
5.18438438438439432E-03  4.43343541909575201E-01
5.19435435435436441E-03  4.44045386648634688E-01
5.20432432432433451E-03  4.44747231387694120E-01
5.21429429429430460E-03  4.45449076126753551E-01
5.22426426426427469E-03  4.46150920865812983E-01
5.23423423423424392E-03  4.46852765604872360E-01
5.24420420420421401E-03  4.47554610343931791E-01
5.25417417417418410E-03  4.48256455082991279E-01
5.26414414414415419E-03  4.48958299822050710E-01
5.27411411411412429E-03  4.49660144561110142E-01
5.28408408408409438E-03  4.50361989300169574E-01
5.29405405405406447E-03  4.51063834039229006E-01
5.30402402402403456E-03  4.51765678778288438E-01
5.31399399399400379E-03  4.52467523517347869E-01
5.32396396396397388E-03  4.53169368256407301E-01
5.33393393393394397E-03  4.53871212995466733E-01
5.34390390390391407E-03  4.54573057734526165E-01
5.35387387387388416E-03  4.55274902473585596E-01
5.36384384384385425E-03  4.55976747212645028E-01
5.37381381381382434E-03  4.56678591951704516E-01
5.38378378378379444E-03  4.57380436690763947E-01
5.39375375375376453E-03  4.58082281429823379E-01
5.40372372372373375E-03  4.58784126168882755E-01
5.41369369369370385E-03  4.59485970907942187E-01
5.42366366366367394E-03  4.60187815647001619E-01
5.43363363363364403E-03  4.60889660386061106E-01
5.44360360360361412E-03  4.61591505125120538E-01
5.45357357357358422E-03  4.62293349864179970E-01
5.46354354354355431E-03  4.62995194603239402E-01
5.47351351351352440E-03  4.63697039342298833E-01
5.48348348348349363E-03  4.64398884081358210E-01
5.49345345345346372E-03  4.65100728820417642E-01
5.50342342342343381E-03  4.65802573559477129E-01
5.51339339339340390E-03  4.66504418298536561E-01
5.52336336336337400E-03  4.67206263037595992E-01
5.53333333333334409E-03  4.67908107776655424E-01
5.54330330330331418E-03  4.68609952515714856E-01
5.55327327327328427E-03  4.69311797254774343E-01
5.56324324324325437E-03  4.70013641993833775E-01
5.57321321321322359E-03  4.70715486732893151E-01
5.58318318318319368E-03  4.71417331471952583E-01
5.59315315315316378E-03  4.72119176211012015E-01
5.60312312312313387E-03  4.72821020950071447E-01
5.61309309309310396E-03  4.73522865689130878E-01
5.62306306306307405E-03  4.74224710428190366E-01
5.63303303303304415E-03  4.74926555167249798E-01
5.64300300300301424E-03  4.75628399906309229E-01
5.65297297297298346E-03  4.76330244645368606E-01
5.66294294294295356E-03  4.77032089384428037E-01
5.67291291291292365E-03  4.77733934123487469E-01
5.68288288288289374E-03  4.78435778862546957E-01
5.69285285285286383E-03  4.79137623601606388E-01
5.70282282282283393E-03  4.79839468340665820E-01
5.71279279279280402E-03  4.80541313079725252E-01
5.72276276276277411E-03  4.81243157818784684E-01
5.73273273273274334E-03  4.81945002557844060E-01
5.74270270270271343E-03  4.82646847296903547E-01
5.75267267267268352E-03  4.83348692035962979E-01
5.76264264264265361E-03  4.84050536775022411E-01
5.77261261261262371E-03  4.84752381514081843E-01
5.78258258258259380E-03  4.85454226253141274E-01
5.79255255255256389E-03  4.86156070992200706E-01
5.80252252252253398E-03  4.86857915731260193E-01
5.81249249249250408E-03  4.87559760470319625E-01
5.82246246246247330E-03  4.88261605209379002E-01
5.83243243243244339E-03  4.88963449948438433E-01
5.84240240240241349E-03  4.89665294687497865E-01
5.85237237237238358E-03  4.90367139426557297E-01
5.86234234234235367E-03  4.91068984165616784E-01
5.87231231231232376E-03  4.91770828904676216E-01
5.88228228228229386E-03  4.92472673643735648E-01
5.89225225225226395E-03  4.93174518382795080E-01
5.90222222222223317E-03  4.93876363121854456E-01
5.91219219219220327E-03  4.94578207860913888E-01
5.92216216216217336E-03  4.95280052599973319E-01
5.93213213213214345E-03  4.95981897339032807E-01
5.94210210210211354E-03  4.96683742078092239E-01
5.95207207207208364E-03  4.97385586817151670E-01
5.96204204204205373E-03  4.98087431556211102E-01
5.97201201201202382E-03  4.98789276295270534E-01
5.98198198198199391E-03  4.99491121034330021E-01
5.99195195195196314E-03  5.00192965773389342E-01
6.00192192192193323E-03  5.00894810512448774E-01
6.01189189189190332E-03  5.01596655251508206E-01
6.02186186186187342E-03  5.02298499990567637E-01
6.03183183183184351E-03  5.03000344729627069E-01
6.04180180180181360E-03  5.03702189468686501E-01
6.05177177177178369E-03  5.04404034207746044E-01
6.06174174174175379E-03  5.05105878946805475E-01
6.07171171171172301E-03  5.05807723685864796E-01
6.08168168168169310E-03  5.06509568424924228E-01
6.09165165165166320E-03  5.07211413163983660E-01
6.10162162162163329E-03  5.07913257903043092E-01
6.11159159159160338E-03  5.08615102642102634E-01
6.12156156156157347E-03  5.09316947381162066E-01
6.13153153153154357E-03  5.10018792120221498E-01
6.14150150150151366E-03  5.10720636859280930E-01
6.15147147147148288E-03  5.11422481598340251E-01
6.16144144144145298E-03  5.12124326337399682E-01
6.17141141141142307E-03  5.12826171076459225E-01
6.18138138138139316E-03  5.13528015815518657E-01
6.19135135135136325E-03  5.14229860554578089E-01
6.20132132132133335E-03  5.14931705293637521E-01
6.21129129129130344E-03  5.15633550032696952E-01
6.22126126126127353E-03  5.16335394771756384E-01
6.23123123123124362E-03  5.17037239510815816E-01
6.24120120120121285E-03  5.17739084249875248E-01
6.25117117117118294E-03  5.18440928988934679E-01
6.26114114114115303E-03  5.19142773727994111E-01
6.27111111111112313E-03  5.19844618467053543E-01
6.28108108108109322E-03  5.20546463206112975E-01
6.29105105105106331E-03  5.21248307945172407E-01
6.30102102102103340E-03  5.21950152684231838E-01
6.31099099099100350E-03  5.22651997423291270E-01
6.32096096096097272E-03  5.23353842162350702E-01
6.33093093093094281E-03  5.24055686901410134E-01
6.34090090090091291E-03  5.24757531640469566E-01
6.35087087087088300E-03  5.25459376379528997E-01
6.36084084084085309E-03  5.26161221118588429E-01
6.37081081081082318E-03  5.26863065857647861E-01
6.38078078078079328E-03  5.27564910596707293E-01
6.39075075075076337E-03  5.28266755335766724E-01
6.40072072072073346E-03  5.28968600074826156E-01
6.41069069069070269E-03  5.29670444813885588E-01
6.42066066066067278E-03  5.30372289552945020E-01
6.43063063063064287E-03  5.31074134292004452E-01
6.44060060060061296E-03  5.31775979031063883E-01
6.45057057057058306E-03  5.32477823770123315E-01
6.46054054054055315E-03  5.33179668509182747E-01
6.47051051051052324E-03  5.33881513248242179E-01
6.48048048048049333E-03  5.34583357987301722E-01
6.49045045045046256E-03  5.35285202726361042E-01
6.50042042042043265E-03  5.35987047465420474E-01
6.51039039039040274E-03  5.36688892204479906E-01
6.52036036036037284E-03  5.37390736943539338E-01
6.53033033033034293E-03  5.38092581682598770E-01
6.54030030030031302E-03  5.38794426421658312E-01
6.55027027027028311E-03  5.39496271160717744E-01
6.56024024024025321E-03  5.40198115899777176E-01
6.57021021021022243E-03  5.40899960638836497E-01
6.58018018018019252E-03  5.41601805377895928E-01
6.59015015015016262E-03  5.42303650116955360E-01
6.60012012012013271E-03  5.43005494856014903E-01
6.61009009009010280E-03  5.43707339595074335E-01
6.62006006006007289E-03  5.44409184334133767E-01
6.63003003003004299E-03  5.45111029073193198E-01
6.64000000000001308E-03  5.45812873812252630E-01
6.64996996996998317E-03  5.46514718551312062E-01
6.65993993993995240E-03  5.47216563290371383E-01
6.66990990990992249E-03  5.47918408029430926E-01
6.67987987987989258E-03  5.48620252768490357E-01
6.68984984984986267E-03  5.49322097507549789E-01
6.69981981981983277E-03  5.50023942246609221E-01
6.70978978978980286E-03  5.50725786985668653E-01
6.71975975975977295E-03  5.51427631724728085E-01
6.72972972972974304E-03  5.52129476463787516E-01
6.73969969969971227E-03  5.52831321202846948E-01
6.74966966966968236E-03  5.53533165941906380E-01
6.75963963963965245E-03  5.54235010680965812E-01
6.76960960960962255E-03  5.54936855420025243E-01
6.77957957957959264E-03  5.55638700159084675E-01
6.78954954954956273E-03  5.56340544898144107E-01
6.79951951951953282E-03  5.57042389637203539E-01
6.80948948948950292E-03  5.57744234376262971E-01
6.81945945945947301E-03  5.58446079115322402E-01
6.82942942942944223E-03  5.59147923854381834E-01
6.83939939939941233E-03  5.59849768593441266E-01
6.84936936936938242E-03  5.60551613332500698E-01
6.85933933933935251E-03  5.61253458071560130E-01
6.86930930930932260E-03  5.61955302810619561E-01
6.87927927927929270E-03  5.62657147549678993E-01
6.88924924924926279E-03  5.63358992288738425E-01
6.89921921921923288E-03  5.64060837027797857E-01
6.90918918918920211E-03  5.64762681766857289E-01
6.91915915915917220E-03  5.65464526505916720E-01
6.92912912912914229E-03  5.66166371244976152E-01
6.93909909909911238E-03  5.66868215984035584E-01
6.94906906906908248E-03  5.67570060723095016E-01
6.95903903903905257E-03  5.68271905462154447E-01
6.96900900900902266E-03  5.68973750201213990E-01
6.97897897897899275E-03  5.69675594940273422E-01
6.98894894894896198E-03  5.70377439679332743E-01
6.99891891891893207E-03  5.71079284418392175E-01
7.00888888888890216E-03  5.71781129157451606E-01
7.01885885885887226E-03  5.72482973896511038E-01
7.02882882882884235E-03  5.73184818635570581E-01
7.03879879879881244E-03  5.73886663374630013E-01
7.04876876876878253E-03  5.74588508113689445E-01
7.05873873873875263E-03  5.75290352852748876E-01
7.06870870870872272E-03  5.75992197591808308E-01
7.07867867867869194E-03  5.76694042330867629E-01
7.08864864864866204E-03  5.77395887069927061E-01
7.09861861861863213E-03  5.78097731808986603E-01
7.10858858858860222E-03  5.78799576548045924E-01
7.11855855855857231E-03  5.79501421287105467E-01
7.12852852852854241E-03  5.80203266026164899E-01
7.13849849849851250E-03  5.80905110765224331E-01
7.14846846846848259E-03  5.81352503241041485E-01
7.15843843843845182E-03  5.81624750387397915E-01
7.16840840840842191E-03  5.81896997533754234E-01
7.17837837837839200E-03  5.82169244680110554E-01
7.18834834834836209E-03  5.82441491826466984E-01
7.19831831831833219E-03  5.82713738972823414E-01
7.20828828828830228E-03  5.82985986119179733E-01
7.21825825825827237E-03  5.83258233265536052E-01
7.22822822822824246E-03  5.83530480411892483E-01
7.23819819819821256E-03  5.83802727558248802E-01
7.24816816816818178E-03  5.84074974704605232E-01
7.25813813813815187E-03  5.84347221850961551E-01
7.26810810810812197E-03  5.84619468997317870E-01
7.27807807807809206E-03  5.84891716143674301E-01
7.28804804804806215E-03  5.85163963290030620E-01
7.29801801801803224E-03  5.85436210436387050E-01
7.30798798798800234E-03  5.85708457582743369E-01
7.31795795795797243E-03  5.85980704729099799E-01
7.32792792792794166E-03  5.86252951875456119E-01
7.33789789789791175E-03  5.86525199021812438E-01
7.34786786786788184E-03  5.86797446168168868E-01
7.35783783783785193E-03  5.87069693314525187E-01
7.36780780780782203E-03  5.87341940460881617E-01
7.37777777777779212E-03  5.87614187607237937E-01
7.38774774774776221E-03  5.87886434753594367E-01
7.39771771771773230E-03  5.88158681899950686E-01
7.40768768768770153E-03  5.88430929046307005E-01
7.41765765765767162E-03  5.88703176192663435E-01
7.42762762762764171E-03  5.88975423339019755E-01
7.43759759759761181E-03  5.89247670485376185E-01
7.44756756756758190E-03  5.89519917631732504E-01
7.45753753753755199E-03  5.89792164778088823E-01
7.46750750750752208E-03  5.90064411924445253E-01
7.47747747747749218E-03  5.90336659070801684E-01
7.48744744744746227E-03  5.90608906217158003E-01
7.49741741741743149E-03  5.90881153363514322E-01
7.50738738738740159E-03  5.91153400509870752E-01
7.51735735735737168E-03  5.91425647656227071E-01
7.52732732732734177E-03  5.91697894802583502E-01
7.53729729729731186E-03  5.91970141948939821E-01
7.54726726726728196E-03  5.92242389095296140E-01
7.55723723723725205E-03  5.92514636241652570E-01
7.56720720720722214E-03  5.92786883388009000E-01
7.57717717717719137E-03  5.93059130534365320E-01
7.58714714714716146E-03  5.93331377680721639E-01
7.59711711711713155E-03  5.93603624827077958E-01
7.60708708708710164E-03  5.93875871973434388E-01
7.61705705705707174E-03  5.94148119119790818E-01
7.62702702702704183E-03  5.94420366266147138E-01
7.63699699699701192E-03  5.94692613412503457E-01
7.64696696696698201E-03  5.94964860558859887E-01
7.65693693693695124E-03  5.95237107705216206E-01
7.66690690690692133E-03  5.95509354851572636E-01
7.67687687687689142E-03  5.95781601997928956E-01
7.68684684684686152E-03  5.96053849144285275E-01
7.69681681681683161E-03  5.96326096290641705E-01
7.70678678678680170E-03  5.96598343436998135E-01
7.71675675675677179E-03  5.96870590583354454E-01
7.72672672672674189E-03  5.97142837729710774E-01
7.73669669669671198E-03  5.97415084876067204E-01
7.74666666666668120E-03  5.97687332022423523E-01
7.75663663663665130E-03  5.97959579168779953E-01
7.76660660660662139E-03  5.98231826315136272E-01
7.77657657657659148E-03  5.98504073461492592E-01
7.78654654654656157E-03  5.98776320607849022E-01
7.79651651651653167E-03  5.99048567754205341E-01
7.80648648648650176E-03  5.99320814900561771E-01
7.81645645645647098E-03  5.99593062046918091E-01
7.82642642642644194E-03  5.99865309193274521E-01
7.83639639639641117E-03  6.00137556339630840E-01
7.84636636636638213E-03  6.00409803485987270E-01
7.85633633633635135E-03  6.00682050632343589E-01
7.86630630630632058E-03  6.00954297778699909E-01
7.87627627627629154E-03  6.01226544925056339E-01
7.88624624624626076E-03  6.01498792071412658E-01
7.89621621621623172E-03  6.01771039217769088E-01
7.90618618618620095E-03  6.02043286364125407E-01
7.91615615615617191E-03  6.02315533510481727E-01
7.92612612612614113E-03  6.02587780656838157E-01
7.93609609609611209E-03  6.02860027803194587E-01
7.94606606606608132E-03  6.03132274949550906E-01
7.95603603603605054E-03  6.03404522095907225E-01
7.96600600600602150E-03  6.03676769242263656E-01
7.97597597597599073E-03  6.03949016388619975E-01
7.98594594594596169E-03  6.04221263534976405E-01
7.99591591591593091E-03  6.04493510681332724E-01
8.00588588588590187E-03  6.04765757827689043E-01
8.01585585585587110E-03  6.05038004974045474E-01
8.02582582582584206E-03  6.05310252120401793E-01
8.03579579579581128E-03  6.05582499266758223E-01
8.04576576576578051E-03  6.05854746413114542E-01
8.05573573573575147E-03  6.06126993559470861E-01
8.06570570570572069E-03  6.06399240705827292E-01
8.07567567567569165E-03  6.06671487852183722E-01
8.08564564564566088E-03  6.06943734998540041E-01
8.09561561561563184E-03  6.07215982144896360E-01
8.10558558558560106E-03  6.07488229291252679E-01
8.11555555555557202E-03  6.07760476437609110E-01
8.12552552552554125E-03  6.08032723583965540E-01
8.13549549549551047E-03  6.08304970730321859E-01
8.14546546546548143E-03  6.08577217876678178E-01
8.15543543543545066E-03  6.08849465023034608E-01
8.16540540540542162E-03  6.09121712169390928E-01
8.17537537537539084E-03  6.09393959315747358E-01
8.18534534534536180E-03  6.09666206462103677E-01
8.19531531531533103E-03  6.09938453608459996E-01
8.20528528528530025E-03  6.10210700754816426E-01
8.21525525525527121E-03  6.10482947901172857E-01
8.22522522522524044E-03  6.10755195047529176E-01
8.23519519519521140E-03  6.11027442193885495E-01
8.24516516516518062E-03  6.11299689340241814E-01
8.25513513513515158E-03  6.11571936486598244E-01
8.26510510510512081E-03  6.11844183632954675E-01
8.27507507507509177E-03  6.12116430779310994E-01
8.28504504504506099E-03  6.12388677925667313E-01
8.29501501501503022E-03  6.12660925072023743E-01
8.30498498498500118E-03  6.12933172218380062E-01
8.31495495495497040E-03  6.13205419364736493E-01
8.32492492492494136E-03  6.13477666511092812E-01
8.33489489489491059E-03  6.13749913657449131E-01
8.34486486486488155E-03  6.14022160803805561E-01
8.35483483483485077E-03  6.14294407950161991E-01
8.36480480480482173E-03  6.14566655096518311E-01
8.37477477477479096E-03  6.14838902242874630E-01
8.38474474474476018E-03  6.15111149389230949E-01
8.39471471471473114E-03  6.15383396535587379E-01
8.40468468468470037E-03  6.15655643681943809E-01
8.41465465465467133E-03  6.15927890828300129E-01
8.42462462462464055E-03  6.16200137974656448E-01
8.43459459459461151E-03  6.16472385121012878E-01
8.44456456456458074E-03  6.16744632267369197E-01
8.45453453453454996E-03  6.17016879413725627E-01
8.46450450450452092E-03  6.17289126560081947E-01
8.47447447447449015E-03  6.17561373706438266E-01
8.48444444444446111E-03  6.17833620852794696E-01
8.49441441441443033E-03  6.18105867999151015E-01
8.50438438438440129E-03  6.18378115145507445E-01
8.51435435435437052E-03  6.18650362291863765E-01
8.52432432432434148E-03  6.18922609438220195E-01
8.53429429429431070E-03  6.19194856584576514E-01
8.54426426426427993E-03  6.19467103730932944E-01
8.55423423423425089E-03  6.19739350877289263E-01
8.56420420420422011E-03  6.20011598023645583E-01
8.57417417417419107E-03  6.20283845170002013E-01
8.58414414414416030E-03  6.20556092316358332E-01
8.59411411411413126E-03  6.20828339462714762E-01
8.60408408408410048E-03  6.21100586609071081E-01
8.61405405405407144E-03  6.21372833755427512E-01
8.62402402402404067E-03  6.21645080901783831E-01
8.63399399399400989E-03  6.21917328048140150E-01
8.64396396396398085E-03  6.22189575194496580E-01
8.65393393393395008E-03  6.22461822340852899E-01
8.66390390390392104E-03  6.22734069487209330E-01
8.67387387387389026E-03  6.23006316633565649E-01
8.68384384384386122E-03  6.23278563779922079E-01
8.69381381381383045E-03  6.23550810926278398E-01
8.70378378378379967E-03  6.23823058072634717E-01
8.71375375375377063E-03  6.24095305218991148E-01
8.72372372372373986E-03  6.24367552365347467E-01
8.73369369369371082E-03  6.24639799511703897E-01
8.74366366366368004E-03  6.24912046658060216E-01
8.75363363363365100E-03  6.25184293804416646E-01
8.76360360360362023E-03  6.25456540950772966E-01
8.77357357357359119E-03  6.25728788097129396E-01
8.78354354354356041E-03  6.26001035243485715E-01
8.79351351351352964E-03  6.26273282389842034E-01
8.80348348348350060E-03  6.26545529536198464E-01
8.81345345345346982E-03  6.26817776682554784E-01
8.82342342342344078E-03  6.27090023828911214E-01
8.83339339339341001E-03  6.27362270975267533E-01
8.84336336336338097E-03  6.27634518121623963E-01
8.85333333333335019E-03  6.27906765267980282E-01
8.86330330330332115E-03  6.28179012414336713E-01
8.87327327327329038E-03  6.28451259560693032E-01
8.88324324324325960E-03  6.28723506707049351E-01
8.89321321321323056E-03  6.28995753853405781E-01
8.90318318318319979E-03  6.29268000999762100E-01
8.91315315315317075E-03  6.29540248146118531E-01
8.92312312312313997E-03  6.29812495292474850E-01
8.93309309309311093E-03  6.30084742438831169E-01
8.94306306306308016E-03  6.30356989585187599E-01
8.95303303303305112E-03  6.30629236731544029E-01
8.96300300300302034E-03  6.30901483877900349E-01
8.97297297297298957E-03  6.31173731024256668E-01
8.98294294294296053E-03  6.31445978170613098E-01
8.99291291291292975E-03  6.31718225316969417E-01
9.00288288288290071E-03  6.31990472463325847E-01
9.01285285285286994E-03  6.32262719609682167E-01
9.02282282282284090E-03  6.32534966756038486E-01
9.03279279279281012E-03  6.32807213902394916E-01
9.04276276276277935E-03  6.33079461048751235E-01
9.05273273273275031E-03  6.33351708195107665E-01
9.06270270270271953E-03  6.33623955341463985E-01
9.07267267267269049E-03  6.33896202487820304E-01
9.08264264264265972E-03  6.34168449634176734E-01
9.09261261261263068E-03  6.34440696780533164E-01
9.10258258258259990E-03  6.34712943926889483E-01
9.11255255255257086E-03  6.34985191073245803E-01
9.12252252252254009E-03  6.35257438219602122E-01
9.13249249249250931E-03  6.35529685365958552E-01
9.14246246246248027E-03  6.35801932512314982E-01
9.15243243243244950E-03  6.36074179658671301E-01
9.16240240240242046E-03  6.36346426805027621E-01
9.17237237237238968E-03  6.36618673951383940E-01
9.18234234234236064E-03  6.36890921097740481E-01
9.19231231231232987E-03  6.37163168244096800E-01
9.20228228228230083E-03  6.37435415390453119E-01
9.21225225225227005E-03  6.37707662536809439E-01
9.22222222222223928E-03  6.37979909683165869E-01
9.23219219219221024E-03  6.38252156829522299E-01
9.24216216216217946E-03  6.38524403975878618E-01
9.25213213213215042E-03  6.38796651122234938E-01
9.26210210210211965E-03  6.39068898268591257E-01
9.27207207207209061E-03  6.39341145414947798E-01
9.28204204204205983E-03  6.39613392561304117E-01
9.29201201201202906E-03  6.39885639707660436E-01
9.30198198198200002E-03  6.40157886854016756E-01
9.31195195195196924E-03  6.40430134000373075E-01
9.32192192192194020E-03  6.40702381146729616E-01
9.33189189189190943E-03  6.40974628293085935E-01
9.34186186186188039E-03  6.41246875439442254E-01
9.35183183183184961E-03  6.41519122585798574E-01
9.36180180180182057E-03  6.41791369732155004E-01
9.37177177177178980E-03  6.42063616878511434E-01
9.38174174174175902E-03  6.42335864024867753E-01
9.39171171171172998E-03  6.42608111171224072E-01
9.40168168168169921E-03  6.42880358317580392E-01
9.41165165165167017E-03  6.43152605463936822E-01
9.42162162162163939E-03  6.43424852610293252E-01
9.43159159159161035E-03  6.43697099756649571E-01
9.44156156156157958E-03  6.43969346903005890E-01
9.45153153153155054E-03  6.44241594049362321E-01
9.46150150150151976E-03  6.44513841195718751E-01
9.47147147147148899E-03  6.44786088342075070E-01
9.48144144144145995E-03  6.45058335488431389E-01
9.49141141141142917E-03  6.45330582634787708E-01
9.50138138138140013E-03  6.45602829781144139E-01
9.51135135135136936E-03  6.45875076927500569E-01
9.52132132132134032E-03  6.46147324073856888E-01
9.53129129129130954E-03  6.46419571220213207E-01
9.54126126126127877E-03  6.46691818366569526E-01
9.55123123123124973E-03  6.46964065512925957E-01
9.56120120120121895E-03  6.47236312659282387E-01
9.57117117117118991E-03  6.47508559805638706E-01
9.58114114114115914E-03  6.47780806951995025E-01
9.59111111111113010E-03  6.48053054098351455E-01
9.60108108108109932E-03  6.48325301244707886E-01
9.61105105105107028E-03  6.48597548391064205E-01
9.62102102102103951E-03  6.48869795537420524E-01
9.63099099099100874E-03  6.49142042683776843E-01
9.64096096096097969E-03  6.49414289830133273E-01
9.65093093093094892E-03  6.49686536976489704E-01
9.66090090090091988E-03  6.49958784122846023E-01
9.67087087087088910E-03  6.50231031269202342E-01
9.68084084084086006E-03  6.50503278415558772E-01
9.69081081081082929E-03  6.50775525561915091E-01
9.70078078078080025E-03  6.51047772708271522E-01
9.71075075075076947E-03  6.51320019854627841E-01
9.72072072072073870E-03  6.51592267000984160E-01
9.73069069069070966E-03  6.51864514147340590E-01
9.74066066066067889E-03  6.52136761293696909E-01
9.75063063063064984E-03  6.52409008440053340E-01
9.76060060060061907E-03  6.52681255586409659E-01
9.77057057057059003E-03  6.52953502732766089E-01
9.78054054054055926E-03  6.53225749879122408E-01
9.79051051051053021E-03  6.53497997025478838E-01
9.80048048048049944E-03  6.53770244171835158E-01
9.81045045045046867E-03  6.54042491318191477E-01
9.82042042042043963E-03  6.54314738464547907E-01
9.83039039039040885E-03  6.54586985610904226E-01
9.84036036036037981E-03  6.54859232757260656E-01
9.85033033033034904E-03  6.55131479903616976E-01
9.86030030030031999E-03  6.55403727049973295E-01
9.87027027027028922E-03  6.55675974196329725E-01
9.88024024024025845E-03  6.55948221342686044E-01
9.89021021021022941E-03  6.56220468489042474E-01
9.90018018018019863E-03  6.56492715635398794E-01
9.91015015015016959E-03  6.56764962781755224E-01
9.92012012012013882E-03  6.57037209928111543E-01
9.93009009009010978E-03  6.57309457074467973E-01
9.94006006006007900E-03  6.57581704220824292E-01
9.95003003003004996E-03  6.57853951367180612E-01
9.96000000000001919E-03  6.58126198513537042E-01
