0.00000000000000000E+00  0.00000000000000000E+00
9.96996996997004506E-06  5.59045913127106768E-03
1.99399399399400901E-05  1.11809182625421354E-02
2.99099099099101352E-05  1.67713773938132013E-02
3.98798798798801802E-05  2.23618365250842707E-02
4.98498498498502253E-05  2.79522956563553367E-02
5.98198198198202704E-05  3.35427547876264026E-02
6.97897897897903222E-05  3.91332139188974790E-02
7.97597597597603605E-05  4.47236730501685414E-02
8.97297297297303988E-05  5.03141321814396039E-02
9.96996996997004506E-05  5.59045913127106733E-02
1.09669669669670502E-04  6.14950504439817427E-02
1.19639639639640541E-04  6.70855095752528052E-02
1.29609609609610579E-04  7.26759687065238746E-02
1.39579579579580644E-04  7.82664278377949579E-02
1.49549549549550683E-04  8.38568869690660135E-02
1.59519519519520721E-04  8.94473461003370829E-02
1.69489489489490759E-04  9.03710678584353500E-02
1.79459459459460798E-04  9.10584991166267232E-02
1.89429429429430863E-04  9.17459303748180965E-02
1.99399399399400901E-04  9.24333616330094698E-02
2.09369369369370939E-04  9.31207928912008431E-02
2.19339339339341005E-04  9.38082241493922303E-02
2.29309309309311043E-04  9.44956554075836036E-02
2.39279279279281081E-04  9.51830866657749769E-02
2.49249249249251120E-04  9.58705179239663641E-02
2.59219219219221158E-04  9.65579491821577374E-02
2.69189189189191196E-04  9.72453804403491107E-02
2.79159159159161289E-04  9.79328116985404840E-02
2.89129129129131327E-04  9.86202429567318711E-02
2.99099099099101365E-04  9.93076742149232444E-02
3.09069069069071404E-04  9.99951054731146177E-02
3.19039039039041442E-04  1.00682536731306005E-01
3.29009009009011480E-04  1.01369967989497378E-01
3.38978978978981518E-04  1.02057399247688751E-01
3.48948948948951557E-04  1.02744830505880125E-01
3.58918918918921595E-04  1.03432261764071498E-01
3.68888888888891688E-04  1.04119693022262885E-01
3.78858858858861726E-04  1.04807124280454259E-01
3.88828828828831764E-04  1.05494555538645632E-01
3.98798798798801802E-04  1.06181986796837019E-01
4.08768768768771841E-04  1.06869418055028392E-01
4.18738738738741879E-04  1.07556849313219766E-01
4.28708708708711917E-04  1.08244280571411139E-01
4.38678678678682010E-04  1.08931711829602526E-01
4.48648648648652048E-04  1.09619143087793899E-01
4.58618618618622086E-04  1.10306574345985287E-01
4.68588588588592125E-04  1.10994005604176660E-01
4.78558558558562163E-04  1.11681436862368033E-01
4.88528528528532255E-04  1.12368868120559406E-01
4.98498498498502239E-04  1.13056299378750780E-01
5.08468468468472332E-04  1.13743730636942153E-01
5.18438438438442316E-04  1.14431161895133526E-01
5.28408408408412409E-04  1.15118593153324913E-01
5.38378378378382393E-04  1.15806024411516287E-01
5.48348348348352485E-04  1.16493455669707674E-01
5.58318318318322578E-04  1.17180886927899047E-01
5.68288288288292562E-04  1.17868318186090421E-01
5.78258258258262654E-04  1.18555749444281794E-01
5.88228228228232638E-04  1.19243180702473167E-01
5.98198198198202731E-04  1.19930611960664554E-01
6.08168168168172715E-04  1.20618043218855928E-01
6.18138138138142807E-04  1.21305474477047315E-01
6.28108108108112791E-04  1.21992905735238688E-01
6.38078078078082884E-04  1.22680336993430061E-01
6.48048048048052976E-04  1.23367768251621435E-01
6.58018018018022960E-04  1.24055199509812808E-01
6.67987987987993053E-04  1.24742630768004195E-01
6.77957957957963037E-04  1.25430062026195555E-01
6.87927927927933129E-04  1.26117493284386956E-01
6.97897897897903114E-04  1.26804924542578329E-01
7.07867867867873206E-04  1.27492355800769702E-01
7.17837837837843190E-04  1.28179787058961075E-01
7.27807807807813283E-04  1.28867218317152449E-01
7.37777777777783375E-04  1.29554649575343850E-01
7.47747747747753359E-04  1.30242080833535223E-01
7.57717717717723452E-04  1.30929512091726596E-01
7.67687687687693436E-04  1.31616943349917970E-01
7.77657657657663528E-04  1.32304374608109343E-01
7.87627627627633512E-04  1.32991805866300716E-01
7.97597597597603605E-04  1.33679237124492090E-01
8.07567567567573697E-04  1.34366668382683463E-01
8.17537537537543681E-04  1.35054099640874836E-01
8.27507507507513774E-04  1.35741530899066210E-01
8.37477477477483758E-04  1.36428962157257583E-01
8.47447447447453850E-04  1.37116393415448984E-01
8.57417417417423834E-04  1.37803824673640357E-01
8.67387387387393927E-04  1.38491255931831730E-01
8.77357357357364019E-04  1.39178687190023104E-01
8.87327327327334004E-04  1.39866118448214477E-01
8.97297297297304096E-04  1.40553549706405878E-01
9.07267267267274080E-04  1.41240980964597251E-01
9.17237237237244173E-04  1.41928412222788625E-01
9.27207207207214157E-04  1.42615843480979998E-01
9.37177177177184249E-04  1.43303274739171371E-01
9.47147147147154233E-04  1.43990705997362745E-01
9.57117117117124326E-04  1.44678137255554118E-01
9.67087087087094418E-04  1.45365568513745491E-01
9.77057057057064511E-04  1.46052999771936864E-01
9.87027027027034386E-04  1.46740431030128238E-01
9.96996996997004479E-04  1.47427862288319611E-01
1.00696696696697457E-03  1.48115293546511012E-01
1.01693693693694466E-03  1.48802724804702385E-01
1.02690690690691454E-03  1.49490156062893759E-01
1.03687687687688463E-03  1.50177587321085132E-01
1.04684684684685472E-03  1.50865018579276533E-01
1.05681681681682482E-03  1.51552449837467906E-01
1.06678678678679491E-03  1.52239881095659280E-01
1.07675675675676479E-03  1.52927312353850653E-01
1.08672672672673488E-03  1.53614743612042026E-01
1.09669669669670497E-03  1.54302174870233400E-01
1.10666666666667506E-03  1.54989606128424773E-01
1.11663663663664516E-03  1.55677037386616146E-01
1.12660660660661503E-03  1.56364468644807519E-01
1.13657657657658512E-03  1.57051899902998893E-01
1.14654654654655522E-03  1.57739331161190294E-01
1.15651651651652531E-03  1.58426762419381667E-01
1.16648648648649518E-03  1.59114193677573040E-01
1.17645645645646528E-03  1.59801624935764414E-01
1.18642642642643537E-03  1.60489056193955815E-01
1.19639639639640546E-03  1.61176487452147188E-01
1.20636636636637555E-03  1.61863918710338561E-01
1.21633633633634543E-03  1.62551349968529935E-01
1.22630630630631552E-03  1.63238781226721308E-01
1.23627627627628561E-03  1.63926212484912681E-01
1.24624624624625571E-03  1.64613643743104054E-01
1.25621621621622558E-03  1.65301075001295428E-01
1.26618618618619568E-03  1.65988506259486801E-01
1.27615615615616577E-03  1.66675937517678174E-01
1.28612612612613586E-03  1.67363368775869548E-01
1.29609609609610595E-03  1.68050800034060949E-01
1.30606606606607583E-03  1.68738231292252294E-01
1.31603603603604592E-03  1.69425662550443695E-01
1.32600600600601601E-03  1.70113093808635069E-01
1.33597597597598611E-03  1.70800525066826470E-01
1.34594594594595598E-03  1.71487956325017815E-01
1.35591591591592607E-03  1.72175387583209216E-01
1.36588588588589617E-03  1.72862818841400590E-01
1.37585585585586626E-03  1.73550250099591963E-01
1.38582582582583635E-03  1.74237681357783336E-01
1.39579579579580623E-03  1.74925112615974709E-01
1.40576576576577632E-03  1.75612543874166083E-01
1.41573573573574641E-03  1.76299975132357456E-01
1.42570570570571650E-03  1.76987406390548829E-01
1.43567567567568638E-03  1.77674837648740203E-01
1.44564564564565647E-03  1.78362268906931576E-01
1.45561561561562657E-03  1.79049700165122977E-01
1.46558558558559666E-03  1.79737131423314350E-01
1.47555555555556675E-03  1.80424562681505751E-01
1.48552552552553663E-03  1.81111993939697097E-01
1.49549549549550672E-03  1.81799425197888498E-01
1.50546546546547681E-03  1.82486856456079871E-01
1.51543543543544690E-03  1.83174287714271244E-01
1.52540540540541700E-03  1.83861718972462618E-01
1.53537537537538687E-03  1.84549150230653991E-01
1.54534534534535696E-03  1.85236581488845364E-01
1.55531531531532706E-03  1.85924012747036738E-01
1.56528528528529715E-03  1.86611444005228111E-01
1.57525525525526702E-03  1.87298875263419484E-01
1.58522522522523712E-03  1.87986306521610858E-01
1.59519519519520721E-03  1.88673737779802231E-01
1.60516516516517730E-03  1.89361169037993632E-01
1.61513513513514739E-03  1.90048600296185005E-01
1.62510510510511727E-03  1.90736031554376378E-01
1.63507507507508736E-03  1.91423462812567752E-01
1.64504504504505746E-03  1.92110894070759153E-01
1.65501501501502755E-03  1.92798325328950526E-01
1.66498498498499742E-03  1.93485756587141899E-01
1.67495495495496752E-03  1.94173187845333273E-01
1.68492492492493761E-03  1.94860619103524646E-01
1.69489489489490770E-03  1.95548050361716019E-01
1.70486486486487779E-03  1.96235481619907393E-01
1.71483483483484767E-03  1.96922912878098766E-01
1.72480480480481776E-03  1.97610344136290139E-01
1.73477477477478785E-03  1.98297775394481512E-01
1.74474474474475795E-03  1.98985206652672914E-01
1.75471471471472804E-03  1.99672637910864287E-01
1.76468468468469791E-03  2.00360069169055660E-01
1.77465465465466801E-03  2.01047500427247033E-01
1.78462462462463810E-03  2.01734931685438434E-01
1.79459459459460819E-03  2.02422362943629808E-01
1.80456456456457807E-03  2.03109794201821181E-01
1.81453453453454816E-03  2.03797225460012554E-01
1.82450450450451825E-03  2.04484656718203928E-01
1.83447447447448835E-03  2.05172087976395301E-01
1.84444444444445844E-03  2.05859519234586674E-01
1.85441441441442831E-03  2.06546950492778048E-01
1.86438438438439841E-03  2.07234381750969421E-01
1.87435435435436850E-03  2.07921813009160794E-01
1.88432432432433859E-03  2.08609244267352167E-01
1.89429429429430847E-03  2.09296675525543541E-01
1.90426426426427856E-03  2.09984106783734914E-01
1.91423423423424865E-03  2.10671538041926287E-01
1.92420420420421874E-03  2.11358969300117716E-01
1.93417417417418884E-03  2.12046400558309089E-01
1.94414414414415871E-03  2.12733831816500463E-01
1.95411411411412902E-03  2.13421263074691836E-01
1.96408408408409868E-03  2.14108694332883209E-01
1.97405405405406877E-03  2.14796125591074583E-01
1.98402402402403887E-03  2.15483556849265956E-01
1.99399399399400896E-03  2.16170988107457329E-01
2.00396396396397905E-03  2.16858419365648702E-01
2.01393393393394914E-03  2.17545850623840076E-01
2.02390390390391924E-03  2.18233281882031449E-01
2.03387387387388933E-03  2.18920713140222822E-01
2.04384384384385942E-03  2.19608144398414251E-01
2.05381381381382908E-03  2.20295575656605569E-01
2.06378378378379917E-03  2.20983006914796942E-01
2.07375375375376926E-03  2.21670438172988316E-01
2.08372372372373936E-03  2.22357869431179744E-01
2.09369369369370945E-03  2.23045300689371118E-01
2.10366366366367954E-03  2.23732731947562491E-01
2.11363363363364963E-03  2.24420163205753864E-01
2.12360360360361973E-03  2.25107594463945238E-01
2.13357357357358982E-03  2.25795025722136611E-01
2.14354354354355948E-03  2.26482456980327984E-01
2.15351351351352957E-03  2.27169888238519357E-01
2.16348348348349966E-03  2.27857319496710731E-01
2.17345345345346976E-03  2.28544750754902104E-01
2.18342342342343985E-03  2.29232182013093477E-01
2.19339339339340994E-03  2.29919613271284851E-01
2.20336336336338003E-03  2.30607044529476224E-01
2.21333333333335013E-03  2.31294475787667653E-01
2.22330330330332022E-03  2.31981907045859026E-01
2.23327327327329031E-03  2.32669338304050399E-01
2.24324324324325997E-03  2.33356769562241717E-01
2.25321321321323006E-03  2.34044200820433146E-01
2.26318318318320015E-03  2.34731632078624519E-01
2.27315315315317025E-03  2.35419063336815892E-01
2.28312312312314034E-03  2.36106494595007266E-01
2.29309309309311043E-03  2.36793925853198639E-01
2.30306306306308052E-03  2.37481357111390012E-01
2.31303303303305062E-03  2.38168788369581386E-01
2.32300300300302071E-03  2.38856219627772759E-01
2.33297297297299037E-03  2.39543650885964132E-01
2.34294294294296046E-03  2.40231082144155506E-01
2.35291291291293055E-03  2.40918513402346879E-01
2.36288288288290065E-03  2.41605944660538252E-01
2.37285285285287074E-03  2.42293375918729681E-01
2.38282282282284083E-03  2.42980807176921054E-01
2.39279279279281092E-03  2.43668238435112428E-01
2.40276276276278102E-03  2.44355669693303801E-01
2.41273273273275111E-03  2.45043100951495174E-01
2.42270270270272077E-03  2.45730532209686547E-01
2.43267267267269086E-03  2.46417963467877921E-01
2.44264264264266095E-03  2.47105394726069294E-01
2.45261261261263104E-03  2.47792825984260667E-01
2.46258258258260114E-03  2.48480257242452041E-01
2.47255255255257123E-03  2.49167688500643414E-01
2.48252252252254132E-03  2.49855119758834787E-01
2.49249249249251141E-03  2.50542551017026160E-01
2.50246246246248151E-03  2.51229982275217589E-01
2.51243243243245117E-03  2.51917413533408907E-01
2.52240240240242126E-03  2.52604844791600280E-01
2.53237237237239135E-03  2.53292276049791654E-01
2.54234234234236144E-03  2.53979707307983082E-01
2.55231231231233154E-03  2.54667138566174456E-01
2.56228228228230163E-03  2.55354569824365829E-01
2.57225225225227172E-03  2.56042001082557202E-01
2.58222222222224181E-03  2.56729432340748576E-01
2.59219219219221191E-03  2.57416863598939949E-01
2.60216216216218156E-03  2.58104294857131322E-01
2.61213213213215166E-03  2.58791726115322696E-01
2.62210210210212175E-03  2.59479157373514069E-01
2.63207207207209184E-03  2.60166588631705442E-01
2.64204204204206193E-03  2.60854019889896815E-01
2.65201201201203203E-03  2.61541451148088189E-01
2.66198198198200212E-03  2.62228882406279618E-01
2.67195195195197221E-03  2.62916313664470991E-01
2.68192192192194230E-03  2.63603744922662364E-01
2.69189189189191196E-03  2.64291176180853682E-01
2.70186186186188206E-03  2.64978607439045111E-01
2.71183183183185215E-03  2.65666038697236484E-01
2.72180180180182224E-03  2.66353469955427857E-01
2.73177177177179233E-03  2.67040901213619231E-01
2.74174174174176243E-03  2.67728332471810604E-01
2.75171171171173252E-03  2.68415763730001977E-01
2.76168168168170261E-03  2.69103194988193350E-01
2.77165165165167270E-03  2.69790626246384724E-01
2.78162162162164236E-03  2.70478057504576097E-01
2.79159159159161245E-03  2.71165488762767470E-01
2.80156156156158255E-03  2.71852920020958844E-01
2.81153153153155264E-03  2.72540351279150217E-01
2.82150150150152273E-03  2.73227782537341590E-01
2.83147147147149282E-03  2.73915213795533019E-01
2.84144144144146292E-03  2.74602645053724392E-01
2.85141141141143301E-03  2.75290076311915766E-01
2.86138138138140310E-03  2.75977507570107139E-01
2.87135135135137276E-03  2.76664938828298512E-01
2.88132132132134285E-03  2.77352370086489886E-01
2.89129129129131295E-03  2.78039801344681259E-01
2.90126126126128304E-03  2.78727232602872632E-01
2.91123123123125313E-03  2.79414663861064005E-01
2.92120120120122322E-03  2.80102095119255379E-01
2.93117117117119332E-03  2.80789526377446752E-01
2.94114114114116341E-03  2.81476957635638125E-01
2.95111111111113350E-03  2.82164388893829554E-01
2.96108108108110359E-03  2.82851820152020927E-01
2.97105105105107325E-03  2.83539251410212245E-01
2.98102102102104334E-03  2.84226682668403619E-01
2.99099099099101344E-03  2.84914113926595047E-01
3.00096096096098353E-03  2.85601545184786421E-01
3.01093093093095362E-03  2.86288976442977794E-01
3.02090090090092371E-03  2.86976407701169167E-01
3.03087087087089381E-03  2.87663838959360540E-01
3.04084084084086390E-03  2.88351270217551914E-01
3.05081081081083399E-03  2.89038701475743287E-01
3.06078078078080365E-03  2.89726132733934660E-01
3.07075075075077374E-03  2.90413563992126034E-01
3.08072072072074384E-03  2.91100995250317407E-01
3.09069069069071393E-03  2.91788426508508780E-01
3.10066066066068402E-03  2.92475857766700154E-01
3.11063063063065411E-03  2.93163289024891527E-01
3.12060060060062421E-03  2.93850720283082956E-01
3.13057057057059430E-03  2.94538151541274329E-01
3.14054054054056439E-03  2.95225582799465702E-01
3.15051051051053405E-03  2.95913014057657020E-01
3.16048048048050414E-03  2.96600445315848449E-01
3.17045045045047423E-03  2.97287876574039822E-01
3.18042042042044433E-03  2.97975307832231195E-01
3.19039039039041442E-03  2.98662739090422569E-01
3.20036036036038451E-03  2.99350170348613942E-01
3.21033033033035460E-03  3.00037601606805315E-01
3.22030030030032470E-03  3.00725032864996689E-01
3.23027027027029479E-03  3.01412464123188062E-01
3.24024024024026445E-03  3.02099895381379435E-01
3.25021021021023454E-03  3.02787326639570809E-01
3.26018018018020463E-03  3.03474757897762182E-01
3.27015015015017473E-03  3.04162189155953555E-01
3.28012012012014482E-03  3.04849620414144984E-01
3.29009009009011491E-03  3.05537051672336357E-01
3.30006006006008500E-03  3.06224482930527730E-01
3.31003003003005510E-03  3.06911914188719104E-01
3.32000000000002519E-03  3.07599345446910477E-01
3.32996996996999485E-03  3.08286776705101850E-01
3.33993993993996494E-03  3.08974207963293224E-01
3.34990990990993503E-03  3.09661639221484597E-01
3.35987987987990512E-03  3.10349070479675970E-01
3.36984984984987522E-03  3.11036501737867344E-01
3.37981981981984531E-03  3.11723932996058717E-01
3.38978978978981540E-03  3.12411364254250090E-01
3.39975975975978549E-03  3.13098795512441463E-01
3.40972972972975559E-03  3.13786226770632892E-01
3.41969969969972525E-03  3.14473658028824210E-01
3.42966966966969534E-03  3.15161089287015583E-01
3.43963963963966543E-03  3.15848520545206957E-01
3.44960960960963552E-03  3.16535951803398385E-01
3.45957957957960562E-03  3.17223383061589759E-01
3.46954954954957571E-03  3.17910814319781132E-01
3.47951951951954580E-03  3.18598245577972505E-01
3.48948948948951589E-03  3.19285676836163879E-01
3.49945945945948599E-03  3.19973108094355252E-01
3.50942942942945608E-03  3.20660539352546625E-01
3.51939939939942574E-03  3.21347970610737999E-01
3.52936936936939583E-03  3.22035401868929372E-01
3.53933933933936592E-03  3.22722833127120745E-01
3.54930930930933601E-03  3.23410264385312118E-01
3.55927927927930611E-03  3.24097695643503492E-01
3.56924924924927620E-03  3.24785126901694920E-01
3.57921921921924629E-03  3.25472558159886294E-01
3.58918918918921638E-03  3.26159989418077667E-01
3.59915915915918648E-03  3.26847420676269040E-01
3.60912912912915614E-03  3.27534851934460414E-01
3.61909909909912623E-03  3.28222283192651787E-01
3.62906906906909632E-03  3.28909714450843160E-01
3.63903903903906641E-03  3.29597145709034534E-01
3.64900900900903651E-03  3.30284576967225907E-01
3.65897897897900660E-03  3.30972008225417280E-01
3.66894894894897669E-03  3.31659439483608709E-01
3.67891891891894678E-03  3.32346870741800082E-01
3.68888888888891688E-03  3.33034301999991456E-01
3.69885885885888653E-03  3.33721733258182773E-01
3.70882882882885663E-03  3.34409164516374147E-01
3.71879879879882672E-03  3.35096595774565575E-01
3.72876876876879681E-03  3.35784027032756949E-01
3.73873873873876690E-03  3.36471458290948322E-01
3.74870870870873700E-03  3.37158889549139695E-01
3.75867867867870709E-03  3.37846320807331069E-01
3.76864864864867718E-03  3.38533752065522442E-01
3.77861861861864727E-03  3.39221183323713815E-01
3.78858858858861693E-03  3.39908614581905189E-01
3.79855855855858703E-03  3.40596045840096562E-01
3.80852852852855712E-03  3.41283477098287935E-01
3.81849849849852721E-03  3.41970908356479308E-01
3.82846846846849730E-03  3.42658339614670682E-01
3.83843843843846740E-03  3.43345770872862111E-01
3.84840840840843749E-03  3.44033202131053484E-01
3.85837837837840758E-03  3.44720633389244857E-01
3.86834834834837767E-03  3.45408064647436230E-01
3.87831831831834733E-03  3.46095495905627604E-01
3.88828828828831742E-03  3.46782927163818977E-01
3.89825825825828752E-03  3.47470358422010350E-01
3.90822822822825804E-03  3.48157789680201724E-01
3.91819819819822814E-03  3.48845220938393152E-01
3.92816816816819736E-03  3.49532652196584470E-01
3.93813813813816745E-03  3.50220083454775843E-01
3.94810810810813755E-03  3.50907514712967217E-01
3.95807807807810764E-03  3.51594945971158590E-01
3.96804804804807773E-03  3.52282377229349963E-01
3.97801801801804782E-03  3.52969808487541337E-01
3.98798798798801792E-03  3.53657239745732710E-01
3.99795795795798801E-03  3.54344671003924083E-01
4.00792792792795810E-03  3.55032102262115512E-01
4.01789789789792819E-03  3.55719533520306885E-01
4.02786786786789829E-03  3.56406964778498259E-01
4.03783783783786838E-03  3.57094396036689632E-01
4.04780780780783847E-03  3.57781827294881005E-01
4.05777777777780856E-03  3.58469258553072379E-01
4.06774774774777866E-03  3.59156689811263752E-01
4.07771771771774875E-03  3.59844121069455125E-01
4.08768768768771884E-03  3.60531552327646554E-01
4.09765765765768893E-03  3.61218983585837927E-01
4.10762762762765816E-03  3.61906414844029245E-01
4.11759759759762825E-03  3.62593846102220618E-01
4.12756756756759834E-03  3.63281277360411992E-01
4.13753753753756844E-03  3.63968708618603365E-01
4.14750750750753853E-03  3.64656139876794738E-01
4.15747747747750862E-03  3.65343571134986111E-01
4.16744744744747871E-03  3.66031002393177540E-01
4.17741741741744881E-03  3.66718433651368914E-01
4.18738738738741890E-03  3.67405864909560287E-01
4.19735735735738899E-03  3.68093296167751660E-01
4.20732732732735908E-03  3.68780727425943033E-01
4.21729729729732918E-03  3.69468158684134407E-01
4.22726726726729927E-03  3.70155589942325780E-01
4.23723723723726936E-03  3.70843021200517153E-01
4.24720720720723945E-03  3.71530452458708582E-01
4.25717717717720955E-03  3.72217883716899955E-01
4.26714714714717964E-03  3.72905314975091329E-01
4.27711711711714973E-03  3.73592746233282702E-01
4.28708708708711896E-03  3.74280177491474020E-01
4.29705705705708905E-03  3.74967608749665393E-01
4.30702702702705914E-03  3.75655040007856766E-01
4.31699699699702923E-03  3.76342471266048140E-01
4.32696696696699933E-03  3.77029902524239513E-01
4.33693693693696942E-03  3.77717333782430942E-01
4.34690690690693951E-03  3.78404765040622315E-01
4.35687687687690960E-03  3.79092196298813688E-01
4.36684684684687970E-03  3.79779627557005062E-01
4.37681681681684979E-03  3.80467058815196435E-01
4.38678678678681988E-03  3.81154490073387808E-01
4.39675675675678997E-03  3.81841921331579182E-01
4.40672672672676007E-03  3.82529352589770555E-01
4.41669669669673016E-03  3.83216783847961984E-01
4.42666666666670025E-03  3.83904215106153357E-01
4.43663663663667034E-03  3.84591646364344730E-01
4.44660660660664044E-03  3.85279077622536104E-01
4.45657657657661053E-03  3.85966508880727477E-01
4.46654654654658062E-03  3.86653940138918850E-01
4.47651651651654985E-03  3.87341371397110168E-01
4.48648648648651994E-03  3.88028802655301541E-01
4.49645645645649003E-03  3.88716233913492970E-01
4.50642642642646012E-03  3.89403665171684343E-01
4.51639639639643022E-03  3.90091096429875717E-01
4.52636636636640031E-03  3.90778527688067090E-01
4.53633633633637040E-03  3.91465958946258463E-01
4.54630630630634049E-03  3.92153390204449837E-01
4.55627627627631059E-03  3.92840821462641210E-01
4.56624624624628068E-03  3.93528252720832583E-01
4.57621621621625077E-03  3.94215683979024012E-01
4.58618618618622086E-03  3.94903115237215385E-01
4.59615615615619096E-03  3.95590546495406759E-01
4.60612612612616105E-03  3.96277977753598132E-01
4.61609609609613114E-03  3.96965409011789505E-01
4.62606606606610123E-03  3.97652840269980878E-01
4.63603603603607133E-03  3.98340271528172252E-01
4.64600600600604142E-03  3.99027702786363625E-01
4.65597597597601064E-03  3.99715134044554943E-01
4.66594594594598074E-03  4.00402565302746372E-01
4.67591591591595083E-03  4.01089996560937745E-01
4.68588588588592092E-03  4.01777427819129118E-01
4.69585585585589101E-03  4.02464859077320491E-01
4.70582582582586111E-03  4.03152290335511865E-01
4.71579579579583120E-03  4.03839721593703238E-01
4.72576576576580129E-03  4.04527152851894611E-01
4.73573573573577138E-03  4.05214584110085985E-01
4.74570570570574148E-03  4.05902015368277413E-01
4.75567567567571157E-03  4.06589446626468787E-01
4.76564564564568166E-03  4.07276877884660160E-01
4.77561561561565175E-03  4.07964309142851533E-01
4.78558558558562185E-03  4.08651740401042907E-01
4.79555555555559194E-03  4.09339171659234280E-01
4.80552552552556203E-03  4.10026602917425653E-01
4.81549549549553212E-03  4.10714034175617027E-01
4.82546546546550222E-03  4.11401465433808455E-01
4.83543543543547144E-03  4.12088896691999773E-01
4.84540540540544153E-03  4.12776327950191146E-01
4.85537537537541163E-03  4.13463759208382520E-01
4.86534534534538172E-03  4.14151190466573893E-01
4.87531531531535181E-03  4.14838621724765266E-01
4.88528528528532190E-03  4.15526052982956640E-01
4.89525525525529200E-03  4.16213484241148013E-01
4.90522522522526209E-03  4.16900915499339386E-01
4.91519519519523218E-03  4.17588346757530815E-01
4.92516516516520227E-03  4.18275778015722188E-01
4.93513513513517237E-03  4.18963209273913562E-01
4.94510510510514246E-03  4.19650640532104935E-01
4.95507507507511255E-03  4.20338071790296308E-01
4.96504504504508264E-03  4.21025503048487681E-01
4.97501501501505274E-03  4.21712934306679055E-01
4.98498498498502283E-03  4.22400365564870428E-01
4.99495495495499292E-03  4.23087796823061857E-01
5.00492492492496301E-03  4.23775228081253230E-01
5.01489489489493224E-03  4.24462659339444548E-01
5.02486486486490233E-03  4.25150090597635921E-01
5.03483483483487242E-03  4.25837521855827295E-01
5.04480480480484252E-03  4.26524953114018668E-01
5.05477477477481261E-03  4.27212384372210041E-01
5.06474474474478270E-03  4.27899815630401414E-01
5.07471471471475279E-03  4.28587246888592843E-01
5.08468468468472289E-03  4.29274678146784217E-01
5.09465465465469298E-03  4.29962109404975590E-01
5.10462462462466307E-03  4.30649540663166963E-01
5.11459459459463316E-03  4.31336971921358336E-01
5.12456456456460326E-03  4.32024403179549710E-01
5.13453453453457335E-03  4.32711834437741083E-01
5.14450450450454344E-03  4.33399265695932456E-01
5.15447447447451353E-03  4.34086696954123885E-01
5.16444444444448363E-03  4.34774128212315258E-01
5.17441441441445372E-03  4.35461559470506632E-01
5.18438438438442381E-03  4.36148990728698005E-01
5.19435435435439390E-03  4.36836421986889378E-01
5.20432432432436313E-03  4.37523853245080696E-01
5.21429429429433322E-03  4.38211284503272069E-01
5.22426426426430331E-03  4.38898715761463443E-01
5.23423423423427341E-03  4.39586147019654816E-01
5.24420420420424350E-03  4.40273578277846245E-01
5.25417417417421359E-03  4.40961009536037618E-01
5.26414414414418368E-03  4.41648440794228991E-01
5.27411411411415378E-03  4.42335872052420365E-01
5.28408408408412387E-03  4.43023303310611738E-01
5.29405405405409396E-03  4.43710734568803111E-01
5.30402402402406405E-03  4.44398165826994485E-01
5.31399399399403415E-03  4.45085597085185858E-01
5.32396396396400424E-03  4.45773028343377287E-01
5.33393393393397433E-03  4.46460459601568660E-01
5.34390390390394442E-03  4.47147890859760033E-01
5.35387387387391452E-03  4.47835322117951407E-01
5.36384384384388461E-03  4.48522753376142780E-01
5.37381381381385470E-03  4.49210184634334153E-01
5.38378378378382393E-03  4.49897615892525471E-01
5.39375375375379402E-03  4.50585047150716844E-01
5.40372372372376411E-03  4.51272478408908273E-01
5.41369369369373420E-03  4.51959909667099646E-01
5.42366366366370430E-03  4.52647340925291020E-01
5.43363363363367439E-03  4.53334772183482393E-01
5.44360360360364448E-03  4.54022203441673766E-01
5.45357357357361457E-03  4.54709634699865139E-01
5.46354354354358467E-03  4.55397065958056513E-01
5.47351351351355476E-03  4.56084497216247886E-01
5.48348348348352485E-03  4.56771928474439315E-01
5.49345345345349494E-03  4.57459359732630688E-01
5.50342342342346504E-03  4.58146790990822061E-01
5.51339339339343513E-03  4.58834222249013435E-01
5.52336336336340522E-03  4.59521653507204808E-01
5.53333333333337531E-03  4.60209084765396181E-01
5.54330330330334541E-03  4.60896516023587555E-01
5.55327327327331550E-03  4.61583947281778928E-01
5.56324324324328472E-03  4.62271378539970246E-01
5.57321321321325482E-03  4.62958809798161675E-01
5.58318318318322491E-03  4.63646241056353048E-01
5.59315315315319500E-03  4.64333672314544421E-01
5.60312312312316509E-03  4.65021103572735794E-01
5.61309309309313519E-03  4.65708534830927168E-01
5.62306306306310528E-03  4.66395966089118541E-01
5.63303303303307537E-03  4.67083397347309914E-01
5.64300300300304546E-03  4.67770828605501288E-01
5.65297297297301556E-03  4.68458259863692716E-01
5.66294294294298565E-03  4.69145691121884090E-01
5.67291291291295574E-03  4.69833122380075463E-01
5.68288288288292583E-03  4.70520553638266836E-01
5.69285285285289593E-03  4.71207984896458210E-01
5.70282282282286602E-03  4.71895416154649583E-01
5.71279279279283611E-03  4.72582847412840956E-01
5.72276276276280620E-03  4.73270278671032329E-01
5.73273273273277630E-03  4.73957709929223758E-01
5.74270270270274552E-03  4.74645141187415076E-01
5.75267267267271561E-03  4.75332572445606449E-01
5.76264264264268571E-03  4.76020003703797823E-01
5.77261261261265580E-03  4.76707434961989196E-01
5.78258258258262589E-03  4.77394866220180569E-01
5.79255255255259598E-03  4.78056397671765887E-01
5.80252252252256608E-03  4.78507607837609483E-01
5.81249249249253617E-03  4.78958818003453080E-01
5.82246246246250626E-03  4.79410028169296676E-01
5.83243243243247635E-03  4.79861238335140272E-01
5.84240240240244645E-03  4.80312448500983868E-01
5.85237237237241654E-03  4.80763658666827465E-01
5.86234234234238663E-03  4.81214868832671006E-01
5.87231231231235672E-03  4.81666078998514602E-01
5.88228228228232682E-03  4.82117289164358198E-01
5.89225225225229691E-03  4.82568499330201794E-01
5.90222222222226700E-03  4.83019709496045391E-01
5.91219219219223709E-03  4.83470919661888987E-01
5.92216216216220719E-03  4.83922129827732583E-01
5.93213213213217641E-03  4.84373339993576124E-01
5.94210210210214650E-03  4.84824550159419720E-01
5.95207207207211660E-03  4.85275760325263317E-01
5.96204204204208669E-03  4.85726970491106913E-01
5.97201201201205678E-03  4.86178180656950509E-01
5.98198198198202687E-03  4.86629390822794106E-01
5.99195195195199697E-03  4.87080600988637646E-01
6.00192192192196706E-03  4.87531811154481243E-01
6.01189189189193715E-03  4.87983021320324839E-01
6.02186186186190724E-03  4.88434231486168435E-01
6.03183183183187734E-03  4.88885441652012032E-01
6.04180180180184743E-03  4.89336651817855628E-01
6.05177177177181752E-03  4.89787861983699224E-01
6.06174174174178761E-03  4.90239072149542821E-01
6.07171171171175771E-03  4.90690282315386417E-01
6.08168168168172780E-03  4.91141492481230013E-01
6.09165165165169789E-03  4.91592702647073554E-01
6.10162162162166798E-03  4.92043912812917150E-01
6.11159159159163721E-03  4.92495122978760747E-01
6.12156156156160730E-03  4.92946333144604287E-01
6.13153153153157739E-03  4.93397543310447884E-01
6.14150150150154749E-03  4.93848753476291480E-01
6.15147147147151758E-03  4.94299963642135076E-01
6.16144144144148767E-03  4.94751173807978673E-01
6.17141141141145776E-03  4.95202383973822269E-01
6.18138138138142786E-03  4.95653594139665865E-01
6.19135135135139795E-03  4.96104804305509461E-01
6.20132132132136804E-03  4.96556014471353058E-01
6.21129129129133813E-03  4.97007224637196654E-01
6.22126126126130823E-03  4.97458434803040195E-01
6.23123123123127832E-03  4.97909644968883791E-01
6.24120120120124841E-03  4.98360855134727387E-01
6.25117117117121850E-03  4.98812065300570984E-01
6.26114114114118860E-03  4.99263275466414580E-01
6.27111111111115869E-03  4.99714485632258176E-01
6.28108108108112878E-03  5.00165695798101773E-01
6.29105105105109801E-03  5.00616905963945369E-01
6.30102102102106810E-03  5.01068116129788965E-01
6.31099099099103819E-03  5.01519326295632561E-01
6.32096096096100828E-03  5.01970536461476158E-01
6.33093093093097838E-03  5.02421746627319754E-01
6.34090090090094847E-03  5.02872956793163350E-01
6.35087087087091856E-03  5.03324166959006836E-01
6.36084084084088865E-03  5.03775377124850432E-01
6.37081081081085875E-03  5.04226587290694028E-01
6.38078078078082884E-03  5.04677797456537625E-01
6.39075075075079893E-03  5.05129007622381221E-01
6.40072072072076902E-03  5.05580217788224817E-01
6.41069069069073912E-03  5.06031427954068413E-01
6.42066066066070921E-03  5.06482638119912010E-01
6.43063063063067930E-03  5.06933848285755606E-01
6.44060060060064939E-03  5.07385058451599202E-01
6.45057057057061949E-03  5.07836268617442688E-01
6.46054054054058958E-03  5.08287478783286284E-01
6.47051051051055967E-03  5.08738688949129880E-01
6.48048048048052890E-03  5.09189899114973477E-01
6.49045045045049899E-03  5.09641109280817073E-01
6.50042042042046908E-03  5.10092319446660669E-01
6.51039039039043917E-03  5.10543529612504265E-01
6.52036036036040927E-03  5.10994739778347862E-01
6.53033033033037936E-03  5.11445949944191458E-01
6.54030030030034945E-03  5.11897160110035054E-01
6.55027027027031954E-03  5.12348370275878651E-01
6.56024024024028964E-03  5.12799580441722247E-01
6.57021021021025973E-03  5.13250790607565843E-01
6.58018018018022982E-03  5.13702000773409440E-01
6.59015015015019991E-03  5.14153210939253036E-01
6.60012012012017001E-03  5.14604421105096632E-01
6.61009009009014010E-03  5.15055631270940228E-01
6.62006006006011019E-03  5.15506841436783825E-01
6.63003003003008028E-03  5.15958051602627421E-01
6.64000000000005038E-03  5.16409261768471017E-01
6.64996996997002047E-03  5.16860471934314614E-01
6.65993993993998969E-03  5.17311682100158099E-01
6.66990990990995979E-03  5.17762892266001695E-01
6.67987987987992988E-03  5.18214102431845292E-01
6.68984984984989997E-03  5.18665312597688888E-01
6.69981981981987006E-03  5.19116522763532373E-01
6.70978978978984016E-03  5.19567732929375969E-01
6.71975975975981025E-03  5.20018943095219566E-01
6.72972972972978034E-03  5.20470153261063162E-01
6.73969969969975043E-03  5.20921363426906758E-01
6.74966966966972053E-03  5.21372573592750355E-01
6.75963963963969062E-03  5.21823783758593951E-01
6.76960960960966071E-03  5.22274993924437547E-01
6.77957957957963080E-03  5.22726204090281144E-01
6.78954954954960090E-03  5.23177414256124740E-01
6.79951951951957099E-03  5.23628624421968336E-01
6.80948948948954108E-03  5.24079834587811932E-01
6.81945945945951117E-03  5.24531044753655529E-01
6.82942942942948127E-03  5.24982254919499125E-01
6.83939939939945049E-03  5.25433465085342721E-01
6.84936936936942058E-03  5.25884675251186318E-01
6.85933933933939068E-03  5.26335885417029914E-01
6.86930930930936077E-03  5.26787095582873510E-01
6.87927927927933086E-03  5.27238305748717107E-01
6.88924924924930095E-03  5.27689515914560703E-01
6.89921921921927105E-03  5.28140726080404299E-01
6.90918918918924114E-03  5.28591936246247895E-01
6.91915915915921123E-03  5.29043146412091492E-01
6.92912912912918132E-03  5.29494356577934977E-01
6.93909909909915142E-03  5.29945566743778573E-01
6.94906906906912151E-03  5.30396776909622170E-01
6.95903903903909160E-03  5.30847987075465766E-01
6.96900900900906169E-03  5.31299197241309362E-01
6.97897897897903179E-03  5.31750407407152959E-01
6.98894894894900188E-03  5.32201617572996555E-01
6.99891891891897197E-03  5.32652827738840151E-01
7.00888888888894206E-03  5.33104037904683747E-01
7.01885885885891216E-03  5.33555248070527344E-01
7.02882882882888138E-03  5.34006458236370829E-01
7.03879879879885147E-03  5.34457668402214425E-01
7.04876876876882157E-03  5.34908878568058022E-01
7.05873873873879166E-03  5.35360088733901618E-01
7.06870870870876175E-03  5.35811298899745214E-01
7.07867867867873184E-03  5.36262509065588810E-01
7.08864864864870194E-03  5.36713719231432407E-01
7.09861861861867203E-03  5.37164929397276003E-01
7.10858858858864212E-03  5.37616139563119599E-01
7.11855855855861221E-03  5.38067349728963196E-01
7.12852852852858231E-03  5.38518559894806792E-01
7.13849849849855240E-03  5.38969770060650388E-01
7.14846846846852249E-03  5.39420980226493985E-01
7.15843843843849258E-03  5.39872190392337581E-01
7.16840840840846268E-03  5.40323400558181177E-01
7.17837837837843277E-03  5.40774610724024773E-01
7.18834834834840286E-03  5.41225820889868370E-01
7.19831831831837295E-03  5.41677031055711966E-01
7.20828828828834218E-03  5.42128241221555451E-01
7.21825825825831227E-03  5.42579451387399048E-01
7.22822822822828236E-03  5.43030661553242644E-01
7.23819819819825246E-03  5.43481871719086240E-01
7.24816816816822255E-03  5.43933081884929837E-01
7.25813813813819264E-03  5.44384292050773433E-01
7.26810810810816273E-03  5.44835502216617029E-01
7.27807807807813283E-03  5.45286712382460625E-01
7.28804804804810292E-03  5.45737922548304111E-01
7.29801801801807301E-03  5.46189132714147707E-01
7.30798798798804310E-03  5.46640342879991303E-01
7.31795795795801320E-03  5.47091553045834900E-01
7.32792792792798329E-03  5.47542763211678496E-01
7.33789789789795338E-03  5.47993973377522092E-01
7.34786786786792347E-03  5.48445183543365689E-01
7.35783783783789357E-03  5.48896393709209285E-01
7.36780780780786366E-03  5.49347603875052881E-01
7.37777777777783375E-03  5.49798814040896477E-01
7.38774774774780298E-03  5.50250024206740074E-01
7.39771771771777307E-03  5.50701234372583670E-01
7.40768768768774316E-03  5.51152444538427266E-01
7.41765765765771325E-03  5.51603654704270863E-01
7.42762762762768335E-03  5.52054864870114459E-01
7.43759759759765344E-03  5.52506075035958055E-01
7.44756756756762353E-03  5.52957285201801652E-01
7.45753753753759362E-03  5.53408495367645248E-01
7.46750750750756372E-03  5.53859705533488844E-01
7.47747747747753381E-03  5.54310915699332440E-01
7.48744744744750390E-03  5.54762125865176037E-01
7.49741741741747399E-03  5.55213336031019633E-01
7.50738738738744409E-03  5.55664546196863229E-01
7.51735735735741418E-03  5.56115756362706715E-01
7.52732732732738427E-03  5.56566966528550311E-01
7.53729729729735436E-03  5.57018176694393907E-01
7.54726726726732446E-03  5.57469386860237504E-01
7.55723723723729455E-03  5.57920597026081100E-01
7.56720720720726377E-03  5.58371807191924585E-01
7.57717717717723387E-03  5.58823017357768181E-01
7.58714714714720396E-03  5.59274227523611778E-01
7.59711711711717405E-03  5.59725437689455374E-01
7.60708708708714414E-03  5.60176647855298970E-01
7.61705705705711424E-03  5.60627858021142567E-01
7.62702702702708433E-03  5.61079068186986163E-01
7.63699699699705442E-03  5.61530278352829759E-01
7.64696696696702451E-03  5.61981488518673356E-01
7.65693693693699461E-03  5.62432698684516952E-01
7.66690690690696470E-03  5.62883908850360548E-01
7.67687687687693479E-03  5.63335119016204144E-01
7.68684684684690488E-03  5.63786329182047741E-01
7.69681681681687498E-03  5.64237539347891337E-01
7.70678678678684507E-03  5.64688749513734933E-01
7.71675675675681516E-03  5.65139959679578530E-01
7.72672672672678525E-03  5.65591169845422126E-01
7.73669669669675535E-03  5.66042380011265722E-01
7.74666666666672544E-03  5.66493590177109319E-01
7.75663663663669466E-03  5.66944800342952915E-01
7.76660660660666476E-03  5.67396010508796511E-01
7.77657657657663485E-03  5.67847220674639996E-01
7.78654654654660494E-03  5.68298430840483593E-01
7.79651651651657503E-03  5.68749641006327189E-01
7.80648648648654513E-03  5.69200851172170785E-01
7.81645645645651609E-03  5.69652061338014493E-01
7.82642642642648531E-03  5.70103271503857978E-01
7.83639639639645627E-03  5.70554481669701685E-01
7.84636636636642550E-03  5.71005691835545170E-01
7.85633633633639472E-03  5.71456902001388656E-01
7.86630630630636568E-03  5.71908112167232363E-01
7.87627627627633491E-03  5.72359322333075848E-01
7.88624624624630587E-03  5.72810532498919445E-01
7.89621621621627509E-03  5.73261742664763041E-01
7.90618618618624605E-03  5.73712952830606637E-01
7.91615615615621528E-03  5.74164162996450234E-01
7.92612612612618624E-03  5.74615373162293830E-01
7.93609609609615546E-03  5.75066583328137426E-01
7.94606606606612642E-03  5.75517793493981022E-01
7.95603603603609565E-03  5.75969003659824619E-01
7.96600600600606661E-03  5.76420213825668215E-01
7.97597597597603583E-03  5.76871423991511811E-01
7.98594594594600679E-03  5.77322634157355408E-01
7.99591591591597602E-03  5.77773844323199004E-01
8.00588588588594698E-03  5.78225054489042600E-01
8.01585585585591620E-03  5.78676264654886197E-01
8.02582582582588543E-03  5.79127474820729682E-01
8.03579579579585639E-03  5.79578684986573389E-01
8.04576576576582561E-03  5.80029895152416874E-01
8.05573573573579657E-03  5.80481105318260582E-01
8.06570570570576580E-03  5.80932315484104067E-01
8.07567567567573676E-03  5.81383525649947774E-01
8.08564564564570598E-03  5.81834735815791260E-01
8.09561561561567694E-03  5.82285945981634856E-01
8.10558558558564617E-03  5.82737156147478452E-01
8.11555555555561713E-03  5.83188366313322049E-01
8.12552552552558635E-03  5.83639576479165534E-01
8.13549549549555731E-03  5.84090786645009241E-01
8.14546546546552654E-03  5.84541996810852726E-01
8.15543543543549750E-03  5.84993206976696434E-01
8.16540540540546672E-03  5.85444417142539919E-01
8.17537537537543768E-03  5.85895627308383626E-01
8.18534534534540691E-03  5.86346837474227112E-01
8.19531531531537787E-03  5.86798047640070708E-01
8.20528528528534709E-03  5.87249257805914304E-01
8.21525525525531632E-03  5.87700467971757901E-01
8.22522522522528728E-03  5.88151678137601497E-01
8.23519519519525650E-03  5.88602888303445093E-01
8.24516516516522746E-03  5.89054098469288689E-01
8.25513513513519669E-03  5.89505308635132286E-01
8.26510510510516765E-03  5.89956518800975882E-01
8.27507507507513687E-03  5.90407728966819478E-01
8.28504504504510783E-03  5.90858939132663075E-01
8.29501501501507706E-03  5.91310149298506671E-01
8.30498498498504802E-03  5.91761359464350267E-01
8.31495495495501724E-03  5.92212569630193864E-01
8.32492492492498820E-03  5.92663779796037460E-01
8.33489489489495743E-03  5.93114989961881056E-01
8.34486486486492839E-03  5.93566200127724652E-01
8.35483483483489761E-03  5.94017410293568138E-01
8.36480480480486857E-03  5.94468620459411845E-01
8.37477477477483780E-03  5.94919830625255330E-01
8.38474474474480876E-03  5.95371040791099038E-01
8.39471471471477798E-03  5.95822250956942523E-01
8.40468468468474721E-03  5.96273461122786008E-01
8.41465465465471817E-03  5.96724671288629716E-01
8.42462462462468739E-03  5.97175881454473201E-01
8.43459459459465835E-03  5.97627091620316908E-01
8.44456456456462758E-03  5.98078301786160393E-01
8.45453453453459854E-03  5.98529511952003990E-01
8.46450450450456776E-03  5.98980722117847586E-01
8.47447447447453872E-03  5.99431932283691182E-01
8.48444444444450795E-03  5.99883142449534779E-01
8.49441441441447891E-03  6.00334352615378375E-01
8.50438438438444813E-03  6.00785562781221971E-01
8.51435435435441909E-03  6.01236772947065568E-01
8.52432432432438832E-03  6.01687983112909164E-01
8.53429429429435928E-03  6.02139193278752760E-01
8.54426426426432850E-03  6.02590403444596356E-01
8.55423423423429946E-03  6.03041613610439953E-01
8.56420420420426869E-03  6.03492823776283549E-01
8.57417417417423791E-03  6.03944033942127145E-01
8.58414414414420887E-03  6.04395244107970742E-01
8.59411411411417810E-03  6.04846454273814338E-01
8.60408408408414906E-03  6.05297664439657934E-01
8.61405405405411828E-03  6.05748874605501419E-01
8.62402402402408924E-03  6.06200084771345127E-01
8.63399399399405847E-03  6.06651294937188612E-01
8.64396396396402943E-03  6.07102505103032319E-01
8.65393393393399865E-03  6.07553715268875805E-01
8.66390390390396961E-03  6.08004925434719512E-01
8.67387387387393884E-03  6.08456135600562997E-01
8.68384384384390980E-03  6.08907345766406594E-01
8.69381381381387902E-03  6.09358555932250190E-01
8.70378378378384998E-03  6.09809766098093786E-01
8.71375375375381921E-03  6.10260976263937271E-01
8.72372372372379017E-03  6.10712186429780979E-01
8.73369369369375939E-03  6.11163396595624464E-01
8.74366366366373035E-03  6.11614606761468171E-01
8.75363363363369958E-03  6.12065816927311657E-01
8.76360360360366880E-03  6.12517027093155253E-01
8.77357357357363976E-03  6.12968237258998849E-01
8.78354354354360899E-03  6.13419447424842446E-01
8.79351351351357995E-03  6.13870657590686042E-01
8.80348348348354917E-03  6.14321867756529638E-01
8.81345345345352013E-03  6.14773077922373234E-01
8.82342342342348936E-03  6.15224288088216831E-01
8.83339339339346032E-03  6.15675498254060427E-01
8.84336336336342954E-03  6.16126708419904023E-01
8.85333333333340050E-03  6.16577918585747620E-01
8.86330330330336973E-03  6.17029128751591216E-01
8.87327327327334069E-03  6.17480338917434812E-01
8.88324324324330991E-03  6.17931549083278409E-01
8.89321321321328087E-03  6.18382759249122005E-01
8.90318318318325010E-03  6.18833969414965601E-01
8.91315315315322106E-03  6.19285179580809197E-01
8.92312312312319028E-03  6.19736389746652794E-01
8.93309309309316124E-03  6.20187599912496390E-01
8.94306306306313047E-03  6.20638810078339875E-01
8.95303303303309969E-03  6.21090020244183472E-01
8.96300300300307065E-03  6.21541230410027068E-01
8.97297297297303988E-03  6.21992440575870553E-01
8.98294294294301084E-03  6.22443650741714261E-01
8.99291291291298006E-03  6.22894860907557746E-01
9.00288288288295102E-03  6.23346071073401453E-01
9.01285285285292025E-03  6.23797281239244938E-01
9.02282282282289121E-03  6.24248491405088646E-01
9.03279279279286043E-03  6.24699701570932131E-01
9.04276276276283139E-03  6.25150911736775727E-01
9.05273273273280062E-03  6.25602121902619324E-01
9.06270270270277158E-03  6.26053332068462920E-01
9.07267267267274080E-03  6.26504542234306516E-01
9.08264264264271176E-03  6.26955752400150113E-01
9.09261261261268099E-03  6.27406962565993709E-01
9.10258258258265195E-03  6.27858172731837305E-01
9.11255255255262117E-03  6.28309382897680901E-01
9.12252252252259040E-03  6.28760593063524498E-01
9.13249249249256136E-03  6.29211803229368094E-01
9.14246246246253058E-03  6.29663013395211690E-01
9.15243243243250154E-03  6.30114223561055287E-01
9.16240240240247077E-03  6.30565433726898883E-01
9.17237237237244173E-03  6.31016643892742479E-01
9.18234234234241095E-03  6.31467854058586076E-01
9.19231231231238191E-03  6.31919064224429672E-01
9.20228228228235114E-03  6.32370274390273157E-01
9.21225225225232210E-03  6.32821484556116864E-01
9.22222222222229132E-03  6.33272694721960350E-01
9.23219219219226228E-03  6.33723904887804057E-01
9.24216216216223151E-03  6.34175115053647542E-01
9.25213213213220247E-03  6.34626325219491250E-01
9.26210210210217169E-03  6.35077535385334735E-01
9.27207207207214265E-03  6.35528745551178331E-01
9.28204204204211188E-03  6.35979955717021928E-01
9.29201201201208284E-03  6.36431165882865524E-01
9.30198198198205206E-03  6.36882376048709009E-01
9.31195195195202129E-03  6.37333586214552605E-01
9.32192192192199225E-03  6.37784796380396202E-01
9.33189189189196147E-03  6.38236006546239798E-01
9.34186186186193243E-03  6.38687216712083394E-01
9.35183183183190166E-03  6.39138426877926991E-01
9.36180180180187262E-03  6.39589637043770587E-01
9.37177177177184184E-03  6.40040847209614183E-01
9.38174174174181280E-03  6.40492057375457780E-01
9.39171171171178203E-03  6.40943267541301376E-01
9.40168168168175299E-03  6.41394477707144972E-01
9.41165165165172221E-03  6.41845687872988568E-01
9.42162162162169317E-03  6.42296898038832165E-01
9.43159159159166240E-03  6.42748108204675761E-01
9.44156156156163336E-03  6.43199318370519357E-01
9.45153153153160258E-03  6.43650528536362954E-01
9.46150150150157354E-03  6.44101738702206550E-01
9.47147147147154277E-03  6.44552948868050146E-01
9.48144144144151199E-03  6.45004159033893631E-01
9.49141141141148295E-03  6.45455369199737339E-01
9.50138138138145218E-03  6.45906579365580824E-01
9.51135135135142314E-03  6.46357789531424531E-01
9.52132132132139236E-03  6.46808999697268017E-01
9.53129129129136332E-03  6.47260209863111613E-01
9.54126126126133255E-03  6.47711420028955209E-01
9.55123123123130351E-03  6.48162630194798806E-01
9.56120120120127273E-03  6.48613840360642291E-01
9.57117117117124369E-03  6.49065050526485998E-01
9.58114114114121292E-03  6.49516260692329483E-01
9.59111111111118388E-03  6.49967470858173191E-01
9.60108108108115310E-03  6.50418681024016676E-01
9.61105105105112406E-03  6.50869891189860383E-01
9.62102102102109329E-03  6.51321101355703869E-01
9.63099099099106425E-03  6.51772311521547465E-01
9.64096096096103347E-03  6.52223521687391061E-01
9.65093093093100443E-03  6.52674731853234658E-01
9.66090090090097366E-03  6.53125942019078254E-01
9.67087087087094288E-03  6.53577152184921850E-01
9.68084084084091384E-03  6.54028362350765446E-01
9.69081081081088307E-03  6.54479572516609043E-01
9.70078078078085403E-03  6.54930782682452639E-01
9.71075075075082325E-03  6.55381992848296235E-01
9.72072072072079421E-03  6.55833203014139832E-01
9.73069069069076344E-03  6.56284413179983428E-01
9.74066066066073440E-03  6.56735623345827024E-01
9.75063063063070362E-03  6.57186833511670621E-01
9.76060060060067458E-03  6.57638043677514217E-01
9.77057057057064381E-03  6.58089253843357813E-01
9.78054054054061477E-03  6.58540464009201409E-01
9.79051051051058399E-03  6.58991674175044895E-01
9.80048048048055495E-03  6.59442884340888602E-01
9.81045045045052418E-03  6.59894094506732087E-01
9.82042042042049514E-03  6.60345304672575795E-01
9.83039039039046436E-03  6.60796514838419280E-01
9.84036036036043532E-03  6.61247725004262987E-01
9.85033033033040455E-03  6.61698935170106473E-01
9.86030030030037377E-03  6.62150145335949958E-01
9.87027027027034473E-03  6.62601355501793665E-01
9.88024024024031396E-03  6.63052565667637150E-01
9.89021021021028492E-03  6.63503775833480747E-01
9.90018018018025414E-03  6.63954985999324343E-01
9.91015015015022510E-03  6.64406196165167939E-01
9.92012012012019433E-03  6.64857406331011536E-01
9.93009009009016529E-03  6.65308616496855132E-01
9.94006006006013451E-03  6.65759826662698728E-01
9.95003003003010547E-03  6.66211036828542325E-01
9.96000000000007470E-03  6.66662246994385921E-01
