0.00000000000000000E+00  0.00000000000000000E+00
9.96996996997001795E-06  5.59045913127105207E-03
1.99399399399400359E-05  1.11809182625421041E-02
2.99099099099100539E-05  1.67713773938131562E-02
3.98798798798800718E-05  2.23618365250842083E-02
4.98498498498500898E-05  2.79522956563552603E-02
5.98198198198201077E-05  3.35427547876263124E-02
6.97897897897901325E-05  3.91332139188973679E-02
7.97597597597601436E-05  4.47236730501684165E-02
8.97297297297301548E-05  5.03141321814394651E-02
9.96996996997001795E-05  5.59045913127105207E-02
1.09669669669670204E-04  6.14950504439815762E-02
1.19639639639640215E-04  6.70855095752526248E-02
1.29609609609610227E-04  7.26759687065236804E-02
1.39579579579580265E-04  7.82664278377947359E-02
1.49549549549550276E-04  8.38568869690657914E-02
1.59519519519520287E-04  8.94473461003368331E-02
1.69489489489490298E-04  9.04020148032857879E-02
1.79459459459460310E-04  9.11219599402441072E-02
1.89429429429430348E-04  9.18419050772024403E-02
1.99399399399400359E-04  9.25618502141607735E-02
2.09369369369370370E-04  9.32817953511190928E-02
2.19339339339340409E-04  9.40017404880774260E-02
2.29309309309310420E-04  9.47216856250357592E-02
2.39279279279280431E-04  9.54416307619940785E-02
2.49249249249250469E-04  9.61615758989524116E-02
2.59219219219220453E-04  9.68815210359107448E-02
2.69189189189190492E-04  9.76014661728690780E-02
2.79159159159160530E-04  9.83214113098273973E-02
2.89129129129130514E-04  9.90413564467857305E-02
2.99099099099100552E-04  9.97613015837440636E-02
3.09069069069070536E-04  1.00481246720702383E-01
3.19039039039040575E-04  1.01201191857660716E-01
3.29009009009010613E-04  1.01921136994619049E-01
3.38978978978980597E-04  1.02641082131577369E-01
3.48948948948950635E-04  1.03361027268535702E-01
3.58918918918920619E-04  1.04080972405494021E-01
3.68888888888890658E-04  1.04800917542452354E-01
3.78858858858860696E-04  1.05520862679410687E-01
3.88828828828830680E-04  1.06240807816369021E-01
3.98798798798800718E-04  1.06960752953327354E-01
4.08768768768770756E-04  1.07680698090285673E-01
4.18738738738740741E-04  1.08400643227244006E-01
4.28708708708710779E-04  1.09120588364202326E-01
4.38678678678680817E-04  1.09840533501160659E-01
4.48648648648650801E-04  1.10560478638118992E-01
4.58618618618620839E-04  1.11280423775077325E-01
4.68588588588590824E-04  1.12000368912035644E-01
4.78558558558560862E-04  1.12720314048993978E-01
4.88528528528530846E-04  1.13440259185952297E-01
4.98498498498500938E-04  1.14160204322910630E-01
5.08468468468470922E-04  1.14880149459868963E-01
5.18438438438440907E-04  1.15600094596827296E-01
5.28408408408410999E-04  1.16320039733785630E-01
5.38378378378380983E-04  1.17039984870743949E-01
5.48348348348350967E-04  1.17759930007702268E-01
5.58318318318321060E-04  1.18479875144660601E-01
5.68288288288291044E-04  1.19199820281618935E-01
5.78258258258261028E-04  1.19919765418577268E-01
5.88228228228231012E-04  1.20639710555535587E-01
5.98198198198201104E-04  1.21359655692493934E-01
6.08168168168171088E-04  1.22079600829452253E-01
6.18138138138141073E-04  1.22799545966410573E-01
6.28108108108111165E-04  1.23519491103368906E-01
6.38078078078081149E-04  1.24239436240327239E-01
6.48048048048051133E-04  1.24959381377285572E-01
6.58018018018021226E-04  1.25679326514243905E-01
6.67987987987991210E-04  1.26399271651202239E-01
6.77957957957961194E-04  1.27119216788160544E-01
6.87927927927931286E-04  1.27839161925118877E-01
6.97897897897901270E-04  1.28559107062077210E-01
7.07867867867871254E-04  1.29279052199035543E-01
7.17837837837841239E-04  1.29998997335993849E-01
7.27807807807811331E-04  1.30718942472952182E-01
7.37777777777781315E-04  1.31438887609910515E-01
7.47747747747751299E-04  1.32158832746868848E-01
7.57717717717721392E-04  1.32878777883827182E-01
7.67687687687691376E-04  1.33598723020785515E-01
7.77657657657661360E-04  1.34318668157743848E-01
7.87627627627631452E-04  1.35038613294702181E-01
7.97597597597601436E-04  1.35758558431660514E-01
8.07567567567571420E-04  1.36478503568618820E-01
8.17537537537541513E-04  1.37198448705577153E-01
8.27507507507511497E-04  1.37918393842535486E-01
8.37477477477481481E-04  1.38638338979493819E-01
8.47447447447451574E-04  1.39358284116452152E-01
8.57417417417421558E-04  1.40078229253410458E-01
8.67387387387391542E-04  1.40798174390368791E-01
8.77357357357361634E-04  1.41518119527327124E-01
8.87327327327331618E-04  1.42238064664285457E-01
8.97297297297301602E-04  1.42958009801243791E-01
9.07267267267271586E-04  1.43677954938202124E-01
9.17237237237241679E-04  1.44397900075160457E-01
9.27207207207211663E-04  1.45117845212118790E-01
9.37177177177181647E-04  1.45837790349077095E-01
9.47147147147151740E-04  1.46557735486035429E-01
9.57117117117121724E-04  1.47277680622993762E-01
9.67087087087091708E-04  1.47997625759952067E-01
9.77057057057061692E-04  1.48717570896910400E-01
9.87027027027031784E-04  1.49437516033868734E-01
9.96996996997001877E-04  1.50157461170827067E-01
1.00696696696697175E-03  1.50877406307785400E-01
1.01693693693694184E-03  1.51597351444743733E-01
1.02690690690691194E-03  1.52317296581702066E-01
1.03687687687688181E-03  1.53037241718660399E-01
1.04684684684685191E-03  1.53757186855618733E-01
1.05681681681682200E-03  1.54477131992577066E-01
1.06678678678679187E-03  1.55197077129535371E-01
1.07675675675676197E-03  1.55917022266493704E-01
1.08672672672673206E-03  1.56636967403452038E-01
1.09669669669670193E-03  1.57356912540410343E-01
1.10666666666667203E-03  1.58076857677368676E-01
1.11663663663664212E-03  1.58796802814327009E-01
1.12660660660661200E-03  1.59516747951285343E-01
1.13657657657658209E-03  1.60236693088243676E-01
1.14654654654655196E-03  1.60956638225202009E-01
1.15651651651652206E-03  1.61676583362160342E-01
1.16648648648649215E-03  1.62396528499118675E-01
1.17645645645646202E-03  1.63116473636076981E-01
1.18642642642643212E-03  1.63836418773035314E-01
1.19639639639640221E-03  1.64556363909993675E-01
1.20636636636637208E-03  1.65276309046951952E-01
1.21633633633634218E-03  1.65996254183910313E-01
1.22630630630631227E-03  1.66716199320868647E-01
1.23627627627628215E-03  1.67436144457826952E-01
1.24624624624625224E-03  1.68156089594785285E-01
1.25621621621622233E-03  1.68876034731743618E-01
1.26618618618619221E-03  1.69595979868701952E-01
1.27615615615616230E-03  1.70315925005660285E-01
1.28612612612613239E-03  1.71035870142618618E-01
1.29609609609610227E-03  1.71755815279576951E-01
1.30606606606607236E-03  1.72475760416535284E-01
1.31603603603604245E-03  1.73195705553493617E-01
1.32600600600601233E-03  1.73915650690451923E-01
1.33597597597598242E-03  1.74635595827410256E-01
1.34594594594595251E-03  1.75355540964368589E-01
1.35591591591592239E-03  1.76075486101326895E-01
1.36588588588589248E-03  1.76795431238285228E-01
1.37585585585586257E-03  1.77515376375243561E-01
1.38582582582583245E-03  1.78235321512201894E-01
1.39579579579580254E-03  1.78955266649160227E-01
1.40576576576577263E-03  1.79675211786118560E-01
1.41573573573574251E-03  1.80395156923076894E-01
1.42570570570571260E-03  1.81115102060035227E-01
1.43567567567568248E-03  1.81835047196993532E-01
1.44564564564565257E-03  1.82554992333951865E-01
1.45561561561562266E-03  1.83274937470910199E-01
1.46558558558559254E-03  1.83994882607868504E-01
1.47555555555556263E-03  1.84714827744826837E-01
1.48552552552553272E-03  1.85434772881785170E-01
1.49549549549550260E-03  1.86154718018743504E-01
1.50546546546547269E-03  1.86874663155701837E-01
1.51543543543544278E-03  1.87594608292660170E-01
1.52540540540541266E-03  1.88314553429618503E-01
1.53537537537538275E-03  1.89034498566576836E-01
1.54534534534535284E-03  1.89754443703535169E-01
1.55531531531532272E-03  1.90474388840493503E-01
1.56528528528529281E-03  1.91194333977451836E-01
1.57525525525526290E-03  1.91914279114410169E-01
1.58522522522523278E-03  1.92634224251368474E-01
1.59519519519520287E-03  1.93354169388326808E-01
1.60516516516517297E-03  1.94074114525285141E-01
1.61513513513514284E-03  1.94794059662243446E-01
1.62510510510511293E-03  1.95514004799201779E-01
1.63507507507508303E-03  1.96233949936160113E-01
1.64504504504505290E-03  1.96953895073118446E-01
1.65501501501502299E-03  1.97673840210076779E-01
1.66498498498499309E-03  1.98393785347035112E-01
1.67495495495496296E-03  1.99113730483993445E-01
1.68492492492493305E-03  1.99833675620951778E-01
1.69489489489490315E-03  2.00553620757910112E-01
1.70486486486487302E-03  2.01273565894868417E-01
1.71483483483484312E-03  2.01993511031826750E-01
1.72480480480481321E-03  2.02713456168785083E-01
1.73477477477478308E-03  2.03433401305743417E-01
1.74474474474475318E-03  2.04153346442701750E-01
1.75471471471472327E-03  2.04873291579660083E-01
1.76468468468469314E-03  2.05593236716618388E-01
1.77465465465466324E-03  2.06313181853576721E-01
1.78462462462463311E-03  2.07033126990535055E-01
1.79459459459460320E-03  2.07753072127493388E-01
1.80456456456457330E-03  2.08473017264451721E-01
1.81453453453454317E-03  2.09192962401410026E-01
1.82450450450451327E-03  2.09912907538368360E-01
1.83447447447448336E-03  2.10632852675326693E-01
1.84444444444445323E-03  2.11352797812285026E-01
1.85441441441442333E-03  2.12072742949243359E-01
1.86438438438439342E-03  2.12792688086201692E-01
1.87435435435436329E-03  2.13512633223159998E-01
1.88432432432433339E-03  2.14232578360118331E-01
1.89429429429430348E-03  2.14952523497076664E-01
1.90426426426427335E-03  2.15672468634034997E-01
1.91423423423424345E-03  2.16392413770993330E-01
1.92420420420421354E-03  2.17112358907951664E-01
1.93417417417418342E-03  2.17832304044909969E-01
1.94414414414415351E-03  2.18552249181868302E-01
1.95411411411412338E-03  2.19272194318826635E-01
1.96408408408409348E-03  2.19992139455784969E-01
1.97405405405406357E-03  2.20712084592743302E-01
1.98402402402403366E-03  2.21432029729701635E-01
1.99399399399400375E-03  2.22151974866659968E-01
2.00396396396397341E-03  2.22871920003618273E-01
2.01393393393394350E-03  2.23591865140576607E-01
2.02390390390391360E-03  2.24311810277534940E-01
2.03387387387388369E-03  2.25031755414493273E-01
2.04384384384385378E-03  2.25751700551451606E-01
2.05381381381382387E-03  2.26471645688409939E-01
2.06378378378379353E-03  2.27191590825368245E-01
2.07375375375376363E-03  2.27911535962326578E-01
2.08372372372373372E-03  2.28631481099284911E-01
2.09369369369370381E-03  2.29351426236243244E-01
2.10366366366367390E-03  2.30071371373201577E-01
2.11363363363364400E-03  2.30791316510159911E-01
2.12360360360361365E-03  2.31511261647118216E-01
2.13357357357358375E-03  2.32231206784076549E-01
2.14354354354355384E-03  2.32951151921034882E-01
2.15351351351352393E-03  2.33671097057993216E-01
2.16348348348349402E-03  2.34391042194951549E-01
2.17345345345346412E-03  2.35110987331909882E-01
2.18342342342343378E-03  2.35830932468868187E-01
2.19339339339340387E-03  2.36550877605826521E-01
2.20336336336337396E-03  2.37270822742784854E-01
2.21333333333334405E-03  2.37990767879743187E-01
2.22330330330331415E-03  2.38710713016701520E-01
2.23327327327328424E-03  2.39430658153659853E-01
2.24324324324325390E-03  2.40150603290618159E-01
2.25321321321322399E-03  2.40870548427576492E-01
2.26318318318319408E-03  2.41590493564534825E-01
2.27315315315316418E-03  2.42310438701493158E-01
2.28312312312313427E-03  2.43030383838451491E-01
2.29309309309310393E-03  2.43750328975409797E-01
2.30306306306307402E-03  2.44470274112368130E-01
2.31303303303304411E-03  2.45190219249326463E-01
2.32300300300301420E-03  2.45910164386284796E-01
2.33297297297298430E-03  2.46630109523243130E-01
2.34294294294295439E-03  2.47350054660201463E-01
2.35291291291292405E-03  2.48069999797159768E-01
2.36288288288289414E-03  2.48789944934118101E-01
2.37285285285286423E-03  2.49509890071076434E-01
2.38282282282283433E-03  2.50229835208034768E-01
2.39279279279280442E-03  2.50949780344993156E-01
2.40276276276277451E-03  2.51669725481951434E-01
2.41273273273274417E-03  2.52389670618909712E-01
2.42270270270271426E-03  2.53109615755868100E-01
2.43267267267268435E-03  2.53829560892826434E-01
2.44264264264265445E-03  2.54549506029784767E-01
2.45261261261262454E-03  2.55269451166743100E-01
2.46258258258259463E-03  2.55989396303701433E-01
2.47255255255256429E-03  2.56709341440659711E-01
2.48252252252253438E-03  2.57429286577618099E-01
2.49249249249250448E-03  2.58149231714576377E-01
2.50246246246247457E-03  2.58869176851534766E-01
2.51243243243244466E-03  2.59589121988493043E-01
2.52240240240241475E-03  2.60309067125451432E-01
2.53237237237238441E-03  2.61029012262409710E-01
2.54234234234235450E-03  2.61748957399368043E-01
2.55231231231232460E-03  2.62468902536326376E-01
2.56228228228229469E-03  2.63188847673284709E-01
2.57225225225226478E-03  2.63908792810243042E-01
2.58222222222223444E-03  2.64628737947201320E-01
2.59219219219220453E-03  2.65348683084159709E-01
2.60216216216217463E-03  2.66068628221117986E-01
2.61213213213214472E-03  2.66788573358076375E-01
2.62210210210211481E-03  2.67508518495034653E-01
2.63207207207208490E-03  2.68228463631993042E-01
2.64204204204205456E-03  2.68948408768951319E-01
2.65201201201202465E-03  2.69668353905909652E-01
2.66198198198199475E-03  2.70388299042867986E-01
2.67195195195196484E-03  2.71108244179826319E-01
2.68192192192193493E-03  2.71828189316784652E-01
2.69189189189190502E-03  2.72548134453742985E-01
2.70186186186187468E-03  2.73268079590701318E-01
2.71183183183184478E-03  2.73988024727659596E-01
2.72180180180181487E-03  2.74707969864617985E-01
2.73177177177178496E-03  2.75427915001576262E-01
2.74174174174175505E-03  2.76147860138534651E-01
2.75171171171172515E-03  2.76867805275492929E-01
2.76168168168169480E-03  2.77587750412451262E-01
2.77165165165166490E-03  2.78307695549409595E-01
2.78162162162163499E-03  2.79027640686367928E-01
2.79159159159160508E-03  2.79747585823326261E-01
2.80156156156157517E-03  2.80467530960284595E-01
2.81153153153154527E-03  2.81187476097242928E-01
2.82150150150151493E-03  2.81907421234201205E-01
2.83147147147148502E-03  2.82627366371159594E-01
2.84144144144145511E-03  2.83347311508117872E-01
2.85141141141142520E-03  2.84067256645076260E-01
2.86138138138139530E-03  2.84787201782034538E-01
2.87135135135136495E-03  2.85507146918992871E-01
2.88132132132133505E-03  2.86227092055951204E-01
2.89129129129130514E-03  2.86947037192909538E-01
2.90126126126127523E-03  2.87666982329867871E-01
2.91123123123124532E-03  2.88386927466826204E-01
2.92120120120121542E-03  2.89106872603784537E-01
2.93117117117118508E-03  2.89826817740742815E-01
2.94114114114115517E-03  2.90546762877701203E-01
2.95111111111112526E-03  2.91266708014659481E-01
2.96108108108109535E-03  2.91986653151617870E-01
2.97105105105106545E-03  2.92706598288576147E-01
2.98102102102103554E-03  2.93426543425534536E-01
2.99099099099100520E-03  2.94146488562492814E-01
3.00096096096097529E-03  2.94866433699451147E-01
3.01093093093094538E-03  2.95586378836409480E-01
3.02090090090091547E-03  2.96306323973367813E-01
3.03087087087088557E-03  2.97026269110326147E-01
3.04084084084085566E-03  2.97746214247284535E-01
3.05081081081082532E-03  2.98466159384242813E-01
3.06078078078079541E-03  2.99186104521201091E-01
3.07075075075076550E-03  2.99906049658159479E-01
3.08072072072073560E-03  3.00625994795117812E-01
3.09069069069070569E-03  3.01345939932076146E-01
3.10066066066067578E-03  3.02065885069034479E-01
3.11063063063064544E-03  3.02785830205992812E-01
3.12060060060061553E-03  3.03505775342951090E-01
3.13057057057058562E-03  3.04225720479909478E-01
3.14054054054055572E-03  3.04945665616867756E-01
3.15051051051052581E-03  3.05665610753826145E-01
3.16048048048049590E-03  3.06385555890784422E-01
3.17045045045046556E-03  3.07105501027742755E-01
3.18042042042043565E-03  3.07825446164701089E-01
3.19039039039040575E-03  3.08545391301659422E-01
3.20036036036037584E-03  3.09265336438617755E-01
3.21033033033034593E-03  3.09985281575576088E-01
3.22030030030031559E-03  3.10705226712534421E-01
3.23027027027028568E-03  3.11425171849492699E-01
3.24024024024025577E-03  3.12145116986451088E-01
3.25021021021022587E-03  3.12865062123409365E-01
3.26018018018019596E-03  3.13585007260367754E-01
3.27015015015016605E-03  3.14304952397326032E-01
3.28012012012013571E-03  3.15024897534284365E-01
3.29009009009010580E-03  3.15744842671242698E-01
3.30006006006007590E-03  3.16464787808201031E-01
3.31003003003004599E-03  3.17184732945159364E-01
3.32000000000001608E-03  3.17904678082117698E-01
3.32996996996998617E-03  3.18624623219076031E-01
3.33993993993995583E-03  3.19344568356034308E-01
3.34990990990992592E-03  3.20064513492992697E-01
3.35987987987989602E-03  3.20784458629950975E-01
3.36984984984986611E-03  3.21504403766909364E-01
3.37981981981983620E-03  3.22224348903867641E-01
3.38978978978980629E-03  3.22944294040826030E-01
3.39975975975977595E-03  3.23664239177784308E-01
3.40972972972974605E-03  3.24384184314742641E-01
3.41969969969971614E-03  3.25104129451700974E-01
3.42966966966968623E-03  3.25824074588659307E-01
3.43963963963965632E-03  3.26544019725617640E-01
3.44960960960962642E-03  3.27263964862575973E-01
3.45957957957959607E-03  3.27983909999534307E-01
3.46954954954956617E-03  3.28703855136492640E-01
3.47951951951953626E-03  3.29423800273450973E-01
3.48948948948950635E-03  3.30143745410409306E-01
3.49945945945947644E-03  3.30863690547367639E-01
3.50942942942944654E-03  3.31583635684325972E-01
3.51939939939941620E-03  3.32303580821284250E-01
3.52936936936938629E-03  3.33023525958242583E-01
3.53933933933935638E-03  3.33743471095200916E-01
3.54930930930932647E-03  3.34463416232159250E-01
3.55927927927929657E-03  3.35183361369117583E-01
3.56924924924926622E-03  3.35903306506075916E-01
3.57921921921923632E-03  3.36623251643034249E-01
3.58918918918920641E-03  3.37343196779992582E-01
3.59915915915917650E-03  3.38063141916950916E-01
3.60912912912914659E-03  3.38783087053909249E-01
3.61909909909911669E-03  3.39503032190867582E-01
3.62906906906908635E-03  3.40222977327825860E-01
3.63903903903905644E-03  3.40942922464784193E-01
3.64900900900902653E-03  3.41662867601742526E-01
3.65897897897899662E-03  3.42382812738700859E-01
3.66894894894896672E-03  3.43102757875659192E-01
3.67891891891893681E-03  3.43822703012617525E-01
3.68888888888890647E-03  3.44542648149575859E-01
3.69885885885887656E-03  3.45262593286534192E-01
3.70882882882884665E-03  3.45982538423492525E-01
3.71879879879881674E-03  3.46702483560450858E-01
3.72876876876878684E-03  3.47422428697409191E-01
3.73873873873875693E-03  3.48142373834367524E-01
3.74870870870872659E-03  3.48862318971325802E-01
3.75867867867869668E-03  3.49582264108284135E-01
3.76864864864866677E-03  3.50302209245242469E-01
3.77861861861863687E-03  3.51022154382200802E-01
3.78858858858860696E-03  3.51742099519159135E-01
3.79855855855857705E-03  3.52462044656117468E-01
3.80852852852854671E-03  3.53181989793075801E-01
3.81849849849851680E-03  3.53901934930034134E-01
3.82846846846848689E-03  3.54621880066992468E-01
3.83843843843845699E-03  3.55341825203950801E-01
3.84840840840842708E-03  3.56061770340909134E-01
3.85837837837839674E-03  3.56781715477867412E-01
3.86834834834836683E-03  3.57501660614825745E-01
3.87831831831833692E-03  3.58221605751784078E-01
3.88828828828830702E-03  3.58941550888742411E-01
3.89825825825827711E-03  3.59661496025700744E-01
3.90822822822824677E-03  3.60381441162659077E-01
3.91819819819821686E-03  3.61101386299617411E-01
3.92816816816818695E-03  3.61821331436575744E-01
3.93813813813815704E-03  3.62541276573534077E-01
3.94810810810812714E-03  3.63261221710492410E-01
3.95807807807809723E-03  3.63981166847450743E-01
3.96804804804806732E-03  3.64701111984409077E-01
3.97801801801803741E-03  3.65421057121367410E-01
3.98798798798800751E-03  3.66141002258325743E-01
3.99795795795797760E-03  3.66860947395284076E-01
4.00792792792794682E-03  3.67580892532242354E-01
4.01789789789791692E-03  3.68300837669200687E-01
4.02786786786788701E-03  3.69020782806159020E-01
4.03783783783785710E-03  3.69740727943117353E-01
4.04780780780782719E-03  3.70460673080075686E-01
4.05777777777779729E-03  3.71180618217034020E-01
4.06774774774776738E-03  3.71900563353992353E-01
4.07771771771773747E-03  3.72620508490950686E-01
4.08768768768770756E-03  3.73340453627909019E-01
4.09765765765767766E-03  3.74060398764867352E-01
4.10762762762764775E-03  3.74780343901825685E-01
4.11759759759761784E-03  3.75500289038784019E-01
4.12756756756758707E-03  3.76220234175742296E-01
4.13753753753755716E-03  3.76940179312700629E-01
4.14750750750752725E-03  3.77660124449658963E-01
4.15747747747749734E-03  3.78380069586617296E-01
4.16744744744746744E-03  3.79100014723575629E-01
4.17741741741743753E-03  3.79819959860533962E-01
4.18738738738740762E-03  3.80539904997492295E-01
4.19735735735737771E-03  3.81259850134450629E-01
4.20732732732734781E-03  3.81979795271408962E-01
4.21729729729731790E-03  3.82699740408367295E-01
4.22726726726728799E-03  3.83419685545325628E-01
4.23723723723725722E-03  3.84139630682283906E-01
4.24720720720722731E-03  3.84859575819242239E-01
4.25717717717719740E-03  3.85579520956200572E-01
4.26714714714716749E-03  3.86299466093158905E-01
4.27711711711713759E-03  3.87019411230117238E-01
4.28708708708710768E-03  3.87739356367075572E-01
4.29705705705707777E-03  3.88459301504033905E-01
4.30702702702704786E-03  3.89179246640992238E-01
4.31699699699701796E-03  3.89899191777950571E-01
4.32696696696698805E-03  3.90619136914908904E-01
4.33693693693695814E-03  3.91339082051867237E-01
4.34690690690692823E-03  3.92059027188825571E-01
4.35687687687689746E-03  3.92778972325783848E-01
4.36684684684686755E-03  3.93498917462742182E-01
4.37681681681683765E-03  3.94218862599700515E-01
4.38678678678680774E-03  3.94938807736658848E-01
4.39675675675677783E-03  3.95658752873617181E-01
4.40672672672674792E-03  3.96378698010575514E-01
4.41669669669671801E-03  3.97098643147533847E-01
4.42666666666668811E-03  3.97818588284492181E-01
4.43663663663665820E-03  3.98538533421450514E-01
4.44660660660662829E-03  3.99258478558408847E-01
4.45657657657659838E-03  3.99978423695367180E-01
4.46654654654656848E-03  4.00698368832325513E-01
4.47651651651653770E-03  4.01418313969283791E-01
4.48648648648650780E-03  4.02138259106242124E-01
4.49645645645647789E-03  4.02858204243200457E-01
4.50642642642644798E-03  4.03578149380158790E-01
4.51639639639641807E-03  4.04298094517117124E-01
4.52636636636638817E-03  4.05018039654075457E-01
4.53633633633635826E-03  4.05737984791033790E-01
4.54630630630632835E-03  4.06457929927992123E-01
4.55627627627629844E-03  4.07177875064950456E-01
4.56624624624626854E-03  4.07897820201908790E-01
4.57621621621623863E-03  4.08617765338867123E-01
4.58618618618620785E-03  4.09337710475825400E-01
4.59615615615617795E-03  4.10057655612783734E-01
4.60612612612614804E-03  4.10777600749742067E-01
4.61609609609611813E-03  4.11497545886700400E-01
4.62606606606608822E-03  4.12217491023658733E-01
4.63603603603605832E-03  4.12937436160617066E-01
4.64600600600602841E-03  4.13657381297575399E-01
4.65597597597599850E-03  4.14377326434533733E-01
4.66594594594596859E-03  4.15097271571492066E-01
4.67591591591593869E-03  4.15817216708450399E-01
4.68588588588590878E-03  4.16537161845408732E-01
4.69585585585587887E-03  4.17257106982367121E-01
4.70582582582584810E-03  4.17977052119325343E-01
4.71579579579581819E-03  4.18696997256283676E-01
4.72576576576578828E-03  4.19416942393242009E-01
4.73573573573575837E-03  4.20136887530200342E-01
4.74570570570572847E-03  4.20856832667158676E-01
4.75567567567569856E-03  4.21576777804117009E-01
4.76564564564566865E-03  4.22296722941075398E-01
4.77561561561563874E-03  4.23016668078033731E-01
4.78558558558560884E-03  4.23736613214992064E-01
4.79555555555557893E-03  4.24456558351950397E-01
4.80552552552554902E-03  4.25176503488908730E-01
4.81549549549551825E-03  4.25896448625866952E-01
4.82546546546548834E-03  4.26616393762825286E-01
4.83543543543545843E-03  4.27336338899783674E-01
4.84540540540542852E-03  4.28056284036742007E-01
4.85537537537539862E-03  4.28776229173700341E-01
4.86534534534536871E-03  4.29496174310658674E-01
4.87531531531533880E-03  4.30216119447617007E-01
4.88528528528530889E-03  4.30936064584575340E-01
4.89525525525527899E-03  4.31656009721533673E-01
4.90522522522524908E-03  4.32375954858492006E-01
4.91519519519521917E-03  4.33095899995450340E-01
4.92516516516518926E-03  4.33815845132408673E-01
4.93513513513515849E-03  4.34535790269366951E-01
4.94510510510512858E-03  4.35255735406325284E-01
4.95507507507509867E-03  4.35975680543283617E-01
4.96504504504506877E-03  4.36695625680241950E-01
4.97501501501503886E-03  4.37415570817200283E-01
4.98498498498500895E-03  4.38135515954158616E-01
4.99495495495497904E-03  4.38855461091116950E-01
5.00492492492494914E-03  4.39575406228075283E-01
5.01489489489491923E-03  4.40295351365033616E-01
5.02486486486488932E-03  4.41015296501991949E-01
5.03483483483485941E-03  4.41735241638950282E-01
5.04480480480482951E-03  4.42455186775908615E-01
5.05477477477479873E-03  4.43175131912866893E-01
5.06474474474476882E-03  4.43895077049825226E-01
5.07471471471473892E-03  4.44615022186783559E-01
5.08468468468470901E-03  4.45334967323741893E-01
5.09465465465467910E-03  4.46054912460700226E-01
5.10462462462464919E-03  4.46774857597658559E-01
5.11459459459461929E-03  4.47494802734616892E-01
5.12456456456458938E-03  4.48214747871575225E-01
5.13453453453455947E-03  4.48934693008533559E-01
5.14450450450452956E-03  4.49654638145491892E-01
5.15447447447449966E-03  4.50374583282450225E-01
5.16444444444446888E-03  4.51094528419408503E-01
5.17441441441443897E-03  4.51814473556366836E-01
5.18438438438440907E-03  4.52534418693325169E-01
5.19435435435437916E-03  4.53254363830283502E-01
5.20432432432434925E-03  4.53974308967241835E-01
5.21429429429431934E-03  4.54694254104200168E-01
5.22426426426428944E-03  4.55414199241158502E-01
5.23423423423425953E-03  4.56134144378116835E-01
5.24420420420422962E-03  4.56854089515075168E-01
5.25417417417419971E-03  4.57574034652033501E-01
5.26414414414416981E-03  4.58293979788991834E-01
5.27411411411413990E-03  4.59013924925950167E-01
5.28408408408410912E-03  4.59733870062908445E-01
5.29405405405407922E-03  4.60453815199866778E-01
5.30402402402404931E-03  4.61173760336825111E-01
5.31399399399401940E-03  4.61893705473783445E-01
5.32396396396398949E-03  4.62613650610741778E-01
5.33393393393395959E-03  4.63333595747700111E-01
5.34390390390392968E-03  4.64053540884658444E-01
5.35387387387389977E-03  4.64773486021616777E-01
5.36384384384386986E-03  4.65493431158575111E-01
5.37381381381383996E-03  4.66213376295533444E-01
5.38378378378381005E-03  4.66933321432491777E-01
5.39375375375378014E-03  4.67653266569450110E-01
5.40372372372374937E-03  4.68373211706408388E-01
5.41369369369371946E-03  4.69093156843366721E-01
5.42366366366368955E-03  4.69813101980325054E-01
5.43363363363365964E-03  4.70533047117283387E-01
5.44360360360362974E-03  4.71252992254241720E-01
5.45357357357359983E-03  4.71972937391200054E-01
5.46354354354356992E-03  4.72692882528158387E-01
5.47351351351354001E-03  4.73412827665116720E-01
5.48348348348351011E-03  4.74132772802075053E-01
5.49345345345348020E-03  4.74852717939033386E-01
5.50342342342345029E-03  4.75572663075991720E-01
5.51339339339341952E-03  4.76292608212949997E-01
5.52336336336338961E-03  4.77012553349908330E-01
5.53333333333335970E-03  4.77732498486866664E-01
5.54330330330332979E-03  4.78452443623824997E-01
5.55327327327329989E-03  4.79172388760783330E-01
5.56324324324326998E-03  4.79892333897741663E-01
5.57321321321324007E-03  4.80612279034699996E-01
5.58318318318321016E-03  4.81332224171658329E-01
5.59315315315318026E-03  4.82052169308616663E-01
5.60312312312315035E-03  4.82772114445574996E-01
5.61309309309312044E-03  4.83492059582533329E-01
5.62306306306309053E-03  4.84212004719491662E-01
5.63303303303305976E-03  4.84931949856449940E-01
5.64300300300302985E-03  4.85651894993408273E-01
5.65297297297299994E-03  4.86371840130366606E-01
5.66294294294297004E-03  4.87091785267324939E-01
5.67291291291294013E-03  4.87811730404283272E-01
5.68288288288291022E-03  4.88531675541241606E-01
5.69285285285288031E-03  4.89251620678199939E-01
5.70282282282285041E-03  4.89971565815158272E-01
5.71279279279282050E-03  4.90691510952116605E-01
5.72276276276279059E-03  4.91411456089074938E-01
5.73273273273276068E-03  4.92131401226033272E-01
5.74270270270272991E-03  4.92851346362991549E-01
5.75267267267270000E-03  4.93571291499949882E-01
5.76264264264267009E-03  4.94291236636908216E-01
5.77261261261264019E-03  4.95011181773866549E-01
5.78258258258261028E-03  4.95731126910824882E-01
5.79255255255258037E-03  4.96451072047783215E-01
5.80252252252255046E-03  4.97171017184741548E-01
5.81249249249252056E-03  4.97890962321699881E-01
5.82246246246249065E-03  4.98610907458658215E-01
5.83243243243246074E-03  4.99330852595616548E-01
5.84240240240243083E-03  5.00050797732574881E-01
5.85237237237240093E-03  5.00770742869533159E-01
5.86234234234237015E-03  5.01490688006491547E-01
5.87231231231234024E-03  5.02210633143449825E-01
5.88228228228231034E-03  5.02930578280408103E-01
5.89225225225228043E-03  5.03650523417366491E-01
5.90222222222225052E-03  5.04370468554324880E-01
5.91219219219222061E-03  5.05090413691283158E-01
5.92216216216219071E-03  5.05810358828241435E-01
5.93213213213216080E-03  5.06530303965199824E-01
5.94210210210213089E-03  5.07250249102158213E-01
5.95207207207210098E-03  5.07970194239116490E-01
5.96204204204207108E-03  5.08690139376074768E-01
5.97201201201204117E-03  5.09410084513033157E-01
5.98198198198201039E-03  5.10130029649991434E-01
5.99195195195198049E-03  5.10849974786949712E-01
6.00192192192195058E-03  5.11569919923908101E-01
6.01189189189192067E-03  5.12289865060866489E-01
6.02186186186189076E-03  5.13009810197824767E-01
6.03183183183186086E-03  5.13729755334783045E-01
6.04180180180183095E-03  5.14449700471741433E-01
6.05177177177180104E-03  5.15169645608699822E-01
6.06174174174177113E-03  5.15889590745658100E-01
6.07171171171174123E-03  5.16609535882616489E-01
6.08168168168171132E-03  5.17329481019574766E-01
6.09165165165168054E-03  5.18049426156533044E-01
6.10162162162165064E-03  5.18769371293491321E-01
6.11159159159162073E-03  5.19489316430449710E-01
6.12156156156159082E-03  5.20209261567408099E-01
6.13153153153156091E-03  5.20929206704366377E-01
6.14150150150153101E-03  5.21649151841324765E-01
6.15147147147150110E-03  5.22369096978283043E-01
6.16144144144147119E-03  5.23089042115241432E-01
6.17141141141144128E-03  5.23808987252199820E-01
6.18138138138141138E-03  5.24528932389158098E-01
6.19135135135138147E-03  5.25248877526116376E-01
6.20132132132135156E-03  5.25968822663074764E-01
6.21129129129132079E-03  5.26688767800033042E-01
6.22126126126129088E-03  5.27408712936991320E-01
6.23123123123126097E-03  5.28128658073949708E-01
6.24120120120123106E-03  5.28848603210908097E-01
6.25117117117120116E-03  5.29568548347866375E-01
6.26114114114117125E-03  5.30288493484824652E-01
6.27111111111114134E-03  5.31008438621783041E-01
6.28108108108111143E-03  5.31728383758741430E-01
6.29105105105108153E-03  5.32448328895699707E-01
6.30102102102105162E-03  5.33168274032657985E-01
6.31099099099102171E-03  5.33888219169616374E-01
6.32096096096099180E-03  5.34608164306574762E-01
6.33093093093096103E-03  5.35328109443532929E-01
6.34090090090093112E-03  5.36048054580491318E-01
6.35087087087090121E-03  5.36715866438499001E-01
6.36084084084087131E-03  5.37125373547932883E-01
6.37081081081084140E-03  5.37534880657366876E-01
6.38078078078081149E-03  5.37944387766800869E-01
6.39075075075078158E-03  5.38353894876234862E-01
6.40072072072075168E-03  5.38763401985668855E-01
6.41069069069072177E-03  5.39172909095102737E-01
6.42066066066069186E-03  5.39582416204536841E-01
6.43063063063066195E-03  5.39991923313970723E-01
6.44060060060063118E-03  5.40401430423404716E-01
6.45057057057060127E-03  5.40810937532838709E-01
6.46054054054057136E-03  5.41220444642272702E-01
6.47051051051054146E-03  5.41629951751706695E-01
6.48048048048051155E-03  5.42039458861140577E-01
6.49045045045048164E-03  5.42448965970574681E-01
6.50042042042045173E-03  5.42858473080008563E-01
6.51039039039042183E-03  5.43267980189442667E-01
6.52036036036039192E-03  5.43677487298876549E-01
6.53033033033036201E-03  5.44086994408310543E-01
6.54030030030033210E-03  5.44496501517744536E-01
6.55027027027030220E-03  5.44906008627178529E-01
6.56024024024027142E-03  5.45315515736612522E-01
6.57021021021024151E-03  5.45725022846046404E-01
6.58018018018021161E-03  5.46134529955480397E-01
6.59015015015018170E-03  5.46544037064914390E-01
6.60012012012015179E-03  5.46953544174348383E-01
6.61009009009012188E-03  5.47363051283782376E-01
6.62006006006009198E-03  5.47772558393216369E-01
6.63003003003006207E-03  5.48182065502650362E-01
6.64000000000003216E-03  5.48591572612084244E-01
6.64996996997000225E-03  5.49001079721518348E-01
6.65993993993997235E-03  5.49410586830952230E-01
6.66990990990994244E-03  5.49820093940386334E-01
6.67987987987991166E-03  5.50229601049820216E-01
6.68984984984988176E-03  5.50639108159254209E-01
6.69981981981985185E-03  5.51048615268688202E-01
6.70978978978982194E-03  5.51458122378122084E-01
6.71975975975979203E-03  5.51867629487556188E-01
6.72972972972976213E-03  5.52277136596990070E-01
6.73969969969973222E-03  5.52686643706424174E-01
6.74966966966970231E-03  5.53096150815858056E-01
6.75963963963967240E-03  5.53505657925292049E-01
6.76960960960964250E-03  5.53915165034726042E-01
6.77957957957961259E-03  5.54324672144160036E-01
6.78954954954958181E-03  5.54734179253594029E-01
6.79951951951955191E-03  5.55143686363027911E-01
6.80948948948952200E-03  5.55553193472461904E-01
6.81945945945949209E-03  5.55962700581895897E-01
6.82942942942946218E-03  5.56372207691329890E-01
6.83939939939943228E-03  5.56781714800763883E-01
6.84936936936940237E-03  5.57191221910197876E-01
6.85933933933937246E-03  5.57600729019631869E-01
6.86930930930934255E-03  5.58010236129065751E-01
6.87927927927931265E-03  5.58419743238499855E-01
6.88924924924928274E-03  5.58829250347933737E-01
6.89921921921925283E-03  5.59238757457367841E-01
6.90918918918922206E-03  5.59648264566801723E-01
6.91915915915919215E-03  5.60057771676235716E-01
6.92912912912916224E-03  5.60467278785669709E-01
6.93909909909913233E-03  5.60876785895103591E-01
6.94906906906910243E-03  5.61286293004537695E-01
6.95903903903907252E-03  5.61695800113971577E-01
6.96900900900904261E-03  5.62105307223405570E-01
6.97897897897901270E-03  5.62514814332839563E-01
6.98894894894898280E-03  5.62924321442273556E-01
6.99891891891895289E-03  5.63333828551707549E-01
7.00888888888892298E-03  5.63743335661141542E-01
7.01885885885889307E-03  5.64152842770575536E-01
7.02882882882886230E-03  5.64562349880009418E-01
7.03879879879883239E-03  5.64971856989443411E-01
7.04876876876880248E-03  5.65381364098877404E-01
7.05873873873877258E-03  5.65790871208311397E-01
7.06870870870874267E-03  5.66200378317745390E-01
7.07867867867871276E-03  5.66609885427179383E-01
7.08864864864868285E-03  5.67019392536613376E-01
7.09861861861865295E-03  5.67428899646047258E-01
7.10858858858862304E-03  5.67838406755481362E-01
7.11855855855859313E-03  5.68247913864915244E-01
7.12852852852856322E-03  5.68657420974349348E-01
7.13849849849853245E-03  5.69066928083783230E-01
7.14846846846850254E-03  5.69476435193217112E-01
7.15843843843847263E-03  5.69885942302651216E-01
7.16840840840844273E-03  5.70295449412085098E-01
7.17837837837841282E-03  5.70704956521519202E-01
7.18834834834838291E-03  5.71114463630953084E-01
7.19831831831835300E-03  5.71523970740387077E-01
7.20828828828832310E-03  5.71933477849821070E-01
7.21825825825829319E-03  5.72342984959255063E-01
7.22822822822826328E-03  5.72752492068689056E-01
7.23819819819823337E-03  5.73161999178123049E-01
7.24816816816820347E-03  5.73571506287557042E-01
7.25813813813817269E-03  5.73981013396990924E-01
7.26810810810814278E-03  5.74390520506424918E-01
7.27807807807811288E-03  5.74800027615858911E-01
7.28804804804808297E-03  5.75209534725292904E-01
7.29801801801805306E-03  5.75619041834726897E-01
7.30798798798802315E-03  5.76028548944160890E-01
7.31795795795799325E-03  5.76438056053594883E-01
7.32792792792796334E-03  5.76847563163028765E-01
7.33789789789793343E-03  5.77257070272462869E-01
7.34786786786790352E-03  5.77666577381896751E-01
7.35783783783787362E-03  5.78076084491330744E-01
7.36780780780784284E-03  5.78485591600764737E-01
7.37777777777781293E-03  5.78895098710198619E-01
7.38774774774778303E-03  5.79304605819632723E-01
7.39771771771775312E-03  5.79714112929066605E-01
7.40768768768772321E-03  5.80123620038500709E-01
7.41765765765769330E-03  5.80533127147934591E-01
7.42762762762766340E-03  5.80942634257368584E-01
7.43759759759763349E-03  5.81352141366802577E-01
7.44756756756760358E-03  5.81761648476236570E-01
7.45753753753757367E-03  5.82171155585670563E-01
7.46750750750754377E-03  5.82580662695104556E-01
7.47747747747751386E-03  5.82990169804538549E-01
7.48744744744748308E-03  5.83399676913972431E-01
7.49741741741745318E-03  5.83809184023406424E-01
7.50738738738742327E-03  5.84218691132840418E-01
7.51735735735739336E-03  5.84628198242274411E-01
7.52732732732736345E-03  5.85037705351708404E-01
7.53729729729733355E-03  5.85447212461142286E-01
7.54726726726730364E-03  5.85856719570576390E-01
7.55723723723727373E-03  5.86266226680010272E-01
7.56720720720724382E-03  5.86675733789444376E-01
7.57717717717721392E-03  5.87085240898878258E-01
7.58714714714718401E-03  5.87494748008312251E-01
7.59711711711715410E-03  5.87904255117746244E-01
7.60708708708712333E-03  5.88313762227180126E-01
7.61705705705709342E-03  5.88723269336614230E-01
7.62702702702706351E-03  5.89132776446048112E-01
7.63699699699703360E-03  5.89542283555482216E-01
7.64696696696700370E-03  5.89951790664916098E-01
7.65693693693697379E-03  5.90361297774350091E-01
7.66690690690694388E-03  5.90770804883784084E-01
7.67687687687691397E-03  5.91180311993218077E-01
7.68684684684688407E-03  5.91589819102652070E-01
7.69681681681685416E-03  5.91999326212085952E-01
7.70678678678682425E-03  5.92408833321520056E-01
7.71675675675679348E-03  5.92818340430953938E-01
7.72672672672676357E-03  5.93227847540387931E-01
7.73669669669673366E-03  5.93637354649821924E-01
7.74666666666670375E-03  5.94046861759255918E-01
7.75663663663667385E-03  5.94456368868689911E-01
7.76660660660664394E-03  5.94865875978123793E-01
7.77657657657661403E-03  5.95275383087557897E-01
7.78654654654658412E-03  5.95684890196991779E-01
7.79651651651655422E-03  5.96094397306425883E-01
7.80648648648652431E-03  5.96503904415859765E-01
7.81645645645649353E-03  5.96913411525293758E-01
7.82642642642646449E-03  5.97322918634727751E-01
7.83639639639643372E-03  5.97732425744161633E-01
7.84636636636640468E-03  5.98141932853595737E-01
7.85633633633637390E-03  5.98551439963029619E-01
7.86630630630634486E-03  5.98960947072463723E-01
7.87627627627631409E-03  5.99370454181897605E-01
7.88624624624628505E-03  5.99779961291331709E-01
7.89621621621625427E-03  6.00189468400765591E-01
7.90618618618622350E-03  6.00598975510199473E-01
7.91615615615619446E-03  6.01008482619633577E-01
7.92612612612616368E-03  6.01417989729067459E-01
7.93609609609613464E-03  6.01827496838501563E-01
7.94606606606610387E-03  6.02237003947935445E-01
7.95603603603607483E-03  6.02646511057369549E-01
7.96600600600604405E-03  6.03056018166803431E-01
7.97597597597601501E-03  6.03465525276237424E-01
7.98594594594598424E-03  6.03875032385671418E-01
7.99591591591595520E-03  6.04284539495105411E-01
8.00588588588592442E-03  6.04694046604539404E-01
8.01585585585589365E-03  6.05103553713973286E-01
8.02582582582586461E-03  6.05513060823407390E-01
8.03579579579583383E-03  6.05922567932841272E-01
8.04576576576580479E-03  6.06332075042275265E-01
8.05573573573577402E-03  6.06741582151709258E-01
8.06570570570574498E-03  6.07151089261143251E-01
8.07567567567571420E-03  6.07560596370577244E-01
8.08564564564568516E-03  6.07970103480011126E-01
8.09561561561565439E-03  6.08379610589445230E-01
8.10558558558562535E-03  6.08789117698879112E-01
8.11555555555559457E-03  6.09198624808313105E-01
8.12552552552556380E-03  6.09608131917747098E-01
8.13549549549553476E-03  6.10017639027181091E-01
8.14546546546550398E-03  6.10427146136615084E-01
8.15543543543547494E-03  6.10836653246048966E-01
8.16540540540544417E-03  6.11246160355483070E-01
8.17537537537541513E-03  6.11655667464916952E-01
8.18534534534538435E-03  6.12065174574350945E-01
8.19531531531535531E-03  6.12474681683784938E-01
8.20528528528532454E-03  6.12884188793218931E-01
8.21525525525529550E-03  6.13293695902652924E-01
8.22522522522526472E-03  6.13703203012086806E-01
8.23519519519523568E-03  6.14112710121520911E-01
8.24516516516520491E-03  6.14522217230954793E-01
8.25513513513517413E-03  6.14931724340388786E-01
8.26510510510514509E-03  6.15341231449822779E-01
8.27507507507511432E-03  6.15750738559256772E-01
8.28504504504508528E-03  6.16160245668690765E-01
8.29501501501505450E-03  6.16569752778124647E-01
8.30498498498502546E-03  6.16979259887558751E-01
8.31495495495499469E-03  6.17388766996992633E-01
8.32492492492496565E-03  6.17798274106426737E-01
8.33489489489493487E-03  6.18207781215860619E-01
8.34486486486490583E-03  6.18617288325294723E-01
8.35483483483487506E-03  6.19026795434728605E-01
8.36480480480484428E-03  6.19436302544162487E-01
8.37477477477481524E-03  6.19845809653596591E-01
8.38474474474478447E-03  6.20255316763030473E-01
8.39471471471475543E-03  6.20664823872464577E-01
8.40468468468472465E-03  6.21074330981898459E-01
8.41465465465469561E-03  6.21483838091332563E-01
8.42462462462466484E-03  6.21893345200766445E-01
8.43459459459463580E-03  6.22302852310200438E-01
8.44456456456460502E-03  6.22712359419634431E-01
8.45453453453457598E-03  6.23121866529068424E-01
8.46450450450454521E-03  6.23531373638502417E-01
8.47447447447451443E-03  6.23940880747936299E-01
8.48444444444448539E-03  6.24350387857370404E-01
8.49441441441445462E-03  6.24759894966804286E-01
8.50438438438442558E-03  6.25169402076238279E-01
8.51435435435439480E-03  6.25578909185672272E-01
8.52432432432436576E-03  6.25988416295106265E-01
8.53429429429433499E-03  6.26397923404540258E-01
8.54426426426430595E-03  6.26807430513974140E-01
8.55423423423427517E-03  6.27216937623408244E-01
8.56420420420424613E-03  6.27626444732842126E-01
8.57417417417421536E-03  6.28035951842276119E-01
8.58414414414418632E-03  6.28445458951710112E-01
8.59411411411415554E-03  6.28854966061144105E-01
8.60408408408412477E-03  6.29264473170578098E-01
8.61405405405409573E-03  6.29673980280011980E-01
8.62402402402406495E-03  6.30083487389445973E-01
8.63399399399403591E-03  6.30492994498879966E-01
8.64396396396400514E-03  6.30902501608313959E-01
8.65393393393397610E-03  6.31312008717747952E-01
8.66390390390394532E-03  6.31721515827181945E-01
8.67387387387391628E-03  6.32131022936615938E-01
8.68384384384388551E-03  6.32540530046049820E-01
8.69381381381385647E-03  6.32950037155483924E-01
8.70378378378382569E-03  6.33359544264917806E-01
8.71375375375379492E-03  6.33769051374351799E-01
8.72372372372376588E-03  6.34178558483785793E-01
8.73369369369373511E-03  6.34588065593219675E-01
8.74366366366370606E-03  6.34997572702653779E-01
8.75363363363367529E-03  6.35407079812087661E-01
8.76360360360364625E-03  6.35816586921521765E-01
8.77357357357361548E-03  6.36226094030955647E-01
8.78354354354358643E-03  6.36635601140389751E-01
8.79351351351355566E-03  6.37045108249823633E-01
8.80348348348352662E-03  6.37454615359257737E-01
8.81345345345349584E-03  6.37864122468691619E-01
8.82342342342346507E-03  6.38273629578125501E-01
8.83339339339343603E-03  6.38683136687559605E-01
8.84336336336340526E-03  6.39092643796993487E-01
8.85333333333337621E-03  6.39502150906427591E-01
8.86330330330334544E-03  6.39911658015861473E-01
8.87327327327331640E-03  6.40321165125295577E-01
8.88324324324328563E-03  6.40730672234729459E-01
8.89321321321325658E-03  6.41140179344163452E-01
8.90318318318322581E-03  6.41549686453597445E-01
8.91315315315319677E-03  6.41959193563031438E-01
8.92312312312316600E-03  6.42368700672465431E-01
8.93309309309313695E-03  6.42778207781899313E-01
8.94306306306310618E-03  6.43187714891333306E-01
8.95303303303307541E-03  6.43597222000767299E-01
8.96300300300304637E-03  6.44006729110201293E-01
8.97297297297301559E-03  6.44416236219635286E-01
8.98294294294298655E-03  6.44825743329069279E-01
8.99291291291295578E-03  6.45235250438503272E-01
9.00288288288292674E-03  6.45644757547937154E-01
9.01285285285289596E-03  6.46054264657371147E-01
9.02282282282286692E-03  6.46463771766805140E-01
9.03279279279283615E-03  6.46873278876239133E-01
9.04276276276280710E-03  6.47282785985673126E-01
9.05273273273277633E-03  6.47692293095107119E-01
9.06270270270274556E-03  6.48101800204541112E-01
9.07267267267271652E-03  6.48511307313974994E-01
9.08264264264268574E-03  6.48920814423408987E-01
9.09261261261265670E-03  6.49330321532842980E-01
9.10258258258262593E-03  6.49739828642276973E-01
9.11255255255259689E-03  6.50149335751710966E-01
9.12252252252256611E-03  6.50558842861144848E-01
9.13249249249253707E-03  6.50968349970578952E-01
9.14246246246250630E-03  6.51377857080012834E-01
9.15243243243247726E-03  6.51787364189446938E-01
9.16240240240244648E-03  6.52196871298880820E-01
9.17237237237241571E-03  6.52606378408314813E-01
9.18234234234238667E-03  6.53015885517748806E-01
9.19231231231235589E-03  6.53425392627182688E-01
9.20228228228232685E-03  6.53834899736616793E-01
9.21225225225229608E-03  6.54244406846050675E-01
9.22222222222226704E-03  6.54653913955484779E-01
9.23219219219223626E-03  6.55063421064918661E-01
9.24216216216220722E-03  6.55472928174352765E-01
9.25213213213217645E-03  6.55882435283786647E-01
9.26210210210214741E-03  6.56291942393220751E-01
9.27207207207211663E-03  6.56701449502654633E-01
9.28204204204208586E-03  6.57110956612088515E-01
9.29201201201205682E-03  6.57520463721522619E-01
9.30198198198202604E-03  6.57929970830956501E-01
9.31195195195199700E-03  6.58339477940390605E-01
9.32192192192196623E-03  6.58748985049824487E-01
9.33189189189193719E-03  6.59158492159258480E-01
9.34186186186190641E-03  6.59567999268692473E-01
9.35183183183187737E-03  6.59977506378126466E-01
9.36180180180184660E-03  6.60387013487560459E-01
9.37177177177181756E-03  6.60796520596994452E-01
9.38174174174178678E-03  6.61206027706428445E-01
9.39171171171175774E-03  6.61615534815862327E-01
9.40168168168172697E-03  6.62025041925296320E-01
9.41165165165169619E-03  6.62434549034730313E-01
9.42162162162166715E-03  6.62844056144164306E-01
9.43159159159163638E-03  6.63253563253598299E-01
9.44156156156160734E-03  6.63663070363032292E-01
9.45153153153157656E-03  6.64072577472466286E-01
9.46150150150154752E-03  6.64482084581900168E-01
9.47147147147151675E-03  6.64891591691334161E-01
9.48144144144148771E-03  6.65301098800768154E-01
9.49141141141145693E-03  6.65710605910202147E-01
9.50138138138142789E-03  6.66120113019636140E-01
9.51135135135139712E-03  6.66529620129070022E-01
9.52132132132136634E-03  6.66939127238504126E-01
9.53129129129133730E-03  6.67348634347938008E-01
9.54126126126130653E-03  6.67758141457372001E-01
9.55123123123127749E-03  6.68167648566805994E-01
9.56120120120124671E-03  6.68577155676239987E-01
9.57117117117121767E-03  6.68986662785673980E-01
9.58114114114118690E-03  6.69396169895107862E-01
9.59111111111115786E-03  6.69805677004541966E-01
9.60108108108112708E-03  6.70215184113975848E-01
9.61105105105109804E-03  6.70624691223409952E-01
9.62102102102106727E-03  6.71034198332843834E-01
9.63099099099103649E-03  6.71443705442277827E-01
9.64096096096100745E-03  6.71853212551711820E-01
9.65093093093097668E-03  6.72262719661145702E-01
9.66090090090094764E-03  6.72672226770579806E-01
9.67087087087091686E-03  6.73081733880013688E-01
9.68084084084088782E-03  6.73491240989447792E-01
9.69081081081085705E-03  6.73900748098881675E-01
9.70078078078082801E-03  6.74310255208315779E-01
9.71075075075079723E-03  6.74719762317749661E-01
9.72072072072076819E-03  6.75129269427183654E-01
9.73069069069073742E-03  6.75538776536617647E-01
9.74066066066070838E-03  6.75948283646051640E-01
9.75063063063067760E-03  6.76357790755485633E-01
9.76060060060064683E-03  6.76767297864919515E-01
9.77057057057061779E-03  6.77176804974353619E-01
9.78054054054058701E-03  6.77586312083787501E-01
9.79051051051055797E-03  6.77995819193221494E-01
9.80048048048052720E-03  6.78405326302655487E-01
9.81045045045049816E-03  6.78814833412089480E-01
9.82042042042046738E-03  6.79224340521523473E-01
9.83039039039043834E-03  6.79633847630957466E-01
9.84036036036040757E-03  6.80043354740391459E-01
9.85033033033037853E-03  6.80452861849825341E-01
9.86030030030034775E-03  6.80862368959259334E-01
9.87027027027031698E-03  6.81271876068693327E-01
9.88024024024028794E-03  6.81681383178127320E-01
9.89021021021025716E-03  6.82090890287561313E-01
9.90018018018022812E-03  6.82500397396995195E-01
9.91015015015019735E-03  6.82909904506429299E-01
9.92012012012016831E-03  6.83319411615863181E-01
9.93009009009013753E-03  6.83728918725297174E-01
9.94006006006010849E-03  6.84138425834731168E-01
9.95003003003007772E-03  6.84547932944165161E-01
9.96000000000004868E-03  6.84957440053599154E-01
