0.00000000000000000E+00  0.00000000000000000E+00
9.96996996997002134E-06  5.59045913127105380E-03
1.99399399399400427E-05  1.11809182625421076E-02
2.99099099099100640E-05  1.67713773938131631E-02
3.98798798798800854E-05  2.23618365250842152E-02
4.98498498498501101E-05  2.79522956563552742E-02
5.98198198198201281E-05  3.35427547876263263E-02
6.97897897897901460E-05  3.91332139188973749E-02
7.97597597597601707E-05  4.47236730501684304E-02
8.97297297297301955E-05  5.03141321814394860E-02
9.96996996997002202E-05  5.59045913127105484E-02
1.09669669669670231E-04  6.14950504439815970E-02
1.19639639639640256E-04  6.70855095752526526E-02
1.29609609609610281E-04  7.26759687065237081E-02
1.39579579579580292E-04  7.82664278377947498E-02
1.49549549549550330E-04  8.38568869690658192E-02
1.59519519519520341E-04  8.94473461003368608E-02
1.69489489489490353E-04  7.82241857208742508E-02
1.79459459459460391E-04  7.89480789796014326E-02
1.89429429429430402E-04  7.96719722383286144E-02
1.99399399399400440E-04  8.03958654970557962E-02
2.09369369369370452E-04  8.11197587557829780E-02
2.19339339339340463E-04  8.18436520145101598E-02
2.29309309309310501E-04  8.25675452732373416E-02
2.39279279279280512E-04  8.32914385319645234E-02
2.49249249249250523E-04  8.40153317906917052E-02
2.59219219219220562E-04  8.47392250494188870E-02
2.69189189189190600E-04  8.54631183081460688E-02
2.79159159159160584E-04  8.61870115668732506E-02
2.89129129129130622E-04  8.69109048256004324E-02
2.99099099099100661E-04  8.76347980843276281E-02
3.09069069069070645E-04  8.83586913430547960E-02
3.19039039039040683E-04  8.90825846017819778E-02
3.29009009009010721E-04  8.98064778605091735E-02
3.38978978978980705E-04  9.05303711192363414E-02
3.48948948948950744E-04  9.12542643779635232E-02
3.58918918918920782E-04  9.19781576366907189E-02
3.68888888888890766E-04  9.27020508954178868E-02
3.78858858858860804E-04  9.34259441541450825E-02
3.88828828828830843E-04  9.41498374128722643E-02
3.98798798798800881E-04  9.48737306715994461E-02
4.08768768768770865E-04  9.55976239303266279E-02
4.18738738738740903E-04  9.63215171890538097E-02
4.28708708708710941E-04  9.70454104477809915E-02
4.38678678678680926E-04  9.77693037065081594E-02
4.48648648648650964E-04  9.84931969652353551E-02
4.58618618618621002E-04  9.92170902239625369E-02
4.68588588588590986E-04  9.99409834826897187E-02
4.78558558558561024E-04  1.00664876741416900E-01
4.88528528528531063E-04  1.01388770000144082E-01
4.98498498498501047E-04  1.02112663258871264E-01
5.08468468468471139E-04  1.02836556517598446E-01
5.18438438438441123E-04  1.03560449776325628E-01
5.28408408408411107E-04  1.04284343035052809E-01
5.38378378378381200E-04  1.05008236293779991E-01
5.48348348348351184E-04  1.05732129552507173E-01
5.58318318318321168E-04  1.06456022811234355E-01
5.68288288288291261E-04  1.07179916069961537E-01
5.78258258258261245E-04  1.07903809328688718E-01
5.88228228228231229E-04  1.08627702587415900E-01
5.98198198198201321E-04  1.09351595846143096E-01
6.08168168168171305E-04  1.10075489104870264E-01
6.18138138138141289E-04  1.10799382363597446E-01
6.28108108108111382E-04  1.11523275622324641E-01
6.38078078078081366E-04  1.12247168881051809E-01
6.48048048048051350E-04  1.12971062139778991E-01
6.58018018018021443E-04  1.13694955398506187E-01
6.67987987987991427E-04  1.14418848657233355E-01
6.77957957957961411E-04  1.15142741915960536E-01
6.87927927927931503E-04  1.15866635174687732E-01
6.97897897897901487E-04  1.16590528433414900E-01
7.07867867867871471E-04  1.17314421692142082E-01
7.17837837837841564E-04  1.18038314950869277E-01
7.27807807807811548E-04  1.18762208209596459E-01
7.37777777777781532E-04  1.19486101468323627E-01
7.47747747747751624E-04  1.20209994727050823E-01
7.57717717717721609E-04  1.20933887985778005E-01
7.67687687687691593E-04  1.21657781244505173E-01
7.77657657657661685E-04  1.22381674503232368E-01
7.87627627627631669E-04  1.23105567761959550E-01
7.97597597597601762E-04  1.23829461020686732E-01
8.07567567567571746E-04  1.24553354279413914E-01
8.17537537537541730E-04  1.25277247538141095E-01
8.27507507507511822E-04  1.26001140796868277E-01
8.37477477477481806E-04  1.26725034055595459E-01
8.47447447447451790E-04  1.27448927314322641E-01
8.57417417417421883E-04  1.28172820573049823E-01
8.67387387387391867E-04  1.28896713831777004E-01
8.77357357357361851E-04  1.29620607090504159E-01
8.87327327327331944E-04  1.30344500349231368E-01
8.97297297297301928E-04  1.31068393607958550E-01
9.07267267267271912E-04  1.31792286866685704E-01
9.17237237237242004E-04  1.32516180125412913E-01
9.27207207207211988E-04  1.33240073384140095E-01
9.37177177177181972E-04  1.33963966642867277E-01
9.47147147147152065E-04  1.34687859901594459E-01
9.57117117117122049E-04  1.35411753160321641E-01
9.67087087087092033E-04  1.36135646419048822E-01
9.77057057057062125E-04  1.36859539677776004E-01
9.87027027027032218E-04  1.37583432936503186E-01
9.96996996997002094E-04  1.38307326195230368E-01
1.00696696696697219E-03  1.39031219453957550E-01
1.01693693693694228E-03  1.39755112712684731E-01
1.02690690690691215E-03  1.40479005971411913E-01
1.03687687687688225E-03  1.41202899230139095E-01
1.04684684684685234E-03  1.41926792488866277E-01
1.05681681681682221E-03  1.42650685747593459E-01
1.06678678678679231E-03  1.43374579006320640E-01
1.07675675675676240E-03  1.44098472265047822E-01
1.08672672672673228E-03  1.44822365523775004E-01
1.09669669669670237E-03  1.45546258782502186E-01
1.10666666666667246E-03  1.46270152041229368E-01
1.11663663663664234E-03  1.46994045299956549E-01
1.12660660660661243E-03  1.47717938558683731E-01
1.13657657657658252E-03  1.48441831817410913E-01
1.14654654654655240E-03  1.49165725076138095E-01
1.15651651651652249E-03  1.49889618334865277E-01
1.16648648648649258E-03  1.50613511593592486E-01
1.17645645645646246E-03  1.51337404852319640E-01
1.18642642642643255E-03  1.52061298111046822E-01
1.19639639639640264E-03  1.52785191369774032E-01
1.20636636636637252E-03  1.53509084628501186E-01
1.21633633633634261E-03  1.54232977887228367E-01
1.22630630630631270E-03  1.54956871145955577E-01
1.23627627627628258E-03  1.55680764404682731E-01
1.24624624624625267E-03  1.56404657663409913E-01
1.25621621621622276E-03  1.57128550922137122E-01
1.26618618618619264E-03  1.57852444180864276E-01
1.27615615615616273E-03  1.58576337439591458E-01
1.28612612612613282E-03  1.59300230698318668E-01
1.29609609609610270E-03  1.60024123957045822E-01
1.30606606606607279E-03  1.60748017215773004E-01
1.31603603603604289E-03  1.61471910474500213E-01
1.32600600600601276E-03  1.62195803733227367E-01
1.33597597597598285E-03  1.62919696991954549E-01
1.34594594594595295E-03  1.63643590250681759E-01
1.35591591591592282E-03  1.64367483509408913E-01
1.36588588588589291E-03  1.65091376768136094E-01
1.37585585585586301E-03  1.65815270026863304E-01
1.38582582582583288E-03  1.66539163285590458E-01
1.39579579579580297E-03  1.67263056544317640E-01
1.40576576576577307E-03  1.67986949803044849E-01
1.41573573573574294E-03  1.68710843061772003E-01
1.42570570570571304E-03  1.69434736320499185E-01
1.43567567567568313E-03  1.70158629579226395E-01
1.44564564564565300E-03  1.70882522837953549E-01
1.45561561561562310E-03  1.71606416096680758E-01
1.46558558558559319E-03  1.72330309355407940E-01
1.47555555555556306E-03  1.73054202614135094E-01
1.48552552552553316E-03  1.73778095872862304E-01
1.49549549549550325E-03  1.74501989131589486E-01
1.50546546546547312E-03  1.75225882390316640E-01
1.51543543543544322E-03  1.75949775649043849E-01
1.52540540540541331E-03  1.76673668907771031E-01
1.53537537537538319E-03  1.77397562166498185E-01
1.54534534534535328E-03  1.78121455425225395E-01
1.55531531531532337E-03  1.78845348683952576E-01
1.56528528528529325E-03  1.79569241942679730E-01
1.57525525525526334E-03  1.80293135201406940E-01
1.58522522522523343E-03  1.81017028460134122E-01
1.59519519519520352E-03  1.81740921718861304E-01
1.60516516516517340E-03  1.82464814977588485E-01
1.61513513513514349E-03  1.83188708236315667E-01
1.62510510510511358E-03  1.83912601495042849E-01
1.63507507507508346E-03  1.84636494753770031E-01
1.64504504504505355E-03  1.85360388012497213E-01
1.65501501501502364E-03  1.86084281271224394E-01
1.66498498498499352E-03  1.86808174529951576E-01
1.67495495495496361E-03  1.87532067788678758E-01
1.68492492492493371E-03  1.88255961047405940E-01
1.69489489489490358E-03  1.88979854306133122E-01
1.70486486486487367E-03  1.89703747564860303E-01
1.71483483483484377E-03  1.90427640823587485E-01
1.72480480480481364E-03  1.91151534082314639E-01
1.73477477477478373E-03  1.91875427341041849E-01
1.74474474474475383E-03  1.92599320599769031E-01
1.75471471471472370E-03  1.93323213858496185E-01
1.76468468468469379E-03  1.94047107117223394E-01
1.77465465465466389E-03  1.94771000375950576E-01
1.78462462462463376E-03  1.95494893634677730E-01
1.79459459459460386E-03  1.96218786893404940E-01
1.80456456456457395E-03  1.96942680152132121E-01
1.81453453453454382E-03  1.97666573410859275E-01
1.82450450450451392E-03  1.98390466669586485E-01
1.83447447447448401E-03  1.99114359928313667E-01
1.84444444444445388E-03  1.99838253187040821E-01
1.85441441441442398E-03  2.00562146445768030E-01
1.86438438438439407E-03  2.01286039704495212E-01
1.87435435435436394E-03  2.02009932963222394E-01
1.88432432432433404E-03  2.02733826221949576E-01
1.89429429429430413E-03  2.03457719480676757E-01
1.90426426426427401E-03  2.04181612739403939E-01
1.91423423423424410E-03  2.04905505998131121E-01
1.92420420420421419E-03  2.05629399256858303E-01
1.93417417417418407E-03  2.06353292515585485E-01
1.94414414414415416E-03  2.07077185774312666E-01
1.95411411411412425E-03  2.07801079033039848E-01
1.96408408408409434E-03  2.08524972291767030E-01
1.97405405405406444E-03  2.09248865550494212E-01
1.98402402402403409E-03  2.09972758809221366E-01
1.99399399399400419E-03  2.10696652067948575E-01
2.00396396396397428E-03  2.11420545326675757E-01
2.01393393393394437E-03  2.12144438585402939E-01
2.02390390390391446E-03  2.12868331844130121E-01
2.03387387387388456E-03  2.13592225102857303E-01
2.04384384384385422E-03  2.14316118361584457E-01
2.05381381381382431E-03  2.15040011620311666E-01
2.06378378378379440E-03  2.15763904879038848E-01
2.07375375375376449E-03  2.16487798137766030E-01
2.08372372372373459E-03  2.17211691396493212E-01
2.09369369369370468E-03  2.17935584655220393E-01
2.10366366366367434E-03  2.18659477913947548E-01
2.11363363363364443E-03  2.19383371172674757E-01
2.12360360360361452E-03  2.20107264431401939E-01
2.13357357357358461E-03  2.20831157690129121E-01
2.14354354354355471E-03  2.21555050948856302E-01
2.15351351351352480E-03  2.22278944207583484E-01
2.16348348348349446E-03  2.23002837466310638E-01
2.17345345345346455E-03  2.23726730725037848E-01
2.18342342342343464E-03  2.24450623983765030E-01
2.19339339339340474E-03  2.25174517242492211E-01
2.20336336336337483E-03  2.25898410501219393E-01
2.21333333333334492E-03  2.26622303759946575E-01
2.22330330330331458E-03  2.27346197018673757E-01
2.23327327327328467E-03  2.28070090277400939E-01
2.24324324324325476E-03  2.28793983536128120E-01
2.25321321321322486E-03  2.29517876794855302E-01
2.26318318318319495E-03  2.30241770053582484E-01
2.27315315315316504E-03  2.30965663312309666E-01
2.28312312312313470E-03  2.31689556571036848E-01
2.29309309309310479E-03  2.32413449829764029E-01
2.30306306306307489E-03  2.33137343088491211E-01
2.31303303303304498E-03  2.33861236347218393E-01
2.32300300300301507E-03  2.34585129605945575E-01
2.33297297297298516E-03  2.35309022864672784E-01
2.34294294294295482E-03  2.36032916123399938E-01
2.35291291291292491E-03  2.36756809382127120E-01
2.36288288288289501E-03  2.37480702640854302E-01
2.37285285285286510E-03  2.38204595899581484E-01
2.38282282282283519E-03  2.38928489158308666E-01
2.39279279279280528E-03  2.39652382417035875E-01
2.40276276276277494E-03  2.40376275675763029E-01
2.41273273273274504E-03  2.41100168934490211E-01
2.42270270270271513E-03  2.41824062193217393E-01
2.43267267267268522E-03  2.42547955451944575E-01
2.44264264264265531E-03  2.43271848710671756E-01
2.45261261261262541E-03  2.43995741969398966E-01
2.46258258258259507E-03  2.44719635228126120E-01
2.47255255255256516E-03  2.45443528486853302E-01
2.48252252252253525E-03  2.46167421745580484E-01
2.49249249249250534E-03  2.46891315004307665E-01
2.50246246246247544E-03  2.47615208263034847E-01
2.51243243243244553E-03  2.48339101521762057E-01
2.52240240240241519E-03  2.49062994780489211E-01
2.53237237237238528E-03  2.49786888039216393E-01
2.54234234234235537E-03  2.50510781297943574E-01
2.55231231231232546E-03  2.51234674556670756E-01
2.56228228228229556E-03  2.51958567815397938E-01
2.57225225225226565E-03  2.52682461074125175E-01
2.58222222222223574E-03  2.53406354332852302E-01
2.59219219219220540E-03  2.54130247591579483E-01
2.60216216216217549E-03  2.54854140850306665E-01
2.61213213213214559E-03  2.55578034109033847E-01
2.62210210210211568E-03  2.56301927367761029E-01
2.63207207207208577E-03  2.57025820626488266E-01
2.64204204204205586E-03  2.57749713885215392E-01
2.65201201201202552E-03  2.58473607143942574E-01
2.66198198198199561E-03  2.59197500402669756E-01
2.67195195195196571E-03  2.59921393661396938E-01
2.68192192192193580E-03  2.60645286920124120E-01
2.69189189189190589E-03  2.61369180178851357E-01
2.70186186186187598E-03  2.62093073437578483E-01
2.71183183183184564E-03  2.62816966696305665E-01
2.72180180180181574E-03  2.63540859955032847E-01
2.73177177177178583E-03  2.64264753213760029E-01
2.74174174174175592E-03  2.64988646472487210E-01
2.75171171171172601E-03  2.65712539731214448E-01
2.76168168168169611E-03  2.66436432989941574E-01
2.77165165165166576E-03  2.67160326248668756E-01
2.78162162162163586E-03  2.67884219507395938E-01
2.79159159159160595E-03  2.68608112766123119E-01
2.80156156156157604E-03  2.69332006024850301E-01
2.81153153153154613E-03  2.70055899283577538E-01
2.82150150150151623E-03  2.70779792542304665E-01
2.83147147147148589E-03  2.71503685801031847E-01
2.84144144144145598E-03  2.72227579059759028E-01
2.85141141141142607E-03  2.72951472318486210E-01
2.86138138138139616E-03  2.73675365577213392E-01
2.87135135135136626E-03  2.74399258835940629E-01
2.88132132132133635E-03  2.75123152094667756E-01
2.89129129129130601E-03  2.75847045353394937E-01
2.90126126126127610E-03  2.76570938612122119E-01
2.91123123123124619E-03  2.77294831870849356E-01
2.92120120120121628E-03  2.78018725129576483E-01
2.93117117117118638E-03  2.78742618388303720E-01
2.94114114114115647E-03  2.79466511647030846E-01
2.95111111111112613E-03  2.80190404905758028E-01
2.96108108108109622E-03  2.80914298164485210E-01
2.97105105105106631E-03  2.81638191423212447E-01
2.98102102102103641E-03  2.82362084681939574E-01
2.99099099099100650E-03  2.83085977940666811E-01
3.00096096096097659E-03  2.83809871199393937E-01
3.01093093093094625E-03  2.84533764458121119E-01
3.02090090090091634E-03  2.85257657716848301E-01
3.03087087087088643E-03  2.85981550975575538E-01
3.04084084084085653E-03  2.86705444234302664E-01
3.05081081081082662E-03  2.87429337493029902E-01
3.06078078078079671E-03  2.88153230751757028E-01
3.07075075075076637E-03  2.88877124010484210E-01
3.08072072072073646E-03  2.89601017269211392E-01
3.09069069069070656E-03  2.90324910527938629E-01
3.10066066066067665E-03  2.91048803786665755E-01
3.11063063063064674E-03  2.91772697045392992E-01
3.12060060060061683E-03  2.92496590304120119E-01
3.13057057057058649E-03  2.93220483562847301E-01
3.14054054054055658E-03  2.93944376821574482E-01
3.15051051051052668E-03  2.94668270080301720E-01
3.16048048048049677E-03  2.95392163339028846E-01
3.17045045045046686E-03  2.96116056597756083E-01
3.18042042042043695E-03  2.96839949856483210E-01
3.19039039039040705E-03  2.97563843115210447E-01
3.20036036036037671E-03  2.98287736373937573E-01
3.21033033033034680E-03  2.99011629632664810E-01
3.22030030030031689E-03  2.99735522891391937E-01
3.23027027027028698E-03  3.00459416150119174E-01
3.24024024024025708E-03  3.01183309408846300E-01
3.25021021021022717E-03  3.01907202667573538E-01
3.26018018018019683E-03  3.02631095926300664E-01
3.27015015015016692E-03  3.03354989185027901E-01
3.28012012012013701E-03  3.04078882443755028E-01
3.29009009009010710E-03  3.04802775702482265E-01
3.30006006006007720E-03  3.05526668961209391E-01
3.31003003003004729E-03  3.06250562219936628E-01
3.32000000000001695E-03  3.06974455478663755E-01
3.32996996996998704E-03  3.07698348737390992E-01
3.33993993993995713E-03  3.08422241996118118E-01
3.34990990990992723E-03  3.09146135254845356E-01
3.35987987987989732E-03  3.09870028513572482E-01
3.36984984984986741E-03  3.10593921772299719E-01
3.37981981981983707E-03  3.11317815031026845E-01
3.38978978978980716E-03  3.12041708289754083E-01
3.39975975975977725E-03  3.12765601548481209E-01
3.40972972972974735E-03  3.13489494807208446E-01
3.41969969969971744E-03  3.14213388065935573E-01
3.42966966966968753E-03  3.14937281324662810E-01
3.43963963963965719E-03  3.15661174583389936E-01
3.44960960960962728E-03  3.16385067842117118E-01
3.45957957957959738E-03  3.17108961100844355E-01
3.46954954954956747E-03  3.17832854359571537E-01
3.47951951951953756E-03  3.18556747618298719E-01
3.48948948948950765E-03  3.19280640877025901E-01
3.49945945945947731E-03  3.20004534135753027E-01
3.50942942942944740E-03  3.20728427394480209E-01
3.51939939939941750E-03  3.21452320653207446E-01
3.52936936936938759E-03  3.22176213911934628E-01
3.53933933933935768E-03  3.22900107170661810E-01
3.54930930930932777E-03  3.23624000429388992E-01
3.55927927927929743E-03  3.24347893688116118E-01
3.56924924924926753E-03  3.25071786946843300E-01
3.57921921921923762E-03  3.25795680205570537E-01
3.58918918918920771E-03  3.26519573464297719E-01
3.59915915915917780E-03  3.27243466723024901E-01
3.60912912912914790E-03  3.27967359981752082E-01
3.61909909909911755E-03  3.28691253240479209E-01
3.62906906906908765E-03  3.29415146499206390E-01
3.63903903903905774E-03  3.30139039757933628E-01
3.64900900900902783E-03  3.30862933016660810E-01
3.65897897897899792E-03  3.31586826275387991E-01
3.66894894894896802E-03  3.32310719534115173E-01
3.67891891891893768E-03  3.33034612792842299E-01
3.68888888888890777E-03  3.33758506051569481E-01
3.69885885885887786E-03  3.34482399310296719E-01
3.70882882882884795E-03  3.35206292569023900E-01
3.71879879879881805E-03  3.35930185827751082E-01
3.72876876876878814E-03  3.36654079086478264E-01
3.73873873873875780E-03  3.37377972345205390E-01
3.74870870870872789E-03  3.38101865603932628E-01
3.75867867867869798E-03  3.38825758862659809E-01
3.76864864864866807E-03  3.39549652121386991E-01
3.77861861861863817E-03  3.40273545380114173E-01
3.78858858858860826E-03  3.40997438638841355E-01
3.79855855855857792E-03  3.41721331897568481E-01
3.80852852852854801E-03  3.42445225156295718E-01
3.81849849849851810E-03  3.43169118415022900E-01
3.82846846846848820E-03  3.43893011673750082E-01
3.83843843843845829E-03  3.44616904932477264E-01
3.84840840840842838E-03  3.45340798191204446E-01
3.85837837837839847E-03  3.46064691449931627E-01
3.86834834834836813E-03  3.46788584708658809E-01
3.87831831831833822E-03  3.47512477967385991E-01
3.88828828828830832E-03  3.48236371226113173E-01
3.89825825825827841E-03  3.48960264484840355E-01
3.90822822822824850E-03  3.49684157743567536E-01
3.91819819819821859E-03  3.50408051002294718E-01
3.92816816816818869E-03  3.51131944261021900E-01
3.93813813813815878E-03  3.51855837519749082E-01
3.94810810810812887E-03  3.52579730778476264E-01
3.95807807807809810E-03  3.53303624037203390E-01
3.96804804804806819E-03  3.54027517295930572E-01
3.97801801801803828E-03  3.54751410554657753E-01
3.98798798798800837E-03  3.55475303813384991E-01
3.99795795795797847E-03  3.56199197072112173E-01
4.00792792792794856E-03  3.56923090330839354E-01
4.01789789789791865E-03  3.57646983589566536E-01
4.02786786786788874E-03  3.58370876848293718E-01
4.03783783783785884E-03  3.59094770107020900E-01
4.04780780780782893E-03  3.59818663365748082E-01
4.05777777777779902E-03  3.60542556624475263E-01
4.06774774774776911E-03  3.61266449883202445E-01
4.07771771771773834E-03  3.61990343141929571E-01
4.08768768768770843E-03  3.62714236400656753E-01
4.09765765765767852E-03  3.63438129659383991E-01
4.10762762762764862E-03  3.64162022918111172E-01
4.11759759759761871E-03  3.64885916176838354E-01
4.12756756756758880E-03  3.65609809435565536E-01
4.13753753753755889E-03  3.66333702694292718E-01
4.14750750750752899E-03  3.67057595953019900E-01
4.15747747747749908E-03  3.67781489211747081E-01
4.16744744744746917E-03  3.68505382470474263E-01
4.17741741741743926E-03  3.69229275729201445E-01
4.18738738738740936E-03  3.69953168987928627E-01
4.19735735735737858E-03  3.70677062246655753E-01
4.20732732732734867E-03  3.71400955505382935E-01
4.21729729729731877E-03  3.72124848764110172E-01
4.22726726726728886E-03  3.72848742022837354E-01
4.23723723723725895E-03  3.73572635281564536E-01
4.24720720720722904E-03  3.74296528540291717E-01
4.25717717717719914E-03  3.75020421799018899E-01
4.26714714714716923E-03  3.75744315057746081E-01
4.27711711711713932E-03  3.76468208316473263E-01
4.28708708708710941E-03  3.77192101575200445E-01
4.29705705705707951E-03  3.77915994833927626E-01
4.30702702702704960E-03  3.78639888092654808E-01
4.31699699699701882E-03  3.79363781351381935E-01
4.32696696696698892E-03  3.80087674610109116E-01
4.33693693693695901E-03  3.80811567868836354E-01
4.34690690690692910E-03  3.81535461127563535E-01
4.35687687687689919E-03  3.82259354386290717E-01
4.36684684684686929E-03  3.82983247645017899E-01
4.37681681681683938E-03  3.83707140903745081E-01
4.38678678678680947E-03  3.84431034162472263E-01
4.39675675675677956E-03  3.85154927421199444E-01
4.40672672672674966E-03  3.85878820679926626E-01
4.41669669669671975E-03  3.86602713938653808E-01
4.42666666666668984E-03  3.87326607197380990E-01
4.43663663663665907E-03  3.88050500456108116E-01
4.44660660660662916E-03  3.88774393714835353E-01
4.45657657657659925E-03  3.89498286973562535E-01
4.46654654654656934E-03  3.90222180232289717E-01
4.47651651651653944E-03  3.90946073491016899E-01
4.48648648648650953E-03  3.91669966749744081E-01
4.49645645645647962E-03  3.92393860008471262E-01
4.50642642642644971E-03  3.93117753267198444E-01
4.51639639639641981E-03  3.93841646525925626E-01
4.52636636636638990E-03  3.94565539784652808E-01
4.53633633633635999E-03  3.95289433043379990E-01
4.54630630630633008E-03  3.96013326302107171E-01
4.55627627627630018E-03  3.96737219560834409E-01
4.56624624624626940E-03  3.97461112819561535E-01
4.57621621621623949E-03  3.98185006078288717E-01
4.58618618618620959E-03  3.98908899337015899E-01
4.59615615615617968E-03  3.99632792595743080E-01
4.60612612612614977E-03  4.00356685854470262E-01
4.61609609609611986E-03  4.01080579113197444E-01
4.62606606606608996E-03  4.01804472371924626E-01
4.63603603603606005E-03  4.02528365630651808E-01
4.64600600600603014E-03  4.03252258889378989E-01
4.65597597597600023E-03  4.03976152148106171E-01
4.66594594594597033E-03  4.04700045406833409E-01
4.67591591591594042E-03  4.05423938665560590E-01
4.68588588588590964E-03  4.06147831924287717E-01
4.69585585585587974E-03  4.06871725183014898E-01
4.70582582582584983E-03  4.07595618441742080E-01
4.71579579579581992E-03  4.08319511700469262E-01
4.72576576576579001E-03  4.09043404959196444E-01
4.73573573573576011E-03  4.09767298217923626E-01
4.74570570570573020E-03  4.10491191476650807E-01
4.75567567567570029E-03  4.11215084735377989E-01
4.76564564564567038E-03  4.11938977994105171E-01
4.77561561561564048E-03  4.12662871252832353E-01
4.78558558558561057E-03  4.13386764511559590E-01
4.79555555555558066E-03  4.14110657770286772E-01
4.80552552552554989E-03  4.14834551029013898E-01
4.81549549549551998E-03  4.15558444287741080E-01
4.82546546546549007E-03  4.16282337546468262E-01
4.83543543543546016E-03  4.17006230805195444E-01
4.84540540540543026E-03  4.17730124063922625E-01
4.85537537537540035E-03  4.18454017322649807E-01
4.86534534534537044E-03  4.19177910581376989E-01
4.87531531531534053E-03  4.19901803840104171E-01
4.88528528528531063E-03  4.20625697098831353E-01
4.89525525525528072E-03  4.21349590357558590E-01
4.90522522522525081E-03  4.22073483616285772E-01
4.91519519519522090E-03  4.22797376875012954E-01
4.92516516516519013E-03  4.23521270133740080E-01
4.93513513513516022E-03  4.24245163392467262E-01
4.94510510510513032E-03  4.24969056651194443E-01
4.95507507507510041E-03  4.25692949909921625E-01
4.96504504504507050E-03  4.26416843168648807E-01
4.97501501501504059E-03  4.27140736427375989E-01
4.98498498498501069E-03  4.27864629686103171E-01
4.99495495495498078E-03  4.28588522944830352E-01
5.00492492492495087E-03  4.29312416203557534E-01
5.01489489489492096E-03  4.30036309462284771E-01
5.02486486486489106E-03  4.30760202721011953E-01
5.03483483483486115E-03  4.31484095979739135E-01
5.04480480480483037E-03  4.32207989238466261E-01
5.05477477477480047E-03  4.32931882497193443E-01
5.06474474474477056E-03  4.33655775755920625E-01
5.07471471471474065E-03  4.34379669014647807E-01
5.08468468468471074E-03  4.35103562273374989E-01
5.09465465465468084E-03  4.35827455532102170E-01
5.10462462462465093E-03  4.36551348790829352E-01
5.11459459459462102E-03  4.37275242049556534E-01
5.12456456456459111E-03  4.37999135308283716E-01
5.13453453453456121E-03  4.38723028567010953E-01
5.14450450450453130E-03  4.39446921825738135E-01
5.15447447447450139E-03  4.40170815084465317E-01
5.16444444444447148E-03  4.40894708343192498E-01
5.17441441441444071E-03  4.41618601601919625E-01
5.18438438438441080E-03  4.42342494860646807E-01
5.19435435435438089E-03  4.43066388119373988E-01
5.20432432432435099E-03  4.43790281378101170E-01
5.21429429429432108E-03  4.44514174636828352E-01
5.22426426426429117E-03  4.45238067895555534E-01
5.23423423423426126E-03  4.45961961154282716E-01
5.24420420420423136E-03  4.46685854413009953E-01
5.25417417417420145E-03  4.47409747671737135E-01
5.26414414414417154E-03  4.48133640930464316E-01
5.27411411411414163E-03  4.48857534189191498E-01
5.28408408408411173E-03  4.49581427447918680E-01
5.29405405405408095E-03  4.50305320706645806E-01
5.30402402402405104E-03  4.51029213965372988E-01
5.31399399399402114E-03  4.51753107224100170E-01
5.32396396396399123E-03  4.52477000482827352E-01
5.33393393393396132E-03  4.53200893741554534E-01
5.34390390390393141E-03  4.53924787000281715E-01
5.35387387387390151E-03  4.54648680259008897E-01
5.36384384384387160E-03  4.55372573517736134E-01
5.37381381381384169E-03  4.56096466776463316E-01
5.38378378378381178E-03  4.56820360035190498E-01
5.39375375375378188E-03  4.57544253293917680E-01
5.40372372372375197E-03  4.58268146552644862E-01
5.41369369369372119E-03  4.58992039811371988E-01
5.42366366366369129E-03  4.59715933070099170E-01
5.43363363363366138E-03  4.60439826328826352E-01
5.44360360360363147E-03  4.61163719587553533E-01
5.45357357357360156E-03  4.61887612846280715E-01
5.46354354354357166E-03  4.62611506105007897E-01
5.47351351351354175E-03  4.63335399363735079E-01
5.48348348348351184E-03  4.64059292622462316E-01
5.49345345345348193E-03  4.64783185881189498E-01
5.50342342342345203E-03  4.65507079139916680E-01
5.51339339339342212E-03  4.66230972398643861E-01
5.52336336336339221E-03  4.66954865657371043E-01
5.53333333333336144E-03  4.67678758916098170E-01
5.54330330330333153E-03  4.68402652174825351E-01
5.55327327327330162E-03  4.69126545433552533E-01
5.56324324324327171E-03  4.69850438692279715E-01
5.57321321321324181E-03  4.70574331951006897E-01
5.58318318318321190E-03  4.71298225209734079E-01
5.59315315315318199E-03  4.72022118468461316E-01
5.60312312312315208E-03  4.72746011727188498E-01
5.61309309309312218E-03  4.73469904985915679E-01
5.62306306306309227E-03  4.74193798244642861E-01
5.63303303303306236E-03  4.74917691503370043E-01
5.64300300300303245E-03  4.75641584762097225E-01
5.65297297297300168E-03  4.76365478020824351E-01
5.66294294294297177E-03  4.77089371279551533E-01
5.67291291291294186E-03  4.77813264538278715E-01
5.68288288288291196E-03  4.78537157797005896E-01
5.69285285285288205E-03  4.79261051055733078E-01
5.70282282282285214E-03  4.79984944314460260E-01
5.71279279279282223E-03  4.80708837573187497E-01
5.72276276276279233E-03  4.81432730831914679E-01
5.73273273273276242E-03  4.82156624090641861E-01
5.74270270270273251E-03  4.82880517349369043E-01
5.75267267267270260E-03  4.83604410608096225E-01
5.76264264264267270E-03  4.84328303866823406E-01
5.77261261261264279E-03  4.85052197125550588E-01
5.78258258258261201E-03  4.85776090384277714E-01
5.79255255255258211E-03  4.86499983643004896E-01
5.80252252252255220E-03  4.87223876901732078E-01
5.81249249249252229E-03  4.87947770160459260E-01
5.82246246246249238E-03  4.88671663419186497E-01
5.83243243243246248E-03  4.89395556677913679E-01
5.84240240240243257E-03  4.90119449936640861E-01
5.85237237237240266E-03  4.90843343195368043E-01
5.86234234234237275E-03  4.91567236454095224E-01
5.87231231231234285E-03  4.92291129712822406E-01
5.88228228228231294E-03  4.93015022971549588E-01
5.89225225225228303E-03  4.93738916230276770E-01
5.90222222222225226E-03  4.94462809489003896E-01
5.91219219219222235E-03  4.95186702747731078E-01
5.92216216216219244E-03  4.95910596006458260E-01
5.93213213213216253E-03  4.96634489265185441E-01
5.94210210210213263E-03  4.97358382523912679E-01
5.95207207207210272E-03  4.98082275782639861E-01
5.96204204204207281E-03  4.98806169041367042E-01
5.97201201201204290E-03  4.99530062300094224E-01
5.98198198198201300E-03  5.00253955558821461E-01
5.99195195195198309E-03  5.00977848817548588E-01
6.00192192192195318E-03  5.01701742076275714E-01
6.01189189189192327E-03  5.02425635335002951E-01
6.02186186186189250E-03  5.03149528593730078E-01
6.03183183183186259E-03  5.03873421852457204E-01
6.04180180180183268E-03  5.04597315111184441E-01
6.05177177177180278E-03  5.05321208369911679E-01
6.06174174174177287E-03  5.06045101628638916E-01
6.07171171171174296E-03  5.06768994887366042E-01
6.08168168168171305E-03  5.07492888146093168E-01
6.09165165165168315E-03  5.08216781404820406E-01
6.10162162162165324E-03  5.08940674663547643E-01
6.11159159159162333E-03  5.09664567922274769E-01
6.12156156156159342E-03  5.10388461181001896E-01
6.13153153153156352E-03  5.11112354439729133E-01
6.14150150150153274E-03  5.11836247698456259E-01
6.15147147147150283E-03  5.12560140957183386E-01
6.16144144144147293E-03  5.13284034215910623E-01
6.17141141141144302E-03  5.14007927474637860E-01
6.18138138138141311E-03  5.14731820733365097E-01
6.19135135135138320E-03  5.15455713992092224E-01
6.20132132132135330E-03  5.16179607250819350E-01
6.21129129129132339E-03  5.16903500509546587E-01
6.22126126126129348E-03  5.17627393768273825E-01
6.23123123123126357E-03  5.18351287027000951E-01
6.24120120120123367E-03  5.19075180285728077E-01
6.25117117117120376E-03  5.19799073544455315E-01
6.26114114114117298E-03  5.20522966803182441E-01
6.27111111111114308E-03  5.21246860061909567E-01
6.28108108108111317E-03  5.21970753320636804E-01
6.29105105105108326E-03  5.22694646579364042E-01
6.30102102102105335E-03  5.23418539838091279E-01
6.31099099099102345E-03  5.24142433096818405E-01
6.32096096096099354E-03  5.24866326355545532E-01
6.33093093093096363E-03  5.25590219614272769E-01
6.34090090090093372E-03  5.26314112873000006E-01
6.35087087087090382E-03  5.27038006131727133E-01
6.36084084084087391E-03  5.27761899390454259E-01
6.37081081081084400E-03  5.28485792649181496E-01
6.38078078078081409E-03  5.29209685907908733E-01
6.39075075075078332E-03  5.29933579166635749E-01
6.40072072072075341E-03  5.30657472425362986E-01
6.41069069069072350E-03  5.31381365684090223E-01
6.42066066066069360E-03  5.32105258942817461E-01
6.43063063063066369E-03  5.32829152201544587E-01
6.44060060060063378E-03  5.33553045460271713E-01
6.45057057057060387E-03  5.34276938718998951E-01
6.46054054054057397E-03  5.35000831977726188E-01
6.47051051051054406E-03  5.35724725236453314E-01
6.48048048048051415E-03  5.36448618495180440E-01
6.49045045045048424E-03  5.37172511753907678E-01
6.50042042042045434E-03  5.37896405012634915E-01
6.51039039039042356E-03  5.38620298271361930E-01
6.52036036036039365E-03  5.39344191530089168E-01
6.53033033033036375E-03  5.40068084788816405E-01
6.54030030030033384E-03  5.40791978047543642E-01
6.55027027027030393E-03  5.41515871306270768E-01
6.56024024024027402E-03  5.42239764564997895E-01
6.57021021021024412E-03  5.42963657823725132E-01
6.58018018018021421E-03  5.43687551082452369E-01
6.59015015015018430E-03  5.44411444341179496E-01
6.60012012012015439E-03  5.45135337599906622E-01
6.61009009009012449E-03  5.45859230858633859E-01
6.62006006006009458E-03  5.46583124117361097E-01
6.63003003003006380E-03  5.47307017376088112E-01
6.64000000000003390E-03  5.48030910634815349E-01
6.64996996997000399E-03  5.48754803893542586E-01
6.65993993993997408E-03  5.49478697152269824E-01
6.66990990990994417E-03  5.50202590410996950E-01
6.67987987987991427E-03  5.50926483669724076E-01
6.68984984984988436E-03  5.51650376928451314E-01
6.69981981981985445E-03  5.52374270187178551E-01
6.70978978978982454E-03  5.53098163445905677E-01
6.71975975975979464E-03  5.53822056704632804E-01
6.72972972972976473E-03  5.54545949963360041E-01
6.73969969969973482E-03  5.55269843222087278E-01
6.74966966966970405E-03  5.55993736480814293E-01
6.75963963963967414E-03  5.56717629739541531E-01
6.76960960960964423E-03  5.57441522998268768E-01
6.77957957957961432E-03  5.58165416256996005E-01
6.78954954954958442E-03  5.58889309515723132E-01
6.79951951951955451E-03  5.59613202774450258E-01
6.80948948948952460E-03  5.60337096033177495E-01
6.81945945945949469E-03  5.61060989291904733E-01
6.82942942942946479E-03  5.61784882550631859E-01
6.83939939939943488E-03  5.62508775809358985E-01
6.84936936936940497E-03  5.63232669068086222E-01
6.85933933933937506E-03  5.63956562326813460E-01
6.86930930930934429E-03  5.64680455585540586E-01
6.87927927927931438E-03  5.65404348844267712E-01
6.88924924924928447E-03  5.66128242102994950E-01
6.89921921921925457E-03  5.66852135361722076E-01
6.90918918918922466E-03  5.67576028620449313E-01
6.91915915915919475E-03  5.68299921879176551E-01
6.92912912912916484E-03  5.69023815137903677E-01
6.93909909909913494E-03  5.69747708396630914E-01
6.94906906906910503E-03  5.70471601655358040E-01
6.95903903903907512E-03  5.71195494914085278E-01
6.96900900900904521E-03  5.71919388172812404E-01
6.97897897897901531E-03  5.72643281431539641E-01
6.98894894894898453E-03  5.73367174690266768E-01
6.99891891891895462E-03  5.74091067948993894E-01
7.00888888888892472E-03  5.74814961207721131E-01
7.01885885885889481E-03  5.75538854466448258E-01
7.02882882882886490E-03  5.76262747725175495E-01
7.03879879879883499E-03  5.76986640983902732E-01
7.04876876876880509E-03  5.77710534242629858E-01
7.05873873873877518E-03  5.78434427501357096E-01
7.06870870870874527E-03  5.79158320760084222E-01
7.07867867867871536E-03  5.79882214018811459E-01
7.08864864864868546E-03  5.80606107277538586E-01
7.09861861861865555E-03  5.81330000536265823E-01
7.10858858858862564E-03  5.82053893794992949E-01
7.11855855855859487E-03  5.82777787053720076E-01
7.12852852852856496E-03  5.83501680312447313E-01
7.13849849849853505E-03  5.84225573571174439E-01
7.14846846846850514E-03  5.84949466829901676E-01
7.15843843843847524E-03  5.85673360088628914E-01
7.16840840840844533E-03  5.86397253347356040E-01
7.17837837837841542E-03  5.87121146606083277E-01
7.18834834834838551E-03  5.87845039864810404E-01
7.19831831831835561E-03  5.88568933123537641E-01
7.20828828828832570E-03  5.89292826382264767E-01
7.21825825825829579E-03  5.90016719640992005E-01
7.22822822822826588E-03  5.90740612899719131E-01
7.23819819819823511E-03  5.91464506158446257E-01
7.24816816816820520E-03  5.92188399417173494E-01
7.25813813813817529E-03  5.92912292675900621E-01
7.26810810810814539E-03  5.93636185934627858E-01
7.27807807807811548E-03  5.94360079193355095E-01
7.28804804804808557E-03  5.95083972452082222E-01
7.29801801801805566E-03  5.95807865710809459E-01
7.30798798798802576E-03  5.96531758969536585E-01
7.31795795795799585E-03  5.97255652228263823E-01
7.32792792792796594E-03  5.97979545486990949E-01
7.33789789789793603E-03  5.98703438745718186E-01
7.34786786786790613E-03  5.99427332004445312E-01
7.35783783783787535E-03  6.00151225263172439E-01
7.36780780780784544E-03  6.00875118521899676E-01
7.37777777777781554E-03  6.01599011780626802E-01
7.38774774774778563E-03  6.02322905039354040E-01
7.39771771771775572E-03  6.03046798298081277E-01
7.40768768768772581E-03  6.03770691556808403E-01
7.41765765765769591E-03  6.04494584815535640E-01
7.42762762762766600E-03  6.05218478074262767E-01
7.43759759759763609E-03  6.05942371332990004E-01
7.44756756756760618E-03  6.06666264591717130E-01
7.45753753753757628E-03  6.07390157850444368E-01
7.46750750750754637E-03  6.08114051109171494E-01
7.47747747747751559E-03  6.08837944367898620E-01
7.48744744744748569E-03  6.09561837626625858E-01
7.49741741741745578E-03  6.10285730885353095E-01
7.50738738738742587E-03  6.11009624144080221E-01
7.51735735735739596E-03  6.11733517402807458E-01
7.52732732732736606E-03  6.12457410661534585E-01
7.53729729729733615E-03  6.13181303920261822E-01
7.54726726726730624E-03  6.13905197178988948E-01
7.55723723723727633E-03  6.14629090437716186E-01
7.56720720720724643E-03  6.15352983696443312E-01
7.57717717717721652E-03  6.16076876955170549E-01
7.58714714714718661E-03  6.16800770213897676E-01
7.59711711711715584E-03  6.17524663472624802E-01
7.60708708708712593E-03  6.18248556731352039E-01
7.61705705705709602E-03  6.18972449990079276E-01
7.62702702702706611E-03  6.19696343248806403E-01
7.63699699699703621E-03  6.20420236507533640E-01
7.64696696696700630E-03  6.21144129766260766E-01
7.65693693693697639E-03  6.21868023024988004E-01
7.66690690690694648E-03  6.22591916283715130E-01
7.67687687687691658E-03  6.23315809542442367E-01
7.68684684684688667E-03  6.24039702801169494E-01
7.69681681681685676E-03  6.24763596059896731E-01
7.70678678678682685E-03  6.25487489318623857E-01
7.71675675675679695E-03  6.26211382577351094E-01
7.72672672672676617E-03  6.26935275836078221E-01
7.73669669669673626E-03  6.27659169094805458E-01
7.74666666666670636E-03  6.28383062353532584E-01
7.75663663663667645E-03  6.29106955612259822E-01
7.76660660660664654E-03  6.29830848870986948E-01
7.77657657657661663E-03  6.30554742129714185E-01
7.78654654654658673E-03  6.31278635388441312E-01
7.79651651651655682E-03  6.32002528647168549E-01
7.80648648648652691E-03  6.32726421905895675E-01
7.81645645645649700E-03  6.33450315164622912E-01
7.82642642642646623E-03  6.34174208423350039E-01
7.83639639639643719E-03  6.34898101682077276E-01
7.84636636636640641E-03  6.35621994940804402E-01
7.85633633633637737E-03  6.36345888199531640E-01
7.86630630630634660E-03  6.37069781458258766E-01
7.87627627627631756E-03  6.37793674716986003E-01
7.88624624624628678E-03  6.38517567975713130E-01
7.89621621621625774E-03  6.39241461234440367E-01
7.90618618618622697E-03  6.39965354493167493E-01
7.91615615615619619E-03  6.40689247751894619E-01
7.92612612612616715E-03  6.41413141010621857E-01
7.93609609609613638E-03  6.42137034269348983E-01
7.94606606606610734E-03  6.42860927528076220E-01
7.95603603603607656E-03  6.43584820786803347E-01
7.96600600600604752E-03  6.44308714045530695E-01
7.97597597597601675E-03  6.45032607304257821E-01
7.98594594594598771E-03  6.45756500562985059E-01
7.99591591591595693E-03  6.46480393821712185E-01
8.00588588588592789E-03  6.47204287080439422E-01
8.01585585585589712E-03  6.47928180339166548E-01
8.02582582582586634E-03  6.48652073597893675E-01
8.03579579579583730E-03  6.49375966856620912E-01
8.04576576576580653E-03  6.50099860115348038E-01
8.05573573573577749E-03  6.50823753374075276E-01
8.06570570570574671E-03  6.51547646632802402E-01
8.07567567567571767E-03  6.52271539891529639E-01
8.08564564564568690E-03  6.52995433150256765E-01
8.09561561561565786E-03  6.53719326408984003E-01
8.10558558558562708E-03  6.54443219667711129E-01
8.11555555555559804E-03  6.55167112926438366E-01
8.12552552552556727E-03  6.55891006185165493E-01
8.13549549549553823E-03  6.56614899443892730E-01
8.14546546546550745E-03  6.57338792702619856E-01
8.15543543543547668E-03  6.58062685961346983E-01
8.16540540540544764E-03  6.58786579220074220E-01
8.17537537537541686E-03  6.59510472478801346E-01
8.18534534534538782E-03  6.60234365737528694E-01
8.19531531531535705E-03  6.60958258996255821E-01
8.20528528528532801E-03  6.61682152254983058E-01
8.21525525525529723E-03  6.62406045513710184E-01
8.22522522522526819E-03  6.63129938772437422E-01
8.23519519519523742E-03  6.63853832031164548E-01
8.24516516516520838E-03  6.64577725289891785E-01
8.25513513513517760E-03  6.65301618548618912E-01
8.26510510510514683E-03  6.66025511807346038E-01
8.27507507507511779E-03  6.66749405066073275E-01
8.28504504504508701E-03  6.67473298324800401E-01
8.29501501501505797E-03  6.68197191583527639E-01
8.30498498498502720E-03  6.68921084842254765E-01
8.31495495495499816E-03  6.69644978100982002E-01
8.32492492492496738E-03  6.70368871359709129E-01
8.33489489489493834E-03  6.71092764618436366E-01
8.34486486486490757E-03  6.71816657877163492E-01
8.35483483483487853E-03  6.72540551135890730E-01
8.36480480480484775E-03  6.73264444394617856E-01
8.37477477477481871E-03  6.73988337653345093E-01
8.38474474474478794E-03  6.74712230912072219E-01
8.39471471471475716E-03  6.75436124170799346E-01
8.40468468468472812E-03  6.76160017429526583E-01
8.41465465465469735E-03  6.76883910688253709E-01
8.42462462462466831E-03  6.77607803946981058E-01
8.43459459459463753E-03  6.78331697205708184E-01
8.44456456456460849E-03  6.79055590464435421E-01
8.45453453453457772E-03  6.79779483723162548E-01
8.46450450450454868E-03  6.80503376981889785E-01
8.47447447447451790E-03  6.81227270240616911E-01
8.48444444444448886E-03  6.81951163499344148E-01
8.49441441441445809E-03  6.82675056758071275E-01
8.50438438438442905E-03  6.83398950016798512E-01
8.51435435435439827E-03  6.84122843275525638E-01
8.52432432432436750E-03  6.84846736534252765E-01
8.53429429429433846E-03  6.85570629792980002E-01
8.54426426426430768E-03  6.86294523051707128E-01
8.55423423423427864E-03  6.87018416310434366E-01
8.56420420420424787E-03  6.87742309569161492E-01
8.57417417417421883E-03  6.88466202827888729E-01
8.58414414414418805E-03  6.89190096086615855E-01
8.59411411411415901E-03  6.89913989345343093E-01
8.60408408408412824E-03  6.90637882604070219E-01
8.61405405405409920E-03  6.91361775862797456E-01
8.62402402402406842E-03  6.92085669121524583E-01
8.63399399399403765E-03  6.92809562380251709E-01
8.64396396396400861E-03  6.93533455638979057E-01
8.65393393393397783E-03  6.94257348897706072E-01
8.66390390390394879E-03  6.94981242156433421E-01
8.67387387387391802E-03  6.95705135415160547E-01
8.68384384384388898E-03  6.96429028673887784E-01
8.69381381381385820E-03  6.97152921932614911E-01
8.70378378378382916E-03  6.97876815191342148E-01
8.71375375375379839E-03  6.98600708450069274E-01
8.72372372372376935E-03  6.99324601708796512E-01
8.73369369369373857E-03  7.00048494967523638E-01
8.74366366366370953E-03  7.00772388226250875E-01
8.75363363363367876E-03  7.01496281484978002E-01
8.76360360360364798E-03  7.02220174743705128E-01
8.77357357357361894E-03  7.02944068002432365E-01
8.78354354354358817E-03  7.03667961261159491E-01
8.79351351351355913E-03  7.04391854519886729E-01
8.80348348348352835E-03  7.05115747778613855E-01
8.81345345345349931E-03  7.05839641037341092E-01
8.82342342342346854E-03  7.06563534296068219E-01
8.83339339339343950E-03  7.07287427554795456E-01
8.84336336336340872E-03  7.08011320813522582E-01
8.85333333333337968E-03  7.08735214072249819E-01
8.86330330330334891E-03  7.09459107330976946E-01
8.87327327327331813E-03  7.10183000589704072E-01
8.88324324324328909E-03  7.10906893848431420E-01
8.89321321321325832E-03  7.11630787107158547E-01
8.90318318318322928E-03  7.12354680365885784E-01
8.91315315315319850E-03  7.13078573624612910E-01
8.92312312312316946E-03  7.13802466883340148E-01
8.93309309309313869E-03  7.14526360142067274E-01
8.94306306306310965E-03  7.15250253400794511E-01
8.95303303303307887E-03  7.15974146659521637E-01
8.96300300300304983E-03  7.16698039918248875E-01
8.97297297297301906E-03  7.17421933176976001E-01
8.98294294294299002E-03  7.18145826435703238E-01
8.99291291291295924E-03  7.18869719694430365E-01
9.00288288288292847E-03  7.19593612953157491E-01
9.01285285285289943E-03  7.20317506211884728E-01
9.02282282282286865E-03  7.21041399470611855E-01
9.03279279279283961E-03  7.21765292729339092E-01
9.04276276276280884E-03  7.22489185988066218E-01
9.05273273273277980E-03  7.23213079246793455E-01
9.06270270270274902E-03  7.23936972505520582E-01
9.07267267267271998E-03  7.24660865764247819E-01
9.08264264264268921E-03  7.25384759022974945E-01
9.09261261261266017E-03  7.26108652281702183E-01
9.10258258258262939E-03  7.26832545540429309E-01
9.11255255255260035E-03  7.27556438799156657E-01
9.12252252252256958E-03  7.28280332057883784E-01
9.13249249249253880E-03  7.29004225316610910E-01
9.14246246246250976E-03  7.29728118575338147E-01
9.15243243243247899E-03  7.30452011834065273E-01
9.16240240240244995E-03  7.31175905092792511E-01
9.17237237237241917E-03  7.31899798351519637E-01
9.18234234234239013E-03  7.32623691610246874E-01
9.19231231231235936E-03  7.33347584868974001E-01
9.20228228228233032E-03  7.34071478127701238E-01
9.21225225225229954E-03  7.34795371386428364E-01
9.22222222222227050E-03  7.35519264645155602E-01
9.23219219219223973E-03  7.36243157903882728E-01
9.24216216216220895E-03  7.36967051162609854E-01
9.25213213213217991E-03  7.37690944421337091E-01
9.26210210210214914E-03  7.38414837680064218E-01
9.27207207207212010E-03  7.39138730938791455E-01
9.28204204204208932E-03  7.39862624197518581E-01
9.29201201201206028E-03  7.40586517456245819E-01
9.30198198198202951E-03  7.41310410714972945E-01
9.31195195195200047E-03  7.42034303973700182E-01
9.32192192192196969E-03  7.42758197232427309E-01
9.33189189189194065E-03  7.43482090491154657E-01
9.34186186186190988E-03  7.44205983749881783E-01
9.35183183183188084E-03  7.44929877008609020E-01
9.36180180180185006E-03  7.45653770267336147E-01
9.37177177177181929E-03  7.46377663526063273E-01
9.38174174174179025E-03  7.47101556784790510E-01
9.39171171171175947E-03  7.47825450043517637E-01
9.40168168168173043E-03  7.48549343302244874E-01
9.41165165165169966E-03  7.49273236560972000E-01
9.42162162162167062E-03  7.49997129819699238E-01
9.43159159159163984E-03  7.50721023078426364E-01
9.44156156156161080E-03  7.51444916337153601E-01
9.45153153153158003E-03  7.52168809595880727E-01
9.46150150150155099E-03  7.52892702854607965E-01
9.47147147147152021E-03  7.53616596113335091E-01
9.48144144144148944E-03  7.54340489372062217E-01
9.49141141141146040E-03  7.55064382630789455E-01
9.50138138138142962E-03  7.55788275889516581E-01
9.51135135135140058E-03  7.56512169148243818E-01
9.52132132132136981E-03  7.57236062406970944E-01
9.53129129129134077E-03  7.57959955665698182E-01
9.54126126126130999E-03  7.58683848924425308E-01
9.55123123123128095E-03  7.59407742183152545E-01
9.56120120120125018E-03  7.60131635441879672E-01
9.57117117117122114E-03  7.60855528700607020E-01
9.58114114114119036E-03  7.61579421959334146E-01
9.59111111111116132E-03  7.62303315218061384E-01
9.60108108108113055E-03  7.63027208476788510E-01
9.61105105105109978E-03  7.63751101735515636E-01
9.62102102102107073E-03  7.64474994994242874E-01
9.63099099099103996E-03  7.65198888252970000E-01
9.64096096096101092E-03  7.65922781511697237E-01
9.65093093093098015E-03  7.66646674770424363E-01
9.66090090090095110E-03  7.67370568029151601E-01
9.67087087087092033E-03  7.68094461287878727E-01
9.68084084084089129E-03  7.68818354546605964E-01
9.69081081081086051E-03  7.69542247805333091E-01
9.70078078078083147E-03  7.70266141064060328E-01
9.71075075075080070E-03  7.70990034322787454E-01
9.72072072072077166E-03  7.71713927581514691E-01
9.73069069069074088E-03  7.72437820840241818E-01
9.74066066066071011E-03  7.73161714098968944E-01
9.75063063063068107E-03  7.73885607357696181E-01
9.76060060060065030E-03  7.74609500616423308E-01
9.77057057057062125E-03  7.75333393875150545E-01
9.78054054054059048E-03  7.76057287133877671E-01
9.79051051051056144E-03  7.76781180392605020E-01
9.80048048048053067E-03  7.77505073651332035E-01
9.81045045045050162E-03  7.78228966910059383E-01
9.82042042042047085E-03  7.78952860168786509E-01
9.83039039039044181E-03  7.79676753427513747E-01
9.84036036036041104E-03  7.80400646686240873E-01
9.85033033033038026E-03  7.81124539944967999E-01
9.86030030030035122E-03  7.81848433203695237E-01
9.87027027027032045E-03  7.82572326462422363E-01
9.88024024024029141E-03  7.83296219721149600E-01
9.89021021021026063E-03  7.84020112979876727E-01
9.90018018018023159E-03  7.84744006238603964E-01
9.91015015015020082E-03  7.85467899497331090E-01
9.92012012012017177E-03  7.86191792756058327E-01
9.93009009009014100E-03  7.86915686014785454E-01
9.94006006006011196E-03  7.87639579273512691E-01
9.95003003003008119E-03  7.88363472532239817E-01
9.96000000000005214E-03  7.89087365790967055E-01
