0.00000000000000000E+00  0.00000000000000000E+00
9.96996996996997560E-06  5.59045913127102865E-03
1.99399399399399512E-05  1.11809182625420573E-02
2.99099099099099251E-05  1.67713773938130833E-02
3.98798798798799024E-05  2.23618365250841146E-02
4.98498498498498797E-05  2.79522956563551424E-02
5.98198198198198502E-05  3.35427547876261667E-02
6.97897897897898343E-05  3.91332139188972014E-02
7.97597597597598048E-05  4.47236730501682292E-02
8.97297297297297753E-05  5.03141321814392570E-02
9.96996996996997594E-05  5.59045913127102848E-02
1.09669669669669730E-04  6.14950504439813125E-02
1.19639639639639700E-04  6.70855095752523334E-02
1.29609609609609685E-04  7.26759687065233750E-02
1.39579579579579669E-04  7.82664278377944028E-02
1.49549549549549626E-04  8.38568869690654167E-02
1.59519519519519610E-04  8.94473461003364584E-02
1.69489489489489594E-04  9.03662568206966277E-02
1.79459459459459551E-04  9.10486334443019046E-02
1.89429429429429535E-04  9.17310100679071816E-02
1.99399399399399519E-04  9.24133866915124585E-02
2.09369369369369476E-04  9.30957633151177355E-02
2.19339339339339460E-04  9.37781399387230125E-02
2.29309309309309444E-04  9.44605165623282894E-02
2.39279279279279401E-04  9.51428931859335525E-02
2.49249249249249385E-04  9.58252698095388294E-02
2.59219219219219369E-04  9.65076464331441064E-02
2.69189189189189353E-04  9.71900230567493834E-02
2.79159159159159337E-04  9.78723996803546603E-02
2.89129129129129267E-04  9.85547763039599234E-02
2.99099099099099251E-04  9.92371529275652003E-02
3.09069069069069235E-04  9.99195295511704773E-02
3.19039039039039219E-04  1.00601906174775754E-01
3.29009009009009203E-04  1.01284282798381031E-01
3.38978978978979187E-04  1.01966659421986308E-01
3.48948948948949172E-04  1.02649036045591585E-01
3.58918918918919101E-04  1.03331412669196848E-01
3.68888888888889085E-04  1.04013789292802125E-01
3.78858858858859070E-04  1.04696165916407402E-01
3.88828828828829054E-04  1.05378542540012679E-01
3.98798798798799038E-04  1.06060919163617956E-01
4.08768768768769022E-04  1.06743295787223233E-01
4.18738738738738952E-04  1.07425672410828510E-01
4.28708708708708936E-04  1.08108049034433773E-01
4.38678678678678920E-04  1.08790425658039050E-01
4.48648648648648904E-04  1.09472802281644327E-01
4.58618618618618888E-04  1.10155178905249604E-01
4.68588588588588872E-04  1.10837555528854881E-01
4.78558558558558802E-04  1.11519932152460144E-01
4.88528528528528786E-04  1.12202308776065435E-01
4.98498498498498770E-04  1.12884685399670698E-01
5.08468468468468754E-04  1.13567062023275975E-01
5.18438438438438738E-04  1.14249438646881252E-01
5.28408408408408722E-04  1.14931815270486529E-01
5.38378378378378706E-04  1.15614191894091806E-01
5.48348348348348690E-04  1.16296568517697083E-01
5.58318318318318674E-04  1.16978945141302360E-01
5.68288288288288659E-04  1.17661321764907623E-01
5.78258258258258534E-04  1.18343698388512900E-01
5.88228228228228518E-04  1.19026075012118177E-01
5.98198198198198502E-04  1.19708451635723440E-01
6.08168168168168486E-04  1.20390828259328730E-01
6.18138138138138470E-04  1.21073204882933994E-01
6.28108108108108455E-04  1.21755581506539284E-01
6.38078078078078439E-04  1.22437958130144547E-01
6.48048048048048423E-04  1.23120334753749824E-01
6.58018018018018407E-04  1.23802711377355101E-01
6.67987987987988391E-04  1.24485088000960378E-01
6.77957957957958375E-04  1.25167464624565655E-01
6.87927927927928359E-04  1.25849841248170918E-01
6.97897897897898343E-04  1.26532217871776209E-01
7.07867867867868219E-04  1.27214594495381472E-01
7.17837837837838203E-04  1.27896971118986735E-01
7.27807807807808187E-04  1.28579347742592026E-01
7.37777777777778171E-04  1.29261724366197289E-01
7.47747747747748155E-04  1.29944100989802580E-01
7.57717717717718139E-04  1.30626477613407843E-01
7.67687687687688123E-04  1.31308854237013134E-01
7.77657657657658107E-04  1.31991230860618397E-01
7.87627627627628091E-04  1.32673607484223688E-01
7.97597597597598075E-04  1.33355984107828951E-01
8.07567567567568059E-04  1.34038360731434214E-01
8.17537537537538044E-04  1.34720737355039505E-01
8.27507507507508028E-04  1.35403113978644768E-01
8.37477477477477903E-04  1.36085490602250059E-01
8.47447447447447887E-04  1.36767867225855322E-01
8.57417417417417871E-04  1.37450243849460585E-01
8.67387387387387855E-04  1.38132620473065876E-01
8.77357357357357840E-04  1.38814997096671139E-01
8.87327327327327824E-04  1.39497373720276430E-01
8.97297297297297808E-04  1.40179750343881693E-01
9.07267267267267792E-04  1.40862126967486956E-01
9.17237237237237776E-04  1.41544503591092247E-01
9.27207207207207760E-04  1.42226880214697537E-01
9.37177177177177744E-04  1.42909256838302801E-01
9.47147147147147728E-04  1.43591633461908064E-01
9.57117117117117604E-04  1.44274010085513327E-01
9.67087087087087588E-04  1.44956386709118618E-01
9.77057057057057572E-04  1.45638763332723908E-01
9.87027027027027664E-04  1.46321139956329171E-01
9.96996996996997540E-04  1.47003516579934435E-01
1.00696696696696763E-03  1.47685893203539725E-01
1.01693693693693751E-03  1.48368269827144988E-01
1.02690690690690738E-03  1.49050646450750279E-01
1.03687687687687748E-03  1.49733023074355542E-01
1.04684684684684735E-03  1.50415399697960805E-01
1.05681681681681744E-03  1.51097776321566096E-01
1.06678678678678732E-03  1.51780152945171359E-01
1.07675675675675741E-03  1.52462529568776650E-01
1.08672672672672729E-03  1.53144906192381913E-01
1.09669669669669738E-03  1.53827282815987204E-01
1.10666666666666726E-03  1.54509659439592467E-01
1.11663663663663735E-03  1.55192036063197758E-01
1.12660660660660722E-03  1.55874412686803021E-01
1.13657657657657732E-03  1.56556789310408284E-01
1.14654654654654719E-03  1.57239165934013547E-01
1.15651651651651707E-03  1.57921542557618838E-01
1.16648648648648716E-03  1.58603919181224129E-01
1.17645645645645704E-03  1.59286295804829392E-01
1.18642642642642713E-03  1.59968672428434655E-01
1.19639639639639700E-03  1.60651049052039918E-01
1.20636636636636710E-03  1.61333425675645237E-01
1.21633633633633697E-03  1.62015802299250500E-01
1.22630630630630707E-03  1.62698178922855763E-01
1.23627627627627694E-03  1.63380555546461026E-01
1.24624624624624703E-03  1.64062932170066317E-01
1.25621621621621691E-03  1.64745308793671608E-01
1.26618618618618700E-03  1.65427685417276871E-01
1.27615615615615688E-03  1.66110062040882134E-01
1.28612612612612675E-03  1.66792438664487397E-01
1.29609609609609685E-03  1.67474815288092688E-01
1.30606606606606672E-03  1.68157191911697979E-01
1.31603603603603681E-03  1.68839568535303242E-01
1.32600600600600669E-03  1.69521945158908505E-01
1.33597597597597678E-03  1.70204321782513796E-01
1.34594594594594666E-03  1.70886698406119059E-01
1.35591591591591675E-03  1.71569075029724349E-01
1.36588588588588663E-03  1.72251451653329613E-01
1.37585585585585672E-03  1.72933828276934876E-01
1.38582582582582659E-03  1.73616204900540166E-01
1.39579579579579669E-03  1.74298581524145457E-01
1.40576576576576656E-03  1.74980958147750720E-01
1.41573573573573644E-03  1.75663334771355983E-01
1.42570570570570653E-03  1.76345711394961246E-01
1.43567567567567641E-03  1.77028088018566537E-01
1.44564564564564650E-03  1.77710464642171828E-01
1.45561561561561637E-03  1.78392841265777091E-01
1.46558558558558647E-03  1.79075217889382354E-01
1.47555555555555634E-03  1.79757594512987617E-01
1.48552552552552643E-03  1.80439971136592936E-01
1.49549549549549631E-03  1.81122347760198199E-01
1.50546546546546640E-03  1.81804724383803462E-01
1.51543543543543628E-03  1.82487101007408725E-01
1.52540540540540637E-03  1.83169477631014016E-01
1.53537537537537625E-03  1.83851854254619307E-01
1.54534534534534612E-03  1.84534230878224570E-01
1.55531531531531621E-03  1.85216607501829833E-01
1.56528528528528609E-03  1.85898984125435096E-01
1.57525525525525618E-03  1.86581360749040387E-01
1.58522522522522606E-03  1.87263737372645650E-01
1.59519519519519615E-03  1.87946113996250941E-01
1.60516516516516603E-03  1.88628490619856204E-01
1.61513513513513612E-03  1.89310867243461495E-01
1.62510510510510599E-03  1.89993243867066758E-01
1.63507507507507609E-03  1.90675620490672049E-01
1.64504504504504596E-03  1.91357997114277312E-01
1.65501501501501606E-03  1.92040373737882575E-01
1.66498498498498593E-03  1.92722750361487866E-01
1.67495495495495581E-03  1.93405126985093129E-01
1.68492492492492590E-03  1.94087503608698420E-01
1.69489489489489577E-03  1.94769880232303683E-01
1.70486486486486587E-03  1.95452256855908946E-01
1.71483483483483574E-03  1.96134633479514209E-01
1.72480480480480584E-03  1.96817010103119527E-01
1.73477477477477571E-03  1.97499386726724790E-01
1.74474474474474580E-03  1.98181763350330054E-01
1.75471471471471568E-03  1.98864139973935317E-01
1.76468468468468577E-03  1.99546516597540607E-01
1.77465465465465565E-03  2.00228893221145898E-01
1.78462462462462574E-03  2.00911269844751161E-01
1.79459459459459562E-03  2.01593646468356424E-01
1.80456456456456549E-03  2.02276023091961688E-01
1.81453453453453558E-03  2.02958399715566978E-01
1.82450450450450546E-03  2.03640776339172269E-01
1.83447447447447555E-03  2.04323152962777532E-01
1.84444444444444543E-03  2.05005529586382795E-01
1.85441441441441552E-03  2.05687906209988086E-01
1.86438438438438540E-03  2.06370282833593349E-01
1.87435435435435549E-03  2.07052659457198640E-01
1.88432432432432536E-03  2.07735036080803903E-01
1.89429429429429546E-03  2.08417412704409194E-01
1.90426426426426533E-03  2.09099789328014457E-01
1.91423423423423521E-03  2.09782165951619720E-01
1.92420420420420530E-03  2.10464542575225011E-01
1.93417417417417518E-03  2.11146919198830274E-01
1.94414414414414527E-03  2.11829295822435565E-01
1.95411411411411514E-03  2.12511672446040828E-01
1.96408408408408524E-03  2.13194049069646119E-01
1.97405405405405533E-03  2.13876425693251382E-01
1.98402402402402499E-03  2.14558802316856645E-01
1.99399399399399508E-03  2.15241178940461936E-01
2.00396396396396517E-03  2.15923555564067199E-01
2.01393393393393526E-03  2.16605932187672490E-01
2.02390390390390492E-03  2.17288308811277753E-01
2.03387387387387502E-03  2.17970685434883016E-01
2.04384384384384511E-03  2.18653062058488307E-01
2.05381381381381477E-03  2.19335438682093570E-01
2.06378378378378486E-03  2.20017815305698833E-01
2.07375375375375495E-03  2.20700191929304124E-01
2.08372372372372505E-03  2.21382568552909414E-01
2.09369369369369470E-03  2.22064945176514678E-01
2.10366366366366480E-03  2.22747321800119941E-01
2.11363363363363489E-03  2.23429698423725231E-01
2.12360360360360498E-03  2.24112075047330522E-01
2.13357357357357464E-03  2.24794451670935758E-01
2.14354354354354473E-03  2.25476828294541048E-01
2.15351351351351483E-03  2.26159204918146339E-01
2.16348348348348492E-03  2.26841581541751602E-01
2.17345345345345458E-03  2.27523958165356865E-01
2.18342342342342467E-03  2.28206334788962156E-01
2.19339339339339476E-03  2.28888711412567447E-01
2.20336336336336442E-03  2.29571088036172682E-01
2.21333333333333451E-03  2.30253464659777973E-01
2.22330330330330461E-03  2.30935841283383264E-01
2.23327327327327470E-03  2.31618217906988527E-01
2.24324324324324436E-03  2.32300594530593790E-01
2.25321321321321445E-03  2.32982971154199081E-01
2.26318318318318454E-03  2.33665347777804344E-01
2.27315315315315463E-03  2.34347724401409635E-01
2.28312312312312429E-03  2.35030101025014898E-01
2.29309309309309439E-03  2.35712477648620161E-01
2.30306306306306448E-03  2.36394854272225452E-01
2.31303303303303414E-03  2.37077230895830715E-01
2.32300300300300423E-03  2.37759607519435978E-01
2.33297297297297432E-03  2.38441984143041269E-01
2.34294294294294441E-03  2.39124360766646560E-01
2.35291291291291407E-03  2.39806737390251823E-01
2.36288288288288417E-03  2.40489114013857086E-01
2.37285285285285426E-03  2.41171490637462377E-01
2.38282282282282435E-03  2.41853867261067668E-01
2.39279279279279401E-03  2.42536243884672903E-01
2.40276276276276410E-03  2.43218620508278194E-01
2.41273273273273419E-03  2.43900997131883485E-01
2.42270270270270429E-03  2.44583373755488748E-01
2.43267267267267395E-03  2.45265750379094011E-01
2.44264264264264404E-03  2.45948127002699302E-01
2.45261261261261413E-03  2.46630503626304592E-01
2.46258258258258379E-03  2.47312880249909828E-01
2.47255255255255388E-03  2.47995256873515119E-01
2.48252252252252397E-03  2.48677633497120409E-01
2.49249249249249407E-03  2.49360010120725673E-01
2.50246246246246373E-03  2.50042386744330936E-01
2.51243243243243382E-03  2.50724763367936254E-01
2.52240240240240391E-03  2.51407139991541517E-01
2.53237237237237400E-03  2.52089516615146780E-01
2.54234234234234366E-03  2.52771893238752043E-01
2.55231231231231375E-03  2.53454269862357306E-01
2.56228228228228385E-03  2.54136646485962570E-01
2.57225225225225351E-03  2.54819023109567833E-01
2.58222222222222360E-03  2.55501399733173151E-01
2.59219219219219369E-03  2.56183776356778414E-01
2.60216216216216378E-03  2.56866152980383733E-01
2.61213213213213344E-03  2.57548529603988996E-01
2.62210210210210353E-03  2.58230906227594259E-01
2.63207207207207363E-03  2.58913282851199522E-01
2.64204204204204372E-03  2.59595659474804785E-01
2.65201201201201338E-03  2.60278036098410048E-01
2.66198198198198347E-03  2.60960412722015311E-01
2.67195195195195356E-03  2.61642789345620630E-01
2.68192192192192322E-03  2.62325165969225838E-01
2.69189189189189331E-03  2.63007542592831156E-01
2.70186186186186341E-03  2.63689919216436475E-01
2.71183183183183350E-03  2.64372295840041738E-01
2.72180180180180316E-03  2.65054672463647001E-01
2.73177177177177325E-03  2.65737049087252264E-01
2.74174174174174334E-03  2.66419425710857527E-01
2.75171171171171344E-03  2.67101802334462790E-01
2.76168168168168309E-03  2.67784178958068053E-01
2.77165165165165319E-03  2.68466555581673372E-01
2.78162162162162328E-03  2.69148932205278635E-01
2.79159159159159337E-03  2.69831308828883953E-01
2.80156156156156303E-03  2.70513685452489216E-01
2.81153153153153312E-03  2.71196062076094480E-01
2.82150150150150322E-03  2.71878438699699743E-01
2.83147147147147287E-03  2.72560815323305006E-01
2.84144144144144297E-03  2.73243191946910269E-01
2.85141141141141306E-03  2.73925568570515532E-01
2.86138138138138315E-03  2.74607945194120850E-01
2.87135135135135281E-03  2.75290321817726114E-01
2.88132132132132290E-03  2.75972698441331377E-01
2.89129129129129300E-03  2.76655075064936695E-01
2.90126126126126309E-03  2.77337451688541958E-01
2.91123123123123275E-03  2.78019828312147221E-01
2.92120120120120284E-03  2.78702204935752484E-01
2.93117117117117293E-03  2.79384581559357748E-01
2.94114114114114259E-03  2.80066958182963011E-01
2.95111111111111268E-03  2.80749334806568274E-01
2.96108108108108278E-03  2.81431711430173592E-01
2.97105105105105287E-03  2.82114088053778911E-01
2.98102102102102253E-03  2.82796464677384118E-01
2.99099099099099262E-03  2.83478841300989437E-01
3.00096096096096271E-03  2.84161217924594700E-01
3.01093093093093280E-03  2.84843594548199963E-01
3.02090090090090246E-03  2.85525971171805226E-01
3.03087087087087256E-03  2.86208347795410489E-01
3.04084084084084265E-03  2.86890724419015752E-01
3.05081081081081274E-03  2.87573101042621071E-01
3.06078078078078240E-03  2.88255477666226334E-01
3.07075075075075249E-03  2.88937854289831653E-01
3.08072072072072259E-03  2.89620230913436916E-01
3.09069069069069224E-03  2.90302607537042179E-01
3.10066066066066234E-03  2.90984984160647442E-01
3.11063063063063243E-03  2.91667360784252705E-01
3.12060060060060252E-03  2.92349737407857968E-01
3.13057057057057218E-03  2.93032114031463231E-01
3.14054054054054227E-03  2.93714490655068494E-01
3.15051051051051237E-03  2.94396867278673813E-01
3.16048048048048246E-03  2.95079243902279131E-01
3.17045045045045212E-03  2.95761620525884339E-01
3.18042042042042221E-03  2.96443997149489658E-01
3.19039039039039230E-03  2.97126373773094921E-01
3.20036036036036196E-03  2.97808750396700184E-01
3.21033033033033205E-03  2.98491127020305447E-01
3.22030030030030215E-03  2.99173503643910710E-01
3.23027027027027224E-03  2.99855880267516028E-01
3.24024024024024190E-03  3.00538256891121236E-01
3.25021021021021199E-03  3.01220633514726555E-01
3.26018018018018208E-03  3.01903010138331873E-01
3.27015015015015217E-03  3.02585386761937136E-01
3.28012012012012183E-03  3.03267763385542399E-01
3.29009009009009193E-03  3.03950140009147662E-01
3.30006006006006202E-03  3.04632516632752925E-01
3.31003003003003211E-03  3.05314893256358189E-01
3.32000000000000177E-03  3.05997269879963452E-01
3.32996996996997186E-03  3.06679646503568770E-01
3.33993993993994195E-03  3.07362023127174033E-01
3.34990990990991161E-03  3.08044399750779296E-01
3.35987987987988171E-03  3.08726776374384615E-01
3.36984984984985180E-03  3.09409152997989878E-01
3.37981981981982189E-03  3.10091529621595141E-01
3.38978978978979155E-03  3.10773906245200404E-01
3.39975975975976164E-03  3.11456282868805667E-01
3.40972972972973173E-03  3.12138659492410930E-01
3.41969969969970183E-03  3.12821036116016249E-01
3.42966966966967149E-03  3.13503412739621456E-01
3.43963963963964158E-03  3.14185789363226775E-01
3.44960960960961167E-03  3.14868165986832094E-01
3.45957957957958133E-03  3.15550542610437357E-01
3.46954954954955142E-03  3.16232919234042620E-01
3.47951951951952151E-03  3.16915295857647883E-01
3.48948948948949161E-03  3.17597672481253146E-01
3.49945945945946127E-03  3.18280049104858409E-01
3.50942942942943136E-03  3.18962425728463672E-01
3.51939939939940145E-03  3.19644802352068991E-01
3.52936936936937154E-03  3.20327178975674254E-01
3.53933933933934120E-03  3.21009555599279517E-01
3.54930930930931129E-03  3.21691932222884835E-01
3.55927927927928139E-03  3.22374308846490099E-01
3.56924924924925148E-03  3.23056685470095362E-01
3.57921921921922114E-03  3.23739062093700625E-01
3.58918918918919123E-03  3.24421438717305888E-01
3.59915915915916132E-03  3.25103815340911151E-01
3.60912912912913098E-03  3.25786191964516414E-01
3.61909909909910107E-03  3.26468568588121733E-01
3.62906906906907117E-03  3.27150945211726996E-01
3.63903903903904126E-03  3.27833321835332314E-01
3.64900900900901092E-03  3.28515698458937577E-01
3.65897897897898101E-03  3.29198075082542840E-01
3.66894894894895110E-03  3.29880451706148103E-01
3.67891891891892120E-03  3.30562828329753366E-01
3.68888888888889085E-03  3.31245204953358630E-01
3.69885885885886095E-03  3.31927581576963948E-01
3.70882882882883104E-03  3.32609958200569211E-01
3.71879879879880070E-03  3.33292334824174474E-01
3.72876876876877079E-03  3.33974711447779737E-01
3.73873873873874088E-03  3.34657088071385000E-01
3.74870870870871098E-03  3.35339464694990319E-01
3.75867867867868063E-03  3.36021841318595582E-01
3.76864864864865073E-03  3.36704217942200845E-01
3.77861861861862082E-03  3.37386594565806108E-01
3.78858858858859091E-03  3.38068971189411427E-01
3.79855855855856057E-03  3.38751347813016690E-01
3.80852852852853066E-03  3.39433724436621953E-01
3.81849849849850076E-03  3.40116101060227216E-01
3.82846846846847041E-03  3.40798477683832479E-01
3.83843843843844051E-03  3.41480854307437742E-01
3.84840840840841060E-03  3.42163230931043061E-01
3.85837837837838069E-03  3.42845607554648324E-01
3.86834834834835035E-03  3.43527984178253587E-01
3.87831831831832044E-03  3.44210360801858850E-01
3.88828828828829054E-03  3.44892737425464169E-01
3.89825825825826063E-03  3.45575114049069432E-01
3.90822822822823029E-03  3.46257490672674695E-01
3.91819819819820038E-03  3.46939867296279958E-01
3.92816816816817047E-03  3.47622243919885276E-01
3.93813813813814056E-03  3.48304620543490540E-01
3.94810810810811066E-03  3.48986997167095803E-01
3.95807807807807988E-03  3.49669373790701066E-01
3.96804804804804997E-03  3.50351750414306329E-01
3.97801801801802007E-03  3.51034127037911592E-01
3.98798798798799016E-03  3.51716503661516910E-01
3.99795795795796025E-03  3.52398880285122174E-01
4.00792792792793034E-03  3.53081256908727437E-01
4.01789789789790044E-03  3.53763633532332755E-01
4.02786786786787053E-03  3.54446010155938018E-01
4.03783783783783976E-03  3.55128386779543226E-01
4.04780780780780985E-03  3.55810763403148544E-01
4.05777777777777994E-03  3.56493140026753808E-01
4.06774774774775003E-03  3.57175516650359071E-01
4.07771771771772013E-03  3.57822107043087423E-01
4.08768768768769022E-03  3.58418928077205878E-01
4.09765765765766031E-03  3.59015749111324278E-01
4.10762762762762954E-03  3.59612570145442678E-01
4.11759759759759963E-03  3.60209391179561078E-01
4.12756756756756972E-03  3.60806212213679478E-01
4.13753753753753981E-03  3.61403033247797933E-01
4.14750750750750991E-03  3.61999854281916389E-01
4.15747747747748000E-03  3.62596675316034789E-01
4.16744744744745009E-03  3.63193496350153189E-01
4.17741741741742018E-03  3.63790317384271644E-01
4.18738738738738941E-03  3.64387138418389989E-01
4.19735735735735950E-03  3.64983959452508444E-01
4.20732732732732959E-03  3.65580780486626844E-01
4.21729729729729969E-03  3.66177601520745299E-01
4.22726726726726978E-03  3.66774422554863699E-01
4.23723723723723987E-03  3.67371243588982155E-01
4.24720720720720996E-03  3.67968064623100555E-01
4.25717717717717919E-03  3.68564885657218955E-01
4.26714714714714928E-03  3.69161706691337355E-01
4.27711711711711937E-03  3.69758527725455810E-01
4.28708708708708947E-03  3.70355348759574210E-01
4.29705705705705956E-03  3.70952169793692665E-01
4.30702702702702965E-03  3.71548990827811065E-01
4.31699699699699974E-03  3.72145811861929521E-01
4.32696696696696984E-03  3.72742632896047921E-01
4.33693693693693906E-03  3.73339453930166321E-01
4.34690690690690915E-03  3.73936274964284721E-01
4.35687687687687925E-03  3.74533095998403176E-01
4.36684684684684934E-03  3.75129917032521576E-01
4.37681681681681943E-03  3.75726738066640031E-01
4.38678678678678952E-03  3.76323559100758431E-01
4.39675675675675962E-03  3.76920380134876887E-01
4.40672672672672884E-03  3.77517201168995231E-01
4.41669669669669893E-03  3.78114022203113687E-01
4.42666666666666903E-03  3.78710843237232087E-01
4.43663663663663912E-03  3.79307664271350542E-01
4.44660660660660921E-03  3.79904485305468942E-01
4.45657657657657930E-03  3.80501306339587397E-01
4.46654654654654940E-03  3.81098127373705797E-01
4.47651651651651862E-03  3.81694948407824197E-01
4.48648648648648871E-03  3.82291769441942597E-01
4.49645645645645881E-03  3.82888590476061053E-01
4.50642642642642890E-03  3.83485411510179452E-01
4.51639639639639899E-03  3.84082232544297908E-01
4.52636636636636908E-03  3.84679053578416308E-01
4.53633633633633918E-03  3.85275874612534763E-01
4.54630630630630927E-03  3.85872695646653163E-01
4.55627627627627849E-03  3.86469516680771563E-01
4.56624624624624859E-03  3.87066337714889963E-01
4.57621621621621868E-03  3.87663158749008419E-01
4.58618618618618877E-03  3.88259979783126818E-01
4.59615615615615886E-03  3.88856800817245274E-01
4.60612612612612896E-03  3.89453621851363674E-01
4.61609609609609905E-03  3.90050442885482129E-01
4.62606606606606827E-03  3.90647263919600474E-01
4.63603603603603837E-03  3.91244084953718929E-01
4.64600600600600846E-03  3.91840905987837329E-01
4.65597597597597855E-03  3.92437727021955785E-01
4.66594594594594864E-03  3.93034548056074184E-01
4.67591591591591874E-03  3.93631369090192640E-01
4.68588588588588883E-03  3.94228190124311040E-01
4.69585585585585892E-03  3.94825011158429495E-01
4.70582582582582815E-03  3.95421832192547840E-01
4.71579579579579824E-03  3.96018653226666295E-01
4.72576576576576833E-03  3.96615474260784695E-01
4.73573573573573842E-03  3.97212295294903150E-01
4.74570570570570852E-03  3.97809116329021550E-01
4.75567567567567861E-03  3.98405937363140006E-01
4.76564564564564870E-03  3.99002758397258406E-01
4.77561561561561793E-03  3.99599579431376806E-01
4.78558558558558802E-03  4.00196400465495206E-01
4.79555555555555811E-03  4.00793221499613661E-01
4.80552552552552820E-03  4.01390042533732061E-01
4.81549549549549830E-03  4.01986863567850516E-01
4.82546546546546839E-03  4.02583684601968916E-01
4.83543543543543848E-03  4.03180505636087372E-01
4.84540540540540857E-03  4.03777326670205772E-01
4.85537537537537780E-03  4.04374147704324172E-01
4.86534534534534789E-03  4.04970968738442572E-01
4.87531531531531798E-03  4.05567789772561027E-01
4.88528528528528808E-03  4.06164610806679427E-01
4.89525525525525817E-03  4.06761431840797827E-01
4.90522522522522826E-03  4.07358252874916282E-01
4.91519519519519835E-03  4.07955073909034682E-01
4.92516516516516758E-03  4.08551894943153082E-01
4.93513513513513767E-03  4.09148715977271538E-01
4.94510510510510776E-03  4.09745537011389938E-01
4.95507507507507786E-03  4.10342358045508337E-01
4.96504504504504795E-03  4.10939179079626793E-01
4.97501501501501804E-03  4.11536000113745193E-01
4.98498498498498813E-03  4.12132821147863648E-01
4.99495495495495736E-03  4.12729642181981993E-01
5.00492492492492745E-03  4.13326463216100448E-01
5.01489489489489754E-03  4.13923284250218848E-01
5.02486486486486764E-03  4.14520105284337304E-01
5.03483483483483773E-03  4.15116926318455703E-01
5.04480480480480782E-03  4.15713747352574159E-01
5.05477477477477791E-03  4.16310568386692559E-01
5.06474474474474801E-03  4.16907389420811014E-01
5.07471471471471723E-03  4.17504210454929359E-01
5.08468468468468732E-03  4.18101031489047814E-01
5.09465465465465742E-03  4.18697852523166214E-01
5.10462462462462751E-03  4.19294673557284669E-01
5.11459459459459760E-03  4.19891494591403069E-01
5.12456456456456769E-03  4.20488315625521525E-01
5.13453453453453779E-03  4.21085136659639925E-01
5.14450450450450701E-03  4.21681957693758325E-01
5.15447447447447710E-03  4.22278778727876725E-01
5.16444444444444720E-03  4.22875599761995180E-01
5.17441441441441729E-03  4.23472420796113580E-01
5.18438438438438738E-03  4.24069241830232035E-01
5.19435435435435747E-03  4.24666062864350435E-01
5.20432432432432757E-03  4.25262883898468891E-01
5.21429429429429766E-03  4.25859704932587291E-01
5.22426426426426688E-03  4.26456525966705691E-01
5.23423423423423698E-03  4.27053347000824091E-01
5.24420420420420707E-03  4.27650168034942546E-01
5.25417417417417716E-03  4.28246989069060946E-01
5.26414414414414725E-03  4.28843810103179401E-01
5.27411411411411735E-03  4.29440631137297801E-01
5.28408408408408744E-03  4.30037452171416257E-01
5.29405405405405666E-03  4.30634273205534601E-01
5.30402402402402676E-03  4.31231094239653057E-01
5.31399399399399685E-03  4.31827915273771457E-01
5.32396396396396694E-03  4.32424736307889912E-01
5.33393393393393703E-03  4.33021557342008312E-01
5.34390390390390713E-03  4.33618378376126767E-01
5.35387387387387722E-03  4.34215199410245167E-01
5.36384384384384644E-03  4.34812020444363567E-01
5.37381381381381654E-03  4.35408841478481967E-01
5.38378378378378663E-03  4.36005662512600423E-01
5.39375375375375672E-03  4.36602483546718823E-01
5.40372372372372681E-03  4.37199304580837278E-01
5.41369369369369691E-03  4.37796125614955678E-01
5.42366366366366700E-03  4.38392946649074133E-01
5.43363363363363709E-03  4.38989767683192533E-01
5.44360360360360632E-03  4.39586588717310933E-01
5.45357357357357641E-03  4.40183409751429333E-01
5.46354354354354650E-03  4.40780230785547789E-01
5.47351351351351659E-03  4.41377051819666189E-01
5.48348348348348669E-03  4.41973872853784644E-01
5.49345345345345678E-03  4.42570693887903044E-01
5.50342342342342687E-03  4.43167514922021499E-01
5.51339339339339610E-03  4.43764335956139844E-01
5.52336336336336619E-03  4.44361156990258299E-01
5.53333333333333628E-03  4.44957978024376699E-01
5.54330330330330637E-03  4.45554799058495155E-01
5.55327327327327647E-03  4.46151620092613554E-01
5.56324324324324656E-03  4.46748441126732010E-01
5.57321321321321665E-03  4.47345262160850410E-01
5.58318318318318674E-03  4.47942083194968865E-01
5.59315315315315597E-03  4.48538904229087210E-01
5.60312312312312606E-03  4.49135725263205665E-01
5.61309309309309615E-03  4.49732546297324065E-01
5.62306306306306625E-03  4.50329367331442521E-01
5.63303303303303634E-03  4.50926188365560920E-01
5.64300300300300643E-03  4.51523009399679376E-01
5.65297297297297652E-03  4.52119830433797776E-01
5.66294294294294575E-03  4.52716651467916176E-01
5.67291291291291584E-03  4.53313472502034576E-01
5.68288288288288593E-03  4.53910293536153031E-01
5.69285285285285603E-03  4.54507114570271431E-01
5.70282282282282612E-03  4.55103935604389886E-01
5.71279279279279621E-03  4.55700756638508286E-01
5.72276276276276630E-03  4.56297577672626686E-01
5.73273273273273640E-03  4.56894398706745142E-01
5.74270270270270562E-03  4.57491219740863542E-01
5.75267267267267571E-03  4.58088040774981942E-01
5.76264264264264581E-03  4.58684861809100342E-01
5.77261261261261590E-03  4.59281682843218797E-01
5.78258258258258599E-03  4.59878503877337197E-01
5.79255255255255608E-03  4.60475324911455652E-01
5.80252252252252618E-03  4.61072145945574052E-01
5.81249249249249540E-03  4.61668966979692452E-01
5.82246246246246549E-03  4.62265788013810852E-01
5.83243243243243559E-03  4.62862609047929308E-01
5.84240240240240568E-03  4.63459430082047708E-01
5.85237237237237577E-03  4.64056251116166163E-01
5.86234234234234586E-03  4.64653072150284563E-01
5.87231231231231596E-03  4.65249893184403018E-01
5.88228228228228518E-03  4.65846714218521363E-01
5.89225225225225527E-03  4.66443535252639818E-01
5.90222222222222537E-03  4.67040356286758218E-01
5.91219219219219546E-03  4.67637177320876674E-01
5.92216216216216555E-03  4.68233998354995073E-01
5.93213213213213564E-03  4.68830819389113529E-01
5.94210210210210574E-03  4.69427640423231929E-01
5.95207207207207583E-03  4.70024461457350384E-01
5.96204204204204505E-03  4.70621282491468729E-01
5.97201201201201515E-03  4.71218103525587184E-01
5.98198198198198524E-03  4.71814924559705584E-01
5.99195195195195533E-03  4.72411745593824040E-01
6.00192192192192542E-03  4.73008566627942439E-01
6.01189189189189552E-03  4.73605387662060895E-01
6.02186186186186561E-03  4.74202208696179295E-01
6.03183183183183484E-03  4.74799029730297695E-01
6.04180180180180493E-03  4.75395850764416095E-01
6.05177177177177502E-03  4.75992671798534550E-01
6.06174174174174511E-03  4.76589492832652950E-01
6.07171171171171521E-03  4.77186313866771405E-01
6.08168168168168530E-03  4.77783134900889805E-01
6.09165165165165539E-03  4.78379955935008261E-01
6.10162162162162548E-03  4.78976776969126661E-01
6.11159159159159471E-03  4.79573598003245061E-01
6.12156156156156480E-03  4.80170419037363461E-01
6.13153153153153489E-03  4.80767240071481916E-01
6.14150150150150499E-03  4.81364061105600316E-01
6.15147147147147508E-03  4.81960882139718771E-01
6.16144144144144517E-03  4.82557703173837171E-01
6.17141141141141526E-03  4.83154524207955627E-01
6.18138138138138449E-03  4.83751345242073971E-01
6.19135135135135458E-03  4.84348166276192427E-01
6.20132132132132467E-03  4.84944987310310827E-01
6.21129129129129477E-03  4.85541808344429282E-01
6.22126126126126486E-03  4.86138629378547682E-01
6.23123123123123495E-03  4.86735450412666137E-01
6.24120120120120504E-03  4.87332271446784537E-01
6.25117117117117514E-03  4.87929092480902993E-01
6.26114114114114436E-03  4.88525913515021337E-01
6.27111111111111445E-03  4.89122734549139793E-01
6.28108108108108455E-03  4.89719555583258193E-01
6.29105105105105464E-03  4.90316376617376648E-01
6.30102102102102473E-03  4.90913197651495048E-01
6.31099099099099482E-03  4.91510018685613503E-01
6.32096096096096492E-03  4.92106839719731903E-01
6.33093093093093414E-03  4.92703660753850303E-01
6.34090090090090423E-03  4.93300481787968703E-01
6.35087087087087433E-03  4.93897302822087159E-01
6.36084084084084442E-03  4.94494123856205559E-01
6.37081081081081451E-03  4.95090944890324014E-01
6.38078078078078460E-03  4.95687765924442414E-01
6.39075075075075470E-03  4.96284586958560869E-01
6.40072072072072392E-03  4.96881407992679214E-01
6.41069069069069401E-03  4.97478229026797669E-01
6.42066066066066411E-03  4.98075050060916069E-01
6.43063063063063420E-03  4.98671871095034525E-01
6.44060060060060429E-03  4.99268692129152925E-01
6.45057057057057438E-03  4.99865513163271380E-01
6.46054054054054448E-03  5.00462334197389724E-01
6.47051051051051457E-03  5.01059155231508235E-01
6.48048048048048379E-03  5.01655976265626524E-01
6.49045045045045389E-03  5.02252797299745035E-01
6.50042042042042398E-03  5.02849618333863435E-01
6.51039039039039407E-03  5.03446439367981835E-01
6.52036036036036416E-03  5.04043260402100346E-01
6.53033033033033426E-03  5.04640081436218635E-01
6.54030030030030435E-03  5.05236902470337146E-01
6.55027027027027357E-03  5.05833723504455546E-01
6.56024024024024367E-03  5.06430544538573946E-01
6.57021021021021376E-03  5.07027365572692346E-01
6.58018018018018385E-03  5.07624186606810746E-01
6.59015015015015394E-03  5.08221007640929257E-01
6.60012012012012404E-03  5.08817828675047656E-01
6.61009009009009413E-03  5.09414649709166056E-01
6.62006006006006422E-03  5.10011470743284567E-01
6.63003003003003345E-03  5.10608291777402856E-01
6.64000000000000354E-03  5.11205112811521367E-01
6.64996996996997363E-03  5.11801933845639656E-01
6.65993993993994372E-03  5.12398754879758167E-01
6.66990990990991382E-03  5.12995575913876567E-01
6.67987987987988391E-03  5.13592396947994967E-01
6.68984984984985400E-03  5.14189217982113478E-01
6.69981981981982323E-03  5.14786039016231767E-01
6.70978978978979332E-03  5.15382860050350278E-01
6.71975975975976341E-03  5.15979681084468678E-01
6.72972972972973350E-03  5.16576502118587078E-01
6.73969969969970360E-03  5.17173323152705589E-01
6.74966966966967369E-03  5.17770144186823877E-01
6.75963963963964378E-03  5.18366965220942388E-01
6.76960960960961301E-03  5.18963786255060677E-01
6.77957957957958310E-03  5.19560607289179188E-01
6.78954954954955319E-03  5.20157428323297588E-01
6.79951951951952328E-03  5.20754249357415988E-01
6.80948948948949338E-03  5.21351070391534499E-01
6.81945945945946347E-03  5.21947891425652899E-01
6.82942942942943356E-03  5.22544712459771299E-01
6.83939939939940365E-03  5.23141533493889810E-01
6.84936936936937288E-03  5.23738354528008099E-01
6.85933933933934297E-03  5.24335175562126610E-01
6.86930930930931306E-03  5.24931996596244899E-01
6.87927927927928316E-03  5.25528817630363410E-01
6.88924924924925325E-03  5.26125638664481809E-01
6.89921921921922334E-03  5.26722459698600209E-01
6.90918918918919343E-03  5.27319280732718720E-01
6.91915915915916266E-03  5.27916101766837009E-01
6.92912912912913275E-03  5.28512922800955520E-01
6.93909909909910284E-03  5.29109743835073920E-01
6.94906906906907294E-03  5.29706564869192320E-01
6.95903903903904303E-03  5.30303385903310831E-01
6.96900900900901312E-03  5.30900206937429120E-01
6.97897897897898321E-03  5.31497027971547631E-01
6.98894894894895331E-03  5.32093849005666031E-01
6.99891891891892253E-03  5.32690670039784431E-01
7.00888888888889262E-03  5.33287491073902831E-01
7.01885885885886272E-03  5.33884312108021231E-01
7.02882882882883281E-03  5.34481133142139742E-01
7.03879879879880290E-03  5.35077954176258141E-01
7.04876876876877299E-03  5.35674775210376541E-01
7.05873873873874309E-03  5.36271596244495052E-01
7.06870870870871231E-03  5.36868417278613341E-01
7.07867867867868240E-03  5.37465238312731852E-01
7.08864864864865250E-03  5.38062059346850141E-01
7.09861861861862259E-03  5.38658880380968652E-01
7.10858858858859268E-03  5.39255701415087052E-01
7.11855855855856277E-03  5.39852522449205452E-01
7.12852852852853287E-03  5.40449343483323963E-01
7.13849849849850296E-03  5.41046164517442363E-01
7.14846846846847218E-03  5.41642985551560763E-01
7.15843843843844228E-03  5.42239806585679163E-01
7.16840840840841237E-03  5.42836627619797563E-01
7.17837837837838246E-03  5.43433448653916074E-01
7.18834834834835255E-03  5.44030269688034362E-01
7.19831831831832265E-03  5.44627090722152873E-01
7.20828828828829274E-03  5.45223911756271273E-01
7.21825825825826196E-03  5.45820732790389673E-01
7.22822822822823206E-03  5.46417553824508073E-01
7.23819819819820215E-03  5.47014374858626473E-01
7.24816816816817224E-03  5.47611195892744984E-01
7.25813813813814233E-03  5.48208016926863384E-01
7.26810810810811243E-03  5.48804837960981784E-01
7.27807807807808252E-03  5.49401658995100295E-01
7.28804804804805174E-03  5.49998480029218584E-01
7.29801801801802184E-03  5.50595301063337095E-01
7.30798798798799193E-03  5.51192122097455384E-01
7.31795795795796202E-03  5.51788943131573895E-01
7.32792792792793211E-03  5.52385764165692295E-01
7.33789789789790221E-03  5.52982585199810694E-01
7.34786786786787230E-03  5.53579406233929205E-01
7.35783783783784239E-03  5.54176227268047494E-01
7.36780780780781162E-03  5.54773048302166005E-01
7.37777777777778171E-03  5.55369869336284405E-01
7.38774774774775180E-03  5.55966690370402805E-01
7.39771771771772189E-03  5.56563511404521205E-01
7.40768768768769199E-03  5.57160332438639605E-01
7.41765765765766208E-03  5.57757153472758116E-01
7.42762762762763217E-03  5.58353974506876516E-01
7.43759759759760140E-03  5.58950795540994916E-01
7.44756756756757149E-03  5.59547616575113316E-01
7.45753753753754158E-03  5.60144437609231716E-01
7.46750750750751167E-03  5.60741258643350227E-01
7.47747747747748177E-03  5.61338079677468516E-01
7.48744744744745186E-03  5.61934900711587026E-01
7.49741741741742195E-03  5.62531721745705426E-01
7.50738738738739204E-03  5.63128542779823826E-01
7.51735735735736127E-03  5.63725363813942226E-01
7.52732732732733136E-03  5.64322184848060626E-01
7.53729729729730145E-03  5.64919005882179137E-01
7.54726726726727155E-03  5.65515826916297537E-01
7.55723723723724164E-03  5.66112647950415937E-01
7.56720720720721173E-03  5.66709468984534448E-01
7.57717717717718182E-03  5.67306290018652737E-01
7.58714714714715105E-03  5.67903111052771248E-01
7.59711711711712114E-03  5.68499932086889537E-01
7.60708708708709123E-03  5.69096753121008048E-01
7.61705705705706133E-03  5.69693574155126448E-01
7.62702702702703142E-03  5.70290395189244848E-01
7.63699699699700151E-03  5.70887216223363358E-01
7.64696696696697160E-03  5.71484037257481758E-01
7.65693693693694083E-03  5.72080858291600158E-01
7.66690690690691092E-03  5.72677679325718558E-01
7.67687687687688101E-03  5.73274500359836958E-01
7.68684684684685111E-03  5.73871321393955469E-01
7.69681681681682120E-03  5.74468142428073758E-01
7.70678678678679129E-03  5.75064963462192269E-01
7.71675675675676138E-03  5.75661784496310669E-01
7.72672672672673148E-03  5.76258605530429069E-01
7.73669669669670070E-03  5.76855426564547469E-01
7.74666666666667079E-03  5.77452247598665869E-01
7.75663663663664089E-03  5.78049068632784380E-01
7.76660660660661098E-03  5.78645889666902780E-01
7.77657657657658107E-03  5.79242710701021180E-01
7.78654654654655116E-03  5.79839531735139690E-01
7.79651651651652126E-03  5.80436352769257979E-01
7.80648648648649048E-03  5.81033173803376490E-01
7.81645645645646057E-03  5.81629994837494779E-01
7.82642642642643153E-03  5.82226815871613290E-01
7.83639639639640076E-03  5.82823636905731690E-01
7.84636636636636998E-03  5.83420457939850090E-01
7.85633633633634094E-03  5.84017278973968601E-01
7.86630630630631017E-03  5.84614100008086890E-01
7.87627627627628113E-03  5.85210921042205401E-01
7.88624624624625035E-03  5.85807742076323801E-01
7.89621621621622131E-03  5.86404563110442201E-01
7.90618618618619054E-03  5.87001384144560712E-01
7.91615615615615976E-03  5.87598205178679001E-01
7.92612612612613072E-03  5.88195026212797512E-01
7.93609609609609995E-03  5.88791847246915800E-01
7.94606606606607091E-03  5.89388668281034311E-01
7.95603603603604013E-03  5.89985489315152711E-01
7.96600600600601109E-03  5.90582310349271222E-01
7.97597597597598032E-03  5.91179131383389622E-01
7.98594594594595128E-03  5.91775952417508133E-01
7.99591591591592050E-03  5.92372773451626422E-01
8.00588588588588973E-03  5.92969594485744822E-01
8.01585585585586069E-03  5.93566415519863222E-01
8.02582582582582992E-03  5.94163236553981733E-01
8.03579579579580087E-03  5.94760057588100133E-01
8.04576576576577010E-03  5.95356878622218533E-01
8.05573573573574106E-03  5.95953699656337044E-01
8.06570570570571029E-03  5.96550520690455333E-01
8.07567567567567951E-03  5.97147341724573733E-01
8.08564564564565047E-03  5.97744162758692243E-01
8.09561561561561970E-03  5.98340983792810643E-01
8.10558558558559065E-03  5.98937804826929154E-01
8.11555555555555988E-03  5.99534625861047443E-01
8.12552552552553084E-03  6.00131446895165954E-01
8.13549549549550007E-03  6.00728267929284243E-01
8.14546546546546929E-03  6.01325088963402754E-01
8.15543543543544025E-03  6.01921909997521154E-01
8.16540540540540948E-03  6.02518731031639554E-01
8.17537537537538044E-03  6.03115552065758065E-01
8.18534534534534966E-03  6.03712373099876354E-01
8.19531531531532062E-03  6.04309194133994865E-01
8.20528528528528985E-03  6.04906015168113154E-01
8.21525525525525907E-03  6.05502836202231665E-01
8.22522522522523003E-03  6.06099657236350065E-01
8.23519519519519926E-03  6.06696478270468464E-01
8.24516516516517022E-03  6.07293299304586975E-01
8.25513513513513944E-03  6.07890120338705264E-01
8.26510510510511040E-03  6.08486941372823775E-01
8.27507507507507963E-03  6.09083762406942175E-01
8.28504504504505059E-03  6.09680583441060575E-01
8.29501501501501981E-03  6.10277404475179086E-01
8.30498498498498904E-03  6.10874225509297375E-01
8.31495495495496000E-03  6.11471046543415886E-01
8.32492492492492922E-03  6.12067867577534175E-01
8.33489489489490018E-03  6.12664688611652686E-01
8.34486486486486941E-03  6.13261509645771086E-01
8.35483483483484037E-03  6.13858330679889597E-01
8.36480480480480959E-03  6.14455151714007997E-01
8.37477477477477882E-03  6.15051972748126285E-01
8.38474474474474978E-03  6.15648793782244796E-01
8.39471471471471900E-03  6.16245614816363196E-01
8.40468468468468996E-03  6.16842435850481707E-01
8.41465465465465919E-03  6.17439256884599996E-01
8.42462462462463015E-03  6.18036077918718507E-01
8.43459459459459937E-03  6.18632898952836907E-01
8.44456456456456860E-03  6.19229719986955307E-01
8.45453453453453956E-03  6.19826541021073707E-01
8.46450450450450878E-03  6.20423362055192107E-01
8.47447447447447974E-03  6.21020183089310618E-01
8.48444444444444897E-03  6.21617004123429018E-01
8.49441441441441993E-03  6.22213825157547418E-01
8.50438438438438915E-03  6.22810646191665818E-01
8.51435435435435838E-03  6.23407467225784218E-01
8.52432432432432934E-03  6.24004288259902729E-01
8.53429429429429856E-03  6.24601109294021017E-01
8.54426426426426952E-03  6.25197930328139528E-01
8.55423423423423875E-03  6.25794751362257928E-01
8.56420420420420971E-03  6.26391572396376439E-01
8.57417417417417893E-03  6.26988393430494728E-01
8.58414414414414816E-03  6.27585214464613128E-01
8.59411411411411912E-03  6.28182035498731639E-01
8.60408408408408834E-03  6.28778856532850039E-01
8.61405405405405930E-03  6.29375677566968439E-01
8.62402402402402853E-03  6.29972498601086839E-01
8.63399399399399949E-03  6.30569319635205350E-01
8.64396396396396871E-03  6.31166140669323750E-01
8.65393393393393967E-03  6.31762961703442150E-01
8.66390390390390890E-03  6.32359782737560550E-01
8.67387387387387812E-03  6.32956603771678949E-01
8.68384384384384908E-03  6.33553424805797460E-01
8.69381381381381831E-03  6.34150245839915749E-01
8.70378378378378927E-03  6.34747066874034260E-01
8.71375375375375849E-03  6.35343887908152660E-01
8.72372372372372945E-03  6.35940708942271171E-01
8.73369369369369868E-03  6.36537529976389460E-01
8.74366366366366790E-03  6.37134351010507860E-01
8.75363363363363886E-03  6.37731172044626371E-01
8.76360360360360809E-03  6.38327993078744771E-01
8.77357357357357905E-03  6.38924814112863171E-01
8.78354354354354827E-03  6.39521635146981571E-01
8.79351351351351923E-03  6.40118456181100082E-01
8.80348348348348846E-03  6.40715277215218482E-01
8.81345345345345768E-03  6.41312098249336771E-01
8.82342342342342864E-03  6.41908919283455282E-01
8.83339339339339787E-03  6.42505740317573681E-01
8.84336336336336883E-03  6.43102561351692192E-01
8.85333333333333805E-03  6.43699382385810481E-01
8.86330330330330901E-03  6.44296203419928992E-01
8.87327327327327824E-03  6.44893024454047392E-01
8.88324324324324746E-03  6.45489845488165792E-01
8.89321321321321842E-03  6.46086666522284192E-01
8.90318318318318765E-03  6.46683487556402592E-01
8.91315315315315861E-03  6.47280308590521103E-01
8.92312312312312783E-03  6.47877129624639503E-01
8.93309309309309879E-03  6.48473950658757903E-01
8.94306306306306802E-03  6.49070771692876303E-01
8.95303303303303724E-03  6.49667592726994703E-01
8.96300300300300820E-03  6.50264413761113214E-01
8.97297297297297743E-03  6.50861234795231502E-01
8.98294294294294839E-03  6.51458055829350013E-01
8.99291291291291761E-03  6.52054876863468413E-01
9.00288288288288857E-03  6.52651697897586813E-01
9.01285285285285780E-03  6.53248518931705213E-01
9.02282282282282876E-03  6.53845339965823724E-01
9.03279279279279798E-03  6.54442160999942124E-01
9.04276276276276721E-03  6.55038982034060524E-01
9.05273273273273817E-03  6.55635803068178924E-01
9.06270270270270739E-03  6.56232624102297324E-01
9.07267267267267835E-03  6.56829445136415835E-01
9.08264264264264758E-03  6.57426266170534124E-01
9.09261261261261854E-03  6.58023087204652635E-01
9.10258258258258776E-03  6.58619908238771035E-01
9.11255255255255699E-03  6.59216729272889435E-01
9.12252252252252795E-03  6.59813550307007834E-01
9.13249249249249717E-03  6.60410371341126234E-01
9.14246246246246813E-03  6.61007192375244745E-01
9.15243243243243736E-03  6.61604013409363145E-01
9.16240240240240832E-03  6.62200834443481545E-01
9.17237237237237754E-03  6.62797655477599945E-01
9.18234234234234677E-03  6.63394476511718345E-01
9.19231231231231773E-03  6.63991297545836856E-01
9.20228228228228695E-03  6.64588118579955145E-01
9.21225225225225791E-03  6.65184939614073656E-01
9.22222222222222714E-03  6.65781760648192056E-01
9.23219219219219810E-03  6.66378581682310567E-01
9.24216216216216732E-03  6.66975402716428856E-01
9.25213213213213655E-03  6.67572223750547256E-01
9.26210210210210751E-03  6.68169044784665767E-01
9.27207207207207673E-03  6.68765865818784166E-01
9.28204204204204769E-03  6.69362686852902566E-01
9.29201201201201692E-03  6.69959507887020966E-01
9.30198198198198788E-03  6.70556328921139477E-01
9.31195195195195710E-03  6.71153149955257877E-01
9.32192192192192633E-03  6.71749970989376166E-01
9.33189189189189729E-03  6.72346792023494677E-01
9.34186186186186651E-03  6.72943613057613077E-01
9.35183183183183747E-03  6.73540434091731588E-01
9.36180180180180670E-03  6.74137255125849877E-01
9.37177177177177766E-03  6.74734076159968388E-01
9.38174174174174688E-03  6.75330897194086788E-01
9.39171171171171784E-03  6.75927718228205299E-01
9.40168168168168707E-03  6.76524539262323588E-01
9.41165165165165629E-03  6.77121360296441988E-01
9.42162162162162725E-03  6.77718181330560498E-01
9.43159159159159648E-03  6.78315002364678898E-01
9.44156156156156744E-03  6.78911823398797298E-01
9.45153153153153666E-03  6.79508644432915698E-01
9.46150150150150762E-03  6.80105465467034209E-01
9.47147147147147685E-03  6.80702286501152609E-01
9.48144144144144607E-03  6.81299107535270898E-01
9.49141141141141703E-03  6.81895928569389409E-01
9.50138138138138626E-03  6.82492749603507809E-01
9.51135135135135722E-03  6.83089570637626320E-01
9.52132132132132644E-03  6.83686391671744609E-01
9.53129129129129740E-03  6.84283212705863120E-01
9.54126126126126663E-03  6.84880033739981520E-01
9.55123123123123585E-03  6.85476854774099920E-01
9.56120120120120681E-03  6.86073675808218320E-01
9.57117117117117604E-03  6.86670496842336719E-01
9.58114114114114700E-03  6.87267317876455230E-01
9.59111111111111622E-03  6.87864138910573630E-01
9.60108108108108718E-03  6.88460959944692030E-01
9.61105105105105641E-03  6.89057780978810430E-01
9.62102102102102563E-03  6.89654602012928830E-01
9.63099099099099659E-03  6.90251423047047341E-01
9.64096096096096582E-03  6.90848244081165630E-01
9.65093093093093678E-03  6.91445065115284141E-01
9.66090090090090600E-03  6.92041886149402541E-01
9.67087087087087696E-03  6.92638707183521052E-01
9.68084084084084619E-03  6.93235528217639341E-01
9.69081081081081715E-03  6.93832349251757852E-01
9.70078078078078637E-03  6.94429170285876252E-01
9.71075075075075560E-03  6.95025991319994652E-01
9.72072072072072656E-03  6.95622812354113051E-01
9.73069069069069578E-03  6.96219633388231451E-01
9.74066066066066674E-03  6.96816454422349962E-01
9.75063063063063597E-03  6.97413275456468362E-01
9.76060060060060693E-03  6.98010096490586762E-01
9.77057057057057615E-03  6.98606917524705162E-01
9.78054054054054538E-03  6.99203738558823562E-01
9.79051051051051634E-03  6.99800559592941962E-01
9.80048048048048556E-03  7.00397380627060362E-01
9.81045045045045652E-03  7.00994201661178873E-01
9.82042042042042575E-03  7.01591022695297273E-01
9.83039039039039671E-03  7.02187843729415673E-01
9.84036036036036593E-03  7.02784664763534073E-01
9.85033033033033516E-03  7.03381485797652473E-01
9.86030030030030612E-03  7.03978306831770984E-01
9.87027027027027534E-03  7.04575127865889383E-01
9.88024024024024630E-03  7.05171948900007783E-01
9.89021021021021553E-03  7.05768769934126183E-01
9.90018018018018649E-03  7.06365590968244694E-01
9.91015015015015571E-03  7.06962412002362983E-01
9.92012012012012494E-03  7.07559233036481383E-01
9.93009009009009590E-03  7.08156054070599894E-01
9.94006006006006512E-03  7.08752875104718294E-01
9.95003003003003608E-03  7.09349696138836694E-01
9.96000000000000531E-03  7.09946517172955094E-01
