0.00000000000000000E+00  0.00000000000000000E+00
9.96996996996999932E-06  5.59045913127104166E-03
1.99399399399399986E-05  1.11809182625420833E-02
2.99099099099099997E-05  1.67713773938131250E-02
3.98798798798799973E-05  2.23618365250841666E-02
4.98498498498499949E-05  2.79522956563552083E-02
5.98198198198199993E-05  3.35427547876262500E-02
6.97897897897899969E-05  3.91332139188972916E-02
7.97597597597599946E-05  4.47236730501683333E-02
8.97297297297299922E-05  5.03141321814393749E-02
9.96996996996999898E-05  5.59045913127104166E-02
1.09669669669669987E-04  6.14950504439814583E-02
1.19639639639639999E-04  6.70855095752524999E-02
1.29609609609609983E-04  7.26759687065235416E-02
1.39579579579579994E-04  7.82664278377945832E-02
1.49549549549549978E-04  8.38568869690656249E-02
1.59519519519519989E-04  8.94473461003366666E-02
1.69489489489490000E-04  9.03815407669018855E-02
1.79459459459459984E-04  9.10799752074062663E-02
1.89429429429429996E-04  9.17784096479106470E-02
1.99399399399399980E-04  9.24768440884150417E-02
2.09369369369369991E-04  9.31752785289194224E-02
2.19339339339339975E-04  9.38737129694238032E-02
2.29309309309309986E-04  9.45721474099281839E-02
2.39279279279279997E-04  9.52705818504325785E-02
2.49249249249249981E-04  9.59690162909369593E-02
2.59219219219219965E-04  9.66674507314413400E-02
2.69189189189190004E-04  9.73658851719457208E-02
2.79159159159159988E-04  9.80643196124501015E-02
2.89129129129129972E-04  9.87627540529544962E-02
2.99099099099099956E-04  9.94611884934588769E-02
3.09069069069069994E-04  1.00159622933963258E-01
3.19039039039039978E-04  1.00858057374467652E-01
3.29009009009009962E-04  1.01556491814972033E-01
3.38978978978980001E-04  1.02254926255476414E-01
3.48948948948949985E-04  1.02953360695980795E-01
3.58918918918919969E-04  1.03651795136485175E-01
3.68888888888889953E-04  1.04350229576989556E-01
3.78858858858859991E-04  1.05048664017493951E-01
3.88828828828829975E-04  1.05747098457998331E-01
3.98798798798799959E-04  1.06445532898502712E-01
4.08768768768769998E-04  1.07143967339007107E-01
4.18738738738739982E-04  1.07842401779511488E-01
4.28708708708709966E-04  1.08540836220015868E-01
4.38678678678679950E-04  1.09239270660520249E-01
4.48648648648649988E-04  1.09937705101024630E-01
4.58618618618619972E-04  1.10636139541529011E-01
4.68588588588589956E-04  1.11334573982033405E-01
4.78558558558559994E-04  1.12033008422537800E-01
4.88528528528529979E-04  1.12731442863042181E-01
4.98498498498499963E-04  1.13429877303546561E-01
5.08468468468469947E-04  1.14128311744050942E-01
5.18438438438439931E-04  1.14826746184555323E-01
5.28408408408409915E-04  1.15525180625059704E-01
5.38378378378380007E-04  1.16223615065564098E-01
5.48348348348349991E-04  1.16922049506068479E-01
5.58318318318319975E-04  1.17620483946572860E-01
5.68288288288289960E-04  1.18318918387077240E-01
5.78258258258259944E-04  1.19017352827581635E-01
5.88228228228229928E-04  1.19715787268086016E-01
5.98198198198199912E-04  1.20414221708590397E-01
6.08168168168170004E-04  1.21112656149094777E-01
6.18138138138139988E-04  1.21811090589599158E-01
6.28108108108109972E-04  1.22509525030103539E-01
6.38078078078079956E-04  1.23207959470607933E-01
6.48048048048049941E-04  1.23906393911112314E-01
6.58018018018019925E-04  1.24604828351616695E-01
6.67987987987989909E-04  1.25303262792121090E-01
6.77957957957960001E-04  1.26001697232625470E-01
6.87927927927929985E-04  1.26700131673129851E-01
6.97897897897899969E-04  1.27398566113634232E-01
7.07867867867869953E-04  1.28097000554138613E-01
7.17837837837839937E-04  1.28795434994642993E-01
7.27807807807809922E-04  1.29493869435147402E-01
7.37777777777779906E-04  1.30192303875651783E-01
7.47747747747749998E-04  1.30890738316156163E-01
7.57717717717719982E-04  1.31589172756660544E-01
7.67687687687689966E-04  1.32287607197164925E-01
7.77657657657659950E-04  1.32986041637669306E-01
7.87627627627629934E-04  1.33684476078173686E-01
7.97597597597599919E-04  1.34382910518678067E-01
8.07567567567569903E-04  1.35081344959182448E-01
8.17537537537539995E-04  1.35779779399686856E-01
8.27507507507509979E-04  1.36478213840191237E-01
8.37477477477479963E-04  1.37176648280695618E-01
8.47447447447449947E-04  1.37875082721199999E-01
8.57417417417419931E-04  1.38573517161704379E-01
8.67387387387389915E-04  1.39271951602208760E-01
8.77357357357359900E-04  1.39970386042713141E-01
8.87327327327329992E-04  1.40668820483217549E-01
8.97297297297299976E-04  1.41367254923721930E-01
9.07267267267269960E-04  1.42065689364226311E-01
9.17237237237239944E-04  1.42764123804730692E-01
9.27207207207209928E-04  1.43462558245235072E-01
9.37177177177179912E-04  1.44160992685739453E-01
9.47147147147149896E-04  1.44859427126243834E-01
9.57117117117119989E-04  1.45557861566748215E-01
9.67087087087089973E-04  1.46256296007252595E-01
9.77057057057059957E-04  1.46954730447756976E-01
9.87027027027029833E-04  1.47653164888261357E-01
9.96996996996999925E-04  1.48351599328765738E-01
1.00696696696697002E-03  1.49050033769270146E-01
1.01693693693693989E-03  1.49748468209774499E-01
1.02690690690690999E-03  1.50446902650278908E-01
1.03687687687687986E-03  1.51145337090783288E-01
1.04684684684684995E-03  1.51843771531287669E-01
1.05681681681681983E-03  1.52542205971792050E-01
1.06678678678678992E-03  1.53240640412296458E-01
1.07675675675676001E-03  1.53939074852800839E-01
1.08672672672672989E-03  1.54637509293305220E-01
1.09669669669669998E-03  1.55335943733809601E-01
1.10666666666666986E-03  1.56034378174313981E-01
1.11663663663663995E-03  1.56732812614818362E-01
1.12660660660660983E-03  1.57431247055322743E-01
1.13657657657657992E-03  1.58129681495827124E-01
1.14654654654655001E-03  1.58828115936331504E-01
1.15651651651651989E-03  1.59526550376835885E-01
1.16648648648648998E-03  1.60224984817340266E-01
1.17645645645645986E-03  1.60923419257844647E-01
1.18642642642642995E-03  1.61621853698349055E-01
1.19639639639639982E-03  1.62320288138853408E-01
1.20636636636636992E-03  1.63018722579357817E-01
1.21633633633634001E-03  1.63717157019862225E-01
1.22630630630630988E-03  1.64415591460366578E-01
1.23627627627627998E-03  1.65114025900870987E-01
1.24624624624624985E-03  1.65812460341375367E-01
1.25621621621621994E-03  1.66510894781879748E-01
1.26618618618618982E-03  1.67209329222384129E-01
1.27615615615615991E-03  1.67907763662888510E-01
1.28612612612613001E-03  1.68606198103392890E-01
1.29609609609609988E-03  1.69304632543897271E-01
1.30606606606606997E-03  1.70003066984401652E-01
1.31603603603603985E-03  1.70701501424906033E-01
1.32600600600600994E-03  1.71399935865410413E-01
1.33597597597597982E-03  1.72098370305914794E-01
1.34594594594594991E-03  1.72796804746419175E-01
1.35591591591592000E-03  1.73495239186923583E-01
1.36588588588588988E-03  1.74193673627427964E-01
1.37585585585585997E-03  1.74892108067932345E-01
1.38582582582582985E-03  1.75590542508436726E-01
1.39579579579579994E-03  1.76288976948941134E-01
1.40576576576576981E-03  1.76987411389445487E-01
1.41573573573573991E-03  1.77685845829949896E-01
1.42570570570571000E-03  1.78384280270454276E-01
1.43567567567567987E-03  1.79082714710958657E-01
1.44564564564564997E-03  1.79781149151463038E-01
1.45561561561561984E-03  1.80479583591967419E-01
1.46558558558558994E-03  1.81178018032471799E-01
1.47555555555555981E-03  1.81876452472976180E-01
1.48552552552552990E-03  1.82574886913480561E-01
1.49549549549550000E-03  1.83273321353984942E-01
1.50546546546546987E-03  1.83971755794489322E-01
1.51543543543543996E-03  1.84670190234993731E-01
1.52540540540540984E-03  1.85368624675498084E-01
1.53537537537537993E-03  1.86067059116002492E-01
1.54534534534534981E-03  1.86765493556506873E-01
1.55531531531531990E-03  1.87463927997011254E-01
1.56528528528528999E-03  1.88162362437515662E-01
1.57525525525525987E-03  1.88860796878020043E-01
1.58522522522522996E-03  1.89559231318524424E-01
1.59519519519519984E-03  1.90257665759028805E-01
1.60516516516516993E-03  1.90956100199533185E-01
1.61513513513513981E-03  1.91654534640037566E-01
1.62510510510510990E-03  1.92352969080541947E-01
1.63507507507507999E-03  1.93051403521046328E-01
1.64504504504504987E-03  1.93749837961550708E-01
1.65501501501501996E-03  1.94448272402055089E-01
1.66498498498498983E-03  1.95146706842559470E-01
1.67495495495495993E-03  1.95845141283063851E-01
1.68492492492492980E-03  1.96543575723568231E-01
1.69489489489489989E-03  1.97242010164072612E-01
1.70486486486486999E-03  1.97940444604577021E-01
1.71483483483483986E-03  1.98638879045081401E-01
1.72480480480480996E-03  1.99337313485585810E-01
1.73477477477477983E-03  2.00035747926090163E-01
1.74474474474474992E-03  2.00734182366594571E-01
1.75471471471471980E-03  2.01432616807098924E-01
1.76468468468468989E-03  2.02131051247603333E-01
1.77465465465465998E-03  2.02829485688107714E-01
1.78462462462462986E-03  2.03527920128612094E-01
1.79459459459459995E-03  2.04226354569116475E-01
1.80456456456456983E-03  2.04924789009620856E-01
1.81453453453453992E-03  2.05623223450125236E-01
1.82450450450450980E-03  2.06321657890629617E-01
1.83447447447447989E-03  2.07020092331133998E-01
1.84444444444444998E-03  2.07718526771638407E-01
1.85441441441441986E-03  2.08416961212142787E-01
1.86438438438438995E-03  2.09115395652647168E-01
1.87435435435435982E-03  2.09813830093151549E-01
1.88432432432432992E-03  2.10512264533655929E-01
1.89429429429429979E-03  2.11210698974160310E-01
1.90426426426426989E-03  2.11909133414664691E-01
1.91423423423423998E-03  2.12607567855169100E-01
1.92420420420420985E-03  2.13306002295673452E-01
1.93417417417417995E-03  2.14004436736177861E-01
1.94414414414414982E-03  2.14702871176682242E-01
1.95411411411411991E-03  2.15401305617186622E-01
1.96408408408409001E-03  2.16099740057691003E-01
1.97405405405405967E-03  2.16798174498195356E-01
1.98402402402402976E-03  2.17496608938699765E-01
1.99399399399399985E-03  2.18195043379204145E-01
2.00396396396396994E-03  2.18893477819708554E-01
2.01393393393394004E-03  2.19591912260212935E-01
2.02390390390390969E-03  2.20290346700717288E-01
2.03387387387387979E-03  2.20988781141221668E-01
2.04384384384384988E-03  2.21687215581726077E-01
2.05381381381381997E-03  2.22385650022230458E-01
2.06378378378379006E-03  2.23084084462734866E-01
2.07375375375375972E-03  2.23782518903239219E-01
2.08372372372372982E-03  2.24480953343743600E-01
2.09369369369369991E-03  2.25179387784247981E-01
2.10366366366367000E-03  2.25877822224752389E-01
2.11363363363363966E-03  2.26576256665256742E-01
2.12360360360360975E-03  2.27274691105761123E-01
2.13357357357357984E-03  2.27973125546265531E-01
2.14354354354354994E-03  2.28671559986769912E-01
2.15351351351352003E-03  2.29369994427274321E-01
2.16348348348348969E-03  2.30068428867778674E-01
2.17345345345345978E-03  2.30766863308283054E-01
2.18342342342342987E-03  2.31465297748787435E-01
2.19339339339339997E-03  2.32163732189291844E-01
2.20336336336337006E-03  2.32862166629796224E-01
2.21333333333333972E-03  2.33560601070300577E-01
2.22330330330330981E-03  2.34259035510804986E-01
2.23327327327327990E-03  2.34957469951309367E-01
2.24324324324324999E-03  2.35655904391813747E-01
2.25321321321321965E-03  2.36354338832318128E-01
2.26318318318318975E-03  2.37052773272822509E-01
2.27315315315315984E-03  2.37751207713326890E-01
2.28312312312312993E-03  2.38449642153831298E-01
2.29309309309310002E-03  2.39148076594335679E-01
2.30306306306306968E-03  2.39846511034840032E-01
2.31303303303303977E-03  2.40544945475344440E-01
2.32300300300300987E-03  2.41243379915848821E-01
2.33297297297297996E-03  2.41941814356353202E-01
2.34294294294295005E-03  2.42640248796857610E-01
2.35291291291291971E-03  2.43338683237361963E-01
2.36288288288288980E-03  2.44037117677866344E-01
2.37285285285285990E-03  2.44735552118370753E-01
2.38282282282282999E-03  2.45433986558875133E-01
2.39279279279279965E-03  2.46132420999379486E-01
2.40276276276276974E-03  2.46830855439883895E-01
2.41273273273273983E-03  2.47529289880388276E-01
2.42270270270270992E-03  2.48227724320892656E-01
2.43267267267268002E-03  2.48926158761397065E-01
2.44264264264264968E-03  2.49624593201901418E-01
2.45261261261261977E-03  2.50323027642405771E-01
2.46258258258258986E-03  2.51021462082910207E-01
2.47255255255255995E-03  2.51719896523414588E-01
2.48252252252253005E-03  2.52418330963918969E-01
2.49249249249249970E-03  2.53116765404423349E-01
2.50246246246246980E-03  2.53815199844927730E-01
2.51243243243243989E-03  2.54513634285432111E-01
2.52240240240240998E-03  2.55212068725936492E-01
2.53237237237237964E-03  2.55910503166440872E-01
2.54234234234234973E-03  2.56608937606945253E-01
2.55231231231231983E-03  2.57307372047449689E-01
2.56228228228228992E-03  2.58005806487954015E-01
2.57225225225226001E-03  2.58704240928458451E-01
2.58222222222222967E-03  2.59402675368962776E-01
2.59219219219219976E-03  2.60101109809467212E-01
2.60216216216216985E-03  2.60799544249971538E-01
2.61213213213213995E-03  2.61497978690475974E-01
2.62210210210210961E-03  2.62196413130980299E-01
2.63207207207207970E-03  2.62894847571484735E-01
2.64204204204204979E-03  2.63593282011989116E-01
2.65201201201201988E-03  2.64291716452493497E-01
2.66198198198198998E-03  2.64990150892997878E-01
2.67195195195195963E-03  2.65688585333502258E-01
2.68192192192192973E-03  2.66387019774006639E-01
2.69189189189189982E-03  2.67085454214511020E-01
2.70186186186186991E-03  2.67783888655015456E-01
2.71183183183184000E-03  2.68482323095519781E-01
2.72180180180180966E-03  2.69180757536024162E-01
2.73177177177177976E-03  2.69879191976528543E-01
2.74174174174174985E-03  2.70577626417032979E-01
2.75171171171171994E-03  2.71276060857537304E-01
2.76168168168168960E-03  2.71974495298041741E-01
2.77165165165165969E-03  2.72672929738546066E-01
2.78162162162162978E-03  2.73371364179050502E-01
2.79159159159159988E-03  2.74069798619554883E-01
2.80156156156156997E-03  2.74768233060059264E-01
2.81153153153153963E-03  2.75466667500563589E-01
2.82150150150150972E-03  2.76165101941068025E-01
2.83147147147147981E-03  2.76863536381572406E-01
2.84144144144144991E-03  2.77561970822076787E-01
2.85141141141142000E-03  2.78260405262581223E-01
2.86138138138138966E-03  2.78958839703085548E-01
2.87135135135135975E-03  2.79657274143589929E-01
2.88132132132132984E-03  2.80355708584094310E-01
2.89129129129129993E-03  2.81054143024598746E-01
2.90126126126126959E-03  2.81752577465103071E-01
2.91123123123123969E-03  2.82451011905607507E-01
2.92120120120120978E-03  2.83149446346111833E-01
2.93117117117117987E-03  2.83847880786616269E-01
2.94114114114114996E-03  2.84546315227120650E-01
2.95111111111111962E-03  2.85244749667625030E-01
2.96108108108108972E-03  2.85943184108129356E-01
2.97105105105105981E-03  2.86641618548633792E-01
2.98102102102102990E-03  2.87340052989138173E-01
2.99099099099099999E-03  2.88038487429642553E-01
3.00096096096096965E-03  2.88736921870146934E-01
3.01093093093093974E-03  2.89435356310651315E-01
3.02090090090090984E-03  2.90133790751155696E-01
3.03087087087087993E-03  2.90832225191660076E-01
3.04084084084084959E-03  2.91530659632164457E-01
3.05081081081081968E-03  2.92229094072668838E-01
3.06078078078078977E-03  2.92927528513173274E-01
3.07075075075075987E-03  2.93625962953677599E-01
3.08072072072072996E-03  2.94324397394182036E-01
3.09069069069069962E-03  2.95022831834686361E-01
3.10066066066066971E-03  2.95721266275190797E-01
3.11063063063063980E-03  2.96419700715695122E-01
3.12060060060060989E-03  2.97118135156199559E-01
3.13057057057057999E-03  2.97816569596703939E-01
3.14054054054054965E-03  2.98515004037208320E-01
3.15051051051051974E-03  2.99213438477712701E-01
3.16048048048048983E-03  2.99911872918217082E-01
3.17045045045045992E-03  3.00610307358721462E-01
3.18042042042042958E-03  3.01308741799225843E-01
3.19039039039039967E-03  3.02007176239730224E-01
3.20036036036036977E-03  3.02705610680234605E-01
3.21033033033033986E-03  3.03404045120739041E-01
3.22030030030030995E-03  3.04102479561243366E-01
3.23027027027027961E-03  3.04800914001747747E-01
3.24024024024024970E-03  3.05499348442252128E-01
3.25021021021021980E-03  3.06197782882756564E-01
3.26018018018018989E-03  3.06896217323260889E-01
3.27015015015015998E-03  3.07594651763765325E-01
3.28012012012012964E-03  3.08293086204269651E-01
3.29009009009009973E-03  3.08991520644774087E-01
3.30006006006006982E-03  3.09689955085278468E-01
3.31003003003003992E-03  3.10388389525782848E-01
3.32000000000000958E-03  3.11086823966287174E-01
3.32996996996997967E-03  3.11785258406791610E-01
3.33993993993994976E-03  3.12483692847295991E-01
3.34990990990991985E-03  3.13182127287800371E-01
3.35987987987988995E-03  3.13880561728304808E-01
3.36984984984985960E-03  3.14578996168809133E-01
3.37981981981982970E-03  3.15277430609313514E-01
3.38978978978979979E-03  3.15975865049817894E-01
3.39975975975976988E-03  3.16674299490322331E-01
3.40972972972973997E-03  3.17372733930826656E-01
3.41969969969970963E-03  3.18071168371331037E-01
3.42966966966967973E-03  3.18769602811835417E-01
3.43963963963964982E-03  3.19468037252339854E-01
3.44960960960961991E-03  3.20166471692844234E-01
3.45957957957958957E-03  3.20864906133348615E-01
3.46954954954955966E-03  3.21563340573852940E-01
3.47951951951952975E-03  3.22261775014357377E-01
3.48948948948949985E-03  3.22960209454861757E-01
3.49945945945946994E-03  3.23658643895366138E-01
3.50942942942943960E-03  3.24357078335870463E-01
3.51939939939940969E-03  3.25055512776374900E-01
3.52936936936937978E-03  3.25753947216879280E-01
3.53933933933934988E-03  3.26452381657383661E-01
3.54930930930931997E-03  3.27150816097888097E-01
3.55927927927928963E-03  3.27849250538392423E-01
3.56924924924925972E-03  3.28547684978896859E-01
3.57921921921922981E-03  3.29246119419401184E-01
3.58918918918919990E-03  3.29944553859905620E-01
3.59915915915916956E-03  3.30642988300409946E-01
3.60912912912913966E-03  3.31341422740914382E-01
3.61909909909910975E-03  3.32039857181418707E-01
3.62906906906907984E-03  3.32738291621923143E-01
3.63903903903904993E-03  3.33436726062427469E-01
3.64900900900901959E-03  3.34135160502931905E-01
3.65897897897898968E-03  3.34833594943436230E-01
3.66894894894895978E-03  3.35532029383940666E-01
3.67891891891892987E-03  3.36230463824445103E-01
3.68888888888889996E-03  3.36928898264949428E-01
3.69885885885886962E-03  3.37627332705453753E-01
3.70882882882883971E-03  3.38325767145958189E-01
3.71879879879880981E-03  3.39024201586462626E-01
3.72876876876877990E-03  3.39722636026966951E-01
3.73873873873874956E-03  3.40421070467471387E-01
3.74870870870871965E-03  3.41119504907975712E-01
3.75867867867868974E-03  3.41817939348480149E-01
3.76864864864865983E-03  3.42516373788984474E-01
3.77861861861862993E-03  3.43214808229488910E-01
3.78858858858859959E-03  3.43913242669993235E-01
3.79855855855856968E-03  3.44611677110497672E-01
3.80852852852853977E-03  3.45310111551001997E-01
3.81849849849850986E-03  3.46008545991506433E-01
3.82846846846847996E-03  3.46706980432010869E-01
3.83843843843844961E-03  3.47405414872515195E-01
3.84840840840841971E-03  3.48103849313019520E-01
3.85837837837838980E-03  3.48802283753523956E-01
3.86834834834835989E-03  3.49500718194028392E-01
3.87831831831832955E-03  3.50199152634532718E-01
3.88828828828829964E-03  3.50897587075037154E-01
3.89825825825826974E-03  3.51596021515541479E-01
3.90822822822823983E-03  3.52294455956045915E-01
3.91819819819820992E-03  3.52992890396550241E-01
3.92816816816818001E-03  3.53691324837054677E-01
3.93813813813815011E-03  3.54389759277559002E-01
3.94810810810811933E-03  3.55088193718063327E-01
3.95807807807808942E-03  3.55786628158567764E-01
3.96804804804805952E-03  3.56485062599072200E-01
3.97801801801802961E-03  3.57183497039576525E-01
3.98798798798799970E-03  3.57881931480080961E-01
3.99795795795796979E-03  3.58580365920585287E-01
4.00792792792793989E-03  3.59278800361089723E-01
4.01789789789790998E-03  3.59977234801594159E-01
4.02786786786788007E-03  3.60675669242098484E-01
4.03783783783784930E-03  3.61374103682602810E-01
4.04780780780781939E-03  3.62072538123107246E-01
4.05777777777778948E-03  3.62770972563611571E-01
4.06774774774775957E-03  3.63469407004116007E-01
4.07771771771772967E-03  3.64167841444620444E-01
4.08768768768769976E-03  3.64866275885124769E-01
4.09765765765766985E-03  3.65564710325629205E-01
4.10762762762763994E-03  3.66263144766133530E-01
4.11759759759761004E-03  3.66961579206637967E-01
4.12756756756758013E-03  3.67660013647142403E-01
4.13753753753754935E-03  3.68358448087646728E-01
4.14750750750751945E-03  3.69056882528151053E-01
4.15747747747748954E-03  3.69755316968655490E-01
4.16744744744745963E-03  3.70453751409159815E-01
4.17741741741742972E-03  3.71152185849664251E-01
4.18738738738739982E-03  3.71850620290168576E-01
4.19735735735736991E-03  3.72549054730673013E-01
4.20732732732734000E-03  3.73247489171177449E-01
4.21729729729731009E-03  3.73945923611681774E-01
4.22726726726727932E-03  3.74644358052186099E-01
4.23723723723724941E-03  3.75342792492690536E-01
4.24720720720721950E-03  3.76041226933194861E-01
4.25717717717718960E-03  3.76739661373699297E-01
4.26714714714715969E-03  3.77438095814203733E-01
4.27711711711712978E-03  3.78136530254708059E-01
4.28708708708709987E-03  3.78834964695212495E-01
4.29705705705706997E-03  3.79533399135716820E-01
4.30702702702704006E-03  3.80231833576221256E-01
4.31699699699700928E-03  3.80930268016725582E-01
4.32696696696697938E-03  3.81628702457230018E-01
4.33693693693694947E-03  3.82327136897734343E-01
4.34690690690691956E-03  3.83025571338238779E-01
4.35687687687688965E-03  3.83724005778743105E-01
4.36684684684685975E-03  3.84422440219247541E-01
4.37681681681682984E-03  3.85120874659751977E-01
4.38678678678679993E-03  3.85819309100256302E-01
4.39675675675677002E-03  3.86517743540760739E-01
4.40672672672674012E-03  3.87216177981265064E-01
4.41669669669670934E-03  3.87914612421769389E-01
4.42666666666667943E-03  3.88613046862273825E-01
4.43663663663664953E-03  3.89311481302778262E-01
4.44660660660661962E-03  3.90009915743282587E-01
4.45657657657658971E-03  3.90708350183787023E-01
4.46654654654655980E-03  3.91406784624291348E-01
4.47651651651652990E-03  3.92105219064795785E-01
4.48648648648649999E-03  3.92803653505300110E-01
4.49645645645647008E-03  3.93502087945804546E-01
4.50642642642643931E-03  3.94200522386308871E-01
4.51639639639640940E-03  3.94898956826813308E-01
4.52636636636637949E-03  3.95597391267317633E-01
4.53633633633634958E-03  3.96295825707822069E-01
4.54630630630631968E-03  3.96994260148326394E-01
4.55627627627628977E-03  3.97692694588830831E-01
4.56624624624625986E-03  3.98391129029335267E-01
4.57621621621622995E-03  3.99089563469839592E-01
4.58618618618620005E-03  3.99787997910344028E-01
4.59615615615616927E-03  4.00486432350848354E-01
4.60612612612613936E-03  4.01184866791352679E-01
4.61609609609610946E-03  4.01883301231857115E-01
4.62606606606607955E-03  4.02581735672361551E-01
4.63603603603604964E-03  4.03280170112865877E-01
4.64600600600601973E-03  4.03978604553370313E-01
4.65597597597598983E-03  4.04677038993874638E-01
4.66594594594595992E-03  4.05375473434379074E-01
4.67591591591593001E-03  4.06073907874883511E-01
4.68588588588590010E-03  4.06772342315387836E-01
4.69585585585586933E-03  4.07470776755892161E-01
4.70582582582583942E-03  4.08169211196396597E-01
4.71579579579580951E-03  4.08867645636900923E-01
4.72576576576577961E-03  4.09566080077405359E-01
4.73573573573574970E-03  4.10264514517909795E-01
4.74570570570571979E-03  4.10962948958414120E-01
4.75567567567568988E-03  4.11661383398918557E-01
4.76564564564565998E-03  4.12359817839422882E-01
4.77561561561563007E-03  4.13058252279927318E-01
4.78558558558559929E-03  4.13756686720431643E-01
4.79555555555556939E-03  4.14455121160936080E-01
4.80552552552553948E-03  4.15153555601440405E-01
4.81549549549550957E-03  4.15851990041944841E-01
4.82546546546547966E-03  4.16550424482449166E-01
4.83543543543544976E-03  4.17248858922953603E-01
4.84540540540541985E-03  4.17947293363457928E-01
4.85537537537538994E-03  4.18645727803962364E-01
4.86534534534536003E-03  4.19344162244466800E-01
4.87531531531532926E-03  4.20042596684971126E-01
4.88528528528529935E-03  4.20741031125475451E-01
4.89525525525526944E-03  4.21439465565979887E-01
4.90522522522523954E-03  4.22137900006484212E-01
4.91519519519520963E-03  4.22836334446988649E-01
4.92516516516517972E-03  4.23534768887493085E-01
4.93513513513514981E-03  4.24233203327997410E-01
4.94510510510511991E-03  4.24931637768501846E-01
4.95507507507509000E-03  4.25630072209006172E-01
4.96504504504506009E-03  4.26328506649510608E-01
4.97501501501502932E-03  4.27026941090014933E-01
4.98498498498499941E-03  4.27725375530519369E-01
4.99495495495496950E-03  4.28423809971023695E-01
5.00492492492493959E-03  4.29122244411528131E-01
5.01489489489490969E-03  4.29820678852032456E-01
5.02486486486487978E-03  4.30519113292536892E-01
5.03483483483484987E-03  4.31217547733041329E-01
5.04480480480481996E-03  4.31915982173545654E-01
5.05477477477479006E-03  4.32614416614050090E-01
5.06474474474475928E-03  4.33312851054554415E-01
5.07471471471472937E-03  4.34011285495058741E-01
5.08468468468469947E-03  4.34709719935563177E-01
5.09465465465466956E-03  4.35408154376067613E-01
5.10462462462463965E-03  4.36106588816571938E-01
5.11459459459460974E-03  4.36805023257076375E-01
5.12456456456457984E-03  4.37416382416704330E-01
5.13453453453454993E-03  4.37938643520149884E-01
5.14450450450452002E-03  4.38460904623595493E-01
5.15447447447448925E-03  4.38983165727040991E-01
5.16444444444445934E-03  4.39505426830486601E-01
5.17441441441442943E-03  4.40027687933932155E-01
5.18438438438439952E-03  4.40549949037377764E-01
5.19435435435436962E-03  4.41072210140823318E-01
5.20432432432433971E-03  4.41594471244268927E-01
5.21429429429430980E-03  4.42116732347714536E-01
5.22426426426427989E-03  4.42638993451160090E-01
5.23423423423424999E-03  4.43161254554605699E-01
5.24420420420421921E-03  4.43683515658051197E-01
5.25417417417418930E-03  4.44205776761496807E-01
5.26414414414415940E-03  4.44728037864942360E-01
5.27411411411412949E-03  4.45250298968387970E-01
5.28408408408409958E-03  4.45772560071833523E-01
5.29405405405406967E-03  4.46294821175279133E-01
5.30402402402403977E-03  4.46817082278724687E-01
5.31399399399400986E-03  4.47339343382170296E-01
5.32396396396397995E-03  4.47861604485615850E-01
5.33393393393395004E-03  4.48383865589061459E-01
5.34390390390391927E-03  4.48906126692507013E-01
5.35387387387388936E-03  4.49428387795952566E-01
5.36384384384385945E-03  4.49950648899398176E-01
5.37381381381382955E-03  4.50472910002843729E-01
5.38378378378379964E-03  4.50995171106289339E-01
5.39375375375376973E-03  4.51517432209734892E-01
5.40372372372373982E-03  4.52039693313180502E-01
5.41369369369370992E-03  4.52561954416626055E-01
5.42366366366368001E-03  4.53084215520071665E-01
5.43363363363364923E-03  4.53606476623517219E-01
5.44360360360361933E-03  4.54128737726962772E-01
5.45357357357358942E-03  4.54650998830408382E-01
5.46354354354355951E-03  4.55173259933853935E-01
5.47351351351352960E-03  4.55695521037299545E-01
5.48348348348349970E-03  4.56217782140745098E-01
5.49345345345346979E-03  4.56740043244190708E-01
5.50342342342343988E-03  4.57262304347636261E-01
5.51339339339340997E-03  4.57784565451081871E-01
5.52336336336337920E-03  4.58306826554527369E-01
5.53333333333334929E-03  4.58829087657972978E-01
5.54330330330331938E-03  4.59351348761418588E-01
5.55327327327328948E-03  4.59873609864864141E-01
5.56324324324325957E-03  4.60395870968309751E-01
5.57321321321322966E-03  4.60918132071755304E-01
5.58318318318319975E-03  4.61440393175200914E-01
5.59315315315316985E-03  4.61962654278646467E-01
5.60312312312313994E-03  4.62484915382092077E-01
5.61309309309311003E-03  4.63007176485537630E-01
5.62306306306307926E-03  4.63529437588983184E-01
5.63303303303304935E-03  4.64051698692428738E-01
5.64300300300301944E-03  4.64573959795874347E-01
5.65297297297298953E-03  4.65096220899319901E-01
5.66294294294295963E-03  4.65618482002765510E-01
5.67291291291292972E-03  4.66140743106211064E-01
5.68288288288289981E-03  4.66663004209656673E-01
5.69285285285286990E-03  4.67185265313102283E-01
5.70282282282284000E-03  4.67707526416547836E-01
5.71279279279280922E-03  4.68229787519993390E-01
5.72276276276277931E-03  4.68752048623438944E-01
5.73273273273274941E-03  4.69274309726884553E-01
5.74270270270271950E-03  4.69796570830330107E-01
5.75267267267268959E-03  4.70318831933775716E-01
5.76264264264265968E-03  4.70841093037221270E-01
5.77261261261262978E-03  4.71363354140666879E-01
5.78258258258259987E-03  4.71885615244112433E-01
5.79255255255256996E-03  4.72407876347558042E-01
5.80252252252253919E-03  4.72930137451003596E-01
5.81249249249250928E-03  4.73452398554449150E-01
5.82246246246247937E-03  4.73974659657894759E-01
5.83243243243244947E-03  4.74496920761340313E-01
5.84240240240241956E-03  4.75019181864785922E-01
5.85237237237238965E-03  4.75541442968231476E-01
5.86234234234235974E-03  4.76063704071677085E-01
5.87231231231232984E-03  4.76585965175122639E-01
5.88228228228229993E-03  4.77108226278568248E-01
5.89225225225227002E-03  4.77630487382013802E-01
5.90222222222223925E-03  4.78152748485459356E-01
5.91219219219220934E-03  4.78675009588904965E-01
5.92216216216217943E-03  4.79197270692350519E-01
5.93213213213214952E-03  4.79719531795796128E-01
5.94210210210211962E-03  4.80241792899241682E-01
5.95207207207208971E-03  4.80764054002687291E-01
5.96204204204205980E-03  4.81286315106132845E-01
5.97201201201202989E-03  4.81808576209578454E-01
5.98198198198199999E-03  4.82330837313024008E-01
5.99195195195196921E-03  4.82853098416469562E-01
6.00192192192193930E-03  4.83375359519915115E-01
6.01189189189190940E-03  4.83897620623360725E-01
6.02186186186187949E-03  4.84419881726806278E-01
6.03183183183184958E-03  4.84942142830251888E-01
6.04180180180181967E-03  4.85464403933697497E-01
6.05177177177178977E-03  4.85986665037143051E-01
6.06174174174175986E-03  4.86508926140588660E-01
6.07171171171172995E-03  4.87031187244034214E-01
6.08168168168169918E-03  4.87553448347479768E-01
6.09165165165166927E-03  4.88075709450925321E-01
6.10162162162163936E-03  4.88597970554370931E-01
6.11159159159160945E-03  4.89120231657816484E-01
6.12156156156157955E-03  4.89642492761262094E-01
6.13153153153154964E-03  4.90164753864707647E-01
6.14150150150151973E-03  4.90687014968153257E-01
6.15147147147148982E-03  4.91209276071598810E-01
6.16144144144145992E-03  4.91731537175044420E-01
6.17141141141143001E-03  4.92253798278490029E-01
6.18138138138139923E-03  4.92776059381935527E-01
6.19135135135136933E-03  4.93298320485381137E-01
6.20132132132133942E-03  4.93820581588826690E-01
6.21129129129130951E-03  4.94342842692272300E-01
6.22126126126127960E-03  4.94865103795717853E-01
6.23123123123124970E-03  4.95387364899163463E-01
6.24120120120121979E-03  4.95909626002609016E-01
6.25117117117118988E-03  4.96431887106054626E-01
6.26114114114115997E-03  4.96954148209500179E-01
6.27111111111112920E-03  4.97476409312945733E-01
6.28108108108109929E-03  4.97998670416391342E-01
6.29105105105106938E-03  4.98520931519836896E-01
6.30102102102103948E-03  4.99043192623282506E-01
6.31099099099100957E-03  4.99565453726728059E-01
6.32096096096097966E-03  5.00087714830173669E-01
6.33093093093094975E-03  5.00609975933619222E-01
6.34090090090091985E-03  5.01132237037064776E-01
6.35087087087088994E-03  5.01654498140510441E-01
6.36084084084085916E-03  5.02176759243955884E-01
6.37081081081082926E-03  5.02699020347401548E-01
6.38078078078079935E-03  5.03221281450847102E-01
6.39075075075076944E-03  5.03743542554292656E-01
6.40072072072073953E-03  5.04265803657738321E-01
6.41069069069070963E-03  5.04788064761183874E-01
6.42066066066067972E-03  5.05310325864629428E-01
6.43063063063064981E-03  5.05832586968075093E-01
6.44060060060061990E-03  5.06354848071520536E-01
6.45057057057058913E-03  5.06877109174966201E-01
6.46054054054055922E-03  5.07399370278411643E-01
6.47051051051052931E-03  5.07921631381857308E-01
6.48048048048049941E-03  5.08443892485302862E-01
6.49045045045046950E-03  5.08966153588748416E-01
6.50042042042043959E-03  5.09488414692194080E-01
6.51039039039040968E-03  5.10010675795639634E-01
6.52036036036037978E-03  5.10532936899085188E-01
6.53033033033034987E-03  5.11055198002530853E-01
6.54030030030031996E-03  5.11577459105976406E-01
6.55027027027028919E-03  5.12099720209421960E-01
6.56024024024025928E-03  5.12621981312867514E-01
6.57021021021022937E-03  5.13144242416313068E-01
6.58018018018019946E-03  5.13666503519758733E-01
6.59015015015016956E-03  5.14188764623204175E-01
6.60012012012013965E-03  5.14711025726649840E-01
6.61009009009010974E-03  5.15233286830095394E-01
6.62006006006007983E-03  5.15755547933540948E-01
6.63003003003004993E-03  5.16277809036986612E-01
6.64000000000001915E-03  5.16800070140432055E-01
6.64996996996998924E-03  5.17322331243877720E-01
6.65993993993995934E-03  5.17844592347323274E-01
6.66990990990992943E-03  5.18366853450768827E-01
6.67987987987989952E-03  5.18889114554214492E-01
6.68984984984986961E-03  5.19411375657660046E-01
6.69981981981983971E-03  5.19933636761105600E-01
6.70978978978980980E-03  5.20455897864551265E-01
6.71975975975977989E-03  5.20978158967996707E-01
6.72972972972974912E-03  5.21500420071442372E-01
6.73969969969971921E-03  5.22022681174887926E-01
6.74966966966968930E-03  5.22544942278333480E-01
6.75963963963965939E-03  5.23067203381779144E-01
6.76960960960962949E-03  5.23589464485224587E-01
6.77957957957959958E-03  5.24111725588670252E-01
6.78954954954956967E-03  5.24633986692115806E-01
6.79951951951953976E-03  5.25156247795561359E-01
6.80948948948950986E-03  5.25678508899007024E-01
6.81945945945947995E-03  5.26200770002452578E-01
6.82942942942944917E-03  5.26723031105898132E-01
6.83939939939941927E-03  5.27245292209343686E-01
6.84936936936938936E-03  5.27767553312789239E-01
6.85933933933935945E-03  5.28289814416234904E-01
6.86930930930932954E-03  5.28812075519680458E-01
6.87927927927929964E-03  5.29334336623126012E-01
6.88924924924926973E-03  5.29856597726571676E-01
6.89921921921923982E-03  5.30378858830017119E-01
6.90918918918920991E-03  5.30901119933462784E-01
6.91915915915917914E-03  5.31423381036908227E-01
6.92912912912914923E-03  5.31945642140353891E-01
6.93909909909911932E-03  5.32467903243799445E-01
6.94906906906908942E-03  5.32990164347244999E-01
6.95903903903905951E-03  5.33512425450690664E-01
6.96900900900902960E-03  5.34034686554136218E-01
6.97897897897899969E-03  5.34556947657581771E-01
6.98894894894896979E-03  5.35079208761027436E-01
6.99891891891893988E-03  5.35601469864472990E-01
7.00888888888890910E-03  5.36123730967918544E-01
7.01885885885887920E-03  5.36645992071364097E-01
7.02882882882884929E-03  5.37168253174809651E-01
7.03879879879881938E-03  5.37690514278255316E-01
7.04876876876878947E-03  5.38212775381700759E-01
7.05873873873875957E-03  5.38735036485146424E-01
7.06870870870872966E-03  5.39257297588591977E-01
7.07867867867869975E-03  5.39779558692037531E-01
7.08864864864866984E-03  5.40301819795483196E-01
7.09861861861863994E-03  5.40824080898928750E-01
7.10858858858860916E-03  5.41346342002374303E-01
7.11855855855857925E-03  5.41868603105819857E-01
7.12852852852854935E-03  5.42390864209265411E-01
7.13849849849851944E-03  5.42913125312711076E-01
7.14846846846848953E-03  5.43435386416156629E-01
7.15843843843845962E-03  5.43957647519602183E-01
7.16840840840842972E-03  5.44479908623047848E-01
7.17837837837839981E-03  5.45002169726493291E-01
7.18834834834836990E-03  5.45524430829938956E-01
7.19831831831833913E-03  5.46046691933384509E-01
7.20828828828830922E-03  5.46568953036830063E-01
7.21825825825827931E-03  5.47091214140275728E-01
7.22822822822824940E-03  5.47613475243721171E-01
7.23819819819821950E-03  5.48135736347166835E-01
7.24816816816818959E-03  5.48657997450612389E-01
7.25813813813815968E-03  5.49180258554057943E-01
7.26810810810812977E-03  5.49702519657503608E-01
7.27807807807809987E-03  5.50224780760949161E-01
7.28804804804806909E-03  5.50747041864394715E-01
7.29801801801803918E-03  5.51269302967840269E-01
7.30798798798800928E-03  5.51791564071285823E-01
7.31795795795797937E-03  5.52313825174731488E-01
7.32792792792794946E-03  5.52836086278177041E-01
7.33789789789791955E-03  5.53358347381622595E-01
7.34786786786788965E-03  5.53880608485068260E-01
7.35783783783785974E-03  5.54402869588513703E-01
7.36780780780782983E-03  5.54925130691959367E-01
7.37777777777779992E-03  5.55447391795404921E-01
7.38774774774776915E-03  5.55969652898850475E-01
7.39771771771773924E-03  5.56491914002296029E-01
7.40768768768770933E-03  5.57014175105741582E-01
7.41765765765767943E-03  5.57536436209187247E-01
7.42762762762764952E-03  5.58058697312632801E-01
7.43759759759761961E-03  5.58580958416078355E-01
7.44756756756758970E-03  5.59103219519524020E-01
7.45753753753755980E-03  5.59625480622969462E-01
7.46750750750752989E-03  5.60147741726415127E-01
7.47747747747749911E-03  5.60670002829860681E-01
7.48744744744746921E-03  5.61192263933306235E-01
7.49741741741743930E-03  5.61714525036751899E-01
7.50738738738740939E-03  5.62236786140197342E-01
7.51735735735737948E-03  5.62759047243643007E-01
7.52732732732734958E-03  5.63281308347088561E-01
7.53729729729731967E-03  5.63803569450534114E-01
7.54726726726728976E-03  5.64325830553979779E-01
7.55723723723725985E-03  5.64848091657425333E-01
7.56720720720722908E-03  5.65370352760870887E-01
7.57717717717719917E-03  5.65892613864316441E-01
7.58714714714716926E-03  5.66414874967761994E-01
7.59711711711713936E-03  5.66937136071207659E-01
7.60708708708710945E-03  5.67459397174653213E-01
7.61705705705707954E-03  5.67981658278098767E-01
7.62702702702704963E-03  5.68503919381544431E-01
7.63699699699701973E-03  5.69026180484989874E-01
7.64696696696698982E-03  5.69548441588435539E-01
7.65693693693695991E-03  5.70070702691881093E-01
7.66690690690692914E-03  5.70592963795326646E-01
7.67687687687689923E-03  5.71115224898772311E-01
7.68684684684686932E-03  5.71637486002217754E-01
7.69681681681683941E-03  5.72159747105663419E-01
7.70678678678680951E-03  5.72682008209108973E-01
7.71675675675677960E-03  5.73204269312554526E-01
7.72672672672674969E-03  5.73726530416000191E-01
7.73669669669671978E-03  5.74248791519445745E-01
7.74666666666668988E-03  5.74771052622891299E-01
7.75663663663665910E-03  5.75293313726336852E-01
7.76660660660662919E-03  5.75815574829782406E-01
7.77657657657659929E-03  5.76337835933228071E-01
7.78654654654656938E-03  5.76860097036673514E-01
7.79651651651653947E-03  5.77382358140119178E-01
7.80648648648650956E-03  5.77904619243564843E-01
7.81645645645647966E-03  5.78426880347010286E-01
7.82642642642644888E-03  5.78949141450455951E-01
7.83639639639641984E-03  5.79471402553901505E-01
7.84636636636638907E-03  5.79993663657347058E-01
7.85633633633636003E-03  5.80515924760792723E-01
7.86630630630632925E-03  5.81038185864238166E-01
7.87627627627630021E-03  5.81560446967683831E-01
7.88624624624626944E-03  5.82082708071129384E-01
7.89621621621623866E-03  5.82604969174574938E-01
7.90618618618620962E-03  5.83127230278020603E-01
7.91615615615617885E-03  5.83649491381466046E-01
7.92612612612614981E-03  5.84171752484911710E-01
7.93609609609611903E-03  5.84694013588357264E-01
7.94606606606608999E-03  5.85216274691802818E-01
7.95603603603605922E-03  5.85738535795248483E-01
7.96600600600603018E-03  5.86260796898694037E-01
7.97597597597599940E-03  5.86783058002139590E-01
7.98594594594596863E-03  5.87305319105585033E-01
7.99591591591593959E-03  5.87827580209030698E-01
8.00588588588590881E-03  5.88349841312476363E-01
8.01585585585587977E-03  5.88872102415921916E-01
8.02582582582584900E-03  5.89394363519367470E-01
8.03579579579581996E-03  5.89916624622813135E-01
8.04576576576578918E-03  5.90438885726258578E-01
8.05573573573576014E-03  5.90961146829704242E-01
8.06570570570572937E-03  5.91483407933149796E-01
8.07567567567569859E-03  5.92005669036595350E-01
8.08564564564566955E-03  5.92527930140041015E-01
8.09561561561563878E-03  5.93050191243486458E-01
8.10558558558560974E-03  5.93572452346932122E-01
8.11555555555557896E-03  5.94094713450377565E-01
8.12552552552554992E-03  5.94616974553823230E-01
8.13549549549551915E-03  5.95139235657268784E-01
8.14546546546549011E-03  5.95661496760714448E-01
8.15543543543545933E-03  5.96183757864160002E-01
8.16540540540543029E-03  5.96706018967605667E-01
8.17537537537539952E-03  5.97228280071051110E-01
8.18534534534536874E-03  5.97750541174496663E-01
8.19531531531533970E-03  5.98272802277942328E-01
8.20528528528530893E-03  5.98795063381387882E-01
8.21525525525527989E-03  5.99317324484833547E-01
8.22522522522524911E-03  5.99839585588278990E-01
8.23519519519522007E-03  6.00361846691724654E-01
8.24516516516518930E-03  6.00884107795170097E-01
8.25513513513516026E-03  6.01406368898615762E-01
8.26510510510512948E-03  6.01928630002061316E-01
8.27507507507509871E-03  6.02450891105506869E-01
8.28504504504506967E-03  6.02973152208952534E-01
8.29501501501503889E-03  6.03495413312397977E-01
8.30498498498500985E-03  6.04017674415843642E-01
8.31495495495497908E-03  6.04539935519289195E-01
8.32492492492495004E-03  6.05062196622734860E-01
8.33489489489491926E-03  6.05584457726180414E-01
8.34486486486489022E-03  6.06106718829626079E-01
8.35483483483485945E-03  6.06628979933071522E-01
8.36480480480482867E-03  6.07151241036517075E-01
8.37477477477479963E-03  6.07673502139962629E-01
8.38474474474476886E-03  6.08195763243408294E-01
8.39471471471473982E-03  6.08718024346853848E-01
8.40468468468470904E-03  6.09240285450299401E-01
8.41465465465468000E-03  6.09762546553745066E-01
8.42462462462464923E-03  6.10284807657190509E-01
8.43459459459462019E-03  6.10807068760636174E-01
8.44456456456458941E-03  6.11329329864081727E-01
8.45453453453455864E-03  6.11851590967527281E-01
8.46450450450452960E-03  6.12373852070972946E-01
8.47447447447449882E-03  6.12896113174418389E-01
8.48444444444446978E-03  6.13418374277864054E-01
8.49441441441443901E-03  6.13940635381309607E-01
8.50438438438440997E-03  6.14462896484755161E-01
8.51435435435437919E-03  6.14985157588200826E-01
8.52432432432435015E-03  6.15507418691646380E-01
8.53429429429431938E-03  6.16029679795091933E-01
8.54426426426428860E-03  6.16551940898537487E-01
8.55423423423425956E-03  6.17074202001983041E-01
8.56420420420422879E-03  6.17596463105428706E-01
8.57417417417419975E-03  6.18118724208874259E-01
8.58414414414416897E-03  6.18640985312319813E-01
8.59411411411413993E-03  6.19163246415765478E-01
8.60408408408410916E-03  6.19685507519210921E-01
8.61405405405408012E-03  6.20207768622656586E-01
8.62402402402404934E-03  6.20730029726102139E-01
8.63399399399401857E-03  6.21252290829547693E-01
8.64396396396398953E-03  6.21774551932993358E-01
8.65393393393395875E-03  6.22296813036438801E-01
8.66390390390392971E-03  6.22819074139884465E-01
8.67387387387389894E-03  6.23341335243330019E-01
8.68384384384386990E-03  6.23863596346775573E-01
8.69381381381383912E-03  6.24385857450221238E-01
8.70378378378381008E-03  6.24908118553666792E-01
8.71375375375377931E-03  6.25430379657112345E-01
8.72372372372375027E-03  6.25952640760558010E-01
8.73369369369371949E-03  6.26474901864003453E-01
8.74366366366368872E-03  6.26997162967449118E-01
8.75363363363365968E-03  6.27519424070894671E-01
8.76360360360362890E-03  6.28041685174340225E-01
8.77357357357359986E-03  6.28563946277785890E-01
8.78354354354356909E-03  6.29086207381231333E-01
8.79351351351354005E-03  6.29608468484676997E-01
8.80348348348350927E-03  6.30130729588122551E-01
8.81345345345348023E-03  6.30652990691568105E-01
8.82342342342344946E-03  6.31175251795013770E-01
8.83339339339341868E-03  6.31697512898459212E-01
8.84336336336338964E-03  6.32219774001904877E-01
8.85333333333335887E-03  6.32742035105350431E-01
8.86330330330332983E-03  6.33264296208795985E-01
8.87327327327329905E-03  6.33786557312241650E-01
8.88324324324327001E-03  6.34308818415687203E-01
8.89321321321323924E-03  6.34831079519132757E-01
8.90318318318321020E-03  6.35353340622578422E-01
8.91315315315317942E-03  6.35875601726023865E-01
8.92312312312314865E-03  6.36397862829469418E-01
8.93309309309311961E-03  6.36920123932915083E-01
8.94306306306308883E-03  6.37442385036360637E-01
8.95303303303305979E-03  6.37964646139806302E-01
8.96300300300302902E-03  6.38486907243251745E-01
8.97297297297299998E-03  6.39009168346697409E-01
8.98294294294296920E-03  6.39531429450142963E-01
8.99291291291294016E-03  6.40053690553588517E-01
9.00288288288290939E-03  6.40575951657034182E-01
9.01285285285287861E-03  6.41098212760479624E-01
9.02282282282284957E-03  6.41620473863925289E-01
9.03279279279281880E-03  6.42142734967370732E-01
9.04276276276278976E-03  6.42664996070816397E-01
9.05273273273275898E-03  6.43187257174261950E-01
9.06270270270272994E-03  6.43709518277707615E-01
9.07267267267269917E-03  6.44231779381153169E-01
9.08264264264267013E-03  6.44754040484598834E-01
9.09261261261263935E-03  6.45276301588044277E-01
9.10258258258260858E-03  6.45798562691489830E-01
9.11255255255257954E-03  6.46320823794935495E-01
9.12252252252254876E-03  6.46843084898381049E-01
9.13249249249251972E-03  6.47365346001826714E-01
9.14246246246248895E-03  6.47887607105272156E-01
9.15243243243245991E-03  6.48409868208717821E-01
9.16240240240242913E-03  6.48932129312163264E-01
9.17237237237240009E-03  6.49454390415608929E-01
9.18234234234236932E-03  6.49976651519054482E-01
9.19231231231233854E-03  6.50498912622500036E-01
9.20228228228230950E-03  6.51021173725945701E-01
9.21225225225227873E-03  6.51543434829391144E-01
9.22222222222224969E-03  6.52065695932836809E-01
9.23219219219221891E-03  6.52587957036282362E-01
9.24216216216218987E-03  6.53110218139727916E-01
9.25213213213215910E-03  6.53632479243173581E-01
9.26210210210213006E-03  6.54154740346619246E-01
9.27207207207209928E-03  6.54677001450064688E-01
9.28204204204206851E-03  6.55199262553510242E-01
9.29201201201203947E-03  6.55721523656955796E-01
9.30198198198200869E-03  6.56243784760401461E-01
9.31195195195197965E-03  6.56766045863847014E-01
9.32192192192194888E-03  6.57288306967292568E-01
9.33189189189191984E-03  6.57810568070738233E-01
9.34186186186188906E-03  6.58332829174183676E-01
9.35183183183186002E-03  6.58855090277629341E-01
9.36180180180182925E-03  6.59377351381074894E-01
9.37177177177180021E-03  6.59899612484520448E-01
9.38174174174176943E-03  6.60421873587966113E-01
9.39171171171173866E-03  6.60944134691411556E-01
9.40168168168170962E-03  6.61466395794857220E-01
9.41165165165167884E-03  6.61988656898302774E-01
9.42162162162164980E-03  6.62510918001748328E-01
9.43159159159161903E-03  6.63033179105193993E-01
9.44156156156158999E-03  6.63555440208639546E-01
9.45153153153155921E-03  6.64077701312085100E-01
9.46150150150153017E-03  6.64599962415530765E-01
9.47147147147149940E-03  6.65122223518976208E-01
9.48144144144146862E-03  6.65644484622421873E-01
9.49141141141143958E-03  6.66166745725867426E-01
9.50138138138140881E-03  6.66689006829312980E-01
9.51135135135137977E-03  6.67211267932758645E-01
9.52132132132134899E-03  6.67733529036204088E-01
9.53129129129131995E-03  6.68255790139649752E-01
9.54126126126128918E-03  6.68778051243095306E-01
9.55123123123126014E-03  6.69300312346540971E-01
9.56120120120122936E-03  6.69822573449986414E-01
9.57117117117119859E-03  6.70344834553431967E-01
9.58114114114116955E-03  6.70867095656877632E-01
9.59111111111113877E-03  6.71389356760323186E-01
9.60108108108110973E-03  6.71911617863768851E-01
9.61105105105107896E-03  6.72433878967214294E-01
9.62102102102104992E-03  6.72956140070659958E-01
9.63099099099101914E-03  6.73478401174105512E-01
9.64096096096099010E-03  6.74000662277551177E-01
9.65093093093095933E-03  6.74522923380996620E-01
9.66090090090092855E-03  6.75045184484442173E-01
9.67087087087089951E-03  6.75567445587887838E-01
9.68084084084086874E-03  6.76089706691333392E-01
9.69081081081083970E-03  6.76611967794778946E-01
9.70078078078080892E-03  6.77134228898224499E-01
9.71075075075077988E-03  6.77656490001670164E-01
9.72072072072074911E-03  6.78178751105115718E-01
9.73069069069072007E-03  6.78701012208561383E-01
9.74066066066068929E-03  6.79223273312006826E-01
9.75063063063065852E-03  6.79745534415452379E-01
9.76060060060062948E-03  6.80267795518898044E-01
9.77057057057059870E-03  6.80790056622343598E-01
9.78054054054056966E-03  6.81312317725789152E-01
9.79051051051053889E-03  6.81834578829234705E-01
9.80048048048050985E-03  6.82356839932680370E-01
9.81045045045047907E-03  6.82879101036125924E-01
9.82042042042045003E-03  6.83401362139571478E-01
9.83039039039041926E-03  6.83923623243017031E-01
9.84036036036038848E-03  6.84445884346462585E-01
9.85033033033035944E-03  6.84968145449908250E-01
9.86030030030032867E-03  6.85490406553353804E-01
9.87027027027029963E-03  6.86012667656799358E-01
9.88024024024026885E-03  6.86534928760244911E-01
9.89021021021023981E-03  6.87057189863690576E-01
9.90018018018020904E-03  6.87579450967136130E-01
9.91015015015018000E-03  6.88101712070581684E-01
9.92012012012014922E-03  6.88623973174027237E-01
9.93009009009012018E-03  6.89146234277472902E-01
9.94006006006008941E-03  6.89668495380918456E-01
9.95003003003005863E-03  6.90190756484364010E-01
9.96000000000002959E-03  6.90713017587809563E-01
