0.00000000000000000E+00  0.00000000000000000E+00
9.96996996996999593E-06  5.59045913127103992E-03
1.99399399399399919E-05  1.11809182625420798E-02
2.99099099099099861E-05  1.67713773938131180E-02
3.98798798798799837E-05  2.23618365250841597E-02
4.98498498498499814E-05  2.79522956563552014E-02
5.98198198198199722E-05  3.35427547876262361E-02
6.97897897897899698E-05  3.91332139188972777E-02
7.97597597597599675E-05  4.47236730501683194E-02
8.97297297297299651E-05  5.03141321814393611E-02
9.96996996996999627E-05  5.59045913127104027E-02
1.09669669669669960E-04  6.14950504439814444E-02
1.19639639639639944E-04  6.70855095752524722E-02
1.29609609609609956E-04  7.26759687065235277E-02
1.39579579579579940E-04  7.82664278377945555E-02
1.49549549549549951E-04  8.38568869690656110E-02
1.59519519519519935E-04  8.94473461003366388E-02
1.69489489489489919E-04  9.03569833875545458E-02
1.79459459459459930E-04  9.10296170370990532E-02
1.89429429429429914E-04  9.17022506866435744E-02
1.99399399399399925E-04  9.23748843361880956E-02
2.09369369369369909E-04  9.30475179857326029E-02
2.19339339339339921E-04  9.37201516352771241E-02
2.29309309309309905E-04  9.43927852848216453E-02
2.39279279279279889E-04  9.50654189343661526E-02
2.49249249249249873E-04  9.57380525839106739E-02
2.59219219219219911E-04  9.64106862334551951E-02
2.69189189189189895E-04  9.70833198829997163E-02
2.79159159159159879E-04  9.77559535325442375E-02
2.89129129129129863E-04  9.84285871820887448E-02
2.99099099099099902E-04  9.91012208316332660E-02
3.09069069069069886E-04  9.97738544811777872E-02
3.19039039039039870E-04  1.00446488130722295E-01
3.29009009009009854E-04  1.01119121780266816E-01
3.38978978978979838E-04  1.01791755429811337E-01
3.48948948948949876E-04  1.02464389079355858E-01
3.58918918918919860E-04  1.03137022728900379E-01
3.68888888888889844E-04  1.03809656378444887E-01
3.78858858858859828E-04  1.04482290027989408E-01
3.88828828828829867E-04  1.05154923677533929E-01
3.98798798798799851E-04  1.05827557327078436E-01
4.08768768768769835E-04  1.06500190976622958E-01
4.18738738738739819E-04  1.07172824626167479E-01
4.28708708708709803E-04  1.07845458275711986E-01
4.38678678678679841E-04  1.08518091925256521E-01
4.48648648648649825E-04  1.09190725574801029E-01
4.58618618618619809E-04  1.09863359224345550E-01
4.68588588588589794E-04  1.10535992873890071E-01
4.78558558558559778E-04  1.11208626523434578E-01
4.88528528528529762E-04  1.11881260172979100E-01
4.98498498498499746E-04  1.12553893822523621E-01
5.08468468468469838E-04  1.13226527472068142E-01
5.18438438438439822E-04  1.13899161121612663E-01
5.28408408408409806E-04  1.14571794771157170E-01
5.38378378378379790E-04  1.15244428420701692E-01
5.48348348348349775E-04  1.15917062070246213E-01
5.58318318318319759E-04  1.16589695719790720E-01
5.68288288288289743E-04  1.17262329369335241E-01
5.78258258258259727E-04  1.17934963018879763E-01
5.88228228228229711E-04  1.18607596668424270E-01
5.98198198198199803E-04  1.19280230317968805E-01
6.08168168168169787E-04  1.19952863967513312E-01
6.18138138138139772E-04  1.20625497617057834E-01
6.28108108108109756E-04  1.21298131266602355E-01
6.38078078078079740E-04  1.21970764916146862E-01
6.48048048048049724E-04  1.22643398565691383E-01
6.58018018018019708E-04  1.23316032215235905E-01
6.67987987987989692E-04  1.23988665864780412E-01
6.77957957957959676E-04  1.24661299514324933E-01
6.87927927927929768E-04  1.25333933163869454E-01
6.97897897897899753E-04  1.26006566813413989E-01
7.07867867867869737E-04  1.26679200462958497E-01
7.17837837837839721E-04  1.27351834112503004E-01
7.27807807807809705E-04  1.28024467762047511E-01
7.37777777777779689E-04  1.28697101411592046E-01
7.47747747747749673E-04  1.29369735061136554E-01
7.57717717717719657E-04  1.30042368710681089E-01
7.67687687687689641E-04  1.30715002360225596E-01
7.77657657657659734E-04  1.31387636009770103E-01
7.87627627627629718E-04  1.32060269659314639E-01
7.97597597597599702E-04  1.32732903308859146E-01
8.07567567567569686E-04  1.33405536958403681E-01
8.17537537537539670E-04  1.34078170607948188E-01
8.27507507507509654E-04  1.34750804257492696E-01
8.37477477477479638E-04  1.35423437907037203E-01
8.47447447447449622E-04  1.36096071556581738E-01
8.57417417417419606E-04  1.36768705206126245E-01
8.67387387387389699E-04  1.37441338855670780E-01
8.77357357357359683E-04  1.38113972505215288E-01
8.87327327327329667E-04  1.38786606154759795E-01
8.97297297297299651E-04  1.39459239804304330E-01
9.07267267267269635E-04  1.40131873453848838E-01
9.17237237237239619E-04  1.40804507103393373E-01
9.27207207207209603E-04  1.41477140752937880E-01
9.37177177177179587E-04  1.42149774402482387E-01
9.47147147147149571E-04  1.42822408052026895E-01
9.57117117117119555E-04  1.43495041701571402E-01
9.67087087087089648E-04  1.44167675351115965E-01
9.77057057057059523E-04  1.44840309000660472E-01
9.87027027027029616E-04  1.45512942650204979E-01
9.96996996996999492E-04  1.46185576299749487E-01
1.00696696696696958E-03  1.46858209949293994E-01
1.01693693693693968E-03  1.47530843598838557E-01
1.02690690690690955E-03  1.48203477248383064E-01
1.03687687687687964E-03  1.48876110897927572E-01
1.04684684684684952E-03  1.49548744547472079E-01
1.05681681681681961E-03  1.50221378197016586E-01
1.06678678678678949E-03  1.50894011846561094E-01
1.07675675675675958E-03  1.51566645496105656E-01
1.08672672672672946E-03  1.52239279145650164E-01
1.09669669669669955E-03  1.52911912795194671E-01
1.10666666666666964E-03  1.53584546444739178E-01
1.11663663663663952E-03  1.54257180094283686E-01
1.12660660660660961E-03  1.54929813743828249E-01
1.13657657657657949E-03  1.55602447393372756E-01
1.14654654654654958E-03  1.56275081042917263E-01
1.15651651651651945E-03  1.56947714692461771E-01
1.16648648648648955E-03  1.57620348342006278E-01
1.17645645645645942E-03  1.58292981991550785E-01
1.18642642642642951E-03  1.58965615641095348E-01
1.19639639639639961E-03  1.59638249290639855E-01
1.20636636636636948E-03  1.60310882940184363E-01
1.21633633633633957E-03  1.60983516589728870E-01
1.22630630630630945E-03  1.61656150239273377E-01
1.23627627627627954E-03  1.62328783888817940E-01
1.24624624624624942E-03  1.63001417538362448E-01
1.25621621621621951E-03  1.63674051187906955E-01
1.26618618618618939E-03  1.64346684837451462E-01
1.27615615615615948E-03  1.65019318486995969E-01
1.28612612612612957E-03  1.65691952136540532E-01
1.29609609609609945E-03  1.66364585786085040E-01
1.30606606606606954E-03  1.67037219435629547E-01
1.31603603603603942E-03  1.67709853085174054E-01
1.32600600600600951E-03  1.68382486734718562E-01
1.33597597597597938E-03  1.69055120384263069E-01
1.34594594594594948E-03  1.69727754033807632E-01
1.35591591591591935E-03  1.70400387683352139E-01
1.36588588588588944E-03  1.71073021332896646E-01
1.37585585585585954E-03  1.71745654982441154E-01
1.38582582582582941E-03  1.72418288631985661E-01
1.39579579579579951E-03  1.73090922281530224E-01
1.40576576576576938E-03  1.73763555931074731E-01
1.41573573573573947E-03  1.74436189580619239E-01
1.42570570570570935E-03  1.75108823230163746E-01
1.43567567567567944E-03  1.75781456879708253E-01
1.44564564564564932E-03  1.76454090529252761E-01
1.45561561561561941E-03  1.77126724178797323E-01
1.46558558558558950E-03  1.77799357828341831E-01
1.47555555555555938E-03  1.78471991477886338E-01
1.48552552552552947E-03  1.79144625127430845E-01
1.49549549549549935E-03  1.79817258776975353E-01
1.50546546546546944E-03  1.80489892426519916E-01
1.51543543543543931E-03  1.81162526076064423E-01
1.52540540540540941E-03  1.81835159725608930E-01
1.53537537537537928E-03  1.82507793375153438E-01
1.54534534534534937E-03  1.83180427024697945E-01
1.55531531531531947E-03  1.83853060674242480E-01
1.56528528528528934E-03  1.84525694323787015E-01
1.57525525525525944E-03  1.85198327973331522E-01
1.58522522522522931E-03  1.85870961622876030E-01
1.59519519519519940E-03  1.86543595272420537E-01
1.60516516516516928E-03  1.87216228921965044E-01
1.61513513513513937E-03  1.87888862571509607E-01
1.62510510510510925E-03  1.88561496221054115E-01
1.63507507507507934E-03  1.89234129870598622E-01
1.64504504504504943E-03  1.89906763520143129E-01
1.65501501501501931E-03  1.90579397169687637E-01
1.66498498498498940E-03  1.91252030819232172E-01
1.67495495495495928E-03  1.91924664468776707E-01
1.68492492492492937E-03  1.92597298118321214E-01
1.69489489489489924E-03  1.93269931767865721E-01
1.70486486486486934E-03  1.93942565417410229E-01
1.71483483483483921E-03  1.94615199066954736E-01
1.72480480480480930E-03  1.95287832716499299E-01
1.73477477477477940E-03  1.95960466366043806E-01
1.74474474474474927E-03  1.96633100015588314E-01
1.75471471471471937E-03  1.97305733665132821E-01
1.76468468468468924E-03  1.97978367314677328E-01
1.77465465465465933E-03  1.98651000964221863E-01
1.78462462462462921E-03  1.99323634613766398E-01
1.79459459459459930E-03  1.99996268263310906E-01
1.80456456456456918E-03  2.00668901912855413E-01
1.81453453453453927E-03  2.01341535562399920E-01
1.82450450450450936E-03  2.02014169211944455E-01
1.83447447447447924E-03  2.02686802861488991E-01
1.84444444444444933E-03  2.03359436511033498E-01
1.85441441441441921E-03  2.04032070160578005E-01
1.86438438438438930E-03  2.04704703810122512E-01
1.87435435435435917E-03  2.05377337459667020E-01
1.88432432432432927E-03  2.06049971109211583E-01
1.89429429429429914E-03  2.06722604758756090E-01
1.90426426426426923E-03  2.07395238408300597E-01
1.91423423423423911E-03  2.08067872057845105E-01
1.92420420420420920E-03  2.08740505707389612E-01
1.93417417417417930E-03  2.09413139356934175E-01
1.94414414414414917E-03  2.10085773006478682E-01
1.95411411411411905E-03  2.10758406656023189E-01
1.96408408408408914E-03  2.11431040305567697E-01
1.97405405405405923E-03  2.12103673955112204E-01
1.98402402402402932E-03  2.12776307604656767E-01
1.99399399399399898E-03  2.13448941254201219E-01
2.00396396396396908E-03  2.14121574903745782E-01
2.01393393393393917E-03  2.14794208553290289E-01
2.02390390390390926E-03  2.15466842202834796E-01
2.03387387387387935E-03  2.16139475852379359E-01
2.04384384384384901E-03  2.16812109501923811E-01
2.05381381381381910E-03  2.17484743151468374E-01
2.06378378378378920E-03  2.18157376801012881E-01
2.07375375375375929E-03  2.18830010450557388E-01
2.08372372372372895E-03  2.19502644100101896E-01
2.09369369369369904E-03  2.20175277749646403E-01
2.10366366366366913E-03  2.20847911399190966E-01
2.11363363363363923E-03  2.21520545048735473E-01
2.12360360360360932E-03  2.22193178698279981E-01
2.13357357357357898E-03  2.22865812347824488E-01
2.14354354354354907E-03  2.23538445997368995E-01
2.15351351351351916E-03  2.24211079646913558E-01
2.16348348348348925E-03  2.24883713296458065E-01
2.17345345345345891E-03  2.25556346946002573E-01
2.18342342342342901E-03  2.26228980595547080E-01
2.19339339339339910E-03  2.26901614245091587E-01
2.20336336336336919E-03  2.27574247894636150E-01
2.21333333333333928E-03  2.28246881544180658E-01
2.22330330330330894E-03  2.28919515193725165E-01
2.23327327327327903E-03  2.29592148843269672E-01
2.24324324324324913E-03  2.30264782492814180E-01
2.25321321321321922E-03  2.30937416142358742E-01
2.26318318318318888E-03  2.31610049791903194E-01
2.27315315315315897E-03  2.32282683441447757E-01
2.28312312312312906E-03  2.32955317090992264E-01
2.29309309309309916E-03  2.33627950740536772E-01
2.30306306306306925E-03  2.34300584390081335E-01
2.31303303303303891E-03  2.34973218039625786E-01
2.32300300300300900E-03  2.35645851689170349E-01
2.33297297297297909E-03  2.36318485338714857E-01
2.34294294294294918E-03  2.36991118988259364E-01
2.35291291291291884E-03  2.37663752637803871E-01
2.36288288288288894E-03  2.38336386287348378E-01
2.37285285285285903E-03  2.39009019936892941E-01
2.38282282282282912E-03  2.39681653586437449E-01
2.39279279279279921E-03  2.40354287235981956E-01
2.40276276276276887E-03  2.41026920885526463E-01
2.41273273273273896E-03  2.41699554535070971E-01
2.42270270270270906E-03  2.42372188184615533E-01
2.43267267267267915E-03  2.43044821834160041E-01
2.44264264264264881E-03  2.43717455483704548E-01
2.45261261261261890E-03  2.44390089133249055E-01
2.46258258258258899E-03  2.45062722782793563E-01
2.47255255255255909E-03  2.45735356432338126E-01
2.48252252252252918E-03  2.46407990081882633E-01
2.49249249249249884E-03  2.47080623731427140E-01
2.50246246246246893E-03  2.47753257380971648E-01
2.51243243243243902E-03  2.48425891030516155E-01
2.52240240240240911E-03  2.49098524680060718E-01
2.53237237237237877E-03  2.49771158329605170E-01
2.54234234234234887E-03  2.50443791979149732E-01
2.55231231231231896E-03  2.51116425628694240E-01
2.56228228228228905E-03  2.51789059278238747E-01
2.57225225225225914E-03  2.52461692927783310E-01
2.58222222222222880E-03  2.53134326577327762E-01
2.59219219219219889E-03  2.53806960226872325E-01
2.60216216216216899E-03  2.54479593876416832E-01
2.61213213213213908E-03  2.55152227525961339E-01
2.62210210210210874E-03  2.55824861175505847E-01
2.63207207207207883E-03  2.56497494825050354E-01
2.64204204204204892E-03  2.57170128474594917E-01
2.65201201201201902E-03  2.57842762124139424E-01
2.66198198198198911E-03  2.58515395773683931E-01
2.67195195195195877E-03  2.59188029423228439E-01
2.68192192192192886E-03  2.59860663072772946E-01
2.69189189189189895E-03  2.60533296722317509E-01
2.70186186186186904E-03  2.61205930371862016E-01
2.71183183183183870E-03  2.61878564021406524E-01
2.72180180180180880E-03  2.62551197670951031E-01
2.73177177177177889E-03  2.63223831320495538E-01
2.74174174174174898E-03  2.63896464970040101E-01
2.75171171171171907E-03  2.64569098619584608E-01
2.76168168168168873E-03  2.65241732269129116E-01
2.77165165165165883E-03  2.65914365918673623E-01
2.78162162162162892E-03  2.66586999568218130E-01
2.79159159159159901E-03  2.67259633217762693E-01
2.80156156156156867E-03  2.67932266867307145E-01
2.81153153153153876E-03  2.68604900516851708E-01
2.82150150150150885E-03  2.69277534166396215E-01
2.83147147147147895E-03  2.69950167815940723E-01
2.84144144144144904E-03  2.70622801465485285E-01
2.85141141141141870E-03  2.71295435115029737E-01
2.86138138138138879E-03  2.71968068764574300E-01
2.87135135135135888E-03  2.72640702414118807E-01
2.88132132132132898E-03  2.73313336063663315E-01
2.89129129129129863E-03  2.73985969713207822E-01
2.90126126126126873E-03  2.74658603362752329E-01
2.91123123123123882E-03  2.75331237012296892E-01
2.92120120120120891E-03  2.76003870661841400E-01
2.93117117117117900E-03  2.76676504311385907E-01
2.94114114114114866E-03  2.77349137960930414E-01
2.95111111111111876E-03  2.78021771610474921E-01
2.96108108108108885E-03  2.78694405260019484E-01
2.97105105105105894E-03  2.79367038909563992E-01
2.98102102102102860E-03  2.80039672559108499E-01
2.99099099099099869E-03  2.80712306208653006E-01
3.00096096096096878E-03  2.81384939858197514E-01
3.01093093093093888E-03  2.82057573507742076E-01
3.02090090090090897E-03  2.82730207157286584E-01
3.03087087087087863E-03  2.83402840806831091E-01
3.04084084084084872E-03  2.84075474456375598E-01
3.05081081081081881E-03  2.84748108105920106E-01
3.06078078078078891E-03  2.85420741755464669E-01
3.07075075075075856E-03  2.86093375405009120E-01
3.08072072072072866E-03  2.86766009054553683E-01
3.09069069069069875E-03  2.87438642704098191E-01
3.10066066066066884E-03  2.88111276353642698E-01
3.11063063063063893E-03  2.88783910003187205E-01
3.12060060060060859E-03  2.89456543652731713E-01
3.13057057057057869E-03  2.90129177302276275E-01
3.14054054054054878E-03  2.90801810951820783E-01
3.15051051051051887E-03  2.91474444601365290E-01
3.16048048048048853E-03  2.92147078250909797E-01
3.17045045045045862E-03  2.92819711900454305E-01
3.18042042042042871E-03  2.93492345549998868E-01
3.19039039039039881E-03  2.94164979199543375E-01
3.20036036036036890E-03  2.94837612849087882E-01
3.21033033033033856E-03  2.95510246498632390E-01
3.22030030030030865E-03  2.96182880148176897E-01
3.23027027027027874E-03  2.96855513797721460E-01
3.24024024024024884E-03  2.97528147447265967E-01
3.25021021021021849E-03  2.98200781096810474E-01
3.26018018018018859E-03  2.98873414746354982E-01
3.27015015015015868E-03  2.99546048395899489E-01
3.28012012012012877E-03  3.00218682045444052E-01
3.29009009009009886E-03  3.00891315694988559E-01
3.30006006006006852E-03  3.01563949344533067E-01
3.31003003003003862E-03  3.02236582994077574E-01
3.32000000000000871E-03  3.02909216643622081E-01
3.32996996996997880E-03  3.03581850293166589E-01
3.33993993993994846E-03  3.04254483942711096E-01
3.34990990990991855E-03  3.04927117592255659E-01
3.35987987987988864E-03  3.05599751241800166E-01
3.36984984984985874E-03  3.06272384891344673E-01
3.37981981981982883E-03  3.06945018540889181E-01
3.38978978978979849E-03  3.07617652190433688E-01
3.39975975975976858E-03  3.08290285839978251E-01
3.40972972972973867E-03  3.08962919489522758E-01
3.41969969969970877E-03  3.09635553139067266E-01
3.42966966966967842E-03  3.10308186788611773E-01
3.43963963963964852E-03  3.10980820438156280E-01
3.44960960960961861E-03  3.11653454087700843E-01
3.45957957957958870E-03  3.12326087737245350E-01
3.46954954954955879E-03  3.12998721386789858E-01
3.47951951951952845E-03  3.13671355036334365E-01
3.48948948948949855E-03  3.14343988685878872E-01
3.49945945945946864E-03  3.15016622335423435E-01
3.50942942942943873E-03  3.15689255984967942E-01
3.51939939939940839E-03  3.16361889634512450E-01
3.52936936936937848E-03  3.17034523284056957E-01
3.53933933933934857E-03  3.17707156933601464E-01
3.54930930930931867E-03  3.18379790583145972E-01
3.55927927927928876E-03  3.19052424232690535E-01
3.56924924924925842E-03  3.19725057882235042E-01
3.57921921921922851E-03  3.20397691531779549E-01
3.58918918918919860E-03  3.21070325181324057E-01
3.59915915915916870E-03  3.21742958830868564E-01
3.60912912912913835E-03  3.22415592480413071E-01
3.61909909909910845E-03  3.23088226129957634E-01
3.62906906906907854E-03  3.23760859779502141E-01
3.63903903903904863E-03  3.24433493429046649E-01
3.64900900900901872E-03  3.25106127078591156E-01
3.65897897897898838E-03  3.25778760728135663E-01
3.66894894894895848E-03  3.26451394377680226E-01
3.67891891891892857E-03  3.27124028027224734E-01
3.68888888888889866E-03  3.27796661676769241E-01
3.69885885885886832E-03  3.28469295326313748E-01
3.70882882882883841E-03  3.29141928975858256E-01
3.71879879879880850E-03  3.29814562625402818E-01
3.72876876876877860E-03  3.30487196274947326E-01
3.73873873873874869E-03  3.31159829924491833E-01
3.74870870870871835E-03  3.31832463574036340E-01
3.75867867867868844E-03  3.32505097223580848E-01
3.76864864864865853E-03  3.33177730873125411E-01
3.77861861861862863E-03  3.33850364522669918E-01
3.78858858858859828E-03  3.34522998172214425E-01
3.79855855855856838E-03  3.35195631821758933E-01
3.80852852852853847E-03  3.35868265471303440E-01
3.81849849849850856E-03  3.36540899120848003E-01
3.82846846846847822E-03  3.37213532770392455E-01
3.83843843843844831E-03  3.37886166419937017E-01
3.84840840840841841E-03  3.38558800069481525E-01
3.85837837837838850E-03  3.39231433719026032E-01
3.86834834834835859E-03  3.39904067368570595E-01
3.87831831831832825E-03  3.40576701018115047E-01
3.88828828828829834E-03  3.41249334667659610E-01
3.89825825825826843E-03  3.41921968317204117E-01
3.90822822822823809E-03  3.42594601966748624E-01
3.91819819819820819E-03  3.43267235616293132E-01
3.92816816816817828E-03  3.43939869265837639E-01
3.93813813813814837E-03  3.44612502915382202E-01
3.94810810810811846E-03  3.45285136564926709E-01
3.95807807807808856E-03  3.45957770214471216E-01
3.96804804804805865E-03  3.46630403864015779E-01
3.97801801801802874E-03  3.47303037513560287E-01
3.98798798798799797E-03  3.47975671163104738E-01
3.99795795795796806E-03  3.48648304812649301E-01
4.00792792792793815E-03  3.49320938462193809E-01
4.01789789789790824E-03  3.49993572111738316E-01
4.02786786786787834E-03  3.50666205761282823E-01
4.03783783783784843E-03  3.51338839410827386E-01
4.04780780780781852E-03  3.52011473060371893E-01
4.05777777777778861E-03  3.52684106709916401E-01
4.06774774774775871E-03  3.53356740359460963E-01
4.07771771771772793E-03  3.54029374009005415E-01
4.08768768768769802E-03  3.54702007658549923E-01
4.09765765765766812E-03  3.55374641308094430E-01
4.10762762762763821E-03  3.56047274957638993E-01
4.11759759759760830E-03  3.56719908607183500E-01
4.12756756756757839E-03  3.57392542256728007E-01
4.13753753753754849E-03  3.58065175906272570E-01
4.14750750750751858E-03  3.58737809555817078E-01
4.15747747747748867E-03  3.59410443205361585E-01
4.16744744744745790E-03  3.60083076854906092E-01
4.17741741741742799E-03  3.60755710504450600E-01
4.18738738738739808E-03  3.61428344153995107E-01
4.19735735735736817E-03  3.62100977803539614E-01
4.20732732732733827E-03  3.62773611453084177E-01
4.21729729729730836E-03  3.63446245102628684E-01
4.22726726726727845E-03  3.64118878752173192E-01
4.23723723723724854E-03  3.64791512401717755E-01
4.24720720720721864E-03  3.65464146051262262E-01
4.25717717717718786E-03  3.66136779700806714E-01
4.26714714714715795E-03  3.66809413350351221E-01
4.27711711711712805E-03  3.67482046999895784E-01
4.28708708708709814E-03  3.68154680649440291E-01
4.29705705705706823E-03  3.68827314298984799E-01
4.30702702702703832E-03  3.69499947948529361E-01
4.31699699699700842E-03  3.70172581598073869E-01
4.32696696696697851E-03  3.70845215247618376E-01
4.33693693693694860E-03  3.71517848897162939E-01
4.34690690690691783E-03  3.72190482546707391E-01
4.35687687687688792E-03  3.72863116196251898E-01
4.36684684684685801E-03  3.73535749845796405E-01
4.37681681681682810E-03  3.74208383495340968E-01
4.38678678678679820E-03  3.74881017144885476E-01
4.39675675675676829E-03  3.75553650794429983E-01
4.40672672672673838E-03  3.76226284443974546E-01
4.41669669669670847E-03  3.76898918093519053E-01
4.42666666666667857E-03  3.77571551743063560E-01
4.43663663663664779E-03  3.78244185392608068E-01
4.44660660660661788E-03  3.78916819042152575E-01
4.45657657657658798E-03  3.79589452691697082E-01
4.46654654654655807E-03  3.80262086341241590E-01
4.47651651651652816E-03  3.80934719990786153E-01
4.48648648648649825E-03  3.81607353640330660E-01
4.49645645645646835E-03  3.82279987289875167E-01
4.50642642642643844E-03  3.82952620939419730E-01
4.51639639639640853E-03  3.83625254588964237E-01
4.52636636636637776E-03  3.84297888238508689E-01
4.53633633633634785E-03  3.84970521888053197E-01
4.54630630630631794E-03  3.85643155537597759E-01
4.55627627627628803E-03  3.86315789187142267E-01
4.56624624624625813E-03  3.86988422836686774E-01
4.57621621621622822E-03  3.87661056486231337E-01
4.58618618618619831E-03  3.88333690135775844E-01
4.59615615615616840E-03  3.89006323785320351E-01
4.60612612612613850E-03  3.89678957434864914E-01
4.61609609609610772E-03  3.90351591084409366E-01
4.62606606606607781E-03  3.91024224733953873E-01
4.63603603603604791E-03  3.91696858383498381E-01
4.64600600600601800E-03  3.92369492033042944E-01
4.65597597597598809E-03  3.93042125682587451E-01
4.66594594594595818E-03  3.93714759332131958E-01
4.67591591591592828E-03  3.94387392981676521E-01
4.68588588588589837E-03  3.95060026631221028E-01
4.69585585585586846E-03  3.95732660280765536E-01
4.70582582582583769E-03  3.96405293930309988E-01
4.71579579579580778E-03  3.97077927579854550E-01
4.72576576576577787E-03  3.97750561229399058E-01
4.73573573573574796E-03  3.98423194878943565E-01
4.74570570570571806E-03  3.99095828528488128E-01
4.75567567567568815E-03  3.99768462178032635E-01
4.76564564564565824E-03  4.00441095827577143E-01
4.77561561561562833E-03  4.01113729477121705E-01
4.78558558558559843E-03  4.01786363126666213E-01
4.79555555555556765E-03  4.02458996776210665E-01
4.80552552552553774E-03  4.03131630425755172E-01
4.81549549549550784E-03  4.03804264075299735E-01
4.82546546546547793E-03  4.04476897724844242E-01
4.83543543543544802E-03  4.05149531374388749E-01
4.84540540540541811E-03  4.05822165023933312E-01
4.85537537537538821E-03  4.06494798673477820E-01
4.86534534534535830E-03  4.07167432323022327E-01
4.87531531531532839E-03  4.07840065972566890E-01
4.88528528528529762E-03  4.08512699622111342E-01
4.89525525525526771E-03  4.09185333271655849E-01
4.90522522522523780E-03  4.09857966921200356E-01
4.91519519519520789E-03  4.10530600570744919E-01
4.92516516516517799E-03  4.11203234220289426E-01
4.93513513513514808E-03  4.11875867869833934E-01
4.94510510510511817E-03  4.12548501519378497E-01
4.95507507507508826E-03  4.13221135168923004E-01
4.96504504504505836E-03  4.13893768818467511E-01
4.97501501501502758E-03  4.14566402468011963E-01
4.98498498498499767E-03  4.15239036117556526E-01
4.99495495495496777E-03  4.15911669767101033E-01
5.00492492492493786E-03  4.16584303416645541E-01
5.01489489489490795E-03  4.17256937066190103E-01
5.02486486486487804E-03  4.17929570715734611E-01
5.03483483483484814E-03  4.18602204365279118E-01
5.04480480480481823E-03  4.19274838014823681E-01
5.05477477477478832E-03  4.19947471664368188E-01
5.06474474474475755E-03  4.20620105313912640E-01
5.07471471471472764E-03  4.21292738963457147E-01
5.08468468468469773E-03  4.21965372613001710E-01
5.09465465465466782E-03  4.22638006262546218E-01
5.10462462462463792E-03  4.23310639912090725E-01
5.11459459459460801E-03  4.23983273561635288E-01
5.12456456456457810E-03  4.24655907211179795E-01
5.13453453453454819E-03  4.25328540860724302E-01
5.14450450450451829E-03  4.26001174510268865E-01
5.15447447447448751E-03  4.26673808159813317E-01
5.16444444444445760E-03  4.27346441809357824E-01
5.17441441441442770E-03  4.28019075458902332E-01
5.18438438438439779E-03  4.28691709108446894E-01
5.19435435435436788E-03  4.29364342757991402E-01
5.20432432432433797E-03  4.30036976407535909E-01
5.21429429429430807E-03  4.30709610057080472E-01
5.22426426426427816E-03  4.31382243706624979E-01
5.23423423423424825E-03  4.32054877356169487E-01
5.24420420420421748E-03  4.32727511005713938E-01
5.25417417417418757E-03  4.33400144655258501E-01
5.26414414414415766E-03  4.34072778304803009E-01
5.27411411411412775E-03  4.34745411954347516E-01
5.28408408408409785E-03  4.35418045603892079E-01
5.29405405405406794E-03  4.36090679253436586E-01
5.30402402402403803E-03  4.36763312902981093E-01
5.31399399399400812E-03  4.37435946552525656E-01
5.32396396396397822E-03  4.38108580202070164E-01
5.33393393393394744E-03  4.38781213851614615E-01
5.34390390390391753E-03  4.39453847501159123E-01
5.35387387387388763E-03  4.40126481150703686E-01
5.36384384384385772E-03  4.40799114800248193E-01
5.37381381381382781E-03  4.41471748449792700E-01
5.38378378378379790E-03  4.42144382099337263E-01
5.39375375375376800E-03  4.42817015748881770E-01
5.40372372372373809E-03  4.43489649398426278E-01
5.41369369369370818E-03  4.44162283047970841E-01
5.42366366366367741E-03  4.44834916697515292E-01
5.43363363363364750E-03  4.45507550347059800E-01
5.44360360360361759E-03  4.46180183996604307E-01
5.45357357357358769E-03  4.46852817646148870E-01
5.46354354354355778E-03  4.47525451295693377E-01
5.47351351351352787E-03  4.48198084945237885E-01
5.48348348348349796E-03  4.48870718594782447E-01
5.49345345345346805E-03  4.49543352244326955E-01
5.50342342342343815E-03  4.50215985893871462E-01
5.51339339339340737E-03  4.50888619543415914E-01
5.52336336336337747E-03  4.51561253192960477E-01
5.53333333333334756E-03  4.52233886842504984E-01
5.54330330330331765E-03  4.52906520492049491E-01
5.55327327327328774E-03  4.53579154141594054E-01
5.56324324324325784E-03  4.54251787791138562E-01
5.57321321321322793E-03  4.54924421440683069E-01
5.58318318318319802E-03  4.55597055090227632E-01
5.59315315315316811E-03  4.56269688739772139E-01
5.60312312312313734E-03  4.56942322389316591E-01
5.61309309309310743E-03  4.57614956038861098E-01
5.62306306306307752E-03  4.58287589688405661E-01
5.63303303303304762E-03  4.58960223337950168E-01
5.64300300300301771E-03  4.59632856987494676E-01
5.65297297297298780E-03  4.60237874210465525E-01
5.66294294294295789E-03  4.60742822246163697E-01
5.67291291291292799E-03  4.61247770281861869E-01
5.68288288288289808E-03  4.61752718317559985E-01
5.69285285285286730E-03  4.62257666353258101E-01
5.70282282282283740E-03  4.62762614388956273E-01
5.71279279279280749E-03  4.63267562424654444E-01
5.72276276276277758E-03  4.63772510460352561E-01
5.73273273273274767E-03  4.64277458496050732E-01
5.74270270270271777E-03  4.64782406531748904E-01
5.75267267267268786E-03  4.65287354567447020E-01
5.76264264264265795E-03  4.65792302603145192E-01
5.77261261261262804E-03  4.66297250638843364E-01
5.78258258258259727E-03  4.66802198674541480E-01
5.79255255255256736E-03  4.67307146710239596E-01
5.80252252252253745E-03  4.67812094745937768E-01
5.81249249249250755E-03  4.68317042781635939E-01
5.82246246246247764E-03  4.68821990817334056E-01
5.83243243243244773E-03  4.69326938853032227E-01
5.84240240240241782E-03  4.69831886888730399E-01
5.85237237237238792E-03  4.70336834924428515E-01
5.86234234234235801E-03  4.70841782960126687E-01
5.87231231231232723E-03  4.71346730995824803E-01
5.88228228228229733E-03  4.71851679031522975E-01
5.89225225225226742E-03  4.72356627067221091E-01
5.90222222222223751E-03  4.72861575102919263E-01
5.91219219219220760E-03  4.73366523138617434E-01
5.92216216216217770E-03  4.73871471174315606E-01
5.93213213213214779E-03  4.74376419210013722E-01
5.94210210210211788E-03  4.74881367245711894E-01
5.95207207207208797E-03  4.75386315281410066E-01
5.96204204204205720E-03  4.75891263317108126E-01
5.97201201201202729E-03  4.76396211352806298E-01
5.98198198198199738E-03  4.76901159388504470E-01
5.99195195195196748E-03  4.77406107424202641E-01
6.00192192192193757E-03  4.77911055459900758E-01
6.01189189189190766E-03  4.78416003495598929E-01
6.02186186186187775E-03  4.78920951531297101E-01
6.03183183183184785E-03  4.79425899566995217E-01
6.04180180180181794E-03  4.79930847602693389E-01
6.05177177177178716E-03  4.80435795638391505E-01
6.06174174174175726E-03  4.80940743674089677E-01
6.07171171171172735E-03  4.81445691709787793E-01
6.08168168168169744E-03  4.81950639745485965E-01
6.09165165165166753E-03  4.82455587781184136E-01
6.10162162162163763E-03  4.82960535816882253E-01
6.11159159159160772E-03  4.83465483852580424E-01
6.12156156156157781E-03  4.83970431888278596E-01
6.13153153153154790E-03  4.84475379923976712E-01
6.14150150150151713E-03  4.84980327959674828E-01
6.15147147147148722E-03  4.85485275995373000E-01
6.16144144144145731E-03  4.85990224031071172E-01
6.17141141141142741E-03  4.86495172066769288E-01
6.18138138138139750E-03  4.87000120102467460E-01
6.19135135135136759E-03  4.87505068138165631E-01
6.20132132132133768E-03  4.88010016173863748E-01
6.21129129129130778E-03  4.88514964209561919E-01
6.22126126126127787E-03  4.89019912245260091E-01
6.23123123123124709E-03  4.89524860280958207E-01
6.24120120120121719E-03  4.90029808316656323E-01
6.25117117117118728E-03  4.90534756352354495E-01
6.26114114114115737E-03  4.91039704388052667E-01
6.27111111111112746E-03  4.91544652423750839E-01
6.28108108108109756E-03  4.92049600459448955E-01
6.29105105105106765E-03  4.92554548495147126E-01
6.30102102102103774E-03  4.93059496530845298E-01
6.31099099099100783E-03  4.93564444566543414E-01
6.32096096096097706E-03  4.94069392602241531E-01
6.33093093093094715E-03  4.94574340637939702E-01
6.34090090090091724E-03  4.95079288673637874E-01
6.35087087087088734E-03  4.95584236709335990E-01
6.36084084084085743E-03  4.96089184745034162E-01
6.37081081081082752E-03  4.96594132780732334E-01
6.38078078078079761E-03  4.97099080816430450E-01
6.39075075075076771E-03  4.97604028852128621E-01
6.40072072072073780E-03  4.98108976887826793E-01
6.41069069069070702E-03  4.98613924923524909E-01
6.42066066066067712E-03  4.99118872959223026E-01
6.43063063063064721E-03  4.99623820994921197E-01
6.44060060060061730E-03  5.00128769030619313E-01
6.45057057057058739E-03  5.00633717066317541E-01
6.46054054054055749E-03  5.01138665102015657E-01
6.47051051051052758E-03  5.01643613137713773E-01
6.48048048048049767E-03  5.02148561173412000E-01
6.49045045045046776E-03  5.02653509209110116E-01
6.50042042042043699E-03  5.03158457244808233E-01
6.51039039039040708E-03  5.03663405280506460E-01
6.52036036036037717E-03  5.04168353316204465E-01
6.53033033033034727E-03  5.04673301351902692E-01
6.54030030030031736E-03  5.05178249387600919E-01
6.55027027027028745E-03  5.05683197423298925E-01
6.56024024024025754E-03  5.06188145458997152E-01
6.57021021021022764E-03  5.06693093494695379E-01
6.58018018018019773E-03  5.07198041530393495E-01
6.59015015015016695E-03  5.07702989566091611E-01
6.60012012012013705E-03  5.08207937601789728E-01
6.61009009009010714E-03  5.08712885637487844E-01
6.62006006006007723E-03  5.09217833673186071E-01
6.63003003003004732E-03  5.09722781708884187E-01
6.64000000000001742E-03  5.10227729744582303E-01
6.64996996996998751E-03  5.10732677780280531E-01
6.65993993993995760E-03  5.11237625815978647E-01
6.66990990990992769E-03  5.11742573851676763E-01
6.67987987987989692E-03  5.12247521887374990E-01
6.68984984984986701E-03  5.12752469923073106E-01
6.69981981981983710E-03  5.13257417958771223E-01
6.70978978978980720E-03  5.13762365994469450E-01
6.71975975975977729E-03  5.14267314030167566E-01
6.72972972972974738E-03  5.14772262065865682E-01
6.73969969969971747E-03  5.15277210101563909E-01
6.74966966966968757E-03  5.15782158137262026E-01
6.75963963963965766E-03  5.16287106172960142E-01
6.76960960960962688E-03  5.16792054208658258E-01
6.77957957957959698E-03  5.17297002244356374E-01
6.78954954954956707E-03  5.17801950280054601E-01
6.79951951951953716E-03  5.18306898315752718E-01
6.80948948948950725E-03  5.18811846351450834E-01
6.81945945945947735E-03  5.19316794387149061E-01
6.82942942942944744E-03  5.19821742422847177E-01
6.83939939939941753E-03  5.20326690458545293E-01
6.84936936936938762E-03  5.20831638494243521E-01
6.85933933933935685E-03  5.21336586529941637E-01
6.86930930930932694E-03  5.21841534565639753E-01
6.87927927927929703E-03  5.22346482601337980E-01
6.88924924924926713E-03  5.22851430637036096E-01
6.89921921921923722E-03  5.23356378672734213E-01
6.90918918918920731E-03  5.23861326708432440E-01
6.91915915915917740E-03  5.24366274744130556E-01
6.92912912912914750E-03  5.24871222779828672E-01
6.93909909909911759E-03  5.25376170815526899E-01
6.94906906906908681E-03  5.25881118851224905E-01
6.95903903903905691E-03  5.26386066886923132E-01
6.96900900900902700E-03  5.26891014922621248E-01
6.97897897897899709E-03  5.27395962958319364E-01
6.98894894894896718E-03  5.27900910994017591E-01
6.99891891891893728E-03  5.28405859029715819E-01
7.00888888888890737E-03  5.28910807065413824E-01
7.01885885885887746E-03  5.29415755101112051E-01
7.02882882882884755E-03  5.29920703136810278E-01
7.03879879879881678E-03  5.30425651172508283E-01
7.04876876876878687E-03  5.30930599208206511E-01
7.05873873873875696E-03  5.31435547243904627E-01
7.06870870870872706E-03  5.31940495279602743E-01
7.07867867867869715E-03  5.32445443315300970E-01
7.08864864864866724E-03  5.32950391350999086E-01
7.09861861861863733E-03  5.33455339386697203E-01
7.10858858858860743E-03  5.33960287422395430E-01
7.11855855855857752E-03  5.34465235458093546E-01
7.12852852852854674E-03  5.34970183493791662E-01
7.13849849849851684E-03  5.35475131529489889E-01
7.14846846846848693E-03  5.35980079565187895E-01
7.15843843843845702E-03  5.36485027600886122E-01
7.16840840840842711E-03  5.36989975636584349E-01
7.17837837837839721E-03  5.37494923672282354E-01
7.18834834834836730E-03  5.37999871707980581E-01
7.19831831831833739E-03  5.38504819743678809E-01
7.20828828828830748E-03  5.39009767779376814E-01
7.21825825825827671E-03  5.39514715815075041E-01
7.22822822822824680E-03  5.40019663850773157E-01
7.23819819819821689E-03  5.40524611886471273E-01
7.24816816816818699E-03  5.41029559922169501E-01
7.25813813813815708E-03  5.41534507957867617E-01
7.26810810810812717E-03  5.42039455993565733E-01
7.27807807807809726E-03  5.42544404029263960E-01
7.28804804804806736E-03  5.43049352064962076E-01
7.29801801801803745E-03  5.43554300100660193E-01
7.30798798798800667E-03  5.44059248136358420E-01
7.31795795795797677E-03  5.44564196172056425E-01
7.32792792792794686E-03  5.45069144207754652E-01
7.33789789789791695E-03  5.45574092243452879E-01
7.34786786786788704E-03  5.46079040279150996E-01
7.35783783783785714E-03  5.46583988314849112E-01
7.36780780780782723E-03  5.47088936350547339E-01
7.37777777777779732E-03  5.47593884386245455E-01
7.38774774774776741E-03  5.48098832421943571E-01
7.39771771771773664E-03  5.48603780457641688E-01
7.40768768768770673E-03  5.49108728493339804E-01
7.41765765765767682E-03  5.49613676529038031E-01
7.42762762762764692E-03  5.50118624564736147E-01
7.43759759759761701E-03  5.50623572600434263E-01
7.44756756756758710E-03  5.51128520636132491E-01
7.45753753753755719E-03  5.51633468671830607E-01
7.46750750750752729E-03  5.52138416707528723E-01
7.47747747747749738E-03  5.52643364743226950E-01
7.48744744744746660E-03  5.53148312778925066E-01
7.49741741741743670E-03  5.53653260814623183E-01
7.50738738738740679E-03  5.54158208850321410E-01
7.51735735735737688E-03  5.54663156886019526E-01
7.52732732732734697E-03  5.55168104921717642E-01
7.53729729729731707E-03  5.55673052957415869E-01
7.54726726726728716E-03  5.56178000993113986E-01
7.55723723723725725E-03  5.56682949028812102E-01
7.56720720720722734E-03  5.57187897064510329E-01
7.57717717717719657E-03  5.57692845100208334E-01
7.58714714714716666E-03  5.58197793135906561E-01
7.59711711711713675E-03  5.58702741171604678E-01
7.60708708708710685E-03  5.59207689207302794E-01
7.61705705705707694E-03  5.59712637243001021E-01
7.62702702702704703E-03  5.60217585278699137E-01
7.63699699699701712E-03  5.60722533314397253E-01
7.64696696696698722E-03  5.61227481350095481E-01
7.65693693693695644E-03  5.61732429385793597E-01
7.66690690690692653E-03  5.62237377421491713E-01
7.67687687687689663E-03  5.62742325457189940E-01
7.68684684684686672E-03  5.63247273492888056E-01
7.69681681681683681E-03  5.63752221528586173E-01
7.70678678678680690E-03  5.64257169564284400E-01
7.71675675675677700E-03  5.64762117599982516E-01
7.72672672672674709E-03  5.65267065635680632E-01
7.73669669669671718E-03  5.65772013671378859E-01
7.74666666666668641E-03  5.66276961707076865E-01
7.75663663663665650E-03  5.66781909742775092E-01
7.76660660660662659E-03  5.67286857778473319E-01
7.77657657657659668E-03  5.67791805814171324E-01
7.78654654654656678E-03  5.68296753849869551E-01
7.79651651651653687E-03  5.68801701885567779E-01
7.80648648648650696E-03  5.69306649921265784E-01
7.81645645645647619E-03  5.69811597956964011E-01
7.82642642642644715E-03  5.70316545992662238E-01
7.83639639639641637E-03  5.70821494028360243E-01
7.84636636636638733E-03  5.71326442064058471E-01
7.85633633633635656E-03  5.71831390099756587E-01
7.86630630630632752E-03  5.72336338135454703E-01
7.87627627627629674E-03  5.72841286171152930E-01
7.88624624624626597E-03  5.73346234206850935E-01
7.89621621621623693E-03  5.73851182242549163E-01
7.90618618618620615E-03  5.74356130278247390E-01
7.91615615615617711E-03  5.74861078313945506E-01
7.92612612612614634E-03  5.75366026349643622E-01
7.93609609609611730E-03  5.75870974385341849E-01
7.94606606606608652E-03  5.76375922421039855E-01
7.95603603603605748E-03  5.76880870456738082E-01
7.96600600600602671E-03  5.77385818492436309E-01
7.97597597597599593E-03  5.77890766528134314E-01
7.98594594594596689E-03  5.78395714563832541E-01
7.99591591591593612E-03  5.78900662599530658E-01
8.00588588588590708E-03  5.79405610635228885E-01
8.01585585585587630E-03  5.79910558670927001E-01
8.02582582582584726E-03  5.80415506706625228E-01
8.03579579579581649E-03  5.80920454742323233E-01
8.04576576576578745E-03  5.81425402778021461E-01
8.05573573573575667E-03  5.81930350813719577E-01
8.06570570570572590E-03  5.82435298849417693E-01
8.07567567567569686E-03  5.82940246885115920E-01
8.08564564564566608E-03  5.83445194920813925E-01
8.09561561561563704E-03  5.83950142956512153E-01
8.10558558558560627E-03  5.84455090992210380E-01
8.11555555555557723E-03  5.84960039027908496E-01
8.12552552552554645E-03  5.85464987063606612E-01
8.13549549549551741E-03  5.85969935099304839E-01
8.14546546546548664E-03  5.86474883135002956E-01
8.15543543543545586E-03  5.86979831170701072E-01
8.16540540540542682E-03  5.87484779206399299E-01
8.17537537537539605E-03  5.87989727242097304E-01
8.18534534534536701E-03  5.88494675277795531E-01
8.19531531531533623E-03  5.88999623313493648E-01
8.20528528528530719E-03  5.89504571349191875E-01
8.21525525525527642E-03  5.90009519384889991E-01
8.22522522522524738E-03  5.90514467420588218E-01
8.23519519519521660E-03  5.91019415456286223E-01
8.24516516516518583E-03  5.91524363491984451E-01
8.25513513513515679E-03  5.92029311527682567E-01
8.26510510510512601E-03  5.92534259563380683E-01
8.27507507507509697E-03  5.93039207599078910E-01
8.28504504504506620E-03  5.93544155634777026E-01
8.29501501501503716E-03  5.94049103670475143E-01
8.30498498498500638E-03  5.94554051706173370E-01
8.31495495495497734E-03  5.95058999741871597E-01
8.32492492492494657E-03  5.95563947777569602E-01
8.33489489489491579E-03  5.96068895813267718E-01
8.34486486486488675E-03  5.96573843848965946E-01
8.35483483483485598E-03  5.97078791884664062E-01
8.36480480480482694E-03  5.97583739920362289E-01
8.37477477477479616E-03  5.98088687956060294E-01
8.38474474474476712E-03  5.98593635991758521E-01
8.39471471471473635E-03  5.99098584027456638E-01
8.40468468468470731E-03  5.99603532063154865E-01
8.41465465465467653E-03  6.00108480098852981E-01
8.42462462462464576E-03  6.00613428134551097E-01
8.43459459459461672E-03  6.01118376170249213E-01
8.44456456456458594E-03  6.01623324205947441E-01
8.45453453453455690E-03  6.02128272241645668E-01
8.46450450450452613E-03  6.02633220277343673E-01
8.47447447447449709E-03  6.03138168313041900E-01
8.48444444444446631E-03  6.03643116348740016E-01
8.49441441441443727E-03  6.04148064384438133E-01
8.50438438438440650E-03  6.04653012420136360E-01
8.51435435435437572E-03  6.05157960455834365E-01
8.52432432432434668E-03  6.05662908491532592E-01
8.53429429429431591E-03  6.06167856527230819E-01
8.54426426426428687E-03  6.06672804562928936E-01
8.55423423423425609E-03  6.07177752598627052E-01
8.56420420420422705E-03  6.07682700634325279E-01
8.57417417417419628E-03  6.08187648670023284E-01
8.58414414414416724E-03  6.08692596705721511E-01
8.59411411411413646E-03  6.09197544741419739E-01
8.60408408408410569E-03  6.09702492777117744E-01
8.61405405405407665E-03  6.10207440812815971E-01
8.62402402402404587E-03  6.10712388848514087E-01
8.63399399399401683E-03  6.11217336884212203E-01
8.64396396396398606E-03  6.11722284919910431E-01
8.65393393393395702E-03  6.12227232955608658E-01
8.66390390390392624E-03  6.12732180991306663E-01
8.67387387387389720E-03  6.13237129027004890E-01
8.68384384384386643E-03  6.13742077062703006E-01
8.69381381381383565E-03  6.14247025098401123E-01
8.70378378378380661E-03  6.14751973134099350E-01
8.71375375375377584E-03  6.15256921169797355E-01
8.72372372372374680E-03  6.15761869205495582E-01
8.73369369369371602E-03  6.16266817241193809E-01
8.74366366366368698E-03  6.16771765276891926E-01
8.75363363363365621E-03  6.17276713312590042E-01
8.76360360360362717E-03  6.17781661348288269E-01
8.77357357357359639E-03  6.18286609383986274E-01
8.78354354354356562E-03  6.18791557419684501E-01
8.79351351351353658E-03  6.19296505455382729E-01
8.80348348348350580E-03  6.19801453491080734E-01
8.81345345345347676E-03  6.20306401526778961E-01
8.82342342342344599E-03  6.20811349562477077E-01
8.83339339339341695E-03  6.21316297598175304E-01
8.84336336336338617E-03  6.21821245633873421E-01
8.85333333333335713E-03  6.22326193669571648E-01
8.86330330330332636E-03  6.22831141705269653E-01
8.87327327327329558E-03  6.23336089740967880E-01
8.88324324324326654E-03  6.23841037776665996E-01
8.89321321321323577E-03  6.24345985812364113E-01
8.90318318318320673E-03  6.24850933848062340E-01
8.91315315315317595E-03  6.25355881883760456E-01
8.92312312312314691E-03  6.25860829919458572E-01
8.93309309309311614E-03  6.26365777955156799E-01
8.94306306306308710E-03  6.26870725990854916E-01
8.95303303303305632E-03  6.27375674026553032E-01
8.96300300300302555E-03  6.27880622062251148E-01
8.97297297297299651E-03  6.28385570097949375E-01
8.98294294294296573E-03  6.28890518133647491E-01
8.99291291291293669E-03  6.29395466169345719E-01
9.00288288288290592E-03  6.29900414205043724E-01
9.01285285285287688E-03  6.30405362240741951E-01
9.02282282282284610E-03  6.30910310276440067E-01
9.03279279279281706E-03  6.31415258312138294E-01
9.04276276276278629E-03  6.31920206347836411E-01
9.05273273273275551E-03  6.32425154383534527E-01
9.06270270270272647E-03  6.32930102419232643E-01
9.07267267267269570E-03  6.33435050454930870E-01
9.08264264264266666E-03  6.33939998490629097E-01
9.09261261261263588E-03  6.34444946526327103E-01
9.10258258258260684E-03  6.34949894562025330E-01
9.11255255255257607E-03  6.35454842597723446E-01
9.12252252252254703E-03  6.35959790633421562E-01
9.13249249249251625E-03  6.36464738669119789E-01
9.14246246246248548E-03  6.36969686704817795E-01
9.15243243243245644E-03  6.37474634740516022E-01
9.16240240240242566E-03  6.37979582776214138E-01
9.17237237237239662E-03  6.38484530811912365E-01
9.18234234234236585E-03  6.38989478847610481E-01
9.19231231231233681E-03  6.39494426883308709E-01
9.20228228228230603E-03  6.39999374919006714E-01
9.21225225225227699E-03  6.40504322954704941E-01
9.22222222222224622E-03  6.41009270990403168E-01
9.23219219219221544E-03  6.41514219026101173E-01
9.24216216216218640E-03  6.42019167061799401E-01
9.25213213213215563E-03  6.42524115097497517E-01
9.26210210210212659E-03  6.43029063133195633E-01
9.27207207207209581E-03  6.43534011168893860E-01
9.28204204204206677E-03  6.44038959204592087E-01
9.29201201201203600E-03  6.44543907240290093E-01
9.30198198198200696E-03  6.45048855275988320E-01
9.31195195195197618E-03  6.45553803311686436E-01
9.32192192192194541E-03  6.46058751347384552E-01
9.33189189189191637E-03  6.46563699383082779E-01
9.34186186186188559E-03  6.47068647418780785E-01
9.35183183183185655E-03  6.47573595454479012E-01
9.36180180180182578E-03  6.48078543490177239E-01
9.37177177177179674E-03  6.48583491525875355E-01
9.38174174174176596E-03  6.49088439561573471E-01
9.39171171171173692E-03  6.49593387597271699E-01
9.40168168168170615E-03  6.50098335632969704E-01
9.41165165165167537E-03  6.50603283668667931E-01
9.42162162162164633E-03  6.51108231704366158E-01
9.43159159159161556E-03  6.51613179740064163E-01
9.44156156156158652E-03  6.52118127775762391E-01
9.45153153153155574E-03  6.52623075811460507E-01
9.46150150150152670E-03  6.53128023847158734E-01
9.47147147147149593E-03  6.53632971882856850E-01
9.48144144144146689E-03  6.54137919918555077E-01
9.49141141141143611E-03  6.54642867954253083E-01
9.50138138138140534E-03  6.55147815989951310E-01
9.51135135135137630E-03  6.55652764025649426E-01
9.52132132132134552E-03  6.56157712061347542E-01
9.53129129129131648E-03  6.56662660097045769E-01
9.54126126126128571E-03  6.57167608132743775E-01
9.55123123123125667E-03  6.57672556168442002E-01
9.56120120120122589E-03  6.58177504204140229E-01
9.57117117117119685E-03  6.58682452239838345E-01
9.58114114114116608E-03  6.59187400275536461E-01
9.59111111111113530E-03  6.59692348311234578E-01
9.60108108108110626E-03  6.60197296346932805E-01
9.61105105105107549E-03  6.60702244382630921E-01
9.62102102102104645E-03  6.61207192418329148E-01
9.63099099099101567E-03  6.61712140454027153E-01
9.64096096096098663E-03  6.62217088489725381E-01
9.65093093093095586E-03  6.62722036525423497E-01
9.66090090090092682E-03  6.63226984561121724E-01
9.67087087087089604E-03  6.63731932596819840E-01
9.68084084084086527E-03  6.64236880632517956E-01
9.69081081081083623E-03  6.64741828668216073E-01
9.70078078078080545E-03  6.65246776703914300E-01
9.71075075075077641E-03  6.65751724739612416E-01
9.72072072072074564E-03  6.66256672775310532E-01
9.73069069069071660E-03  6.66761620811008759E-01
9.74066066066068582E-03  6.67266568846706876E-01
9.75063063063065678E-03  6.67771516882404992E-01
9.76060060060062601E-03  6.68276464918103219E-01
9.77057057057059523E-03  6.68781412953801224E-01
9.78054054054056619E-03  6.69286360989499451E-01
9.79051051051053542E-03  6.69791309025197568E-01
9.80048048048050638E-03  6.70296257060895795E-01
9.81045045045047560E-03  6.70801205096593911E-01
9.82042042042044656E-03  6.71306153132292138E-01
9.83039039039041579E-03  6.71811101167990143E-01
9.84036036036038675E-03  6.72316049203688371E-01
9.85033033033035597E-03  6.72820997239386487E-01
9.86030030030032520E-03  6.73325945275084603E-01
9.87027027027029616E-03  6.73830893310782830E-01
9.88024024024026538E-03  6.74335841346480946E-01
9.89021021021023634E-03  6.74840789382179174E-01
9.90018018018020557E-03  6.75345737417877290E-01
9.91015015015017653E-03  6.75850685453575406E-01
9.92012012012014575E-03  6.76355633489273522E-01
9.93009009009011671E-03  6.76860581524971749E-01
9.94006006006008594E-03  6.77365529560669866E-01
9.95003003003005516E-03  6.77870477596367982E-01
9.96000000000002612E-03  6.78375425632066209E-01
