0.00000000000000000E+00  0.00000000000000000E+00
9.96996996996998916E-06  5.59045913127103646E-03
1.99399399399399783E-05  1.11809182625420729E-02
2.99099099099099658E-05  1.67713773938131076E-02
3.98798798798799566E-05  2.23618365250841458E-02
4.98498498498499475E-05  2.79522956563551805E-02
5.98198198198199315E-05  3.35427547876262153E-02
6.97897897897899292E-05  3.91332139188972569E-02
7.97597597597599132E-05  4.47236730501682916E-02
8.97297297297298973E-05  5.03141321814393194E-02
9.96996996996998949E-05  5.59045913127103611E-02
1.09669669669669879E-04  6.14950504439813958E-02
1.19639639639639863E-04  6.70855095752524305E-02
1.29609609609609847E-04  7.26759687065234583E-02
1.39579579579579858E-04  7.82664278377945138E-02
1.49549549549549842E-04  8.38568869690655416E-02
1.59519519519519826E-04  8.94473461003365833E-02
1.69489489489489811E-04  8.98855486982344937E-02
1.79459459459459795E-04  9.00628775476073340E-02
1.89429429429429806E-04  9.02402063969801743E-02
1.99399399399399790E-04  9.04175352463530146E-02
2.09369369369369774E-04  9.05948640957258550E-02
2.19339339339339758E-04  9.07721929450986953E-02
2.29309309309309742E-04  9.09495217944715356E-02
2.39279279279279726E-04  9.11268506438443759E-02
2.49249249249249710E-04  9.13041794932172163E-02
2.59219219219219694E-04  9.14815083425900566E-02
2.69189189189189733E-04  9.16588371919628969E-02
2.79159159159159717E-04  9.18361660413357372E-02
2.89129129129129701E-04  9.20134948907085776E-02
2.99099099099099685E-04  9.21908237400814179E-02
3.09069069069069669E-04  9.23681525894542582E-02
3.19039039039039653E-04  9.25454814388270985E-02
3.29009009009009637E-04  9.27228102881999527E-02
3.38978978978979621E-04  9.29001391375727931E-02
3.48948948948949605E-04  9.30774679869456334E-02
3.58918918918919589E-04  9.32547968363184737E-02
3.68888888888889573E-04  9.34321256856913140E-02
3.78858858858859612E-04  9.36094545350641544E-02
3.88828828828829596E-04  9.37867833844369947E-02
3.98798798798799580E-04  9.39641122338098350E-02
4.08768768768769564E-04  9.41414410831826753E-02
4.18738738738739548E-04  9.43187699325555157E-02
4.28708708708709532E-04  9.44960987819283560E-02
4.38678678678679516E-04  9.46734276313011963E-02
4.48648648648649500E-04  9.48507564806740366E-02
4.58618618618619484E-04  9.50280853300468770E-02
4.68588588588589468E-04  9.52054141794197173E-02
4.78558558558559452E-04  9.53827430287925576E-02
4.88528528528529436E-04  9.55600718781653979E-02
4.98498498498499421E-04  9.57374007275382383E-02
5.08468468468469405E-04  9.59147295769110786E-02
5.18438438438439389E-04  9.60920584262839189E-02
5.28408408408409373E-04  9.62693872756567592E-02
5.38378378378379465E-04  9.64467161250296134E-02
5.48348348348349449E-04  9.66240449744024538E-02
5.58318318318319433E-04  9.68013738237752941E-02
5.68288288288289417E-04  9.69787026731481344E-02
5.78258258258259402E-04  9.71560315225209747E-02
5.88228228228229386E-04  9.73333603718938151E-02
5.98198198198199370E-04  9.75106892212666554E-02
6.08168168168169354E-04  9.76880180706394957E-02
6.18138138138139338E-04  9.78653469200123360E-02
6.28108108108109322E-04  9.80426757693851764E-02
6.38078078078079306E-04  9.82200046187580167E-02
6.48048048048049290E-04  9.83973334681308570E-02
6.58018018018019274E-04  9.89136199475101063E-02
6.67987987987989258E-04  9.96792966222101451E-02
6.77957957957959242E-04  1.00444973296910184E-01
6.87927927927929226E-04  1.01210649971610223E-01
6.97897897897899210E-04  1.01976326646310261E-01
7.07867867867869194E-04  1.02742003321010300E-01
7.17837837837839179E-04  1.03507679995710353E-01
7.27807807807809163E-04  1.04273356670410391E-01
7.37777777777779147E-04  1.05039033345110430E-01
7.47747747747749239E-04  1.05804710019810483E-01
7.57717717717719223E-04  1.06570386694510522E-01
7.67687687687689207E-04  1.07336063369210560E-01
7.77657657657659191E-04  1.08101740043910613E-01
7.87627627627629175E-04  1.08867416718610652E-01
7.97597597597599160E-04  1.09633093393310704E-01
8.07567567567569144E-04  1.10398770068010743E-01
8.17537537537539128E-04  1.11164446742710782E-01
8.27507507507509112E-04  1.11930123417410821E-01
8.37477477477479096E-04  1.12695800092110859E-01
8.47447447447449080E-04  1.13461476766810898E-01
8.57417417417419064E-04  1.14227153441510951E-01
8.67387387387389048E-04  1.14992830116210989E-01
8.77357357357359032E-04  1.15758506790911028E-01
8.87327327327329016E-04  1.16524183465611067E-01
8.97297297297299000E-04  1.17289860140311120E-01
9.07267267267268984E-04  1.18055536815011158E-01
9.17237237237238968E-04  1.18821213489711197E-01
9.27207207207208953E-04  1.19586890164411236E-01
9.37177177177178937E-04  1.20352566839111288E-01
9.47147147147148921E-04  1.21118243513811327E-01
9.57117117117118905E-04  1.21883920188511366E-01
9.67087087087088997E-04  1.22649596863211419E-01
9.77057057057058873E-04  1.23415273537911444E-01
9.87027027027028965E-04  1.24180950212611496E-01
9.96996996996998841E-04  1.24946626887311535E-01
1.00696696696696893E-03  1.25712303562011574E-01
1.01693693693693881E-03  1.26477980236711612E-01
1.02690690690690890E-03  1.27243656911411651E-01
1.03687687687687878E-03  1.28009333586111718E-01
1.04684684684684887E-03  1.28775010260811756E-01
1.05681681681681875E-03  1.29540686935511795E-01
1.06678678678678884E-03  1.30306363610211834E-01
1.07675675675675893E-03  1.31072040284911873E-01
1.08672672672672881E-03  1.31837716959611939E-01
1.09669669669669890E-03  1.32603393634311978E-01
1.10666666666666877E-03  1.33369070309012017E-01
1.11663663663663887E-03  1.34134746983712055E-01
1.12660660660660874E-03  1.34900423658412094E-01
1.13657657657657883E-03  1.35666100333112133E-01
1.14654654654654871E-03  1.36431777007812172E-01
1.15651651651651880E-03  1.37197453682512238E-01
1.16648648648648868E-03  1.37963130357212249E-01
1.17645645645645877E-03  1.38728807031912316E-01
1.18642642642642865E-03  1.39494483706612327E-01
1.19639639639639874E-03  1.40260160381312393E-01
1.20636636636636861E-03  1.41025837056012432E-01
1.21633633633633871E-03  1.41791513730712471E-01
1.22630630630630858E-03  1.42557190405412509E-01
1.23627627627627868E-03  1.43322867080112548E-01
1.24624624624624855E-03  1.44088543754812587E-01
1.25621621621621864E-03  1.44854220429512626E-01
1.26618618618618852E-03  1.45619897104212692E-01
1.27615615615615861E-03  1.46385573778912731E-01
1.28612612612612870E-03  1.47151250453612770E-01
1.29609609609609858E-03  1.47916927128312808E-01
1.30606606606606867E-03  1.48682603803012847E-01
1.31603603603603855E-03  1.49448280477712914E-01
1.32600600600600864E-03  1.50213957152412952E-01
1.33597597597597852E-03  1.50979633827112991E-01
1.34594594594594861E-03  1.51745310501813030E-01
1.35591591591591848E-03  1.52510987176513069E-01
1.36588588588588858E-03  1.53276663851213107E-01
1.37585585585585845E-03  1.54042340525913146E-01
1.38582582582582855E-03  1.54808017200613213E-01
1.39579579579579842E-03  1.55573693875313224E-01
1.40576576576576851E-03  1.56339370550013290E-01
1.41573573573573839E-03  1.57105047224713301E-01
1.42570570570570848E-03  1.57870723899413368E-01
1.43567567567567836E-03  1.58636400574113406E-01
1.44564564564564845E-03  1.59402077248813445E-01
1.45561561561561833E-03  1.60167753923513484E-01
1.46558558558558842E-03  1.60933430598213523E-01
1.47555555555555829E-03  1.61699107272913561E-01
1.48552552552552839E-03  1.62464783947613600E-01
1.49549549549549848E-03  1.63230460622313667E-01
1.50546546546546835E-03  1.63996137297013705E-01
1.51543543543543845E-03  1.64761813971713744E-01
1.52540540540540832E-03  1.65527490646413783E-01
1.53537537537537841E-03  1.66293167321113822E-01
1.54534534534534829E-03  1.67058843995813888E-01
1.55531531531531838E-03  1.67824520670513927E-01
1.56528528528528826E-03  1.68590197345213966E-01
1.57525525525525835E-03  1.69355874019914004E-01
1.58522522522522823E-03  1.70121550694614043E-01
1.59519519519519832E-03  1.70887227369314110E-01
1.60516516516516819E-03  1.71652904044014121E-01
1.61513513513513829E-03  1.72418580718714187E-01
1.62510510510510816E-03  1.73184257393414198E-01
1.63507507507507826E-03  1.73949934068114265E-01
1.64504504504504813E-03  1.74715610742814303E-01
1.65501501501501822E-03  1.75481287417514342E-01
1.66498498498498810E-03  1.76246964092214381E-01
1.67495495495495819E-03  1.77012640766914420E-01
1.68492492492492807E-03  1.77778317441614458E-01
1.69489489489489816E-03  1.78543994116314497E-01
1.70486486486486825E-03  1.79309670791014564E-01
1.71483483483483813E-03  1.80075347465714602E-01
1.72480480480480822E-03  1.80841024140414641E-01
1.73477477477477810E-03  1.81606700815114680E-01
1.74474474474474819E-03  1.82372377489814719E-01
1.75471471471471806E-03  1.83138054164514757E-01
1.76468468468468816E-03  1.83903730839214824E-01
1.77465465465465803E-03  1.84669407513914835E-01
1.78462462462462812E-03  1.85435084188614902E-01
1.79459459459459800E-03  1.86200760863314940E-01
1.80456456456456809E-03  1.86966437538014979E-01
1.81453453453453797E-03  1.87732114212715018E-01
1.82450450450450806E-03  1.88497790887415057E-01
1.83447447447447794E-03  1.89263467562115095E-01
1.84444444444444803E-03  1.90029144236815162E-01
1.85441441441441791E-03  1.90794820911515173E-01
1.86438438438438800E-03  1.91560497586215239E-01
1.87435435435435787E-03  1.92326174260915278E-01
1.88432432432432797E-03  1.93091850935615317E-01
1.89429429429429784E-03  1.93857527610315356E-01
1.90426426426426793E-03  1.94623204285015394E-01
1.91423423423423781E-03  1.95388880959715433E-01
1.92420420420420790E-03  1.96154557634415472E-01
1.93417417417417799E-03  1.96920234309115538E-01
1.94414414414414787E-03  1.97685910983815577E-01
1.95411411411411775E-03  1.98451587658515588E-01
1.96408408408408784E-03  1.99217264333215655E-01
1.97405405405405793E-03  1.99982941007915693E-01
1.98402402402402802E-03  2.00748617682615760E-01
1.99399399399399768E-03  2.01514294357315771E-01
2.00396396396396777E-03  2.02279971032015810E-01
2.01393393393393787E-03  2.03045647706715876E-01
2.02390390390390796E-03  2.03811324381415915E-01
2.03387387387387762E-03  2.04577001056115926E-01
2.04384384384384771E-03  2.05342677730815992E-01
2.05381381381381780E-03  2.06108354405516031E-01
2.06378378378378790E-03  2.06874031080216098E-01
2.07375375375375755E-03  2.07639707754916109E-01
2.08372372372372765E-03  2.08405384429616147E-01
2.09369369369369774E-03  2.09171061104316214E-01
2.10366366366366783E-03  2.09936737779016253E-01
2.11363363363363749E-03  2.10702414453716264E-01
2.12360360360360758E-03  2.11468091128416330E-01
2.13357357357357768E-03  2.12233767803116369E-01
2.14354354354354777E-03  2.12999444477816435E-01
2.15351351351351786E-03  2.13765121152516474E-01
2.16348348348348752E-03  2.14530797827216485E-01
2.17345345345345761E-03  2.15296474501916552E-01
2.18342342342342770E-03  2.16062151176616590E-01
2.19339339339339780E-03  2.16827827851316657E-01
2.20336336336336746E-03  2.17593504526016668E-01
2.21333333333333755E-03  2.18359181200716707E-01
2.22330330330330764E-03  2.19124857875416773E-01
2.23327327327327773E-03  2.19890534550116812E-01
2.24324324324324739E-03  2.20656211224816823E-01
2.25321321321321748E-03  2.21421887899516889E-01
2.26318318318318758E-03  2.22187564574216928E-01
2.27315315315315767E-03  2.22953241248916967E-01
2.28312312312312733E-03  2.23718917923617006E-01
2.29309309309309742E-03  2.24484594598317044E-01
2.30306306306306751E-03  2.25250271273017111E-01
2.31303303303303761E-03  2.26015947947717150E-01
2.32300300300300726E-03  2.26781624622417161E-01
2.33297297297297736E-03  2.27547301297117227E-01
2.34294294294294745E-03  2.28312977971817266E-01
2.35291291291291754E-03  2.29078654646517305E-01
2.36288288288288763E-03  2.29844331321217371E-01
2.37285285285285729E-03  2.30610007995917382E-01
2.38282282282282739E-03  2.31375684670617421E-01
2.39279279279279748E-03  2.32141361345317487E-01
2.40276276276276757E-03  2.32907038020017526E-01
2.41273273273273723E-03  2.33672714694717565E-01
2.42270270270270732E-03  2.34438391369417604E-01
2.43267267267267741E-03  2.35204068044117642E-01
2.44264264264264751E-03  2.35969744718817709E-01
2.45261261261261717E-03  2.36735421393517720E-01
2.46258258258258726E-03  2.37501098068217759E-01
2.47255255255255735E-03  2.38266774742917825E-01
2.48252252252252744E-03  2.39032451417617864E-01
2.49249249249249710E-03  2.39798128092317875E-01
2.50246246246246720E-03  2.40563804767017941E-01
2.51243243243243729E-03  2.41329481441717980E-01
2.52240240240240738E-03  2.42095158116418047E-01
2.53237237237237704E-03  2.42860834791118058E-01
2.54234234234234713E-03  2.43626511465818096E-01
2.55231231231231722E-03  2.44392188140518163E-01
2.56228228228228732E-03  2.45157864815218202E-01
2.57225225225225741E-03  2.45923541489918268E-01
2.58222222222222707E-03  2.46689218164618279E-01
2.59219219219219716E-03  2.47454894839318318E-01
2.60216216216216725E-03  2.48220571514018384E-01
2.61213213213213735E-03  2.48986248188718423E-01
2.62210210210210700E-03  2.49751924863418434E-01
2.63207207207207710E-03  2.50517601538118528E-01
2.64204204204204719E-03  2.51283278212818539E-01
2.65201201201201728E-03  2.52048954887518606E-01
2.66198198198198694E-03  2.52814631562218617E-01
2.67195195195195703E-03  2.53580308236918683E-01
2.68192192192192713E-03  2.54345984911618750E-01
2.69189189189189722E-03  2.55111661586318761E-01
2.70186186186186688E-03  2.55877338261018772E-01
2.71183183183183697E-03  2.56643014935718838E-01
2.72180180180180706E-03  2.57408691610418905E-01
2.73177177177177715E-03  2.58174368285118916E-01
2.74174174174174681E-03  2.58940044959818927E-01
2.75171171171171691E-03  2.59705721634518993E-01
2.76168168168168700E-03  2.60471398309219060E-01
2.77165165165165709E-03  2.61237074983919126E-01
2.78162162162162718E-03  2.62002751658619137E-01
2.79159159159159684E-03  2.62768428333319148E-01
2.80156156156156693E-03  2.63534105008019215E-01
2.81153153153153703E-03  2.64299781682719281E-01
2.82150150150150712E-03  2.65065458357419348E-01
2.83147147147147678E-03  2.65831135032119303E-01
2.84144144144144687E-03  2.66596811706819370E-01
2.85141141141141696E-03  2.67362488381519436E-01
2.86138138138138706E-03  2.68128165056219503E-01
2.87135135135135671E-03  2.68893841730919514E-01
2.88132132132132681E-03  2.69659518405619525E-01
2.89129129129129690E-03  2.70425195080319591E-01
2.90126126126126699E-03  2.71190871755019658E-01
2.91123123123123665E-03  2.71956548429719669E-01
2.92120120120120674E-03  2.72722225104419680E-01
2.93117117117117684E-03  2.73487901779119746E-01
2.94114114114114693E-03  2.74253578453819813E-01
2.95111111111111659E-03  2.75019255128519824E-01
2.96108108108108668E-03  2.75784931803219890E-01
2.97105105105105677E-03  2.76550608477919901E-01
2.98102102102102686E-03  2.77316285152619968E-01
2.99099099099099696E-03  2.78081961827320034E-01
3.00096096096096662E-03  2.78847638502020045E-01
3.01093093093093671E-03  2.79613315176720112E-01
3.02090090090090680E-03  2.80378991851420123E-01
3.03087087087087689E-03  2.81144668526120189E-01
3.04084084084084655E-03  2.81910345200820256E-01
3.05081081081081664E-03  2.82676021875520267E-01
3.06078078078078674E-03  2.83441698550220333E-01
3.07075075075075683E-03  2.84207375224920344E-01
3.08072072072072649E-03  2.84973051899620411E-01
3.09069069069069658E-03  2.85738728574320477E-01
3.10066066066066667E-03  2.86504405249020488E-01
3.11063063063063677E-03  2.87270081923720555E-01
3.12060060060060642E-03  2.88035758598420566E-01
3.13057057057057652E-03  2.88801435273120632E-01
3.14054054054054661E-03  2.89567111947820699E-01
3.15051051051051670E-03  2.90332788622520710E-01
3.16048048048048636E-03  2.91098465297220721E-01
3.17045045045045645E-03  2.91864141971920787E-01
3.18042042042042655E-03  2.92629818646620854E-01
3.19039039039039664E-03  2.93395495321320920E-01
3.20036036036036673E-03  2.94161171996020931E-01
3.21033033033033639E-03  2.94926848670720942E-01
3.22030030030030648E-03  2.95692525345421009E-01
3.23027027027027657E-03  2.96458202020121075E-01
3.24024024024024667E-03  2.97223878694821086E-01
3.25021021021021633E-03  2.97989555369521097E-01
3.26018018018018642E-03  2.98755232044221164E-01
3.27015015015015651E-03  2.99520908718921230E-01
3.28012012012012660E-03  3.00286585393621241E-01
3.29009009009009626E-03  3.01052262068321308E-01
3.30006006006006635E-03  3.01817938743021319E-01
3.31003003003003645E-03  3.02583615417721385E-01
3.32000000000000654E-03  3.03349292092421452E-01
3.32996996996997620E-03  3.04114968767121463E-01
3.33993993993994629E-03  3.04880645441821474E-01
3.34990990990991638E-03  3.05646322116521540E-01
3.35987987987988648E-03  3.06411998791221607E-01
3.36984984984985613E-03  3.07177675465921618E-01
3.37981981981982623E-03  3.07943352140621684E-01
3.38978978978979632E-03  3.08709028815321695E-01
3.39975975975976641E-03  3.09474705490021762E-01
3.40972972972973650E-03  3.10240382164721828E-01
3.41969969969970616E-03  3.11006058839421839E-01
3.42966966966967626E-03  3.11771735514121906E-01
3.43963963963964635E-03  3.12537412188821917E-01
3.44960960960961644E-03  3.13303088863521983E-01
3.45957957957958610E-03  3.14068765538221994E-01
3.46954954954955619E-03  3.14834442212922061E-01
3.47951951951952628E-03  3.15600118887622128E-01
3.48948948948949638E-03  3.16365795562322139E-01
3.49945945945946604E-03  3.17131472237022149E-01
3.50942942942943613E-03  3.17897148911722216E-01
3.51939939939940622E-03  3.18662825586422283E-01
3.52936936936937631E-03  3.19428502261122349E-01
3.53933933933934597E-03  3.20194178935822360E-01
3.54930930930931606E-03  3.20959855610522371E-01
3.55927927927928616E-03  3.21725532285222438E-01
3.56924924924925625E-03  3.22491208959922504E-01
3.57921921921922591E-03  3.23256885634622515E-01
3.58918918918919600E-03  3.24022562309322582E-01
3.59915915915916609E-03  3.24788238984022593E-01
3.60912912912913619E-03  3.25553915658722659E-01
3.61909909909910628E-03  3.26319592333422726E-01
3.62906906906907594E-03  3.27085269008122737E-01
3.63903903903904603E-03  3.27850945682822803E-01
3.64900900900901612E-03  3.28616622357522814E-01
3.65897897897898621E-03  3.29382299032222881E-01
3.66894894894895587E-03  3.30147975706922892E-01
3.67891891891892597E-03  3.30913652381622958E-01
3.68888888888889606E-03  3.31679329056323025E-01
3.69885885885886615E-03  3.32445005731023036E-01
3.70882882882883581E-03  3.33210682405723047E-01
3.71879879879880590E-03  3.33976359080423113E-01
3.72876876876877600E-03  3.34742035755123180E-01
3.73873873873874609E-03  3.35507712429823191E-01
3.74870870870871575E-03  3.36273389104523257E-01
3.75867867867868584E-03  3.37039065779223268E-01
3.76864864864865593E-03  3.37804742453923335E-01
3.77861861861862602E-03  3.38570419128623401E-01
3.78858858858859568E-03  3.39336095803323412E-01
3.79855855855856578E-03  3.40101772478023423E-01
3.80852852852853587E-03  3.40867449152723490E-01
3.81849849849850596E-03  3.41633125827423556E-01
3.82846846846847562E-03  3.42398802502123567E-01
3.83843843843844571E-03  3.43164479176823634E-01
3.84840840840841580E-03  3.43930155851523645E-01
3.85837837837838590E-03  3.44695832526223711E-01
3.86834834834835599E-03  3.45461509200923778E-01
3.87831831831832565E-03  3.46227185875623789E-01
3.88828828828829574E-03  3.46992862550323855E-01
3.89825825825826583E-03  3.47758539225023866E-01
3.90822822822823549E-03  3.48524215899723877E-01
3.91819819819820558E-03  3.49289892574423944E-01
3.92816816816817568E-03  3.50055569249124010E-01
3.93813813813814577E-03  3.50821245923824077E-01
3.94810810810811586E-03  3.51586922598524088E-01
3.95807807807808595E-03  3.52352599273224154E-01
3.96804804804805605E-03  3.53118275947924221E-01
3.97801801801802527E-03  3.53883952622624176E-01
3.98798798798799536E-03  3.54649629297324243E-01
3.99795795795796546E-03  3.55415305972024309E-01
4.00792792792793555E-03  3.56180982646724320E-01
4.01789789789790564E-03  3.56946659321424387E-01
4.02786786786787573E-03  3.57712335996124453E-01
4.03783783783784583E-03  3.58478012670824520E-01
4.04780780780781592E-03  3.59243689345524531E-01
4.05777777777778601E-03  3.60009366020224597E-01
4.06774774774775524E-03  3.60775042694924553E-01
4.07771771771772533E-03  3.61540719369624619E-01
4.08768768768769542E-03  3.62306396044324686E-01
4.09765765765766551E-03  3.63072072719024752E-01
4.10762762762763561E-03  3.63837749393724763E-01
4.11759759759760570E-03  3.64603426068424830E-01
4.12756756756757579E-03  3.65369102743124896E-01
4.13753753753754588E-03  3.66134779417824907E-01
4.14750750750751511E-03  3.66900456092524918E-01
4.15747747747748520E-03  3.67666132767224985E-01
4.16744744744745529E-03  3.68431809441924996E-01
4.17741741741742539E-03  3.69197486116625062E-01
4.18738738738739548E-03  3.69963162791325129E-01
4.19735735735736557E-03  3.70728839466025140E-01
4.20732732732733566E-03  3.71494516140725206E-01
4.21729729729730576E-03  3.72260192815425273E-01
4.22726726726727498E-03  3.73025869490125228E-01
4.23723723723724507E-03  3.73791546164825295E-01
4.24720720720721517E-03  3.74557222839525361E-01
4.25717717717718526E-03  3.75322899514225428E-01
4.26714714714715535E-03  3.76088576188925439E-01
4.27711711711712544E-03  3.76854252863625505E-01
4.28708708708709554E-03  3.77619929538325572E-01
4.29705705705706563E-03  3.78385606213025583E-01
4.30702702702703572E-03  3.79151282887725649E-01
4.31699699699700495E-03  3.79916959562425660E-01
4.32696696696697504E-03  3.80682636237125671E-01
4.33693693693694513E-03  3.81448312911825738E-01
4.34690690690691522E-03  3.82213989586525804E-01
4.35687687687688532E-03  3.82979666261225815E-01
4.36684684684685541E-03  3.83745342935925882E-01
4.37681681681682550E-03  3.84511019610625948E-01
4.38678678678679559E-03  3.85276696285326015E-01
4.39675675675676482E-03  3.86042372960025970E-01
4.40672672672673491E-03  3.86808049634726037E-01
4.41669669669670500E-03  3.87573726309426048E-01
4.42666666666667510E-03  3.88339402984126114E-01
4.43663663663664519E-03  3.89105079658826181E-01
4.44660660660661528E-03  3.89870756333526247E-01
4.45657657657658537E-03  3.90636433008226258E-01
4.46654654654655547E-03  3.91402109682926325E-01
4.47651651651652556E-03  3.92167786357626391E-01
4.48648648648649478E-03  3.92933463032326347E-01
4.49645645645646488E-03  3.93699139707026413E-01
4.50642642642643497E-03  3.94464816381726480E-01
4.51639639639640506E-03  3.95230493056426491E-01
4.52636636636637515E-03  3.95996169731126557E-01
4.53633633633634525E-03  3.96761846405826624E-01
4.54630630630631534E-03  3.97527523080526635E-01
4.55627627627628543E-03  3.98293199755226701E-01
4.56624624624625466E-03  3.99058876429926712E-01
4.57621621621622475E-03  3.99824553104626723E-01
4.58618618618619484E-03  4.00590229779326790E-01
4.59615615615616493E-03  4.01355906454026856E-01
4.60612612612613503E-03  4.02121583128726923E-01
4.61609609609610512E-03  4.02887259803426934E-01
4.62606606606607521E-03  4.03652936478127000E-01
4.63603603603604530E-03  4.04418613152827067E-01
4.64600600600601453E-03  4.05184289827527022E-01
4.65597597597598462E-03  4.05949966502227089E-01
4.66594594594595471E-03  4.06715643176927155E-01
4.67591591591592481E-03  4.07481319851627166E-01
4.68588588588589490E-03  4.08246996526327233E-01
4.69585585585586499E-03  4.09012673201027299E-01
4.70582582582583508E-03  4.09778349875727310E-01
4.71579579579580518E-03  4.10544026550427377E-01
4.72576576576577527E-03  4.11309703225127443E-01
4.73573573573574449E-03  4.12075379899827399E-01
4.74570570570571459E-03  4.12841056574527465E-01
4.75567567567568468E-03  4.13606733249227532E-01
4.76564564564565477E-03  4.14372409923927543E-01
4.77561561561562486E-03  4.15138086598627609E-01
4.78558558558559496E-03  4.15903763273327676E-01
4.79555555555556505E-03  4.16669439948027742E-01
4.80552552552553514E-03  4.17435116622727753E-01
4.81549549549550437E-03  4.18200793297427764E-01
4.82546546546547446E-03  4.18966469972127831E-01
4.83543543543544455E-03  4.19732146646827842E-01
4.84540540540541464E-03  4.20497823321527908E-01
4.85537537537538474E-03  4.21263499996227975E-01
4.86534534534535483E-03  4.22029176670927986E-01
4.87531531531532492E-03  4.22794853345628052E-01
4.88528528528529501E-03  4.23560530020328119E-01
4.89525525525526511E-03  4.24326206695028130E-01
4.90522522522523433E-03  4.25091883369728141E-01
4.91519519519520443E-03  4.25857560044428207E-01
4.92516516516517452E-03  4.26623236719128218E-01
4.93513513513514461E-03  4.27388913393828285E-01
4.94510510510511470E-03  4.28154590068528351E-01
4.95507507507508480E-03  4.28920266743228418E-01
4.96504504504505489E-03  4.29685943417928429E-01
4.97501501501502498E-03  4.30451620092628495E-01
4.98498498498499421E-03  4.31217296767328451E-01
4.99495495495496430E-03  4.31982973442028517E-01
5.00492492492493439E-03  4.32748650116728584E-01
5.01489489489490448E-03  4.33514326791428650E-01
5.02486486486487458E-03  4.34280003466128661E-01
5.03483483483484467E-03  4.35045680140828728E-01
5.04480480480481476E-03  4.35811356815528794E-01
5.05477477477478485E-03  4.36577033490228805E-01
5.06474474474475408E-03  4.37342710164928816E-01
5.07471471471472417E-03  4.38108386839628883E-01
5.08468468468469426E-03  4.38874063514328894E-01
5.09465465465466436E-03  4.39639740189028960E-01
5.10462462462463445E-03  4.40405416863729027E-01
5.11459459459460454E-03  4.41171093538429038E-01
5.12456456456457463E-03  4.41936770213129104E-01
5.13453453453454473E-03  4.42702446887829171E-01
5.14450450450451482E-03  4.43468123562529237E-01
5.15447447447448404E-03  4.44233800237229193E-01
5.16444444444445414E-03  4.44999476911929259E-01
5.17441441441442423E-03  4.45765153586629326E-01
5.18438438438439432E-03  4.46530830261329337E-01
5.19435435435436441E-03  4.47296506936029403E-01
5.20432432432433451E-03  4.48062183610729470E-01
5.21429429429430460E-03  4.48827860285429481E-01
5.22426426426427469E-03  4.49593536960129547E-01
5.23423423423424392E-03  4.50359213634829558E-01
5.24420420420421401E-03  4.51124890309529569E-01
5.25417417417418410E-03  4.51890566984229636E-01
5.26414414414415419E-03  4.52656243658929702E-01
5.27411411411412429E-03  4.53421920333629713E-01
5.28408408408409438E-03  4.54187597008329780E-01
5.29405405405406447E-03  4.54953273683029846E-01
5.30402402402403456E-03  4.55718950357729913E-01
5.31399399399400379E-03  4.56484627032429868E-01
5.32396396396397388E-03  4.57250303707129935E-01
5.33393393393394397E-03  4.58015980381829946E-01
5.34390390390391407E-03  4.58781657056530012E-01
5.35387387387388416E-03  4.59547333731230079E-01
5.36384384384385425E-03  4.60313010405930145E-01
5.37381381381382434E-03  4.61078687080630156E-01
5.38378378378379444E-03  4.61844363755330223E-01
5.39375375375376453E-03  4.62610040430030289E-01
5.40372372372373375E-03  4.63375717104730245E-01
5.41369369369370385E-03  4.64141393779430311E-01
5.42366366366367394E-03  4.64907070454130378E-01
5.43363363363364403E-03  4.65672747128830389E-01
5.44360360360361412E-03  4.66438423803530455E-01
5.45357357357358422E-03  4.67204100478230522E-01
5.46354354354355431E-03  4.67969777152930533E-01
5.47351351351352440E-03  4.68735453827630599E-01
5.48348348348349363E-03  4.69501130502330610E-01
5.49345345345346372E-03  4.70266807177030621E-01
5.50342342342343381E-03  4.71032483851730688E-01
5.51339339339340390E-03  4.71798160526430754E-01
5.52336336336337400E-03  4.72563837201130821E-01
5.53333333333334409E-03  4.73329513875830832E-01
5.54330330330331418E-03  4.74095190550530898E-01
5.55327327327328427E-03  4.74860867225230965E-01
5.56324324324325437E-03  4.75626543899930976E-01
5.57321321321322359E-03  4.76392220574630987E-01
5.58318318318319368E-03  4.77157897249331053E-01
5.59315315315316378E-03  4.77923573924031064E-01
5.60312312312313387E-03  4.78689250598731131E-01
5.61309309309310396E-03  4.79454927273431197E-01
5.62306306306307405E-03  4.80220603948131208E-01
5.63303303303304415E-03  4.80986280622831275E-01
5.64300300300301424E-03  4.81751957297531341E-01
5.65297297297298346E-03  4.82517633972231297E-01
5.66294294294295356E-03  4.83283310646931363E-01
5.67291291291292365E-03  4.84048987321631430E-01
5.68288288288289374E-03  4.84814663996331441E-01
5.69285285285286383E-03  4.85580340671031507E-01
5.70282282282283393E-03  4.86346017345731574E-01
5.71279279279280402E-03  4.87111694020431640E-01
5.72276276276277411E-03  4.87877370695131651E-01
5.73273273273274334E-03  4.88643047369831662E-01
5.74270270270271343E-03  4.89408724044531729E-01
5.75267267267268352E-03  4.90174400719231740E-01
5.76264264264265361E-03  4.90940077393931806E-01
5.77261261261262371E-03  4.91705754068631873E-01
5.78258258258259380E-03  4.92471430743331884E-01
5.79255255255256389E-03  4.93237107418031950E-01
5.80252252252253398E-03  4.94002784092732017E-01
5.81249249249250408E-03  4.94768460767432083E-01
5.82246246246247330E-03  4.95534137442132039E-01
5.83243243243244339E-03  4.96299814116832105E-01
5.84240240240241349E-03  4.97065490791532116E-01
5.85237237237238358E-03  4.97831167466232183E-01
5.86234234234235367E-03  4.98596844140932249E-01
5.87231231231232376E-03  4.99362520815632316E-01
5.88228228228229386E-03  5.00128197490332327E-01
5.89225225225226395E-03  5.00893874165032393E-01
5.90222222222223317E-03  5.01659550839732349E-01
5.91219219219220327E-03  5.02425227514432415E-01
5.92216216216217336E-03  5.03190904189132482E-01
5.93213213213214345E-03  5.03956580863832548E-01
5.94210210210211354E-03  5.04722257538532615E-01
5.95207207207208364E-03  5.05487934213232570E-01
5.96204204204205373E-03  5.06253610887932748E-01
5.97201201201202382E-03  5.07019287562632703E-01
5.98198198198199391E-03  5.07784964237332770E-01
5.99195195195196314E-03  5.08550640912032836E-01
6.00192192192193323E-03  5.09316317586732792E-01
6.01189189189190332E-03  5.10081994261432858E-01
6.02186186186187342E-03  5.10847670936132925E-01
6.03183183183184351E-03  5.11613347610832880E-01
6.04180180180181360E-03  5.12379024285533058E-01
6.05177177177178369E-03  5.13144700960233013E-01
6.06174174174175379E-03  5.13910377634933191E-01
6.07171171171172301E-03  5.14676054309633146E-01
6.08168168168169310E-03  5.15441730984333102E-01
6.09165165165166320E-03  5.16207407659033279E-01
6.10162162162163329E-03  5.16973084333733235E-01
6.11159159159160338E-03  5.17738761008433301E-01
6.12156156156157347E-03  5.18504437683133368E-01
6.13153153153154357E-03  5.19270114357833323E-01
6.14150150150151366E-03  5.20035791032533501E-01
6.15147147147148288E-03  5.20801467707233456E-01
6.16144144144145298E-03  5.21567144381933412E-01
6.17141141141142307E-03  5.22332821056633589E-01
6.18138138138139316E-03  5.23098497731333545E-01
6.19135135135136325E-03  5.23864174406033611E-01
6.20132132132133335E-03  5.24629851080733678E-01
6.21129129129130344E-03  5.25395527755433744E-01
6.22126126126127353E-03  5.26161204430133811E-01
6.23123123123124362E-03  5.26926881104833766E-01
6.24120120120121285E-03  5.27692557779533833E-01
6.25117117117118294E-03  5.28458234454233899E-01
6.26114114114115303E-03  5.29223911128933855E-01
6.27111111111112313E-03  5.29989587803634032E-01
6.28108108108109322E-03  5.30755264478333988E-01
6.29105105105106331E-03  5.31520941153034054E-01
6.30102102102103340E-03  5.32286617827734121E-01
6.31099099099100350E-03  5.33052294502434187E-01
6.32096096096097272E-03  5.33817971177134143E-01
6.33093093093094281E-03  5.34583647851834209E-01
6.34090090090091291E-03  5.35349324526534276E-01
6.35087087087088300E-03  5.36115001201234342E-01
6.36084084084085309E-03  5.36880677875934298E-01
6.37081081081082318E-03  5.37646354550634475E-01
6.38078078078079328E-03  5.38412031225334431E-01
6.39075075075076337E-03  5.39177707900034497E-01
6.40072072072073346E-03  5.39943384574734564E-01
6.41069069069070269E-03  5.40709061249434519E-01
6.42066066066067278E-03  5.41474737924134586E-01
6.43063063063064287E-03  5.42240414598834652E-01
6.44060060060061296E-03  5.43006091273534719E-01
6.45057057057058306E-03  5.43771767948234785E-01
6.46054054054055315E-03  5.44537444622934741E-01
6.47051051051052324E-03  5.45303121297634918E-01
6.48048048048049333E-03  5.46068797972334874E-01
6.49045045045046256E-03  5.46834474647034829E-01
6.50042042042043265E-03  5.47600151321735007E-01
6.51039039039040274E-03  5.48365827996434962E-01
6.52036036036037284E-03  5.49131504671135029E-01
6.53033033033034293E-03  5.49897181345835095E-01
6.54030030030031302E-03  5.50662858020535162E-01
6.55027027027028311E-03  5.51428534695235228E-01
6.56024024024025321E-03  5.52194211369935184E-01
6.57021021021022243E-03  5.52959888044635250E-01
6.58018018018019252E-03  5.53725564719335317E-01
6.59015015015016262E-03  5.54491241394035272E-01
6.60012012012013271E-03  5.55256918068735339E-01
6.61009009009010280E-03  5.56022594743435405E-01
6.62006006006007289E-03  5.56788271418135472E-01
6.63003003003004299E-03  5.57553948092835538E-01
6.64000000000001308E-03  5.58319624767535605E-01
6.64996996996998317E-03  5.59085301442235671E-01
6.65993993993995240E-03  5.59850978116935627E-01
6.66990990990992249E-03  5.60616654791635693E-01
6.67987987987989258E-03  5.61382331466335649E-01
6.68984984984986267E-03  5.62148008141035715E-01
6.69981981981983277E-03  5.62913684815735782E-01
6.70978978978980286E-03  5.63679361490435848E-01
6.71975975975977295E-03  5.64445038165135915E-01
6.72972972972974304E-03  5.65210714839835981E-01
6.73969969969971227E-03  5.65976391514535937E-01
6.74966966966968236E-03  5.66742068189236003E-01
6.75963963963965245E-03  5.67507744863936070E-01
6.76960960960962255E-03  5.68273421538636136E-01
6.77957957957959264E-03  5.69039098213336092E-01
6.78954954954956273E-03  5.69804774888036158E-01
6.79951951951953282E-03  5.70570451562736225E-01
6.80948948948950292E-03  5.71336128237436291E-01
6.81945945945947301E-03  5.72101804912136358E-01
6.82942942942944223E-03  5.72867481586836313E-01
6.83939939939941233E-03  5.73633158261536380E-01
6.84936936936938242E-03  5.74398834936236447E-01
6.85933933933935251E-03  5.75164511610936513E-01
6.86930930930932260E-03  5.75930188285636580E-01
6.87927927927929270E-03  5.76695864960336535E-01
6.88924924924926279E-03  5.77461541635036602E-01
6.89921921921923288E-03  5.78227218309736668E-01
6.90918918918920211E-03  5.78992894984436623E-01
6.91915915915917220E-03  5.79758571659136690E-01
6.92912912912914229E-03  5.80524248333836757E-01
6.93909909909911238E-03  5.81289925008536823E-01
6.94906906906908248E-03  5.82055601683236890E-01
6.95903903903905257E-03  5.82821278357936956E-01
6.96900900900902266E-03  5.83586955032636912E-01
6.97897897897899275E-03  5.84352631707336978E-01
6.98894894894896198E-03  5.85118308382037045E-01
6.99891891891893207E-03  5.85883985056737000E-01
7.00888888888890216E-03  5.86649661731437067E-01
7.01885885885887226E-03  5.87415338406137133E-01
7.02882882882884235E-03  5.88181015080837200E-01
7.03879879879881244E-03  5.88946691755537266E-01
7.04876876876878253E-03  5.89712368430237333E-01
7.05873873873875263E-03  5.90478045104937399E-01
7.06870870870872272E-03  5.91243721779637355E-01
7.07867867867869194E-03  5.92009398454337421E-01
7.08864864864866204E-03  5.92775075129037488E-01
7.09861861861863213E-03  5.93540751803737443E-01
7.10858858858860222E-03  5.94306428478437510E-01
7.11855855855857231E-03  5.95072105153137576E-01
7.12852852852854241E-03  5.95837781827837643E-01
7.13849849849851250E-03  5.96603458502537709E-01
7.14846846846848259E-03  5.97369135177237776E-01
7.15843843843845182E-03  5.98134811851937731E-01
7.16840840840842191E-03  5.98900488526637798E-01
7.17837837837839200E-03  5.99666165201337864E-01
7.18834834834836209E-03  6.00431841876037820E-01
7.19831831831833219E-03  6.01197518550737886E-01
7.20828828828830228E-03  6.01963195225437953E-01
7.21825825825827237E-03  6.02728871900138019E-01
7.22822822822824246E-03  6.03494548574838086E-01
7.23819819819821256E-03  6.04260225249538152E-01
7.24816816816818178E-03  6.05025901924238108E-01
7.25813813813815187E-03  6.05791578598938174E-01
7.26810810810812197E-03  6.06557255273638241E-01
7.27807807807809206E-03  6.07322931948338307E-01
7.28804804804806215E-03  6.08088608623038263E-01
7.29801801801803224E-03  6.08854285297738329E-01
7.30798798798800234E-03  6.09619961972438396E-01
7.31795795795797243E-03  6.10385638647138462E-01
7.32792792792794166E-03  6.11151315321838418E-01
7.33789789789791175E-03  6.11916991996538484E-01
7.34786786786788184E-03  6.12682668671238551E-01
7.35783783783785193E-03  6.13448345345938617E-01
7.36780780780782203E-03  6.14214022020638684E-01
7.37777777777779212E-03  6.14979698695338750E-01
7.38774774774776221E-03  6.15745375370038706E-01
7.39771771771773230E-03  6.16511052044738772E-01
7.40768768768770153E-03  6.17276728719438728E-01
7.41765765765767162E-03  6.18042405394138794E-01
7.42762762762764171E-03  6.18808082068838861E-01
7.43759759759761181E-03  6.19573758743538927E-01
7.44756756756758190E-03  6.20339435418238994E-01
7.45753753753755199E-03  6.21105112092939060E-01
7.46750750750752208E-03  6.21870788767639127E-01
7.47747747747749218E-03  6.22636465442339082E-01
7.48744744744746227E-03  6.23402142117039149E-01
7.49741741741743149E-03  6.24167818791739215E-01
7.50738738738740159E-03  6.24933495466439171E-01
7.51735735735737168E-03  6.25699172141139237E-01
7.52732732732734177E-03  6.26464848815839304E-01
7.53729729729731186E-03  6.27230525490539370E-01
7.54726726726728196E-03  6.27996202165239437E-01
7.55723723723725205E-03  6.28761878839939503E-01
7.56720720720722214E-03  6.29527555514639570E-01
7.57717717717719137E-03  6.30293232189339525E-01
7.58714714714716146E-03  6.31058908864039592E-01
7.59711711711713155E-03  6.31824585538739547E-01
7.60708708708710164E-03  6.32590262213439614E-01
7.61705705705707174E-03  6.33355938888139680E-01
7.62702702702704183E-03  6.34121615562839747E-01
7.63699699699701192E-03  6.34887292237539813E-01
7.64696696696698201E-03  6.35652968912239880E-01
7.65693693693695124E-03  6.36418645586939835E-01
7.66690690690692133E-03  6.37184322261639902E-01
7.67687687687689142E-03  6.37949998936339968E-01
7.68684684684686152E-03  6.38715675611040035E-01
7.69681681681683161E-03  6.39481352285739990E-01
7.70678678678680170E-03  6.40247028960440057E-01
7.71675675675677179E-03  6.41012705635140123E-01
7.72672672672674189E-03  6.41778382309840190E-01
7.73669669669671198E-03  6.42544058984540256E-01
7.74666666666668120E-03  6.43309735659240212E-01
7.75663663663665130E-03  6.44075412333940278E-01
7.76660660660662139E-03  6.44841089008640345E-01
7.77657657657659148E-03  6.45606765683340411E-01
7.78654654654656157E-03  6.46372442358040478E-01
7.79651651651653167E-03  6.47138119032740433E-01
7.80648648648650176E-03  6.47903795707440500E-01
7.81645645645647098E-03  6.48669472382140455E-01
7.82642642642644194E-03  6.49435149056840633E-01
7.83639639639641117E-03  6.50200825731540588E-01
7.84636636636638213E-03  6.50966502406240766E-01
7.85633633633635135E-03  6.51732179080940721E-01
7.86630630630632058E-03  6.52497855755640677E-01
7.87627627627629154E-03  6.53263532430340854E-01
7.88624624624626076E-03  6.54029209105040810E-01
7.89621621621623172E-03  6.54794885779740876E-01
7.90618618618620095E-03  6.55560562454440943E-01
7.91615615615617191E-03  6.56326239129141009E-01
7.92612612612614113E-03  6.57091915803840965E-01
7.93609609609611209E-03  6.57857592478541142E-01
7.94606606606608132E-03  6.58623269153241098E-01
7.95603603603605054E-03  6.59388945827941053E-01
7.96600600600602150E-03  6.60154622502641231E-01
7.97597597597599073E-03  6.60920299177341186E-01
7.98594594594596169E-03  6.61685975852041253E-01
7.99591591591593091E-03  6.62451652526741319E-01
8.00588588588590187E-03  6.63217329201441386E-01
8.01585585585587110E-03  6.63983005876141341E-01
8.02582582582584206E-03  6.64748682550841519E-01
8.03579579579581128E-03  6.65514359225541474E-01
8.04576576576578051E-03  6.66280035900241430E-01
8.05573573573575147E-03  6.67045712574941607E-01
8.06570570570572069E-03  6.67811389249641563E-01
8.07567567567569165E-03  6.68577065924341740E-01
8.08564564564566088E-03  6.69342742599041696E-01
8.09561561561563184E-03  6.70108419273741762E-01
8.10558558558560106E-03  6.70874095948441718E-01
8.11555555555557202E-03  6.71639772623141895E-01
8.12552552552554125E-03  6.72405449297841851E-01
8.13549549549551047E-03  6.73171125972541806E-01
8.14546546546548143E-03  6.73936802647241984E-01
8.15543543543545066E-03  6.74702479321941939E-01
8.16540540540542162E-03  6.75468155996642117E-01
8.17537537537539084E-03  6.76233832671342072E-01
8.18534534534536180E-03  6.76999509346042139E-01
8.19531531531533103E-03  6.77765186020742205E-01
8.20528528528530025E-03  6.78530862695442161E-01
8.21525525525527121E-03  6.79296539370142227E-01
8.22522522522524044E-03  6.80062216044842294E-01
8.23519519519521140E-03  6.80827892719542360E-01
8.24516516516518062E-03  6.81593569394242316E-01
8.25513513513515158E-03  6.82359246068942493E-01
8.26510510510512081E-03  6.83124922743642449E-01
8.27507507507509177E-03  6.83890599418342515E-01
8.28504504504506099E-03  6.84656276093042582E-01
8.29501501501503022E-03  6.85421952767742537E-01
8.30498498498500118E-03  6.86187629442442604E-01
8.31495495495497040E-03  6.86953306117142670E-01
8.32492492492494136E-03  6.87718982791842737E-01
8.33489489489491059E-03  6.88484659466542692E-01
8.34486486486488155E-03  6.89250336141242870E-01
8.35483483483485077E-03  6.90016012815942825E-01
8.36480480480482173E-03  6.90781689490642892E-01
8.37477477477479096E-03  6.91547366165342958E-01
8.38474474474476018E-03  6.92313042840042914E-01
8.39471471471473114E-03  6.93078719514742980E-01
8.40468468468470037E-03  6.93844396189443047E-01
8.41465465465467133E-03  6.94610072864143113E-01
8.42462462462464055E-03  6.95375749538843069E-01
8.43459459459461151E-03  6.96141426213543246E-01
8.44456456456458074E-03  6.96907102888243202E-01
8.45453453453454996E-03  6.97672779562943157E-01
8.46450450450452092E-03  6.98438456237643335E-01
8.47447447447449015E-03  6.99204132912343290E-01
8.48444444444446111E-03  6.99969809587043468E-01
8.49441441441443033E-03  7.00735486261743423E-01
8.50438438438440129E-03  7.01501162936443490E-01
8.51435435435437052E-03  7.02266839611143556E-01
8.52432432432434148E-03  7.03032516285843623E-01
8.53429429429431070E-03  7.03798192960543578E-01
8.54426426426427993E-03  7.04563869635243534E-01
8.55423423423425089E-03  7.05329546309943711E-01
8.56420420420422011E-03  7.06095222984643667E-01
8.57417417417419107E-03  7.06860899659343844E-01
8.58414414414416030E-03  7.07626576334043800E-01
8.59411411411413126E-03  7.08392253008743866E-01
8.60408408408410048E-03  7.09157929683443933E-01
8.61405405405407144E-03  7.09923606358143999E-01
8.62402402402404067E-03  7.10689283032843955E-01
8.63399399399400989E-03  7.11454959707544021E-01
8.64396396396398085E-03  7.12220636382244088E-01
8.65393393393395008E-03  7.12986313056944043E-01
8.66390390390392104E-03  7.13751989731644221E-01
8.67387387387389026E-03  7.14517666406344176E-01
8.68384384384386122E-03  7.15283343081044243E-01
8.69381381381383045E-03  7.16049019755744309E-01
8.70378378378379967E-03  7.16814696430444265E-01
8.71375375375377063E-03  7.17580373105144331E-01
8.72372372372373986E-03  7.18346049779844398E-01
8.73369369369371082E-03  7.19111726454544464E-01
8.74366366366368004E-03  7.19877403129244420E-01
8.75363363363365100E-03  7.20643079803944597E-01
8.76360360360362023E-03  7.21408756478644553E-01
8.77357357357359119E-03  7.22174433153344730E-01
8.78354354354356041E-03  7.22940109828044686E-01
8.79351351351352964E-03  7.23705786502744641E-01
8.80348348348350060E-03  7.24471463177444708E-01
8.81345345345346982E-03  7.25237139852144774E-01
8.82342342342344078E-03  7.26002816526844841E-01
8.83339339339341001E-03  7.26768493201544796E-01
8.84336336336338097E-03  7.27534169876244974E-01
8.85333333333335019E-03  7.28299846550944929E-01
8.86330330330332115E-03  7.29065523225645107E-01
8.87327327327329038E-03  7.29831199900345062E-01
8.88324324324325960E-03  7.30596876575045018E-01
8.89321321321323056E-03  7.31362553249745195E-01
8.90318318318319979E-03  7.32128229924445151E-01
8.91315315315317075E-03  7.32893906599145217E-01
8.92312312312313997E-03  7.33659583273845284E-01
8.93309309309311093E-03  7.34425259948545350E-01
8.94306306306308016E-03  7.35190936623245306E-01
8.95303303303305112E-03  7.35956613297945483E-01
8.96300300300302034E-03  7.36722289972645439E-01
8.97297297297298957E-03  7.37487966647345394E-01
8.98294294294296053E-03  7.38253643322045572E-01
8.99291291291292975E-03  7.39019319996745527E-01
9.00288288288290071E-03  7.39784996671445594E-01
9.01285285285286994E-03  7.40550673346145660E-01
9.02282282282284090E-03  7.41316350020845727E-01
9.03279279279281012E-03  7.42082026695545682E-01
9.04276276276277935E-03  7.42847703370245749E-01
9.05273273273275031E-03  7.43613380044945815E-01
9.06270270270271953E-03  7.44379056719645771E-01
9.07267267267269049E-03  7.45144733394345948E-01
9.08264264264265972E-03  7.45910410069045904E-01
9.09261261261263068E-03  7.46676086743745970E-01
9.10258258258259990E-03  7.47441763418446037E-01
9.11255255255257086E-03  7.48207440093146103E-01
9.12252252252254009E-03  7.48973116767846059E-01
9.13249249249250931E-03  7.49738793442546125E-01
9.14246246246248027E-03  7.50504470117246192E-01
9.15243243243244950E-03  7.51270146791946147E-01
9.16240240240242046E-03  7.52035823466646325E-01
9.17237237237238968E-03  7.52801500141346280E-01
9.18234234234236064E-03  7.53567176816046458E-01
9.19231231231232987E-03  7.54332853490746413E-01
9.20228228228230083E-03  7.55098530165446480E-01
9.21225225225227005E-03  7.55864206840146546E-01
9.22222222222223928E-03  7.56629883514846502E-01
9.23219219219221024E-03  7.57395560189546568E-01
9.24216216216217946E-03  7.58161236864246524E-01
9.25213213213215042E-03  7.58926913538946701E-01
9.26210210210211965E-03  7.59692590213646657E-01
9.27207207207209061E-03  7.60458266888346834E-01
9.28204204204205983E-03  7.61223943563046790E-01
9.29201201201202906E-03  7.61989620237746745E-01
9.30198198198200002E-03  7.62755296912446923E-01
9.31195195195196924E-03  7.63520973587146878E-01
9.32192192192194020E-03  7.64286650261846945E-01
9.33189189189190943E-03  7.65052326936547011E-01
9.34186186186188039E-03  7.65818003611247078E-01
9.35183183183184961E-03  7.66583680285947033E-01
9.36180180180182057E-03  7.67349356960647211E-01
9.37177177177178980E-03  7.68115033635347166E-01
9.38174174174175902E-03  7.68880710310047122E-01
9.39171171171172998E-03  7.69646386984747299E-01
9.40168168168169921E-03  7.70412063659447255E-01
9.41165165165167017E-03  7.71177740334147321E-01
9.42162162162163939E-03  7.71943417008847388E-01
9.43159159159161035E-03  7.72709093683547454E-01
9.44156156156157958E-03  7.73474770358247410E-01
9.45153153153155054E-03  7.74240447032947587E-01
9.46150150150151976E-03  7.75006123707647543E-01
9.47147147147148899E-03  7.75771800382347498E-01
9.48144144144145995E-03  7.76537477057047676E-01
9.49141141141142917E-03  7.77303153731747631E-01
9.50138138138140013E-03  7.78068830406447809E-01
9.51135135135136936E-03  7.78834507081147764E-01
9.52132132132134032E-03  7.79600183755847831E-01
9.53129129129130954E-03  7.80365860430547786E-01
9.54126126126127877E-03  7.81131537105247853E-01
9.55123123123124973E-03  7.81897213779947919E-01
9.56120120120121895E-03  7.82662890454647875E-01
9.57117117117118991E-03  7.83428567129348052E-01
9.58114114114115914E-03  7.84194243804048008E-01
9.59111111111113010E-03  7.84959920478748185E-01
9.60108108108109932E-03  7.85725597153448141E-01
9.61105105105107028E-03  7.86491273828148207E-01
9.62102102102103951E-03  7.87256950502848274E-01
9.63099099099100874E-03  7.88022627177548229E-01
9.64096096096097969E-03  7.88788303852248296E-01
9.65093093093094892E-03  7.89553980526948362E-01
9.66090090090091988E-03  7.90319657201648429E-01
9.67087087087088910E-03  7.91085333876348384E-01
9.68084084084086006E-03  7.91851010551048562E-01
9.69081081081082929E-03  7.92616687225748517E-01
9.70078078078080025E-03  7.93382363900448584E-01
9.71075075075076947E-03  7.94148040575148650E-01
9.72072072072073870E-03  7.94913717249848606E-01
9.73069069069070966E-03  7.95679393924548672E-01
9.74066066066067889E-03  7.96445070599248739E-01
9.75063063063064984E-03  7.97210747273948805E-01
9.76060060060061907E-03  7.97976423948648761E-01
9.77057057057059003E-03  7.98742100623348938E-01
9.78054054054055926E-03  7.99507777298048894E-01
9.79051051051053021E-03  8.00273453972748960E-01
9.80048048048049944E-03  8.01039130647449027E-01
9.81045045045046867E-03  8.01804807322148982E-01
9.82042042042043963E-03  8.02570483996849049E-01
9.83039039039040885E-03  8.03336160671549115E-01
9.84036036036037981E-03  8.04101837346249182E-01
9.85033033033034904E-03  8.04867514020949137E-01
9.86030030030031999E-03  8.05633190695649315E-01
9.87027027027028922E-03  8.06398867370349270E-01
9.88024024024025845E-03  8.07164544045049226E-01
9.89021021021022941E-03  8.07930220719749403E-01
9.90018018018019863E-03  8.08695897394449359E-01
9.91015015015016959E-03  8.09461574069149536E-01
9.92012012012013882E-03  8.10227250743849492E-01
9.93009009009010978E-03  8.10992927418549558E-01
9.94006006006007900E-03  8.11758604093249514E-01
9.95003003003004996E-03  8.12524280767949691E-01
9.96000000000001919E-03  8.13289957442649647E-01
