0.00000000000000000E+00  0.00000000000000000E+00
9.96996996996999593E-06  5.59045913127103992E-03
1.99399399399399919E-05  1.11809182625420798E-02
2.99099099099099861E-05  1.67713773938131180E-02
3.98798798798799837E-05  2.23618365250841597E-02
4.98498498498499814E-05  2.79522956563552014E-02
5.98198198198199722E-05  3.35427547876262361E-02
6.97897897897899698E-05  3.91332139188972777E-02
7.97597597597599675E-05  4.47236730501683194E-02
8.97297297297299651E-05  5.03141321814393611E-02
9.96996996996999627E-05  5.59045913127104027E-02
1.09669669669669960E-04  6.14950504439814444E-02
1.19639639639639944E-04  6.70855095752524722E-02
1.29609609609609956E-04  7.26759687065235277E-02
1.39579579579579940E-04  7.82664278377945555E-02
1.49549549549549951E-04  8.38568869690656110E-02
1.59519519519519935E-04  8.94473461003366388E-02
1.69489489489489919E-04  9.03613379807017003E-02
1.79459459459459930E-04  9.10385467091223283E-02
1.89429429429429914E-04  9.17157554375429562E-02
1.99399399399399925E-04  9.23929641659635981E-02
2.09369369369369909E-04  9.30701728943842399E-02
2.19339339339339921E-04  9.37473816228048679E-02
2.29309309309309905E-04  9.44245903512254958E-02
2.39279279279279889E-04  9.51017990796461377E-02
2.49249249249249873E-04  9.57790078080667656E-02
2.59219219219219911E-04  9.64562165364874075E-02
2.69189189189189895E-04  9.71334252649080354E-02
2.79159159159159879E-04  9.78106339933286772E-02
2.89129129129129863E-04  9.84878427217493052E-02
2.99099099099099902E-04  9.91650514501699470E-02
3.09069069069069886E-04  9.98422601785905750E-02
3.19039039039039870E-04  1.00519468907011217E-01
3.29009009009009854E-04  1.01196677635431845E-01
3.38978978978979838E-04  1.01873886363852473E-01
3.48948948948949876E-04  1.02551095092273115E-01
3.58918918918919860E-04  1.03228303820693743E-01
3.68888888888889844E-04  1.03905512549114384E-01
3.78858858858859828E-04  1.04582721277535012E-01
3.88828828828829867E-04  1.05259930005955654E-01
3.98798798798799851E-04  1.05937138734376282E-01
4.08768768768769835E-04  1.06614347462796910E-01
4.18738738738739819E-04  1.07291556191217552E-01
4.28708708708709803E-04  1.07968764919638180E-01
4.38678678678679841E-04  1.08645973648058822E-01
4.48648648648649825E-04  1.09323182376479450E-01
4.58618618618619809E-04  1.10000391104900092E-01
4.68588588588589794E-04  1.10677599833320719E-01
4.78558558558559778E-04  1.11354808561741347E-01
4.88528528528529762E-04  1.12032017290161989E-01
4.98498498498499746E-04  1.12709226018582631E-01
5.08468468468469838E-04  1.13386434747003273E-01
5.18438438438439822E-04  1.14063643475423887E-01
5.28408408408409806E-04  1.14740852203844529E-01
5.38378378378379790E-04  1.15418060932265171E-01
5.48348348348349775E-04  1.16095269660685799E-01
5.58318318318319759E-04  1.16772478389106427E-01
5.68288288288289743E-04  1.17449687117527068E-01
5.78258258258259727E-04  1.18126895845947696E-01
5.88228228228229711E-04  1.18804104574368324E-01
5.98198198198199803E-04  1.19481313302788966E-01
6.08168168168169787E-04  1.20158522031209608E-01
6.18138138138139772E-04  1.20835730759630236E-01
6.28108108108109756E-04  1.21512939488050864E-01
6.38078078078079740E-04  1.22190148216471506E-01
6.48048048048049724E-04  1.22867356944892148E-01
6.58018018018019708E-04  1.23544565673312762E-01
6.67987987987989692E-04  1.24221774401733404E-01
6.77957957957959676E-04  1.24898983130154045E-01
6.87927927927929768E-04  1.25576191858574687E-01
6.97897897897899753E-04  1.26253400586995301E-01
7.07867867867869737E-04  1.26930609315415943E-01
7.17837837837839721E-04  1.27607818043836585E-01
7.27807807807809705E-04  1.28285026772257227E-01
7.37777777777779689E-04  1.28962235500677841E-01
7.47747747747749673E-04  1.29639444229098483E-01
7.57717717717719657E-04  1.30316652957519097E-01
7.67687687687689641E-04  1.30993861685939739E-01
7.77657657657659734E-04  1.31671070414360381E-01
7.87627627627629718E-04  1.32348279142781022E-01
7.97597597597599702E-04  1.33025487871201664E-01
8.07567567567569686E-04  1.33702696599622278E-01
8.17537537537539670E-04  1.34379905328042920E-01
8.27507507507509654E-04  1.35057114056463562E-01
8.37477477477479638E-04  1.35734322784884176E-01
8.47447447447449622E-04  1.36411531513304818E-01
8.57417417417419606E-04  1.37088740241725460E-01
8.67387387387389699E-04  1.37765948970146102E-01
8.77357357357359683E-04  1.38443157698566743E-01
8.87327327327329667E-04  1.39120366426987357E-01
8.97297297297299651E-04  1.39797575155407999E-01
9.07267267267269635E-04  1.40474783883828613E-01
9.17237237237239619E-04  1.41151992612249255E-01
9.27207207207209603E-04  1.41829201340669897E-01
9.37177177177179587E-04  1.42506410069090539E-01
9.47147147147149571E-04  1.43183618797511181E-01
9.57117117117119555E-04  1.43860827525931795E-01
9.67087087087089648E-04  1.44538036254352437E-01
9.77057057057059523E-04  1.45215244982773051E-01
9.87027027027029616E-04  1.45892453711193693E-01
9.96996996996999492E-04  1.46569662439614334E-01
1.00696696696696958E-03  1.47246871168034976E-01
1.01693693693693968E-03  1.47924079896455618E-01
1.02690690690690955E-03  1.48601288624876232E-01
1.03687687687687964E-03  1.49278497353296874E-01
1.04684684684684952E-03  1.49955706081717488E-01
1.05681681681681961E-03  1.50632914810138130E-01
1.06678678678678949E-03  1.51310123538558772E-01
1.07675675675675958E-03  1.51987332266979414E-01
1.08672672672672946E-03  1.52664540995400055E-01
1.09669669669669955E-03  1.53341749723820697E-01
1.10666666666666964E-03  1.54018958452241339E-01
1.11663663663663952E-03  1.54696167180661925E-01
1.12660660660660961E-03  1.55373375909082567E-01
1.13657657657657949E-03  1.56050584637503209E-01
1.14654654654654958E-03  1.56727793365923851E-01
1.15651651651651945E-03  1.57405002094344493E-01
1.16648648648648955E-03  1.58082210822765135E-01
1.17645645645645942E-03  1.58759419551185749E-01
1.18642642642642951E-03  1.59436628279606391E-01
1.19639639639639961E-03  1.60113837008027032E-01
1.20636636636636948E-03  1.60791045736447646E-01
1.21633633633633957E-03  1.61468254464868288E-01
1.22630630630630945E-03  1.62145463193288930E-01
1.23627627627627954E-03  1.62822671921709572E-01
1.24624624624624942E-03  1.63499880650130186E-01
1.25621621621621951E-03  1.64177089378550828E-01
1.26618618618618939E-03  1.64854298106971442E-01
1.27615615615615948E-03  1.65531506835392084E-01
1.28612612612612957E-03  1.66208715563812726E-01
1.29609609609609945E-03  1.66885924292233367E-01
1.30606606606606954E-03  1.67563133020654009E-01
1.31603603603603942E-03  1.68240341749074623E-01
1.32600600600600951E-03  1.68917550477495265E-01
1.33597597597597938E-03  1.69594759205915879E-01
1.34594594594594948E-03  1.70271967934336521E-01
1.35591591591591935E-03  1.70949176662757163E-01
1.36588588588588944E-03  1.71626385391177805E-01
1.37585585585585954E-03  1.72303594119598447E-01
1.38582582582582941E-03  1.72980802848019088E-01
1.39579579579579951E-03  1.73658011576439730E-01
1.40576576576576938E-03  1.74335220304860317E-01
1.41573573573573947E-03  1.75012429033280958E-01
1.42570570570570935E-03  1.75689637761701600E-01
1.43567567567567944E-03  1.76366846490122242E-01
1.44564564564564932E-03  1.77044055218542884E-01
1.45561561561561941E-03  1.77721263946963526E-01
1.46558558558558950E-03  1.78398472675384168E-01
1.47555555555555938E-03  1.79075681403804782E-01
1.48552552552552947E-03  1.79752890132225424E-01
1.49549549549549935E-03  1.80430098860646038E-01
1.50546546546546944E-03  1.81107307589066679E-01
1.51543543543543931E-03  1.81784516317487321E-01
1.52540540540540941E-03  1.82461725045907963E-01
1.53537537537537928E-03  1.83138933774328577E-01
1.54534534534534937E-03  1.83816142502749219E-01
1.55531531531531947E-03  1.84493351231169861E-01
1.56528528528528934E-03  1.85170559959590475E-01
1.57525525525525944E-03  1.85847768688011117E-01
1.58522522522522931E-03  1.86524977416431759E-01
1.59519519519519940E-03  1.87202186144852400E-01
1.60516516516516928E-03  1.87879394873273015E-01
1.61513513513513937E-03  1.88556603601693656E-01
1.62510510510510925E-03  1.89233812330114270E-01
1.63507507507507934E-03  1.89911021058534912E-01
1.64504504504504943E-03  1.90588229786955554E-01
1.65501501501501931E-03  1.91265438515376196E-01
1.66498498498498940E-03  1.91942647243796838E-01
1.67495495495495928E-03  1.92619855972217480E-01
1.68492492492492937E-03  1.93297064700638122E-01
1.69489489489489924E-03  1.93974273429058708E-01
1.70486486486486934E-03  1.94651482157479350E-01
1.71483483483483921E-03  1.95328690885899992E-01
1.72480480480480930E-03  1.96005899614320633E-01
1.73477477477477940E-03  1.96683108342741275E-01
1.74474474474474927E-03  1.97360317071161917E-01
1.75471471471471937E-03  1.98037525799582559E-01
1.76468468468468924E-03  1.98714734528003173E-01
1.77465465465465933E-03  1.99391943256423815E-01
1.78462462462462921E-03  2.00069151984844429E-01
1.79459459459459930E-03  2.00746360713265071E-01
1.80456456456456918E-03  2.01423569441685713E-01
1.81453453453453927E-03  2.02100778170106354E-01
1.82450450450450936E-03  2.02777986898526996E-01
1.83447447447447924E-03  2.03455195626947610E-01
1.84444444444444933E-03  2.04132404355368224E-01
1.85441441441441921E-03  2.04809613083788866E-01
1.86438438438438930E-03  2.05486821812209508E-01
1.87435435435435917E-03  2.06164030540630150E-01
1.88432432432432927E-03  2.06841239269050792E-01
1.89429429429429914E-03  2.07518447997471434E-01
1.90426426426426923E-03  2.08195656725892075E-01
1.91423423423423911E-03  2.08872865454312662E-01
1.92420420420420920E-03  2.09550074182733304E-01
1.93417417417417930E-03  2.10227282911153945E-01
1.94414414414414917E-03  2.10904491639574587E-01
1.95411411411411905E-03  2.11581700367995229E-01
1.96408408408408914E-03  2.12258909096415871E-01
1.97405405405405923E-03  2.12936117824836513E-01
1.98402402402402932E-03  2.13613326553257155E-01
1.99399399399399898E-03  2.14290535281677741E-01
2.00396396396396908E-03  2.14967744010098383E-01
2.01393393393393917E-03  2.15644952738519025E-01
2.02390390390390926E-03  2.16322161466939666E-01
2.03387387387387935E-03  2.16999370195360308E-01
2.04384384384384901E-03  2.17676578923780895E-01
2.05381381381381910E-03  2.18353787652201536E-01
2.06378378378378920E-03  2.19030996380622178E-01
2.07375375375375929E-03  2.19708205109042820E-01
2.08372372372372895E-03  2.20385413837463462E-01
2.09369369369369904E-03  2.21062622565884104E-01
2.10366366366366913E-03  2.21739831294304746E-01
2.11363363363363923E-03  2.22417040022725387E-01
2.12360360360360932E-03  2.23094248751146029E-01
2.13357357357357898E-03  2.23771457479566616E-01
2.14354354354354907E-03  2.24448666207987257E-01
2.15351351351351916E-03  2.25125874936407899E-01
2.16348348348348925E-03  2.25803083664828541E-01
2.17345345345345891E-03  2.26480292393249183E-01
2.18342342342342901E-03  2.27157501121669825E-01
2.19339339339339910E-03  2.27834709850090467E-01
2.20336336336336919E-03  2.28511918578511108E-01
2.21333333333333928E-03  2.29189127306931750E-01
2.22330330330330894E-03  2.29866336035352337E-01
2.23327327327327903E-03  2.30543544763772978E-01
2.24324324324324913E-03  2.31220753492193620E-01
2.25321321321321922E-03  2.31897962220614262E-01
2.26318318318318888E-03  2.32575170949034848E-01
2.27315315315315897E-03  2.33252379677455490E-01
2.28312312312312906E-03  2.33929588405876132E-01
2.29309309309309916E-03  2.34606797134296774E-01
2.30306306306306925E-03  2.35284005862717416E-01
2.31303303303303891E-03  2.35961214591138058E-01
2.32300300300300900E-03  2.36638423319558699E-01
2.33297297297297909E-03  2.37315632047979341E-01
2.34294294294294918E-03  2.37992840776399983E-01
2.35291291291291884E-03  2.38670049504820569E-01
2.36288288288288894E-03  2.39347258233241211E-01
2.37285285285285903E-03  2.40024466961661853E-01
2.38282282282282912E-03  2.40701675690082495E-01
2.39279279279279921E-03  2.41378884418503137E-01
2.40276276276276887E-03  2.42056093146923779E-01
2.41273273273273896E-03  2.42733301875344420E-01
2.42270270270270906E-03  2.43410510603765007E-01
2.43267267267267915E-03  2.44087719332185649E-01
2.44264264264264881E-03  2.44764928060606290E-01
2.45261261261261890E-03  2.45442136789026932E-01
2.46258258258258899E-03  2.46119345517447574E-01
2.47255255255255909E-03  2.46796554245868216E-01
2.48252252252252918E-03  2.47473762974288858E-01
2.49249249249249884E-03  2.48150971702709444E-01
2.50246246246246893E-03  2.48828180431130086E-01
2.51243243243243902E-03  2.49505389159550728E-01
2.52240240240240911E-03  2.50182597887971370E-01
2.53237237237237877E-03  2.50859806616392012E-01
2.54234234234234887E-03  2.51537015344812653E-01
2.55231231231231896E-03  2.52214224073233295E-01
2.56228228228228905E-03  2.52891432801653937E-01
2.57225225225225914E-03  2.53568641530074579E-01
2.58222222222222880E-03  2.54245850258495165E-01
2.59219219219219889E-03  2.54923058986915807E-01
2.60216216216216899E-03  2.55600267715336449E-01
2.61213213213213908E-03  2.56277476443757091E-01
2.62210210210210874E-03  2.56954685172177677E-01
2.63207207207207883E-03  2.57631893900598319E-01
2.64204204204204892E-03  2.58309102629018961E-01
2.65201201201201902E-03  2.58986311357439603E-01
2.66198198198198911E-03  2.59663520085860244E-01
2.67195195195195877E-03  2.60340728814280886E-01
2.68192192192192886E-03  2.61017937542701528E-01
2.69189189189189895E-03  2.61695146271122170E-01
2.70186186186186904E-03  2.62372354999542812E-01
2.71183183183183870E-03  2.63049563727963398E-01
2.72180180180180880E-03  2.63726772456384040E-01
2.73177177177177889E-03  2.64403981184804682E-01
2.74174174174174898E-03  2.65081189913225324E-01
2.75171171171171907E-03  2.65758398641645965E-01
2.76168168168168873E-03  2.66435607370066607E-01
2.77165165165165883E-03  2.67112816098487249E-01
2.78162162162162892E-03  2.67790024826907891E-01
2.79159159159159901E-03  2.68467233555328533E-01
2.80156156156156867E-03  2.69144442283749119E-01
2.81153153153153876E-03  2.69821651012169761E-01
2.82150150150150885E-03  2.70498859740590403E-01
2.83147147147147895E-03  2.71176068469011045E-01
2.84144144144144904E-03  2.71853277197431686E-01
2.85141141141141870E-03  2.72530485925852273E-01
2.86138138138138879E-03  2.73207694654272915E-01
2.87135135135135888E-03  2.73884903382693556E-01
2.88132132132132898E-03  2.74562112111114198E-01
2.89129129129129863E-03  2.75239320839534840E-01
2.90126126126126873E-03  2.75916529567955482E-01
2.91123123123123882E-03  2.76593738296376124E-01
2.92120120120120891E-03  2.77270947024796766E-01
2.93117117117117900E-03  2.77948155753217407E-01
2.94114114114114866E-03  2.78625364481637994E-01
2.95111111111111876E-03  2.79302573210058636E-01
2.96108108108108885E-03  2.79979781938479277E-01
2.97105105105105894E-03  2.80656990666899919E-01
2.98102102102102860E-03  2.81334199395320561E-01
2.99099099099099869E-03  2.82011408123741203E-01
3.00096096096096878E-03  2.82688616852161789E-01
3.01093093093093888E-03  2.83365825580582431E-01
3.02090090090090897E-03  2.84043034309003073E-01
3.03087087087087863E-03  2.84720243037423715E-01
3.04084084084084872E-03  2.85397451765844357E-01
3.05081081081081881E-03  2.86074660494264998E-01
3.06078078078078891E-03  2.86751869222685640E-01
3.07075075075075856E-03  2.87429077951106227E-01
3.08072072072072866E-03  2.88106286679526868E-01
3.09069069069069875E-03  2.88783495407947510E-01
3.10066066066066884E-03  2.89460704136368152E-01
3.11063063063063893E-03  2.90137912864788794E-01
3.12060060060060859E-03  2.90815121593209436E-01
3.13057057057057869E-03  2.91492330321630078E-01
3.14054054054054878E-03  2.92169539050050719E-01
3.15051051051051887E-03  2.92846747778471361E-01
3.16048048048048853E-03  2.93523956506891948E-01
3.17045045045045862E-03  2.94201165235312589E-01
3.18042042042042871E-03  2.94878373963733231E-01
3.19039039039039881E-03  2.95555582692153873E-01
3.20036036036036890E-03  2.96232791420574515E-01
3.21033033033033856E-03  2.96910000148995101E-01
3.22030030030030865E-03  2.97587208877415743E-01
3.23027027027027874E-03  2.98264417605836385E-01
3.24024024024024884E-03  2.98941626334257027E-01
3.25021021021021849E-03  2.99618835062677669E-01
3.26018018018018859E-03  3.00296043791098310E-01
3.27015015015015868E-03  3.00973252519518952E-01
3.28012012012012877E-03  3.01650461247939594E-01
3.29009009009009886E-03  3.02327669976360236E-01
3.30006006006006852E-03  3.03004878704780822E-01
3.31003003003003862E-03  3.03682087433201464E-01
3.32000000000000871E-03  3.04359296161622106E-01
3.32996996996997880E-03  3.05036504890042748E-01
3.33993993993994846E-03  3.05713713618463390E-01
3.34990990990991855E-03  3.06390922346884031E-01
3.35987987987988864E-03  3.07068131075304673E-01
3.36984984984985874E-03  3.07745339803725315E-01
3.37981981981982883E-03  3.08422548532145957E-01
3.38978978978979849E-03  3.09099757260566543E-01
3.39975975975976858E-03  3.09776965988987185E-01
3.40972972972973867E-03  3.10454174717407827E-01
3.41969969969970877E-03  3.11131383445828469E-01
3.42966966966967842E-03  3.11808592174249055E-01
3.43963963963964852E-03  3.12485800902669697E-01
3.44960960960961861E-03  3.13163009631090339E-01
3.45957957957958870E-03  3.13840218359510981E-01
3.46954954954955879E-03  3.14517427087931623E-01
3.47951951951952845E-03  3.15194635816352264E-01
3.48948948948949855E-03  3.15871844544772906E-01
3.49945945945946864E-03  3.16549053273193548E-01
3.50942942942943873E-03  3.17226262001614190E-01
3.51939939939940839E-03  3.17903470730034776E-01
3.52936936936937848E-03  3.18580679458455418E-01
3.53933933933934857E-03  3.19257888186876060E-01
3.54930930930931867E-03  3.19935096915296702E-01
3.55927927927928876E-03  3.20612305643717344E-01
3.56924924924925842E-03  3.21289514372137985E-01
3.57921921921922851E-03  3.21966723100558572E-01
3.58918918918919860E-03  3.22643931828979214E-01
3.59915915915916870E-03  3.23321140557399855E-01
3.60912912912913835E-03  3.23998349285820497E-01
3.61909909909910845E-03  3.24675558014241139E-01
3.62906906906907854E-03  3.25352766742661781E-01
3.63903903903904863E-03  3.26029975471082423E-01
3.64900900900901872E-03  3.26707184199503065E-01
3.65897897897898838E-03  3.27384392927923651E-01
3.66894894894895848E-03  3.28061601656344293E-01
3.67891891891892857E-03  3.28738810384764935E-01
3.68888888888889866E-03  3.29416019113185576E-01
3.69885885885886832E-03  3.30093227841606218E-01
3.70882882882883841E-03  3.30770436570026860E-01
3.71879879879880850E-03  3.31447645298447502E-01
3.72876876876877860E-03  3.32124854026868144E-01
3.73873873873874869E-03  3.32802062755288786E-01
3.74870870870871835E-03  3.33479271483709372E-01
3.75867867867868844E-03  3.34156480212130014E-01
3.76864864864865853E-03  3.34833688940550656E-01
3.77861861861862863E-03  3.35510897668971297E-01
3.78858858858859828E-03  3.36188106397391939E-01
3.79855855855856838E-03  3.36865315125812581E-01
3.80852852852853847E-03  3.37542523854233223E-01
3.81849849849850856E-03  3.38219732582653865E-01
3.82846846846847822E-03  3.38896941311074451E-01
3.83843843843844831E-03  3.39574150039495093E-01
3.84840840840841841E-03  3.40251358767915735E-01
3.85837837837838850E-03  3.40928567496336377E-01
3.86834834834835859E-03  3.41605776224757018E-01
3.87831831831832825E-03  3.42282984953177605E-01
3.88828828828829834E-03  3.42960193681598247E-01
3.89825825825826843E-03  3.43637402410018888E-01
3.90822822822823809E-03  3.44314611138439530E-01
3.91819819819820819E-03  3.44991819866860172E-01
3.92816816816817828E-03  3.45669028595280814E-01
3.93813813813814837E-03  3.46346237323701456E-01
3.94810810810811846E-03  3.47023446052122098E-01
3.95807807807808856E-03  3.47700654780542739E-01
3.96804804804805865E-03  3.48377863508963381E-01
3.97801801801802874E-03  3.49055072237384023E-01
3.98798798798799797E-03  3.49732280965804609E-01
3.99795795795796806E-03  3.50409489694225251E-01
4.00792792792793815E-03  3.51086698422645893E-01
4.01789789789790824E-03  3.51763907151066535E-01
4.02786786786787834E-03  3.52441115879487177E-01
4.03783783783784843E-03  3.53118324607907819E-01
4.04780780780781852E-03  3.53795533336328460E-01
4.05777777777778861E-03  3.54472742064749102E-01
4.06774774774775871E-03  3.55149950793169744E-01
4.07771771771772793E-03  3.55827159521590275E-01
4.08768768768769802E-03  3.56504368250010917E-01
4.09765765765766812E-03  3.57181576978431559E-01
4.10762762762763821E-03  3.57858785706852200E-01
4.11759759759760830E-03  3.58535994435272842E-01
4.12756756756757839E-03  3.59213203163693484E-01
4.13753753753754849E-03  3.59890411892114126E-01
4.14750750750751858E-03  3.60567620620534768E-01
4.15747747747748867E-03  3.61244829348955410E-01
4.16744744744745790E-03  3.61922038077375996E-01
4.17741741741742799E-03  3.62599246805796638E-01
4.18738738738739808E-03  3.63276455534217280E-01
4.19735735735736817E-03  3.63953664262637921E-01
4.20732732732733827E-03  3.64630872991058563E-01
4.21729729729730836E-03  3.65308081719479205E-01
4.22726726726727845E-03  3.65985290447899847E-01
4.23723723723724854E-03  3.66662499176320489E-01
4.24720720720721864E-03  3.67339707904741131E-01
4.25717717717718786E-03  3.68016916633161717E-01
4.26714714714715795E-03  3.68694125361582359E-01
4.27711711711712805E-03  3.69371334090003001E-01
4.28708708708709814E-03  3.70048542818423642E-01
4.29705705705706823E-03  3.70725751546844284E-01
4.30702702702703832E-03  3.71402960275264926E-01
4.31699699699700842E-03  3.72080169003685568E-01
4.32696696696697851E-03  3.72757377732106210E-01
4.33693693693694860E-03  3.73434586460526852E-01
4.34690690690691783E-03  3.74111795188947438E-01
4.35687687687688792E-03  3.74789003917368080E-01
4.36684684684685801E-03  3.75466212645788722E-01
4.37681681681682810E-03  3.76143421374209364E-01
4.38678678678679820E-03  3.76820630102630005E-01
4.39675675675676829E-03  3.77497838831050647E-01
4.40672672672673838E-03  3.78175047559471289E-01
4.41669669669670847E-03  3.78852256287891931E-01
4.42666666666667857E-03  3.79529465016312573E-01
4.43663663663664779E-03  3.80206673744733159E-01
4.44660660660661788E-03  3.80883882473153745E-01
4.45657657657658798E-03  3.81561091201574387E-01
4.46654654654655807E-03  3.82238299929995029E-01
4.47651651651652816E-03  3.82915508658415671E-01
4.48648648648649825E-03  3.83592717386836313E-01
4.49645645645646835E-03  3.84269926115256955E-01
4.50642642642643844E-03  3.84947134843677596E-01
4.51639639639640853E-03  3.85624343572098238E-01
4.52636636636637776E-03  3.86301552300518825E-01
4.53633633633634785E-03  3.86978761028939466E-01
4.54630630630631794E-03  3.87655969757360108E-01
4.55627627627628803E-03  3.88333178485780750E-01
4.56624624624625813E-03  3.89010387214201392E-01
4.57621621621622822E-03  3.89687595942622034E-01
4.58618618618619831E-03  3.90364804671042676E-01
4.59615615615616840E-03  3.91042013399463317E-01
4.60612612612613850E-03  3.91719222127883959E-01
4.61609609609610772E-03  3.92396430856304546E-01
4.62606606606607781E-03  3.93073639584725187E-01
4.63603603603604791E-03  3.93750848313145829E-01
4.64600600600601800E-03  3.94428057041566471E-01
4.65597597597598809E-03  3.95105265769987113E-01
4.66594594594595818E-03  3.95782474498407755E-01
4.67591591591592828E-03  3.96459683226828397E-01
4.68588588588589837E-03  3.97136891955249038E-01
4.69585585585586846E-03  3.97814100683669680E-01
4.70582582582583769E-03  3.98491309412090267E-01
4.71579579579580778E-03  3.99168518140510908E-01
4.72576576576577787E-03  3.99845726868931550E-01
4.73573573573574796E-03  4.00522935597352192E-01
4.74570570570571806E-03  4.01200144325772834E-01
4.75567567567568815E-03  4.01877353054193476E-01
4.76564564564565824E-03  4.02554561782614118E-01
4.77561561561562833E-03  4.03231770511034759E-01
4.78558558558559843E-03  4.03908979239455401E-01
4.79555555555556765E-03  4.04586187967875988E-01
4.80552552552553774E-03  4.05263396696296629E-01
4.81549549549550784E-03  4.05940605424717271E-01
4.82546546546547793E-03  4.06617814153137913E-01
4.83543543543544802E-03  4.07295022881558555E-01
4.84540540540541811E-03  4.07972231609979141E-01
4.85537537537538821E-03  4.08649440338399783E-01
4.86534534534535830E-03  4.09326649066820425E-01
4.87531531531532839E-03  4.10003857795241067E-01
4.88528528528529762E-03  4.10681066523661653E-01
4.89525525525526771E-03  4.11358275252082295E-01
4.90522522522523780E-03  4.12035483980502937E-01
4.91519519519520789E-03  4.12712692708923579E-01
4.92516516516517799E-03  4.13389901437344220E-01
4.93513513513514808E-03  4.14067110165764862E-01
4.94510510510511817E-03  4.14744318894185504E-01
4.95507507507508826E-03  4.15421527622606146E-01
4.96504504504505836E-03  4.16098736351026788E-01
4.97501501501502758E-03  4.16775945079447374E-01
4.98498498498499767E-03  4.17453153807868016E-01
4.99495495495496777E-03  4.18130362536288658E-01
5.00492492492493786E-03  4.18807571264709300E-01
5.01489489489490795E-03  4.19484779993129941E-01
5.02486486486487804E-03  4.20161988721550583E-01
5.03483483483484814E-03  4.20839197449971225E-01
5.04480480480481823E-03  4.21516406178391867E-01
5.05477477477478832E-03  4.22193614906812509E-01
5.06474474474475755E-03  4.22870823635233095E-01
5.07471471471472764E-03  4.23548032363653737E-01
5.08468468468469773E-03  4.24225241092074379E-01
5.09465465465466782E-03  4.24902449820495021E-01
5.10462462462463792E-03  4.25579658548915662E-01
5.11459459459460801E-03  4.26256867277336304E-01
5.12456456456457810E-03  4.26934076005756946E-01
5.13453453453454819E-03  4.27611284734177588E-01
5.14450450450451829E-03  4.28288493462598230E-01
5.15447447447448751E-03  4.28965702191018816E-01
5.16444444444445760E-03  4.29642910919439458E-01
5.17441441441442770E-03  4.30320119647860100E-01
5.18438438438439779E-03  4.30997328376280742E-01
5.19435435435436788E-03  4.31674537104701384E-01
5.20432432432433797E-03  4.32351745833122025E-01
5.21429429429430807E-03  4.33028954561542667E-01
5.22426426426427816E-03  4.33706163289963309E-01
5.23423423423424825E-03  4.34383372018383895E-01
5.24420420420421748E-03  4.35060580746804482E-01
5.25417417417418757E-03  4.35737789475225124E-01
5.26414414414415766E-03  4.36414998203645765E-01
5.27411411411412775E-03  4.37092206932066407E-01
5.28408408408409785E-03  4.37769415660487049E-01
5.29405405405406794E-03  4.38446624388907691E-01
5.30402402402403803E-03  4.39123833117328333E-01
5.31399399399400812E-03  4.39801041845748975E-01
5.32396396396397822E-03  4.40478250574169616E-01
5.33393393393394744E-03  4.41155459302590203E-01
5.34390390390391753E-03  4.41755388594591569E-01
5.35387387387388763E-03  4.42286515357075083E-01
5.36384384384385772E-03  4.42817642119558597E-01
5.37381381381382781E-03  4.43348768882042110E-01
5.38378378378379790E-03  4.43879895644525624E-01
5.39375375375376800E-03  4.44411022407009138E-01
5.40372372372373809E-03  4.44942149169492707E-01
5.41369369369370818E-03  4.45473275931976220E-01
5.42366366366367741E-03  4.46004402694459678E-01
5.43363363363364750E-03  4.46535529456943192E-01
5.44360360360361759E-03  4.47066656219426706E-01
5.45357357357358769E-03  4.47597782981910219E-01
5.46354354354355778E-03  4.48128909744393733E-01
5.47351351351352787E-03  4.48660036506877247E-01
5.48348348348349796E-03  4.49191163269360760E-01
5.49345345345346805E-03  4.49722290031844274E-01
5.50342342342343815E-03  4.50253416794327788E-01
5.51339339339340737E-03  4.50784543556811246E-01
5.52336336336337747E-03  4.51315670319294759E-01
5.53333333333334756E-03  4.51846797081778273E-01
5.54330330330331765E-03  4.52377923844261787E-01
5.55327327327328774E-03  4.52909050606745300E-01
5.56324324324325784E-03  4.53440177369228814E-01
5.57321321321322793E-03  4.53971304131712383E-01
5.58318318318319802E-03  4.54502430894195897E-01
5.59315315315316811E-03  4.55033557656679410E-01
5.60312312312313734E-03  4.55564684419162869E-01
5.61309309309310743E-03  4.56095811181646382E-01
5.62306306306307752E-03  4.56626937944129896E-01
5.63303303303304762E-03  4.57158064706613410E-01
5.64300300300301771E-03  4.57689191469096923E-01
5.65297297297298780E-03  4.58220318231580437E-01
5.66294294294295789E-03  4.58751444994063950E-01
5.67291291291292799E-03  4.59282571756547464E-01
5.68288288288289808E-03  4.59813698519030978E-01
5.69285285285286730E-03  4.60344825281514436E-01
5.70282282282283740E-03  4.60875952043997950E-01
5.71279279279280749E-03  4.61407078806481463E-01
5.72276276276277758E-03  4.61938205568964977E-01
5.73273273273274767E-03  4.62469332331448491E-01
5.74270270270271777E-03  4.63000459093932060E-01
5.75267267267268786E-03  4.63531585856415573E-01
5.76264264264265795E-03  4.64062712618899087E-01
5.77261261261262804E-03  4.64593839381382601E-01
5.78258258258259727E-03  4.65124966143866059E-01
5.79255255255256736E-03  4.65656092906349572E-01
5.80252252252253745E-03  4.66187219668833086E-01
5.81249249249250755E-03  4.66718346431316600E-01
5.82246246246247764E-03  4.67249473193800113E-01
5.83243243243244773E-03  4.67780599956283627E-01
5.84240240240241782E-03  4.68311726718767141E-01
5.85237237237238792E-03  4.68842853481250654E-01
5.86234234234235801E-03  4.69373980243734168E-01
5.87231231231232723E-03  4.69905107006217626E-01
5.88228228228229733E-03  4.70436233768701140E-01
5.89225225225226742E-03  4.70967360531184653E-01
5.90222222222223751E-03  4.71498487293668167E-01
5.91219219219220760E-03  4.72029614056151736E-01
5.92216216216217770E-03  4.72560740818635250E-01
5.93213213213214779E-03  4.73091867581118763E-01
5.94210210210211788E-03  4.73622994343602277E-01
5.95207207207208797E-03  4.74154121106085791E-01
5.96204204204205720E-03  4.74685247868569249E-01
5.97201201201202729E-03  4.75216374631052763E-01
5.98198198198199738E-03  4.75747501393536276E-01
5.99195195195196748E-03  4.76278628156019790E-01
6.00192192192193757E-03  4.76809754918503304E-01
6.01189189189190766E-03  4.77340881680986817E-01
6.02186186186187775E-03  4.77872008443470331E-01
6.03183183183184785E-03  4.78403135205953844E-01
6.04180180180181794E-03  4.78934261968437358E-01
6.05177177177178716E-03  4.79465388730920816E-01
6.06174174174175726E-03  4.79996515493404330E-01
6.07171171171172735E-03  4.80527642255887899E-01
6.08168168168169744E-03  4.81058769018371413E-01
6.09165165165166753E-03  4.81589895780854926E-01
6.10162162162163763E-03  4.82121022543338440E-01
6.11159159159160772E-03  4.82652149305821954E-01
6.12156156156157781E-03  4.83183276068305467E-01
6.13153153153154790E-03  4.83714402830788981E-01
6.14150150150151713E-03  4.84245529593272439E-01
6.15147147147148722E-03  4.84776656355755953E-01
6.16144144144145731E-03  4.85307783118239466E-01
6.17141141141142741E-03  4.85838909880722980E-01
6.18138138138139750E-03  4.86370036643206494E-01
6.19135135135136759E-03  4.86901163405690007E-01
6.20132132132133768E-03  4.87432290168173521E-01
6.21129129129130778E-03  4.87963416930657035E-01
6.22126126126127787E-03  4.88494543693140548E-01
6.23123123123124709E-03  4.89025670455624006E-01
6.24120120120121719E-03  4.89556797218107576E-01
6.25117117117118728E-03  4.90087923980591089E-01
6.26114114114115737E-03  4.90619050743074603E-01
6.27111111111112746E-03  4.91150177505558116E-01
6.28108108108109756E-03  4.91681304268041630E-01
6.29105105105106765E-03  4.92212431030525144E-01
6.30102102102103774E-03  4.92743557793008657E-01
6.31099099099100783E-03  4.93274684555492171E-01
6.32096096096097706E-03  4.93805811317975629E-01
6.33093093093094715E-03  4.94336938080459143E-01
6.34090090090091724E-03  4.94868064842942657E-01
6.35087087087088734E-03  4.95399191605426170E-01
6.36084084084085743E-03  4.95930318367909684E-01
6.37081081081082752E-03  4.96461445130393197E-01
6.38078078078079761E-03  4.96992571892876711E-01
6.39075075075076771E-03  4.97523698655360225E-01
6.40072072072073780E-03  4.98054825417843738E-01
6.41069069069070702E-03  4.98585952180327252E-01
6.42066066066067712E-03  4.99117078942810766E-01
6.43063063063064721E-03  4.99648205705294279E-01
6.44060060060061730E-03  5.00179332467777793E-01
6.45057057057058739E-03  5.00710459230261362E-01
6.46054054054055749E-03  5.01241585992744820E-01
6.47051051051052758E-03  5.01772712755228278E-01
6.48048048048049767E-03  5.02303839517711848E-01
6.49045045045046776E-03  5.02834966280195417E-01
6.50042042042043699E-03  5.03366093042678875E-01
6.51039039039040708E-03  5.03897219805162333E-01
6.52036036036037717E-03  5.04428346567645791E-01
6.53033033033034727E-03  5.04959473330129360E-01
6.54030030030031736E-03  5.05490600092612929E-01
6.55027027027028745E-03  5.06021726855096388E-01
6.56024024024025754E-03  5.06552853617579846E-01
6.57021021021022764E-03  5.07083980380063415E-01
6.58018018018019773E-03  5.07615107142546984E-01
6.59015015015016695E-03  5.08146233905030442E-01
6.60012012012013705E-03  5.08677360667513900E-01
6.61009009009010714E-03  5.09208487429997469E-01
6.62006006006007723E-03  5.09739614192481039E-01
6.63003003003004732E-03  5.10270740954964497E-01
6.64000000000001742E-03  5.10801867717447955E-01
6.64996996996998751E-03  5.11332994479931524E-01
6.65993993993995760E-03  5.11864121242415093E-01
6.66990990990992769E-03  5.12395248004898551E-01
6.67987987987989692E-03  5.12926374767382010E-01
6.68984984984986701E-03  5.13457501529865468E-01
6.69981981981983710E-03  5.13988628292349037E-01
6.70978978978980720E-03  5.14519755054832606E-01
6.71975975975977729E-03  5.15050881817316064E-01
6.72972972972974738E-03  5.15582008579799522E-01
6.73969969969971747E-03  5.16113135342283091E-01
6.74966966966968757E-03  5.16644262104766661E-01
6.75963963963965766E-03  5.17175388867250119E-01
6.76960960960962688E-03  5.17706515629733577E-01
6.77957957957959698E-03  5.18237642392217146E-01
6.78954954954956707E-03  5.18768769154700715E-01
6.79951951951953716E-03  5.19299895917184173E-01
6.80948948948950725E-03  5.19831022679667631E-01
6.81945945945947735E-03  5.20362149442151201E-01
6.82942942942944744E-03  5.20893276204634770E-01
6.83939939939941753E-03  5.21424402967118228E-01
6.84936936936938762E-03  5.21955529729601686E-01
6.85933933933935685E-03  5.22486656492085144E-01
6.86930930930932694E-03  5.23017783254568713E-01
6.87927927927929703E-03  5.23548910017052282E-01
6.88924924924926713E-03  5.24080036779535741E-01
6.89921921921923722E-03  5.24611163542019199E-01
6.90918918918920731E-03  5.25142290304502768E-01
6.91915915915917740E-03  5.25673417066986337E-01
6.92912912912914750E-03  5.26204543829469795E-01
6.93909909909911759E-03  5.26735670591953253E-01
6.94906906906908681E-03  5.27266797354436823E-01
6.95903903903905691E-03  5.27797924116920392E-01
6.96900900900902700E-03  5.28329050879403850E-01
6.97897897897899709E-03  5.28860177641887308E-01
6.98894894894896718E-03  5.29391304404370877E-01
6.99891891891893728E-03  5.29922431166854446E-01
7.00888888888890737E-03  5.30453557929337904E-01
7.01885885885887746E-03  5.30984684691821363E-01
7.02882882882884755E-03  5.31515811454304932E-01
7.03879879879881678E-03  5.32046938216788390E-01
7.04876876876878687E-03  5.32578064979271959E-01
7.05873873873875696E-03  5.33109191741755417E-01
7.06870870870872706E-03  5.33640318504238875E-01
7.07867867867869715E-03  5.34171445266722444E-01
7.08864864864866724E-03  5.34702572029206014E-01
7.09861861861863733E-03  5.35233698791689472E-01
7.10858858858860743E-03  5.35764825554172930E-01
7.11855855855857752E-03  5.36295952316656610E-01
7.12852852852854674E-03  5.36827079079140068E-01
7.13849849849851684E-03  5.37358205841623526E-01
7.14846846846848693E-03  5.37889332604106984E-01
7.15843843843845702E-03  5.38420459366590554E-01
7.16840840840842711E-03  5.38951586129074123E-01
7.17837837837839721E-03  5.39482712891557581E-01
7.18834834834836730E-03  5.40013839654041039E-01
7.19831831831833739E-03  5.40544966416524608E-01
7.20828828828830748E-03  5.41076093179008177E-01
7.21825825825827671E-03  5.41607219941491635E-01
7.22822822822824680E-03  5.42138346703975094E-01
7.23819819819821689E-03  5.42669473466458552E-01
7.24816816816818699E-03  5.43200600228942121E-01
7.25813813813815708E-03  5.43731726991425690E-01
7.26810810810812717E-03  5.44262853753909148E-01
7.27807807807809726E-03  5.44793980516392606E-01
7.28804804804806736E-03  5.45325107278876287E-01
7.29801801801803745E-03  5.45856234041359745E-01
7.30798798798800667E-03  5.46387360803843203E-01
7.31795795795797677E-03  5.46918487566326661E-01
7.32792792792794686E-03  5.47449614328810230E-01
7.33789789789791695E-03  5.47980741091293799E-01
7.34786786786788704E-03  5.48511867853777257E-01
7.35783783783785714E-03  5.49042994616260716E-01
7.36780780780782723E-03  5.49574121378744285E-01
7.37777777777779732E-03  5.50105248141227854E-01
7.38774774774776741E-03  5.50636374903711312E-01
7.39771771771773664E-03  5.51167501666194770E-01
7.40768768768770673E-03  5.51698628428678228E-01
7.41765765765767682E-03  5.52229755191161797E-01
7.42762762762764692E-03  5.52760881953645367E-01
7.43759759759761701E-03  5.53292008716128825E-01
7.44756756756758710E-03  5.53823135478612283E-01
7.45753753753755719E-03  5.54354262241095963E-01
7.46750750750752729E-03  5.54885389003579421E-01
7.47747747747749738E-03  5.55416515766062879E-01
7.48744744744746660E-03  5.55947642528546337E-01
7.49741741741743670E-03  5.56478769291029907E-01
7.50738738738740679E-03  5.57009896053513476E-01
7.51735735735737688E-03  5.57541022815996934E-01
7.52732732732734697E-03  5.58072149578480392E-01
7.53729729729731707E-03  5.58603276340963961E-01
7.54726726726728716E-03  5.59134403103447530E-01
7.55723723723725725E-03  5.59665529865930989E-01
7.56720720720722734E-03  5.60196656628414447E-01
7.57717717717719657E-03  5.60727783390897905E-01
7.58714714714716666E-03  5.61258910153381474E-01
7.59711711711713675E-03  5.61790036915865043E-01
7.60708708708710685E-03  5.62321163678348501E-01
7.61705705705707694E-03  5.62852290440831959E-01
7.62702702702704703E-03  5.63383417203315640E-01
7.63699699699701712E-03  5.63914543965799098E-01
7.64696696696698722E-03  5.64445670728282556E-01
7.65693693693695644E-03  5.64976797490766014E-01
7.66690690690692653E-03  5.65507924253249583E-01
7.67687687687689663E-03  5.66039051015733152E-01
7.68684684684686672E-03  5.66570177778216610E-01
7.69681681681683681E-03  5.67101304540700069E-01
7.70678678678680690E-03  5.67632431303183638E-01
7.71675675675677700E-03  5.68163558065667207E-01
7.72672672672674709E-03  5.68694684828150665E-01
7.73669669669671718E-03  5.69225811590634123E-01
7.74666666666668641E-03  5.69756938353117581E-01
7.75663663663665650E-03  5.70288065115601150E-01
7.76660660660662659E-03  5.70819191878084720E-01
7.77657657657659668E-03  5.71350318640568178E-01
7.78654654654656678E-03  5.71881445403051636E-01
7.79651651651653687E-03  5.72412572165535316E-01
7.80648648648650696E-03  5.72943698928018774E-01
7.81645645645647619E-03  5.73474825690502232E-01
7.82642642642644715E-03  5.74005952452985801E-01
7.83639639639641637E-03  5.74537079215469260E-01
7.84636636636638733E-03  5.75068205977952829E-01
7.85633633633635656E-03  5.75599332740436287E-01
7.86630630630632752E-03  5.76130459502919856E-01
7.87627627627629674E-03  5.76661586265403314E-01
7.88624624624626597E-03  5.77192713027886772E-01
7.89621621621623693E-03  5.77723839790370342E-01
7.90618618618620615E-03  5.78254966552853800E-01
7.91615615615617711E-03  5.78786093315337369E-01
7.92612612612614634E-03  5.79317220077820827E-01
7.93609609609611730E-03  5.79848346840304396E-01
7.94606606606608652E-03  5.80379473602787854E-01
7.95603603603605748E-03  5.80910600365271423E-01
7.96600600600602671E-03  5.81441727127754993E-01
7.97597597597599593E-03  5.81972853890238451E-01
7.98594594594596689E-03  5.82503980652721909E-01
7.99591591591593612E-03  5.83035107415205367E-01
8.00588588588590708E-03  5.83566234177689047E-01
8.01585585585587630E-03  5.84097360940172505E-01
8.02582582582584726E-03  5.84628487702655963E-01
8.03579579579581649E-03  5.85159614465139422E-01
8.04576576576578745E-03  5.85690741227623102E-01
8.05573573573575667E-03  5.86221867990106560E-01
8.06570570570572590E-03  5.86752994752590018E-01
8.07567567567569686E-03  5.87284121515073476E-01
8.08564564564566608E-03  5.87815248277556934E-01
8.09561561561563704E-03  5.88346375040040614E-01
8.10558558558560627E-03  5.88877501802524073E-01
8.11555555555557723E-03  5.89408628565007531E-01
8.12552552552554645E-03  5.89939755327491100E-01
8.13549549549551741E-03  5.90470882089974669E-01
8.14546546546548664E-03  5.91002008852458127E-01
8.15543543543545586E-03  5.91533135614941585E-01
8.16540540540542682E-03  5.92064262377425155E-01
8.17537537537539605E-03  5.92595389139908613E-01
8.18534534534536701E-03  5.93126515902392182E-01
8.19531531531533623E-03  5.93657642664875640E-01
8.20528528528530719E-03  5.94188769427359209E-01
8.21525525525527642E-03  5.94719896189842667E-01
8.22522522522524738E-03  5.95251022952326236E-01
8.23519519519521660E-03  5.95782149714809695E-01
8.24516516516518583E-03  5.96313276477293153E-01
8.25513513513515679E-03  5.96844403239776722E-01
8.26510510510512601E-03  5.97375530002260180E-01
8.27507507507509697E-03  5.97906656764743749E-01
8.28504504504506620E-03  5.98437783527227207E-01
8.29501501501503716E-03  5.98968910289710776E-01
8.30498498498500638E-03  5.99500037052194346E-01
8.31495495495497734E-03  6.00031163814677804E-01
8.32492492492494657E-03  6.00562290577161262E-01
8.33489489489491579E-03  6.01093417339644720E-01
8.34486486486488675E-03  6.01624544102128400E-01
8.35483483483485598E-03  6.02155670864611858E-01
8.36480480480482694E-03  6.02686797627095316E-01
8.37477477477479616E-03  6.03217924389578775E-01
8.38474474474476712E-03  6.03749051152062455E-01
8.39471471471473635E-03  6.04280177914545913E-01
8.40468468468470731E-03  6.04811304677029371E-01
8.41465465465467653E-03  6.05342431439512829E-01
8.42462462462464576E-03  6.05873558201996287E-01
8.43459459459461672E-03  6.06404684964479967E-01
8.44456456456458594E-03  6.06935811726963426E-01
8.45453453453455690E-03  6.07466938489446884E-01
8.46450450450452613E-03  6.07998065251930453E-01
8.47447447447449709E-03  6.08529192014414022E-01
8.48444444444446631E-03  6.09060318776897480E-01
8.49441441441443727E-03  6.09591445539380938E-01
8.50438438438440650E-03  6.10122572301864508E-01
8.51435435435437572E-03  6.10653699064347966E-01
8.52432432432434668E-03  6.11184825826831535E-01
8.53429429429431591E-03  6.11715952589314993E-01
8.54426426426428687E-03  6.12247079351798562E-01
8.55423423423425609E-03  6.12778206114282020E-01
8.56420420420422705E-03  6.13309332876765589E-01
8.57417417417419628E-03  6.13840459639249048E-01
8.58414414414416724E-03  6.14371586401732617E-01
8.59411411411413646E-03  6.14902713164216075E-01
8.60408408408410569E-03  6.15433839926699533E-01
8.61405405405407665E-03  6.15964966689183102E-01
8.62402402402404587E-03  6.16496093451666560E-01
8.63399399399401683E-03  6.17027220214150129E-01
8.64396396396398606E-03  6.17558346976633699E-01
8.65393393393395702E-03  6.18089473739117157E-01
8.66390390390392624E-03  6.18620600501600615E-01
8.67387387387389720E-03  6.19151727264084295E-01
8.68384384384386643E-03  6.19682854026567753E-01
8.69381381381383565E-03  6.20213980789051211E-01
8.70378378378380661E-03  6.20745107551534669E-01
8.71375375375377584E-03  6.21276234314018128E-01
8.72372372372374680E-03  6.21807361076501808E-01
8.73369369369371602E-03  6.22338487838985266E-01
8.74366366366368698E-03  6.22869614601468724E-01
8.75363363363365621E-03  6.23400741363952182E-01
8.76360360360362717E-03  6.23931868126435862E-01
8.77357357357359639E-03  6.24462994888919321E-01
8.78354354354356562E-03  6.24994121651402779E-01
8.79351351351353658E-03  6.25525248413886237E-01
8.80348348348350580E-03  6.26056375176369806E-01
8.81345345345347676E-03  6.26587501938853375E-01
8.82342342342344599E-03  6.27118628701336833E-01
8.83339339339341695E-03  6.27649755463820402E-01
8.84336336336338617E-03  6.28180882226303861E-01
8.85333333333335713E-03  6.28712008988787430E-01
8.86330330330332636E-03  6.29243135751270888E-01
8.87327327327329558E-03  6.29774262513754346E-01
8.88324324324326654E-03  6.30305389276237915E-01
8.89321321321323577E-03  6.30836516038721373E-01
8.90318318318320673E-03  6.31367642801204942E-01
8.91315315315317595E-03  6.31898769563688401E-01
8.92312312312314691E-03  6.32429896326171970E-01
8.93309309309311614E-03  6.32961023088655428E-01
8.94306306306308710E-03  6.33492149851138997E-01
8.95303303303305632E-03  6.34023276613622455E-01
8.96300300300302555E-03  6.34554403376105913E-01
8.97297297297299651E-03  6.35085530138589482E-01
8.98294294294296573E-03  6.35616656901073052E-01
8.99291291291293669E-03  6.36147783663556510E-01
9.00288288288290592E-03  6.36678910426039968E-01
9.01285285285287688E-03  6.37210037188523648E-01
9.02282282282284610E-03  6.37741163951007106E-01
9.03279279279281706E-03  6.38272290713490564E-01
9.04276276276278629E-03  6.38803417475974022E-01
9.05273273273275551E-03  6.39334544238457481E-01
9.06270270270272647E-03  6.39865671000941161E-01
9.07267267267269570E-03  6.40396797763424619E-01
9.08264264264266666E-03  6.40927924525908077E-01
9.09261261261263588E-03  6.41459051288391535E-01
9.10258258258260684E-03  6.41990178050875215E-01
9.11255255255257607E-03  6.42521304813358674E-01
9.12252252252254703E-03  6.43052431575842132E-01
9.13249249249251625E-03  6.43583558338325590E-01
9.14246246246248548E-03  6.44114685100809159E-01
9.15243243243245644E-03  6.44645811863292728E-01
9.16240240240242566E-03  6.45176938625776186E-01
9.17237237237239662E-03  6.45708065388259755E-01
9.18234234234236585E-03  6.46239192150743214E-01
9.19231231231233681E-03  6.46770318913226783E-01
9.20228228228230603E-03  6.47301445675710241E-01
9.21225225225227699E-03  6.47832572438193810E-01
9.22222222222224622E-03  6.48363699200677268E-01
9.23219219219221544E-03  6.48894825963160726E-01
9.24216216216218640E-03  6.49425952725644295E-01
9.25213213213215563E-03  6.49957079488127754E-01
9.26210210210212659E-03  6.50488206250611323E-01
9.27207207207209581E-03  6.51019333013094781E-01
9.28204204204206677E-03  6.51550459775578350E-01
9.29201201201203600E-03  6.52081586538061808E-01
9.30198198198200696E-03  6.52612713300545377E-01
9.31195195195197618E-03  6.53143840063028835E-01
9.32192192192194541E-03  6.53674966825512405E-01
9.33189189189191637E-03  6.54206093587995863E-01
9.34186186186188559E-03  6.54737220350479321E-01
9.35183183183185655E-03  6.55268347112963001E-01
9.36180180180182578E-03  6.55799473875446459E-01
9.37177177177179674E-03  6.56330600637929917E-01
9.38174174174176596E-03  6.56861727400413375E-01
9.39171171171173692E-03  6.57392854162896945E-01
9.40168168168170615E-03  6.57923980925380403E-01
9.41165165165167537E-03  6.58455107687863972E-01
9.42162162162164633E-03  6.58986234450347541E-01
9.43159159159161556E-03  6.59517361212830999E-01
9.44156156156158652E-03  6.60048487975314568E-01
9.45153153153155574E-03  6.60579614737798027E-01
9.46150150150152670E-03  6.61110741500281596E-01
9.47147147147149593E-03  6.61641868262765054E-01
9.48144144144146689E-03  6.62172995025248623E-01
9.49141141141143611E-03  6.62704121787732081E-01
9.50138138138140534E-03  6.63235248550215539E-01
9.51135135135137630E-03  6.63766375312699108E-01
9.52132132132134552E-03  6.64297502075182567E-01
9.53129129129131648E-03  6.64828628837666136E-01
9.54126126126128571E-03  6.65359755600149594E-01
9.55123123123125667E-03  6.65890882362633163E-01
9.56120120120122589E-03  6.66422009125116621E-01
9.57117117117119685E-03  6.66953135887600190E-01
9.58114114114116608E-03  6.67484262650083648E-01
9.59111111111113530E-03  6.68015389412567107E-01
9.60108108108110626E-03  6.68546516175050676E-01
9.61105105105107549E-03  6.69077642937534134E-01
9.62102102102104645E-03  6.69608769700017703E-01
9.63099099099101567E-03  6.70139896462501161E-01
9.64096096096098663E-03  6.70671023224984730E-01
9.65093093093095586E-03  6.71202149987468188E-01
9.66090090090092682E-03  6.71733276749951758E-01
9.67087087087089604E-03  6.72264403512435216E-01
9.68084084084086527E-03  6.72795530274918674E-01
9.69081081081083623E-03  6.73326657037402243E-01
9.70078078078080545E-03  6.73857783799885701E-01
9.71075075075077641E-03  6.74388910562369270E-01
9.72072072072074564E-03  6.74920037324852728E-01
9.73069069069071660E-03  6.75451164087336298E-01
9.74066066066068582E-03  6.75982290849819756E-01
9.75063063063065678E-03  6.76513417612303325E-01
9.76060060060062601E-03  6.77044544374786894E-01
9.77057057057059523E-03  6.77575671137270352E-01
9.78054054054056619E-03  6.78106797899753921E-01
9.79051051051053542E-03  6.78637924662237380E-01
9.80048048048050638E-03  6.79169051424720949E-01
9.81045045045047560E-03  6.79700178187204407E-01
9.82042042042044656E-03  6.80231304949687976E-01
9.83039039039041579E-03  6.80762431712171434E-01
9.84036036036038675E-03  6.81293558474655003E-01
9.85033033033035597E-03  6.81824685237138461E-01
9.86030030030032520E-03  6.82355811999621920E-01
9.87027027027029616E-03  6.82886938762105489E-01
9.88024024024026538E-03  6.83418065524588947E-01
9.89021021021023634E-03  6.83949192287072516E-01
9.90018018018020557E-03  6.84480319049555974E-01
9.91015015015017653E-03  6.85011445812039543E-01
9.92012012012014575E-03  6.85542572574523001E-01
9.93009009009011671E-03  6.86073699337006571E-01
9.94006006006008594E-03  6.86604826099490029E-01
9.95003003003005516E-03  6.87135952861973487E-01
9.96000000000002612E-03  6.87667079624457056E-01
