1.60000000000000040E-04 8.97167658175061222E-02    6.52274141272360126E-04 9.84725000183879484E-02    9.96000000000001919E-03 8.13289957442649647E-01
1.60000000000000040E-04 8.97167658175061222E-02    6.52274141272360126E-04 9.84725000183879484E-02    9.96000000000001919E-03 8.13289957442649647E-01
1.60000000000000040E-04 8.96476172664665977E-02    7.14256321791213560E-03 5.81191250236536283E-01    9.96000000000001919E-03 6.58126198513537042E-01
1.60000000000000040E-04 8.97167658175061222E-02    5.64895274889441051E-03 4.60034262338247457E-01    9.96000000000002612E-03 6.78375425632066209E-01
1.60000000000000040E-04 8.96478480510127379E-02    6.75632098730932188E-04 9.81775201888589882E-02    9.96000000000002612E-03 7.93956449233732542E-01
1.60000000000000040E-04 8.97167658175061222E-02    6.34919656817764175E-03 5.36647096035147708E-01    9.96000000000004868E-03 6.84957440053599154E-01
1.60000000000000040E-04 8.97167658175061222E-02    1.16216598956212197E-04 6.52667938400757069E-02    9.96000000000004868E-03 7.87708133493574492E-01
1.59999999999999932E-04 8.97167658175060528E-02    1.34764409389020648E-04 7.43939754470300946E-02    9.96000000000002612E-03 7.71511057218474017E-01
1.60000000000000040E-04 8.97167658175061222E-02    5.11963681584869622E-03 4.37158250096385204E-01    9.96000000000002959E-03 6.90713017587809563E-01
1.59999999999999932E-04 8.97167658175060528E-02    4.07354747414483478E-03 3.57572468469531835E-01    9.96000000000000531E-03 7.09946517172955094E-01
1.60000000000000040E-04 8.97167658175061222E-02    5.87586163421364212E-03 4.88483970493810538E-01    9.96000000000004868E-03 6.96610052050082529E-01
1.60000000000000040E-04 8.97167658175061222E-02    5.79145942284295216E-03 4.78006925984382436E-01    9.96000000000007470E-03 6.66662246994385921E-01
1.60000000000000067E-04 8.97167658175061361E-02    1.34655824211456752E-04 7.56950050365312738E-02    9.96000000000005214E-03 7.89087365790967055E-01
1.60000000000000040E-04 8.97167658175061222E-02    5.33862964807463921E-03 4.41474414987694852E-01    9.96000000000002612E-03 6.87667079624457056E-01
1.60000000000000040E-04 8.97167658175061222E-02    6.21566553574578844E-03 5.16964169411129881E-01    9.96000000000002265E-03 6.60427304658114167E-01
